FileFormat:0002.2 file with temperature of atmosphere
SN105HE102
local	GMT or Local
0	GMT-Local=[hours]
0	Height[m]
0	0	0	Longitude                [grd]               [min]               [sec]
0	0	0	Latitude                [grd]               [min]               [sec]
N	NS
56,45	Freq[GHz]
0,00	dTemostat[K]
0,150	MessErr[K]
0,248	//[grad/step]
version 14.4.20120406
MTP5HE102F5645K-38.60I70D219217+A1.1
Commentary:
SN105HE102
парабола ДНА = 2,5 град
НЕ102 - ПУ - ХВБ с ЦСД " S "
АЦП - 202 - 09 с контр.U пит.и М
оптопара серии - 2
Т out № 178 пл
БП LPS - 112
End Of Commentary

SYSTEM\alaska.dat
data time	0	50	100	150	200	250	300	350	400	450	500	550	600	650	700	750	800	850	900	950	1000	OutsideTemperature
18/04/2019 00:00:00	1,89	1,76	1,48	1,16	0,92	0,73	0,55	0,36	0,11	-0,13	-0,39	-0,59	-0,80	-0,93	-1,06	-1,18	-1,30	-1,46	-1,63	-1,81	-1,98	2,42
18/04/2019 00:05:00	1,44	1,22	1,01	0,87	0,82	0,86	0,84	0,75	0,57	0,32	0,00	-0,29	-0,58	-0,79	-1,00	-1,18	-1,35	-1,56	-1,77	-1,98	-2,18	2,10
18/04/2019 00:10:00	0,94	0,81	0,70	0,58	0,45	0,28	0,19	0,05	-0,18	-0,42	-0,66	-0,84	-1,02	-1,12	-1,21	-1,30	-1,39	-1,53	-1,66	-1,82	-1,98	1,54
18/04/2019 00:15:00	0,78	0,51	0,36	0,27	0,19	0,10	0,06	0,00	-0,10	-0,33	-0,60	-0,78	-0,97	-1,06	-1,15	-1,23	-1,30	-1,43	-1,55	-1,71	-1,86	1,12
18/04/2019 00:20:00	0,46	0,40	0,33	0,21	0,07	-0,04	-0,17	-0,27	-0,32	-0,41	-0,49	-0,48	-0,47	-0,42	-0,36	-0,37	-0,37	-0,43	-0,49	-0,62	-0,74	0,61
18/04/2019 00:25:00	0,36	0,27	0,23	0,21	0,21	0,23	0,23	0,22	0,17	0,15	0,14	0,16	0,19	0,23	0,27	0,23	0,20	0,11	0,02	-0,12	-0,26	0,09
18/04/2019 00:30:00	0,31	0,39	0,36	0,32	0,28	0,26	0,24	0,23	0,21	0,23	0,28	0,37	0,46	0,55	0,64	0,63	0,62	0,55	0,48	0,35	0,22	-0,08
18/04/2019 00:35:00	0,13	0,22	0,13	0,03	-0,06	-0,16	-0,17	-0,12	-0,06	0,00	0,09	0,25	0,41	0,57	0,72	0,77	0,81	0,78	0,76	0,64	0,53	-0,09
18/04/2019 00:40:00	0,18	0,29	0,30	0,29	0,28	0,28	0,21	0,19	0,26	0,19	0,11	0,12	0,12	0,16	0,21	0,20	0,19	0,12	0,05	-0,08	-0,21	0,19
18/04/2019 00:45:00	0,31	0,35	0,54	0,66	0,62	0,48	0,35	0,20	0,05	-0,04	-0,10	-0,06	-0,02	0,06	0,15	0,16	0,17	0,13	0,09	-0,02	-0,13	0,47
18/04/2019 00:50:00	0,40	0,51	0,45	0,34	0,26	0,34	0,43	0,52	0,55	0,44	0,29	0,22	0,14	0,11	0,07	0,02	-0,04	-0,16	-0,28	-0,44	-0,60	0,70
18/04/2019 00:55:00	0,87	0,81	0,90	0,99	0,99	0,96	0,82	0,67	0,58	0,43	0,28	0,21	0,14	0,13	0,12	0,07	0,03	-0,06	-0,15	-0,29	-0,43	0,88
18/04/2019 01:00:00	0,98	1,06	1,12	1,15	1,14	1,09	1,02	0,93	0,81	0,60	0,39	0,24	0,09	0,01	-0,07	-0,15	-0,24	-0,37	-0,50	-0,66	-0,82	0,89
18/04/2019 01:05:00	1,20	1,25	1,20	1,16	1,12	1,12	1,05	0,93	0,75	0,52	0,27	0,06	-0,16	-0,30	-0,45	-0,58	-0,72	-0,90	-1,07	-1,26	-1,44	1,05
18/04/2019 01:10:00	1,14	1,14	1,22	1,30	1,33	1,39	1,25	1,02	0,76	0,43	0,06	-0,27	-0,60	-0,83	-1,07	-1,24	-1,42	-1,63	-1,84	-2,04	-2,24	1,04
18/04/2019 01:15:00	1,30	1,33	1,45	1,58	1,55	1,30	0,91	0,47	0,08	-0,31	-0,71	-1,02	-1,34	-1,52	-1,69	-1,82	-1,95	-2,10	-2,26	-2,42	-2,58	1,10
18/04/2019 01:20:00	1,23	1,03	1,10	1,25	1,32	1,29	1,08	0,75	0,38	-0,03	-0,49	-0,90	-1,32	-1,61	-1,89	-2,09	-2,30	-2,52	-2,74	-2,94	-3,13	1,16
18/04/2019 01:25:00	1,20	1,11	1,42	1,75	1,77	1,43	0,98	0,41	-0,14	-0,61	-1,05	-1,39	-1,73	-1,91	-2,09	-2,22	-2,35	-2,50	-2,64	-2,79	-2,94	1,16
18/04/2019 01:30:00	1,20	1,26	1,37	1,52	1,53	1,31	0,87	0,34	-0,18	-0,58	-0,98	-1,36	-1,73	-1,98	-2,22	-2,42	-2,61	-2,82	-3,03	-3,21	-3,40	1,30
18/04/2019 01:35:00	1,40	1,32	1,44	1,56	1,57	1,44	1,17	0,79	0,35	-0,15	-0,69	-1,16	-1,64	-1,96	-2,27	-2,48	-2,69	-2,92	-3,15	-3,35	-3,55	1,34
18/04/2019 01:40:00	1,45	1,51	1,41	1,35	1,34	1,19	0,99	0,72	0,37	-0,01	-0,45	-0,86	-1,27	-1,56	-1,86	-2,07	-2,29	-2,53	-2,77	-2,98	-3,19	1,43
18/04/2019 01:45:00	1,53	1,48	1,41	1,35	1,24	1,13	0,90	0,57	0,17	-0,23	-0,67	-1,06	-1,45	-1,73	-2,00	-2,20	-2,40	-2,63	-2,85	-3,06	-3,26	1,53
18/04/2019 01:50:00	1,64	1,50	1,32	1,16	1,00	0,87	0,71	0,49	0,16	-0,20	-0,59	-0,93	-1,27	-1,51	-1,74	-1,91	-2,08	-2,29	-2,50	-2,70	-2,89	1,69
18/04/2019 01:55:00	1,73	1,55	1,39	1,24	1,10	0,98	0,73	0,42	0,08	-0,27	-0,66	-1,00	-1,34	-1,57	-1,79	-1,96	-2,13	-2,34	-2,54	-2,73	-2,92	1,74
18/04/2019 02:00:00	1,78	1,57	1,41	1,28	1,18	1,01	0,85	0,63	0,34	-0,06	-0,53	-0,93	-1,33	-1,59	-1,86	-2,03	-2,21	-2,42	-2,63	-2,82	-3,02	1,75
18/04/2019 02:05:00	1,76	1,58	1,40	1,32	1,30	1,13	0,97	0,71	0,32	-0,07	-0,51	-0,93	-1,35	-1,66	-1,96	-2,19	-2,42	-2,67	-2,92	-3,13	-3,35	1,79
18/04/2019 02:10:00	1,85	1,57	1,47	1,46	1,45	1,40	1,21	0,90	0,50	0,10	-0,34	-0,76	-1,19	-1,50	-1,81	-2,03	-2,26	-2,51	-2,76	-2,97	-3,18	1,76
18/04/2019 02:15:00	1,81	1,56	1,38	1,28	1,24	1,22	1,13	0,93	0,64	0,22	-0,28	-0,74	-1,20	-1,53	-1,87	-2,09	-2,32	-2,57	-2,83	-3,05	-3,27	1,78
18/04/2019 02:20:00	1,80	1,54	1,36	1,27	1,26	1,31	1,18	0,92	0,56	0,17	-0,28	-0,75	-1,21	-1,56	-1,91	-2,17	-2,43	-2,71	-3,00	-3,23	-3,46	1,73
18/04/2019 02:25:00	1,68	1,56	1,31	1,07	0,94	0,87	0,76	0,61	0,42	0,05	-0,41	-0,80	-1,20	-1,48	-1,75	-1,94	-2,12	-2,35	-2,57	-2,78	-2,98	1,67
18/04/2019 02:30:00	1,74	1,51	1,38	1,44	1,54	1,53	1,34	1,02	0,62	0,17	-0,36	-0,90	-1,43	-1,84	-2,24	-2,52	-2,81	-3,11	-3,40	-3,64	-3,87	1,73
18/04/2019 02:35:00	1,77	1,63	1,48	1,44	1,45	1,36	1,12	0,80	0,44	0,02	-0,47	-0,94	-1,41	-1,75	-2,09	-2,33	-2,58	-2,84	-3,10	-3,32	-3,54	1,82
18/04/2019 02:40:00	1,82	1,64	1,57	1,55	1,45	1,32	0,98	0,55	0,14	-0,31	-0,80	-1,23	-1,67	-1,96	-2,25	-2,44	-2,64	-2,87	-3,09	-3,28	-3,48	1,83
18/04/2019 02:45:00	1,95	1,66	1,59	1,56	1,49	1,36	1,02	0,60	0,26	-0,21	-0,74	-1,19	-1,65	-1,94	-2,24	-2,43	-2,62	-2,83	-3,05	-3,24	-3,43	1,87
18/04/2019 02:50:00	1,85	1,67	1,65	1,64	1,55	1,39	1,10	0,70	0,24	-0,24	-0,76	-1,22	-1,69	-2,00	-2,31	-2,52	-2,73	-2,97	-3,20	-3,40	-3,60	1,90
18/04/2019 02:55:00	1,96	1,67	1,58	1,53	1,44	1,34	1,07	0,69	0,30	-0,17	-0,70	-1,17	-1,64	-1,95	-2,27	-2,48	-2,69	-2,92	-3,15	-3,36	-3,56	1,91
18/04/2019 03:00:00	1,80	1,63	1,51	1,45	1,42	1,35	1,18	0,88	0,48	0,05	-0,44	-0,91	-1,38	-1,73	-2,07	-2,32	-2,57	-2,84	-3,11	-3,33	-3,55	1,85
18/04/2019 03:05:00	1,78	1,51	1,44	1,41	1,32	1,09	0,76	0,32	-0,20	-0,61	-1,03	-1,42	-1,80	-2,06	-2,31	-2,51	-2,70	-2,91	-3,13	-3,32	-3,51	1,75
18/04/2019 03:10:00	1,61	1,42	1,23	1,11	1,01	0,84	0,66	0,40	0,03	-0,33	-0,72	-1,08	-1,44	-1,68	-1,93	-2,11	-2,29	-2,51	-2,72	-2,92	-3,11	1,63
18/04/2019 03:15:00	1,56	1,34	1,38	1,48	1,51	1,41	1,19	0,84	0,44	0,01	-0,45	-0,88	-1,30	-1,58	-1,87	-2,07	-2,28	-2,50	-2,72	-2,92	-3,12	1,57
18/04/2019 03:20:00	1,49	1,35	1,38	1,44	1,36	1,08	0,74	0,32	-0,10	-0,47	-0,82	-1,11	-1,39	-1,55	-1,71	-1,84	-1,97	-2,13	-2,28	-2,44	-2,61	1,45
18/04/2019 03:25:00	1,50	1,18	1,19	1,28	1,32	1,27	1,07	0,80	0,55	0,33	0,10	-0,10	-0,29	-0,41	-0,53	-0,65	-0,77	-0,93	-1,08	-1,24	-1,41	1,38
18/04/2019 03:30:00	1,32	1,18	1,05	0,95	0,87	0,73	0,61	0,49	0,37	0,14	-0,11	-0,29	-0,47	-0,56	-0,65	-0,73	-0,81	-0,94	-1,07	-1,23	-1,39	1,27
18/04/2019 03:35:00	1,17	1,11	1,09	1,10	1,02	0,81	0,54	0,27	0,06	-0,13	-0,32	-0,42	-0,53	-0,56	-0,59	-0,65	-0,70	-0,80	-0,90	-1,04	-1,17	1,20
18/04/2019 03:40:00	1,06	1,02	0,94	0,80	0,66	0,56	0,46	0,35	0,22	0,08	-0,06	-0,12	-0,19	-0,20	-0,22	-0,27	-0,31	-0,42	-0,52	-0,67	-0,82	1,09
18/04/2019 03:45:00	0,95	0,86	0,71	0,57	0,44	0,25	0,09	-0,06	-0,23	-0,35	-0,44	-0,47	-0,51	-0,50	-0,50	-0,54	-0,59	-0,68	-0,78	-0,92	-1,06	1,01
18/04/2019 03:50:00	0,80	0,61	0,53	0,44	0,32	0,20	0,05	-0,08	-0,15	-0,33	-0,51	-0,60	-0,68	-0,69	-0,70	-0,73	-0,76	-0,84	-0,92	-1,05	-1,18	0,84
18/04/2019 03:55:00	0,49	0,41	0,35	0,33	0,34	0,32	0,37	0,41	0,37	0,34	0,30	0,32	0,33	0,36	0,39	0,36	0,32	0,23	0,14	0,00	-0,15	0,61
18/04/2019 04:00:00	0,37	0,59	0,52	0,29	0,09	0,02	0,08	0,17	0,19	0,22	0,28	0,41	0,54	0,67	0,80	0,83	0,85	0,80	0,76	0,63	0,50	0,43
18/04/2019 04:05:00	0,32	0,20	0,23	0,20	0,12	0,12	0,05	0,00	0,01	0,00	0,02	0,12	0,21	0,34	0,46	0,49	0,52	0,49	0,45	0,34	0,23	0,28
18/04/2019 04:10:00	0,21	0,37	0,30	0,12	-0,03	-0,08	-0,07	0,00	0,09	0,08	0,08	0,17	0,25	0,36	0,47	0,50	0,53	0,49	0,44	0,32	0,20	0,08
18/04/2019 04:15:00	0,02	0,09	0,03	-0,04	-0,04	-0,03	0,00	0,03	0,03	0,05	0,07	0,13	0,19	0,25	0,30	0,27	0,25	0,16	0,07	-0,07	-0,21	0,08
18/04/2019 04:20:00	0,04	0,18	0,10	-0,04	-0,16	-0,19	-0,18	-0,13	-0,08	-0,05	0,01	0,13	0,25	0,38	0,50	0,52	0,55	0,50	0,46	0,33	0,21	0,00
18/04/2019 04:25:00	0,14	0,20	0,10	-0,06	-0,17	-0,20	-0,16	-0,07	0,01	0,06	0,12	0,25	0,38	0,51	0,65	0,68	0,71	0,67	0,63	0,51	0,39	0,13
18/04/2019 04:30:00	0,09	0,10	0,08	-0,02	-0,12	-0,14	-0,12	-0,09	-0,10	-0,07	0,00	0,12	0,24	0,35	0,47	0,49	0,50	0,45	0,40	0,28	0,15	0,14
18/04/2019 04:35:00	0,17	0,09	0,01	-0,04	-0,04	-0,02	-0,01	0,03	0,06	0,11	0,17	0,28	0,39	0,48	0,58	0,58	0,58	0,52	0,46	0,33	0,20	0,19
18/04/2019 04:40:00	0,18	0,26	0,20	0,12	0,05	-0,05	0,00	0,08	0,12	0,12	0,14	0,24	0,33	0,44	0,54	0,56	0,58	0,53	0,49	0,36	0,24	0,20
18/04/2019 04:45:00	0,22	0,24	0,23	0,17	0,11	0,10	0,02	-0,04	-0,06	-0,03	0,02	0,13	0,24	0,35	0,46	0,47	0,47	0,42	0,36	0,24	0,12	0,21
18/04/2019 04:50:00	0,29	0,31	0,29	0,25	0,22	0,13	0,16	0,19	0,16	0,17	0,21	0,31	0,41	0,51	0,62	0,63	0,63	0,58	0,53	0,40	0,28	0,28
18/04/2019 04:55:00	0,35	0,27	0,24	0,21	0,17	0,14	0,16	0,18	0,15	0,18	0,24	0,35	0,46	0,58	0,69	0,70	0,71	0,66	0,60	0,48	0,36	0,16
18/04/2019 05:00:00	0,30	0,31	0,24	0,14	0,07	0,01	0,11	0,22	0,24	0,27	0,33	0,44	0,55	0,65	0,76	0,77	0,79	0,73	0,67	0,54	0,42	-0,01
18/04/2019 05:05:00	0,29	0,28	0,25	0,20	0,12	0,04	0,05	0,08	0,08	0,09	0,11	0,22	0,32	0,44	0,55	0,58	0,60	0,56	0,52	0,40	0,28	0,16
18/04/2019 05:10:00	0,20	0,16	0,17	0,13	0,03	-0,07	-0,14	-0,19	-0,22	-0,22	-0,17	-0,04	0,09	0,24	0,38	0,42	0,46	0,44	0,41	0,30	0,20	0,19
18/04/2019 05:15:00	0,17	0,13	0,05	-0,06	-0,14	-0,10	-0,15	-0,16	-0,13	-0,10	-0,05	0,05	0,15	0,25	0,35	0,35	0,36	0,30	0,24	0,11	-0,02	0,08
18/04/2019 05:20:00	-0,02	0,07	-0,02	-0,12	-0,16	-0,18	-0,12	-0,04	-0,04	-0,04	-0,03	0,02	0,06	0,12	0,17	0,15	0,12	0,04	-0,05	-0,19	-0,33	0,05
18/04/2019 05:25:00	0,12	-0,01	0,06	0,07	0,00	-0,10	-0,21	-0,30	-0,35	-0,37	-0,35	-0,25	-0,14	0,00	0,14	0,18	0,22	0,21	0,19	0,09	-0,01	0,10
18/04/2019 05:30:00	0,16	0,07	0,01	0,02	0,06	0,01	0,07	0,11	0,06	0,07	0,09	0,15	0,20	0,25	0,31	0,28	0,25	0,17	0,08	-0,05	-0,19	0,03
18/04/2019 05:35:00	0,09	0,08	0,08	0,04	-0,06	-0,16	-0,20	-0,22	-0,27	-0,27	-0,24	-0,12	-0,01	0,12	0,25	0,28	0,32	0,28	0,25	0,14	0,03	0,09
18/04/2019 05:40:00	0,16	0,11	0,08	0,02	-0,01	-0,01	0,01	0,04	0,04	0,00	-0,03	0,00	0,02	0,07	0,13	0,11	0,09	0,02	-0,05	-0,19	-0,32	0,13
18/04/2019 05:45:00	0,07	0,14	0,17	0,14	0,07	0,03	-0,06	-0,08	-0,03	-0,10	-0,16	-0,11	-0,07	0,01	0,10	0,12	0,14	0,09	0,05	-0,07	-0,18	-0,05
18/04/2019 05:50:00	-0,06	0,03	-0,09	-0,23	-0,29	-0,35	-0,27	-0,15	-0,07	-0,08	-0,09	-0,03	0,03	0,11	0,18	0,19	0,19	0,13	0,06	-0,07	-0,20	-0,02
18/04/2019 05:55:00	0,16	0,12	0,05	0,04	0,02	-0,07	-0,06	-0,04	-0,04	-0,08	-0,10	-0,05	0,00	0,07	0,14	0,14	0,14	0,08	0,02	-0,10	-0,23	0,09
18/04/2019 06:00:00	0,08	0,09	-0,08	-0,18	-0,15	-0,08	0,01	0,12	0,18	0,18	0,16	0,16	0,16	0,16	0,16	0,10	0,04	-0,07	-0,19	-0,35	-0,50	0,08
18/04/2019 06:05:00	0,06	0,07	0,14	0,15	0,04	-0,10	-0,24	-0,36	-0,44	-0,49	-0,50	-0,42	-0,33	-0,20	-0,07	-0,03	0,01	-0,01	-0,03	-0,14	-0,24	0,20
18/04/2019 06:10:00	0,16	0,05	0,04	0,03	0,00	-0,06	-0,09	-0,12	-0,17	-0,20	-0,21	-0,16	-0,10	-0,03	0,05	0,05	0,05	-0,01	-0,07	-0,19	-0,32	0,09
18/04/2019 06:15:00	0,09	-0,06	-0,13	-0,17	-0,21	-0,20	-0,17	-0,14	-0,17	-0,19	-0,20	-0,16	-0,11	-0,05	0,01	-0,01	-0,02	-0,09	-0,16	-0,30	-0,43	-0,02
18/04/2019 06:20:00	-0,09	-0,02	-0,10	-0,20	-0,28	-0,31	-0,37	-0,39	-0,38	-0,38	-0,36	-0,28	-0,20	-0,11	-0,02	-0,02	-0,02	-0,08	-0,14	-0,26	-0,39	-0,10
18/04/2019 06:25:00	-0,12	-0,07	-0,11	-0,26	-0,41	-0,48	-0,52	-0,50	-0,45	-0,50	-0,53	-0,47	-0,40	-0,30	-0,19	-0,16	-0,13	-0,16	-0,19	-0,31	-0,42	-0,14
18/04/2019 06:30:00	-0,24	-0,26	-0,24	-0,26	-0,37	-0,55	-0,72	-0,85	-0,91	-0,98	-1,00	-0,92	-0,83	-0,71	-0,58	-0,53	-0,49	-0,50	-0,52	-0,61	-0,71	-0,21
18/04/2019 06:35:00	-0,33	-0,32	-0,37	-0,45	-0,57	-0,75	-0,87	-0,96	-1,03	-1,02	-0,98	-0,86	-0,74	-0,60	-0,46	-0,42	-0,38	-0,41	-0,43	-0,54	-0,64	-0,24
18/04/2019 06:40:00	-0,27	-0,24	-0,37	-0,57	-0,72	-0,78	-0,75	-0,70	-0,69	-0,66	-0,60	-0,49	-0,37	-0,26	-0,14	-0,12	-0,10	-0,15	-0,20	-0,32	-0,44	-0,20
18/04/2019 06:45:00	-0,35	-0,38	-0,43	-0,49	-0,60	-0,79	-0,92	-1,01	-1,05	-1,10	-1,11	-1,03	-0,95	-0,83	-0,72	-0,68	-0,65	-0,67	-0,70	-0,80	-0,91	-0,37
18/04/2019 06:50:00	-0,45	-0,69	-0,81	-0,84	-0,83	-0,93	-0,95	-1,00	-1,07	-1,11	-1,15	-1,14	-1,13	-1,09	-1,05	-1,07	-1,10	-1,17	-1,24	-1,37	-1,50	-0,56
18/04/2019 06:55:00	-0,68	-0,98	-1,05	-1,03	-1,04	-1,13	-1,25	-1,40	-1,55	-1,61	-1,65	-1,64	-1,64	-1,60	-1,55	-1,58	-1,60	-1,67	-1,73	-1,85	-1,97	-1,54
18/04/2019 07:00:00	-0,87	-1,08	-1,13	-1,20	-1,31	-1,41	-1,52	-1,66	-1,83	-1,91	-1,98	-1,98	-1,98	-1,93	-1,88	-1,89	-1,90	-1,96	-2,02	-2,14	-2,26	-1,86
18/04/2019 07:05:00	-1,03	-1,13	-1,28	-1,45	-1,61	-1,72	-1,85	-1,96	-2,05	-2,12	-2,18	-2,17	-2,15	-2,09	-2,03	-2,03	-2,02	-2,08	-2,13	-2,25	-2,36	-2,00
18/04/2019 07:10:00	-1,27	-1,31	-1,47	-1,69	-1,88	-1,96	-2,06	-2,09	-2,07	-2,23	-2,40	-2,45	-2,50	-2,47	-2,45	-2,44	-2,43	-2,48	-2,53	-2,65	-2,77	-2,31
18/04/2019 07:15:00	-1,43	-1,59	-1,74	-1,99	-2,28	-2,48	-2,62	-2,72	-2,79	-2,95	-3,09	-3,10	-3,11	-3,03	-2,95	-2,91	-2,86	-2,88	-2,90	-3,00	-3,10	-2,80
18/04/2019 07:20:00	-1,92	-2,15	-2,27	-2,40	-2,54	-2,64	-2,87	-3,08	-3,25	-3,48	-3,72	-3,87	-4,01	-4,06	-4,10	-4,14	-4,18	-4,26	-4,34	-4,46	-4,58	-2,86
18/04/2019 07:25:00	-2,46	-2,56	-2,83	-3,14	-3,40	-3,58	-3,70	-3,84	-4,03	-4,24	-4,46	-4,60	-4,74	-4,78	-4,83	-4,86	-4,90	-4,99	-5,08	-5,20	-5,33	-2,96
18/04/2019 07:30:00	-2,74	-2,97	-3,27	-3,58	-3,80	-3,86	-4,02	-4,22	-4,46	-4,67	-4,92	-5,12	-5,32	-5,42	-5,53	-5,61	-5,69	-5,82	-5,95	-6,09	-6,23	-3,08
18/04/2019 07:35:00	-3,36	-3,54	-3,77	-4,05	-4,32	-4,50	-4,84	-5,19	-5,54	-5,78	-6,02	-6,20	-6,39	-6,46	-6,53	-6,58	-6,64	-6,73	-6,83	-6,95	-7,07	-3,25
18/04/2019 07:40:00	-3,46	-3,64	-3,97	-4,26	-4,52	-4,79	-5,14	-5,46	-5,73	-6,06	-6,41	-6,67	-6,92	-7,03	-7,14	-7,20	-7,26	-7,35	-7,45	-7,57	-7,69	-3,36
18/04/2019 07:45:00	-3,64	-3,94	-4,22	-4,50	-4,75	-4,99	-5,34	-5,66	-5,95	-6,36	-6,79	-7,11	-7,42	-7,57	-7,71	-7,78	-7,84	-7,94	-8,03	-8,15	-8,27	-3,27
18/04/2019 07:50:00	-3,95	-4,21	-4,51	-4,68	-4,84	-5,16	-5,53	-5,95	-6,37	-6,82	-7,32	-7,73	-8,15	-8,38	-8,61	-8,73	-8,85	-9,00	-9,14	-9,27	-9,41	-3,66
18/04/2019 07:55:00	-4,35	-4,64	-5,01	-5,35	-5,66	-5,99	-6,27	-6,63	-7,02	-7,38	-7,78	-8,08	-8,38	-8,53	-8,67	-8,73	-8,80	-8,90	-9,01	-9,12	-9,24	-3,78
18/04/2019 08:00:00	-4,62	-4,86	-5,17	-5,50	-5,86	-6,28	-6,66	-7,04	-7,39	-7,76	-8,14	-8,37	-8,61	-8,68	-8,74	-8,74	-8,75	-8,80	-8,84	-8,93	-9,02	-4,34
18/04/2019 08:05:00	-4,36	-4,81	-5,09	-5,31	-5,55	-5,89	-6,21	-6,62	-7,03	-7,46	-7,90	-8,24	-8,58	-8,74	-8,89	-8,96	-9,03	-9,13	-9,22	-9,33	-9,44	-4,34
18/04/2019 08:10:00	-4,50	-4,80	-5,15	-5,49	-5,85	-6,23	-6,72	-7,14	-7,48	-7,88	-8,28	-8,55	-8,82	-8,91	-9,00	-9,02	-9,04	-9,10	-9,16	-9,25	-9,34	-4,16
18/04/2019 08:15:00	-4,28	-4,63	-5,04	-5,39	-5,70	-6,01	-6,33	-6,67	-7,01	-7,39	-7,80	-8,11	-8,42	-8,56	-8,70	-8,75	-8,81	-8,91	-9,01	-9,12	-9,23	-4,29
18/04/2019 08:20:00	-4,17	-4,57	-4,85	-5,01	-5,26	-5,71	-6,10	-6,61	-7,15	-7,59	-8,06	-8,43	-8,80	-8,98	-9,16	-9,25	-9,34	-9,45	-9,56	-9,67	-9,79	-4,15
18/04/2019 08:25:00	-4,44	-4,94	-5,28	-5,58	-5,91	-6,32	-6,74	-7,19	-7,61	-8,08	-8,56	-8,90	-9,25	-9,39	-9,53	-9,58	-9,62	-9,69	-9,77	-9,86	-9,96	-4,43
18/04/2019 08:30:00	-4,88	-5,36	-5,73	-5,96	-6,19	-6,57	-6,93	-7,31	-7,68	-8,10	-8,54	-8,87	-9,21	-9,35	-9,50	-9,55	-9,61	-9,69	-9,77	-9,87	-9,97	-4,83
18/04/2019 08:35:00	-4,84	-5,25	-5,45	-5,69	-6,03	-6,41	-7,00	-7,59	-8,10	-8,51	-8,93	-9,21	-9,50	-9,60	-9,70	-9,72	-9,75	-9,81	-9,87	-9,95	-10,04	-4,86
18/04/2019 08:40:00	-4,85	-5,18	-5,55	-5,89	-6,23	-6,55	-6,92	-7,31	-7,69	-8,16	-8,65	-9,02	-9,39	-9,57	-9,74	-9,80	-9,86	-9,96	-10,06	-10,17	-10,28	-4,88
18/04/2019 08:45:00	-5,09	-5,42	-5,78	-6,15	-6,53	-6,93	-7,37	-7,88	-8,38	-8,80	-9,24	-9,58	-9,91	-10,06	-10,22	-10,28	-10,34	-10,44	-10,53	-10,64	-10,74	-5,19
18/04/2019 08:50:00	-5,36	-5,92	-6,20	-6,44	-6,71	-6,99	-7,48	-8,02	-8,52	-9,02	-9,56	-9,98	-10,41	-10,62	-10,83	-10,92	-11,01	-11,12	-11,22	-11,33	-11,44	-5,19
18/04/2019 08:55:00	-5,67	-6,06	-6,40	-6,73	-7,09	-7,48	-7,94	-8,41	-8,85	-9,28	-9,72	-10,03	-10,34	-10,46	-10,58	-10,61	-10,64	-10,70	-10,77	-10,86	-10,94	-5,48
18/04/2019 09:00:00	-5,74	-6,03	-6,45	-6,86	-7,24	-7,58	-7,91	-8,31	-8,74	-9,13	-9,55	-9,87	-10,19	-10,34	-10,49	-10,54	-10,60	-10,69	-10,79	-10,89	-11,00	-5,56
18/04/2019 09:05:00	-5,77	-6,19	-6,61	-6,98	-7,29	-7,59	-8,02	-8,47	-8,91	-9,26	-9,65	-9,97	-10,28	-10,43	-10,58	-10,65	-10,72	-10,82	-10,92	-11,03	-11,14	-5,59
18/04/2019 09:10:00	-5,81	-6,13	-6,48	-6,75	-7,07	-7,52	-8,12	-8,68	-9,14	-9,56	-9,97	-10,28	-10,58	-10,70	-10,81	-10,85	-10,89	-10,95	-11,01	-11,10	-11,18	-5,78
18/04/2019 09:15:00	-5,91	-6,27	-6,57	-6,86	-7,23	-7,67	-8,07	-8,47	-8,86	-9,37	-9,89	-10,24	-10,58	-10,70	-10,82	-10,82	-10,82	-10,86	-10,90	-10,98	-11,06	-5,60
18/04/2019 09:20:00	-5,83	-6,36	-6,67	-6,90	-7,18	-7,59	-7,89	-8,38	-8,92	-9,35	-9,81	-10,16	-10,52	-10,68	-10,84	-10,91	-10,97	-11,06	-11,15	-11,25	-11,35	-5,79
18/04/2019 09:25:00	-5,83	-6,14	-6,54	-6,94	-7,36	-7,79	-8,20	-8,60	-9,00	-9,49	-9,99	-10,34	-10,69	-10,83	-10,97	-10,99	-11,01	-11,07	-11,13	-11,22	-11,31	-5,68
18/04/2019 09:30:00	-6,24	-6,61	-6,98	-7,34	-7,70	-8,11	-8,54	-8,98	-9,40	-9,91	-10,44	-10,83	-11,22	-11,39	-11,56	-11,60	-11,64	-11,72	-11,79	-11,88	-11,97	-6,06
18/04/2019 09:35:00	-6,54	-6,86	-7,21	-7,60	-8,04	-8,52	-8,99	-9,52	-10,02	-10,43	-10,84	-11,12	-11,40	-11,49	-11,58	-11,59	-11,60	-11,64	-11,69	-11,76	-11,84	-6,08
18/04/2019 09:40:00	-6,66	-7,08	-7,54	-7,98	-8,40	-8,83	-9,40	-9,91	-10,33	-10,70	-11,09	-11,35	-11,62	-11,69	-11,77	-11,77	-11,77	-11,81	-11,85	-11,92	-11,99	-6,12
18/04/2019 09:45:00	-7,03	-7,37	-7,81	-8,30	-8,77	-9,24	-9,69	-10,15	-10,57	-10,97	-11,38	-11,65	-11,92	-11,99	-12,07	-12,06	-12,05	-12,08	-12,12	-12,19	-12,26	-6,18
18/04/2019 09:50:00	-7,25	-7,65	-7,97	-8,37	-8,81	-9,24	-9,69	-10,17	-10,64	-11,12	-11,60	-11,93	-12,25	-12,35	-12,46	-12,45	-12,45	-12,49	-12,52	-12,59	-12,65	-6,64
18/04/2019 09:55:00	-7,32	-7,65	-8,14	-8,67	-9,17	-9,58	-10,01	-10,45	-10,88	-11,29	-11,71	-11,99	-12,27	-12,35	-12,44	-12,43	-12,43	-12,47	-12,51	-12,58	-12,65	-6,54
18/04/2019 10:00:00	-7,60	-8,05	-8,38	-8,79	-9,25	-9,69	-10,25	-10,81	-11,29	-11,66	-12,01	-12,23	-12,45	-12,48	-12,50	-12,47	-12,44	-12,44	-12,44	-12,49	-12,54	-6,72
18/04/2019 10:05:00	-7,60	-8,08	-8,47	-8,84	-9,28	-9,84	-10,36	-10,87	-11,33	-11,79	-12,24	-12,52	-12,80	-12,86	-12,91	-12,87	-12,83	-12,83	-12,83	-12,87	-12,92	-7,11
18/04/2019 10:10:00	-7,67	-8,04	-8,42	-8,75	-9,16	-9,69	-10,16	-10,78	-11,37	-11,73	-12,10	-12,37	-12,64	-12,72	-12,81	-12,82	-12,84	-12,89	-12,93	-13,00	-13,07	-6,96
18/04/2019 10:15:00	-7,52	-8,03	-8,41	-8,81	-9,18	-9,51	-10,02	-10,53	-11,01	-11,44	-11,90	-12,24	-12,58	-12,71	-12,84	-12,87	-12,90	-12,96	-13,02	-13,10	-13,18	-7,12
18/04/2019 10:20:00	-7,28	-7,78	-8,11	-8,46	-8,86	-9,32	-9,76	-10,25	-10,75	-11,33	-11,91	-12,33	-12,74	-12,90	-13,05	-13,07	-13,08	-13,13	-13,17	-13,24	-13,31	-7,13
18/04/2019 10:25:00	-7,53	-8,04	-8,43	-8,82	-9,20	-9,56	-10,05	-10,59	-11,09	-11,50	-11,93	-12,26	-12,58	-12,71	-12,83	-12,86	-12,89	-12,95	-13,01	-13,09	-13,17	-7,41
18/04/2019 10:30:00	-7,68	-8,20	-8,64	-9,05	-9,45	-9,83	-10,18	-10,60	-11,03	-11,48	-11,95	-12,29	-12,62	-12,75	-12,87	-12,88	-12,89	-12,94	-12,98	-13,06	-13,13	-7,54
18/04/2019 10:35:00	-7,55	-8,08	-8,55	-8,99	-9,41	-9,84	-10,28	-10,72	-11,12	-11,52	-11,93	-12,20	-12,47	-12,53	-12,60	-12,58	-12,57	-12,59	-12,61	-12,67	-12,73	-7,48
18/04/2019 10:40:00	-7,64	-8,00	-8,45	-8,95	-9,41	-9,81	-10,21	-10,56	-10,93	-11,40	-11,89	-12,21	-12,54	-12,64	-12,74	-12,73	-12,71	-12,74	-12,77	-12,84	-12,91	-7,57
18/04/2019 10:45:00	-7,59	-8,03	-8,42	-8,78	-9,16	-9,58	-10,07	-10,59	-11,07	-11,48	-11,90	-12,21	-12,51	-12,61	-12,71	-12,73	-12,74	-12,79	-12,83	-12,90	-12,97	-7,47
18/04/2019 10:50:00	-7,50	-7,87	-8,27	-8,70	-9,13	-9,57	-10,17	-10,74	-11,25	-11,66	-12,09	-12,39	-12,70	-12,80	-12,90	-12,91	-12,93	-12,97	-13,02	-13,09	-13,16	-7,45
18/04/2019 10:55:00	-7,55	-7,91	-8,30	-8,75	-9,21	-9,65	-10,19	-10,73	-11,22	-11,66	-12,11	-12,42	-12,72	-12,82	-12,92	-12,92	-12,92	-12,96	-12,99	-13,06	-13,13	-7,31
18/04/2019 11:00:00	-7,61	-7,98	-8,37	-8,75	-9,17	-9,66	-10,17	-10,72	-11,23	-11,71	-12,19	-12,54	-12,89	-13,01	-13,13	-13,15	-13,16	-13,20	-13,25	-13,31	-13,38	-7,23
18/04/2019 11:05:00	-7,57	-8,06	-8,46	-8,76	-9,06	-9,45	-9,92	-10,42	-10,91	-11,41	-11,95	-12,37	-12,79	-12,98	-13,17	-13,23	-13,29	-13,37	-13,45	-13,53	-13,62	-7,03
18/04/2019 11:10:00	-7,55	-8,01	-8,44	-8,86	-9,26	-9,65	-10,10	-10,60	-11,09	-11,57	-12,07	-12,45	-12,83	-12,99	-13,15	-13,19	-13,23	-13,30	-13,37	-13,45	-13,53	-7,20
18/04/2019 11:15:00	-7,69	-8,04	-8,43	-8,83	-9,29	-9,85	-10,51	-11,18	-11,76	-12,21	-12,66	-12,99	-13,31	-13,41	-13,51	-13,52	-13,53	-13,57	-13,61	-13,67	-13,73	-7,32
18/04/2019 11:20:00	-7,97	-8,39	-8,75	-9,09	-9,44	-9,86	-10,42	-10,99	-11,53	-12,11	-12,71	-13,18	-13,65	-13,87	-14,08	-14,14	-14,20	-14,28	-14,36	-14,44	-14,52	-7,27
18/04/2019 11:25:00	-8,46	-9,02	-9,45	-9,86	-10,29	-10,77	-11,30	-11,91	-12,46	-12,91	-13,36	-13,69	-14,01	-14,12	-14,22	-14,23	-14,24	-14,27	-14,30	-14,36	-14,42	-8,01
18/04/2019 11:30:00	-8,82	-9,28	-9,66	-10,00	-10,41	-10,92	-11,52	-12,18	-12,79	-13,31	-13,84	-14,23	-14,62	-14,78	-14,93	-14,95	-14,98	-15,03	-15,07	-15,14	-15,20	-8,41
18/04/2019 11:35:00	-8,89	-9,42	-9,81	-10,21	-10,69	-11,27	-11,93	-12,54	-13,05	-13,47	-13,87	-14,11	-14,34	-14,35	-14,36	-14,30	-14,24	-14,21	-14,18	-14,21	-14,23	-8,40
18/04/2019 11:40:00	-8,96	-9,39	-9,80	-10,22	-10,68	-11,18	-11,76	-12,31	-12,81	-13,26	-13,71	-14,02	-14,32	-14,39	-14,46	-14,44	-14,42	-14,42	-14,43	-14,48	-14,52	-8,20
18/04/2019 11:45:00	-8,82	-9,31	-9,73	-10,14	-10,54	-10,97	-11,49	-12,06	-12,57	-12,98	-13,41	-13,72	-14,04	-14,14	-14,24	-14,26	-14,27	-14,31	-14,35	-14,41	-14,47	-7,72
18/04/2019 11:50:00	-8,51	-9,16	-9,52	-9,86	-10,25	-10,68	-11,21	-11,79	-12,33	-12,81	-13,31	-13,66	-14,02	-14,14	-14,25	-14,26	-14,27	-14,30	-14,33	-14,38	-14,44	-7,33
18/04/2019 11:55:00	-8,18	-8,86	-9,43	-9,84	-10,18	-10,58	-10,98	-11,45	-11,91	-12,36	-12,86	-13,24	-13,63	-13,80	-13,97	-14,02	-14,06	-14,14	-14,21	-14,28	-14,36	-7,06
18/04/2019 12:00:00	-8,35	-8,68	-9,19	-9,74	-10,25	-10,71	-11,11	-11,56	-12,01	-12,46	-12,93	-13,26	-13,60	-13,71	-13,83	-13,83	-13,83	-13,88	-13,92	-13,99	-14,06	-7,56
18/04/2019 12:05:00	-8,47	-8,92	-9,38	-9,75	-10,12	-10,55	-11,04	-11,49	-11,94	-12,52	-13,13	-13,57	-14,02	-14,21	-14,40	-14,43	-14,46	-14,52	-14,57	-14,64	-14,71	-7,86
18/04/2019 12:10:00	-8,75	-9,23	-9,68	-10,04	-10,43	-10,92	-11,46	-12,04	-12,58	-13,08	-13,60	-13,99	-14,38	-14,52	-14,67	-14,70	-14,72	-14,77	-14,82	-14,88	-14,94	-7,78
18/04/2019 12:15:00	-8,97	-9,52	-9,94	-10,33	-10,77	-11,28	-11,84	-12,42	-12,96	-13,46	-13,97	-14,33	-14,69	-14,80	-14,91	-14,90	-14,89	-14,91	-14,92	-14,97	-15,02	-8,01
18/04/2019 12:20:00	-9,11	-9,50	-9,88	-10,39	-10,98	-11,63	-12,27	-12,94	-13,52	-14,01	-14,47	-14,75	-15,03	-15,07	-15,10	-15,04	-14,98	-14,95	-14,93	-14,96	-14,98	-8,19
18/04/2019 12:25:00	-9,25	-9,81	-10,19	-10,66	-11,19	-11,75	-12,38	-13,03	-13,59	-14,06	-14,51	-14,79	-15,07	-15,11	-15,15	-15,10	-15,04	-15,02	-15,00	-15,03	-15,05	-8,25
18/04/2019 12:30:00	-9,25	-9,78	-10,28	-10,73	-11,22	-11,80	-12,44	-13,05	-13,59	-14,08	-14,58	-14,92	-15,26	-15,35	-15,44	-15,41	-15,39	-15,39	-15,40	-15,44	-15,47	-8,46
18/04/2019 12:35:00	-9,20	-9,73	-10,15	-10,58	-11,07	-11,64	-12,19	-12,77	-13,30	-13,78	-14,26	-14,56	-14,87	-14,94	-15,00	-14,96	-14,92	-14,91	-14,90	-14,93	-14,97	-8,61
18/04/2019 12:40:00	-9,32	-9,80	-10,20	-10,59	-11,07	-11,69	-12,34	-13,01	-13,59	-14,00	-14,39	-14,65	-14,90	-14,93	-14,96	-14,92	-14,88	-14,87	-14,85	-14,88	-14,91	-8,25
18/04/2019 12:45:00	-9,29	-9,74	-10,22	-10,71	-11,23	-11,77	-12,36	-12,90	-13,40	-13,91	-14,43	-14,76	-15,10	-15,19	-15,27	-15,24	-15,20	-15,20	-15,20	-15,24	-15,28	-8,50
18/04/2019 12:50:00	-9,35	-9,76	-10,16	-10,63	-11,19	-11,85	-12,52	-13,26	-13,89	-14,34	-14,77	-15,04	-15,32	-15,36	-15,40	-15,36	-15,32	-15,31	-15,30	-15,33	-15,37	-8,42
18/04/2019 12:55:00	-9,46	-9,86	-10,31	-10,70	-11,16	-11,74	-12,35	-12,96	-13,51	-14,00	-14,51	-14,86	-15,22	-15,32	-15,43	-15,42	-15,41	-15,42	-15,44	-15,48	-15,52	-8,72
18/04/2019 13:00:00	-9,40	-9,93	-10,23	-10,54	-10,96	-11,51	-12,10	-12,77	-13,40	-13,99	-14,58	-15,00	-15,42	-15,57	-15,71	-15,72	-15,72	-15,74	-15,76	-15,81	-15,86	-8,63
18/04/2019 13:05:00	-9,25	-9,72	-10,11	-10,46	-10,90	-11,50	-12,12	-12,79	-13,40	-13,93	-14,47	-14,86	-15,25	-15,38	-15,51	-15,51	-15,51	-15,53	-15,56	-15,60	-15,65	-8,37
18/04/2019 13:10:00	-9,16	-9,81	-10,24	-10,52	-10,85	-11,31	-11,86	-12,43	-12,98	-13,52	-14,09	-14,51	-14,93	-15,10	-15,26	-15,28	-15,31	-15,34	-15,38	-15,44	-15,50	-8,21
18/04/2019 13:15:00	-9,26	-9,79	-10,07	-10,33	-10,71	-11,22	-11,83	-12,51	-13,16	-13,75	-14,35	-14,80	-15,24	-15,41	-15,58	-15,60	-15,62	-15,66	-15,70	-15,75	-15,81	-8,54
18/04/2019 13:20:00	-9,29	-9,79	-10,23	-10,57	-10,94	-11,42	-12,01	-12,62	-13,20	-13,76	-14,34	-14,79	-15,24	-15,43	-15,62	-15,66	-15,70	-15,76	-15,81	-15,88	-15,94	-8,68
18/04/2019 13:25:00	-9,55	-10,06	-10,45	-10,76	-11,15	-11,69	-12,37	-13,11	-13,75	-14,25	-14,76	-15,15	-15,54	-15,68	-15,83	-15,85	-15,88	-15,92	-15,96	-16,01	-16,06	-8,50
18/04/2019 13:30:00	-9,78	-10,15	-10,69	-11,16	-11,54	-11,83	-12,16	-12,60	-13,10	-13,67	-14,31	-14,82	-15,34	-15,61	-15,87	-15,95	-16,03	-16,14	-16,25	-16,34	-16,44	-8,93
18/04/2019 13:35:00	-9,71	-10,15	-10,58	-10,99	-11,43	-11,93	-12,54	-13,17	-13,75	-14,31	-14,88	-15,30	-15,72	-15,88	-16,04	-16,06	-16,07	-16,11	-16,15	-16,20	-16,26	-8,35
18/04/2019 13:40:00	-9,64	-10,32	-10,66	-10,86	-11,17	-11,73	-12,48	-13,29	-14,01	-14,60	-15,22	-15,71	-16,20	-16,41	-16,62	-16,68	-16,73	-16,79	-16,85	-16,91	-16,96	-8,30
18/04/2019 13:45:00	-9,87	-10,41	-10,80	-11,15	-11,57	-12,10	-12,78	-13,48	-14,12	-14,71	-15,31	-15,76	-16,22	-16,39	-16,57	-16,59	-16,61	-16,65	-16,69	-16,74	-16,79	-8,06
18/04/2019 13:50:00	-9,99	-10,44	-10,86	-11,32	-11,79	-12,29	-12,97	-13,61	-14,17	-14,69	-15,23	-15,60	-15,97	-16,09	-16,21	-16,20	-16,19	-16,21	-16,22	-16,27	-16,31	-8,49
18/04/2019 13:55:00	-9,85	-10,60	-11,10	-11,53	-11,97	-12,44	-12,97	-13,61	-14,23	-14,78	-15,37	-15,82	-16,27	-16,45	-16,63	-16,66	-16,69	-16,73	-16,78	-16,83	-16,89	-8,40
18/04/2019 14:00:00	-10,04	-10,60	-11,07	-11,43	-11,86	-12,42	-13,04	-13,69	-14,31	-14,92	-15,55	-16,03	-16,50	-16,69	-16,88	-16,90	-16,92	-16,96	-16,99	-17,04	-17,09	-8,68
18/04/2019 14:05:00	-10,13	-10,68	-11,17	-11,58	-12,03	-12,59	-13,24	-13,83	-14,40	-15,00	-15,61	-16,05	-16,49	-16,65	-16,80	-16,80	-16,79	-16,81	-16,82	-16,86	-16,90	-8,98
18/04/2019 14:10:00	-10,07	-10,68	-11,13	-11,49	-11,86	-12,30	-12,91	-13,53	-14,11	-14,70	-15,31	-15,79	-16,27	-16,47	-16,67	-16,71	-16,75	-16,80	-16,85	-16,91	-16,97	-8,13
18/04/2019 14:15:00	-10,17	-10,73	-11,15	-11,40	-11,72	-12,22	-12,81	-13,52	-14,18	-14,77	-15,39	-15,90	-16,41	-16,65	-16,89	-16,96	-17,03	-17,11	-17,18	-17,25	-17,32	-9,12
18/04/2019 14:20:00	-10,21	-10,71	-11,06	-11,40	-11,82	-12,36	-13,01	-13,68	-14,31	-14,92	-15,55	-16,01	-16,46	-16,63	-16,79	-16,80	-16,80	-16,83	-16,85	-16,89	-16,93	-9,10
18/04/2019 14:25:00	-10,16	-10,67	-11,05	-11,44	-11,87	-12,39	-13,10	-13,84	-14,49	-15,01	-15,55	-15,94	-16,34	-16,48	-16,62	-16,63	-16,64	-16,67	-16,69	-16,74	-16,78	-8,78
18/04/2019 14:30:00	-10,13	-10,75	-11,21	-11,57	-11,98	-12,49	-13,09	-13,75	-14,37	-14,94	-15,54	-16,00	-16,46	-16,64	-16,83	-16,85	-16,88	-16,92	-16,97	-17,02	-17,07	-8,86
18/04/2019 14:35:00	-10,42	-11,04	-11,54	-11,97	-12,40	-12,89	-13,49	-14,20	-14,84	-15,39	-15,98	-16,43	-16,89	-17,09	-17,28	-17,32	-17,36	-17,41	-17,47	-17,53	-17,58	-9,35
18/04/2019 14:40:00	-10,69	-11,25	-11,66	-12,01	-12,42	-12,95	-13,63	-14,33	-14,99	-15,59	-16,21	-16,68	-17,15	-17,33	-17,51	-17,53	-17,55	-17,58	-17,62	-17,66	-17,71	-9,55
18/04/2019 14:45:00	-10,70	-11,24	-11,67	-12,08	-12,58	-13,15	-13,76	-14,52	-15,19	-15,72	-16,27	-16,66	-17,06	-17,19	-17,33	-17,33	-17,33	-17,35	-17,37	-17,41	-17,45	-9,34
18/04/2019 14:50:00	-10,69	-11,24	-11,72	-12,08	-12,47	-12,92	-13,44	-14,12	-14,76	-15,34	-15,96	-16,46	-16,96	-17,18	-17,41	-17,47	-17,52	-17,59	-17,67	-17,73	-17,80	-9,23
18/04/2019 14:55:00	-10,73	-11,21	-11,53	-11,84	-12,26	-12,81	-13,44	-14,26	-15,01	-15,62	-16,25	-16,75	-17,25	-17,46	-17,67	-17,72	-17,76	-17,82	-17,88	-17,93	-17,99	-9,30
18/04/2019 15:00:00	-10,59	-11,22	-11,58	-11,89	-12,30	-12,83	-13,50	-14,28	-14,99	-15,61	-16,25	-16,74	-17,23	-17,43	-17,63	-17,66	-17,70	-17,74	-17,78	-17,83	-17,87	-9,47
18/04/2019 15:05:00	-10,50	-11,19	-11,59	-11,81	-12,08	-12,51	-13,03	-13,66	-14,31	-15,00	-15,73	-16,33	-16,92	-17,21	-17,50	-17,58	-17,66	-17,74	-17,82	-17,89	-17,96	-9,05
18/04/2019 15:10:00	-10,49	-10,91	-11,30	-11,66	-12,10	-12,67	-13,35	-14,10	-14,80	-15,43	-16,09	-16,59	-17,09	-17,31	-17,52	-17,56	-17,59	-17,64	-17,69	-17,75	-17,80	-9,30
18/04/2019 15:15:00	-10,51	-10,90	-11,36	-11,81	-12,23	-12,66	-13,21	-13,82	-14,43	-15,08	-15,78	-16,34	-16,89	-17,15	-17,41	-17,48	-17,54	-17,62	-17,70	-17,77	-17,84	-9,33
18/04/2019 15:20:00	-10,62	-11,38	-11,84	-12,13	-12,41	-12,80	-13,31	-13,91	-14,51	-15,13	-15,79	-16,34	-16,89	-17,14	-17,40	-17,47	-17,54	-17,62	-17,70	-17,76	-17,83	-9,50
18/04/2019 15:25:00	-10,75	-11,33	-11,76	-12,16	-12,53	-12,88	-13,35	-13,99	-14,64	-15,21	-15,85	-16,36	-16,87	-17,12	-17,36	-17,43	-17,50	-17,58	-17,66	-17,74	-17,81	-9,51
18/04/2019 15:30:00	-10,64	-11,13	-11,73	-12,28	-12,83	-13,41	-13,94	-14,53	-15,10	-15,64	-16,21	-16,62	-17,02	-17,16	-17,30	-17,29	-17,28	-17,29	-17,31	-17,36	-17,40	-9,53
18/04/2019 15:35:00	-10,59	-11,03	-11,46	-11,83	-12,23	-12,73	-13,42	-14,11	-14,77	-15,46	-16,19	-16,76	-17,33	-17,59	-17,84	-17,90	-17,95	-18,02	-18,08	-18,14	-18,21	-9,41
18/04/2019 15:40:00	-10,55	-11,15	-11,47	-11,72	-12,06	-12,56	-13,39	-14,28	-15,05	-15,62	-16,22	-16,71	-17,19	-17,41	-17,62	-17,68	-17,75	-17,81	-17,88	-17,93	-17,99	-9,16
18/04/2019 15:45:00	-10,56	-11,11	-11,41	-11,70	-12,09	-12,64	-13,37	-14,13	-14,83	-15,46	-16,12	-16,60	-17,09	-17,28	-17,47	-17,49	-17,51	-17,54	-17,57	-17,61	-17,65	-8,55
18/04/2019 15:50:00	-10,42	-10,92	-11,29	-11,65	-12,06	-12,54	-13,19	-13,95	-14,68	-15,33	-16,02	-16,56	-17,11	-17,36	-17,62	-17,68	-17,75	-17,82	-17,90	-17,96	-18,03	-9,05
18/04/2019 15:55:00	-10,37	-10,83	-11,31	-11,76	-12,21	-12,67	-13,24	-13,91	-14,57	-15,19	-15,85	-16,37	-16,89	-17,12	-17,36	-17,42	-17,47	-17,54	-17,61	-17,68	-17,75	-8,65
18/04/2019 16:00:00	-10,21	-10,77	-11,24	-11,56	-11,93	-12,45	-13,11	-13,87	-14,58	-15,24	-15,95	-16,53	-17,11	-17,39	-17,68	-17,76	-17,85	-17,94	-18,03	-18,10	-18,17	-8,24
18/04/2019 16:05:00	-10,32	-10,90	-11,34	-11,67	-12,05	-12,54	-13,09	-13,81	-14,50	-15,13	-15,81	-16,36	-16,91	-17,17	-17,43	-17,51	-17,58	-17,66	-17,75	-17,82	-17,89	-9,27
18/04/2019 16:10:00	-10,32	-10,94	-11,30	-11,54	-11,84	-12,29	-13,02	-13,79	-14,50	-15,19	-15,91	-16,51	-17,10	-17,39	-17,67	-17,76	-17,85	-17,93	-18,02	-18,08	-18,15	-9,22
18/04/2019 16:15:00	-10,26	-10,87	-11,28	-11,62	-11,97	-12,38	-12,99	-13,69	-14,37	-15,04	-15,76	-16,34	-16,92	-17,20	-17,48	-17,55	-17,63	-17,72	-17,80	-17,87	-17,95	-9,05
18/04/2019 16:20:00	-10,33	-10,80	-11,24	-11,64	-12,07	-12,59	-13,25	-13,95	-14,62	-15,27	-15,97	-16,50	-17,03	-17,27	-17,50	-17,55	-17,59	-17,65	-17,71	-17,77	-17,83	-9,14
18/04/2019 16:25:00	-10,38	-10,85	-11,33	-11,69	-12,10	-12,64	-13,21	-13,84	-14,47	-15,10	-15,77	-16,29	-16,80	-17,03	-17,25	-17,30	-17,34	-17,40	-17,45	-17,51	-17,57	-8,77
18/04/2019 16:30:00	-10,33	-10,78	-11,18	-11,54	-11,89	-12,29	-12,83	-13,46	-14,12	-14,80	-15,54	-16,13	-16,73	-17,03	-17,32	-17,41	-17,49	-17,59	-17,69	-17,77	-17,85	-9,01
18/04/2019 16:35:00	-10,15	-10,65	-11,07	-11,40	-11,80	-12,36	-13,10	-13,91	-14,62	-15,20	-15,81	-16,30	-16,78	-16,99	-17,21	-17,26	-17,32	-17,38	-17,45	-17,51	-17,57	-9,01
18/04/2019 16:40:00	-10,11	-10,63	-10,91	-11,19	-11,57	-12,10	-12,78	-13,53	-14,29	-15,09	-15,92	-16,57	-17,21	-17,51	-17,80	-17,86	-17,93	-17,99	-18,06	-18,12	-18,19	-9,03
18/04/2019 16:45:00	-10,24	-10,75	-11,26	-11,75	-12,30	-12,91	-13,54	-14,18	-14,81	-15,48	-16,18	-16,67	-17,16	-17,35	-17,53	-17,53	-17,53	-17,55	-17,57	-17,61	-17,65	-9,03
18/04/2019 16:50:00	-10,27	-10,78	-11,15	-11,54	-11,96	-12,40	-13,06	-13,80	-14,51	-15,18	-15,89	-16,44	-17,00	-17,25	-17,51	-17,57	-17,63	-17,71	-17,78	-17,85	-17,92	-8,70
18/04/2019 16:55:00	-10,17	-10,80	-11,16	-11,46	-11,85	-12,37	-13,06	-13,81	-14,56	-15,33	-16,13	-16,76	-17,39	-17,69	-17,98	-18,05	-18,11	-18,18	-18,26	-18,32	-18,38	-8,43
18/04/2019 17:00:00	-10,31	-10,96	-11,39	-11,67	-11,97	-12,40	-12,96	-13,64	-14,35	-15,12	-15,95	-16,64	-17,33	-17,69	-18,05	-18,16	-18,27	-18,39	-18,50	-18,58	-18,67	-8,75
18/04/2019 17:05:00	-10,41	-10,81	-11,25	-11,57	-11,94	-12,44	-13,08	-13,86	-14,60	-15,27	-16,00	-16,61	-17,22	-17,54	-17,85	-17,96	-18,07	-18,18	-18,30	-18,38	-18,47	-8,84
18/04/2019 17:10:00	-10,30	-10,82	-11,19	-11,49	-11,91	-12,49	-13,10	-13,85	-14,60	-15,34	-16,12	-16,73	-17,33	-17,60	-17,87	-17,93	-17,98	-18,05	-18,11	-18,17	-18,23	-8,61
18/04/2019 17:15:00	-10,21	-10,79	-11,21	-11,51	-11,89	-12,46	-13,19	-14,02	-14,77	-15,41	-16,09	-16,64	-17,19	-17,44	-17,69	-17,76	-17,83	-17,90	-17,98	-18,04	-18,10	-8,66
18/04/2019 17:20:00	-10,26	-10,79	-11,19	-11,55	-11,92	-12,38	-13,12	-13,88	-14,59	-15,31	-16,07	-16,69	-17,30	-17,60	-17,90	-17,98	-18,06	-18,15	-18,24	-18,31	-18,38	-8,50
18/04/2019 17:25:00	-10,20	-10,75	-11,23	-11,61	-12,02	-12,55	-13,30	-14,04	-14,73	-15,39	-16,08	-16,64	-17,19	-17,45	-17,70	-17,77	-17,84	-17,91	-17,98	-18,05	-18,11	-8,86
18/04/2019 17:30:00	-10,17	-10,64	-11,01	-11,35	-11,77	-12,31	-13,01	-13,83	-14,60	-15,26	-15,95	-16,50	-17,05	-17,31	-17,57	-17,64	-17,71	-17,79	-17,86	-17,93	-18,00	-8,71
18/04/2019 17:35:00	-10,09	-10,55	-10,90	-11,28	-11,74	-12,31	-13,05	-13,89	-14,66	-15,33	-16,03	-16,58	-17,12	-17,36	-17,60	-17,66	-17,71	-17,77	-17,84	-17,90	-17,96	-8,98
18/04/2019 17:40:00	-9,98	-10,63	-11,07	-11,38	-11,75	-12,26	-12,99	-13,80	-14,54	-15,21	-15,92	-16,50	-17,09	-17,37	-17,65	-17,73	-17,82	-17,90	-17,99	-18,06	-18,13	-8,95
18/04/2019 17:45:00	-10,13	-10,58	-10,94	-11,29	-11,71	-12,27	-13,02	-13,86	-14,63	-15,28	-15,96	-16,51	-17,05	-17,31	-17,56	-17,63	-17,70	-17,78	-17,86	-17,92	-17,99	-8,84
18/04/2019 17:50:00	-10,13	-10,75	-11,27	-11,65	-11,97	-12,29	-12,89	-13,58	-14,27	-14,97	-15,74	-16,41	-17,08	-17,45	-17,82	-17,96	-18,11	-18,25	-18,39	-18,49	-18,59	-8,73
18/04/2019 17:55:00	-10,30	-10,82	-11,28	-11,64	-11,97	-12,35	-12,92	-13,60	-14,30	-15,02	-15,81	-16,49	-17,16	-17,52	-17,88	-18,01	-18,13	-18,26	-18,39	-18,48	-18,58	-8,93
18/04/2019 18:00:00	-10,29	-10,78	-11,15	-11,44	-11,78	-12,21	-12,81	-13,61	-14,38	-15,06	-15,81	-16,44	-17,08	-17,41	-17,75	-17,87	-17,99	-18,12	-18,24	-18,33	-18,42	-9,05
18/04/2019 18:05:00	-10,23	-10,71	-11,19	-11,51	-11,87	-12,36	-13,02	-13,72	-14,42	-15,14	-15,92	-16,56	-17,19	-17,52	-17,84	-17,94	-18,03	-18,14	-18,24	-18,32	-18,40	-9,08
18/04/2019 18:10:00	-10,43	-10,95	-11,31	-11,61	-12,03	-12,59	-13,26	-14,06	-14,83	-15,50	-16,21	-16,76	-17,32	-17,57	-17,82	-17,88	-17,94	-18,01	-18,07	-18,13	-18,19	-9,21
18/04/2019 18:15:00	-10,48	-11,01	-11,51	-11,90	-12,30	-12,78	-13,45	-14,16	-14,79	-15,35	-15,95	-16,43	-16,90	-17,11	-17,32	-17,38	-17,43	-17,49	-17,56	-17,62	-17,68	-9,37
18/04/2019 18:20:00	-10,46	-10,87	-11,17	-11,46	-11,85	-12,39	-13,12	-13,92	-14,68	-15,42	-16,20	-16,81	-17,42	-17,71	-18,00	-18,07	-18,14	-18,22	-18,29	-18,36	-18,42	-9,23
18/04/2019 18:25:00	-10,39	-10,89	-11,31	-11,58	-11,91	-12,41	-13,00	-13,74	-14,47	-15,17	-15,93	-16,56	-17,19	-17,51	-17,83	-17,94	-18,04	-18,15	-18,26	-18,34	-18,42	-9,11
18/04/2019 18:30:00	-10,24	-10,81	-11,20	-11,52	-11,84	-12,25	-12,93	-13,74	-14,50	-15,15	-15,87	-16,48	-17,09	-17,40	-17,72	-17,84	-17,95	-18,07	-18,19	-18,27	-18,36	-9,30
18/04/2019 18:35:00	-10,00	-10,48	-10,87	-11,16	-11,56	-12,14	-12,80	-13,55	-14,27	-14,98	-15,73	-16,31	-16,90	-17,16	-17,43	-17,50	-17,56	-17,63	-17,70	-17,77	-17,83	-9,35
18/04/2019 18:40:00	-9,97	-10,48	-10,89	-11,24	-11,60	-12,02	-12,63	-13,35	-14,07	-14,76	-15,51	-16,12	-16,73	-17,04	-17,35	-17,45	-17,54	-17,65	-17,75	-17,84	-17,92	-9,45
18/04/2019 18:45:00	-10,01	-10,48	-10,85	-11,15	-11,47	-11,90	-12,58	-13,40	-14,16	-14,81	-15,52	-16,12	-16,73	-17,04	-17,36	-17,49	-17,61	-17,74	-17,86	-17,95	-18,04	-9,41
18/04/2019 18:50:00	-9,95	-10,48	-10,89	-11,24	-11,60	-12,03	-12,65	-13,30	-13,95	-14,65	-15,39	-15,97	-16,56	-16,84	-17,12	-17,19	-17,26	-17,35	-17,43	-17,50	-17,58	-9,45
18/04/2019 18:55:00	-9,98	-10,51	-10,93	-11,24	-11,58	-12,02	-12,70	-13,42	-14,10	-14,76	-15,46	-16,04	-16,61	-16,89	-17,17	-17,25	-17,34	-17,43	-17,52	-17,59	-17,67	-9,66
18/04/2019 19:00:00	-9,94	-10,31	-10,65	-10,97	-11,43	-12,03	-12,71	-13,49	-14,21	-14,84	-15,48	-15,96	-16,45	-16,64	-16,84	-16,88	-16,91	-16,96	-17,01	-17,06	-17,12	-9,45
18/04/2019 19:05:00	-9,65	-10,09	-10,49	-10,88	-11,34	-11,90	-12,51	-13,22	-13,89	-14,49	-15,10	-15,57	-16,03	-16,22	-16,41	-16,45	-16,48	-16,53	-16,58	-16,64	-16,70	-9,47
18/04/2019 19:10:00	-9,61	-9,96	-10,33	-10,72	-11,14	-11,62	-12,25	-12,98	-13,67	-14,30	-14,96	-15,49	-16,01	-16,25	-16,50	-16,57	-16,63	-16,71	-16,80	-16,87	-16,95	-9,65
18/04/2019 19:15:00	-9,61	-10,12	-10,45	-10,67	-10,96	-11,43	-12,04	-12,83	-13,59	-14,22	-14,90	-15,48	-16,06	-16,36	-16,66	-16,78	-16,89	-17,01	-17,12	-17,21	-17,30	-9,63
18/04/2019 19:20:00	-9,50	-10,00	-10,34	-10,56	-10,89	-11,41	-12,04	-12,85	-13,61	-14,28	-14,99	-15,58	-16,17	-16,46	-16,76	-16,87	-16,97	-17,08	-17,18	-17,26	-17,35	-9,48
18/04/2019 19:25:00	-9,53	-10,08	-10,41	-10,66	-10,97	-11,42	-12,11	-12,86	-13,56	-14,20	-14,89	-15,44	-16,00	-16,27	-16,54	-16,62	-16,70	-16,79	-16,88	-16,96	-17,03	-9,51
18/04/2019 19:30:00	-9,44	-9,86	-10,41	-10,81	-11,17	-11,60	-12,11	-12,69	-13,27	-13,88	-14,55	-15,11	-15,66	-15,94	-16,22	-16,32	-16,41	-16,52	-16,62	-16,71	-16,80	-9,55
18/04/2019 19:35:00	-9,58	-10,04	-10,34	-10,65	-10,99	-11,40	-12,02	-12,74	-13,44	-14,07	-14,75	-15,31	-15,86	-16,13	-16,40	-16,48	-16,57	-16,66	-16,76	-16,84	-16,92	-9,57
18/04/2019 19:40:00	-9,44	-9,88	-10,25	-10,57	-10,94	-11,40	-12,04	-12,80	-13,50	-14,08	-14,70	-15,21	-15,71	-15,96	-16,20	-16,28	-16,36	-16,45	-16,54	-16,62	-16,69	-9,56
18/04/2019 19:45:00	-9,43	-9,86	-10,10	-10,39	-10,75	-11,21	-11,90	-12,65	-13,36	-14,00	-14,67	-15,20	-15,72	-15,96	-16,20	-16,27	-16,33	-16,40	-16,48	-16,55	-16,62	-9,53
18/04/2019 19:50:00	-9,46	-10,01	-10,28	-10,49	-10,73	-11,06	-11,71	-12,45	-13,18	-13,87	-14,62	-15,26	-15,90	-16,24	-16,58	-16,72	-16,85	-16,98	-17,10	-17,20	-17,29	-9,46
18/04/2019 19:55:00	-9,26	-9,84	-10,21	-10,50	-10,79	-11,13	-11,67	-12,34	-13,01	-13,60	-14,26	-14,81	-15,36	-15,65	-15,94	-16,05	-16,16	-16,27	-16,39	-16,48	-16,57	-9,37
18/04/2019 20:00:00	-9,31	-9,69	-10,01	-10,24	-10,62	-11,21	-11,82	-12,61	-13,34	-13,93	-14,54	-15,02	-15,50	-15,71	-15,92	-15,99	-16,05	-16,12	-16,19	-16,26	-16,33	-9,36
18/04/2019 20:05:00	-9,30	-9,73	-10,02	-10,27	-10,62	-11,13	-11,82	-12,53	-13,19	-13,83	-14,49	-14,99	-15,49	-15,70	-15,92	-15,96	-16,01	-16,06	-16,12	-16,18	-16,24	-9,37
18/04/2019 20:10:00	-9,37	-9,82	-10,16	-10,51	-10,89	-11,32	-11,90	-12,60	-13,26	-13,79	-14,36	-14,81	-15,26	-15,46	-15,66	-15,72	-15,78	-15,86	-15,93	-16,00	-16,08	-9,33
18/04/2019 20:15:00	-9,23	-9,68	-10,05	-10,37	-10,72	-11,11	-11,58	-12,22	-12,87	-13,48	-14,15	-14,68	-15,21	-15,48	-15,75	-15,83	-15,91	-16,01	-16,11	-16,20	-16,28	-9,33
18/04/2019 20:20:00	-9,32	-9,62	-9,97	-10,41	-10,82	-11,17	-11,79	-12,44	-13,04	-13,56	-14,12	-14,55	-14,99	-15,18	-15,38	-15,44	-15,49	-15,57	-15,65	-15,73	-15,81	-9,28
18/04/2019 20:25:00	-9,26	-9,55	-9,99	-10,38	-10,73	-11,09	-11,58	-12,19	-12,78	-13,30	-13,88	-14,36	-14,85	-15,10	-15,36	-15,45	-15,55	-15,67	-15,78	-15,88	-15,98	-9,26
18/04/2019 20:30:00	-9,14	-9,69	-10,01	-10,23	-10,52	-10,94	-11,51	-12,14	-12,75	-13,37	-14,03	-14,55	-15,07	-15,30	-15,54	-15,60	-15,66	-15,74	-15,81	-15,88	-15,95	-9,26
18/04/2019 20:35:00	-9,26	-9,70	-10,00	-10,25	-10,55	-10,97	-11,52	-12,14	-12,75	-13,37	-14,02	-14,53	-15,05	-15,29	-15,53	-15,59	-15,66	-15,74	-15,82	-15,89	-15,97	-9,17
18/04/2019 20:40:00	-9,17	-9,58	-9,92	-10,15	-10,39	-10,70	-11,18	-11,81	-12,43	-12,98	-13,59	-14,11	-14,64	-14,92	-15,20	-15,32	-15,44	-15,56	-15,69	-15,79	-15,89	-9,15
18/04/2019 20:45:00	-9,09	-9,43	-9,65	-9,85	-10,14	-10,55	-11,11	-11,76	-12,41	-13,10	-13,82	-14,39	-14,96	-15,24	-15,52	-15,60	-15,68	-15,77	-15,86	-15,95	-16,03	-9,14
18/04/2019 20:50:00	-9,04	-9,41	-9,75	-10,09	-10,45	-10,81	-11,34	-11,96	-12,55	-13,08	-13,65	-14,10	-14,56	-14,77	-14,98	-15,05	-15,11	-15,20	-15,28	-15,37	-15,45	-9,03
18/04/2019 20:55:00	-8,99	-9,44	-9,75	-10,00	-10,28	-10,66	-11,16	-11,84	-12,46	-12,91	-13,39	-13,78	-14,18	-14,37	-14,55	-14,62	-14,70	-14,78	-14,87	-14,95	-15,03	-9,01
18/04/2019 21:00:00	-9,02	-9,44	-9,76	-10,03	-10,28	-10,56	-11,07	-11,59	-12,11	-12,68	-13,30	-13,79	-14,29	-14,53	-14,77	-14,84	-14,92	-15,01	-15,10	-15,18	-15,27	-8,98
18/04/2019 21:05:00	-8,99	-9,43	-9,80	-10,13	-10,43	-10,71	-11,13	-11,66	-12,18	-12,64	-13,13	-13,53	-13,94	-14,13	-14,32	-14,39	-14,45	-14,54	-14,63	-14,72	-14,80	-8,99
18/04/2019 21:10:00	-8,90	-9,26	-9,57	-9,91	-10,25	-10,58	-11,17	-11,72	-12,25	-12,83	-13,44	-13,91	-14,37	-14,58	-14,79	-14,84	-14,89	-14,96	-15,03	-15,10	-15,18	-8,91
18/04/2019 21:15:00	-8,84	-9,28	-9,61	-9,90	-10,20	-10,55	-11,05	-11,65	-12,23	-12,73	-13,27	-13,70	-14,14	-14,34	-14,54	-14,61	-14,68	-14,77	-14,86	-14,94	-15,03	-8,87
18/04/2019 21:20:00	-8,87	-9,15	-9,58	-9,94	-10,28	-10,65	-11,09	-11,56	-12,03	-12,52	-13,05	-13,46	-13,87	-14,05	-14,23	-14,28	-14,33	-14,41	-14,49	-14,57	-14,65	-8,83
18/04/2019 21:25:00	-8,79	-9,30	-9,64	-9,84	-10,04	-10,31	-10,73	-11,25	-11,78	-12,32	-12,91	-13,40	-13,89	-14,14	-14,40	-14,49	-14,59	-14,70	-14,81	-14,90	-15,00	-8,73
18/04/2019 21:30:00	-8,76	-9,09	-9,43	-9,70	-10,05	-10,57	-11,22	-11,86	-12,43	-12,96	-13,50	-13,91	-14,32	-14,48	-14,64	-14,68	-14,71	-14,76	-14,81	-14,88	-14,94	-8,71
18/04/2019 21:35:00	-8,70	-9,04	-9,36	-9,62	-9,86	-10,14	-10,65	-11,13	-11,60	-12,16	-12,75	-13,23	-13,70	-13,92	-14,15	-14,21	-14,28	-14,37	-14,45	-14,54	-14,63	-8,70
18/04/2019 21:40:00	-8,59	-8,95	-9,28	-9,52	-9,82	-10,31	-10,95	-11,60	-12,16	-12,62	-13,10	-13,48	-13,85	-14,00	-14,14	-14,18	-14,22	-14,28	-14,34	-14,40	-14,47	-8,61
18/04/2019 21:45:00	-8,28	-8,62	-8,87	-9,16	-9,51	-9,91	-10,36	-10,89	-11,46	-12,10	-12,78	-13,29	-13,80	-14,04	-14,27	-14,33	-14,38	-14,46	-14,54	-14,62	-14,71	-8,36
18/04/2019 21:50:00	-8,31	-8,73	-8,96	-9,15	-9,42	-9,80	-10,36	-11,04	-11,70	-12,29	-12,92	-13,43	-13,94	-14,19	-14,45	-14,54	-14,63	-14,74	-14,84	-14,93	-15,02	-8,21
18/04/2019 21:55:00	-8,11	-8,62	-8,93	-9,09	-9,31	-9,68	-10,16	-10,76	-11,37	-11,97	-12,62	-13,16	-13,70	-13,99	-14,27	-14,38	-14,49	-14,61	-14,73	-14,82	-14,92	-8,12
18/04/2019 22:00:00	-8,32	-8,80	-9,20	-9,38	-9,55	-9,84	-10,23	-10,69	-11,18	-11,77	-12,42	-12,97	-13,53	-13,83	-14,13	-14,24	-14,36	-14,49	-14,62	-14,72	-14,83	-8,25
18/04/2019 22:05:00	-8,39	-8,51	-8,79	-9,11	-9,45	-9,85	-10,43	-11,06	-11,65	-12,15	-12,69	-13,12	-13,55	-13,75	-13,96	-14,03	-14,11	-14,20	-14,29	-14,39	-14,48	-8,38
18/04/2019 22:10:00	-8,33	-8,72	-9,02	-9,18	-9,36	-9,64	-10,08	-10,58	-11,11	-11,71	-12,37	-12,91	-13,46	-13,75	-14,04	-14,15	-14,26	-14,39	-14,51	-14,61	-14,71	-8,30
18/04/2019 22:15:00	-8,28	-8,67	-8,84	-8,96	-9,18	-9,53	-10,03	-10,66	-11,29	-11,91	-12,58	-13,13	-13,67	-13,95	-14,22	-14,32	-14,42	-14,53	-14,64	-14,73	-14,83	-8,12
18/04/2019 22:20:00	-8,17	-8,55	-8,76	-8,90	-9,13	-9,49	-9,99	-10,61	-11,24	-11,83	-12,46	-12,97	-13,48	-13,75	-14,01	-14,11	-14,21	-14,31	-14,42	-14,52	-14,61	-8,13
18/04/2019 22:25:00	-8,00	-8,28	-8,55	-8,65	-8,83	-9,21	-9,78	-10,43	-11,06	-11,64	-12,27	-12,82	-13,37	-13,67	-13,96	-14,10	-14,23	-14,37	-14,51	-14,62	-14,73	-8,04
18/04/2019 22:30:00	-7,91	-8,10	-8,22	-8,45	-8,80	-9,24	-9,96	-10,67	-11,32	-11,97	-12,65	-13,15	-13,66	-13,89	-14,11	-14,17	-14,23	-14,31	-14,38	-14,46	-14,54	-7,83
18/04/2019 22:35:00	-7,75	-8,07	-8,32	-8,53	-8,84	-9,28	-9,87	-10,50	-11,10	-11,69	-12,29	-12,76	-13,24	-13,45	-13,67	-13,74	-13,81	-13,89	-13,98	-14,06	-14,15	-7,63
18/04/2019 22:40:00	-7,61	-7,96	-8,23	-8,48	-8,75	-9,08	-9,59	-10,23	-10,85	-11,38	-11,95	-12,43	-12,92	-13,17	-13,43	-13,54	-13,65	-13,77	-13,90	-14,00	-14,11	-7,55
18/04/2019 22:45:00	-7,44	-7,79	-8,06	-8,32	-8,59	-8,87	-9,33	-9,94	-10,57	-11,15	-11,79	-12,34	-12,88	-13,18	-13,49	-13,62	-13,75	-13,90	-14,04	-14,16	-14,28	-7,52
18/04/2019 22:50:00	-7,48	-7,75	-8,02	-8,19	-8,44	-8,87	-9,44	-10,13	-10,78	-11,31	-11,87	-12,35	-12,83	-13,08	-13,33	-13,45	-13,56	-13,68	-13,80	-13,91	-14,01	-7,53
18/04/2019 22:55:00	-7,40	-7,76	-8,01	-8,22	-8,45	-8,72	-9,20	-9,78	-10,39	-11,03	-11,73	-12,32	-12,92	-13,25	-13,58	-13,72	-13,86	-14,01	-14,16	-14,28	-14,40	-7,41
18/04/2019 23:00:00	-7,36	-7,66	-7,93	-8,17	-8,46	-8,85	-9,38	-10,03	-10,68	-11,25	-11,86	-12,37	-12,88	-13,15	-13,41	-13,53	-13,64	-13,76	-13,88	-13,99	-14,10	-7,43
18/04/2019 23:05:00	-7,39	-7,72	-7,92	-8,12	-8,42	-8,83	-9,37	-10,05	-10,71	-11,28	-11,87	-12,35	-12,83	-13,07	-13,31	-13,41	-13,51	-13,62	-13,73	-13,82	-13,92	-7,38
18/04/2019 23:10:00	-7,30	-7,62	-7,88	-8,08	-8,36	-8,77	-9,37	-10,01	-10,62	-11,22	-11,85	-12,36	-12,87	-13,12	-13,37	-13,47	-13,57	-13,67	-13,78	-13,88	-13,98	-7,29
18/04/2019 23:15:00	-7,22	-7,54	-7,77	-8,08	-8,43	-8,79	-9,32	-10,02	-10,70	-11,20	-11,74	-12,18	-12,62	-12,84	-13,07	-13,16	-13,26	-13,38	-13,49	-13,59	-13,70	-7,17
18/04/2019 23:20:00	-7,11	-7,38	-7,71	-7,95	-8,28	-8,81	-9,38	-9,98	-10,55	-11,15	-11,78	-12,26	-12,75	-12,97	-13,20	-13,27	-13,34	-13,43	-13,52	-13,61	-13,69	-7,12
18/04/2019 23:25:00	-7,08	-7,38	-7,69	-7,97	-8,26	-8,57	-9,04	-9,65	-10,28	-10,86	-11,49	-12,04	-12,58	-12,89	-13,20	-13,34	-13,48	-13,63	-13,78	-13,91	-14,03	-7,11
18/04/2019 23:30:00	-6,94	-7,27	-7,63	-7,91	-8,22	-8,65	-9,13	-9,71	-10,28	-10,85	-11,47	-11,97	-12,48	-12,74	-13,01	-13,11	-13,22	-13,34	-13,46	-13,57	-13,68	-6,98
18/04/2019 23:35:00	-6,91	-7,32	-7,61	-7,86	-8,19	-8,67	-9,32	-10,02	-10,65	-11,21	-11,79	-12,26	-12,72	-12,94	-13,15	-13,23	-13,31	-13,40	-13,49	-13,58	-13,67	-6,94
18/04/2019 23:40:00	-6,95	-7,34	-7,68	-7,97	-8,28	-8,67	-9,25	-9,86	-10,43	-10,97	-11,54	-12,01	-12,47	-12,70	-12,93	-13,02	-13,10	-13,21	-13,31	-13,41	-13,51	-6,96
18/04/2019 23:45:00	-6,92	-7,31	-7,58	-7,79	-8,10	-8,57	-9,18	-9,91	-10,60	-11,14	-11,70	-12,16	-12,62	-12,84	-13,07	-13,16	-13,25	-13,36	-13,46	-13,56	-13,65	-6,92
18/04/2019 23:50:00	-6,90	-7,18	-7,44	-7,78	-8,23	-8,76	-9,37	-10,06	-10,70	-11,26	-11,83	-12,24	-12,66	-12,83	-13,00	-13,04	-13,08	-13,15	-13,21	-13,29	-13,37	-6,86
18/04/2019 23:55:00	-6,86	-7,38	-7,68	-7,79	-7,91	-8,17	-8,56	-9,09	-9,67	-10,37	-11,14	-11,81	-12,49	-12,88	-13,28	-13,45	-13,63	-13,81	-13,98	-14,12	-14,25	-6,86
