FileFormat:0002.2 file with temperature of atmosphere
SN105HE102
local	GMT or Local
0	GMT-Local=[hours]
0	Height[m]
0	0	0	Longitude                [grd]               [min]               [sec]
0	0	0	Latitude                [grd]               [min]               [sec]
N	NS
56,45	Freq[GHz]
0,00	dTemostat[K]
0,150	MessErr[K]
0,248	//[grad/step]
version 14.4.20120406
MTP5HE102F5645K-38.60I70D219217+A1.1
Commentary:
SN105HE102
парабола ДНА = 2,5 град
НЕ102 - ПУ - ХВБ с ЦСД " S "
АЦП - 202 - 09 с контр.U пит.и М
оптопара серии - 2
Т out № 178 пл
БП LPS - 112
End Of Commentary

SYSTEM\alaska.dat
data time	0	50	100	150	200	250	300	350	400	450	500	550	600	650	700	750	800	850	900	950	1000	OutsideTemperature
30/01/2020 00:00:00	-19,49	-19,81	-20,19	-20,67	-21,19	-21,75	-22,37	-22,93	-23,31	-23,58	-23,81	-23,86	-23,90	-23,71	-23,53	-23,30	-23,07	-22,89	-22,70	-22,62	-22,53	-19,39
30/01/2020 00:05:00	-19,49	-19,88	-20,32	-20,88	-21,36	-21,82	-22,33	-22,74	-23,08	-23,36	-23,63	-23,70	-23,76	-23,59	-23,43	-23,20	-22,97	-22,79	-22,61	-22,53	-22,45	-19,44
30/01/2020 00:10:00	-19,58	-20,07	-20,46	-20,91	-21,35	-21,82	-22,33	-22,79	-23,17	-23,46	-23,73	-23,82	-23,90	-23,75	-23,60	-23,38	-23,17	-22,99	-22,82	-22,74	-22,66	-19,51
30/01/2020 00:15:00	-19,60	-19,99	-20,41	-20,94	-21,47	-21,93	-22,34	-22,77	-23,14	-23,45	-23,75	-23,83	-23,92	-23,76	-23,60	-23,37	-23,13	-22,95	-22,77	-22,69	-22,60	-19,57
30/01/2020 00:20:00	-19,64	-20,17	-20,57	-21,02	-21,50	-21,97	-22,44	-22,88	-23,24	-23,52	-23,78	-23,84	-23,89	-23,71	-23,53	-23,29	-23,06	-22,86	-22,67	-22,58	-22,49	-19,59
30/01/2020 00:25:00	-19,65	-20,08	-20,44	-20,83	-21,30	-21,82	-22,35	-22,77	-23,22	-23,64	-24,03	-24,18	-24,34	-24,22	-24,10	-23,87	-23,65	-23,46	-23,28	-23,19	-23,11	-19,64
30/01/2020 00:30:00	-19,56	-19,97	-20,40	-20,93	-21,45	-21,97	-22,52	-22,99	-23,36	-23,63	-23,87	-23,91	-23,96	-23,76	-23,57	-23,33	-23,09	-22,90	-22,70	-22,62	-22,53	-19,76
30/01/2020 00:35:00	-19,73	-20,20	-20,68	-21,10	-21,55	-22,04	-22,53	-22,88	-23,23	-23,53	-23,82	-23,91	-24,00	-23,84	-23,68	-23,46	-23,23	-23,05	-22,87	-22,78	-22,70	-19,75
30/01/2020 00:40:00	-19,73	-20,19	-20,62	-21,11	-21,60	-22,07	-22,56	-23,09	-23,41	-23,62	-23,81	-23,83	-23,85	-23,65	-23,46	-23,24	-23,02	-22,84	-22,66	-22,58	-22,50	-19,78
30/01/2020 00:45:00	-19,78	-20,25	-20,64	-21,10	-21,52	-21,91	-22,33	-22,81	-23,17	-23,46	-23,73	-23,84	-23,94	-23,81	-23,69	-23,49	-23,29	-23,14	-22,98	-22,91	-22,84	-19,80
30/01/2020 00:50:00	-19,70	-20,17	-20,73	-21,21	-21,67	-22,09	-22,52	-22,87	-23,20	-23,49	-23,77	-23,88	-23,98	-23,85	-23,72	-23,51	-23,31	-23,15	-22,98	-22,91	-22,84	-19,80
30/01/2020 00:55:00	-19,77	-20,16	-20,60	-21,14	-21,64	-22,07	-22,48	-22,96	-23,32	-23,60	-23,87	-23,96	-24,04	-23,90	-23,76	-23,55	-23,34	-23,17	-23,01	-22,93	-22,86	-19,74
30/01/2020 01:00:00	-19,72	-20,09	-20,52	-21,02	-21,53	-22,02	-22,49	-22,97	-23,33	-23,61	-23,87	-23,94	-24,00	-23,83	-23,67	-23,44	-23,21	-23,03	-22,85	-22,77	-22,69	-19,74
30/01/2020 01:05:00	-19,74	-20,27	-20,68	-21,01	-21,43	-21,90	-22,37	-22,85	-23,29	-23,66	-24,02	-24,19	-24,36	-24,27	-24,17	-23,98	-23,80	-23,64	-23,48	-23,41	-23,33	-19,78
30/01/2020 01:10:00	-19,80	-20,27	-20,70	-21,16	-21,48	-21,84	-22,39	-22,90	-23,23	-23,48	-23,74	-23,87	-24,00	-23,91	-23,83	-23,68	-23,52	-23,41	-23,29	-23,23	-23,18	-19,75
30/01/2020 01:15:00	-19,78	-20,23	-20,63	-21,08	-21,56	-22,05	-22,56	-23,00	-23,39	-23,71	-24,01	-24,09	-24,18	-24,01	-23,84	-23,60	-23,36	-23,17	-22,97	-22,88	-22,80	-19,75
30/01/2020 01:20:00	-19,75	-20,19	-20,60	-20,98	-21,44	-21,95	-22,46	-22,95	-23,32	-23,60	-23,86	-23,93	-24,01	-23,84	-23,68	-23,46	-23,24	-23,06	-22,88	-22,80	-22,71	-19,77
30/01/2020 01:25:00	-19,79	-20,31	-20,85	-21,32	-21,73	-22,10	-22,50	-22,87	-23,17	-23,42	-23,68	-23,78	-23,87	-23,75	-23,62	-23,43	-23,24	-23,08	-22,93	-22,86	-22,80	-19,83
30/01/2020 01:30:00	-19,80	-20,34	-20,76	-21,19	-21,66	-22,12	-22,53	-22,93	-23,32	-23,64	-23,95	-24,05	-24,14	-23,98	-23,82	-23,58	-23,35	-23,15	-22,96	-22,88	-22,79	-19,86
30/01/2020 01:35:00	-19,89	-20,27	-20,75	-21,22	-21,73	-22,22	-22,67	-23,12	-23,50	-23,82	-24,13	-24,24	-24,35	-24,22	-24,08	-23,87	-23,65	-23,48	-23,30	-23,23	-23,15	-19,87
30/01/2020 01:40:00	-20,03	-20,48	-20,83	-21,33	-21,82	-22,34	-22,91	-23,33	-23,76	-24,13	-24,47	-24,57	-24,67	-24,50	-24,33	-24,08	-23,83	-23,62	-23,42	-23,32	-23,22	-19,92
30/01/2020 01:45:00	-20,02	-20,54	-20,92	-21,24	-21,63	-22,12	-22,66	-23,15	-23,59	-23,98	-24,35	-24,52	-24,69	-24,59	-24,49	-24,29	-24,09	-23,92	-23,75	-23,67	-23,60	-20,04
30/01/2020 01:50:00	-20,09	-20,57	-21,01	-21,44	-21,82	-22,26	-22,80	-23,16	-23,57	-23,96	-24,35	-24,52	-24,70	-24,61	-24,52	-24,32	-24,11	-23,95	-23,79	-23,71	-23,63	-20,10
30/01/2020 01:55:00	-20,18	-20,58	-21,00	-21,42	-21,83	-22,26	-22,73	-23,18	-23,56	-23,88	-24,19	-24,33	-24,46	-24,35	-24,24	-24,05	-23,85	-23,70	-23,54	-23,47	-23,40	-20,14
30/01/2020 02:00:00	-20,22	-20,61	-20,99	-21,51	-21,95	-22,39	-22,92	-23,37	-23,73	-24,01	-24,28	-24,35	-24,42	-24,26	-24,10	-23,88	-23,65	-23,47	-23,29	-23,21	-23,13	-20,17
30/01/2020 02:05:00	-20,20	-20,65	-21,03	-21,46	-21,87	-22,30	-22,76	-23,11	-23,50	-23,86	-24,21	-24,34	-24,47	-24,33	-24,20	-23,98	-23,75	-23,57	-23,38	-23,30	-23,21	-20,37
30/01/2020 02:10:00	-20,41	-20,91	-21,33	-21,76	-22,21	-22,71	-23,22	-23,55	-23,96	-24,33	-24,68	-24,80	-24,92	-24,76	-24,60	-24,36	-24,11	-23,90	-23,69	-23,60	-23,50	-20,40
30/01/2020 02:15:00	-20,44	-20,84	-21,18	-21,69	-22,22	-22,76	-23,32	-23,84	-24,22	-24,49	-24,72	-24,74	-24,76	-24,54	-24,32	-24,05	-23,78	-23,57	-23,35	-23,24	-23,14	-20,35
30/01/2020 02:20:00	-20,33	-20,83	-21,25	-21,59	-21,97	-22,41	-22,95	-23,61	-24,00	-24,27	-24,54	-24,67	-24,81	-24,72	-24,63	-24,48	-24,33	-24,20	-24,07	-24,01	-23,95	-20,34
30/01/2020 02:25:00	-20,42	-20,88	-21,35	-21,73	-22,09	-22,47	-22,92	-23,34	-23,72	-24,06	-24,42	-24,60	-24,78	-24,71	-24,64	-24,47	-24,30	-24,16	-24,02	-23,96	-23,89	-20,34
30/01/2020 02:30:00	-20,44	-20,88	-21,26	-21,67	-22,08	-22,50	-22,95	-23,47	-23,85	-24,15	-24,45	-24,58	-24,70	-24,59	-24,47	-24,28	-24,09	-23,94	-23,78	-23,71	-23,63	-20,36
30/01/2020 02:35:00	-20,35	-20,91	-21,25	-21,59	-21,95	-22,34	-22,82	-23,37	-23,81	-24,16	-24,52	-24,70	-24,89	-24,81	-24,73	-24,56	-24,39	-24,24	-24,10	-24,03	-23,96	-20,40
30/01/2020 02:40:00	-20,53	-20,97	-21,29	-21,69	-22,10	-22,53	-23,03	-23,52	-23,96	-24,33	-24,70	-24,86	-25,02	-24,92	-24,81	-24,61	-24,41	-24,24	-24,07	-23,99	-23,91	-20,50
30/01/2020 02:45:00	-20,51	-20,95	-21,36	-21,78	-22,22	-22,68	-23,16	-23,53	-23,93	-24,29	-24,63	-24,75	-24,88	-24,74	-24,60	-24,36	-24,13	-23,94	-23,75	-23,66	-23,57	-20,55
30/01/2020 02:50:00	-20,61	-21,00	-21,37	-21,81	-22,19	-22,55	-22,98	-23,45	-23,87	-24,24	-24,63	-24,82	-25,02	-24,95	-24,89	-24,71	-24,54	-24,40	-24,25	-24,19	-24,12	-20,54
30/01/2020 02:55:00	-20,62	-20,95	-21,37	-21,89	-22,42	-22,95	-23,50	-23,99	-24,33	-24,58	-24,80	-24,82	-24,84	-24,62	-24,41	-24,16	-23,91	-23,70	-23,49	-23,39	-23,30	-20,55
30/01/2020 03:00:00	-20,63	-21,02	-21,48	-21,87	-22,32	-22,81	-23,33	-23,77	-24,14	-24,46	-24,76	-24,87	-24,97	-24,83	-24,69	-24,48	-24,26	-24,08	-23,90	-23,81	-23,73	-20,60
30/01/2020 03:05:00	-20,59	-21,21	-21,65	-21,93	-22,32	-22,78	-23,25	-23,73	-24,13	-24,46	-24,79	-24,92	-25,06	-24,94	-24,82	-24,61	-24,41	-24,23	-24,06	-23,97	-23,89	-20,63
30/01/2020 03:10:00	-20,70	-21,18	-21,66	-22,10	-22,51	-22,92	-23,38	-23,75	-24,12	-24,46	-24,80	-24,94	-25,09	-24,98	-24,87	-24,67	-24,46	-24,30	-24,13	-24,05	-23,97	-20,71
30/01/2020 03:15:00	-20,89	-21,24	-21,70	-22,22	-22,68	-23,10	-23,55	-23,97	-24,30	-24,57	-24,83	-24,90	-24,97	-24,82	-24,66	-24,44	-24,22	-24,04	-23,86	-23,78	-23,70	-20,76
30/01/2020 03:20:00	-20,93	-21,36	-21,76	-22,28	-22,74	-23,24	-23,81	-24,30	-24,66	-24,93	-25,17	-25,22	-25,27	-25,08	-24,90	-24,65	-24,41	-24,21	-24,01	-23,92	-23,82	-20,98
30/01/2020 03:25:00	-21,03	-21,44	-21,95	-22,41	-22,91	-23,35	-23,77	-24,23	-24,58	-24,86	-25,14	-25,24	-25,33	-25,19	-25,04	-24,83	-24,61	-24,43	-24,25	-24,17	-24,09	-21,05
30/01/2020 03:30:00	-21,04	-21,41	-21,88	-22,31	-22,79	-23,24	-23,66	-24,01	-24,40	-24,76	-25,11	-25,25	-25,38	-25,25	-25,12	-24,89	-24,66	-24,48	-24,29	-24,20	-24,11	-21,00
30/01/2020 03:35:00	-21,17	-21,55	-21,99	-22,39	-22,84	-23,29	-23,72	-24,12	-24,51	-24,86	-25,19	-25,32	-25,45	-25,32	-25,19	-24,96	-24,74	-24,56	-24,37	-24,28	-24,19	-21,21
30/01/2020 03:40:00	-21,23	-21,75	-22,21	-22,67	-23,00	-23,27	-23,61	-23,97	-24,32	-24,65	-25,00	-25,17	-25,35	-25,27	-25,19	-25,01	-24,83	-24,68	-24,53	-24,47	-24,40	-21,25
30/01/2020 03:45:00	-21,40	-21,70	-21,99	-22,39	-22,88	-23,43	-24,02	-24,59	-24,98	-25,26	-25,51	-25,55	-25,59	-25,39	-25,19	-24,94	-24,69	-24,48	-24,27	-24,17	-24,07	-21,40
30/01/2020 03:50:00	-21,36	-21,80	-22,10	-22,46	-22,89	-23,39	-23,93	-24,45	-24,85	-25,16	-25,43	-25,51	-25,58	-25,41	-25,23	-24,99	-24,75	-24,55	-24,35	-24,25	-24,15	-21,45
30/01/2020 03:55:00	-21,52	-21,88	-22,33	-22,73	-23,17	-23,65	-24,16	-24,62	-24,94	-25,17	-25,38	-25,43	-25,47	-25,29	-25,10	-24,87	-24,64	-24,45	-24,25	-24,16	-24,07	-21,54
30/01/2020 04:00:00	-21,46	-21,92	-22,33	-22,65	-23,12	-23,63	-24,12	-24,61	-24,98	-25,27	-25,53	-25,59	-25,66	-25,47	-25,29	-25,05	-24,80	-24,59	-24,39	-24,28	-24,18	-21,45
30/01/2020 04:05:00	-21,50	-21,99	-22,29	-22,62	-23,02	-23,51	-24,03	-24,49	-24,92	-25,28	-25,62	-25,74	-25,85	-25,70	-25,54	-25,30	-25,06	-24,85	-24,64	-24,54	-24,43	-21,64
30/01/2020 04:10:00	-21,69	-21,93	-22,38	-22,93	-23,44	-23,91	-24,41	-24,87	-25,22	-25,51	-25,78	-25,85	-25,93	-25,76	-25,60	-25,37	-25,13	-24,94	-24,75	-24,66	-24,57	-21,69
30/01/2020 04:15:00	-21,71	-22,10	-22,49	-22,90	-23,35	-23,83	-24,34	-24,82	-25,21	-25,52	-25,81	-25,90	-26,00	-25,84	-25,68	-25,45	-25,21	-25,02	-24,82	-24,73	-24,63	-21,69
30/01/2020 04:20:00	-21,86	-22,15	-22,44	-22,88	-23,32	-23,79	-24,32	-24,81	-25,22	-25,54	-25,85	-25,94	-26,04	-25,87	-25,71	-25,47	-25,23	-25,03	-24,83	-24,73	-24,63	-21,84
30/01/2020 04:25:00	-21,86	-22,26	-22,63	-23,01	-23,45	-23,90	-24,36	-24,84	-25,25	-25,60	-25,93	-26,06	-26,18	-26,04	-25,90	-25,66	-25,43	-25,24	-25,04	-24,94	-24,85	-21,91
30/01/2020 04:30:00	-22,10	-22,41	-22,80	-23,17	-23,60	-24,12	-24,69	-25,21	-25,54	-25,78	-25,99	-26,03	-26,07	-25,88	-25,69	-25,45	-25,21	-25,01	-24,81	-24,71	-24,61	-22,07
30/01/2020 04:35:00	-22,11	-22,58	-22,89	-23,16	-23,47	-23,80	-24,19	-24,65	-25,09	-25,48	-25,89	-26,10	-26,31	-26,24	-26,17	-25,98	-25,79	-25,63	-25,47	-25,39	-25,31	-22,11
30/01/2020 04:40:00	-22,11	-22,50	-22,84	-23,22	-23,62	-24,11	-24,67	-25,12	-25,45	-25,70	-25,93	-25,96	-25,98	-25,78	-25,57	-25,31	-25,06	-24,84	-24,62	-24,51	-24,41	-22,17
30/01/2020 04:45:00	-22,08	-22,51	-22,84	-23,23	-23,64	-24,10	-24,61	-25,03	-25,40	-25,69	-25,95	-26,01	-26,07	-25,87	-25,68	-25,42	-25,16	-24,94	-24,72	-24,62	-24,51	-22,05
30/01/2020 04:50:00	-22,00	-22,45	-22,98	-23,48	-23,91	-24,34	-24,77	-25,06	-25,31	-25,51	-25,69	-25,69	-25,68	-25,46	-25,24	-24,97	-24,70	-24,49	-24,27	-24,16	-24,06	-22,10
30/01/2020 04:55:00	-22,21	-22,61	-22,93	-23,29	-23,62	-24,04	-24,57	-25,07	-25,40	-25,65	-25,88	-25,94	-26,01	-25,85	-25,68	-25,46	-25,24	-25,05	-24,87	-24,77	-24,68	-22,11
30/01/2020 05:00:00	-22,18	-22,55	-22,94	-23,44	-23,84	-24,18	-24,50	-24,78	-25,12	-25,43	-25,74	-25,83	-25,91	-25,75	-25,58	-25,33	-25,08	-24,87	-24,67	-24,57	-24,47	-22,20
30/01/2020 05:05:00	-22,26	-22,77	-23,06	-23,32	-23,62	-23,97	-24,38	-24,87	-25,23	-25,52	-25,80	-25,92	-26,04	-25,91	-25,78	-25,58	-25,37	-25,19	-25,02	-24,93	-24,84	-22,32
30/01/2020 05:10:00	-22,30	-22,76	-23,16	-23,58	-23,97	-24,32	-24,65	-24,92	-25,24	-25,53	-25,80	-25,85	-25,90	-25,71	-25,51	-25,24	-24,97	-24,75	-24,52	-24,42	-24,31	-22,38
30/01/2020 05:15:00	-22,30	-22,67	-23,21	-23,67	-24,02	-24,26	-24,48	-24,69	-24,96	-25,23	-25,52	-25,64	-25,76	-25,64	-25,52	-25,31	-25,10	-24,93	-24,77	-24,69	-24,61	-22,25
30/01/2020 05:20:00	-22,43	-22,79	-23,24	-23,58	-23,92	-24,23	-24,51	-24,77	-25,02	-25,25	-25,49	-25,55	-25,61	-25,45	-25,28	-25,05	-24,82	-24,63	-24,44	-24,35	-24,26	-22,36
30/01/2020 05:25:00	-22,43	-22,92	-23,26	-23,60	-23,93	-24,19	-24,47	-24,86	-25,19	-25,47	-25,76	-25,87	-25,98	-25,84	-25,70	-25,49	-25,27	-25,09	-24,91	-24,82	-24,73	-22,49
30/01/2020 05:30:00	-22,55	-22,98	-23,31	-23,63	-23,94	-24,28	-24,65	-24,99	-25,30	-25,57	-25,83	-25,90	-25,98	-25,81	-25,64	-25,41	-25,17	-24,97	-24,77	-24,68	-24,58	-22,40
30/01/2020 05:35:00	-22,62	-22,99	-23,27	-23,65	-24,11	-24,58	-25,04	-25,48	-25,76	-25,95	-26,09	-26,03	-25,96	-25,68	-25,40	-25,09	-24,79	-24,54	-24,29	-24,16	-24,04	-22,60
30/01/2020 05:40:00	-22,67	-23,20	-23,58	-23,91	-24,21	-24,56	-24,92	-25,09	-25,37	-25,60	-25,83	-25,84	-25,86	-25,64	-25,42	-25,14	-24,86	-24,63	-24,39	-24,28	-24,16	-22,69
30/01/2020 05:45:00	-22,75	-23,21	-23,64	-23,92	-24,20	-24,48	-24,78	-25,05	-25,30	-25,52	-25,75	-25,80	-25,86	-25,70	-25,54	-25,31	-25,08	-24,89	-24,70	-24,61	-24,52	-22,87
30/01/2020 05:50:00	-22,75	-23,13	-23,59	-23,98	-24,35	-24,66	-24,94	-25,11	-25,35	-25,57	-25,77	-25,79	-25,80	-25,59	-25,38	-25,12	-24,85	-24,63	-24,41	-24,31	-24,20	-22,77
30/01/2020 05:55:00	-22,95	-23,27	-23,64	-24,13	-24,47	-24,77	-25,11	-25,39	-25,60	-25,77	-25,93	-25,91	-25,89	-25,67	-25,45	-25,19	-24,93	-24,72	-24,51	-24,40	-24,30	-22,91
30/01/2020 06:00:00	-22,96	-23,31	-23,72	-24,16	-24,55	-24,81	-25,00	-25,12	-25,42	-25,71	-26,01	-26,07	-26,13	-25,94	-25,76	-25,48	-25,20	-24,98	-24,76	-24,65	-24,54	-22,94
30/01/2020 06:05:00	-23,00	-23,40	-23,80	-24,27	-24,66	-24,95	-25,19	-25,40	-25,61	-25,78	-25,93	-25,89	-25,84	-25,59	-25,34	-25,04	-24,75	-24,51	-24,28	-24,16	-24,05	-22,91
30/01/2020 06:10:00	-23,04	-23,43	-23,97	-24,45	-24,84	-25,13	-25,38	-25,60	-25,71	-25,78	-25,84	-25,75	-25,65	-25,38	-25,11	-24,83	-24,55	-24,32	-24,09	-23,99	-23,88	-22,92
30/01/2020 06:15:00	-23,09	-23,61	-23,99	-24,35	-24,66	-24,95	-25,21	-25,35	-25,64	-25,90	-26,15	-26,18	-26,21	-26,00	-25,78	-25,50	-25,21	-24,97	-24,73	-24,61	-24,50	-23,10
30/01/2020 06:20:00	-23,22	-23,51	-23,86	-24,35	-24,74	-25,07	-25,40	-25,66	-25,90	-26,08	-26,24	-26,19	-26,15	-25,89	-25,64	-25,34	-25,05	-24,81	-24,57	-24,45	-24,34	-23,10
30/01/2020 06:25:00	-23,30	-23,76	-24,20	-24,54	-24,81	-24,96	-25,09	-25,28	-25,44	-25,58	-25,74	-25,74	-25,74	-25,55	-25,36	-25,12	-24,87	-24,68	-24,48	-24,39	-24,30	-23,17
30/01/2020 06:30:00	-23,10	-23,61	-24,08	-24,47	-24,63	-24,71	-24,83	-24,96	-25,12	-25,29	-25,49	-25,55	-25,61	-25,48	-25,34	-25,13	-24,93	-24,76	-24,60	-24,52	-24,44	-23,16
30/01/2020 06:35:00	-23,14	-23,67	-24,06	-24,44	-24,65	-24,81	-25,04	-25,31	-25,44	-25,53	-25,64	-25,61	-25,58	-25,37	-25,15	-24,92	-24,68	-24,49	-24,30	-24,21	-24,11	-23,15
30/01/2020 06:40:00	-23,25	-23,62	-24,11	-24,55	-24,78	-24,84	-24,87	-24,93	-25,01	-25,11	-25,22	-25,20	-25,17	-24,97	-24,77	-24,53	-24,29	-24,11	-23,92	-23,84	-23,75	-23,31
30/01/2020 06:45:00	-23,28	-23,71	-24,18	-24,57	-24,70	-24,84	-25,04	-25,14	-25,23	-25,31	-25,42	-25,40	-25,39	-25,19	-25,00	-24,77	-24,54	-24,36	-24,18	-24,09	-24,01	-23,36
30/01/2020 06:50:00	-23,33	-23,77	-24,19	-24,48	-24,69	-24,86	-25,02	-25,09	-25,22	-25,34	-25,47	-25,44	-25,40	-25,18	-24,95	-24,69	-24,43	-24,22	-24,01	-23,91	-23,81	-23,41
30/01/2020 06:55:00	-23,40	-23,89	-24,40	-24,68	-24,86	-24,91	-24,93	-24,97	-25,02	-25,10	-25,20	-25,17	-25,14	-24,95	-24,75	-24,52	-24,29	-24,10	-23,92	-23,83	-23,75	-23,36
30/01/2020 07:00:00	-23,54	-24,02	-24,36	-24,67	-24,86	-25,06	-25,27	-25,42	-25,52	-25,57	-25,61	-25,51	-25,40	-25,13	-24,85	-24,57	-24,29	-24,06	-23,83	-23,72	-23,61	-23,47
30/01/2020 07:05:00	-23,61	-24,07	-24,47	-24,71	-24,95	-25,11	-25,24	-25,39	-25,45	-25,48	-25,51	-25,39	-25,28	-25,01	-24,74	-24,47	-24,19	-23,97	-23,75	-23,64	-23,53	-23,66
30/01/2020 07:10:00	-23,67	-24,19	-24,61	-24,90	-24,99	-25,06	-25,15	-25,18	-25,22	-25,26	-25,32	-25,25	-25,18	-24,95	-24,72	-24,48	-24,23	-24,03	-23,83	-23,74	-23,64	-23,68
30/01/2020 07:15:00	-23,79	-24,16	-24,57	-24,94	-25,13	-25,15	-25,14	-25,16	-25,21	-25,28	-25,37	-25,30	-25,24	-25,00	-24,77	-24,51	-24,25	-24,04	-23,84	-23,74	-23,65	-23,77
30/01/2020 07:20:00	-23,90	-24,33	-24,69	-24,99	-25,14	-25,18	-25,19	-25,16	-25,21	-25,26	-25,31	-25,21	-25,11	-24,84	-24,57	-24,29	-24,01	-23,78	-23,56	-23,45	-23,35	-23,87
30/01/2020 07:25:00	-23,85	-24,43	-24,75	-24,98	-25,09	-25,11	-25,13	-25,17	-25,24	-25,32	-25,40	-25,33	-25,26	-25,02	-24,78	-24,51	-24,25	-24,03	-23,81	-23,71	-23,61	-23,98
30/01/2020 07:30:00	-23,96	-24,40	-24,77	-25,00	-25,09	-25,07	-25,02	-24,99	-24,98	-24,98	-25,00	-24,89	-24,78	-24,53	-24,27	-24,01	-23,75	-23,54	-23,33	-23,23	-23,14	-23,98
30/01/2020 07:35:00	-24,05	-24,42	-24,88	-25,18	-25,32	-25,27	-25,13	-24,95	-24,92	-24,92	-24,95	-24,82	-24,70	-24,43	-24,16	-23,88	-23,60	-23,38	-23,15	-23,06	-22,96	-24,02
30/01/2020 07:40:00	-24,11	-24,58	-25,00	-25,17	-25,22	-25,18	-25,14	-25,10	-25,05	-25,02	-25,01	-24,90	-24,80	-24,56	-24,32	-24,07	-23,83	-23,64	-23,44	-23,35	-23,26	-24,02
30/01/2020 07:45:00	-24,10	-24,71	-25,15	-25,30	-25,29	-25,15	-24,97	-24,81	-24,79	-24,82	-24,88	-24,83	-24,78	-24,57	-24,37	-24,13	-23,89	-23,70	-23,51	-23,43	-23,34	-23,99
30/01/2020 07:50:00	-24,06	-24,59	-24,97	-25,10	-25,04	-24,99	-24,95	-24,82	-24,79	-24,79	-24,81	-24,73	-24,65	-24,43	-24,20	-23,96	-23,72	-23,53	-23,34	-23,25	-23,16	-24,02
30/01/2020 07:55:00	-24,13	-24,53	-24,98	-25,22	-25,27	-25,20	-25,06	-24,81	-24,76	-24,75	-24,77	-24,64	-24,52	-24,26	-23,99	-23,72	-23,44	-23,23	-23,01	-22,91	-22,81	-24,09
30/01/2020 08:00:00	-24,17	-24,60	-25,04	-25,26	-25,37	-25,29	-25,09	-24,84	-24,77	-24,74	-24,72	-24,57	-24,41	-24,12	-23,83	-23,54	-23,25	-23,02	-22,79	-22,69	-22,59	-24,20
30/01/2020 08:05:00	-24,31	-24,68	-25,11	-25,46	-25,62	-25,58	-25,44	-25,29	-25,17	-25,06	-24,96	-24,72	-24,48	-24,13	-23,78	-23,47	-23,15	-22,91	-22,66	-22,55	-22,44	-24,36
30/01/2020 08:10:00	-24,35	-24,73	-25,30	-25,65	-25,77	-25,63	-25,36	-25,04	-24,88	-24,77	-24,70	-24,50	-24,29	-23,98	-23,67	-23,37	-23,08	-22,85	-22,62	-22,52	-22,42	-24,34
30/01/2020 08:15:00	-24,40	-24,88	-25,25	-25,45	-25,48	-25,43	-25,34	-25,20	-25,08	-24,96	-24,85	-24,63	-24,42	-24,09	-23,76	-23,48	-23,19	-22,95	-22,72	-22,62	-22,51	-24,41
30/01/2020 08:20:00	-24,38	-24,89	-25,29	-25,52	-25,61	-25,53	-25,38	-25,23	-25,10	-24,99	-24,89	-24,66	-24,43	-24,09	-23,75	-23,45	-23,14	-22,90	-22,66	-22,54	-22,43	-24,45
30/01/2020 08:25:00	-24,47	-24,86	-25,28	-25,50	-25,60	-25,51	-25,35	-25,22	-25,08	-24,97	-24,88	-24,68	-24,48	-24,17	-23,86	-23,58	-23,30	-23,08	-22,86	-22,76	-22,66	-24,52
30/01/2020 08:30:00	-24,42	-24,93	-25,24	-25,47	-25,51	-25,44	-25,29	-25,08	-25,04	-25,02	-25,00	-24,82	-24,65	-24,33	-24,01	-23,69	-23,38	-23,13	-22,88	-22,76	-22,65	-24,51
30/01/2020 08:35:00	-24,61	-24,98	-25,49	-25,70	-25,79	-25,72	-25,56	-25,37	-25,17	-25,00	-24,85	-24,60	-24,36	-24,02	-23,68	-23,40	-23,11	-22,88	-22,65	-22,55	-22,45	-24,54
30/01/2020 08:40:00	-24,59	-25,14	-25,56	-25,70	-25,68	-25,52	-25,33	-25,23	-25,06	-24,91	-24,80	-24,61	-24,43	-24,14	-23,86	-23,61	-23,36	-23,16	-22,96	-22,87	-22,78	-24,71
30/01/2020 08:45:00	-24,66	-25,14	-25,53	-25,64	-25,56	-25,34	-25,10	-24,90	-24,75	-24,65	-24,59	-24,45	-24,31	-24,06	-23,81	-23,58	-23,34	-23,15	-22,97	-22,88	-22,80	-24,77
30/01/2020 08:50:00	-24,65	-25,15	-25,52	-25,58	-25,53	-25,37	-25,15	-24,93	-24,83	-24,76	-24,73	-24,58	-24,44	-24,17	-23,91	-23,64	-23,38	-23,17	-22,96	-22,87	-22,77	-24,74
30/01/2020 08:55:00	-24,72	-25,25	-25,48	-25,50	-25,41	-25,27	-25,12	-24,93	-24,81	-24,70	-24,60	-24,39	-24,19	-23,87	-23,56	-23,27	-22,99	-22,76	-22,53	-22,42	-22,31	-24,92
30/01/2020 09:00:00	-24,72	-25,28	-25,40	-25,29	-25,16	-24,94	-24,69	-24,51	-24,47	-24,44	-24,44	-24,31	-24,18	-23,91	-23,64	-23,38	-23,11	-22,89	-22,67	-22,57	-22,47	-24,86
30/01/2020 09:05:00	-24,74	-25,16	-25,36	-25,29	-25,10	-24,82	-24,53	-24,30	-24,18	-24,11	-24,08	-23,96	-23,84	-23,61	-23,38	-23,15	-22,92	-22,74	-22,56	-22,48	-22,40	-24,87
30/01/2020 09:10:00	-24,70	-25,24	-25,34	-25,18	-24,89	-24,57	-24,28	-24,09	-23,97	-23,89	-23,84	-23,72	-23,60	-23,37	-23,14	-22,92	-22,70	-22,52	-22,34	-22,26	-22,18	-25,07
30/01/2020 09:15:00	-24,74	-25,13	-25,33	-25,21	-24,92	-24,49	-24,05	-23,70	-23,56	-23,50	-23,51	-23,44	-23,37	-23,18	-23,00	-22,80	-22,60	-22,44	-22,28	-22,22	-22,15	-24,94
30/01/2020 09:20:00	-24,65	-25,03	-25,21	-25,15	-24,92	-24,61	-24,31	-24,04	-23,87	-23,75	-23,66	-23,51	-23,35	-23,10	-22,85	-22,61	-22,38	-22,19	-22,01	-21,93	-21,85	-25,06
30/01/2020 09:25:00	-24,81	-25,27	-25,34	-25,23	-24,92	-24,58	-24,26	-23,98	-23,82	-23,70	-23,61	-23,45	-23,29	-23,03	-22,76	-22,53	-22,29	-22,09	-21,90	-21,81	-21,73	-25,19
30/01/2020 09:30:00	-24,84	-25,21	-25,40	-25,28	-25,06	-24,71	-24,35	-24,10	-23,86	-23,66	-23,51	-23,30	-23,10	-22,82	-22,54	-22,31	-22,07	-21,89	-21,70	-21,62	-21,54	-25,36
30/01/2020 09:35:00	-24,91	-25,36	-25,38	-25,15	-24,74	-24,32	-23,95	-23,66	-23,46	-23,33	-23,23	-23,08	-22,93	-22,69	-22,45	-22,23	-22,02	-21,84	-21,67	-21,60	-21,52	-25,56
30/01/2020 09:40:00	-24,96	-25,24	-25,36	-25,26	-25,02	-24,66	-24,29	-23,94	-23,74	-23,60	-23,49	-23,30	-23,11	-22,84	-22,56	-22,31	-22,06	-21,87	-21,67	-21,59	-21,51	-25,39
30/01/2020 09:45:00	-25,00	-25,46	-25,60	-25,35	-25,00	-24,63	-24,26	-23,95	-23,73	-23,55	-23,42	-23,24	-23,06	-22,80	-22,54	-22,31	-22,09	-21,90	-21,72	-21,64	-21,56	-25,34
30/01/2020 09:50:00	-25,07	-25,54	-25,53	-25,22	-24,87	-24,56	-24,29	-24,10	-23,98	-23,90	-23,84	-23,72	-23,60	-23,36	-23,13	-22,91	-22,69	-22,51	-22,32	-22,24	-22,16	-25,46
30/01/2020 09:55:00	-25,15	-25,58	-25,63	-25,27	-24,92	-24,48	-24,03	-23,73	-23,66	-23,66	-23,72	-23,70	-23,67	-23,51	-23,35	-23,16	-22,97	-22,81	-22,65	-22,58	-22,52	-25,36
30/01/2020 10:00:00	-25,39	-25,85	-25,85	-25,49	-25,02	-24,66	-24,39	-24,19	-24,03	-23,91	-23,84	-23,73	-23,62	-23,42	-23,22	-23,03	-22,85	-22,69	-22,53	-22,46	-22,39	-25,37
30/01/2020 10:05:00	-25,45	-25,77	-25,72	-25,37	-25,01	-24,67	-24,38	-24,19	-24,10	-24,06	-24,05	-23,97	-23,89	-23,68	-23,47	-23,27	-23,06	-22,88	-22,70	-22,63	-22,55	-25,47
30/01/2020 10:10:00	-25,39	-25,86	-25,82	-25,56	-25,19	-24,88	-24,65	-24,50	-24,33	-24,17	-24,05	-23,86	-23,68	-23,40	-23,12	-22,89	-22,66	-22,46	-22,27	-22,18	-22,09	-25,34
30/01/2020 10:15:00	-25,50	-26,07	-25,94	-25,61	-25,24	-24,89	-24,63	-24,52	-24,44	-24,38	-24,34	-24,23	-24,11	-23,88	-23,64	-23,42	-23,19	-23,00	-22,80	-22,71	-22,62	-25,45
30/01/2020 10:20:00	-25,48	-25,89	-26,02	-25,82	-25,53	-25,18	-24,86	-24,67	-24,48	-24,33	-24,22	-24,06	-23,90	-23,65	-23,40	-23,18	-22,96	-22,78	-22,60	-22,52	-22,44	-25,25
30/01/2020 10:25:00	-25,21	-25,70	-25,95	-25,89	-25,60	-25,21	-24,77	-24,30	-24,05	-23,87	-23,73	-23,51	-23,29	-22,99	-22,70	-22,43	-22,17	-21,96	-21,75	-21,66	-21,57	-25,32
30/01/2020 10:30:00	-25,34	-25,65	-25,74	-25,55	-25,21	-24,87	-24,56	-24,26	-24,05	-23,88	-23,75	-23,56	-23,37	-23,11	-22,84	-22,61	-22,38	-22,19	-22,01	-21,93	-21,85	-25,22
30/01/2020 10:35:00	-25,23	-25,79	-25,80	-25,54	-25,13	-24,70	-24,33	-24,07	-23,88	-23,74	-23,64	-23,49	-23,34	-23,09	-22,85	-22,63	-22,41	-22,23	-22,05	-21,97	-21,89	-25,14
30/01/2020 10:40:00	-25,17	-25,69	-25,72	-25,37	-24,98	-24,53	-24,09	-23,79	-23,61	-23,49	-23,42	-23,28	-23,15	-22,92	-22,69	-22,47	-22,26	-22,08	-21,90	-21,82	-21,74	-25,09
30/01/2020 10:45:00	-25,21	-25,60	-25,41	-25,06	-24,70	-24,37	-24,07	-23,86	-23,77	-23,69	-23,63	-23,46	-23,30	-23,02	-22,75	-22,49	-22,24	-22,03	-21,81	-21,71	-21,62	-25,11
30/01/2020 10:50:00	-25,06	-25,56	-25,51	-25,14	-24,66	-24,24	-23,91	-23,67	-23,54	-23,46	-23,42	-23,34	-23,26	-23,07	-22,88	-22,69	-22,51	-22,35	-22,19	-22,12	-22,05	-25,12
30/01/2020 10:55:00	-25,05	-25,55	-25,55	-25,24	-24,78	-24,36	-23,98	-23,63	-23,47	-23,36	-23,31	-23,19	-23,06	-22,84	-22,62	-22,40	-22,19	-22,01	-21,83	-21,76	-21,68	-25,07
30/01/2020 11:00:00	-25,08	-25,49	-25,52	-25,18	-24,68	-24,16	-23,70	-23,35	-23,12	-22,98	-22,90	-22,80	-22,69	-22,51	-22,32	-22,15	-21,97	-21,83	-21,69	-21,64	-21,58	-25,04
30/01/2020 11:05:00	-24,89	-25,58	-25,36	-24,72	-24,18	-23,77	-23,44	-23,26	-23,23	-23,23	-23,26	-23,23	-23,20	-23,03	-22,86	-22,67	-22,49	-22,32	-22,16	-22,08	-22,00	-24,95
30/01/2020 11:10:00	-24,91	-25,51	-25,47	-25,07	-24,51	-23,96	-23,51	-23,23	-23,03	-22,90	-22,84	-22,74	-22,65	-22,47	-22,30	-22,13	-21,96	-21,82	-21,68	-21,63	-21,57	-24,86
30/01/2020 11:15:00	-24,68	-25,41	-25,46	-24,99	-24,50	-23,97	-23,49	-23,19	-22,99	-22,86	-22,78	-22,68	-22,58	-22,38	-22,19	-22,01	-21,83	-21,68	-21,53	-21,47	-21,41	-24,79
30/01/2020 11:20:00	-24,74	-25,32	-25,47	-25,22	-24,82	-24,40	-23,99	-23,60	-23,35	-23,17	-23,03	-22,84	-22,65	-22,39	-22,13	-21,91	-21,68	-21,50	-21,32	-21,24	-21,17	-24,69
30/01/2020 11:25:00	-24,69	-25,26	-25,36	-25,16	-24,82	-24,34	-23,84	-23,45	-23,19	-22,99	-22,83	-22,60	-22,37	-22,08	-21,78	-21,53	-21,28	-21,07	-20,87	-20,79	-20,71	-24,65
30/01/2020 11:30:00	-24,62	-25,35	-25,44	-25,18	-24,71	-24,11	-23,54	-23,13	-22,89	-22,75	-22,66	-22,53	-22,39	-22,17	-21,95	-21,75	-21,54	-21,38	-21,21	-21,15	-21,08	-24,53
30/01/2020 11:35:00	-24,60	-25,29	-25,46	-25,23	-24,84	-24,36	-23,86	-23,39	-23,13	-22,93	-22,78	-22,57	-22,36	-22,08	-21,80	-21,56	-21,32	-21,12	-20,92	-20,84	-20,76	-24,58
30/01/2020 11:40:00	-24,47	-25,22	-25,37	-25,06	-24,61	-24,10	-23,60	-23,23	-22,98	-22,81	-22,69	-22,53	-22,37	-22,14	-21,90	-21,69	-21,49	-21,32	-21,15	-21,08	-21,01	-24,55
30/01/2020 11:45:00	-24,59	-25,20	-25,30	-25,07	-24,71	-24,28	-23,83	-23,40	-23,16	-22,99	-22,85	-22,63	-22,42	-22,12	-21,83	-21,57	-21,32	-21,11	-20,90	-20,82	-20,73	-24,56
30/01/2020 11:50:00	-24,45	-25,10	-25,17	-24,92	-24,45	-23,94	-23,49	-23,13	-22,93	-22,80	-22,73	-22,61	-22,50	-22,29	-22,09	-21,89	-21,70	-21,54	-21,39	-21,33	-21,26	-24,61
30/01/2020 11:55:00	-24,30	-24,96	-25,09	-24,91	-24,52	-24,02	-23,50	-23,05	-22,80	-22,62	-22,48	-22,29	-22,09	-21,82	-21,55	-21,32	-21,08	-20,90	-20,71	-20,63	-20,56	-24,51
30/01/2020 12:00:00	-24,19	-24,73	-24,93	-24,72	-24,37	-23,94	-23,51	-23,12	-22,90	-22,76	-22,67	-22,53	-22,38	-22,16	-21,93	-21,72	-21,52	-21,35	-21,19	-21,12	-21,05	-24,22
30/01/2020 12:05:00	-24,07	-24,67	-25,01	-24,88	-24,56	-24,04	-23,46	-22,95	-22,71	-22,58	-22,53	-22,41	-22,30	-22,10	-21,90	-21,70	-21,50	-21,35	-21,19	-21,13	-21,08	-24,05
30/01/2020 12:10:00	-23,97	-24,67	-24,82	-24,57	-24,14	-23,60	-23,05	-22,66	-22,40	-22,22	-22,09	-21,93	-21,77	-21,54	-21,30	-21,10	-20,90	-20,74	-20,58	-20,52	-20,45	-24,06
30/01/2020 12:15:00	-23,96	-24,56	-24,75	-24,51	-24,10	-23,63	-23,18	-22,80	-22,52	-22,32	-22,18	-22,01	-21,84	-21,60	-21,37	-21,17	-20,98	-20,82	-20,67	-20,61	-20,54	-23,65
30/01/2020 12:20:00	-23,76	-24,39	-24,59	-24,37	-24,03	-23,60	-23,17	-22,90	-22,64	-22,44	-22,30	-22,12	-21,93	-21,69	-21,44	-21,24	-21,03	-20,87	-20,71	-20,64	-20,58	-23,62
30/01/2020 12:25:00	-23,63	-24,30	-24,48	-24,31	-23,89	-23,41	-22,99	-22,67	-22,39	-22,19	-22,05	-21,88	-21,71	-21,48	-21,26	-21,07	-20,88	-20,73	-20,58	-20,53	-20,47	-23,59
30/01/2020 12:30:00	-23,66	-24,19	-24,40	-24,28	-23,96	-23,50	-23,00	-22,59	-22,30	-22,09	-21,93	-21,72	-21,50	-21,23	-20,96	-20,73	-20,50	-20,33	-20,15	-20,08	-20,02	-24,00
30/01/2020 12:35:00	-23,63	-24,11	-24,33	-24,25	-23,95	-23,52	-23,06	-22,66	-22,39	-22,19	-22,05	-21,85	-21,65	-21,39	-21,13	-20,90	-20,68	-20,51	-20,34	-20,27	-20,21	-23,95
30/01/2020 12:40:00	-23,51	-24,04	-24,33	-24,21	-23,90	-23,48	-23,04	-22,68	-22,33	-22,05	-21,82	-21,58	-21,33	-21,04	-20,76	-20,54	-20,33	-20,16	-20,00	-19,93	-19,87	-23,81
30/01/2020 12:45:00	-23,38	-23,92	-24,25	-24,28	-24,06	-23,57	-22,98	-22,50	-22,14	-21,87	-21,64	-21,36	-21,09	-20,77	-20,46	-20,21	-19,96	-19,77	-19,58	-19,52	-19,45	-23,53
30/01/2020 12:50:00	-23,22	-23,90	-24,28	-24,18	-23,86	-23,37	-22,82	-22,35	-22,09	-21,94	-21,85	-21,72	-21,59	-21,39	-21,18	-20,99	-20,79	-20,65	-20,50	-20,45	-20,40	-23,38
30/01/2020 12:55:00	-23,16	-23,89	-24,13	-24,01	-23,75	-23,45	-23,15	-22,87	-22,60	-22,37	-22,17	-21,92	-21,66	-21,35	-21,04	-20,79	-20,55	-20,35	-20,16	-20,08	-20,00	-23,17
30/01/2020 13:00:00	-23,11	-23,80	-24,13	-24,14	-23,92	-23,56	-23,18	-22,84	-22,59	-22,39	-22,24	-22,02	-21,81	-21,53	-21,24	-21,01	-20,77	-20,59	-20,40	-20,33	-20,26	-23,15
30/01/2020 13:05:00	-23,09	-23,77	-24,15	-24,25	-24,12	-23,75	-23,28	-22,92	-22,69	-22,53	-22,41	-22,22	-22,02	-21,74	-21,47	-21,22	-20,97	-20,78	-20,59	-20,51	-20,44	-22,91
30/01/2020 13:10:00	-23,03	-23,59	-23,97	-24,06	-24,03	-23,89	-23,63	-23,30	-23,09	-22,91	-22,74	-22,46	-22,18	-21,82	-21,46	-21,16	-20,86	-20,62	-20,38	-20,27	-20,17	-23,21
30/01/2020 13:15:00	-22,96	-23,65	-23,91	-23,94	-23,83	-23,63	-23,35	-23,03	-22,86	-22,73	-22,60	-22,36	-22,12	-21,79	-21,45	-21,16	-20,87	-20,63	-20,40	-20,30	-20,20	-22,88
30/01/2020 13:20:00	-22,91	-23,48	-23,66	-23,65	-23,58	-23,45	-23,29	-23,18	-23,01	-22,83	-22,65	-22,38	-22,11	-21,76	-21,41	-21,13	-20,85	-20,62	-20,40	-20,30	-20,20	-22,79
30/01/2020 13:25:00	-22,80	-23,50	-23,57	-23,55	-23,33	-23,07	-22,87	-22,76	-22,64	-22,53	-22,43	-22,25	-22,07	-21,79	-21,51	-21,26	-21,02	-20,82	-20,63	-20,54	-20,46	-22,79
30/01/2020 13:30:00	-22,62	-23,37	-23,62	-23,57	-23,37	-23,12	-22,87	-22,65	-22,48	-22,34	-22,23	-22,04	-21,86	-21,58	-21,30	-21,07	-20,83	-20,64	-20,45	-20,37	-20,29	-22,52
30/01/2020 13:35:00	-22,46	-23,23	-23,45	-23,33	-23,16	-22,94	-22,70	-22,51	-22,41	-22,34	-22,29	-22,15	-22,02	-21,76	-21,51	-21,27	-21,04	-20,85	-20,66	-20,58	-20,50	-22,70
30/01/2020 13:40:00	-22,46	-23,00	-22,98	-22,90	-22,76	-22,70	-22,71	-22,77	-22,71	-22,61	-22,49	-22,28	-22,06	-21,74	-21,42	-21,16	-20,90	-20,69	-20,47	-20,38	-20,28	-22,27
30/01/2020 13:45:00	-22,34	-23,12	-23,06	-22,72	-22,43	-22,20	-22,02	-22,01	-22,04	-22,06	-22,11	-22,06	-22,02	-21,83	-21,64	-21,45	-21,25	-21,09	-20,92	-20,85	-20,77	-22,33
30/01/2020 13:50:00	-22,32	-23,03	-23,25	-23,27	-23,18	-22,98	-22,74	-22,63	-22,49	-22,36	-22,24	-22,03	-21,82	-21,53	-21,23	-20,98	-20,73	-20,53	-20,33	-20,25	-20,17	-22,46
30/01/2020 13:55:00	-22,22	-22,98	-23,24	-23,28	-23,10	-22,80	-22,51	-22,35	-22,17	-22,01	-21,88	-21,69	-21,51	-21,24	-20,97	-20,75	-20,53	-20,36	-20,18	-20,11	-20,05	-22,27
30/01/2020 14:00:00	-22,08	-22,96	-23,28	-23,23	-23,00	-22,67	-22,36	-22,20	-22,08	-22,02	-22,01	-21,94	-21,87	-21,69	-21,51	-21,33	-21,16	-21,02	-20,88	-20,82	-20,77	-22,10
30/01/2020 14:05:00	-22,06	-22,86	-23,24	-23,23	-23,07	-22,79	-22,46	-22,23	-22,01	-21,84	-21,70	-21,50	-21,31	-21,04	-20,78	-20,56	-20,33	-20,16	-19,99	-19,92	-19,85	-22,01
30/01/2020 14:10:00	-22,07	-22,72	-23,13	-23,12	-22,98	-22,69	-22,33	-22,03	-21,84	-21,73	-21,66	-21,53	-21,40	-21,17	-20,95	-20,74	-20,53	-20,37	-20,22	-20,16	-20,10	-22,19
30/01/2020 14:15:00	-21,97	-22,78	-23,11	-23,04	-22,81	-22,48	-22,14	-21,83	-21,67	-21,58	-21,54	-21,42	-21,31	-21,10	-20,88	-20,68	-20,48	-20,32	-20,16	-20,10	-20,04	-22,09
30/01/2020 14:20:00	-22,01	-22,82	-22,94	-22,72	-22,38	-22,07	-21,85	-21,70	-21,61	-21,56	-21,54	-21,47	-21,40	-21,21	-21,03	-20,85	-20,68	-20,53	-20,39	-20,33	-20,28	-22,28
30/01/2020 14:25:00	-21,91	-22,67	-22,89	-22,65	-22,36	-22,02	-21,66	-21,46	-21,41	-21,43	-21,52	-21,54	-21,56	-21,44	-21,33	-21,18	-21,03	-20,91	-20,79	-20,75	-20,70	-21,62
30/01/2020 14:30:00	-21,90	-22,69	-23,01	-22,94	-22,73	-22,40	-22,03	-21,75	-21,64	-21,61	-21,64	-21,58	-21,52	-21,34	-21,16	-20,97	-20,78	-20,63	-20,48	-20,43	-20,37	-22,03
30/01/2020 14:35:00	-21,87	-22,53	-22,93	-22,98	-22,86	-22,62	-22,31	-21,98	-21,82	-21,74	-21,70	-21,57	-21,44	-21,20	-20,97	-20,74	-20,52	-20,35	-20,17	-20,11	-20,04	-21,92
30/01/2020 14:40:00	-21,75	-22,50	-22,94	-22,99	-22,97	-22,86	-22,66	-22,43	-22,30	-22,19	-22,10	-21,92	-21,73	-21,44	-21,15	-20,89	-20,64	-20,43	-20,23	-20,14	-20,06	-21,54
30/01/2020 14:45:00	-21,70	-22,37	-22,83	-23,03	-22,99	-22,85	-22,69	-22,45	-22,38	-22,39	-22,42	-22,35	-22,27	-22,06	-21,85	-21,63	-21,40	-21,23	-21,05	-20,98	-20,91	-21,87
30/01/2020 14:50:00	-21,61	-22,28	-22,75	-22,91	-22,94	-22,80	-22,57	-22,38	-22,26	-22,19	-22,15	-22,01	-21,86	-21,61	-21,36	-21,13	-20,89	-20,71	-20,53	-20,46	-20,39	-21,40
30/01/2020 14:55:00	-21,54	-22,39	-22,71	-22,66	-22,57	-22,46	-22,32	-22,22	-22,16	-22,11	-22,09	-21,98	-21,87	-21,64	-21,40	-21,18	-20,96	-20,78	-20,60	-20,52	-20,45	-21,50
30/01/2020 15:00:00	-21,44	-22,27	-22,60	-22,58	-22,32	-22,00	-21,74	-21,49	-21,38	-21,34	-21,35	-21,30	-21,24	-21,08	-20,91	-20,73	-20,56	-20,42	-20,29	-20,24	-20,19	-21,43
30/01/2020 15:05:00	-21,35	-22,19	-22,50	-22,42	-22,24	-21,95	-21,65	-21,51	-21,45	-21,46	-21,51	-21,50	-21,49	-21,35	-21,20	-21,04	-20,88	-20,75	-20,62	-20,57	-20,53	-21,59
30/01/2020 15:10:00	-21,24	-21,97	-22,36	-22,46	-22,40	-22,22	-22,00	-21,83	-21,74	-21,70	-21,69	-21,59	-21,49	-21,27	-21,05	-20,84	-20,62	-20,46	-20,30	-20,23	-20,17	-21,45
30/01/2020 15:15:00	-21,11	-21,87	-22,21	-22,24	-22,16	-22,02	-21,87	-21,73	-21,74	-21,80	-21,89	-21,87	-21,85	-21,68	-21,51	-21,32	-21,12	-20,96	-20,80	-20,74	-20,68	-21,00
30/01/2020 15:20:00	-21,02	-21,76	-22,13	-22,20	-22,14	-22,00	-21,85	-21,77	-21,66	-21,55	-21,48	-21,33	-21,18	-20,94	-20,70	-20,49	-20,28	-20,12	-19,95	-19,89	-19,83	-21,30
30/01/2020 15:25:00	-21,05	-21,62	-22,05	-22,24	-22,30	-22,23	-22,08	-21,89	-21,84	-21,84	-21,86	-21,75	-21,64	-21,40	-21,16	-20,92	-20,68	-20,49	-20,31	-20,23	-20,16	-21,25
30/01/2020 15:30:00	-20,99	-21,71	-22,15	-22,21	-22,18	-22,07	-21,94	-21,92	-21,87	-21,84	-21,85	-21,79	-21,73	-21,55	-21,37	-21,19	-21,01	-20,87	-20,73	-20,68	-20,62	-21,17
30/01/2020 15:35:00	-20,99	-21,76	-22,19	-22,40	-22,37	-22,25	-22,17	-22,15	-22,09	-22,04	-22,03	-21,94	-21,85	-21,65	-21,45	-21,26	-21,07	-20,92	-20,77	-20,71	-20,66	-21,09
30/01/2020 15:40:00	-20,96	-21,67	-22,10	-22,42	-22,55	-22,59	-22,60	-22,55	-22,48	-22,39	-22,30	-22,09	-21,88	-21,55	-21,23	-20,95	-20,68	-20,46	-20,24	-20,15	-20,06	-20,89
30/01/2020 15:45:00	-21,02	-21,57	-22,11	-22,52	-22,67	-22,69	-22,67	-22,50	-22,38	-22,28	-22,19	-21,98	-21,77	-21,46	-21,15	-20,88	-20,60	-20,40	-20,19	-20,10	-20,02	-21,14
30/01/2020 15:50:00	-20,93	-21,56	-22,07	-22,42	-22,58	-22,60	-22,58	-22,53	-22,46	-22,39	-22,34	-22,16	-21,99	-21,71	-21,42	-21,16	-20,91	-20,71	-20,51	-20,43	-20,35	-21,21
30/01/2020 15:55:00	-20,97	-21,61	-21,98	-22,29	-22,48	-22,57	-22,64	-22,72	-22,76	-22,78	-22,79	-22,66	-22,54	-22,27	-22,00	-21,75	-21,49	-21,29	-21,09	-21,00	-20,92	-21,02
30/01/2020 16:00:00	-20,89	-21,66	-21,95	-22,17	-22,30	-22,41	-22,53	-22,68	-22,74	-22,77	-22,78	-22,66	-22,54	-22,26	-21,99	-21,74	-21,49	-21,28	-21,07	-20,98	-20,89	-21,12
30/01/2020 16:05:00	-20,95	-21,45	-21,89	-22,26	-22,43	-22,46	-22,45	-22,39	-22,41	-22,45	-22,51	-22,42	-22,33	-22,09	-21,85	-21,60	-21,35	-21,16	-20,97	-20,89	-20,82	-21,19
30/01/2020 16:10:00	-21,24	-21,88	-22,24	-22,44	-22,51	-22,49	-22,44	-22,39	-22,38	-22,38	-22,40	-22,29	-22,18	-21,94	-21,69	-21,45	-21,21	-21,02	-20,83	-20,75	-20,67	-21,22
30/01/2020 16:15:00	-21,18	-21,86	-22,36	-22,63	-22,74	-22,70	-22,59	-22,56	-22,52	-22,50	-22,50	-22,40	-22,30	-22,07	-21,84	-21,62	-21,40	-21,23	-21,06	-20,99	-20,92	-21,32
30/01/2020 16:20:00	-21,27	-22,05	-22,37	-22,65	-22,73	-22,75	-22,82	-22,92	-22,96	-22,98	-23,00	-22,91	-22,82	-22,57	-22,33	-22,10	-21,86	-21,67	-21,48	-21,40	-21,32	-21,37
30/01/2020 16:25:00	-21,32	-21,90	-22,36	-22,66	-22,78	-22,77	-22,73	-22,69	-22,72	-22,78	-22,86	-22,82	-22,78	-22,58	-22,38	-22,16	-21,94	-21,77	-21,60	-21,53	-21,46	-21,32
30/01/2020 16:30:00	-21,39	-22,01	-22,38	-22,52	-22,61	-22,71	-22,85	-23,00	-23,01	-22,99	-22,97	-22,86	-22,75	-22,51	-22,27	-22,05	-21,83	-21,65	-21,48	-21,40	-21,32	-21,39
30/01/2020 16:35:00	-21,33	-22,00	-22,37	-22,53	-22,61	-22,58	-22,50	-22,45	-22,52	-22,63	-22,77	-22,76	-22,76	-22,58	-22,40	-22,19	-21,97	-21,79	-21,62	-21,55	-21,48	-21,34
30/01/2020 16:40:00	-21,33	-21,93	-22,35	-22,56	-22,61	-22,60	-22,61	-22,61	-22,63	-22,67	-22,73	-22,69	-22,66	-22,47	-22,29	-22,09	-21,89	-21,74	-21,58	-21,52	-21,46	-21,32
30/01/2020 16:45:00	-21,32	-21,86	-22,26	-22,51	-22,56	-22,48	-22,42	-22,48	-22,47	-22,48	-22,52	-22,48	-22,43	-22,26	-22,08	-21,89	-21,71	-21,57	-21,42	-21,37	-21,32	-21,30
30/01/2020 16:50:00	-21,26	-21,78	-22,23	-22,57	-22,71	-22,71	-22,64	-22,49	-22,46	-22,45	-22,46	-22,33	-22,19	-21,92	-21,65	-21,39	-21,12	-20,92	-20,72	-20,63	-20,55	-21,33
30/01/2020 16:55:00	-21,34	-21,77	-22,23	-22,44	-22,54	-22,55	-22,51	-22,36	-22,38	-22,45	-22,55	-22,51	-22,47	-22,28	-22,08	-21,86	-21,64	-21,47	-21,29	-21,22	-21,15	-21,35
30/01/2020 17:00:00	-21,33	-22,00	-22,30	-22,39	-22,37	-22,34	-22,39	-22,52	-22,54	-22,54	-22,56	-22,50	-22,45	-22,26	-22,07	-21,88	-21,70	-21,55	-21,40	-21,34	-21,28	-21,37
30/01/2020 17:05:00	-21,43	-21,92	-22,35	-22,57	-22,69	-22,68	-22,63	-22,64	-22,59	-22,54	-22,52	-22,39	-22,27	-22,03	-21,79	-21,57	-21,34	-21,17	-21,00	-20,93	-20,86	-21,40
30/01/2020 17:10:00	-21,32	-21,90	-22,21	-22,30	-22,34	-22,37	-22,40	-22,49	-22,57	-22,64	-22,73	-22,71	-22,68	-22,51	-22,33	-22,13	-21,93	-21,77	-21,61	-21,54	-21,48	-21,40
30/01/2020 17:15:00	-21,32	-21,78	-22,25	-22,52	-22,63	-22,57	-22,44	-22,27	-22,25	-22,29	-22,36	-22,30	-22,24	-22,03	-21,83	-21,60	-21,37	-21,20	-21,03	-20,96	-20,90	-21,39
30/01/2020 17:20:00	-21,27	-21,85	-22,15	-22,20	-22,22	-22,27	-22,36	-22,51	-22,54	-22,54	-22,56	-22,49	-22,43	-22,22	-22,02	-21,83	-21,63	-21,48	-21,32	-21,25	-21,18	-21,29
30/01/2020 17:25:00	-21,27	-21,73	-22,13	-22,38	-22,50	-22,54	-22,59	-22,64	-22,67	-22,70	-22,76	-22,70	-22,64	-22,43	-22,23	-22,02	-21,81	-21,64	-21,48	-21,41	-21,35	-21,30
30/01/2020 17:30:00	-21,28	-21,73	-22,09	-22,29	-22,43	-22,53	-22,62	-22,66	-22,73	-22,80	-22,89	-22,83	-22,78	-22,56	-22,35	-22,12	-21,89	-21,70	-21,52	-21,44	-21,36	-21,24
30/01/2020 17:35:00	-21,21	-21,63	-22,05	-22,34	-22,53	-22,63	-22,67	-22,68	-22,76	-22,85	-22,95	-22,90	-22,85	-22,64	-22,42	-22,19	-21,95	-21,76	-21,58	-21,50	-21,43	-21,33
30/01/2020 17:40:00	-21,22	-21,65	-22,04	-22,25	-22,45	-22,67	-22,85	-22,85	-22,91	-22,96	-23,00	-22,87	-22,75	-22,47	-22,19	-21,91	-21,64	-21,42	-21,20	-21,10	-21,00	-21,30
30/01/2020 17:45:00	-21,30	-21,67	-21,96	-22,25	-22,43	-22,55	-22,64	-22,60	-22,70	-22,82	-22,93	-22,86	-22,80	-22,55	-22,30	-22,03	-21,76	-21,55	-21,33	-21,24	-21,15	-21,28
30/01/2020 17:50:00	-21,27	-21,74	-22,11	-22,21	-22,30	-22,38	-22,48	-22,54	-22,67	-22,81	-22,97	-23,02	-23,06	-22,92	-22,78	-22,60	-22,41	-22,26	-22,12	-22,05	-21,99	-21,29
30/01/2020 17:55:00	-21,25	-21,73	-21,98	-22,21	-22,31	-22,34	-22,37	-22,47	-22,58	-22,69	-22,82	-22,80	-22,79	-22,60	-22,42	-22,20	-21,99	-21,82	-21,65	-21,58	-21,51	-21,29
30/01/2020 18:00:00	-21,23	-21,68	-22,00	-22,18	-22,26	-22,29	-22,31	-22,28	-22,41	-22,57	-22,75	-22,77	-22,80	-22,64	-22,48	-22,27	-22,06	-21,90	-21,73	-21,66	-21,59	-21,28
30/01/2020 18:05:00	-21,24	-21,60	-21,96	-22,15	-22,30	-22,36	-22,36	-22,34	-22,39	-22,45	-22,52	-22,45	-22,38	-22,16	-21,94	-21,71	-21,48	-21,30	-21,12	-21,04	-20,97	-21,22
30/01/2020 18:10:00	-21,17	-21,67	-21,93	-22,00	-21,97	-21,91	-21,90	-22,01	-22,11	-22,23	-22,39	-22,45	-22,51	-22,40	-22,30	-22,15	-22,00	-21,88	-21,76	-21,71	-21,67	-21,25
30/01/2020 18:15:00	-21,20	-21,63	-21,78	-21,92	-22,01	-22,07	-22,15	-22,25	-22,35	-22,42	-22,49	-22,42	-22,34	-22,11	-21,87	-21,63	-21,40	-21,21	-21,01	-20,94	-20,86	-21,23
30/01/2020 18:20:00	-21,16	-21,63	-21,86	-21,93	-21,91	-21,89	-21,92	-21,93	-22,01	-22,10	-22,22	-22,22	-22,22	-22,06	-21,90	-21,71	-21,53	-21,38	-21,22	-21,16	-21,10	-21,20
30/01/2020 18:25:00	-21,22	-21,62	-21,83	-21,96	-21,97	-21,95	-21,98	-22,01	-22,15	-22,30	-22,48	-22,53	-22,58	-22,45	-22,32	-22,13	-21,95	-21,80	-21,66	-21,60	-21,54	-21,15
30/01/2020 18:30:00	-21,12	-21,59	-21,86	-21,95	-21,97	-21,93	-21,89	-21,91	-22,03	-22,19	-22,37	-22,44	-22,50	-22,38	-22,26	-22,09	-21,92	-21,78	-21,65	-21,59	-21,54	-21,07
30/01/2020 18:35:00	-20,95	-21,53	-21,74	-21,76	-21,77	-21,77	-21,80	-21,94	-22,08	-22,21	-22,37	-22,41	-22,45	-22,32	-22,19	-22,02	-21,84	-21,71	-21,57	-21,51	-21,45	-21,07
30/01/2020 18:40:00	-21,07	-21,56	-21,72	-21,81	-21,80	-21,77	-21,82	-21,93	-22,08	-22,24	-22,41	-22,47	-22,52	-22,40	-22,27	-22,10	-21,93	-21,79	-21,65	-21,59	-21,54	-21,04
30/01/2020 18:45:00	-21,04	-21,47	-21,71	-21,83	-21,89	-21,90	-21,91	-22,02	-22,16	-22,30	-22,47	-22,51	-22,55	-22,42	-22,28	-22,10	-21,92	-21,78	-21,64	-21,58	-21,52	-20,99
30/01/2020 18:50:00	-20,95	-21,35	-21,62	-21,81	-21,93	-22,00	-22,06	-22,16	-22,25	-22,33	-22,41	-22,37	-22,32	-22,12	-21,92	-21,70	-21,49	-21,32	-21,15	-21,08	-21,01	-20,97
30/01/2020 18:55:00	-20,91	-21,32	-21,52	-21,66	-21,76	-21,84	-21,96	-22,11	-22,33	-22,56	-22,81	-22,90	-23,00	-22,88	-22,77	-22,59	-22,41	-22,26	-22,11	-22,05	-21,99	-20,92
30/01/2020 19:00:00	-20,96	-21,48	-21,65	-21,71	-21,76	-21,83	-21,93	-22,09	-22,27	-22,44	-22,61	-22,65	-22,69	-22,54	-22,39	-22,20	-22,01	-21,85	-21,70	-21,63	-21,56	-20,94
30/01/2020 19:05:00	-20,95	-21,43	-21,65	-21,77	-21,83	-21,97	-22,19	-22,35	-22,51	-22,63	-22,76	-22,75	-22,75	-22,57	-22,38	-22,18	-21,98	-21,81	-21,64	-21,57	-21,50	-20,88
30/01/2020 19:10:00	-20,86	-21,35	-21,66	-21,74	-21,80	-21,82	-21,83	-21,90	-22,02	-22,15	-22,31	-22,35	-22,38	-22,25	-22,11	-21,93	-21,75	-21,61	-21,47	-21,41	-21,36	-20,82
30/01/2020 19:15:00	-20,85	-21,30	-21,52	-21,63	-21,67	-21,68	-21,73	-21,87	-22,03	-22,19	-22,39	-22,45	-22,52	-22,41	-22,29	-22,12	-21,95	-21,82	-21,68	-21,63	-21,58	-20,80
30/01/2020 19:20:00	-20,75	-21,18	-21,39	-21,47	-21,57	-21,69	-21,82	-22,01	-22,18	-22,33	-22,48	-22,50	-22,52	-22,36	-22,20	-22,01	-21,82	-21,66	-21,50	-21,44	-21,37	-20,79
30/01/2020 19:25:00	-20,79	-21,25	-21,37	-21,42	-21,42	-21,50	-21,72	-21,98	-22,20	-22,39	-22,59	-22,68	-22,77	-22,66	-22,56	-22,41	-22,26	-22,13	-22,01	-21,95	-21,90	-20,80
30/01/2020 19:30:00	-20,81	-21,14	-21,37	-21,54	-21,65	-21,81	-22,04	-22,14	-22,29	-22,43	-22,57	-22,57	-22,56	-22,38	-22,20	-21,98	-21,77	-21,60	-21,43	-21,36	-21,29	-20,80
30/01/2020 19:35:00	-20,83	-21,25	-21,46	-21,48	-21,45	-21,47	-21,60	-21,76	-21,94	-22,13	-22,35	-22,47	-22,59	-22,53	-22,46	-22,33	-22,20	-22,10	-21,99	-21,95	-21,91	-20,81
30/01/2020 19:40:00	-20,80	-21,27	-21,42	-21,42	-21,39	-21,38	-21,42	-21,52	-21,76	-22,04	-22,36	-22,53	-22,70	-22,65	-22,60	-22,45	-22,30	-22,18	-22,07	-22,02	-21,97	-20,85
30/01/2020 19:45:00	-20,78	-21,16	-21,37	-21,50	-21,62	-21,72	-21,85	-22,10	-22,22	-22,30	-22,38	-22,35	-22,33	-22,15	-21,97	-21,78	-21,59	-21,44	-21,28	-21,22	-21,16	-20,83
30/01/2020 19:50:00	-20,95	-21,37	-21,59	-21,70	-21,82	-21,94	-22,05	-22,20	-22,35	-22,48	-22,60	-22,58	-22,56	-22,37	-22,18	-21,96	-21,75	-21,57	-21,39	-21,32	-21,25	-20,94
30/01/2020 19:55:00	-20,97	-21,40	-21,60	-21,65	-21,67	-21,72	-21,82	-21,92	-22,06	-22,20	-22,35	-22,38	-22,41	-22,26	-22,11	-21,93	-21,74	-21,59	-21,45	-21,38	-21,32	-20,94
30/01/2020 20:00:00	-20,92	-21,21	-21,38	-21,48	-21,51	-21,49	-21,50	-21,58	-21,70	-21,83	-21,99	-22,02	-22,05	-21,91	-21,78	-21,60	-21,43	-21,29	-21,16	-21,11	-21,06	-20,94
30/01/2020 20:05:00	-21,01	-21,39	-21,50	-21,48	-21,46	-21,49	-21,57	-21,67	-21,85	-22,03	-22,23	-22,29	-22,36	-22,23	-22,11	-21,93	-21,76	-21,61	-21,47	-21,41	-21,35	-20,95
30/01/2020 20:10:00	-20,95	-21,45	-21,65	-21,69	-21,72	-21,79	-21,89	-21,97	-22,07	-22,17	-22,27	-22,25	-22,22	-22,03	-21,83	-21,62	-21,41	-21,24	-21,07	-20,99	-20,92	-20,93
30/01/2020 20:15:00	-21,01	-21,43	-21,55	-21,62	-21,58	-21,52	-21,54	-21,61	-21,76	-21,94	-22,15	-22,23	-22,31	-22,20	-22,10	-21,93	-21,76	-21,63	-21,50	-21,45	-21,40	-20,87
30/01/2020 20:20:00	-20,80	-21,15	-21,34	-21,42	-21,45	-21,47	-21,55	-21,73	-21,89	-22,04	-22,21	-22,28	-22,35	-22,24	-22,13	-21,98	-21,82	-21,70	-21,58	-21,54	-21,49	-20,84
30/01/2020 20:25:00	-20,85	-21,02	-21,20	-21,47	-21,51	-21,56	-21,76	-21,93	-22,12	-22,33	-22,56	-22,67	-22,78	-22,69	-22,61	-22,46	-22,31	-22,19	-22,08	-22,04	-22,00	-20,86
30/01/2020 20:30:00	-20,82	-21,19	-21,32	-21,43	-21,55	-21,72	-21,90	-21,95	-22,18	-22,44	-22,68	-22,72	-22,76	-22,59	-22,41	-22,17	-21,93	-21,73	-21,54	-21,45	-21,37	-20,89
30/01/2020 20:35:00	-20,86	-21,16	-21,37	-21,51	-21,68	-21,87	-22,09	-22,35	-22,52	-22,65	-22,78	-22,77	-22,76	-22,58	-22,40	-22,19	-21,99	-21,82	-21,66	-21,59	-21,52	-20,74
30/01/2020 20:40:00	-20,78	-21,10	-21,33	-21,47	-21,60	-21,81	-22,13	-22,43	-22,61	-22,73	-22,86	-22,87	-22,88	-22,72	-22,55	-22,37	-22,18	-22,03	-21,88	-21,81	-21,75	-20,75
30/01/2020 20:45:00	-20,77	-20,95	-21,18	-21,42	-21,58	-21,74	-21,96	-22,07	-22,30	-22,54	-22,80	-22,87	-22,95	-22,82	-22,69	-22,49	-22,30	-22,14	-21,99	-21,92	-21,86	-20,75
30/01/2020 20:50:00	-20,66	-20,94	-21,23	-21,40	-21,52	-21,75	-22,11	-22,32	-22,56	-22,79	-23,03	-23,13	-23,23	-23,12	-23,01	-22,84	-22,67	-22,53	-22,39	-22,33	-22,27	-20,71
30/01/2020 20:55:00	-20,61	-21,00	-21,28	-21,52	-21,66	-21,81	-22,04	-22,28	-22,52	-22,75	-23,00	-23,10	-23,21	-23,12	-23,02	-22,85	-22,69	-22,56	-22,42	-22,37	-22,32	-20,77
30/01/2020 21:00:00	-20,69	-20,93	-21,13	-21,34	-21,56	-21,80	-22,09	-22,41	-22,72	-22,99	-23,28	-23,40	-23,52	-23,42	-23,31	-23,14	-22,96	-22,82	-22,68	-22,62	-22,56	-20,70
30/01/2020 21:05:00	-20,66	-21,00	-21,37	-21,70	-22,00	-22,29	-22,60	-22,95	-23,16	-23,32	-23,47	-23,48	-23,49	-23,32	-23,14	-22,94	-22,73	-22,57	-22,41	-22,34	-22,27	-20,64
30/01/2020 21:10:00	-20,68	-20,90	-21,33	-21,68	-22,01	-22,34	-22,66	-22,89	-23,08	-23,24	-23,40	-23,39	-23,39	-23,20	-23,00	-22,78	-22,56	-22,38	-22,20	-22,13	-22,05	-20,80
30/01/2020 21:15:00	-20,54	-20,88	-21,22	-21,56	-21,95	-22,36	-22,73	-22,99	-23,20	-23,35	-23,47	-23,39	-23,31	-23,04	-22,77	-22,50	-22,22	-21,99	-21,76	-21,66	-21,56	-20,75
30/01/2020 21:20:00	-20,57	-20,98	-21,39	-21,66	-21,91	-22,18	-22,49	-22,79	-23,01	-23,19	-23,37	-23,43	-23,48	-23,34	-23,20	-23,01	-22,82	-22,68	-22,53	-22,46	-22,40	-20,71
30/01/2020 21:25:00	-20,65	-20,97	-21,36	-21,82	-22,23	-22,55	-22,84	-23,13	-23,34	-23,50	-23,65	-23,62	-23,58	-23,36	-23,13	-22,88	-22,63	-22,44	-22,24	-22,15	-22,07	-20,57
30/01/2020 21:30:00	-20,61	-20,93	-21,35	-21,81	-22,14	-22,46	-22,81	-23,01	-23,24	-23,46	-23,66	-23,69	-23,72	-23,54	-23,36	-23,13	-22,89	-22,71	-22,53	-22,45	-22,37	-20,67
30/01/2020 21:35:00	-20,66	-21,02	-21,41	-21,82	-22,17	-22,46	-22,71	-22,95	-23,20	-23,44	-23,67	-23,71	-23,75	-23,58	-23,40	-23,17	-22,94	-22,76	-22,58	-22,50	-22,42	-20,72
30/01/2020 21:40:00	-20,76	-21,16	-21,53	-21,89	-22,21	-22,55	-22,92	-23,16	-23,42	-23,65	-23,87	-23,90	-23,93	-23,74	-23,56	-23,32	-23,08	-22,89	-22,69	-22,61	-22,52	-20,70
30/01/2020 21:45:00	-20,66	-21,18	-21,57	-21,96	-22,30	-22,68	-23,10	-23,45	-23,69	-23,85	-23,99	-23,96	-23,94	-23,71	-23,49	-23,24	-23,00	-22,80	-22,60	-22,51	-22,41	-20,73
30/01/2020 21:50:00	-20,77	-21,17	-21,64	-22,06	-22,45	-22,80	-23,10	-23,33	-23,54	-23,71	-23,86	-23,85	-23,83	-23,61	-23,39	-23,15	-22,90	-22,70	-22,50	-22,41	-22,32	-20,81
30/01/2020 21:55:00	-20,78	-21,25	-21,65	-22,05	-22,40	-22,73	-23,05	-23,29	-23,53	-23,73	-23,92	-23,92	-23,92	-23,71	-23,51	-23,26	-23,01	-22,80	-22,60	-22,51	-22,42	-20,80
30/01/2020 22:00:00	-20,87	-21,26	-21,72	-22,19	-22,52	-22,78	-23,07	-23,34	-23,54	-23,70	-23,86	-23,88	-23,90	-23,73	-23,55	-23,34	-23,13	-22,97	-22,80	-22,73	-22,66	-20,82
30/01/2020 22:05:00	-20,84	-21,27	-21,71	-22,13	-22,44	-22,70	-22,98	-23,24	-23,45	-23,61	-23,79	-23,81	-23,83	-23,65	-23,48	-23,26	-23,05	-22,88	-22,71	-22,63	-22,56	-20,82
30/01/2020 22:10:00	-20,88	-21,31	-21,80	-22,27	-22,62	-22,86	-23,06	-23,22	-23,40	-23,57	-23,75	-23,75	-23,76	-23,57	-23,38	-23,15	-22,92	-22,73	-22,55	-22,47	-22,39	-20,87
30/01/2020 22:15:00	-20,85	-21,24	-21,70	-22,12	-22,54	-22,93	-23,30	-23,55	-23,74	-23,86	-23,96	-23,87	-23,79	-23,53	-23,26	-22,99	-22,71	-22,49	-22,27	-22,17	-22,07	-20,84
30/01/2020 22:20:00	-20,91	-21,23	-21,73	-22,27	-22,75	-23,14	-23,46	-23,61	-23,82	-24,01	-24,19	-24,14	-24,09	-23,83	-23,58	-23,28	-22,99	-22,76	-22,52	-22,42	-22,31	-20,89
30/01/2020 22:25:00	-20,92	-21,43	-21,87	-22,34	-22,70	-23,02	-23,35	-23,64	-23,82	-23,94	-24,04	-23,98	-23,91	-23,67	-23,42	-23,17	-22,91	-22,71	-22,50	-22,41	-22,32	-20,95
30/01/2020 22:30:00	-20,90	-21,44	-21,92	-22,32	-22,70	-23,03	-23,31	-23,52	-23,76	-23,98	-24,19	-24,20	-24,21	-24,01	-23,81	-23,55	-23,30	-23,09	-22,89	-22,79	-22,70	-20,96
30/01/2020 22:35:00	-21,07	-21,38	-21,91	-22,39	-22,84	-23,23	-23,58	-23,77	-23,99	-24,17	-24,34	-24,31	-24,29	-24,06	-23,83	-23,56	-23,30	-23,08	-22,87	-22,78	-22,68	-21,03
30/01/2020 22:40:00	-21,03	-21,42	-21,92	-22,50	-22,93	-23,26	-23,54	-23,66	-23,85	-24,03	-24,20	-24,16	-24,12	-23,87	-23,63	-23,34	-23,06	-22,83	-22,61	-22,51	-22,41	-21,02
30/01/2020 22:45:00	-21,00	-21,55	-21,99	-22,40	-22,73	-23,03	-23,34	-23,52	-23,75	-23,94	-24,13	-24,14	-24,14	-23,93	-23,72	-23,46	-23,21	-23,00	-22,79	-22,70	-22,61	-21,04
30/01/2020 22:50:00	-21,15	-21,59	-22,06	-22,53	-22,93	-23,27	-23,58	-23,74	-23,93	-24,09	-24,24	-24,18	-24,13	-23,88	-23,63	-23,35	-23,07	-22,84	-22,62	-22,52	-22,41	-21,04
30/01/2020 22:55:00	-21,04	-21,60	-22,00	-22,39	-22,76	-23,17	-23,61	-23,96	-24,20	-24,35	-24,47	-24,42	-24,37	-24,11	-23,86	-23,60	-23,33	-23,11	-22,89	-22,79	-22,69	-21,09
30/01/2020 23:00:00	-21,12	-21,65	-22,12	-22,58	-22,92	-23,18	-23,43	-23,65	-23,88	-24,10	-24,32	-24,37	-24,41	-24,24	-24,07	-23,84	-23,60	-23,42	-23,24	-23,15	-23,07	-21,21
30/01/2020 23:05:00	-21,19	-21,62	-22,13	-22,55	-22,89	-23,20	-23,54	-23,75	-23,97	-24,16	-24,35	-24,37	-24,40	-24,22	-24,04	-23,81	-23,58	-23,39	-23,21	-23,12	-23,04	-21,27
30/01/2020 23:10:00	-21,30	-21,75	-22,21	-22,69	-23,10	-23,45	-23,78	-24,08	-24,27	-24,40	-24,51	-24,45	-24,39	-24,15	-23,90	-23,64	-23,38	-23,17	-22,96	-22,86	-22,76	-21,26
30/01/2020 23:15:00	-21,36	-21,82	-22,33	-22,76	-23,11	-23,36	-23,60	-23,85	-24,04	-24,20	-24,38	-24,39	-24,41	-24,23	-24,05	-23,83	-23,60	-23,43	-23,25	-23,17	-23,09	-21,33
30/01/2020 23:20:00	-21,49	-21,93	-22,25	-22,66	-23,02	-23,41	-23,85	-24,18	-24,46	-24,66	-24,84	-24,82	-24,81	-24,58	-24,34	-24,08	-23,81	-23,59	-23,37	-23,26	-23,16	-21,45
30/01/2020 23:25:00	-21,35	-21,89	-22,33	-22,69	-23,02	-23,33	-23,68	-24,08	-24,29	-24,43	-24,57	-24,57	-24,57	-24,38	-24,18	-23,97	-23,75	-23,57	-23,39	-23,31	-23,23	-21,41
30/01/2020 23:30:00	-21,44	-21,84	-22,31	-22,81	-23,28	-23,70	-24,07	-24,38	-24,54	-24,62	-24,68	-24,55	-24,43	-24,13	-23,83	-23,53	-23,24	-23,00	-22,76	-22,66	-22,55	-21,39
30/01/2020 23:35:00	-21,34	-21,88	-22,36	-22,76	-23,16	-23,55	-23,91	-24,17	-24,36	-24,49	-24,60	-24,52	-24,45	-24,18	-23,91	-23,62	-23,34	-23,11	-22,88	-22,77	-22,66	-21,38
30/01/2020 23:40:00	-21,36	-21,86	-22,28	-22,73	-23,08	-23,40	-23,75	-24,02	-24,24	-24,42	-24,59	-24,58	-24,57	-24,35	-24,13	-23,88	-23,63	-23,42	-23,22	-23,12	-23,03	-21,37
30/01/2020 23:45:00	-21,44	-21,87	-22,27	-22,81	-23,25	-23,65	-24,04	-24,30	-24,50	-24,62	-24,72	-24,61	-24,50	-24,20	-23,90	-23,60	-23,30	-23,05	-22,80	-22,69	-22,57	-21,44
30/01/2020 23:50:00	-21,51	-21,96	-22,52	-22,96	-23,37	-23,68	-23,92	-24,05	-24,26	-24,46	-24,66	-24,66	-24,66	-24,45	-24,24	-23,97	-23,71	-23,49	-23,28	-23,18	-23,09	-21,49
30/01/2020 23:55:00	-21,58	-22,15	-22,59	-22,97	-23,34	-23,67	-23,96	-24,14	-24,37	-24,58	-24,77	-24,76	-24,74	-24,51	-24,28	-24,00	-23,72	-23,50	-23,27	-23,16	-23,05	-21,56
