FileFormat:0002.2 file with temperature of atmosphere
SN105HE102
local	GMT or Local
0	GMT-Local=[hours]
0	Height[m]
0	0	0	Longitude                [grd]               [min]               [sec]
0	0	0	Latitude                [grd]               [min]               [sec]
N	NS
56,45	Freq[GHz]
0,00	dTemostat[K]
0,150	MessErr[K]
0,248	//[grad/step]
version 14.4.20120406
MTP5HE102F5645K-38.60I70D219217+A1.1
Commentary:
SN105HE102
парабола ДНА = 2,5 град
НЕ102 - ПУ - ХВБ с ЦСД " S "
АЦП - 202 - 09 с контр.U пит.и М
оптопара серии - 2
Т out № 178 пл
БП LPS - 112
End Of Commentary

SYSTEM\summer.dat
data time	0	50	100	150	200	250	300	350	400	450	500	550	600	650	700	750	800	850	900	950	1000	OutsideTemperature
19/04/2020 00:00:00	8,82	9,33	9,42	9,47	9,48	9,32	9,16	9,00	8,81	8,62	8,43	8,22	8,00	7,76	7,51	7,22	6,93	6,65	6,37	6,08	5,80	8,77
19/04/2020 00:05:00	8,74	9,33	9,35	9,36	9,36	9,29	9,12	8,89	8,74	8,58	8,41	8,21	8,01	7,78	7,54	7,26	6,97	6,70	6,42	6,14	5,86	8,92
19/04/2020 00:10:00	8,71	9,24	9,33	9,34	9,28	9,17	9,04	8,89	8,73	8,57	8,42	8,24	8,07	7,85	7,64	7,37	7,10	6,84	6,59	6,32	6,06	8,87
19/04/2020 00:15:00	8,66	9,22	9,32	9,35	9,30	9,21	9,09	8,95	8,76	8,58	8,39	8,18	7,97	7,73	7,49	7,22	6,94	6,67	6,40	6,12	5,85	8,73
19/04/2020 00:20:00	8,61	9,22	9,28	9,30	9,29	9,20	9,10	8,99	8,84	8,67	8,48	8,27	8,07	7,84	7,61	7,35	7,08	6,82	6,56	6,29	6,02	8,57
19/04/2020 00:25:00	8,61	9,09	9,19	9,25	9,27	9,29	9,22	9,08	8,89	8,69	8,47	8,24	8,00	7,74	7,47	7,18	6,90	6,61	6,32	6,01	5,71	8,73
19/04/2020 00:30:00	8,56	9,09	9,20	9,28	9,33	9,13	9,01	8,92	8,70	8,51	8,35	8,15	7,95	7,72	7,48	7,19	6,91	6,63	6,36	6,07	5,79	8,57
19/04/2020 00:35:00	8,57	9,03	9,08	9,10	9,09	9,00	8,85	8,65	8,56	8,43	8,28	8,10	7,93	7,71	7,50	7,24	6,98	6,72	6,47	6,21	5,94	8,64
19/04/2020 00:40:00	8,48	8,97	9,04	9,11	9,18	9,12	8,99	8,81	8,66	8,50	8,31	8,10	7,89	7,64	7,39	7,10	6,82	6,54	6,26	5,97	5,68	8,46
19/04/2020 00:45:00	8,44	8,91	9,02	9,08	9,10	9,08	9,00	8,88	8,69	8,50	8,33	8,12	7,92	7,68	7,43	7,15	6,87	6,59	6,31	6,02	5,73	8,61
19/04/2020 00:50:00	8,46	8,82	8,93	9,01	9,03	8,96	8,86	8,74	8,60	8,45	8,28	8,08	7,88	7,65	7,42	7,15	6,88	6,61	6,35	6,07	5,80	8,50
19/04/2020 00:55:00	8,40	8,87	8,94	8,95	8,91	8,89	8,78	8,61	8,49	8,37	8,25	8,11	7,96	7,77	7,57	7,31	7,06	6,80	6,55	6,29	6,03	8,33
19/04/2020 01:00:00	8,28	8,77	8,85	8,92	8,97	8,81	8,73	8,68	8,51	8,36	8,23	8,06	7,90	7,69	7,48	7,22	6,96	6,71	6,45	6,19	5,93	8,15
19/04/2020 01:05:00	8,21	8,68	8,81	8,91	8,98	8,96	8,91	8,85	8,72	8,57	8,38	8,18	7,98	7,75	7,52	7,25	6,99	6,72	6,46	6,18	5,90	8,06
19/04/2020 01:10:00	8,25	8,69	8,81	8,90	8,97	8,96	8,85	8,70	8,59	8,49	8,39	8,24	8,10	7,89	7,69	7,42	7,15	6,89	6,63	6,35	6,08	7,95
19/04/2020 01:15:00	8,15	8,61	8,76	8,89	8,96	9,00	8,99	8,94	8,74	8,57	8,44	8,26	8,09	7,86	7,64	7,36	7,08	6,80	6,52	6,22	5,92	7,78
19/04/2020 01:20:00	8,07	8,54	8,67	8,76	8,82	8,83	8,77	8,68	8,54	8,40	8,26	8,08	7,91	7,69	7,48	7,21	6,94	6,68	6,41	6,13	5,85	7,77
19/04/2020 01:25:00	7,98	8,48	8,70	8,85	8,93	8,88	8,81	8,73	8,60	8,48	8,35	8,18	8,00	7,79	7,57	7,30	7,03	6,77	6,50	6,23	5,96	7,66
19/04/2020 01:30:00	7,93	8,49	8,66	8,85	9,04	9,02	8,95	8,85	8,76	8,61	8,41	8,18	7,95	7,69	7,43	7,15	6,87	6,59	6,31	6,01	5,72	7,84
19/04/2020 01:35:00	7,95	8,34	8,54	8,72	8,87	8,87	8,81	8,71	8,62	8,50	8,34	8,14	7,95	7,71	7,48	7,20	6,93	6,66	6,39	6,10	5,82	7,68
19/04/2020 01:40:00	7,76	8,34	8,51	8,64	8,73	8,74	8,71	8,64	8,51	8,38	8,26	8,10	7,95	7,74	7,53	7,27	7,00	6,74	6,48	6,20	5,93	7,57
19/04/2020 01:45:00	7,70	8,27	8,45	8,61	8,75	8,77	8,76	8,73	8,64	8,50	8,30	8,08	7,87	7,63	7,40	7,14	6,88	6,61	6,35	6,07	5,79	7,52
19/04/2020 01:50:00	7,62	8,26	8,44	8,56	8,61	8,65	8,59	8,50	8,37	8,25	8,12	7,96	7,80	7,60	7,39	7,13	6,86	6,60	6,34	6,07	5,80	7,42
19/04/2020 01:55:00	7,64	8,18	8,37	8,53	8,67	8,65	8,63	8,59	8,41	8,26	8,11	7,92	7,74	7,51	7,27	6,99	6,72	6,44	6,16	5,87	5,58	7,32
19/04/2020 02:00:00	7,66	8,10	8,32	8,47	8,52	8,55	8,47	8,35	8,28	8,19	8,08	7,92	7,76	7,56	7,36	7,10	6,84	6,59	6,34	6,08	5,82	7,42
19/04/2020 02:05:00	7,53	8,13	8,37	8,54	8,64	8,63	8,58	8,50	8,36	8,21	8,03	7,82	7,61	7,37	7,13	6,85	6,57	6,30	6,03	5,75	5,47	7,15
19/04/2020 02:10:00	7,56	8,13	8,32	8,45	8,51	8,49	8,46	8,42	8,25	8,14	8,08	7,97	7,86	7,67	7,49	7,23	6,98	6,72	6,47	6,20	5,94	7,15
19/04/2020 02:15:00	7,53	8,01	8,27	8,46	8,57	8,59	8,53	8,44	8,38	8,27	8,11	7,93	7,74	7,52	7,29	7,03	6,76	6,50	6,25	5,97	5,70	7,03
19/04/2020 02:20:00	7,58	8,00	8,26	8,43	8,48	8,56	8,52	8,41	8,36	8,27	8,12	7,94	7,77	7,55	7,34	7,09	6,83	6,58	6,33	6,06	5,80	7,08
19/04/2020 02:25:00	7,48	7,94	8,26	8,48	8,57	8,61	8,57	8,49	8,43	8,32	8,17	7,98	7,79	7,56	7,34	7,07	6,81	6,55	6,29	6,02	5,75	7,14
19/04/2020 02:30:00	7,40	7,88	8,11	8,27	8,35	8,37	8,34	8,30	8,25	8,18	8,09	7,97	7,84	7,67	7,49	7,25	7,01	6,78	6,54	6,29	6,05	7,08
19/04/2020 02:35:00	7,38	7,83	8,07	8,27	8,40	8,40	8,38	8,33	8,22	8,15	8,11	8,00	7,89	7,71	7,53	7,27	7,02	6,76	6,51	6,24	5,98	6,78
19/04/2020 02:40:00	7,27	7,74	8,03	8,26	8,39	8,41	8,42	8,41	8,36	8,29	8,19	8,06	7,92	7,74	7,55	7,31	7,06	6,81	6,57	6,31	6,05	6,81
19/04/2020 02:45:00	7,16	7,72	7,92	8,08	8,21	8,25	8,24	8,22	8,20	8,17	8,13	8,05	7,96	7,82	7,67	7,45	7,22	7,00	6,77	6,53	6,29	6,80
19/04/2020 02:50:00	7,17	7,61	7,87	8,08	8,22	8,31	8,38	8,42	8,32	8,23	8,12	7,98	7,84	7,64	7,45	7,21	6,96	6,71	6,46	6,19	5,92	6,57
19/04/2020 02:55:00	7,13	7,63	7,85	8,02	8,15	8,22	8,24	8,25	8,21	8,16	8,09	7,99	7,89	7,73	7,56	7,34	7,11	6,88	6,64	6,40	6,15	6,56
19/04/2020 03:00:00	7,05	7,51	7,78	8,02	8,22	8,35	8,40	8,39	8,29	8,22	8,17	8,06	7,95	7,77	7,58	7,32	7,06	6,80	6,53	6,25	5,97	6,43
19/04/2020 03:05:00	7,08	7,48	7,71	7,91	8,06	8,21	8,25	8,24	8,24	8,19	8,10	7,98	7,85	7,68	7,50	7,27	7,04	6,80	6,57	6,31	6,05	6,71
19/04/2020 03:10:00	6,94	7,47	7,72	7,95	8,16	8,32	8,42	8,48	8,38	8,31	8,24	8,13	8,02	7,84	7,66	7,42	7,17	6,91	6,66	6,38	6,10	6,29
19/04/2020 03:15:00	6,97	7,48	7,75	8,03	8,31	8,44	8,49	8,48	8,41	8,35	8,30	8,18	8,07	7,88	7,69	7,43	7,16	6,89	6,62	6,34	6,05	6,34
19/04/2020 03:20:00	6,89	7,59	7,92	8,15	8,28	8,40	8,43	8,40	8,33	8,27	8,20	8,09	7,97	7,79	7,61	7,36	7,11	6,87	6,62	6,36	6,10	6,27
19/04/2020 03:25:00	6,95	7,37	7,70	8,03	8,32	8,47	8,55	8,59	8,60	8,56	8,46	8,32	8,17	7,98	7,79	7,54	7,30	7,04	6,79	6,51	6,23	6,20
19/04/2020 03:30:00	6,87	7,31	7,71	8,05	8,32	8,51	8,61	8,67	8,62	8,56	8,47	8,32	8,17	7,97	7,77	7,51	7,25	6,98	6,72	6,43	6,14	6,33
19/04/2020 03:35:00	6,83	7,29	7,60	7,95	8,33	8,52	8,61	8,65	8,63	8,57	8,46	8,30	8,14	7,93	7,72	7,45	7,19	6,91	6,63	6,33	6,03	6,14
19/04/2020 03:40:00	6,68	7,22	7,60	7,90	8,10	8,24	8,31	8,36	8,34	8,32	8,29	8,20	8,11	7,95	7,80	7,56	7,33	7,09	6,86	6,60	6,34	6,32
19/04/2020 03:45:00	6,60	7,18	7,49	7,81	8,14	8,31	8,41	8,46	8,49	8,47	8,42	8,32	8,22	8,05	7,89	7,65	7,42	7,17	6,92	6,65	6,38	6,33
19/04/2020 03:50:00	6,56	7,18	7,60	7,95	8,19	8,33	8,39	8,40	8,38	8,34	8,29	8,17	8,06	7,88	7,70	7,44	7,19	6,94	6,68	6,41	6,14	5,85
19/04/2020 03:55:00	6,41	7,09	7,58	7,96	8,22	8,48	8,58	8,61	8,59	8,53	8,46	8,32	8,18	7,98	7,79	7,53	7,27	7,00	6,74	6,45	6,16	5,80
19/04/2020 04:00:00	6,31	7,04	7,60	8,01	8,22	8,37	8,44	8,47	8,45	8,38	8,28	8,12	7,97	7,76	7,55	7,29	7,03	6,78	6,52	6,25	5,97	5,71
19/04/2020 04:05:00	6,27	6,95	7,46	7,90	8,23	8,38	8,49	8,56	8,51	8,45	8,39	8,25	8,11	7,91	7,71	7,44	7,17	6,90	6,63	6,34	6,05	5,39
19/04/2020 04:10:00	6,20	6,99	7,49	7,88	8,13	8,25	8,35	8,42	8,40	8,36	8,30	8,18	8,06	7,89	7,71	7,47	7,22	6,98	6,73	6,47	6,21	5,57
19/04/2020 04:15:00	6,21	6,92	7,38	7,76	8,05	8,30	8,42	8,49	8,51	8,44	8,29	8,11	7,92	7,71	7,50	7,25	7,00	6,75	6,49	6,21	5,93	5,47
19/04/2020 04:20:00	6,27	6,81	7,30	7,74	8,09	8,29	8,41	8,47	8,42	8,37	8,30	8,15	8,01	7,80	7,59	7,32	7,05	6,78	6,50	6,21	5,91	5,30
19/04/2020 04:25:00	6,23	6,84	7,38	7,78	8,03	8,21	8,33	8,41	8,37	8,30	8,19	8,03	7,87	7,67	7,46	7,20	6,95	6,69	6,43	6,15	5,88	5,70
19/04/2020 04:30:00	6,18	6,91	7,34	7,71	8,01	8,20	8,30	8,36	8,37	8,32	8,21	8,07	7,92	7,73	7,53	7,29	7,04	6,79	6,54	6,27	5,99	5,46
19/04/2020 04:35:00	6,17	6,80	7,27	7,70	8,07	8,24	8,34	8,41	8,37	8,34	8,29	8,17	8,04	7,85	7,66	7,40	7,13	6,86	6,59	6,30	6,01	5,30
19/04/2020 04:40:00	6,16	6,70	7,23	7,70	8,08	8,34	8,47	8,53	8,51	8,41	8,26	8,05	7,84	7,59	7,35	7,07	6,79	6,50	6,21	5,90	5,59	5,23
19/04/2020 04:45:00	6,06	6,62	7,14	7,59	7,93	8,17	8,28	8,33	8,35	8,28	8,14	7,95	7,77	7,54	7,31	7,05	6,79	6,52	6,25	5,96	5,67	5,23
19/04/2020 04:50:00	6,06	6,69	7,11	7,53	7,89	8,05	8,18	8,28	8,28	8,21	8,08	7,91	7,74	7,53	7,31	7,06	6,81	6,55	6,29	6,01	5,73	5,40
19/04/2020 04:55:00	6,04	6,63	7,07	7,48	7,83	8,01	8,11	8,17	8,13	8,10	8,05	7,94	7,82	7,63	7,44	7,18	6,92	6,65	6,39	6,11	5,82	5,40
19/04/2020 05:00:00	5,99	6,48	6,94	7,33	7,63	7,88	8,05	8,17	8,19	8,19	8,16	8,08	7,99	7,83	7,68	7,45	7,22	6,98	6,74	6,48	6,22	5,06
19/04/2020 05:05:00	5,95	6,50	6,95	7,37	7,72	7,94	8,10	8,22	8,22	8,21	8,17	8,07	7,97	7,80	7,63	7,39	7,15	6,90	6,65	6,38	6,11	5,18
19/04/2020 05:10:00	5,90	6,50	6,97	7,39	7,71	7,91	8,06	8,19	8,24	8,22	8,15	8,04	7,92	7,76	7,59	7,36	7,13	6,90	6,66	6,40	6,14	5,03
19/04/2020 05:15:00	5,82	6,30	6,80	7,23	7,57	7,87	8,02	8,11	8,13	8,16	8,17	8,10	8,04	7,89	7,74	7,50	7,26	7,01	6,76	6,49	6,22	5,26
19/04/2020 05:20:00	5,87	6,22	6,71	7,17	7,56	7,87	8,07	8,22	8,26	8,27	8,25	8,15	8,06	7,89	7,73	7,50	7,26	7,01	6,76	6,48	6,20	5,16
19/04/2020 05:25:00	5,75	6,24	6,74	7,19	7,57	7,86	8,06	8,22	8,27	8,27	8,21	8,10	7,98	7,81	7,65	7,42	7,19	6,94	6,70	6,43	6,15	5,07
19/04/2020 05:30:00	5,74	6,17	6,73	7,23	7,62	7,84	7,99	8,10	8,14	8,15	8,13	8,03	7,93	7,76	7,58	7,34	7,09	6,83	6,58	6,30	6,03	4,72
19/04/2020 05:35:00	5,71	6,15	6,68	7,17	7,59	7,87	8,07	8,21	8,24	8,24	8,23	8,13	8,03	7,86	7,69	7,44	7,20	6,94	6,69	6,41	6,12	5,10
19/04/2020 05:40:00	5,70	6,19	6,65	7,06	7,40	7,69	7,82	7,89	7,96	8,02	8,09	8,07	8,05	7,93	7,81	7,59	7,37	7,13	6,90	6,64	6,39	4,91
19/04/2020 05:45:00	5,64	6,14	6,73	7,26	7,68	7,93	8,12	8,26	8,24	8,20	8,14	8,00	7,86	7,66	7,46	7,19	6,93	6,66	6,39	6,09	5,79	4,83
19/04/2020 05:50:00	5,61	6,22	6,69	7,14	7,53	7,76	7,85	7,91	7,97	7,99	7,97	7,88	7,79	7,62	7,45	7,21	6,97	6,72	6,47	6,20	5,93	4,95
19/04/2020 05:55:00	5,64	6,11	6,60	7,04	7,39	7,70	7,86	7,95	8,01	8,03	8,04	7,98	7,91	7,76	7,61	7,38	7,15	6,91	6,67	6,40	6,13	4,83
19/04/2020 06:00:00	5,60	6,06	6,53	6,99	7,41	7,56	7,74	7,91	7,94	7,95	7,95	7,88	7,80	7,65	7,50	7,27	7,05	6,81	6,57	6,30	6,04	4,85
19/04/2020 06:05:00	5,65	6,07	6,49	6,95	7,43	7,73	7,94	8,10	8,20	8,19	8,11	7,97	7,83	7,65	7,47	7,24	7,02	6,77	6,52	6,24	5,96	5,06
19/04/2020 06:10:00	5,54	6,05	6,56	7,02	7,41	7,69	7,86	7,97	8,05	8,07	8,04	7,95	7,85	7,69	7,53	7,30	7,07	6,83	6,59	6,32	6,05	4,80
19/04/2020 06:15:00	5,56	5,99	6,50	6,94	7,30	7,54	7,71	7,84	7,89	7,93	7,96	7,91	7,85	7,72	7,58	7,36	7,13	6,90	6,66	6,40	6,14	4,85
19/04/2020 06:20:00	5,54	5,92	6,36	6,79	7,17	7,44	7,61	7,74	7,83	7,89	7,93	7,90	7,86	7,74	7,61	7,40	7,19	6,96	6,74	6,49	6,23	4,98
19/04/2020 06:25:00	5,53	5,84	6,25	6,65	7,02	7,21	7,40	7,59	7,74	7,82	7,86	7,84	7,82	7,72	7,62	7,44	7,26	7,06	6,86	6,64	6,42	4,79
19/04/2020 06:30:00	5,13	5,40	5,94	6,42	6,81	7,17	7,39	7,53	7,58	7,57	7,51	7,39	7,26	7,08	6,90	6,67	6,43	6,19	5,94	5,66	5,39	4,81
19/04/2020 06:35:00	5,15	5,36	5,74	6,18	6,63	6,97	7,18	7,33	7,40	7,46	7,49	7,44	7,38	7,25	7,12	6,90	6,68	6,45	6,21	5,95	5,69	4,74
19/04/2020 06:40:00	5,04	5,26	5,74	6,18	6,55	6,78	7,00	7,19	7,21	7,24	7,26	7,21	7,15	7,01	6,88	6,66	6,45	6,22	6,00	5,74	5,49	4,78
19/04/2020 06:45:00	5,05	5,24	5,63	6,07	6,51	6,74	6,91	7,06	7,19	7,23	7,19	7,10	7,01	6,86	6,71	6,50	6,29	6,07	5,85	5,61	5,36	4,81
19/04/2020 06:50:00	4,98	5,08	5,58	6,07	6,50	6,80	7,03	7,21	7,31	7,34	7,32	7,23	7,14	6,98	6,83	6,61	6,40	6,17	5,94	5,68	5,42	4,81
19/04/2020 06:55:00	4,99	5,17	5,62	6,08	6,53	6,94	7,18	7,35	7,46	7,48	7,43	7,32	7,21	7,05	6,88	6,67	6,45	6,21	5,98	5,71	5,44	4,78
19/04/2020 07:00:00	4,67	4,85	5,33	5,81	6,25	6,58	6,76	6,89	7,02	7,05	7,01	6,90	6,80	6,64	6,47	6,25	6,04	5,81	5,58	5,32	5,07	4,74
19/04/2020 07:05:00	4,75	4,81	5,29	5,82	6,34	6,75	7,02	7,21	7,28	7,32	7,34	7,27	7,19	7,04	6,88	6,66	6,43	6,18	5,93	5,65	5,36	4,65
19/04/2020 07:10:00	4,61	4,83	5,29	5,81	6,34	6,67	6,94	7,17	7,28	7,30	7,25	7,14	7,03	6,86	6,70	6,48	6,27	6,04	5,81	5,54	5,27	4,61
19/04/2020 07:15:00	4,63	4,77	5,24	5,76	6,29	6,68	6,91	7,07	7,16	7,25	7,31	7,27	7,24	7,10	6,97	6,75	6,52	6,28	6,04	5,77	5,50	4,68
19/04/2020 07:20:00	4,68	4,77	5,14	5,62	6,16	6,56	6,87	7,11	7,14	7,20	7,27	7,24	7,22	7,09	6,97	6,75	6,54	6,30	6,06	5,78	5,50	4,85
19/04/2020 07:25:00	4,76	4,75	5,18	5,67	6,17	6,64	6,95	7,19	7,33	7,39	7,40	7,34	7,28	7,15	7,02	6,82	6,62	6,40	6,17	5,91	5,64	4,91
19/04/2020 07:30:00	4,81	4,74	5,18	5,66	6,16	6,51	6,72	6,88	7,04	7,12	7,13	7,07	7,00	6,86	6,73	6,52	6,31	6,09	5,87	5,61	5,35	5,18
19/04/2020 07:35:00	4,91	4,70	5,12	5,62	6,16	6,65	6,90	7,06	7,15	7,22	7,25	7,18	7,11	6,95	6,80	6,57	6,34	6,09	5,84	5,55	5,26	5,45
19/04/2020 07:40:00	5,25	5,15	5,48	5,87	6,30	6,70	7,01	7,26	7,33	7,42	7,53	7,54	7,56	7,47	7,39	7,20	7,01	6,80	6,58	6,33	6,08	5,57
19/04/2020 07:45:00	5,62	5,39	5,64	5,97	6,37	6,73	7,03	7,28	7,37	7,49	7,65	7,70	7,75	7,70	7,64	7,47	7,30	7,10	6,90	6,66	6,43	5,56
19/04/2020 07:50:00	5,79	5,54	5,79	6,15	6,57	6,88	7,13	7,35	7,43	7,53	7,65	7,68	7,70	7,62	7,54	7,35	7,17	6,95	6,74	6,49	6,24	5,78
19/04/2020 07:55:00	5,89	5,54	5,77	6,17	6,68	7,07	7,37	7,62	7,79	7,92	8,01	8,02	8,03	7,95	7,87	7,69	7,52	7,31	7,09	6,84	6,58	5,93
19/04/2020 08:00:00	5,97	5,58	5,88	6,29	6,77	7,04	7,32	7,60	7,80	7,90	7,91	7,86	7,82	7,71	7,61	7,44	7,27	7,07	6,87	6,63	6,39	6,05
19/04/2020 08:05:00	6,16	5,81	6,03	6,37	6,79	7,09	7,32	7,51	7,69	7,79	7,83	7,80	7,77	7,67	7,57	7,40	7,23	7,02	6,82	6,57	6,33	6,13
19/04/2020 08:10:00	6,19	5,91	6,19	6,53	6,89	7,16	7,40	7,60	7,71	7,74	7,71	7,63	7,55	7,41	7,28	7,09	6,90	6,68	6,46	6,21	5,96	6,05
19/04/2020 08:15:00	6,27	5,96	6,14	6,43	6,79	7,00	7,17	7,33	7,48	7,61	7,74	7,78	7,82	7,76	7,70	7,54	7,37	7,17	6,98	6,76	6,53	6,22
19/04/2020 08:20:00	6,35	6,16	6,35	6,60	6,87	7,11	7,24	7,33	7,38	7,47	7,60	7,63	7,66	7,58	7,50	7,31	7,11	6,90	6,69	6,45	6,22	6,54
19/04/2020 08:25:00	6,55	6,17	6,42	6,74	7,09	7,30	7,43	7,54	7,63	7,66	7,64	7,55	7,46	7,31	7,16	6,94	6,73	6,50	6,27	6,01	5,75	6,62
19/04/2020 08:30:00	6,64	6,09	6,24	6,51	6,86	7,16	7,40	7,62	7,84	7,94	7,97	7,95	7,92	7,84	7,75	7,60	7,45	7,26	7,08	6,85	6,62	7,03
19/04/2020 08:35:00	6,78	6,37	6,48	6,74	7,11	7,32	7,45	7,56	7,71	7,76	7,71	7,62	7,53	7,39	7,25	7,06	6,86	6,64	6,43	6,18	5,92	7,10
19/04/2020 08:40:00	7,12	6,73	6,89	7,08	7,26	7,44	7,53	7,57	7,61	7,68	7,76	7,75	7,75	7,65	7,55	7,35	7,15	6,94	6,72	6,49	6,25	7,18
19/04/2020 08:45:00	7,24	6,71	6,80	6,99	7,25	7,42	7,53	7,61	7,75	7,82	7,84	7,80	7,77	7,66	7,55	7,37	7,19	6,99	6,79	6,55	6,32	7,53
19/04/2020 08:50:00	7,38	6,98	7,04	7,15	7,29	7,47	7,59	7,69	7,82	7,88	7,89	7,86	7,83	7,74	7,65	7,48	7,32	7,14	6,95	6,73	6,52	7,83
19/04/2020 08:55:00	7,52	7,09	7,05	7,13	7,31	7,47	7,58	7,66	7,72	7,78	7,86	7,87	7,88	7,80	7,72	7,55	7,37	7,18	6,98	6,75	6,52	7,94
19/04/2020 09:00:00	7,57	7,15	7,11	7,14	7,25	7,34	7,49	7,67	7,75	7,83	7,91	7,94	7,97	7,93	7,88	7,74	7,61	7,44	7,28	7,08	6,89	7,97
19/04/2020 09:05:00	7,71	7,23	7,19	7,29	7,53	7,69	7,77	7,82	7,87	7,93	7,99	7,98	7,97	7,88	7,78	7,59	7,39	7,18	6,96	6,72	6,47	8,03
19/04/2020 09:10:00	7,76	7,25	7,25	7,37	7,59	7,74	7,84	7,93	7,99	8,02	8,05	8,01	7,97	7,86	7,75	7,56	7,37	7,16	6,95	6,70	6,46	8,05
19/04/2020 09:15:00	7,86	7,47	7,43	7,53	7,72	7,80	7,90	8,03	8,17	8,21	8,15	8,07	8,00	7,88	7,77	7,61	7,45	7,26	7,07	6,85	6,63	8,13
19/04/2020 09:20:00	8,01	7,47	7,45	7,54	7,69	7,65	7,71	7,83	7,85	7,86	7,90	7,88	7,85	7,75	7,66	7,47	7,29	7,09	6,89	6,67	6,45	8,37
19/04/2020 09:25:00	8,12	7,53	7,38	7,41	7,61	7,67	7,72	7,76	7,80	7,87	7,99	8,02	8,05	7,99	7,92	7,74	7,56	7,36	7,16	6,93	6,70	8,30
19/04/2020 09:30:00	8,14	7,61	7,49	7,47	7,51	7,65	7,73	7,78	7,83	7,87	7,92	7,92	7,92	7,84	7,76	7,60	7,44	7,25	7,06	6,84	6,62	8,64
19/04/2020 09:35:00	8,29	7,78	7,66	7,61	7,62	7,70	7,72	7,71	7,68	7,69	7,77	7,77	7,78	7,69	7,61	7,42	7,23	7,03	6,83	6,60	6,38	8,59
19/04/2020 09:40:00	8,52	7,91	7,67	7,54	7,53	7,55	7,53	7,50	7,44	7,46	7,57	7,60	7,64	7,57	7,50	7,32	7,13	6,94	6,74	6,52	6,31	8,97
19/04/2020 09:45:00	8,69	8,12	7,73	7,45	7,26	7,29	7,26	7,22	7,23	7,29	7,44	7,54	7,64	7,63	7,62	7,50	7,37	7,22	7,07	6,91	6,74	10,10
19/04/2020 09:50:00	8,81	8,18	7,86	7,62	7,44	7,36	7,32	7,32	7,30	7,32	7,39	7,42	7,46	7,41	7,36	7,22	7,08	6,93	6,77	6,60	6,43	10,11
19/04/2020 09:55:00	8,94	8,33	7,97	7,73	7,61	7,44	7,34	7,28	7,26	7,30	7,40	7,45	7,50	7,46	7,42	7,27	7,11	6,95	6,79	6,61	6,44	9,59
19/04/2020 10:00:00	9,12	8,57	8,18	7,90	7,75	7,62	7,57	7,58	7,48	7,46	7,52	7,54	7,56	7,50	7,44	7,28	7,12	6,94	6,77	6,58	6,39	9,38
19/04/2020 10:05:00	9,26	8,68	8,27	7,99	7,87	7,80	7,73	7,66	7,63	7,60	7,58	7,54	7,49	7,40	7,30	7,13	6,96	6,78	6,59	6,39	6,18	9,74
19/04/2020 10:10:00	9,41	8,84	8,47	8,21	8,07	8,04	7,99	7,93	7,82	7,72	7,64	7,54	7,45	7,30	7,16	6,97	6,77	6,56	6,35	6,12	5,89	10,90
19/04/2020 10:15:00	9,53	9,06	8,64	8,32	8,12	8,04	7,94	7,84	7,73	7,69	7,73	7,74	7,74	7,66	7,59	7,41	7,24	7,05	6,86	6,66	6,46	10,53
19/04/2020 10:20:00	9,72	9,07	8,69	8,45	8,39	8,29	8,18	8,09	7,96	7,90	7,94	7,92	7,89	7,79	7,68	7,47	7,27	7,05	6,83	6,60	6,36	10,94
19/04/2020 10:25:00	9,83	9,30	8,93	8,61	8,34	8,20	8,08	8,00	7,82	7,70	7,67	7,60	7,54	7,42	7,29	7,10	6,90	6,70	6,50	6,29	6,07	10,96
19/04/2020 10:30:00	10,08	9,66	9,30	8,96	8,66	8,40	8,14	7,89	7,76	7,66	7,59	7,50	7,41	7,27	7,12	6,91	6,71	6,50	6,30	6,10	5,89	11,36
19/04/2020 10:35:00	10,24	9,58	9,17	8,82	8,54	8,40	8,27	8,16	7,99	7,85	7,76	7,66	7,55	7,40	7,26	7,05	6,85	6,64	6,43	6,20	5,98	11,05
19/04/2020 10:40:00	10,36	9,72	9,30	8,88	8,47	8,18	7,94	7,73	7,63	7,58	7,60	7,59	7,59	7,51	7,43	7,26	7,10	6,93	6,77	6,60	6,43	11,54
19/04/2020 10:45:00	10,61	10,04	9,53	9,03	8,53	8,26	8,04	7,86	7,70	7,61	7,61	7,59	7,57	7,49	7,41	7,25	7,09	6,92	6,76	6,59	6,42	11,97
19/04/2020 10:50:00	10,72	10,03	9,50	9,05	8,72	8,47	8,28	8,12	8,03	7,94	7,80	7,69	7,58	7,44	7,31	7,13	6,96	6,77	6,59	6,40	6,20	11,68
19/04/2020 10:55:00	10,74	10,01	9,55	9,14	8,77	8,49	8,28	8,12	7,98	7,87	7,79	7,70	7,61	7,48	7,35	7,16	6,97	6,78	6,60	6,40	6,20	12,32
19/04/2020 11:00:00	10,95	10,25	9,73	9,27	8,91	8,54	8,28	8,13	7,96	7,85	7,82	7,77	7,72	7,61	7,50	7,32	7,14	6,95	6,77	6,58	6,39	11,39
19/04/2020 11:05:00	10,93	10,24	9,72	9,30	8,99	8,69	8,46	8,27	8,05	7,93	7,99	7,99	7,99	7,89	7,80	7,59	7,39	7,18	6,97	6,76	6,55	11,13
19/04/2020 11:10:00	11,18	10,43	9,89	9,43	9,07	8,79	8,58	8,42	8,24	8,10	8,02	7,93	7,84	7,70	7,57	7,37	7,18	6,98	6,78	6,57	6,36	11,56
19/04/2020 11:15:00	10,99	10,38	9,80	9,31	8,98	8,66	8,42	8,25	8,17	8,13	8,10	8,08	8,05	7,97	7,89	7,73	7,57	7,40	7,23	7,06	6,88	12,34
19/04/2020 11:20:00	11,36	10,49	9,93	9,44	9,03	8,65	8,41	8,29	8,09	7,95	7,91	7,86	7,81	7,70	7,59	7,40	7,22	7,03	6,85	6,65	6,46	13,12
19/04/2020 11:25:00	11,32	10,69	10,19	9,76	9,42	9,27	9,12	8,95	8,67	8,45	8,36	8,24	8,12	7,95	7,78	7,55	7,31	7,07	6,83	6,57	6,31	12,41
19/04/2020 11:30:00	11,61	10,77	10,25	9,83	9,52	9,25	8,96	8,65	8,45	8,30	8,19	8,05	7,92	7,74	7,56	7,32	7,08	6,84	6,60	6,36	6,11	13,46
19/04/2020 11:35:00	11,84	11,20	10,70	10,20	9,70	9,37	9,07	8,79	8,52	8,27	8,05	7,83	7,62	7,40	7,18	6,94	6,70	6,46	6,23	5,99	5,75	13,29
19/04/2020 11:40:00	11,80	11,19	10,54	9,98	9,54	9,14	8,84	8,62	8,47	8,33	8,14	7,99	7,84	7,67	7,51	7,33	7,14	6,95	6,75	6,56	6,36	13,42
19/04/2020 11:45:00	12,05	11,47	10,97	10,40	9,75	9,30	8,87	8,46	8,19	7,99	7,86	7,73	7,60	7,42	7,25	7,02	6,79	6,59	6,38	6,19	5,99	13,33
19/04/2020 11:50:00	11,97	11,48	10,88	10,36	9,95	9,60	9,26	8,91	8,61	8,39	8,28	8,14	8,01	7,82	7,64	7,39	7,14	6,89	6,65	6,41	6,16	13,27
19/04/2020 11:55:00	12,12	11,43	10,96	10,55	10,21	9,91	9,58	9,23	8,97	8,73	8,50	8,26	8,02	7,77	7,52	7,24	6,96	6,69	6,42	6,15	5,87	14,38
19/04/2020 12:00:00	12,28	11,53	10,90	10,33	9,86	9,41	9,04	8,74	8,56	8,39	8,16	7,97	7,78	7,59	7,39	7,18	6,97	6,76	6,55	6,35	6,14	13,66
19/04/2020 12:05:00	12,29	11,76	11,28	10,77	10,21	9,71	9,28	8,90	8,61	8,37	8,20	8,02	7,85	7,65	7,44	7,19	6,94	6,72	6,49	6,27	6,05	13,90
19/04/2020 12:10:00	12,27	11,67	11,08	10,55	10,13	9,75	9,39	9,04	8,78	8,57	8,40	8,23	8,06	7,86	7,66	7,41	7,17	6,93	6,69	6,45	6,21	13,72
19/04/2020 12:15:00	12,29	11,75	11,20	10,65	10,14	9,73	9,34	8,97	8,68	8,46	8,33	8,19	8,05	7,87	7,69	7,44	7,20	6,97	6,73	6,51	6,28	13,71
19/04/2020 12:20:00	12,61	11,83	11,22	10,69	10,27	9,93	9,61	9,30	9,02	8,80	8,67	8,53	8,38	8,19	8,01	7,76	7,52	7,27	7,03	6,78	6,53	13,64
19/04/2020 12:25:00	12,50	11,91	11,37	10,88	10,44	10,12	9,83	9,56	9,29	9,03	8,78	8,54	8,31	8,07	7,83	7,58	7,33	7,08	6,82	6,56	6,30	13,67
19/04/2020 12:30:00	12,75	12,05	11,52	11,02	10,52	10,12	9,77	9,46	9,15	8,86	8,63	8,40	8,18	7,94	7,70	7,44	7,17	6,92	6,66	6,41	6,15	14,10
19/04/2020 12:35:00	12,80	12,19	11,72	11,30	10,96	10,62	10,32	10,06	9,78	9,50	9,19	8,91	8,63	8,35	8,07	7,79	7,52	7,24	6,96	6,67	6,38	14,81
19/04/2020 12:40:00	12,86	12,38	11,87	11,28	10,60	10,11	9,68	9,30	8,98	8,72	8,54	8,37	8,21	8,01	7,82	7,57	7,33	7,11	6,88	6,67	6,45	14,54
19/04/2020 12:45:00	13,01	12,31	11,71	11,18	10,73	10,39	10,05	9,71	9,43	9,18	9,01	8,83	8,65	8,44	8,22	7,97	7,71	7,45	7,20	6,94	6,67	14,65
19/04/2020 12:50:00	13,31	12,32	11,79	11,30	10,81	10,41	10,01	9,62	9,35	9,11	8,86	8,61	8,36	8,11	7,86	7,59	7,32	7,06	6,80	6,53	6,27	14,99
19/04/2020 12:55:00	13,08	12,60	12,03	11,53	11,12	10,62	10,24	9,99	9,67	9,37	9,17	8,97	8,76	8,54	8,31	8,05	7,78	7,52	7,26	7,00	6,74	15,25
19/04/2020 13:00:00	13,31	12,69	12,18	11,66	11,12	10,73	10,40	10,11	9,84	9,57	9,25	8,97	8,69	8,43	8,17	7,91	7,66	7,41	7,15	6,89	6,64	15,65
19/04/2020 13:05:00	13,45	13,01	12,45	11,88	11,33	10,84	10,39	9,99	9,57	9,20	8,95	8,69	8,44	8,17	7,90	7,60	7,31	7,02	6,74	6,46	6,19	14,84
19/04/2020 13:10:00	13,59	12,78	12,25	11,81	11,47	11,17	10,84	10,50	10,19	9,89	9,56	9,25	8,93	8,63	8,32	8,02	7,71	7,40	7,10	6,78	6,46	14,87
19/04/2020 13:15:00	13,79	13,23	12,61	12,05	11,59	11,19	10,82	10,47	10,06	9,68	9,35	9,05	8,74	8,44	8,14	7,83	7,52	7,21	6,91	6,59	6,28	15,52
19/04/2020 13:20:00	13,85	13,30	12,86	12,43	11,99	11,60	11,19	10,75	10,35	9,95	9,57	9,20	8,82	8,47	8,12	7,77	7,42	7,09	6,76	6,42	6,08	15,42
19/04/2020 13:25:00	13,96	13,23	12,69	12,20	11,79	11,30	10,84	10,44	10,08	9,75	9,49	9,21	8,93	8,65	8,36	8,05	7,74	7,44	7,15	6,85	6,55	16,30
19/04/2020 13:30:00	13,95	13,26	12,85	12,42	11,91	11,46	11,08	10,76	10,47	10,17	9,79	9,45	9,11	8,80	8,49	8,20	7,91	7,63	7,34	7,06	6,77	15,20
19/04/2020 13:35:00	14,01	13,23	12,68	12,17	11,71	11,27	10,90	10,61	10,30	10,00	9,68	9,39	9,10	8,83	8,55	8,27	7,99	7,71	7,43	7,14	6,86	15,80
19/04/2020 13:40:00	14,22	13,52	12,99	12,51	12,10	11,63	11,25	10,96	10,63	10,28	9,90	9,56	9,21	8,90	8,58	8,28	7,97	7,67	7,37	7,06	6,75	16,17
19/04/2020 13:45:00	14,24	13,71	13,10	12,57	12,19	11,78	11,36	10,90	10,56	10,24	9,92	9,61	9,30	9,00	8,69	8,38	8,06	7,75	7,43	7,12	6,80	16,34
19/04/2020 13:50:00	14,41	13,84	13,30	12,80	12,34	11,88	11,44	11,02	10,62	10,25	9,93	9,63	9,32	9,01	8,69	8,37	8,04	7,72	7,41	7,09	6,77	16,60
19/04/2020 13:55:00	14,46	13,78	13,23	12,74	12,33	11,98	11,59	11,15	10,80	10,46	10,13	9,81	9,48	9,17	8,85	8,52	8,20	7,88	7,55	7,22	6,89	15,87
19/04/2020 14:00:00	14,71	13,73	13,20	12,70	12,18	11,73	11,32	10,97	10,62	10,28	9,95	9,64	9,33	9,03	8,73	8,42	8,12	7,82	7,52	7,22	6,91	16,64
19/04/2020 14:05:00	14,64	14,02	13,48	12,94	12,41	11,95	11,50	11,06	10,70	10,35	9,94	9,57	9,20	8,87	8,53	8,22	7,90	7,59	7,29	6,98	6,67	16,77
19/04/2020 14:10:00	14,68	14,26	13,75	13,24	12,71	12,21	11,73	11,26	10,91	10,59	10,18	9,82	9,46	9,13	8,80	8,48	8,17	7,86	7,55	7,25	6,94	16,64
19/04/2020 14:15:00	14,66	13,92	13,45	12,96	12,39	11,88	11,43	11,07	10,69	10,33	10,04	9,76	9,47	9,19	8,90	8,60	8,29	8,00	7,70	7,41	7,11	17,06
19/04/2020 14:20:00	14,79	13,94	13,34	12,82	12,36	11,89	11,48	11,15	10,77	10,41	10,16	9,91	9,66	9,39	9,11	8,81	8,50	8,20	7,90	7,59	7,28	16,70
19/04/2020 14:25:00	15,00	14,46	13,78	13,08	12,45	11,95	11,48	11,03	10,62	10,26	10,00	9,76	9,52	9,26	9,01	8,71	8,42	8,14	7,85	7,57	7,29	17,26
19/04/2020 14:30:00	14,98	14,22	13,73	13,25	12,72	12,21	11,72	11,26	10,83	10,44	10,18	9,90	9,62	9,32	9,02	8,69	8,35	8,03	7,71	7,40	7,08	17,08
19/04/2020 14:35:00	15,14	14,30	13,63	13,03	12,50	12,03	11,60	11,20	10,85	10,52	10,24	9,97	9,71	9,44	9,17	8,87	8,58	8,28	7,99	7,69	7,39	16,74
19/04/2020 14:40:00	15,01	14,37	13,90	13,45	13,01	12,63	12,22	11,76	11,30	10,86	10,50	10,13	9,76	9,40	9,03	8,67	8,30	7,94	7,58	7,21	6,85	16,47
19/04/2020 14:45:00	15,14	14,27	13,75	13,28	12,87	12,43	12,03	11,69	11,36	11,02	10,62	10,24	9,87	9,53	9,19	8,87	8,55	8,22	7,90	7,57	7,23	17,39
19/04/2020 14:50:00	15,02	14,50	13,93	13,39	12,90	12,44	12,00	11,56	11,19	10,84	10,50	10,19	9,87	9,56	9,25	8,94	8,62	8,30	7,99	7,67	7,35	17,13
19/04/2020 14:55:00	15,15	14,64	14,18	13,79	13,48	13,00	12,55	12,15	11,64	11,12	10,75	10,36	9,97	9,58	9,19	8,79	8,39	8,00	7,61	7,22	6,82	17,77
19/04/2020 15:00:00	15,38	14,63	14,10	13,60	13,16	12,70	12,27	11,86	11,46	11,06	10,66	10,27	9,89	9,53	9,17	8,82	8,48	8,14	7,80	7,45	7,10	18,17
19/04/2020 15:05:00	15,66	14,92	14,51	14,02	13,37	12,82	12,31	11,82	11,34	10,86	10,46	10,07	9,67	9,30	8,93	8,56	8,20	7,86	7,51	7,18	6,84	17,93
19/04/2020 15:10:00	15,55	14,84	14,28	13,71	13,12	12,56	12,08	11,68	11,28	10,90	10,53	10,18	9,84	9,52	9,20	8,88	8,56	8,25	7,95	7,64	7,33	18,01
19/04/2020 15:15:00	15,57	14,79	14,25	13,74	13,25	12,73	12,24	11,81	11,42	11,04	10,73	10,41	10,10	9,78	9,47	9,14	8,80	8,48	8,15	7,83	7,50	18,55
19/04/2020 15:20:00	15,48	14,88	14,37	13,85	13,34	12,82	12,32	11,86	11,46	11,07	10,70	10,35	10,01	9,67	9,33	8,99	8,65	8,32	8,00	7,67	7,34	17,61
19/04/2020 15:25:00	15,73	15,00	14,48	14,02	13,64	13,28	12,92	12,56	12,20	11,83	11,46	11,10	10,74	10,40	10,06	9,72	9,38	9,04	8,69	8,33	7,96	18,75
19/04/2020 15:30:00	15,80	15,04	14,50	14,05	13,68	13,28	12,88	12,47	12,07	11,64	11,17	10,72	10,27	9,87	9,47	9,09	8,72	8,35	7,98	7,59	7,20	18,78
19/04/2020 15:35:00	15,91	14,82	14,28	13,79	13,31	12,90	12,51	12,15	11,81	11,46	11,03	10,64	10,24	9,88	9,53	9,20	8,88	8,54	8,21	7,87	7,52	18,10
19/04/2020 15:40:00	15,71	15,15	14,66	14,18	13,72	13,21	12,72	12,29	11,88	11,46	10,98	10,55	10,11	9,71	9,32	8,96	8,60	8,24	7,89	7,53	7,17	17,99
19/04/2020 15:45:00	15,80	15,25	14,80	14,31	13,77	13,24	12,74	12,29	11,84	11,39	11,04	10,69	10,34	10,00	9,65	9,30	8,94	8,59	8,25	7,90	7,56	18,02
19/04/2020 15:50:00	15,92	15,30	14,71	14,15	13,66	13,14	12,67	12,27	11,86	11,46	11,11	10,77	10,43	10,10	9,78	9,45	9,11	8,78	8,45	8,11	7,78	19,73
19/04/2020 15:55:00	15,87	15,29	14,70	14,15	13,69	13,22	12,80	12,43	12,00	11,57	11,17	10,80	10,42	10,07	9,72	9,38	9,03	8,68	8,33	7,97	7,62	18,02
19/04/2020 16:00:00	15,92	15,39	14,89	14,40	13,93	13,43	12,97	12,54	12,15	11,78	11,43	11,10	10,76	10,43	10,10	9,77	9,43	9,09	8,76	8,42	8,08	18,16
19/04/2020 16:05:00	16,01	15,37	14,87	14,36	13,81	13,33	12,87	12,42	12,00	11,59	11,21	10,85	10,49	10,15	9,81	9,46	9,11	8,77	8,43	8,09	7,74	18,23
19/04/2020 16:10:00	15,87	15,19	14,67	14,19	13,78	13,38	12,97	12,54	12,20	11,88	11,49	11,12	10,76	10,41	10,07	9,74	9,40	9,07	8,73	8,38	8,03	18,46
19/04/2020 16:15:00	15,96	15,34	14,73	14,17	13,68	13,22	12,78	12,35	11,94	11,56	11,25	10,94	10,64	10,33	10,02	9,69	9,36	9,02	8,69	8,35	8,01	19,11
19/04/2020 16:20:00	15,97	15,30	14,75	14,26	13,86	13,46	13,08	12,72	12,31	11,87	11,48	11,10	10,73	10,37	10,01	9,65	9,30	8,94	8,57	8,20	7,82	19,54
19/04/2020 16:25:00	15,94	15,31	14,86	14,42	13,95	13,47	13,02	12,58	12,19	11,80	11,43	11,07	10,71	10,37	10,02	9,67	9,32	8,97	8,62	8,27	7,92	19,00
19/04/2020 16:30:00	15,99	15,43	14,95	14,51	14,13	13,72	13,31	12,89	12,51	12,14	11,74	11,36	10,98	10,62	10,26	9,90	9,54	9,18	8,82	8,45	8,08	19,41
19/04/2020 16:35:00	16,16	15,45	14,90	14,42	14,03	13,63	13,21	12,78	12,38	11,98	11,60	11,22	10,84	10,48	10,12	9,76	9,40	9,03	8,67	8,29	7,92	18,37
19/04/2020 16:40:00	16,09	15,38	14,81	14,26	13,76	13,35	12,96	12,57	12,18	11,80	11,41	11,05	10,68	10,35	10,01	9,68	9,35	9,01	8,67	8,32	7,97	18,21
19/04/2020 16:45:00	15,99	15,47	15,00	14,50	13,95	13,48	13,04	12,62	12,23	11,84	11,42	11,03	10,65	10,29	9,94	9,60	9,26	8,92	8,58	8,24	7,89	18,36
19/04/2020 16:50:00	15,96	15,41	14,89	14,43	14,04	13,65	13,26	12,86	12,42	11,98	11,66	11,33	11,01	10,67	10,33	9,97	9,61	9,24	8,87	8,49	8,11	18,54
19/04/2020 16:55:00	16,21	15,59	15,07	14,57	14,09	13,62	13,18	12,79	12,36	11,91	11,51	11,13	10,76	10,40	10,04	9,68	9,32	8,96	8,61	8,24	7,87	18,29
19/04/2020 17:00:00	16,22	15,44	14,98	14,54	14,07	13,71	13,37	13,01	12,64	12,25	11,82	11,42	11,03	10,66	10,30	9,95	9,60	9,25	8,89	8,52	8,15	19,34
19/04/2020 17:05:00	16,31	15,44	14,96	14,58	14,32	13,91	13,51	13,14	12,74	12,31	11,80	11,32	10,83	10,40	9,96	9,57	9,18	8,78	8,39	7,97	7,55	19,27
19/04/2020 17:10:00	16,26	15,74	15,24	14,75	14,27	13,84	13,41	12,97	12,52	12,06	11,65	11,25	10,85	10,47	10,10	9,73	9,35	8,98	8,61	8,23	7,85	18,80
19/04/2020 17:15:00	16,26	15,70	15,23	14,75	14,23	13,79	13,38	12,98	12,52	12,04	11,63	11,24	10,85	10,48	10,11	9,74	9,37	9,00	8,63	8,25	7,88	18,60
19/04/2020 17:20:00	16,23	15,62	15,14	14,68	14,25	13,81	13,40	13,05	12,65	12,25	11,91	11,58	11,25	10,92	10,60	10,25	9,91	9,56	9,20	8,84	8,48	19,24
19/04/2020 17:25:00	16,43	15,76	15,28	14,78	14,21	13,73	13,31	12,93	12,47	11,99	11,61	11,24	10,87	10,51	10,16	9,80	9,44	9,09	8,73	8,37	8,01	19,07
19/04/2020 17:30:00	16,21	15,65	15,19	14,72	14,26	13,80	13,37	12,97	12,55	12,13	11,76	11,40	11,04	10,70	10,35	9,99	9,64	9,28	8,93	8,57	8,20	18,46
19/04/2020 17:35:00	16,33	15,62	15,17	14,72	14,24	13,78	13,35	12,92	12,49	12,05	11,62	11,21	10,79	10,41	10,02	9,65	9,28	8,91	8,55	8,17	7,80	19,24
19/04/2020 17:40:00	16,18	15,56	15,09	14,65	14,25	13,82	13,37	12,91	12,50	12,11	11,70	11,31	10,91	10,54	10,17	9,80	9,43	9,06	8,69	8,32	7,94	18,22
19/04/2020 17:45:00	16,18	15,56	15,06	14,61	14,22	13,82	13,42	13,01	12,63	12,25	11,84	11,45	11,07	10,70	10,34	9,98	9,63	9,27	8,90	8,53	8,15	18,54
19/04/2020 17:50:00	16,12	15,55	15,08	14,63	14,17	13,76	13,32	12,82	12,42	12,07	11,66	11,27	10,88	10,52	10,15	9,79	9,43	9,07	8,72	8,35	7,98	18,47
19/04/2020 17:55:00	15,98	15,52	15,09	14,67	14,24	13,82	13,39	12,96	12,57	12,19	11,79	11,40	11,02	10,65	10,29	9,93	9,57	9,21	8,86	8,49	8,12	18,17
19/04/2020 18:00:00	15,98	15,60	15,14	14,66	14,17	13,70	13,26	12,85	12,44	12,03	11,65	11,29	10,93	10,58	10,24	9,89	9,54	9,19	8,84	8,49	8,13	18,41
19/04/2020 18:05:00	15,90	15,61	15,14	14,67	14,22	13,75	13,30	12,89	12,48	12,07	11,63	11,22	10,82	10,44	10,07	9,71	9,36	9,00	8,64	8,28	7,92	18,46
19/04/2020 18:10:00	15,91	15,56	15,17	14,77	14,35	13,89	13,44	13,02	12,59	12,15	11,67	11,23	10,79	10,39	9,98	9,60	9,22	8,84	8,47	8,08	7,70	18,81
19/04/2020 18:15:00	15,92	15,51	15,08	14,66	14,24	13,84	13,41	12,93	12,54	12,16	11,71	11,29	10,87	10,48	10,09	9,72	9,35	8,98	8,62	8,24	7,86	18,19
19/04/2020 18:20:00	15,90	15,44	14,99	14,58	14,21	13,80	13,39	12,97	12,58	12,19	11,79	11,41	11,02	10,66	10,29	9,93	9,56	9,20	8,83	8,45	8,08	17,93
19/04/2020 18:25:00	15,78	15,43	15,05	14,62	14,10	13,67	13,24	12,80	12,37	11,96	11,59	11,24	10,88	10,53	10,18	9,83	9,47	9,12	8,77	8,41	8,06	17,84
19/04/2020 18:30:00	15,76	15,41	14,98	14,56	14,17	13,74	13,33	12,95	12,53	12,09	11,68	11,30	10,91	10,54	10,17	9,81	9,44	9,07	8,70	8,33	7,95	17,97
19/04/2020 18:35:00	15,87	15,43	15,00	14,59	14,22	13,79	13,36	12,95	12,55	12,16	11,76	11,36	10,97	10,60	10,23	9,87	9,51	9,14	8,78	8,40	8,03	18,27
19/04/2020 18:40:00	15,91	15,38	14,96	14,55	14,14	13,73	13,34	12,95	12,56	12,16	11,75	11,37	10,98	10,61	10,25	9,89	9,53	9,17	8,81	8,43	8,06	18,14
19/04/2020 18:45:00	15,86	15,44	15,00	14,55	14,07	13,69	13,31	12,87	12,44	12,01	11,64	11,28	10,93	10,57	10,22	9,86	9,50	9,14	8,77	8,40	8,03	17,99
19/04/2020 18:50:00	15,79	15,43	14,99	14,54	14,14	13,71	13,27	12,81	12,41	12,02	11,66	11,31	10,95	10,61	10,26	9,90	9,54	9,19	8,83	8,47	8,10	17,92
19/04/2020 18:55:00	16,01	15,74	15,35	14,96	14,58	14,18	13,77	13,35	12,92	12,49	12,06	11,66	11,25	10,86	10,47	10,09	9,71	9,33	8,95	8,56	8,17	17,87
19/04/2020 19:00:00	16,02	15,64	15,23	14,84	14,45	14,07	13,68	13,28	12,91	12,54	12,09	11,67	11,26	10,88	10,50	10,14	9,78	9,41	9,04	8,66	8,28	17,94
19/04/2020 19:05:00	15,97	15,62	15,25	14,86	14,42	14,00	13,61	13,24	12,84	12,42	12,02	11,64	11,26	10,90	10,53	10,17	9,82	9,45	9,09	8,72	8,35	17,99
19/04/2020 19:10:00	15,91	15,57	15,16	14,75	14,37	14,02	13,65	13,24	12,86	12,49	12,08	11,70	11,31	10,95	10,59	10,23	9,87	9,51	9,14	8,76	8,39	17,59
19/04/2020 19:15:00	16,10	15,85	15,47	15,08	14,68	14,27	13,86	13,44	13,04	12,65	12,28	11,91	11,55	11,19	10,84	10,48	10,11	9,74	9,38	9,00	8,62	17,70
19/04/2020 19:20:00	16,09	15,79	15,42	15,04	14,67	14,26	13,85	13,42	13,02	12,63	12,29	11,95	11,61	11,26	10,92	10,55	10,19	9,82	9,45	9,07	8,70	17,46
19/04/2020 19:25:00	16,30	16,12	15,77	15,41	15,04	14,66	14,24	13,77	13,39	13,04	12,64	12,25	11,87	11,50	11,13	10,76	10,39	10,02	9,64	9,26	8,87	17,43
19/04/2020 19:30:00	16,15	16,02	15,70	15,36	14,98	14,56	14,15	13,75	13,35	12,96	12,62	12,28	11,93	11,59	11,25	10,88	10,52	10,15	9,78	9,40	9,02	17,27
19/04/2020 19:35:00	15,98	16,02	15,74	15,40	14,99	14,55	14,11	13,65	13,27	12,92	12,50	12,10	11,71	11,34	10,97	10,60	10,24	9,87	9,50	9,13	8,77	17,10
19/04/2020 19:40:00	15,89	15,94	15,68	15,34	14,90	14,47	14,06	13,68	13,25	12,82	12,43	12,05	11,68	11,32	10,95	10,58	10,21	9,84	9,47	9,09	8,72	16,86
19/04/2020 19:45:00	15,80	15,87	15,62	15,26	14,81	14,34	13,89	13,49	13,12	12,77	12,42	12,10	11,77	11,45	11,12	10,78	10,43	10,09	9,74	9,40	9,06	16,61
19/04/2020 19:50:00	15,68	15,78	15,52	15,20	14,83	14,42	14,02	13,62	13,21	12,81	12,47	12,13	11,80	11,45	11,11	10,74	10,37	10,00	9,63	9,26	8,89	16,41
19/04/2020 19:55:00	15,60	15,75	15,55	15,24	14,77	14,36	13,96	13,56	13,15	12,76	12,40	12,05	11,70	11,36	11,02	10,65	10,29	9,93	9,57	9,21	8,85	16,39
19/04/2020 20:00:00	15,83	16,01	15,79	15,50	15,13	14,75	14,34	13,89	13,52	13,17	12,75	12,36	11,97	11,60	11,22	10,85	10,48	10,11	9,73	9,35	8,97	16,35
19/04/2020 20:05:00	15,75	15,87	15,64	15,34	14,98	14,62	14,25	13,87	13,52	13,19	12,81	12,46	12,10	11,76	11,42	11,06	10,71	10,35	9,98	9,61	9,24	16,07
19/04/2020 20:10:00	15,62	15,90	15,66	15,34	14,96	14,61	14,26	13,89	13,49	13,10	12,72	12,36	12,01	11,65	11,30	10,94	10,57	10,20	9,83	9,45	9,07	15,74
19/04/2020 20:15:00	15,52	15,77	15,58	15,27	14,86	14,48	14,10	13,70	13,33	12,98	12,61	12,26	11,91	11,57	11,23	10,88	10,53	10,17	9,81	9,45	9,09	15,49
19/04/2020 20:20:00	15,31	15,68	15,54	15,32	15,00	14,62	14,22	13,82	13,46	13,10	12,68	12,28	11,88	11,50	11,12	10,75	10,37	10,00	9,62	9,24	8,85	15,23
19/04/2020 20:25:00	15,27	15,57	15,43	15,21	14,89	14,53	14,17	13,83	13,46	13,08	12,70	12,34	11,97	11,61	11,25	10,89	10,52	10,14	9,77	9,39	9,00	15,20
19/04/2020 20:30:00	15,17	15,51	15,39	15,18	14,88	14,56	14,21	13,83	13,46	13,10	12,74	12,39	12,04	11,69	11,34	10,97	10,60	10,22	9,85	9,46	9,08	14,95
19/04/2020 20:35:00	15,00	15,47	15,34	15,14	14,86	14,51	14,15	13,81	13,45	13,10	12,75	12,41	12,07	11,72	11,38	11,02	10,65	10,28	9,91	9,54	9,16	14,67
19/04/2020 20:40:00	14,96	15,48	15,41	15,22	14,89	14,51	14,12	13,73	13,35	12,98	12,62	12,27	11,91	11,56	11,21	10,83	10,46	10,09	9,71	9,34	8,97	14,52
19/04/2020 20:45:00	14,88	15,41	15,29	15,08	14,78	14,50	14,17	13,74	13,34	12,96	12,64	12,31	11,99	11,64	11,30	10,92	10,54	10,16	9,77	9,39	9,00	14,51
19/04/2020 20:50:00	14,90	15,34	15,20	14,99	14,72	14,36	13,99	13,61	13,24	12,88	12,57	12,25	11,93	11,59	11,26	10,89	10,52	10,15	9,78	9,41	9,04	14,45
19/04/2020 20:55:00	14,73	15,22	15,18	15,03	14,76	14,44	14,09	13,71	13,33	12,96	12,63	12,30	11,96	11,61	11,26	10,88	10,50	10,12	9,74	9,36	8,97	14,34
19/04/2020 21:00:00	14,68	15,12	15,13	15,00	14,69	14,37	14,06	13,75	13,42	13,07	12,61	12,20	11,78	11,40	11,02	10,65	10,28	9,91	9,54	9,16	8,78	14,10
19/04/2020 21:05:00	14,54	15,04	15,05	14,93	14,65	14,32	13,99	13,65	13,29	12,92	12,56	12,21	11,86	11,50	11,15	10,77	10,40	10,03	9,65	9,28	8,90	13,93
19/04/2020 21:10:00	14,43	14,95	14,85	14,69	14,51	14,18	13,86	13,60	13,27	12,92	12,55	12,20	11,85	11,51	11,16	10,80	10,44	10,08	9,71	9,33	8,95	13,57
19/04/2020 21:15:00	14,39	14,86	14,77	14,61	14,39	14,12	13,82	13,51	13,20	12,89	12,59	12,28	11,98	11,66	11,34	10,99	10,65	10,29	9,93	9,56	9,19	13,64
19/04/2020 21:20:00	14,30	14,78	14,78	14,69	14,45	14,22	13,92	13,55	13,21	12,88	12,55	12,21	11,87	11,52	11,18	10,80	10,43	10,05	9,68	9,29	8,91	13,30
19/04/2020 21:25:00	14,18	14,77	14,85	14,79	14,56	14,22	13,87	13,55	13,19	12,83	12,51	12,17	11,84	11,49	11,15	10,77	10,39	10,02	9,65	9,27	8,90	13,35
19/04/2020 21:30:00	14,18	14,64	14,62	14,51	14,31	14,06	13,78	13,46	13,10	12,75	12,47	12,17	11,87	11,54	11,21	10,84	10,47	10,10	9,73	9,34	8,96	13,53
19/04/2020 21:35:00	14,04	14,58	14,59	14,49	14,27	14,00	13,70	13,37	13,08	12,80	12,51	12,21	11,91	11,60	11,29	10,94	10,60	10,24	9,89	9,53	9,17	13,34
19/04/2020 21:40:00	13,96	14,48	14,51	14,46	14,31	14,10	13,85	13,56	13,24	12,92	12,61	12,30	11,98	11,64	11,31	10,95	10,58	10,21	9,83	9,45	9,06	12,84
19/04/2020 21:45:00	13,90	14,49	14,51	14,43	14,24	14,02	13,77	13,49	13,17	12,84	12,57	12,28	12,00	11,68	11,37	11,02	10,66	10,30	9,93	9,56	9,18	12,76
19/04/2020 21:50:00	13,80	14,32	14,35	14,28	14,10	13,92	13,70	13,43	13,20	12,95	12,63	12,32	12,01	11,70	11,39	11,05	10,72	10,37	10,03	9,67	9,31	13,12
19/04/2020 21:55:00	13,75	14,27	14,29	14,24	14,11	13,96	13,73	13,44	13,21	12,97	12,65	12,34	12,03	11,71	11,39	11,05	10,71	10,35	10,00	9,63	9,26	12,91
19/04/2020 22:00:00	13,57	14,18	14,37	14,41	14,24	13,92	13,60	13,32	13,02	12,71	12,41	12,10	11,78	11,45	11,12	10,75	10,39	10,02	9,66	9,30	8,94	12,64
19/04/2020 22:05:00	13,56	14,14	14,12	14,03	13,87	13,60	13,35	13,14	12,89	12,62	12,31	12,02	11,72	11,42	11,12	10,80	10,47	10,14	9,80	9,45	9,10	12,71
19/04/2020 22:10:00	13,41	13,94	13,98	13,94	13,81	13,58	13,35	13,15	12,88	12,61	12,38	12,13	11,88	11,60	11,32	10,99	10,65	10,31	9,97	9,62	9,26	12,58
19/04/2020 22:15:00	13,35	13,89	13,89	13,83	13,72	13,41	13,11	12,85	12,64	12,44	12,20	11,95	11,70	11,43	11,15	10,84	10,52	10,20	9,87	9,54	9,21	12,50
19/04/2020 22:20:00	13,26	13,85	13,89	13,82	13,64	13,44	13,21	12,95	12,68	12,42	12,17	11,90	11,64	11,35	11,06	10,73	10,40	10,06	9,72	9,37	9,02	12,18
19/04/2020 22:25:00	13,15	13,61	13,69	13,69	13,59	13,45	13,26	13,03	12,78	12,53	12,28	12,02	11,76	11,46	11,17	10,83	10,50	10,14	9,79	9,43	9,06	12,28
19/04/2020 22:30:00	13,23	13,50	13,56	13,56	13,46	13,25	13,06	12,91	12,65	12,38	12,17	11,92	11,67	11,40	11,12	10,79	10,46	10,12	9,78	9,42	9,07	12,42
19/04/2020 22:35:00	13,09	13,60	13,64	13,61	13,52	13,38	13,17	12,91	12,74	12,57	12,27	11,99	11,71	11,41	11,12	10,81	10,49	10,16	9,83	9,49	9,14	11,92
19/04/2020 22:40:00	13,03	13,64	13,68	13,65	13,52	13,33	13,08	12,78	12,61	12,43	12,12	11,84	11,55	11,25	10,96	10,64	10,32	9,99	9,66	9,32	8,98	12,00
19/04/2020 22:45:00	12,94	13,34	13,46	13,51	13,46	13,32	13,17	13,02	12,81	12,58	12,31	12,02	11,74	11,44	11,15	10,82	10,49	10,15	9,81	9,44	9,08	11,63
19/04/2020 22:50:00	12,90	13,15	13,25	13,28	13,20	13,13	13,00	12,82	12,62	12,44	12,35	12,20	12,05	11,83	11,61	11,31	11,00	10,67	10,35	10,00	9,66	11,77
19/04/2020 22:55:00	12,82	13,20	13,20	13,15	13,03	12,92	12,79	12,66	12,46	12,26	12,03	11,80	11,57	11,31	11,06	10,77	10,47	10,15	9,84	9,50	9,16	11,96
19/04/2020 23:00:00	12,82	13,30	13,24	13,16	13,09	12,89	12,67	12,44	12,22	12,01	11,81	11,60	11,38	11,13	10,87	10,56	10,25	9,92	9,60	9,26	8,92	11,80
19/04/2020 23:05:00	12,69	13,04	13,10	13,12	13,11	13,01	12,89	12,76	12,52	12,27	12,04	11,78	11,53	11,24	10,96	10,63	10,30	9,95	9,61	9,24	8,87	11,82
19/04/2020 23:10:00	12,64	12,92	12,90	12,89	12,90	12,84	12,71	12,54	12,40	12,26	12,05	11,82	11,60	11,34	11,09	10,79	10,50	10,18	9,85	9,51	9,16	11,82
19/04/2020 23:15:00	12,51	12,90	12,93	12,93	12,89	12,75	12,58	12,41	12,20	12,00	11,80	11,59	11,37	11,11	10,85	10,54	10,23	9,90	9,57	9,23	8,88	11,57
19/04/2020 23:20:00	12,44	12,89	12,93	12,88	12,73	12,56	12,39	12,23	12,01	11,82	11,69	11,53	11,37	11,15	10,94	10,65	10,36	10,05	9,75	9,43	9,12	11,29
19/04/2020 23:25:00	12,37	12,73	12,71	12,69	12,65	12,54	12,41	12,30	12,17	12,04	11,87	11,69	11,50	11,29	11,07	10,79	10,52	10,22	9,92	9,60	9,28	11,38
19/04/2020 23:30:00	12,35	12,63	12,63	12,57	12,43	12,34	12,25	12,17	11,97	11,80	11,70	11,57	11,44	11,25	11,06	10,79	10,52	10,22	9,93	9,61	9,30	11,17
19/04/2020 23:35:00	12,24	12,66	12,66	12,61	12,53	12,50	12,43	12,33	12,15	11,97	11,78	11,59	11,40	11,17	10,94	10,66	10,37	10,07	9,76	9,43	9,10	11,10
19/04/2020 23:40:00	12,21	12,52	12,50	12,47	12,43	12,35	12,25	12,15	11,97	11,81	11,68	11,52	11,36	11,14	10,93	10,65	10,37	10,07	9,76	9,44	9,11	10,99
19/04/2020 23:45:00	12,12	12,41	12,45	12,43	12,32	12,24	12,12	11,99	11,92	11,84	11,72	11,59	11,45	11,27	11,09	10,84	10,59	10,32	10,04	9,75	9,46	10,98
19/04/2020 23:50:00	11,93	12,39	12,44	12,43	12,36	12,23	12,10	11,98	11,94	11,88	11,71	11,55	11,38	11,19	11,00	10,75	10,51	10,24	9,98	9,70	9,41	10,42
19/04/2020 23:55:00	11,95	12,07	12,13	12,18	12,21	12,22	12,15	12,04	11,96	11,90	11,86	11,77	11,68	11,52	11,35	11,09	10,83	10,54	10,25	9,93	9,62	10,63
