FileFormat:0002.2 file with temperature of atmosphere
SN105HE102 RTK
local	GMT or Local
0	GMT-Local=[hours]
20	Height[m]
0	0	0	Longitude                [grd]               [min]               [sec]
0	0	0	Latitude                [grd]               [min]               [sec]
N	NS
56,45	Freq[GHz]
0,00	dTemostat[K]
0,150	MessErr[K]
0,248	//[grad/step]
version 14.4.20120406
MTP5HE102F5645K-38.60I70D222917+A1.1
Commentary:
SN105HE102
парабола ДНА = 2,5 град
НЕ102 - ПУ - ХВБ с ЦСД " S "
АЦП - 202 - 09 с контр.U пит.и М
оптопара серии - 2
Т out № 178 пл
БП LPS - 112
End Of Commentary

SYSTEM\alaska.dat
data time	0	50	100	150	200	250	300	350	400	450	500	550	600	650	700	750	800	850	900	950	1000	OutsideTemperature
16/02/2022 00:00:00	-6,96	-7,20	-7,53	-7,88	-8,32	-8,88	-9,50	-10,12	-10,69	-11,31	-11,95	-12,42	-12,88	-13,08	-13,28	-13,33	-13,37	-13,44	-13,51	-13,59	-13,67	-7,62
16/02/2022 00:05:00	-6,88	-7,14	-7,62	-8,03	-8,46	-8,99	-9,49	-10,13	-10,80	-11,34	-11,92	-12,40	-12,88	-13,13	-13,38	-13,49	-13,59	-13,72	-13,84	-13,95	-14,06	-7,48
16/02/2022 00:10:00	-6,92	-7,25	-7,64	-8,04	-8,47	-8,91	-9,38	-9,95	-10,55	-11,16	-11,81	-12,33	-12,84	-13,10	-13,35	-13,44	-13,53	-13,64	-13,75	-13,85	-13,95	-7,73
16/02/2022 00:15:00	-6,99	-7,40	-7,62	-7,86	-8,25	-8,79	-9,37	-10,15	-10,92	-11,48	-12,07	-12,53	-12,99	-13,21	-13,42	-13,50	-13,58	-13,68	-13,77	-13,86	-13,95	-7,83
16/02/2022 00:20:00	-7,09	-7,44	-7,76	-8,08	-8,43	-8,82	-9,51	-10,23	-10,87	-11,40	-11,96	-12,43	-12,90	-13,14	-13,38	-13,48	-13,58	-13,69	-13,80	-13,90	-14,00	-8,08
16/02/2022 00:25:00	-7,04	-7,28	-7,65	-8,07	-8,54	-9,06	-9,80	-10,48	-11,06	-11,63	-12,22	-12,65	-13,08	-13,26	-13,43	-13,48	-13,52	-13,58	-13,65	-13,73	-13,81	-7,89
16/02/2022 00:30:00	-7,27	-7,43	-7,85	-8,37	-8,87	-9,31	-9,82	-10,33	-10,83	-11,37	-11,94	-12,36	-12,78	-12,97	-13,15	-13,19	-13,24	-13,31	-13,39	-13,48	-13,57	-8,42
16/02/2022 00:35:00	-7,26	-7,48	-7,79	-8,14	-8,53	-9,00	-9,66	-10,30	-10,88	-11,45	-12,04	-12,50	-12,95	-13,16	-13,36	-13,42	-13,49	-13,57	-13,65	-13,74	-13,83	-8,28
16/02/2022 00:40:00	-7,22	-7,49	-7,79	-8,14	-8,56	-9,08	-9,70	-10,37	-10,99	-11,56	-12,15	-12,60	-13,05	-13,25	-13,45	-13,51	-13,56	-13,64	-13,72	-13,80	-13,89	-8,29
16/02/2022 00:45:00	-7,28	-7,65	-7,93	-8,15	-8,44	-8,88	-9,42	-10,04	-10,65	-11,29	-11,97	-12,52	-13,06	-13,34	-13,62	-13,72	-13,82	-13,94	-14,05	-14,15	-14,25	-8,24
16/02/2022 00:50:00	-7,30	-7,65	-8,05	-8,42	-8,80	-9,18	-9,63	-10,22	-10,82	-11,32	-11,87	-12,32	-12,77	-12,99	-13,22	-13,31	-13,40	-13,52	-13,63	-13,73	-13,84	-8,58
16/02/2022 00:55:00	-7,40	-7,65	-7,99	-8,41	-8,83	-9,21	-9,67	-10,18	-10,71	-11,32	-11,98	-12,47	-12,97	-13,21	-13,45	-13,52	-13,58	-13,68	-13,78	-13,87	-13,97	-8,41
16/02/2022 01:00:00	-7,54	-7,66	-7,95	-8,38	-8,89	-9,44	-10,07	-10,70	-11,28	-11,82	-12,37	-12,75	-13,12	-13,26	-13,39	-13,41	-13,42	-13,47	-13,51	-13,58	-13,65	-8,66
16/02/2022 01:05:00	-7,55	-7,86	-8,16	-8,40	-8,70	-9,13	-9,68	-10,30	-10,88	-11,41	-11,96	-12,41	-12,85	-13,07	-13,28	-13,36	-13,45	-13,54	-13,64	-13,73	-13,83	-8,85
16/02/2022 01:10:00	-7,60	-7,87	-8,17	-8,50	-8,89	-9,30	-9,83	-10,47	-11,10	-11,62	-12,16	-12,60	-13,03	-13,24	-13,45	-13,53	-13,61	-13,71	-13,81	-13,90	-14,00	-8,81
16/02/2022 01:15:00	-7,57	-7,80	-8,15	-8,58	-9,03	-9,46	-10,06	-10,65	-11,17	-11,66	-12,17	-12,55	-12,92	-13,06	-13,21	-13,24	-13,27	-13,33	-13,39	-13,47	-13,55	-8,89
16/02/2022 01:20:00	-7,86	-7,93	-8,16	-8,54	-9,00	-9,47	-10,11	-10,76	-11,33	-11,86	-12,39	-12,77	-13,15	-13,29	-13,44	-13,46	-13,48	-13,53	-13,58	-13,66	-13,73	-8,92
16/02/2022 01:25:00	-8,01	-8,02	-8,19	-8,48	-8,89	-9,40	-10,11	-10,81	-11,43	-11,99	-12,55	-12,96	-13,38	-13,54	-13,70	-13,74	-13,78	-13,84	-13,90	-13,97	-14,04	-9,04
16/02/2022 01:30:00	-8,12	-8,06	-8,21	-8,51	-8,93	-9,47	-10,11	-10,83	-11,48	-11,99	-12,51	-12,89	-13,27	-13,42	-13,57	-13,61	-13,65	-13,71	-13,77	-13,85	-13,92	-8,93
16/02/2022 01:35:00	-8,20	-8,01	-8,26	-8,60	-9,06	-9,64	-10,22	-10,76	-11,27	-11,90	-12,54	-12,99	-13,43	-13,61	-13,79	-13,80	-13,82	-13,87	-13,92	-13,99	-14,07	-9,21
16/02/2022 01:40:00	-8,36	-8,43	-8,60	-8,87	-9,18	-9,53	-10,10	-10,74	-11,34	-11,85	-12,38	-12,82	-13,25	-13,46	-13,67	-13,76	-13,84	-13,94	-14,04	-14,13	-14,23	-9,60
16/02/2022 01:45:00	-8,30	-8,42	-8,54	-8,71	-9,03	-9,54	-10,22	-10,87	-11,45	-12,04	-12,64	-13,07	-13,50	-13,66	-13,82	-13,85	-13,87	-13,91	-13,95	-14,01	-14,07	-9,61
16/02/2022 01:50:00	-8,28	-8,53	-8,70	-8,80	-9,01	-9,40	-9,99	-10,68	-11,32	-11,85	-12,40	-12,86	-13,32	-13,55	-13,78	-13,88	-13,97	-14,08	-14,18	-14,27	-14,37	-9,47
16/02/2022 01:55:00	-8,56	-8,38	-8,54	-8,80	-9,17	-9,64	-10,23	-10,87	-11,47	-12,03	-12,61	-13,05	-13,49	-13,69	-13,89	-13,95	-14,01	-14,10	-14,18	-14,27	-14,35	-9,26
16/02/2022 02:00:00	-8,63	-8,68	-8,78	-8,95	-9,21	-9,57	-10,05	-10,68	-11,29	-11,85	-12,44	-12,91	-13,39	-13,62	-13,86	-13,94	-14,03	-14,13	-14,23	-14,33	-14,42	-9,41
16/02/2022 02:05:00	-8,87	-8,88	-8,85	-8,99	-9,29	-9,71	-10,42	-11,12	-11,73	-12,27	-12,81	-13,19	-13,58	-13,71	-13,85	-13,87	-13,89	-13,93	-13,97	-14,03	-14,09	-9,09
16/02/2022 02:10:00	-8,73	-8,92	-8,98	-9,01	-9,18	-9,57	-10,17	-10,80	-11,39	-12,03	-12,70	-13,23	-13,75	-14,00	-14,26	-14,34	-14,42	-14,51	-14,59	-14,68	-14,76	-9,56
16/02/2022 02:15:00	-8,88	-8,89	-9,00	-9,13	-9,40	-9,85	-10,53	-11,16	-11,71	-12,24	-12,78	-13,18	-13,58	-13,74	-13,89	-13,93	-13,96	-14,01	-14,06	-14,13	-14,20	-9,30
16/02/2022 02:20:00	-9,10	-9,01	-9,04	-9,16	-9,42	-9,85	-10,61	-11,32	-11,92	-12,42	-12,93	-13,31	-13,69	-13,83	-13,98	-14,02	-14,06	-14,11	-14,17	-14,23	-14,30	-9,45
16/02/2022 02:25:00	-9,32	-9,09	-9,08	-9,28	-9,58	-9,95	-10,57	-11,15	-11,70	-12,34	-13,00	-13,48	-13,96	-14,18	-14,39	-14,43	-14,48	-14,55	-14,61	-14,69	-14,77	-9,76
16/02/2022 02:30:00	-9,27	-9,05	-9,24	-9,51	-9,84	-10,25	-10,75	-11,30	-11,82	-12,34	-12,88	-13,30	-13,72	-13,90	-14,09	-14,15	-14,20	-14,28	-14,36	-14,45	-14,53	-9,85
16/02/2022 02:35:00	-9,14	-9,27	-9,24	-9,17	-9,29	-9,70	-10,32	-11,03	-11,69	-12,26	-12,86	-13,35	-13,83	-14,06	-14,29	-14,38	-14,46	-14,55	-14,64	-14,72	-14,80	-10,23
16/02/2022 02:40:00	-8,93	-8,97	-9,30	-9,46	-9,67	-10,11	-10,58	-11,12	-11,65	-12,15	-12,71	-13,17	-13,64	-13,87	-14,11	-14,21	-14,31	-14,42	-14,53	-14,62	-14,72	-9,80
16/02/2022 02:45:00	-9,16	-9,22	-9,15	-9,13	-9,28	-9,61	-10,12	-10,81	-11,49	-12,06	-12,66	-13,16	-13,66	-13,91	-14,16	-14,26	-14,37	-14,47	-14,58	-14,68	-14,77	-9,75
16/02/2022 02:50:00	-9,30	-9,21	-9,17	-9,25	-9,44	-9,71	-10,15	-10,71	-11,29	-11,88	-12,50	-12,99	-13,48	-13,73	-13,97	-14,05	-14,14	-14,24	-14,34	-14,43	-14,53	-9,81
16/02/2022 02:55:00	-9,13	-9,11	-9,05	-9,06	-9,23	-9,58	-10,03	-10,76	-11,48	-12,03	-12,61	-13,11	-13,61	-13,87	-14,13	-14,25	-14,37	-14,49	-14,61	-14,71	-14,82	-9,96
16/02/2022 03:00:00	-9,24	-9,39	-9,50	-9,50	-9,62	-9,95	-10,28	-10,72	-11,20	-11,81	-12,45	-12,96	-13,47	-13,71	-13,96	-14,03	-14,11	-14,20	-14,28	-14,37	-14,46	-9,86
16/02/2022 03:05:00	-9,22	-9,23	-9,39	-9,49	-9,64	-9,91	-10,32	-10,77	-11,25	-11,82	-12,43	-12,93	-13,43	-13,69	-13,94	-14,04	-14,13	-14,24	-14,35	-14,45	-14,55	-9,85
16/02/2022 03:10:00	-9,36	-9,31	-9,41	-9,61	-9,86	-10,16	-10,78	-11,39	-11,91	-12,35	-12,80	-13,16	-13,52	-13,67	-13,82	-13,87	-13,93	-14,00	-14,07	-14,15	-14,23	-10,04
16/02/2022 03:15:00	-9,35	-9,41	-9,57	-9,68	-9,81	-10,03	-10,45	-10,97	-11,50	-12,02	-12,60	-13,09	-13,59	-13,86	-14,13	-14,24	-14,36	-14,49	-14,62	-14,72	-14,83	-10,31
16/02/2022 03:20:00	-9,59	-9,55	-9,57	-9,72	-9,94	-10,21	-10,69	-11,27	-11,81	-12,28	-12,77	-13,15	-13,53	-13,70	-13,86	-13,92	-13,97	-14,05	-14,12	-14,21	-14,29	-10,37
16/02/2022 03:25:00	-9,62	-9,34	-9,36	-9,47	-9,67	-9,99	-10,56	-11,14	-11,67	-12,19	-12,74	-13,18	-13,62	-13,82	-14,03	-14,11	-14,18	-14,27	-14,36	-14,45	-14,54	-10,39
16/02/2022 03:30:00	-9,57	-9,19	-9,31	-9,65	-9,97	-10,20	-10,67	-11,17	-11,67	-12,17	-12,72	-13,16	-13,59	-13,81	-14,03	-14,10	-14,18	-14,29	-14,39	-14,49	-14,60	-10,16
16/02/2022 03:35:00	-9,79	-9,60	-9,71	-9,97	-10,27	-10,59	-11,05	-11,59	-12,10	-12,57	-13,06	-13,44	-13,82	-13,98	-14,15	-14,20	-14,24	-14,32	-14,39	-14,47	-14,55	-10,33
16/02/2022 03:40:00	-9,66	-9,51	-9,69	-9,89	-10,15	-10,52	-11,07	-11,69	-12,27	-12,75	-13,28	-13,71	-14,15	-14,36	-14,58	-14,66	-14,75	-14,85	-14,95	-15,05	-15,14	-10,05
16/02/2022 03:45:00	-9,72	-9,70	-9,83	-10,02	-10,28	-10,62	-11,06	-11,59	-12,13	-12,68	-13,25	-13,70	-14,15	-14,36	-14,57	-14,63	-14,69	-14,77	-14,86	-14,94	-15,02	-10,29
16/02/2022 03:50:00	-10,28	-9,83	-9,71	-9,80	-10,06	-10,46	-10,96	-11,65	-12,33	-12,93	-13,55	-14,03	-14,52	-14,75	-14,99	-15,07	-15,15	-15,24	-15,33	-15,42	-15,51	-10,40
16/02/2022 03:55:00	-10,20	-9,97	-9,82	-9,85	-10,12	-10,57	-11,10	-11,81	-12,46	-12,96	-13,44	-13,79	-14,13	-14,25	-14,37	-14,38	-14,39	-14,43	-14,46	-14,52	-14,58	-10,86
16/02/2022 04:00:00	-10,36	-10,02	-9,99	-10,04	-10,23	-10,57	-11,15	-11,82	-12,42	-12,92	-13,45	-13,87	-14,30	-14,51	-14,72	-14,80	-14,88	-14,97	-15,07	-15,16	-15,24	-10,84
16/02/2022 04:05:00	-10,33	-10,06	-9,97	-10,02	-10,25	-10,66	-11,24	-11,86	-12,44	-12,99	-13,54	-13,95	-14,35	-14,51	-14,67	-14,70	-14,73	-14,77	-14,82	-14,88	-14,95	-11,05
16/02/2022 04:10:00	-10,16	-9,79	-9,80	-10,01	-10,35	-10,80	-11,43	-12,07	-12,63	-13,13	-13,62	-13,96	-14,30	-14,42	-14,54	-14,55	-14,56	-14,60	-14,63	-14,69	-14,76	-10,93
16/02/2022 04:15:00	-10,25	-9,67	-9,63	-9,80	-10,09	-10,48	-11,03	-11,73	-12,39	-12,99	-13,62	-14,13	-14,64	-14,90	-15,16	-15,26	-15,36	-15,47	-15,59	-15,69	-15,79	-10,43
16/02/2022 04:20:00	-10,24	-10,17	-9,99	-9,87	-9,98	-10,35	-10,97	-11,72	-12,40	-12,91	-13,44	-13,86	-14,28	-14,47	-14,65	-14,72	-14,78	-14,85	-14,92	-15,00	-15,07	-10,55
16/02/2022 04:25:00	-9,99	-10,06	-10,19	-10,32	-10,47	-10,67	-10,98	-11,49	-12,05	-12,59	-13,20	-13,72	-14,24	-14,53	-14,81	-14,93	-15,04	-15,17	-15,30	-15,41	-15,52	-10,25
16/02/2022 04:30:00	-9,74	-10,00	-10,18	-10,29	-10,44	-10,68	-11,07	-11,64	-12,23	-12,78	-13,39	-13,91	-14,43	-14,72	-15,00	-15,11	-15,23	-15,35	-15,48	-15,58	-15,68	-10,25
16/02/2022 04:35:00	-9,85	-9,75	-9,89	-10,11	-10,42	-10,84	-11,47	-12,14	-12,72	-13,20	-13,69	-14,06	-14,44	-14,59	-14,74	-14,78	-14,82	-14,88	-14,94	-15,01	-15,09	-10,10
16/02/2022 04:40:00	-9,91	-10,00	-10,24	-10,40	-10,56	-10,80	-11,15	-11,69	-12,24	-12,67	-13,16	-13,61	-14,05	-14,30	-14,54	-14,66	-14,78	-14,91	-15,04	-15,14	-15,25	-10,09
16/02/2022 04:45:00	-9,87	-10,00	-10,07	-10,16	-10,42	-10,87	-11,47	-12,13	-12,72	-13,23	-13,74	-14,11	-14,49	-14,62	-14,75	-14,77	-14,79	-14,83	-14,86	-14,92	-14,98	-9,93
16/02/2022 04:50:00	-9,76	-10,11	-10,29	-10,48	-10,76	-11,17	-11,71	-12,29	-12,83	-13,36	-13,89	-14,28	-14,67	-14,81	-14,95	-14,96	-14,97	-15,00	-15,03	-15,09	-15,14	-10,08
16/02/2022 04:55:00	-9,90	-10,13	-10,54	-10,95	-11,33	-11,68	-11,96	-12,41	-12,87	-13,27	-13,70	-14,02	-14,34	-14,46	-14,58	-14,60	-14,62	-14,68	-14,73	-14,81	-14,88	-10,17
16/02/2022 05:00:00	-10,11	-10,31	-10,55	-10,89	-11,23	-11,55	-12,09	-12,62	-13,11	-13,60	-14,11	-14,48	-14,86	-14,99	-15,13	-15,15	-15,16	-15,20	-15,24	-15,30	-15,36	-10,40
16/02/2022 05:05:00	-10,15	-10,39	-10,70	-11,01	-11,34	-11,66	-12,02	-12,48	-12,96	-13,49	-14,05	-14,47	-14,89	-15,07	-15,24	-15,27	-15,30	-15,35	-15,41	-15,48	-15,55	-10,78
16/02/2022 05:10:00	-10,16	-10,51	-10,69	-10,91	-11,15	-11,43	-11,88	-12,32	-12,79	-13,36	-13,97	-14,41	-14,85	-15,03	-15,20	-15,22	-15,24	-15,28	-15,32	-15,38	-15,44	-10,31
16/02/2022 05:15:00	-10,27	-10,52	-10,80	-11,06	-11,35	-11,70	-12,12	-12,51	-12,95	-13,51	-14,10	-14,53	-14,95	-15,11	-15,28	-15,28	-15,29	-15,32	-15,36	-15,41	-15,47	-10,42
16/02/2022 05:20:00	-10,52	-10,65	-10,91	-11,16	-11,42	-11,73	-12,21	-12,73	-13,20	-13,61	-14,05	-14,38	-14,72	-14,85	-14,98	-15,01	-15,04	-15,09	-15,14	-15,21	-15,28	-10,66
16/02/2022 05:25:00	-10,70	-10,79	-11,02	-11,32	-11,61	-11,84	-12,11	-12,50	-12,94	-13,43	-13,96	-14,35	-14,74	-14,90	-15,07	-15,09	-15,12	-15,17	-15,23	-15,30	-15,38	-10,92
16/02/2022 05:30:00	-10,89	-11,18	-11,28	-11,38	-11,47	-11,59	-11,89	-12,38	-12,89	-13,36	-13,88	-14,32	-14,76	-14,98	-15,21	-15,29	-15,37	-15,46	-15,56	-15,65	-15,73	-11,09
16/02/2022 05:35:00	-11,39	-11,38	-11,43	-11,51	-11,66	-11,91	-12,30	-12,68	-13,06	-13,45	-13,86	-14,13	-14,41	-14,48	-14,56	-14,54	-14,53	-14,54	-14,55	-14,60	-14,64	-11,10
16/02/2022 05:40:00	-11,58	-11,69	-11,66	-11,63	-11,67	-11,83	-12,16	-12,57	-12,98	-13,41	-13,87	-14,22	-14,57	-14,71	-14,84	-14,87	-14,90	-14,94	-14,98	-15,04	-15,11	-11,72
16/02/2022 05:45:00	-11,68	-11,67	-11,66	-11,68	-11,74	-11,87	-12,15	-12,52	-12,93	-13,39	-13,88	-14,26	-14,65	-14,81	-14,98	-15,02	-15,06	-15,12	-15,18	-15,25	-15,32	-11,85
16/02/2022 05:50:00	-11,82	-11,75	-11,76	-11,75	-11,83	-12,02	-12,27	-12,67	-13,09	-13,50	-13,94	-14,29	-14,63	-14,78	-14,92	-14,95	-14,99	-15,04	-15,09	-15,16	-15,23	-12,00
16/02/2022 05:55:00	-11,90	-11,97	-11,85	-11,69	-11,63	-11,79	-12,18	-12,63	-13,10	-13,59	-14,12	-14,55	-14,97	-15,16	-15,36	-15,41	-15,47	-15,53	-15,59	-15,65	-15,72	-12,06
16/02/2022 06:00:00	-12,05	-12,06	-11,97	-11,85	-11,80	-11,86	-12,11	-12,54	-12,99	-13,42	-13,91	-14,31	-14,71	-14,90	-15,10	-15,17	-15,24	-15,32	-15,40	-15,48	-15,56	-12,43
16/02/2022 06:05:00	-12,17	-12,03	-11,92	-11,84	-11,87	-12,05	-12,43	-12,82	-13,23	-13,69	-14,17	-14,51	-14,86	-14,98	-15,11	-15,11	-15,12	-15,15	-15,18	-15,23	-15,29	-12,84
16/02/2022 06:10:00	-12,37	-12,36	-12,19	-11,98	-11,99	-12,27	-12,61	-13,09	-13,52	-13,87	-14,22	-14,45	-14,69	-14,73	-14,78	-14,76	-14,74	-14,73	-14,73	-14,77	-14,80	-13,00
16/02/2022 06:15:00	-12,56	-12,68	-12,62	-12,27	-11,99	-11,92	-12,09	-12,44	-12,84	-13,27	-13,77	-14,26	-14,74	-15,03	-15,31	-15,45	-15,59	-15,72	-15,86	-15,96	-16,06	-13,10
16/02/2022 06:20:00	-12,36	-12,38	-12,32	-12,40	-12,63	-12,98	-13,33	-13,78	-14,18	-14,53	-14,86	-15,02	-15,19	-15,15	-15,12	-15,03	-14,94	-14,88	-14,83	-14,84	-14,85	-12,98
16/02/2022 06:25:00	-12,59	-12,44	-12,38	-12,40	-12,53	-12,77	-13,15	-13,52	-13,90	-14,28	-14,66	-14,90	-15,15	-15,19	-15,23	-15,19	-15,15	-15,14	-15,13	-15,16	-15,20	-13,05
16/02/2022 06:30:00	-12,78	-12,72	-12,66	-12,60	-12,62	-12,73	-12,92	-13,23	-13,60	-14,02	-14,47	-14,80	-15,13	-15,25	-15,38	-15,39	-15,40	-15,43	-15,46	-15,51	-15,57	-13,06
16/02/2022 06:35:00	-12,81	-12,61	-12,59	-12,58	-12,66	-12,82	-13,01	-13,31	-13,66	-14,05	-14,47	-14,77	-15,06	-15,16	-15,26	-15,25	-15,25	-15,27	-15,29	-15,35	-15,40	-13,12
16/02/2022 06:40:00	-12,70	-12,83	-12,81	-12,74	-12,67	-12,65	-12,81	-13,11	-13,48	-13,91	-14,39	-14,79	-15,19	-15,38	-15,57	-15,63	-15,69	-15,76	-15,84	-15,91	-15,99	-13,20
16/02/2022 06:45:00	-12,56	-12,77	-12,92	-12,91	-12,90	-12,96	-13,07	-13,37	-13,70	-14,02	-14,40	-14,71	-15,03	-15,16	-15,30	-15,34	-15,38	-15,44	-15,50	-15,57	-15,64	-13,23
16/02/2022 06:50:00	-12,66	-12,93	-12,95	-12,88	-12,85	-12,91	-13,11	-13,40	-13,76	-14,18	-14,65	-15,01	-15,36	-15,50	-15,64	-15,66	-15,68	-15,71	-15,75	-15,80	-15,86	-13,05
16/02/2022 06:55:00	-12,74	-12,95	-13,00	-12,92	-12,84	-12,85	-13,08	-13,48	-13,86	-14,18	-14,55	-14,89	-15,23	-15,39	-15,56	-15,63	-15,70	-15,77	-15,85	-15,93	-16,00	-12,86
16/02/2022 07:00:00	-12,82	-12,95	-13,10	-13,21	-13,24	-13,25	-13,45	-13,62	-13,86	-14,20	-14,59	-14,88	-15,18	-15,28	-15,39	-15,40	-15,40	-15,43	-15,46	-15,52	-15,58	-13,10
16/02/2022 07:05:00	-13,03	-13,07	-13,16	-13,30	-13,37	-13,41	-13,60	-13,77	-14,02	-14,34	-14,71	-14,96	-15,21	-15,27	-15,33	-15,31	-15,28	-15,29	-15,30	-15,34	-15,39	-13,44
16/02/2022 07:10:00	-13,10	-13,24	-13,34	-13,28	-13,22	-13,23	-13,33	-13,64	-13,97	-14,26	-14,61	-14,92	-15,22	-15,36	-15,51	-15,56	-15,61	-15,68	-15,75	-15,82	-15,89	-13,42
16/02/2022 07:15:00	-13,17	-13,17	-13,38	-13,40	-13,37	-13,34	-13,36	-13,44	-13,64	-13,98	-14,40	-14,72	-15,05	-15,20	-15,35	-15,37	-15,40	-15,46	-15,51	-15,59	-15,66	-13,52
16/02/2022 07:20:00	-13,26	-13,28	-13,38	-13,40	-13,39	-13,39	-13,50	-13,71	-13,99	-14,32	-14,70	-15,01	-15,31	-15,43	-15,55	-15,58	-15,60	-15,64	-15,69	-15,75	-15,82	-13,29
16/02/2022 07:25:00	-13,33	-13,39	-13,48	-13,60	-13,63	-13,62	-13,76	-13,85	-14,04	-14,37	-14,74	-14,98	-15,22	-15,27	-15,33	-15,29	-15,25	-15,25	-15,24	-15,28	-15,32	-13,37
16/02/2022 07:30:00	-13,27	-13,51	-13,71	-13,80	-13,81	-13,77	-13,81	-13,94	-14,13	-14,38	-14,68	-14,90	-15,12	-15,19	-15,25	-15,24	-15,22	-15,24	-15,26	-15,31	-15,37	-13,34
16/02/2022 07:35:00	-13,33	-13,70	-13,84	-13,90	-13,91	-13,91	-13,96	-14,07	-14,29	-14,62	-15,00	-15,26	-15,52	-15,58	-15,65	-15,61	-15,57	-15,57	-15,57	-15,60	-15,64	-13,57
16/02/2022 07:40:00	-13,47	-13,63	-13,82	-13,94	-14,02	-14,08	-14,19	-14,39	-14,61	-14,83	-15,09	-15,26	-15,43	-15,44	-15,46	-15,43	-15,39	-15,39	-15,38	-15,42	-15,46	-14,00
16/02/2022 07:45:00	-13,54	-13,84	-13,97	-13,95	-13,86	-13,72	-13,66	-13,75	-13,98	-14,32	-14,74	-15,08	-15,41	-15,56	-15,71	-15,74	-15,77	-15,82	-15,87	-15,94	-16,00	-13,73
16/02/2022 07:50:00	-13,62	-13,88	-14,01	-14,05	-13,94	-13,80	-13,90	-14,03	-14,27	-14,64	-15,08	-15,44	-15,80	-15,97	-16,14	-16,19	-16,23	-16,29	-16,35	-16,42	-16,49	-13,66
16/02/2022 07:55:00	-13,69	-13,94	-14,11	-14,26	-14,27	-14,20	-14,26	-14,37	-14,58	-14,89	-15,25	-15,51	-15,78	-15,87	-15,95	-15,94	-15,93	-15,95	-15,97	-16,03	-16,08	-13,30
16/02/2022 08:00:00	-13,70	-13,95	-14,08	-14,15	-14,20	-14,26	-14,43	-14,70	-14,98	-15,25	-15,56	-15,77	-15,99	-16,03	-16,08	-16,05	-16,03	-16,03	-16,03	-16,07	-16,11	-13,62
16/02/2022 08:05:00	-13,99	-14,24	-14,37	-14,37	-14,39	-14,47	-14,61	-14,65	-14,86	-15,24	-15,65	-15,91	-16,17	-16,21	-16,25	-16,19	-16,12	-16,08	-16,05	-16,07	-16,09	-14,23
16/02/2022 08:10:00	-14,15	-14,37	-14,55	-14,65	-14,67	-14,63	-14,64	-14,78	-14,99	-15,25	-15,57	-15,80	-16,03	-16,10	-16,16	-16,15	-16,13	-16,14	-16,16	-16,20	-16,25	-14,22
16/02/2022 08:15:00	-14,28	-14,50	-14,60	-14,59	-14,60	-14,68	-14,88	-15,17	-15,46	-15,73	-16,03	-16,24	-16,46	-16,49	-16,53	-16,50	-16,47	-16,46	-16,45	-16,48	-16,51	-14,22
16/02/2022 08:20:00	-14,44	-14,56	-14,73	-14,79	-14,86	-14,95	-15,02	-15,27	-15,49	-15,67	-15,89	-16,03	-16,17	-16,17	-16,17	-16,12	-16,08	-16,06	-16,05	-16,08	-16,11	-14,35
16/02/2022 08:25:00	-14,31	-14,64	-14,85	-15,00	-15,07	-15,09	-15,17	-15,44	-15,70	-15,92	-16,19	-16,39	-16,58	-16,62	-16,65	-16,62	-16,59	-16,60	-16,60	-16,64	-16,67	-14,17
16/02/2022 08:30:00	-14,58	-14,67	-14,84	-14,95	-15,04	-15,19	-15,44	-15,73	-15,97	-16,18	-16,40	-16,54	-16,68	-16,67	-16,65	-16,60	-16,54	-16,52	-16,50	-16,52	-16,54	-14,35
16/02/2022 08:35:00	-14,59	-14,72	-14,89	-14,85	-14,95	-15,23	-15,56	-15,87	-16,15	-16,42	-16,70	-16,86	-17,03	-17,01	-16,99	-16,92	-16,85	-16,80	-16,75	-16,76	-16,76	-14,67
16/02/2022 08:40:00	-14,56	-14,74	-14,97	-15,11	-15,26	-15,44	-15,65	-15,88	-16,13	-16,41	-16,72	-16,89	-17,07	-17,06	-17,05	-16,97	-16,89	-16,85	-16,81	-16,82	-16,83	-14,09
16/02/2022 08:45:00	-14,28	-14,53	-14,71	-14,90	-15,03	-15,10	-15,25	-15,48	-15,69	-15,88	-16,09	-16,20	-16,32	-16,28	-16,25	-16,17	-16,09	-16,06	-16,02	-16,04	-16,06	-14,09
16/02/2022 08:50:00	-14,34	-14,61	-14,74	-14,91	-15,10	-15,34	-15,67	-15,97	-16,25	-16,51	-16,77	-16,88	-16,99	-16,92	-16,84	-16,73	-16,61	-16,53	-16,45	-16,45	-16,44	-14,07
16/02/2022 08:55:00	-14,16	-14,25	-14,52	-14,84	-15,04	-15,09	-15,11	-15,16	-15,35	-15,66	-16,00	-16,20	-16,40	-16,42	-16,43	-16,35	-16,27	-16,24	-16,21	-16,24	-16,27	-14,07
16/02/2022 09:00:00	-14,07	-14,39	-14,71	-14,87	-15,02	-15,18	-15,30	-15,45	-15,61	-15,78	-15,97	-16,05	-16,14	-16,07	-16,01	-15,92	-15,82	-15,77	-15,72	-15,73	-15,74	-14,05
16/02/2022 09:05:00	-14,15	-14,38	-14,57	-14,80	-15,01	-15,18	-15,33	-15,60	-15,85	-16,05	-16,27	-16,36	-16,45	-16,39	-16,33	-16,23	-16,13	-16,07	-16,01	-16,02	-16,03	-14,20
16/02/2022 09:10:00	-14,11	-14,31	-14,54	-14,79	-14,98	-15,10	-15,23	-15,32	-15,51	-15,79	-16,09	-16,23	-16,37	-16,33	-16,29	-16,18	-16,06	-16,00	-15,93	-15,94	-15,95	-14,15
16/02/2022 09:15:00	-14,19	-14,45	-14,61	-14,71	-14,78	-14,84	-14,95	-15,15	-15,40	-15,68	-16,00	-16,20	-16,40	-16,43	-16,45	-16,40	-16,35	-16,33	-16,32	-16,34	-16,37	-14,11
16/02/2022 09:20:00	-14,27	-14,40	-14,62	-14,75	-14,83	-14,87	-14,96	-15,20	-15,42	-15,63	-15,89	-16,08	-16,27	-16,31	-16,35	-16,33	-16,31	-16,32	-16,33	-16,37	-16,41	-14,42
16/02/2022 09:25:00	-14,26	-14,29	-14,57	-14,82	-14,96	-15,05	-15,24	-15,30	-15,46	-15,73	-16,03	-16,21	-16,39	-16,39	-16,39	-16,32	-16,25	-16,22	-16,19	-16,21	-16,24	-14,24
16/02/2022 09:30:00	-14,14	-14,49	-14,62	-14,66	-14,67	-14,74	-14,99	-15,20	-15,42	-15,67	-15,93	-16,10	-16,26	-16,26	-16,26	-16,20	-16,14	-16,11	-16,07	-16,09	-16,11	-14,08
16/02/2022 09:35:00	-14,14	-14,56	-14,67	-14,68	-14,69	-14,77	-14,97	-15,26	-15,52	-15,75	-16,00	-16,17	-16,33	-16,32	-16,32	-16,26	-16,21	-16,18	-16,15	-16,17	-16,19	-14,25
16/02/2022 09:40:00	-14,37	-14,46	-14,56	-14,91	-15,20	-15,37	-15,58	-15,80	-16,00	-16,18	-16,36	-16,37	-16,39	-16,25	-16,11	-15,95	-15,79	-15,69	-15,59	-15,58	-15,57	-14,14
16/02/2022 09:45:00	-14,36	-14,61	-14,81	-15,01	-15,20	-15,37	-15,58	-15,77	-15,96	-16,15	-16,35	-16,41	-16,47	-16,37	-16,27	-16,14	-16,02	-15,93	-15,85	-15,84	-15,84	-14,47
16/02/2022 09:50:00	-14,51	-14,53	-14,66	-14,83	-15,03	-15,24	-15,51	-15,82	-16,10	-16,33	-16,57	-16,69	-16,81	-16,76	-16,71	-16,62	-16,53	-16,48	-16,42	-16,43	-16,44	-14,50
16/02/2022 09:55:00	-14,56	-14,85	-15,02	-15,15	-15,27	-15,38	-15,51	-15,79	-16,01	-16,17	-16,34	-16,43	-16,52	-16,46	-16,40	-16,31	-16,23	-16,18	-16,14	-16,15	-16,16	-14,60
16/02/2022 10:00:00	-14,84	-14,99	-15,14	-15,33	-15,45	-15,53	-15,71	-15,87	-16,06	-16,26	-16,48	-16,57	-16,67	-16,60	-16,54	-16,44	-16,33	-16,27	-16,21	-16,21	-16,22	-14,77
16/02/2022 10:05:00	-14,85	-15,12	-15,31	-15,61	-15,82	-15,95	-16,16	-16,38	-16,55	-16,69	-16,83	-16,84	-16,85	-16,71	-16,58	-16,43	-16,29	-16,19	-16,10	-16,09	-16,08	-14,45
16/02/2022 10:10:00	-14,97	-15,25	-15,58	-15,71	-15,77	-15,78	-15,80	-15,90	-16,01	-16,13	-16,30	-16,39	-16,49	-16,45	-16,42	-16,35	-16,28	-16,25	-16,23	-16,25	-16,27	-14,82
16/02/2022 10:15:00	-14,75	-14,90	-15,22	-15,52	-15,66	-15,65	-15,64	-15,75	-15,85	-15,95	-16,10	-16,16	-16,23	-16,18	-16,13	-16,05	-15,98	-15,95	-15,92	-15,94	-15,97	-14,65
16/02/2022 10:20:00	-14,75	-15,02	-15,17	-15,32	-15,47	-15,62	-15,77	-15,97	-16,16	-16,33	-16,50	-16,54	-16,59	-16,48	-16,37	-16,24	-16,11	-16,03	-15,94	-15,94	-15,93	-14,70
16/02/2022 10:25:00	-14,85	-15,02	-15,25	-15,58	-15,77	-15,84	-15,97	-16,19	-16,33	-16,38	-16,45	-16,44	-16,43	-16,30	-16,18	-16,07	-15,95	-15,89	-15,82	-15,83	-15,84	-14,53
16/02/2022 10:30:00	-14,73	-15,25	-15,53	-15,64	-15,68	-15,74	-15,90	-16,06	-16,18	-16,25	-16,34	-16,35	-16,37	-16,26	-16,16	-16,06	-15,96	-15,89	-15,82	-15,82	-15,83	-14,73
16/02/2022 10:35:00	-14,80	-15,18	-15,51	-15,72	-15,83	-15,89	-15,97	-16,05	-16,15	-16,26	-16,41	-16,46	-16,51	-16,42	-16,34	-16,24	-16,13	-16,07	-16,01	-16,02	-16,02	-14,60
16/02/2022 10:40:00	-14,59	-15,04	-15,32	-15,51	-15,65	-15,77	-15,88	-16,04	-16,15	-16,19	-16,24	-16,20	-16,15	-16,00	-15,84	-15,70	-15,57	-15,48	-15,39	-15,38	-15,37	-14,52
16/02/2022 10:45:00	-14,62	-14,98	-15,31	-15,47	-15,60	-15,69	-15,64	-15,70	-15,82	-15,97	-16,14	-16,21	-16,28	-16,20	-16,13	-16,02	-15,91	-15,85	-15,79	-15,79	-15,80	-14,58
16/02/2022 10:50:00	-14,54	-15,01	-15,34	-15,61	-15,74	-15,73	-15,72	-15,78	-15,86	-15,95	-16,07	-16,09	-16,10	-16,00	-15,90	-15,78	-15,66	-15,59	-15,53	-15,53	-15,54	-14,66
16/02/2022 10:55:00	-14,71	-14,97	-15,41	-15,77	-15,88	-15,79	-15,75	-15,61	-15,59	-15,70	-15,86	-15,93	-15,99	-15,93	-15,87	-15,78	-15,68	-15,64	-15,60	-15,62	-15,64	-14,55
16/02/2022 11:00:00	-14,49	-15,02	-15,42	-15,63	-15,69	-15,67	-15,65	-15,70	-15,76	-15,83	-15,93	-15,97	-16,01	-15,93	-15,86	-15,77	-15,68	-15,64	-15,59	-15,61	-15,62	-14,55
16/02/2022 11:05:00	-14,62	-15,07	-15,31	-15,44	-15,54	-15,63	-15,69	-15,81	-15,93	-16,05	-16,19	-16,22	-16,26	-16,16	-16,05	-15,94	-15,82	-15,74	-15,67	-15,67	-15,66	-14,57
16/02/2022 11:10:00	-14,59	-14,97	-15,25	-15,51	-15,71	-15,79	-15,76	-15,85	-15,97	-16,11	-16,28	-16,31	-16,35	-16,24	-16,13	-16,00	-15,87	-15,79	-15,71	-15,71	-15,71	-14,47
16/02/2022 11:15:00	-14,39	-14,88	-15,28	-15,52	-15,68	-15,80	-15,93	-16,08	-16,20	-16,30	-16,41	-16,44	-16,47	-16,36	-16,26	-16,14	-16,03	-15,96	-15,89	-15,89	-15,89	-14,50
16/02/2022 11:20:00	-14,40	-14,90	-15,27	-15,51	-15,64	-15,72	-15,87	-16,00	-16,12	-16,22	-16,35	-16,39	-16,42	-16,33	-16,23	-16,12	-16,01	-15,94	-15,88	-15,88	-15,88	-14,44
16/02/2022 11:25:00	-14,39	-14,85	-15,15	-15,39	-15,56	-15,68	-15,81	-16,07	-16,23	-16,29	-16,35	-16,34	-16,33	-16,21	-16,08	-15,98	-15,87	-15,80	-15,73	-15,74	-15,74	-14,40
16/02/2022 11:30:00	-14,22	-14,74	-15,18	-15,51	-15,71	-15,79	-15,83	-15,91	-16,01	-16,13	-16,28	-16,33	-16,37	-16,29	-16,20	-16,09	-15,97	-15,91	-15,85	-15,85	-15,86	-14,26
16/02/2022 11:35:00	-14,18	-14,67	-15,04	-15,33	-15,58	-15,77	-15,92	-16,13	-16,32	-16,46	-16,61	-16,64	-16,67	-16,55	-16,44	-16,30	-16,17	-16,09	-16,00	-15,99	-15,99	-14,27
16/02/2022 11:40:00	-14,26	-14,78	-15,14	-15,35	-15,55	-15,76	-15,91	-16,12	-16,28	-16,39	-16,51	-16,52	-16,54	-16,41	-16,29	-16,16	-16,03	-15,94	-15,85	-15,85	-15,84	-14,32
16/02/2022 11:45:00	-14,23	-14,52	-14,95	-15,41	-15,79	-16,10	-16,47	-16,61	-16,72	-16,81	-16,88	-16,81	-16,73	-16,52	-16,31	-16,12	-15,92	-15,79	-15,65	-15,62	-15,59	-14,07
16/02/2022 11:50:00	-14,20	-14,70	-15,22	-15,65	-15,98	-16,21	-16,32	-16,35	-16,41	-16,51	-16,61	-16,56	-16,52	-16,34	-16,16	-15,98	-15,80	-15,68	-15,56	-15,54	-15,52	-14,15
16/02/2022 11:55:00	-14,26	-14,69	-15,26	-15,67	-15,91	-16,01	-16,01	-15,99	-16,03	-16,12	-16,24	-16,27	-16,29	-16,19	-16,08	-15,96	-15,83	-15,77	-15,70	-15,70	-15,71	-14,30
16/02/2022 12:00:00	-14,35	-14,84	-15,36	-15,76	-15,98	-16,05	-16,09	-16,13	-16,20	-16,31	-16,45	-16,48	-16,51	-16,42	-16,32	-16,20	-16,08	-16,01	-15,94	-15,95	-15,96	-14,25
16/02/2022 12:05:00	-14,26	-14,75	-15,18	-15,61	-15,91	-16,02	-15,96	-16,08	-16,24	-16,44	-16,66	-16,73	-16,81	-16,73	-16,65	-16,52	-16,39	-16,32	-16,25	-16,25	-16,25	-14,10
16/02/2022 12:10:00	-14,28	-14,74	-15,24	-15,57	-15,79	-15,94	-16,06	-16,16	-16,28	-16,42	-16,58	-16,64	-16,70	-16,61	-16,53	-16,42	-16,30	-16,24	-16,17	-16,18	-16,18	-14,21
16/02/2022 12:15:00	-14,27	-14,68	-15,17	-15,59	-15,86	-16,01	-16,15	-16,21	-16,32	-16,48	-16,66	-16,71	-16,77	-16,67	-16,58	-16,45	-16,32	-16,25	-16,17	-16,17	-16,17	-14,17
16/02/2022 12:20:00	-14,20	-14,77	-15,27	-15,49	-15,61	-15,72	-15,90	-16,05	-16,21	-16,38	-16,59	-16,73	-16,86	-16,85	-16,83	-16,77	-16,70	-16,68	-16,65	-16,66	-16,68	-13,92
16/02/2022 12:25:00	-14,28	-14,56	-14,96	-15,48	-15,89	-16,13	-16,28	-16,41	-16,51	-16,58	-16,63	-16,53	-16,44	-16,22	-16,00	-15,80	-15,60	-15,46	-15,33	-15,30	-15,28	-14,18
16/02/2022 12:30:00	-14,17	-14,64	-15,13	-15,53	-15,86	-16,06	-16,06	-16,10	-16,20	-16,38	-16,56	-16,58	-16,60	-16,47	-16,33	-16,17	-16,00	-15,89	-15,78	-15,77	-15,76	-14,00
16/02/2022 12:35:00	-14,14	-14,49	-14,97	-15,45	-15,83	-16,03	-16,10	-16,26	-16,39	-16,50	-16,61	-16,60	-16,59	-16,45	-16,31	-16,16	-16,01	-15,93	-15,84	-15,83	-15,83	-14,12
16/02/2022 12:40:00	-14,06	-14,49	-14,98	-15,40	-15,70	-15,91	-16,11	-16,30	-16,45	-16,55	-16,67	-16,69	-16,70	-16,59	-16,47	-16,35	-16,23	-16,16	-16,09	-16,09	-16,09	-13,97
16/02/2022 12:45:00	-14,03	-14,42	-14,83	-15,22	-15,55	-15,83	-16,10	-16,38	-16,59	-16,71	-16,83	-16,83	-16,84	-16,70	-16,56	-16,43	-16,29	-16,20	-16,11	-16,10	-16,09	-13,88
16/02/2022 12:50:00	-13,95	-14,50	-14,91	-15,19	-15,48	-15,78	-15,98	-16,17	-16,38	-16,60	-16,83	-16,91	-16,99	-16,89	-16,79	-16,65	-16,51	-16,41	-16,32	-16,30	-16,29	-13,88
16/02/2022 12:55:00	-13,98	-14,35	-14,95	-15,41	-15,78	-16,07	-16,28	-16,47	-16,59	-16,66	-16,74	-16,72	-16,71	-16,57	-16,43	-16,30	-16,17	-16,09	-16,01	-16,00	-16,00	-13,70
16/02/2022 13:00:00	-13,83	-14,26	-14,74	-15,20	-15,59	-15,85	-15,98	-16,16	-16,37	-16,61	-16,86	-16,95	-17,04	-16,96	-16,87	-16,73	-16,59	-16,51	-16,42	-16,42	-16,41	-13,98
16/02/2022 13:05:00	-13,90	-14,27	-14,83	-15,39	-15,81	-16,09	-16,29	-16,44	-16,58	-16,74	-16,90	-16,92	-16,94	-16,81	-16,68	-16,52	-16,37	-16,27	-16,18	-16,17	-16,16	-13,92
16/02/2022 13:10:00	-13,78	-14,25	-14,80	-15,30	-15,70	-16,00	-16,26	-16,44	-16,60	-16,75	-16,89	-16,89	-16,89	-16,74	-16,59	-16,42	-16,26	-16,15	-16,04	-16,03	-16,01	-13,95
16/02/2022 13:15:00	-13,87	-14,17	-14,70	-15,28	-15,80	-16,21	-16,49	-16,69	-16,89	-17,09	-17,27	-17,28	-17,28	-17,12	-16,95	-16,76	-16,57	-16,44	-16,32	-16,29	-16,27	-13,65
16/02/2022 13:20:00	-13,87	-14,20	-14,60	-15,12	-15,58	-15,96	-16,31	-16,54	-16,75	-16,96	-17,15	-17,15	-17,15	-16,97	-16,80	-16,60	-16,41	-16,27	-16,14	-16,11	-16,08	-13,91
16/02/2022 13:25:00	-13,73	-14,11	-14,70	-15,19	-15,65	-16,07	-16,35	-16,49	-16,66	-16,90	-17,12	-17,17	-17,22	-17,09	-16,95	-16,78	-16,60	-16,48	-16,36	-16,34	-16,31	-13,77
16/02/2022 13:30:00	-13,71	-14,16	-14,66	-15,04	-15,41	-15,75	-15,90	-16,07	-16,28	-16,52	-16,77	-16,86	-16,95	-16,85	-16,76	-16,62	-16,48	-16,39	-16,30	-16,29	-16,28	-13,69
16/02/2022 13:35:00	-13,54	-14,05	-14,63	-15,13	-15,48	-15,70	-15,95	-16,13	-16,34	-16,62	-16,92	-17,10	-17,27	-17,26	-17,24	-17,15	-17,06	-17,02	-16,97	-16,98	-17,00	-13,38
16/02/2022 13:40:00	-13,49	-13,95	-14,42	-14,87	-15,28	-15,67	-16,10	-16,48	-16,77	-16,97	-17,16	-17,22	-17,27	-17,16	-17,04	-16,91	-16,77	-16,69	-16,60	-16,58	-16,57	-13,57
16/02/2022 13:45:00	-13,48	-13,95	-14,29	-14,72	-15,18	-15,64	-16,09	-16,55	-16,87	-17,04	-17,17	-17,15	-17,13	-16,94	-16,76	-16,58	-16,40	-16,27	-16,14	-16,11	-16,08	-13,37
16/02/2022 13:50:00	-13,40	-13,99	-14,36	-14,77	-15,11	-15,42	-15,80	-16,08	-16,34	-16,58	-16,81	-16,88	-16,95	-16,84	-16,73	-16,58	-16,44	-16,34	-16,24	-16,22	-16,20	-13,54
16/02/2022 13:55:00	-13,38	-13,89	-14,35	-14,76	-15,16	-15,58	-16,00	-16,35	-16,60	-16,77	-16,93	-16,94	-16,95	-16,80	-16,65	-16,50	-16,34	-16,23	-16,12	-16,09	-16,07	-13,17
16/02/2022 14:00:00	-13,28	-13,80	-14,33	-14,70	-15,02	-15,34	-15,70	-16,07	-16,36	-16,56	-16,78	-16,90	-17,02	-16,97	-16,92	-16,84	-16,76	-16,71	-16,66	-16,67	-16,68	-13,46
16/02/2022 14:05:00	-13,24	-13,72	-14,17	-14,59	-14,94	-15,29	-15,73	-16,14	-16,45	-16,67	-16,90	-17,01	-17,12	-17,05	-16,99	-16,89	-16,80	-16,74	-16,68	-16,68	-16,68	-13,35
16/02/2022 14:10:00	-13,12	-13,74	-14,27	-14,68	-15,10	-15,58	-16,03	-16,43	-16,72	-16,91	-17,07	-17,10	-17,13	-16,99	-16,85	-16,70	-16,55	-16,45	-16,34	-16,32	-16,29	-13,33
16/02/2022 14:15:00	-13,24	-13,58	-14,03	-14,55	-15,06	-15,48	-15,79	-16,09	-16,41	-16,78	-17,14	-17,30	-17,46	-17,41	-17,35	-17,20	-17,06	-16,97	-16,88	-16,87	-16,87	-13,38
16/02/2022 14:20:00	-13,16	-13,58	-14,14	-14,62	-15,08	-15,54	-16,00	-16,40	-16,69	-16,87	-17,04	-17,09	-17,14	-17,02	-16,91	-16,78	-16,65	-16,57	-16,49	-16,48	-16,47	-13,22
16/02/2022 14:25:00	-13,23	-13,51	-13,98	-14,53	-15,03	-15,48	-15,94	-16,31	-16,62	-16,89	-17,14	-17,24	-17,34	-17,25	-17,16	-17,03	-16,89	-16,81	-16,72	-16,72	-16,71	-13,31
16/02/2022 14:30:00	-13,12	-13,52	-14,12	-14,71	-15,26	-15,77	-16,22	-16,53	-16,78	-16,97	-17,14	-17,15	-17,16	-16,99	-16,83	-16,65	-16,47	-16,34	-16,22	-16,20	-16,17	-13,28
16/02/2022 14:35:00	-13,09	-13,54	-14,03	-14,54	-15,05	-15,58	-16,15	-16,62	-16,95	-17,14	-17,31	-17,33	-17,34	-17,18	-17,02	-16,86	-16,70	-16,58	-16,46	-16,44	-16,41	-13,05
16/02/2022 14:40:00	-13,05	-13,58	-14,10	-14,66	-15,06	-15,33	-15,69	-15,97	-16,22	-16,47	-16,72	-16,85	-16,97	-16,91	-16,85	-16,74	-16,63	-16,57	-16,51	-16,52	-16,52	-13,08
16/02/2022 14:45:00	-13,10	-13,50	-14,05	-14,59	-15,03	-15,37	-15,76	-16,05	-16,31	-16,56	-16,83	-16,95	-17,07	-17,01	-16,95	-16,83	-16,72	-16,65	-16,59	-16,59	-16,59	-13,32
16/02/2022 14:50:00	-13,11	-13,70	-14,08	-14,42	-14,78	-15,17	-15,58	-15,98	-16,33	-16,62	-16,91	-17,04	-17,17	-17,10	-17,04	-16,91	-16,79	-16,71	-16,63	-16,62	-16,61	-13,35
16/02/2022 14:55:00	-13,12	-13,49	-13,95	-14,39	-14,79	-15,17	-15,68	-16,09	-16,42	-16,68	-16,94	-17,07	-17,19	-17,14	-17,08	-16,98	-16,88	-16,81	-16,75	-16,75	-16,76	-13,15
16/02/2022 15:00:00	-13,05	-13,49	-13,93	-14,43	-14,90	-15,34	-15,87	-16,36	-16,68	-16,82	-16,94	-16,93	-16,92	-16,76	-16,60	-16,45	-16,30	-16,20	-16,10	-16,08	-16,07	-13,40
16/02/2022 15:05:00	-13,39	-13,80	-14,36	-14,94	-15,40	-15,76	-16,14	-16,47	-16,72	-16,90	-17,08	-17,14	-17,19	-17,09	-16,99	-16,86	-16,73	-16,65	-16,58	-16,57	-16,57	-13,33
16/02/2022 15:10:00	-13,34	-13,95	-14,42	-14,77	-15,12	-15,50	-15,85	-16,21	-16,54	-16,83	-17,13	-17,29	-17,45	-17,41	-17,37	-17,26	-17,16	-17,09	-17,03	-17,02	-17,02	-13,25
16/02/2022 15:15:00	-13,29	-13,70	-14,13	-14,67	-15,18	-15,61	-16,00	-16,41	-16,76	-17,05	-17,32	-17,42	-17,52	-17,42	-17,32	-17,17	-17,03	-16,93	-16,84	-16,82	-16,81	-13,23
16/02/2022 15:20:00	-13,20	-13,59	-14,12	-14,66	-15,18	-15,69	-16,17	-16,56	-16,86	-17,08	-17,28	-17,32	-17,36	-17,22	-17,09	-16,93	-16,77	-16,66	-16,55	-16,53	-16,51	-13,13
16/02/2022 15:25:00	-13,25	-13,52	-13,98	-14,46	-14,93	-15,39	-15,92	-16,26	-16,57	-16,89	-17,20	-17,33	-17,46	-17,38	-17,31	-17,17	-17,03	-16,94	-16,85	-16,84	-16,82	-13,23
16/02/2022 15:30:00	-13,13	-13,52	-14,09	-14,67	-15,19	-15,67	-16,19	-16,54	-16,81	-17,03	-17,22	-17,26	-17,29	-17,15	-17,02	-16,86	-16,70	-16,59	-16,48	-16,46	-16,44	-13,25
16/02/2022 15:35:00	-13,11	-13,43	-13,95	-14,47	-14,90	-15,29	-15,78	-16,13	-16,46	-16,79	-17,13	-17,33	-17,53	-17,52	-17,51	-17,42	-17,33	-17,28	-17,23	-17,24	-17,25	-12,85
16/02/2022 15:40:00	-13,06	-13,43	-13,87	-14,34	-14,77	-15,17	-15,64	-16,18	-16,60	-16,86	-17,13	-17,30	-17,46	-17,44	-17,42	-17,35	-17,29	-17,25	-17,22	-17,24	-17,25	-12,84
16/02/2022 15:45:00	-13,06	-13,56	-14,03	-14,50	-14,96	-15,37	-15,80	-16,25	-16,64	-16,95	-17,26	-17,42	-17,58	-17,54	-17,49	-17,39	-17,28	-17,22	-17,15	-17,15	-17,15	-13,23
16/02/2022 15:50:00	-13,08	-13,48	-14,04	-14,63	-15,17	-15,64	-16,06	-16,49	-16,85	-17,15	-17,44	-17,57	-17,71	-17,64	-17,58	-17,46	-17,33	-17,26	-17,19	-17,18	-17,18	-13,04
16/02/2022 15:55:00	-13,13	-13,68	-14,05	-14,39	-14,83	-15,33	-15,75	-16,28	-16,76	-17,15	-17,54	-17,76	-17,97	-17,95	-17,93	-17,83	-17,72	-17,65	-17,58	-17,58	-17,57	-13,22
16/02/2022 16:00:00	-13,37	-13,70	-14,13	-14,67	-15,17	-15,62	-16,14	-16,59	-16,97	-17,27	-17,56	-17,69	-17,82	-17,74	-17,67	-17,54	-17,41	-17,32	-17,24	-17,23	-17,22	-13,32
16/02/2022 16:05:00	-13,29	-13,67	-14,24	-14,75	-15,21	-15,63	-16,05	-16,44	-16,79	-17,12	-17,48	-17,68	-17,89	-17,89	-17,89	-17,80	-17,72	-17,68	-17,63	-17,64	-17,65	-13,39
16/02/2022 16:10:00	-13,22	-13,68	-14,19	-14,72	-15,23	-15,69	-16,12	-16,52	-16,89	-17,23	-17,56	-17,71	-17,87	-17,81	-17,75	-17,62	-17,49	-17,41	-17,32	-17,31	-17,30	-13,17
16/02/2022 16:15:00	-13,23	-13,72	-14,21	-14,63	-14,99	-15,31	-15,64	-16,02	-16,41	-16,81	-17,23	-17,52	-17,80	-17,86	-17,92	-17,86	-17,81	-17,79	-17,77	-17,79	-17,81	-13,33
16/02/2022 16:20:00	-13,31	-13,81	-14,26	-14,74	-15,15	-15,53	-16,00	-16,50	-16,89	-17,17	-17,46	-17,62	-17,79	-17,76	-17,73	-17,64	-17,56	-17,51	-17,46	-17,47	-17,47	-13,32
16/02/2022 16:25:00	-13,30	-13,80	-14,27	-14,82	-15,32	-15,78	-16,32	-16,76	-17,13	-17,43	-17,71	-17,83	-17,95	-17,86	-17,77	-17,63	-17,49	-17,39	-17,30	-17,28	-17,26	-13,40
16/02/2022 16:30:00	-13,37	-13,77	-14,20	-14,63	-15,13	-15,70	-16,21	-16,75	-17,17	-17,45	-17,71	-17,81	-17,91	-17,81	-17,71	-17,58	-17,44	-17,35	-17,25	-17,23	-17,22	-13,35
16/02/2022 16:35:00	-13,40	-13,80	-14,43	-15,04	-15,50	-15,81	-16,11	-16,43	-16,73	-16,99	-17,29	-17,46	-17,64	-17,63	-17,63	-17,55	-17,47	-17,44	-17,41	-17,43	-17,45	-13,33
16/02/2022 16:40:00	-13,49	-13,79	-14,30	-14,80	-15,34	-15,91	-16,39	-16,83	-17,18	-17,42	-17,65	-17,71	-17,78	-17,66	-17,53	-17,38	-17,23	-17,12	-17,02	-17,00	-16,98	-13,49
16/02/2022 16:45:00	-13,39	-13,85	-14,30	-14,75	-15,18	-15,62	-16,17	-16,71	-17,10	-17,32	-17,54	-17,64	-17,75	-17,68	-17,61	-17,51	-17,41	-17,35	-17,28	-17,28	-17,28	-13,45
16/02/2022 16:50:00	-13,51	-13,86	-14,34	-14,83	-15,33	-15,84	-16,32	-16,72	-17,08	-17,42	-17,75	-17,89	-18,04	-17,97	-17,89	-17,75	-17,61	-17,51	-17,42	-17,40	-17,38	-13,49
16/02/2022 16:55:00	-13,52	-13,84	-14,36	-14,86	-15,33	-15,83	-16,38	-16,93	-17,34	-17,58	-17,82	-17,95	-18,09	-18,04	-17,99	-17,90	-17,81	-17,76	-17,71	-17,71	-17,71	-13,48
16/02/2022 17:00:00	-13,52	-13,94	-14,47	-15,02	-15,54	-16,06	-16,63	-16,99	-17,32	-17,65	-17,96	-18,08	-18,20	-18,10	-18,00	-17,84	-17,68	-17,57	-17,45	-17,43	-17,40	-13,45
16/02/2022 17:05:00	-13,62	-13,98	-14,55	-15,14	-15,67	-16,17	-16,70	-17,12	-17,45	-17,72	-17,99	-18,10	-18,21	-18,12	-18,03	-17,90	-17,77	-17,68	-17,59	-17,58	-17,57	-13,52
16/02/2022 17:10:00	-13,67	-14,05	-14,54	-15,01	-15,50	-16,00	-16,47	-16,83	-17,22	-17,62	-18,03	-18,24	-18,45	-18,42	-18,39	-18,26	-18,13	-18,05	-17,96	-17,95	-17,93	-13,62
16/02/2022 17:15:00	-13,53	-13,94	-14,56	-15,12	-15,57	-15,96	-16,43	-16,71	-17,02	-17,39	-17,78	-18,01	-18,23	-18,23	-18,24	-18,14	-18,04	-17,99	-17,93	-17,93	-17,94	-13,58
16/02/2022 17:20:00	-13,55	-14,05	-14,66	-15,18	-15,63	-16,05	-16,54	-16,96	-17,32	-17,63	-17,95	-18,13	-18,32	-18,30	-18,28	-18,19	-18,10	-18,05	-18,00	-18,00	-18,00	-13,59
16/02/2022 17:25:00	-13,62	-14,10	-14,53	-15,04	-15,55	-16,07	-16,69	-17,20	-17,62	-17,96	-18,29	-18,44	-18,59	-18,51	-18,44	-18,30	-18,16	-18,06	-17,97	-17,94	-17,92	-13,68
16/02/2022 17:30:00	-13,78	-14,15	-14,66	-15,21	-15,73	-16,26	-16,86	-17,39	-17,81	-18,14	-18,47	-18,64	-18,81	-18,76	-18,72	-18,60	-18,49	-18,41	-18,34	-18,32	-18,31	-13,71
16/02/2022 17:35:00	-13,79	-14,13	-14,55	-15,07	-15,65	-16,29	-17,00	-17,69	-18,14	-18,36	-18,53	-18,57	-18,60	-18,45	-18,30	-18,15	-18,00	-17,89	-17,78	-17,75	-17,72	-13,72
16/02/2022 17:40:00	-13,81	-14,20	-14,73	-15,31	-15,87	-16,37	-16,87	-17,35	-17,76	-18,09	-18,42	-18,58	-18,74	-18,68	-18,63	-18,50	-18,37	-18,29	-18,21	-18,20	-18,19	-13,75
16/02/2022 17:45:00	-13,80	-14,26	-14,81	-15,34	-15,80	-16,25	-16,82	-17,29	-17,69	-18,03	-18,38	-18,59	-18,80	-18,79	-18,78	-18,69	-18,59	-18,54	-18,48	-18,48	-18,48	-13,87
16/02/2022 17:50:00	-13,92	-14,33	-14,68	-15,08	-15,55	-16,06	-16,60	-17,18	-17,69	-18,11	-18,52	-18,76	-18,99	-18,98	-18,97	-18,87	-18,76	-18,69	-18,62	-18,61	-18,60	-13,84
16/02/2022 17:55:00	-13,97	-14,35	-14,85	-15,40	-15,95	-16,50	-17,00	-17,47	-17,86	-18,17	-18,47	-18,58	-18,70	-18,60	-18,51	-18,35	-18,20	-18,10	-17,99	-17,97	-17,94	-13,90
16/02/2022 18:00:00	-13,91	-14,40	-14,90	-15,41	-15,93	-16,45	-16,94	-17,45	-17,87	-18,19	-18,49	-18,64	-18,78	-18,71	-18,64	-18,51	-18,38	-18,29	-18,20	-18,18	-18,17	-13,94
16/02/2022 18:05:00	-13,94	-14,43	-14,91	-15,37	-15,81	-16,29	-16,92	-17,35	-17,72	-18,06	-18,40	-18,56	-18,72	-18,65	-18,59	-18,45	-18,32	-18,23	-18,13	-18,11	-18,09	-14,11
16/02/2022 18:10:00	-14,18	-14,33	-14,89	-15,57	-16,17	-16,64	-17,11	-17,52	-17,88	-18,22	-18,56	-18,72	-18,88	-18,82	-18,77	-18,63	-18,50	-18,42	-18,34	-18,34	-18,33	-14,12
16/02/2022 18:15:00	-14,20	-14,47	-15,04	-15,57	-16,17	-16,84	-17,46	-17,85	-18,22	-18,59	-18,94	-19,07	-19,20	-19,09	-18,99	-18,81	-18,63	-18,49	-18,36	-18,32	-18,28	-14,17
16/02/2022 18:20:00	-14,26	-14,71	-15,17	-15,73	-16,31	-16,84	-17,21	-17,71	-18,13	-18,46	-18,78	-18,91	-19,04	-18,94	-18,85	-18,70	-18,54	-18,43	-18,32	-18,30	-18,27	-14,18
16/02/2022 18:25:00	-14,30	-14,74	-15,23	-15,70	-16,20	-16,72	-17,29	-17,75	-18,14	-18,47	-18,79	-18,92	-19,06	-18,98	-18,90	-18,75	-18,60	-18,50	-18,39	-18,37	-18,34	-14,37
16/02/2022 18:30:00	-14,33	-14,74	-15,21	-15,61	-16,04	-16,58	-17,27	-17,80	-18,21	-18,54	-18,85	-19,02	-19,18	-19,12	-19,07	-18,95	-18,83	-18,75	-18,66	-18,64	-18,62	-14,42
16/02/2022 18:35:00	-14,41	-14,74	-15,27	-15,87	-16,36	-16,75	-17,15	-17,57	-17,94	-18,26	-18,59	-18,77	-18,95	-18,93	-18,90	-18,79	-18,69	-18,63	-18,57	-18,57	-18,57	-14,32
16/02/2022 18:40:00	-14,44	-14,88	-15,43	-15,91	-16,43	-16,97	-17,40	-17,84	-18,18	-18,42	-18,65	-18,71	-18,78	-18,65	-18,52	-18,35	-18,19	-18,07	-17,95	-17,92	-17,89	-14,43
16/02/2022 18:45:00	-14,49	-14,82	-15,19	-15,73	-16,38	-17,02	-17,53	-18,14	-18,58	-18,85	-19,07	-19,09	-19,11	-18,93	-18,75	-18,55	-18,35	-18,20	-18,05	-18,00	-17,95	-14,55
16/02/2022 18:50:00	-14,55	-14,93	-15,35	-15,80	-16,20	-16,58	-17,05	-17,47	-17,85	-18,18	-18,52	-18,71	-18,90	-18,87	-18,85	-18,74	-18,64	-18,57	-18,50	-18,50	-18,49	-14,65
16/02/2022 18:55:00	-14,55	-14,92	-15,30	-15,78	-16,29	-16,86	-17,53	-18,02	-18,41	-18,70	-18,97	-19,03	-19,10	-18,95	-18,81	-18,62	-18,44	-18,29	-18,15	-18,11	-18,06	-14,57
16/02/2022 19:00:00	-14,57	-14,99	-15,36	-15,79	-16,30	-16,88	-17,44	-17,95	-18,35	-18,65	-18,92	-19,01	-19,09	-18,95	-18,81	-18,63	-18,46	-18,32	-18,18	-18,14	-18,10	-14,55
16/02/2022 19:05:00	-14,65	-15,06	-15,47	-15,97	-16,44	-16,89	-17,37	-17,79	-18,16	-18,48	-18,79	-18,92	-19,05	-18,96	-18,88	-18,72	-18,57	-18,47	-18,36	-18,33	-18,30	-14,78
16/02/2022 19:10:00	-14,72	-15,06	-15,51	-15,93	-16,37	-16,86	-17,37	-17,73	-18,08	-18,41	-18,73	-18,87	-19,02	-18,94	-18,86	-18,71	-18,56	-18,45	-18,35	-18,32	-18,29	-14,92
16/02/2022 19:15:00	-14,82	-15,06	-15,52	-16,04	-16,58	-17,08	-17,50	-17,92	-18,26	-18,54	-18,80	-18,89	-18,97	-18,86	-18,74	-18,57	-18,41	-18,29	-18,18	-18,15	-18,12	-14,87
16/02/2022 19:20:00	-14,73	-15,36	-15,69	-16,03	-16,41	-16,81	-17,21	-17,70	-18,11	-18,43	-18,73	-18,87	-19,02	-18,94	-18,87	-18,74	-18,60	-18,51	-18,41	-18,38	-18,36	-15,02
16/02/2022 19:25:00	-14,86	-15,28	-15,46	-15,78	-16,21	-16,75	-17,37	-17,98	-18,45	-18,76	-19,04	-19,14	-19,23	-19,11	-18,99	-18,83	-18,66	-18,54	-18,41	-18,37	-18,33	-15,28
16/02/2022 19:30:00	-14,85	-15,21	-15,57	-16,05	-16,54	-17,00	-17,50	-17,99	-18,37	-18,63	-18,88	-18,95	-19,03	-18,91	-18,79	-18,62	-18,46	-18,35	-18,23	-18,20	-18,17	-15,11
16/02/2022 19:35:00	-15,07	-15,32	-15,74	-16,12	-16,49	-16,87	-17,28	-17,59	-17,91	-18,25	-18,59	-18,77	-18,96	-18,93	-18,90	-18,79	-18,68	-18,60	-18,53	-18,52	-18,51	-15,36
16/02/2022 19:40:00	-15,12	-15,26	-15,53	-15,95	-16,42	-16,94	-17,56	-18,04	-18,44	-18,77	-19,07	-19,18	-19,29	-19,19	-19,08	-18,92	-18,75	-18,64	-18,52	-18,48	-18,45	-15,70
16/02/2022 19:45:00	-15,06	-15,49	-15,84	-16,07	-16,38	-16,78	-17,19	-17,53	-17,90	-18,30	-18,70	-18,92	-19,14	-19,12	-19,10	-18,98	-18,86	-18,77	-18,68	-18,66	-18,65	-15,35
16/02/2022 19:50:00	-15,17	-15,38	-15,71	-16,09	-16,49	-16,90	-17,31	-17,75	-18,14	-18,47	-18,80	-18,97	-19,14	-19,09	-19,05	-18,93	-18,81	-18,72	-18,64	-18,63	-18,61	-15,48
16/02/2022 19:55:00	-15,22	-15,46	-15,70	-15,97	-16,28	-16,67	-17,22	-17,88	-18,33	-18,58	-18,83	-18,99	-19,14	-19,12	-19,09	-19,02	-18,95	-18,91	-18,86	-18,86	-18,86	-15,58
16/02/2022 20:00:00	-15,23	-15,48	-15,75	-15,96	-16,26	-16,65	-17,10	-17,57	-18,02	-18,46	-18,90	-19,19	-19,47	-19,50	-19,54	-19,46	-19,38	-19,33	-19,27	-19,27	-19,27	-15,79
16/02/2022 20:05:00	-15,35	-15,58	-15,77	-15,97	-16,32	-16,79	-17,29	-17,78	-18,21	-18,57	-18,92	-19,09	-19,26	-19,20	-19,14	-19,01	-18,88	-18,78	-18,68	-18,65	-18,63	-15,79
16/02/2022 20:10:00	-15,31	-15,63	-15,79	-15,95	-16,24	-16,65	-17,11	-17,58	-18,02	-18,42	-18,82	-19,03	-19,25	-19,22	-19,19	-19,07	-18,95	-18,86	-18,77	-18,75	-18,73	-15,75
16/02/2022 20:15:00	-15,36	-15,69	-15,75	-15,93	-16,28	-16,81	-17,44	-18,07	-18,54	-18,86	-19,13	-19,22	-19,30	-19,17	-19,04	-18,87	-18,70	-18,57	-18,43	-18,38	-18,34	-15,82
16/02/2022 20:20:00	-15,38	-15,62	-15,82	-16,06	-16,42	-16,91	-17,46	-17,92	-18,31	-18,63	-18,92	-19,02	-19,13	-19,01	-18,90	-18,74	-18,58	-18,45	-18,32	-18,29	-18,25	-15,96
16/02/2022 20:25:00	-15,55	-15,82	-15,95	-16,05	-16,30	-16,75	-17,29	-17,74	-18,17	-18,58	-18,98	-19,18	-19,39	-19,35	-19,31	-19,18	-19,05	-18,94	-18,84	-18,81	-18,78	-16,42
16/02/2022 20:30:00	-16,14	-16,14	-16,25	-16,47	-16,76	-17,16	-17,73	-18,12	-18,49	-18,84	-19,17	-19,32	-19,47	-19,40	-19,33	-19,19	-19,05	-18,94	-18,84	-18,81	-18,78	-16,32
16/02/2022 20:35:00	-16,08	-16,19	-16,41	-16,64	-16,90	-17,17	-17,46	-17,80	-18,16	-18,52	-18,90	-19,12	-19,35	-19,35	-19,36	-19,26	-19,17	-19,11	-19,05	-19,04	-19,04	-16,35
16/02/2022 20:40:00	-16,14	-16,24	-16,32	-16,46	-16,81	-17,33	-17,83	-18,45	-18,89	-19,16	-19,39	-19,47	-19,55	-19,43	-19,30	-19,15	-18,99	-18,87	-18,75	-18,71	-18,67	-16,40
16/02/2022 20:45:00	-16,44	-16,38	-16,46	-16,68	-17,03	-17,50	-18,07	-18,60	-19,01	-19,31	-19,59	-19,70	-19,80	-19,70	-19,60	-19,45	-19,30	-19,19	-19,07	-19,04	-19,01	-16,38
16/02/2022 20:50:00	-16,74	-16,52	-16,57	-16,86	-17,28	-17,75	-18,23	-18,67	-19,04	-19,32	-19,57	-19,62	-19,67	-19,51	-19,35	-19,16	-18,97	-18,83	-18,69	-18,64	-18,60	-16,60
16/02/2022 20:55:00	-16,78	-16,55	-16,77	-17,06	-17,36	-17,70	-18,14	-18,43	-18,75	-19,07	-19,40	-19,58	-19,76	-19,72	-19,69	-19,57	-19,46	-19,38	-19,31	-19,30	-19,28	-16,57
16/02/2022 21:00:00	-16,77	-16,59	-16,77	-17,05	-17,40	-17,79	-18,20	-18,65	-18,98	-19,22	-19,45	-19,54	-19,63	-19,53	-19,43	-19,30	-19,16	-19,06	-18,97	-18,94	-18,92	-16,74
16/02/2022 21:05:00	-16,81	-16,63	-16,68	-16,81	-17,09	-17,55	-18,14	-18,58	-18,99	-19,35	-19,70	-19,86	-20,03	-19,97	-19,91	-19,77	-19,64	-19,54	-19,43	-19,40	-19,37	-16,91
16/02/2022 21:10:00	-16,95	-16,62	-16,63	-16,90	-17,33	-17,90	-18,54	-19,06	-19,43	-19,67	-19,84	-19,83	-19,82	-19,62	-19,41	-19,20	-18,99	-18,83	-18,67	-18,61	-18,55	-16,88
16/02/2022 21:15:00	-17,12	-16,80	-16,82	-16,99	-17,29	-17,68	-18,06	-18,44	-18,83	-19,21	-19,58	-19,77	-19,96	-19,91	-19,86	-19,73	-19,60	-19,50	-19,41	-19,38	-19,36	-17,05
16/02/2022 21:20:00	-17,13	-17,01	-16,93	-17,00	-17,24	-17,65	-18,17	-18,65	-19,08	-19,44	-19,78	-19,95	-20,11	-20,04	-19,97	-19,83	-19,69	-19,58	-19,47	-19,43	-19,40	-17,00
16/02/2022 21:25:00	-17,03	-17,02	-17,09	-17,18	-17,48	-17,97	-18,46	-18,87	-19,23	-19,52	-19,78	-19,85	-19,93	-19,79	-19,65	-19,47	-19,30	-19,15	-19,01	-18,96	-18,91	-17,35
16/02/2022 21:30:00	-17,12	-17,11	-17,10	-17,20	-17,42	-17,77	-18,22	-18,64	-19,05	-19,44	-19,81	-20,00	-20,19	-20,14	-20,09	-19,96	-19,83	-19,72	-19,62	-19,59	-19,56	-17,44
16/02/2022 21:35:00	-17,08	-17,19	-17,25	-17,35	-17,49	-17,68	-17,95	-18,27	-18,65	-19,05	-19,48	-19,73	-19,99	-20,01	-20,03	-19,94	-19,84	-19,78	-19,71	-19,70	-19,69	-17,30
16/02/2022 21:40:00	-17,20	-17,18	-17,11	-17,16	-17,40	-17,83	-18,39	-18,94	-19,37	-19,69	-19,98	-20,10	-20,23	-20,14	-20,04	-19,90	-19,76	-19,65	-19,53	-19,49	-19,45	-16,94
16/02/2022 21:45:00	-17,57	-17,16	-17,11	-17,30	-17,60	-17,97	-18,38	-18,77	-19,11	-19,40	-19,67	-19,75	-19,84	-19,72	-19,60	-19,44	-19,27	-19,15	-19,02	-18,99	-18,95	-17,15
16/02/2022 21:50:00	-17,52	-17,35	-17,19	-17,24	-17,49	-17,96	-18,56	-19,00	-19,41	-19,74	-20,02	-20,09	-20,17	-20,02	-19,87	-19,67	-19,48	-19,32	-19,16	-19,10	-19,04	-17,38
16/02/2022 21:55:00	-17,46	-17,39	-17,46	-17,55	-17,69	-17,90	-18,20	-18,53	-18,81	-19,06	-19,32	-19,46	-19,59	-19,54	-19,49	-19,38	-19,28	-19,20	-19,12	-19,11	-19,10	-17,49
16/02/2022 22:00:00	-17,61	-17,51	-17,42	-17,39	-17,45	-17,66	-18,04	-18,45	-18,77	-19,01	-19,25	-19,38	-19,51	-19,46	-19,40	-19,30	-19,21	-19,13	-19,06	-19,04	-19,03	-17,59
16/02/2022 22:05:00	-17,51	-17,32	-17,20	-17,24	-17,48	-17,85	-18,24	-18,60	-18,98	-19,35	-19,68	-19,81	-19,93	-19,82	-19,71	-19,54	-19,36	-19,22	-19,08	-19,03	-18,99	-17,13
16/02/2022 22:10:00	-17,69	-17,34	-17,27	-17,32	-17,51	-17,86	-18,35	-18,77	-19,10	-19,36	-19,60	-19,69	-19,79	-19,69	-19,59	-19,45	-19,31	-19,21	-19,10	-19,07	-19,04	-17,73
16/02/2022 22:15:00	-17,82	-17,38	-17,14	-17,19	-17,39	-17,74	-18,21	-18,79	-19,18	-19,43	-19,66	-19,74	-19,83	-19,72	-19,62	-19,49	-19,36	-19,25	-19,15	-19,13	-19,10	-17,46
16/02/2022 22:20:00	-17,60	-17,46	-17,33	-17,36	-17,47	-17,74	-18,21	-18,53	-18,93	-19,33	-19,72	-19,93	-20,13	-20,10	-20,06	-19,94	-19,81	-19,71	-19,61	-19,58	-19,55	-17,45
16/02/2022 22:25:00	-17,70	-17,50	-17,35	-17,39	-17,59	-17,94	-18,35	-18,72	-19,08	-19,39	-19,66	-19,75	-19,84	-19,71	-19,58	-19,41	-19,23	-19,09	-18,95	-18,91	-18,86	-17,48
16/02/2022 22:30:00	-17,87	-17,45	-17,20	-17,28	-17,50	-17,83	-18,27	-18,82	-19,22	-19,50	-19,75	-19,85	-19,94	-19,83	-19,73	-19,58	-19,44	-19,33	-19,22	-19,19	-19,16	-17,17
16/02/2022 22:35:00	-17,79	-17,77	-17,49	-17,48	-17,58	-17,85	-18,27	-18,71	-19,07	-19,35	-19,60	-19,67	-19,75	-19,61	-19,48	-19,31	-19,15	-19,01	-18,87	-18,83	-18,78	-17,63
16/02/2022 22:40:00	-17,79	-17,64	-17,61	-17,70	-17,89	-18,11	-18,32	-18,68	-18,99	-19,25	-19,52	-19,62	-19,73	-19,65	-19,56	-19,42	-19,28	-19,18	-19,08	-19,06	-19,03	-17,60
16/02/2022 22:45:00	-17,93	-17,63	-17,62	-17,82	-18,05	-18,34	-18,74	-18,98	-19,21	-19,40	-19,58	-19,60	-19,61	-19,45	-19,29	-19,10	-18,92	-18,78	-18,65	-18,61	-18,56	-17,73
16/02/2022 22:50:00	-17,84	-17,57	-17,56	-17,75	-18,02	-18,36	-18,76	-19,17	-19,45	-19,64	-19,80	-19,82	-19,83	-19,68	-19,52	-19,35	-19,19	-19,06	-18,93	-18,90	-18,86	-17,57
16/02/2022 22:55:00	-17,84	-17,87	-17,74	-17,65	-17,68	-17,89	-18,29	-18,66	-19,02	-19,34	-19,67	-19,85	-20,04	-20,00	-19,97	-19,86	-19,75	-19,66	-19,57	-19,54	-19,52	-17,40
16/02/2022 23:00:00	-18,00	-17,96	-17,85	-17,92	-18,14	-18,49	-18,89	-19,29	-19,60	-19,81	-19,98	-19,98	-19,98	-19,78	-19,59	-19,39	-19,18	-19,02	-18,85	-18,79	-18,74	-17,68
16/02/2022 23:05:00	-18,05	-17,80	-17,90	-18,16	-18,47	-18,82	-19,20	-19,51	-19,70	-19,81	-19,89	-19,83	-19,77	-19,55	-19,34	-19,15	-18,95	-18,80	-18,65	-18,60	-18,55	-17,77
16/02/2022 23:10:00	-18,21	-17,98	-18,05	-18,11	-18,28	-18,56	-18,90	-19,11	-19,33	-19,53	-19,72	-19,77	-19,82	-19,69	-19,55	-19,39	-19,23	-19,11	-18,98	-18,95	-18,91	-17,95
16/02/2022 23:15:00	-18,43	-18,30	-18,32	-18,50	-18,80	-19,06	-19,19	-19,40	-19,56	-19,67	-19,74	-19,64	-19,53	-19,27	-19,02	-18,77	-18,53	-18,34	-18,15	-18,09	-18,02	-18,03
16/02/2022 23:20:00	-18,40	-18,35	-18,30	-18,21	-18,26	-18,45	-18,71	-18,95	-19,21	-19,47	-19,72	-19,83	-19,95	-19,86	-19,78	-19,64	-19,51	-19,40	-19,29	-19,26	-19,23	-18,18
16/02/2022 23:25:00	-18,62	-18,48	-18,48	-18,55	-18,65	-18,70	-18,71	-18,93	-19,13	-19,32	-19,52	-19,61	-19,69	-19,61	-19,53	-19,40	-19,28	-19,19	-19,10	-19,09	-19,07	-18,14
16/02/2022 23:30:00	-18,57	-18,40	-18,38	-18,51	-18,67	-18,83	-19,01	-19,17	-19,36	-19,53	-19,70	-19,71	-19,73	-19,57	-19,42	-19,23	-19,05	-18,92	-18,78	-18,74	-18,70	-18,38
16/02/2022 23:35:00	-18,69	-18,57	-18,41	-18,46	-18,59	-18,77	-18,99	-19,24	-19,48	-19,68	-19,87	-19,89	-19,91	-19,75	-19,59	-19,40	-19,21	-19,06	-18,92	-18,87	-18,82	-18,49
16/02/2022 23:40:00	-18,56	-18,78	-18,63	-18,45	-18,37	-18,49	-18,79	-19,05	-19,29	-19,48	-19,67	-19,74	-19,80	-19,69	-19,57	-19,42	-19,28	-19,16	-19,04	-18,99	-18,95	-18,21
16/02/2022 23:45:00	-18,58	-18,64	-18,50	-18,54	-18,61	-18,81	-19,17	-19,45	-19,60	-19,67	-19,70	-19,59	-19,49	-19,24	-19,00	-18,79	-18,57	-18,40	-18,23	-18,17	-18,11	-18,07
16/02/2022 23:50:00	-18,65	-18,72	-18,64	-18,51	-18,50	-18,57	-18,64	-18,84	-19,07	-19,28	-19,51	-19,60	-19,69	-19,60	-19,51	-19,38	-19,24	-19,13	-19,03	-19,00	-18,97	-18,07
16/02/2022 23:55:00	-18,70	-18,65	-18,50	-18,43	-18,48	-18,69	-19,04	-19,31	-19,55	-19,74	-19,91	-19,93	-19,95	-19,79	-19,63	-19,45	-19,28	-19,14	-18,99	-18,94	-18,89	-18,05
