FileFormat:0002.2 file with temperature of atmosphere
SN105HE102 RTK
local	GMT or Local
0	GMT-Local=[hours]
20	Height[m]
0	0	0	Longitude                [grd]               [min]               [sec]
0	0	0	Latitude                [grd]               [min]               [sec]
N	NS
56,45	Freq[GHz]
0,00	dTemostat[K]
0,150	MessErr[K]
0,248	//[grad/step]
version 14.4.20120406
MTP5HE102F5645K-38.60I70D222917+A1.1
Commentary:
SN105HE102
парабола ДНА = 2,5 град
НЕ102 - ПУ - ХВБ с ЦСД " S "
АЦП - 202 - 09 с контр.U пит.и М
оптопара серии - 2
Т out № 178 пл
БП LPS - 112
End Of Commentary

SYSTEM\summer.dat
data time	0	50	100	150	200	250	300	350	400	450	500	550	600	650	700	750	800	850	900	950	1000	OutsideTemperature
17/08/2022 00:00:00	9,06	8,86	8,61	8,35	8,10	7,85	7,60	7,36	7,05	6,80	6,63	6,43	6,24	6,00	5,77	5,49	5,22	4,97	4,72	4,47	4,23	9,07
17/08/2022 00:05:00	9,10	8,80	8,60	8,36	8,06	7,80	7,54	7,30	7,10	6,88	6,64	6,40	6,16	5,91	5,67	5,42	5,17	4,94	4,71	4,49	4,26	9,07
17/08/2022 00:10:00	9,07	8,92	8,67	8,42	8,17	7,85	7,55	7,28	7,05	6,83	6,60	6,37	6,14	5,89	5,65	5,39	5,13	4,89	4,66	4,43	4,20	9,11
17/08/2022 00:15:00	9,00	8,78	8,60	8,34	7,97	7,79	7,56	7,31	7,08	6,86	6,63	6,40	6,17	5,94	5,70	5,45	5,20	4,97	4,75	4,52	4,29	8,98
17/08/2022 00:20:00	8,88	8,78	8,54	8,29	8,03	7,75	7,49	7,24	6,97	6,77	6,64	6,49	6,33	6,13	5,92	5,66	5,41	5,17	4,94	4,71	4,48	8,90
17/08/2022 00:25:00	8,88	8,68	8,50	8,32	8,15	7,98	7,76	7,52	7,41	7,25	7,00	6,77	6,53	6,29	6,06	5,81	5,57	5,34	5,11	4,88	4,64	8,90
17/08/2022 00:30:00	8,86	8,68	8,48	8,28	8,06	7,94	7,78	7,60	7,35	7,15	7,02	6,86	6,70	6,50	6,29	6,04	5,79	5,54	5,30	5,05	4,81	8,89
17/08/2022 00:35:00	8,81	8,62	8,46	8,28	8,06	7,82	7,60	7,41	7,22	7,03	6,85	6,65	6,45	6,23	6,02	5,77	5,52	5,30	5,07	4,84	4,61	8,84
17/08/2022 00:40:00	8,90	8,59	8,48	8,37	8,23	7,98	7,78	7,61	7,41	7,18	6,93	6,66	6,40	6,14	5,87	5,60	5,33	5,08	4,83	4,58	4,32	8,83
17/08/2022 00:45:00	8,91	8,68	8,49	8,29	8,06	7,89	7,68	7,46	7,22	7,01	6,85	6,66	6,47	6,25	6,02	5,76	5,50	5,26	5,01	4,77	4,52	8,87
17/08/2022 00:50:00	8,92	8,59	8,43	8,27	8,08	7,89	7,69	7,47	7,31	7,12	6,89	6,66	6,43	6,19	5,95	5,70	5,44	5,21	4,97	4,73	4,48	8,83
17/08/2022 00:55:00	8,84	8,71	8,50	8,32	8,18	7,91	7,72	7,57	7,30	7,07	6,89	6,69	6,48	6,25	6,02	5,75	5,49	5,24	5,00	4,75	4,50	8,84
17/08/2022 01:00:00	8,88	8,71	8,62	8,45	8,18	7,85	7,58	7,36	7,23	7,06	6,83	6,61	6,38	6,16	5,93	5,69	5,46	5,25	5,03	4,83	4,62	8,85
17/08/2022 01:05:00	8,87	8,55	8,38	8,24	8,13	7,94	7,72	7,49	7,30	7,13	7,00	6,83	6,65	6,44	6,22	5,96	5,69	5,44	5,20	4,95	4,69	8,87
17/08/2022 01:10:00	8,91	8,80	8,61	8,39	8,10	7,90	7,64	7,36	7,19	7,06	6,97	6,85	6,73	6,56	6,39	6,15	5,91	5,70	5,48	5,27	5,05	8,88
17/08/2022 01:15:00	8,82	8,73	8,55	8,35	8,14	7,85	7,61	7,41	7,21	7,06	6,97	6,84	6,71	6,53	6,35	6,12	5,88	5,66	5,44	5,22	5,01	8,87
17/08/2022 01:20:00	8,80	8,71	8,60	8,42	8,16	7,93	7,72	7,51	7,38	7,19	6,94	6,70	6,47	6,24	6,00	5,76	5,52	5,30	5,08	4,86	4,64	8,88
17/08/2022 01:25:00	8,81	8,66	8,49	8,29	8,06	7,85	7,62	7,38	7,14	6,95	6,84	6,68	6,53	6,32	6,12	5,86	5,60	5,36	5,13	4,89	4,66	8,86
17/08/2022 01:30:00	8,77	8,54	8,34	8,19	8,10	7,94	7,75	7,54	7,41	7,27	7,12	6,95	6,78	6,57	6,37	6,12	5,88	5,64	5,41	5,17	4,93	8,89
17/08/2022 01:35:00	8,95	8,61	8,39	8,21	8,06	7,90	7,67	7,40	7,30	7,15	6,92	6,69	6,47	6,23	6,00	5,75	5,50	5,27	5,03	4,80	4,56	8,89
17/08/2022 01:40:00	8,85	8,57	8,43	8,31	8,19	8,05	7,87	7,68	7,48	7,24	6,97	6,69	6,41	6,13	5,85	5,58	5,30	5,04	4,77	4,50	4,23	8,95
17/08/2022 01:45:00	8,89	8,71	8,56	8,35	8,07	7,84	7,63	7,43	7,11	6,86	6,70	6,51	6,32	6,09	5,86	5,59	5,32	5,07	4,82	4,58	4,33	8,89
17/08/2022 01:50:00	8,86	8,80	8,66	8,46	8,20	7,89	7,61	7,35	7,16	6,94	6,68	6,42	6,16	5,91	5,66	5,40	5,14	4,90	4,67	4,44	4,22	8,92
17/08/2022 01:55:00	8,88	8,66	8,57	8,41	8,13	7,95	7,70	7,42	7,13	6,88	6,70	6,47	6,25	6,00	5,74	5,45	5,16	4,90	4,64	4,38	4,12	8,90
17/08/2022 02:00:00	8,86	8,73	8,61	8,51	8,41	8,24	8,02	7,77	7,58	7,33	7,00	6,68	6,37	6,06	5,76	5,46	5,17	4,90	4,63	4,35	4,07	8,85
17/08/2022 02:05:00	8,81	8,56	8,45	8,29	8,07	7,89	7,65	7,38	7,14	6,92	6,73	6,51	6,28	6,03	5,78	5,50	5,22	4,97	4,72	4,46	4,21	8,84
17/08/2022 02:10:00	8,78	8,56	8,43	8,27	8,07	7,87	7,64	7,41	7,16	6,92	6,68	6,42	6,16	5,90	5,63	5,35	5,07	4,81	4,56	4,30	4,04	8,77
17/08/2022 02:15:00	8,79	8,59	8,48	8,31	8,06	7,82	7,58	7,34	7,04	6,79	6,61	6,39	6,17	5,92	5,67	5,39	5,10	4,85	4,59	4,34	4,09	8,75
17/08/2022 02:20:00	8,83	8,69	8,58	8,39	8,10	7,95	7,70	7,39	7,15	6,91	6,67	6,42	6,16	5,89	5,63	5,35	5,06	4,81	4,55	4,30	4,05	8,80
17/08/2022 02:25:00	8,83	8,58	8,52	8,42	8,23	8,09	7,86	7,57	7,35	7,11	6,84	6,55	6,27	5,98	5,69	5,39	5,10	4,83	4,55	4,28	4,01	8,78
17/08/2022 02:30:00	8,72	8,61	8,44	8,27	8,10	7,88	7,64	7,39	7,18	6,95	6,70	6,44	6,19	5,93	5,66	5,39	5,12	4,87	4,62	4,36	4,11	8,82
17/08/2022 02:35:00	8,80	8,65	8,58	8,51	8,41	8,17	7,93	7,70	7,40	7,09	6,74	6,39	6,03	5,69	5,35	5,03	4,71	4,42	4,12	3,83	3,53	8,85
17/08/2022 02:40:00	8,79	8,63	8,53	8,42	8,28	8,10	7,93	7,76	7,48	7,19	6,90	6,60	6,30	6,00	5,70	5,41	5,12	4,84	4,57	4,29	4,01	8,83
17/08/2022 02:45:00	8,74	8,61	8,78	8,84	8,72	8,44	8,17	7,90	7,60	7,24	6,81	6,37	5,93	5,53	5,13	4,77	4,41	4,10	3,79	3,47	3,16	8,79
17/08/2022 02:50:00	8,77	8,65	8,53	8,38	8,19	7,89	7,62	7,38	7,10	6,85	6,64	6,40	6,16	5,90	5,64	5,35	5,07	4,81	4,55	4,30	4,04	8,79
17/08/2022 02:55:00	8,78	8,93	8,77	8,55	8,28	8,09	7,87	7,64	7,33	7,07	6,86	6,63	6,41	6,16	5,91	5,63	5,36	5,11	4,85	4,60	4,35	8,81
17/08/2022 03:00:00	8,86	8,64	8,59	8,50	8,34	8,17	7,94	7,68	7,43	7,21	7,00	6,76	6,52	6,26	5,99	5,70	5,40	5,13	4,86	4,59	4,32	8,81
17/08/2022 03:05:00	8,88	8,65	8,55	8,51	8,51	8,40	8,18	7,90	7,79	7,57	7,22	6,88	6,54	6,22	5,90	5,60	5,30	5,02	4,74	4,45	4,16	8,81
17/08/2022 03:10:00	8,82	8,53	8,55	8,55	8,47	8,28	8,09	7,90	7,62	7,33	7,03	6,70	6,37	6,05	5,73	5,41	5,08	4,79	4,49	4,19	3,90	8,83
17/08/2022 03:15:00	8,90	8,52	8,45	8,41	8,37	8,31	8,17	7,97	7,80	7,60	7,34	7,07	6,79	6,51	6,23	5,94	5,65	5,38	5,10	4,81	4,52	8,85
17/08/2022 03:20:00	8,82	8,66	8,56	8,43	8,24	8,07	7,83	7,56	7,41	7,20	6,91	6,63	6,34	6,07	5,79	5,52	5,25	5,00	4,75	4,50	4,25	8,81
17/08/2022 03:25:00	8,84	8,72	8,64	8,59	8,57	8,32	8,12	7,94	7,75	7,50	7,17	6,85	6,52	6,22	5,91	5,62	5,33	5,05	4,78	4,50	4,22	8,85
17/08/2022 03:30:00	8,88	8,76	8,70	8,63	8,56	8,40	8,21	7,99	7,64	7,34	7,11	6,84	6,56	6,26	5,96	5,63	5,30	5,00	4,69	4,38	4,07	8,93
17/08/2022 03:35:00	8,88	8,75	8,73	8,68	8,57	8,42	8,17	7,83	7,61	7,34	7,01	6,66	6,32	5,98	5,65	5,32	5,00	4,71	4,41	4,11	3,82	8,93
17/08/2022 03:40:00	8,83	8,79	8,72	8,63	8,53	8,36	8,19	8,02	7,72	7,41	7,07	6,74	6,40	6,08	5,76	5,45	5,14	4,85	4,56	4,26	3,97	8,88
17/08/2022 03:45:00	8,89	8,72	8,61	8,50	8,39	8,33	8,18	7,97	7,75	7,50	7,22	6,93	6,64	6,36	6,07	5,78	5,49	5,21	4,93	4,64	4,36	8,92
17/08/2022 03:50:00	8,86	8,65	8,66	8,64	8,54	8,36	8,16	7,94	7,64	7,32	6,99	6,63	6,28	5,94	5,60	5,27	4,94	4,63	4,33	4,02	3,72	8,90
17/08/2022 03:55:00	8,78	8,67	8,58	8,49	8,39	8,23	7,98	7,69	7,44	7,21	7,01	6,76	6,52	6,25	5,98	5,67	5,37	5,09	4,81	4,53	4,25	8,76
17/08/2022 04:00:00	8,66	8,70	8,70	8,69	8,64	8,47	8,25	7,97	7,61	7,29	7,03	6,72	6,41	6,08	5,75	5,40	5,05	4,73	4,41	4,09	3,77	8,74
17/08/2022 04:05:00	8,77	8,65	8,72	8,76	8,71	8,54	8,29	8,00	7,78	7,49	7,09	6,70	6,30	5,93	5,56	5,22	4,89	4,58	4,27	3,97	3,66	8,73
17/08/2022 04:10:00	8,75	8,60	8,57	8,57	8,59	8,55	8,37	8,11	7,91	7,61	7,17	6,74	6,31	5,92	5,54	5,21	4,88	4,56	4,24	3,92	3,59	8,75
17/08/2022 04:15:00	8,62	8,50	8,48	8,55	8,67	8,66	8,50	8,24	8,01	7,73	7,38	7,01	6,64	6,28	5,92	5,58	5,23	4,90	4,56	4,22	3,87	8,65
17/08/2022 04:20:00	8,67	8,64	8,69	8,72	8,72	8,48	8,24	8,01	7,74	7,43	7,04	6,65	6,27	5,90	5,53	5,19	4,85	4,54	4,23	3,92	3,61	8,64
17/08/2022 04:25:00	8,64	8,68	8,76	8,75	8,64	8,40	8,22	8,07	7,74	7,39	7,00	6,61	6,22	5,87	5,51	5,18	4,85	4,56	4,26	3,96	3,66	8,70
17/08/2022 04:30:00	8,75	8,81	9,04	9,09	8,90	8,77	8,57	8,33	7,95	7,52	7,05	6,58	6,11	5,69	5,27	4,89	4,52	4,19	3,85	3,52	3,18	8,72
17/08/2022 04:35:00	8,92	8,96	8,81	8,68	8,57	8,32	8,07	7,83	7,51	7,15	6,75	6,37	5,98	5,62	5,27	4,94	4,61	4,32	4,02	3,71	3,41	8,77
17/08/2022 04:40:00	8,76	8,81	9,01	9,10	9,03	8,89	8,68	8,40	8,06	7,67	7,24	6,79	6,35	5,93	5,52	5,14	4,76	4,42	4,08	3,73	3,39	8,95
17/08/2022 04:45:00	8,66	8,65	8,76	8,81	8,79	8,61	8,41	8,18	7,90	7,59	7,24	6,87	6,50	6,15	5,79	5,45	5,11	4,80	4,48	4,17	3,85	8,73
17/08/2022 04:50:00	8,70	8,69	8,70	8,71	8,70	8,63	8,47	8,23	7,91	7,58	7,26	6,91	6,55	6,20	5,85	5,50	5,16	4,83	4,51	4,17	3,84	8,62
17/08/2022 04:55:00	8,60	8,62	8,70	8,82	8,94	8,79	8,63	8,45	8,12	7,76	7,36	6,94	6,52	6,12	5,72	5,36	4,99	4,64	4,30	3,94	3,58	8,65
17/08/2022 05:00:00	8,68	8,58	8,73	8,81	8,76	8,57	8,32	8,03	7,81	7,50	7,08	6,65	6,23	5,84	5,46	5,11	4,76	4,45	4,14	3,83	3,52	8,66
17/08/2022 05:05:00	8,74	8,63	8,59	8,59	8,63	8,47	8,33	8,20	7,90	7,60	7,30	6,97	6,65	6,32	6,00	5,67	5,35	5,05	4,74	4,43	4,11	8,71
17/08/2022 05:10:00	8,75	8,82	8,93	8,93	8,79	8,69	8,47	8,18	7,86	7,48	7,04	6,61	6,17	5,77	5,37	5,01	4,65	4,33	4,00	3,68	3,35	8,76
17/08/2022 05:15:00	8,77	8,69	8,78	8,87	8,90	8,80	8,58	8,29	8,01	7,68	7,28	6,86	6,43	6,04	5,64	5,27	4,91	4,57	4,23	3,88	3,53	8,72
17/08/2022 05:20:00	8,77	8,64	8,69	8,77	8,84	8,72	8,50	8,23	8,00	7,69	7,28	6,86	6,43	6,04	5,65	5,30	4,95	4,62	4,29	3,95	3,61	8,78
17/08/2022 05:25:00	8,81	8,69	8,79	8,86	8,85	8,60	8,32	8,02	7,71	7,38	7,05	6,68	6,30	5,93	5,56	5,20	4,83	4,50	4,18	3,85	3,52	8,85
17/08/2022 05:30:00	8,86	8,69	8,74	8,69	8,51	8,27	8,06	7,88	7,68	7,41	7,06	6,71	6,37	6,06	5,74	5,45	5,17	4,90	4,64	4,38	4,12	8,89
17/08/2022 05:35:00	8,94	8,88	8,92	8,94	8,90	8,77	8,63	8,48	8,18	7,82	7,41	7,01	6,60	6,23	5,85	5,52	5,18	4,86	4,54	4,22	3,89	8,88
17/08/2022 05:40:00	8,88	8,82	8,77	8,79	8,89	8,73	8,54	8,32	8,05	7,74	7,38	7,00	6,62	6,26	5,90	5,55	5,21	4,88	4,56	4,22	3,89	8,89
17/08/2022 05:45:00	8,98	8,72	8,69	8,71	8,73	8,59	8,45	8,30	8,00	7,67	7,30	6,91	6,52	6,16	5,79	5,46	5,12	4,81	4,49	4,16	3,83	8,91
17/08/2022 05:50:00	8,86	8,69	8,70	8,68	8,61	8,46	8,28	8,10	7,84	7,53	7,16	6,79	6,42	6,07	5,73	5,41	5,09	4,79	4,49	4,19	3,88	8,85
17/08/2022 05:55:00	8,92	8,65	8,64	8,64	8,62	8,56	8,40	8,18	7,92	7,59	7,18	6,77	6,36	5,98	5,60	5,27	4,93	4,61	4,29	3,95	3,62	8,88
17/08/2022 06:00:00	8,85	8,74	8,78	8,81	8,80	8,68	8,46	8,18	7,91	7,59	7,20	6,80	6,40	6,02	5,65	5,30	4,94	4,62	4,29	3,96	3,63	8,91
17/08/2022 06:05:00	8,81	8,68	8,75	8,80	8,78	8,67	8,51	8,31	8,05	7,72	7,31	6,89	6,48	6,10	5,72	5,38	5,04	4,73	4,41	4,08	3,75	8,89
17/08/2022 06:10:00	8,85	8,73	8,61	8,58	8,65	8,59	8,43	8,21	7,98	7,69	7,32	6,94	6,57	6,22	5,87	5,54	5,22	4,90	4,58	4,25	3,92	8,78
17/08/2022 06:15:00	8,85	8,64	8,60	8,58	8,55	8,51	8,36	8,14	7,94	7,68	7,35	7,00	6,66	6,34	6,01	5,70	5,39	5,10	4,80	4,49	4,18	8,80
17/08/2022 06:20:00	8,79	8,75	8,75	8,71	8,61	8,44	8,24	8,03	7,75	7,44	7,09	6,73	6,38	6,04	5,71	5,39	5,07	4,77	4,47	4,17	3,87	8,88
17/08/2022 06:25:00	8,78	8,81	8,80	8,74	8,59	8,40	8,18	7,94	7,59	7,26	6,95	6,62	6,29	5,96	5,63	5,30	4,96	4,66	4,36	4,06	3,75	8,93
17/08/2022 06:30:00	9,05	8,76	8,66	8,59	8,52	8,39	8,17	7,91	7,66	7,35	6,97	6,59	6,21	5,85	5,50	5,17	4,85	4,54	4,24	3,93	3,62	8,89
17/08/2022 06:35:00	8,88	8,75	8,69	8,67	8,66	8,60	8,47	8,29	8,00	7,65	7,21	6,79	6,36	5,98	5,60	5,26	4,92	4,60	4,28	3,94	3,61	9,05
17/08/2022 06:40:00	8,92	8,70	8,40	8,19	8,08	7,85	7,62	7,40	7,11	6,79	6,46	6,14	5,81	5,50	5,18	4,88	4,59	4,31	4,03	3,74	3,46	8,93
17/08/2022 06:45:00	9,08	8,87	8,84	8,80	8,71	8,55	8,36	8,15	7,78	7,42	7,09	6,73	6,37	6,01	5,66	5,31	4,97	4,65	4,33	4,00	3,67	8,95
17/08/2022 06:50:00	8,97	8,67	8,50	8,46	8,55	8,56	8,46	8,29	8,14	7,93	7,63	7,32	7,01	6,71	6,41	6,12	5,83	5,54	5,24	4,93	4,62	8,90
17/08/2022 06:55:00	9,07	8,71	8,64	8,63	8,63	8,50	8,33	8,12	7,87	7,57	7,21	6,84	6,46	6,11	5,76	5,43	5,11	4,80	4,48	4,16	3,84	9,04
17/08/2022 07:00:00	9,06	8,87	8,78	8,70	8,59	8,48	8,28	8,02	7,79	7,48	7,07	6,68	6,28	5,93	5,57	5,25	4,94	4,64	4,34	4,04	3,73	9,08
17/08/2022 07:05:00	9,13	8,72	8,58	8,50	8,47	8,43	8,32	8,15	7,85	7,53	7,21	6,87	6,53	6,20	5,87	5,55	5,23	4,92	4,61	4,28	3,95	9,16
17/08/2022 07:10:00	9,04	8,67	8,59	8,55	8,52	8,40	8,24	8,05	7,76	7,47	7,17	6,85	6,52	6,20	5,87	5,55	5,23	4,92	4,62	4,30	3,98	9,15
17/08/2022 07:15:00	9,13	8,78	8,48	8,30	8,26	8,12	7,95	7,77	7,55	7,30	7,02	6,73	6,44	6,16	5,88	5,60	5,32	5,05	4,78	4,49	4,21	9,10
17/08/2022 07:20:00	9,09	8,74	8,49	8,27	8,10	8,05	7,95	7,79	7,44	7,16	6,96	6,73	6,50	6,24	5,98	5,70	5,41	5,13	4,85	4,56	4,27	9,04
17/08/2022 07:25:00	9,09	8,76	8,56	8,37	8,17	8,08	7,96	7,83	7,62	7,36	7,02	6,71	6,40	6,11	5,83	5,57	5,31	5,06	4,80	4,54	4,27	9,00
17/08/2022 07:30:00	9,14	8,79	8,62	8,54	8,55	8,52	8,41	8,24	8,01	7,71	7,33	6,95	6,57	6,23	5,88	5,57	5,26	4,95	4,65	4,32	3,99	9,02
17/08/2022 07:35:00	9,14	8,81	8,57	8,41	8,34	8,27	8,14	7,96	7,70	7,45	7,20	6,94	6,67	6,40	6,12	5,84	5,55	5,27	4,99	4,69	4,40	9,11
17/08/2022 07:40:00	9,19	8,87	8,67	8,58	8,59	8,44	8,29	8,12	7,92	7,66	7,34	7,01	6,69	6,38	6,07	5,78	5,49	5,20	4,92	4,61	4,31	9,17
17/08/2022 07:45:00	9,28	8,79	8,61	8,50	8,46	8,44	8,34	8,18	7,98	7,73	7,40	7,07	6,74	6,43	6,12	5,83	5,55	5,26	4,97	4,67	4,36	9,35
17/08/2022 07:50:00	9,36	9,03	8,80	8,67	8,64	8,53	8,41	8,29	7,99	7,69	7,41	7,11	6,81	6,51	6,22	5,91	5,61	5,31	5,02	4,70	4,39	9,28
17/08/2022 07:55:00	9,38	8,96	8,73	8,60	8,58	8,51	8,42	8,31	8,11	7,88	7,63	7,36	7,09	6,83	6,56	6,29	6,02	5,74	5,47	5,17	4,88	9,55
17/08/2022 08:00:00	9,43	9,02	8,74	8,57	8,52	8,43	8,29	8,13	7,90	7,65	7,39	7,13	6,86	6,58	6,31	6,03	5,74	5,46	5,18	4,89	4,59	9,45
17/08/2022 08:05:00	9,36	8,97	8,79	8,71	8,72	8,55	8,40	8,26	8,03	7,77	7,47	7,16	6,86	6,56	6,25	5,96	5,66	5,37	5,08	4,78	4,48	9,57
17/08/2022 08:10:00	9,45	9,05	8,85	8,74	8,71	8,70	8,61	8,48	8,32	8,10	7,78	7,47	7,16	6,87	6,58	6,31	6,04	5,76	5,48	5,18	4,88	9,52
17/08/2022 08:15:00	9,40	9,18	8,94	8,73	8,55	8,35	8,16	7,96	7,72	7,45	7,13	6,84	6,54	6,25	5,96	5,69	5,41	5,15	4,88	4,61	4,34	9,45
17/08/2022 08:20:00	9,44	9,03	8,72	8,47	8,28	8,09	7,94	7,81	7,56	7,30	7,04	6,79	6,53	6,28	6,03	5,77	5,51	5,26	5,01	4,75	4,48	9,58
17/08/2022 08:25:00	9,60	9,26	8,95	8,70	8,52	8,31	8,11	7,93	7,68	7,42	7,13	6,85	6,57	6,30	6,02	5,75	5,49	5,23	4,97	4,70	4,43	9,66
17/08/2022 08:30:00	9,70	9,19	8,90	8,70	8,59	8,40	8,25	8,12	7,96	7,74	7,42	7,13	6,84	6,56	6,29	6,04	5,79	5,53	5,28	5,02	4,75	10,00
17/08/2022 08:35:00	9,76	9,37	9,08	8,88	8,80	8,61	8,34	8,03	7,81	7,58	7,36	7,10	6,85	6,57	6,30	6,00	5,71	5,43	5,15	4,86	4,57	9,87
17/08/2022 08:40:00	9,90	9,48	9,17	8,94	8,79	8,52	8,31	8,15	7,86	7,59	7,36	7,12	6,88	6,62	6,36	6,08	5,80	5,53	5,27	4,99	4,72	9,83
17/08/2022 08:45:00	9,96	9,47	9,19	9,00	8,91	8,74	8,53	8,27	8,00	7,71	7,43	7,12	6,81	6,50	6,20	5,89	5,58	5,28	4,98	4,68	4,37	9,99
17/08/2022 08:50:00	9,98	9,51	9,22	8,98	8,80	8,69	8,50	8,25	7,98	7,71	7,44	7,16	6,89	6,60	6,32	6,02	5,73	5,45	5,16	4,87	4,57	9,90
17/08/2022 08:55:00	9,96	9,64	9,38	9,16	8,98	8,91	8,72	8,43	8,21	7,96	7,64	7,32	7,00	6,70	6,40	6,11	5,82	5,53	5,25	4,96	4,66	10,04
17/08/2022 09:00:00	9,96	9,62	9,33	9,07	8,85	8,64	8,40	8,15	7,89	7,63	7,37	7,11	6,85	6,58	6,31	6,03	5,75	5,48	5,22	4,94	4,67	10,06
17/08/2022 09:05:00	10,25	9,80	9,47	9,21	9,04	8,92	8,76	8,56	8,28	7,99	7,70	7,40	7,11	6,82	6,53	6,24	5,96	5,67	5,39	5,09	4,79	10,22
17/08/2022 09:10:00	10,33	9,95	9,69	9,50	9,40	9,27	9,09	8,86	8,63	8,34	7,96	7,59	7,23	6,89	6,56	6,26	5,95	5,65	5,35	5,04	4,72	10,42
17/08/2022 09:15:00	10,46	10,02	9,78	9,61	9,49	9,36	9,15	8,86	8,65	8,39	8,02	7,67	7,31	6,98	6,65	6,34	6,03	5,73	5,43	5,12	4,80	10,66
17/08/2022 09:20:00	10,65	10,19	9,80	9,48	9,23	8,94	8,68	8,43	8,19	7,94	7,70	7,46	7,21	6,96	6,71	6,44	6,18	5,92	5,67	5,40	5,14	10,77
17/08/2022 09:25:00	10,96	10,43	10,03	9,70	9,44	9,17	8,91	8,65	8,29	7,94	7,64	7,33	7,03	6,72	6,42	6,11	5,80	5,51	5,21	4,91	4,60	10,94
17/08/2022 09:30:00	11,10	10,72	10,27	9,84	9,48	9,20	8,88	8,54	8,25	7,96	7,65	7,36	7,07	6,79	6,51	6,23	5,95	5,68	5,42	5,15	4,88	11,24
17/08/2022 09:35:00	11,19	10,72	10,33	9,96	9,62	9,39	9,14	8,87	8,51	8,15	7,82	7,49	7,16	6,85	6,54	6,24	5,93	5,64	5,35	5,05	4,75	11,80
17/08/2022 09:40:00	11,45	10,91	10,42	10,04	9,80	9,54	9,28	9,02	8,75	8,45	8,07	7,71	7,36	7,05	6,73	6,44	6,15	5,87	5,58	5,28	4,99	12,31
17/08/2022 09:45:00	11,56	11,06	10,62	10,21	9,83	9,49	9,18	8,89	8,51	8,16	7,91	7,66	7,40	7,12	6,85	6,55	6,26	5,97	5,69	5,41	5,12	11,89
17/08/2022 09:50:00	11,69	11,30	10,84	10,48	10,26	9,98	9,69	9,39	9,05	8,69	8,30	7,93	7,55	7,21	6,86	6,54	6,22	5,91	5,59	5,27	4,95	12,08
17/08/2022 09:55:00	12,00	11,35	11,00	10,67	10,33	10,06	9,76	9,43	9,09	8,75	8,45	8,13	7,81	7,50	7,19	6,87	6,55	6,25	5,95	5,64	5,33	12,19
17/08/2022 10:00:00	11,89	11,69	11,14	10,70	10,46	10,07	9,66	9,24	8,89	8,54	8,14	7,77	7,40	7,06	6,71	6,38	6,06	5,74	5,43	5,12	4,80	11,90
17/08/2022 10:05:00	11,89	11,42	11,04	10,62	10,14	9,72	9,30	8,89	8,58	8,24	7,80	7,40	7,00	6,65	6,30	6,00	5,69	5,42	5,14	4,86	4,59	11,93
17/08/2022 10:10:00	12,09	11,47	10,99	10,55	10,18	9,88	9,57	9,25	8,92	8,56	8,16	7,79	7,41	7,08	6,74	6,44	6,13	5,84	5,54	5,24	4,94	12,11
17/08/2022 10:15:00	12,03	11,46	11,08	10,75	10,48	10,17	9,80	9,36	8,95	8,53	8,10	7,66	7,23	6,83	6,43	6,06	5,69	5,34	5,00	4,65	4,30	12,35
17/08/2022 10:20:00	12,14	11,66	11,26	10,91	10,66	10,40	10,10	9,78	9,39	9,00	8,65	8,29	7,94	7,59	7,25	6,91	6,57	6,24	5,91	5,57	5,23	12,07
17/08/2022 10:25:00	12,26	11,75	11,29	10,88	10,53	10,19	9,84	9,48	9,10	8,72	8,35	7,99	7,63	7,29	6,95	6,62	6,29	5,98	5,67	5,35	5,04	12,19
17/08/2022 10:30:00	12,42	12,02	11,58	11,16	10,78	10,36	9,98	9,64	9,18	8,73	8,35	7,98	7,60	7,25	6,89	6,55	6,20	5,88	5,56	5,23	4,91	12,35
17/08/2022 10:35:00	12,62	12,25	11,79	11,34	10,92	10,46	10,08	9,76	9,37	8,97	8,57	8,20	7,83	7,49	7,15	6,83	6,52	6,22	5,92	5,62	5,32	12,47
17/08/2022 10:40:00	12,69	12,35	11,90	11,44	11,00	10,58	10,16	9,72	9,21	8,71	8,28	7,87	7,46	7,07	6,68	6,31	5,94	5,60	5,25	4,91	4,58	12,47
17/08/2022 10:45:00	12,86	12,48	12,04	11,55	10,99	10,56	10,15	9,77	9,29	8,83	8,44	8,08	7,72	7,37	7,02	6,69	6,35	6,04	5,73	5,43	5,12	12,70
17/08/2022 10:50:00	12,82	12,31	11,86	11,45	11,06	10,70	10,31	9,86	9,44	9,00	8,56	8,13	7,71	7,32	6,93	6,57	6,21	5,87	5,53	5,18	4,84	12,53
17/08/2022 10:55:00	12,47	12,08	11,62	11,20	10,81	10,43	10,05	9,68	9,25	8,81	8,35	7,93	7,50	7,12	6,74	6,39	6,04	5,72	5,39	5,06	4,73	12,52
17/08/2022 11:00:00	12,46	12,30	11,78	11,29	10,90	10,46	10,03	9,60	9,10	8,61	8,17	7,76	7,34	6,95	6,57	6,20	5,84	5,50	5,16	4,82	4,49	12,57
17/08/2022 11:05:00	12,78	12,24	11,77	11,30	10,82	10,37	9,91	9,44	8,99	8,54	8,14	7,75	7,36	6,99	6,62	6,27	5,92	5,60	5,28	4,96	4,64	12,94
17/08/2022 11:10:00	12,78	12,22	11,82	11,43	11,03	10,59	10,13	9,66	9,22	8,74	8,18	7,65	7,13	6,67	6,22	5,84	5,46	5,11	4,76	4,41	4,06	12,85
17/08/2022 11:15:00	12,40	11,94	11,54	11,17	10,83	10,45	10,09	9,73	9,24	8,73	8,30	7,86	7,43	7,02	6,62	6,25	5,87	5,52	5,17	4,82	4,46	12,40
17/08/2022 11:20:00	12,29	11,74	11,31	10,90	10,48	10,12	9,71	9,23	8,86	8,47	8,02	7,60	7,17	6,79	6,41	6,07	5,72	5,41	5,09	4,77	4,45	12,49
17/08/2022 11:25:00	12,29	11,99	11,51	10,99	10,48	9,97	9,51	9,07	8,62	8,17	7,73	7,33	6,93	6,57	6,20	5,87	5,53	5,23	4,93	4,64	4,35	12,60
17/08/2022 11:30:00	12,56	12,20	11,69	11,18	10,69	10,20	9,74	9,31	8,77	8,21	7,70	7,22	6,74	6,31	5,88	5,51	5,13	4,79	4,45	4,11	3,78	12,68
17/08/2022 11:35:00	12,41	11,95	11,45	10,95	10,46	10,03	9,59	9,14	8,72	8,28	7,79	7,35	6,90	6,51	6,12	5,78	5,44	5,12	4,81	4,50	4,19	12,55
17/08/2022 11:40:00	12,23	11,78	11,35	10,95	10,59	10,19	9,76	9,29	8,80	8,29	7,76	7,25	6,75	6,30	5,85	5,46	5,07	4,71	4,35	3,99	3,64	12,42
17/08/2022 11:45:00	12,12	11,82	11,40	10,94	10,42	9,97	9,54	9,09	8,61	8,10	7,56	7,06	6,57	6,14	5,71	5,35	4,99	4,66	4,33	4,01	3,69	12,46
17/08/2022 11:50:00	12,17	11,74	11,27	10,83	10,42	10,03	9,61	9,15	8,75	8,30	7,74	7,24	6,74	6,31	5,88	5,52	5,16	4,83	4,50	4,17	3,84	12,49
17/08/2022 11:55:00	12,32	11,97	11,51	11,06	10,63	10,12	9,67	9,27	8,81	8,31	7,72	7,20	6,67	6,23	5,79	5,42	5,06	4,73	4,40	4,07	3,74	12,55
17/08/2022 12:00:00	12,48	12,22	11,71	11,23	10,83	10,31	9,77	9,22	8,78	8,30	7,72	7,19	6,66	6,21	5,75	5,38	5,00	4,66	4,32	3,98	3,65	12,89
17/08/2022 12:05:00	12,71	12,43	11,97	11,47	10,93	10,49	10,00	9,44	8,94	8,44	7,96	7,50	7,04	6,63	6,21	5,84	5,46	5,12	4,78	4,46	4,13	13,06
17/08/2022 12:10:00	12,92	12,59	12,18	11,73	11,22	10,68	10,16	9,64	9,17	8,69	8,16	7,67	7,19	6,76	6,33	5,96	5,59	5,25	4,92	4,60	4,27	13,35
17/08/2022 12:15:00	13,36	13,08	12,65	12,15	11,58	11,02	10,44	9,84	9,35	8,85	8,24	7,70	7,16	6,70	6,23	5,84	5,46	5,11	4,77	4,44	4,11	13,43
17/08/2022 12:20:00	13,79	13,31	12,80	12,28	11,79	11,23	10,68	10,16	9,59	8,98	8,29	7,67	7,05	6,52	6,00	5,58	5,16	4,77	4,39	4,01	3,64	14,04
17/08/2022 12:25:00	13,70	13,37	12,87	12,36	11,85	11,28	10,71	10,11	9,52	8,91	8,27	7,67	7,08	6,57	6,05	5,63	5,20	4,81	4,42	4,04	3,67	14,39
17/08/2022 12:30:00	13,97	13,60	13,12	12,58	11,96	11,38	10,78	10,16	9,61	9,05	8,36	7,74	7,13	6,62	6,11	5,69	5,28	4,91	4,55	4,19	3,84	14,34
17/08/2022 12:35:00	14,25	13,78	13,21	12,59	11,97	11,40	10,83	10,20	9,60	8,98	8,37	7,81	7,25	6,76	6,28	5,86	5,44	5,07	4,70	4,33	3,97	14,32
17/08/2022 12:40:00	14,22	13,77	13,05	12,35	11,73	11,06	10,42	9,79	9,17	8,58	8,17	7,77	7,37	6,97	6,58	6,19	5,81	5,46	5,12	4,79	4,46	14,82
17/08/2022 12:45:00	14,15	13,86	13,26	12,59	11,86	11,21	10,60	10,03	9,45	8,87	8,33	7,85	7,37	6,95	6,52	6,15	5,77	5,43	5,10	4,78	4,46	14,59
17/08/2022 12:50:00	14,05	13,59	13,03	12,43	11,78	11,18	10,59	10,01	9,46	8,90	8,32	7,79	7,27	6,81	6,35	5,97	5,58	5,23	4,88	4,55	4,21	14,90
17/08/2022 12:55:00	13,85	13,36	12,85	12,29	11,67	11,08	10,52	9,99	9,43	8,85	8,29	7,78	7,26	6,81	6,36	5,97	5,58	5,23	4,87	4,53	4,19	14,07
17/08/2022 13:00:00	13,66	13,27	12,76	12,23	11,68	11,13	10,54	9,91	9,35	8,78	8,22	7,70	7,18	6,71	6,24	5,83	5,42	5,05	4,68	4,33	3,97	14,06
17/08/2022 13:05:00	13,70	13,21	12,68	12,15	11,63	11,04	10,51	10,03	9,45	8,84	8,22	7,66	7,09	6,61	6,12	5,71	5,31	4,94	4,57	4,21	3,85	14,02
17/08/2022 13:10:00	13,91	13,47	12,97	12,41	11,75	11,15	10,57	10,01	9,45	8,86	8,23	7,66	7,09	6,61	6,13	5,73	5,33	4,98	4,62	4,28	3,94	14,29
17/08/2022 13:15:00	13,98	13,66	13,10	12,49	11,85	11,18	10,57	10,01	9,40	8,78	8,15	7,59	7,03	6,55	6,07	5,66	5,26	4,90	4,54	4,19	3,85	14,79
17/08/2022 13:20:00	13,86	13,53	13,00	12,42	11,77	11,19	10,57	9,90	9,34	8,79	8,22	7,69	7,17	6,70	6,24	5,84	5,44	5,08	4,73	4,39	4,05	14,56
17/08/2022 13:25:00	13,49	12,99	12,48	11,96	11,42	10,77	10,16	9,58	9,03	8,46	7,85	7,29	6,73	6,25	5,77	5,36	4,95	4,59	4,24	3,89	3,55	13,95
17/08/2022 13:30:00	13,38	12,98	12,47	11,93	11,37	10,76	10,17	9,58	9,02	8,43	7,77	7,18	6,59	6,09	5,58	5,17	4,76	4,40	4,03	3,68	3,33	13,77
17/08/2022 13:35:00	13,29	12,85	12,33	11,78	11,19	10,55	9,96	9,41	8,84	8,24	7,62	7,06	6,49	6,01	5,53	5,13	4,73	4,37	4,02	3,68	3,34	13,84
17/08/2022 13:40:00	13,59	13,14	12,62	12,06	11,46	10,89	10,32	9,73	9,17	8,59	7,95	7,38	6,80	6,31	5,82	5,42	5,01	4,65	4,29	3,94	3,59	13,78
17/08/2022 13:45:00	13,42	12,97	12,43	11,88	11,36	10,80	10,25	9,68	9,18	8,66	8,04	7,48	6,92	6,44	5,97	5,58	5,19	4,84	4,49	4,15	3,81	13,59
17/08/2022 13:50:00	13,57	13,09	12,53	11,95	11,39	10,82	10,27	9,72	9,19	8,66	8,13	7,64	7,15	6,72	6,29	5,91	5,53	5,19	4,85	4,51	4,18	13,55
17/08/2022 13:55:00	13,64	13,24	12,65	12,01	11,34	10,75	10,19	9,65	9,05	8,47	8,02	7,59	7,17	6,77	6,37	5,99	5,62	5,28	4,95	4,63	4,31	13,73
17/08/2022 14:00:00	13,72	13,16	12,55	11,96	11,38	10,75	10,15	9,58	8,98	8,39	7,91	7,45	6,99	6,56	6,13	5,74	5,34	4,99	4,63	4,30	3,96	13,88
17/08/2022 14:05:00	13,65	13,06	12,54	12,01	11,44	10,92	10,38	9,82	9,30	8,75	8,12	7,55	6,98	6,50	6,02	5,62	5,23	4,87	4,51	4,16	3,81	13,81
17/08/2022 14:10:00	13,36	12,98	12,56	12,07	11,48	10,93	10,38	9,82	9,26	8,67	8,03	7,45	6,86	6,37	5,87	5,46	5,05	4,69	4,33	3,97	3,62	13,86
17/08/2022 14:15:00	13,35	13,01	12,44	11,81	11,15	10,57	10,01	9,43	8,85	8,27	7,75	7,27	6,79	6,36	5,93	5,55	5,16	4,82	4,48	4,16	3,84	13,47
17/08/2022 14:20:00	13,31	12,97	12,44	11,89	11,32	10,72	10,09	9,45	8,92	8,37	7,76	7,20	6,64	6,16	5,68	5,28	4,87	4,52	4,17	3,83	3,49	13,42
17/08/2022 14:25:00	13,40	12,85	12,26	11,68	11,15	10,53	9,96	9,48	8,97	8,44	7,92	7,45	6,97	6,55	6,13	5,77	5,40	5,07	4,74	4,42	4,10	13,70
17/08/2022 14:30:00	13,36	12,93	12,41	11,84	11,22	10,58	9,95	9,33	8,81	8,27	7,64	7,07	6,50	6,02	5,55	5,15	4,76	4,42	4,08	3,76	3,44	13,66
17/08/2022 14:35:00	13,25	12,88	12,37	11,82	11,21	10,58	9,97	9,37	8,80	8,23	7,69	7,18	6,68	6,23	5,78	5,38	4,99	4,64	4,30	3,97	3,64	13,52
17/08/2022 14:40:00	13,11	12,52	11,92	11,29	10,63	10,07	9,57	9,12	8,60	8,07	7,56	7,10	6,65	6,25	5,85	5,50	5,16	4,85	4,54	4,23	3,93	13,33
17/08/2022 14:45:00	12,84	12,28	11,71	11,17	10,70	10,14	9,62	9,14	8,67	8,17	7,65	7,17	6,69	6,27	5,85	5,49	5,13	4,80	4,47	4,15	3,83	13,86
17/08/2022 14:50:00	12,64	12,28	11,67	11,07	10,55	9,99	9,46	8,96	8,42	7,89	7,39	6,93	6,47	6,06	5,65	5,28	4,92	4,59	4,26	3,95	3,63	12,41
17/08/2022 14:55:00	12,70	12,28	11,79	11,23	10,58	10,01	9,50	9,03	8,50	7,97	7,43	6,94	6,45	6,03	5,61	5,25	4,89	4,58	4,26	3,96	3,65	12,80
17/08/2022 15:00:00	12,60	12,28	11,75	11,15	10,48	9,92	9,38	8,85	8,36	7,88	7,39	6,95	6,52	6,13	5,75	5,41	5,06	4,76	4,46	4,18	3,90	12,68
17/08/2022 15:05:00	12,62	12,29	11,72	11,11	10,48	9,91	9,38	8,86	8,35	7,86	7,40	6,97	6,55	6,17	5,79	5,44	5,10	4,79	4,49	4,20	3,91	12,54
17/08/2022 15:10:00	12,44	11,98	11,50	11,05	10,64	10,10	9,58	9,09	8,60	8,08	7,55	7,05	6,54	6,10	5,66	5,28	4,89	4,55	4,20	3,87	3,53	12,52
17/08/2022 15:15:00	12,46	12,10	11,52	10,96	10,47	9,93	9,42	8,93	8,47	8,02	7,55	7,12	6,70	6,31	5,93	5,59	5,24	4,93	4,62	4,33	4,03	12,46
17/08/2022 15:20:00	12,70	12,11	11,55	11,00	10,48	9,92	9,41	8,95	8,50	8,04	7,58	7,15	6,72	6,34	5,96	5,62	5,28	4,98	4,67	4,38	4,08	12,51
17/08/2022 15:25:00	12,68	12,23	11,72	11,19	10,68	10,15	9,62	9,09	8,56	8,07	7,67	7,28	6,88	6,50	6,13	5,76	5,39	5,06	4,74	4,42	4,11	12,61
17/08/2022 15:30:00	13,02	12,50	11,95	11,38	10,80	10,32	9,84	9,35	8,89	8,40	7,86	7,38	6,89	6,48	6,06	5,71	5,36	5,04	4,72	4,40	4,09	13,18
17/08/2022 15:35:00	13,11	12,74	12,35	11,85	11,16	10,59	10,03	9,46	8,95	8,43	7,87	7,36	6,85	6,41	5,97	5,60	5,22	4,89	4,57	4,26	3,95	13,59
17/08/2022 15:40:00	13,22	12,70	12,12	11,53	10,95	10,44	9,95	9,49	8,97	8,46	8,06	7,67	7,29	6,92	6,56	6,21	5,86	5,54	5,22	4,91	4,60	13,02
17/08/2022 15:45:00	13,11	12,72	12,21	11,68	11,13	10,60	10,11	9,65	9,16	8,65	8,15	7,68	7,22	6,81	6,40	6,05	5,69	5,36	5,03	4,71	4,39	13,37
17/08/2022 15:50:00	13,29	12,88	12,34	11,78	11,19	10,62	10,11	9,63	9,10	8,56	8,03	7,55	7,07	6,65	6,23	5,86	5,49	5,16	4,82	4,50	4,18	13,01
17/08/2022 15:55:00	13,34	12,89	12,32	11,72	11,12	10,57	10,03	9,49	8,99	8,49	8,01	7,56	7,12	6,72	6,32	5,97	5,61	5,28	4,96	4,65	4,34	13,25
17/08/2022 16:00:00	13,02	12,53	12,00	11,45	10,88	10,40	9,91	9,40	8,92	8,45	8,03	7,62	7,22	6,85	6,47	6,12	5,77	5,46	5,14	4,83	4,52	13,03
17/08/2022 16:05:00	12,77	12,40	12,00	11,57	11,12	10,60	10,15	9,78	9,42	9,05	8,63	8,26	7,88	7,54	7,20	6,88	6,57	6,27	5,98	5,69	5,40	12,59
17/08/2022 16:10:00	12,38	12,11	11,70	11,33	11,05	10,72	10,37	10,03	9,70	9,39	9,15	8,89	8,63	8,35	8,07	7,76	7,45	7,15	6,85	6,55	6,24	12,45
17/08/2022 16:15:00	12,37	12,13	11,73	11,35	11,02	10,65	10,27	9,91	9,62	9,34	9,04	8,76	8,47	8,19	7,90	7,60	7,31	7,02	6,73	6,45	6,16	12,32
17/08/2022 16:20:00	12,43	12,02	11,74	11,43	11,03	10,71	10,43	10,19	9,84	9,49	9,19	8,90	8,60	8,31	8,01	7,71	7,40	7,11	6,81	6,51	6,21	12,37
17/08/2022 16:25:00	12,51	12,38	12,08	11,69	11,21	10,76	10,36	9,98	9,64	9,31	8,98	8,68	8,38	8,08	7,78	7,48	7,17	6,89	6,61	6,33	6,06	12,54
17/08/2022 16:30:00	12,61	12,41	12,02	11,66	11,35	10,96	10,58	10,24	9,95	9,65	9,29	8,96	8,62	8,31	8,00	7,69	7,38	7,09	6,79	6,49	6,19	12,80
17/08/2022 16:35:00	12,77	12,46	12,14	11,77	11,33	10,93	10,53	10,12	9,75	9,38	9,05	8,71	8,38	8,06	7,73	7,40	7,07	6,77	6,46	6,15	5,85	12,69
17/08/2022 16:40:00	12,62	12,47	12,09	11,67	11,22	10,81	10,37	9,91	9,54	9,17	8,77	8,40	8,03	7,68	7,33	7,00	6,67	6,36	6,05	5,75	5,44	12,70
17/08/2022 16:45:00	12,79	12,53	12,14	11,73	11,28	10,85	10,42	9,98	9,56	9,15	8,71	8,30	7,88	7,51	7,13	6,79	6,44	6,12	5,79	5,48	5,16	12,76
17/08/2022 16:50:00	12,68	12,45	12,04	11,60	11,12	10,58	10,10	9,66	9,18	8,71	8,30	7,90	7,51	7,14	6,76	6,41	6,05	5,73	5,41	5,10	4,79	12,81
17/08/2022 16:55:00	12,74	12,28	11,87	11,41	10,89	10,42	9,97	9,50	9,10	8,69	8,20	7,75	7,31	6,92	6,53	6,19	5,85	5,54	5,23	4,92	4,62	12,70
17/08/2022 17:00:00	12,59	12,26	11,74	11,26	10,87	10,36	9,87	9,38	8,97	8,55	8,07	7,63	7,19	6,80	6,41	6,06	5,71	5,39	5,06	4,75	4,43	12,58
17/08/2022 17:05:00	12,45	12,10	11,57	11,00	10,42	9,98	9,54	9,09	8,70	8,31	7,83	7,42	7,01	6,65	6,29	5,98	5,67	5,39	5,10	4,82	4,55	12,38
17/08/2022 17:10:00	12,15	11,84	11,36	10,90	10,50	9,97	9,48	9,03	8,65	8,28	7,90	7,54	7,18	6,84	6,50	6,17	5,85	5,55	5,26	4,97	4,69	12,07
17/08/2022 17:15:00	12,01	11,75	11,33	10,84	10,27	9,81	9,38	8,95	8,49	8,06	7,69	7,34	6,99	6,66	6,32	6,00	5,67	5,37	5,08	4,80	4,51	12,05
17/08/2022 17:20:00	12,09	11,80	11,30	10,81	10,35	9,79	9,27	8,81	8,37	7,92	7,46	7,03	6,61	6,23	5,84	5,50	5,16	4,85	4,55	4,25	3,96	12,22
17/08/2022 17:25:00	12,23	11,92	11,48	10,97	10,38	9,90	9,42	8,94	8,48	8,03	7,58	7,17	6,75	6,38	6,00	5,67	5,33	5,03	4,73	4,44	4,15	12,27
17/08/2022 17:30:00	12,33	11,92	11,43	10,92	10,41	9,92	9,43	8,92	8,46	8,02	7,61	7,22	6,83	6,46	6,10	5,75	5,41	5,10	4,79	4,49	4,19	12,35
17/08/2022 17:35:00	12,37	12,06	11,57	11,07	10,58	10,10	9,61	9,12	8,61	8,12	7,68	7,26	6,84	6,45	6,07	5,70	5,34	5,01	4,68	4,36	4,04	12,51
17/08/2022 17:40:00	12,57	12,22	11,64	11,07	10,56	10,05	9,58	9,14	8,69	8,24	7,80	7,39	6,99	6,62	6,26	5,93	5,60	5,30	4,99	4,70	4,40	12,75
17/08/2022 17:45:00	12,63	12,28	11,74	11,20	10,72	10,23	9,75	9,28	8,78	8,29	7,86	7,45	7,04	6,66	6,28	5,92	5,57	5,24	4,92	4,60	4,29	12,74
17/08/2022 17:50:00	12,79	12,42	11,92	11,42	10,96	10,40	9,86	9,36	8,87	8,36	7,83	7,35	6,86	6,43	6,00	5,63	5,25	4,92	4,58	4,25	3,93	12,85
17/08/2022 17:55:00	12,96	12,47	11,91	11,39	10,94	10,42	9,94	9,47	9,01	8,53	7,99	7,50	7,01	6,59	6,16	5,80	5,44	5,11	4,77	4,45	4,12	12,88
17/08/2022 18:00:00	12,93	12,56	12,14	11,66	11,10	10,55	10,03	9,54	9,01	8,47	7,95	7,46	6,97	6,54	6,11	5,73	5,35	5,01	4,67	4,35	4,02	12,88
17/08/2022 18:05:00	13,01	12,58	12,07	11,54	11,00	10,54	10,07	9,58	9,08	8,58	8,06	7,58	7,11	6,69	6,27	5,90	5,54	5,20	4,86	4,54	4,21	12,95
17/08/2022 18:10:00	12,94	12,64	12,10	11,55	11,02	10,54	10,03	9,45	8,94	8,43	7,92	7,44	6,97	6,54	6,12	5,74	5,36	5,02	4,68	4,35	4,02	12,94
17/08/2022 18:15:00	12,92	12,50	12,00	11,49	10,97	10,42	9,89	9,37	8,86	8,34	7,84	7,37	6,90	6,47	6,05	5,68	5,30	4,96	4,63	4,30	3,98	12,94
17/08/2022 18:20:00	13,09	12,67	12,17	11,66	11,16	10,61	10,08	9,56	9,10	8,63	8,09	7,60	7,11	6,68	6,26	5,89	5,53	5,20	4,87	4,55	4,23	12,97
17/08/2022 18:25:00	13,00	12,54	12,03	11,51	11,00	10,52	10,04	9,55	9,12	8,68	8,14	7,66	7,18	6,77	6,36	6,01	5,65	5,33	5,01	4,69	4,37	12,95
17/08/2022 18:30:00	13,01	12,62	12,09	11,59	11,15	10,66	10,19	9,73	9,25	8,75	8,25	7,79	7,33	6,92	6,51	6,14	5,77	5,43	5,09	4,75	4,42	12,99
17/08/2022 18:35:00	12,89	12,51	12,05	11,54	10,95	10,48	10,00	9,49	9,05	8,59	8,02	7,52	7,02	6,60	6,17	5,82	5,47	5,15	4,83	4,51	4,20	12,92
17/08/2022 18:40:00	12,86	12,53	12,08	11,60	11,09	10,50	9,95	9,47	8,94	8,42	7,98	7,55	7,12	6,72	6,33	5,95	5,58	5,25	4,92	4,60	4,28	12,92
17/08/2022 18:45:00	12,89	12,50	12,03	11,56	11,15	10,64	10,18	9,76	9,27	8,76	8,22	7,73	7,23	6,80	6,37	6,00	5,62	5,28	4,93	4,59	4,25	12,96
17/08/2022 18:50:00	12,91	12,61	12,17	11,65	11,05	10,56	10,04	9,48	8,96	8,46	8,01	7,59	7,16	6,77	6,37	6,00	5,63	5,30	4,97	4,65	4,34	12,96
17/08/2022 18:55:00	12,84	12,56	12,06	11,53	10,97	10,53	10,08	9,60	9,12	8,62	8,08	7,60	7,12	6,70	6,29	5,93	5,57	5,24	4,91	4,58	4,26	12,89
17/08/2022 19:00:00	12,82	12,49	12,02	11,52	11,03	10,53	10,06	9,62	9,14	8,65	8,17	7,72	7,27	6,87	6,47	6,11	5,75	5,42	5,09	4,77	4,45	12,85
17/08/2022 19:05:00	12,75	12,52	12,05	11,51	10,92	10,42	9,93	9,43	8,88	8,34	7,90	7,48	7,06	6,67	6,28	5,91	5,54	5,21	4,88	4,56	4,24	12,81
17/08/2022 19:10:00	12,77	12,48	12,03	11,54	11,02	10,45	9,92	9,44	8,92	8,41	7,97	7,55	7,13	6,74	6,35	5,99	5,62	5,29	4,96	4,65	4,33	12,81
17/08/2022 19:15:00	12,80	12,55	12,07	11,55	11,02	10,57	10,10	9,58	9,06	8,55	8,11	7,68	7,25	6,86	6,46	6,09	5,72	5,38	5,05	4,72	4,39	12,89
17/08/2022 19:20:00	12,88	12,48	12,06	11,63	11,19	10,70	10,23	9,77	9,26	8,74	8,26	7,81	7,35	6,93	6,52	6,13	5,75	5,40	5,05	4,71	4,36	12,96
17/08/2022 19:25:00	12,84	12,53	12,07	11,56	10,99	10,55	10,11	9,63	9,18	8,69	8,09	7,56	7,03	6,59	6,15	5,79	5,43	5,11	4,78	4,45	4,13	12,83
17/08/2022 19:30:00	12,75	12,47	12,06	11,61	11,14	10,67	10,18	9,66	9,15	8,64	8,13	7,65	7,16	6,73	6,30	5,91	5,52	5,17	4,82	4,48	4,13	12,79
17/08/2022 19:35:00	12,75	12,44	12,01	11,55	11,06	10,63	10,16	9,64	9,16	8,67	8,20	7,76	7,31	6,90	6,49	6,12	5,75	5,40	5,06	4,73	4,40	12,80
17/08/2022 19:40:00	12,82	12,38	11,97	11,50	10,97	10,50	10,06	9,66	9,20	8,72	8,23	7,78	7,33	6,93	6,54	6,18	5,83	5,51	5,19	4,88	4,56	12,74
17/08/2022 19:45:00	12,76	12,43	11,97	11,51	11,06	10,61	10,15	9,65	9,21	8,74	8,22	7,73	7,25	6,83	6,41	6,04	5,67	5,34	5,00	4,66	4,33	12,72
17/08/2022 19:50:00	12,83	12,45	11,98	11,48	10,97	10,52	10,09	9,66	9,18	8,68	8,17	7,71	7,25	6,84	6,43	6,07	5,72	5,39	5,06	4,73	4,40	12,84
17/08/2022 19:55:00	12,86	12,39	11,94	11,49	11,05	10,58	10,15	9,75	9,32	8,85	8,33	7,86	7,39	6,98	6,57	6,21	5,86	5,53	5,20	4,87	4,55	12,87
17/08/2022 20:00:00	12,89	12,70	12,20	11,65	11,10	10,59	10,10	9,62	9,14	8,66	8,15	7,70	7,24	6,84	6,44	6,09	5,74	5,42	5,10	4,79	4,48	12,83
17/08/2022 20:05:00	12,77	12,52	12,06	11,57	11,05	10,55	10,06	9,57	9,08	8,60	8,11	7,67	7,22	6,82	6,41	6,05	5,69	5,36	5,03	4,71	4,39	12,79
17/08/2022 20:10:00	12,81	12,52	12,02	11,52	11,04	10,57	10,08	9,57	9,16	8,74	8,23	7,78	7,32	6,92	6,52	6,18	5,83	5,51	5,19	4,88	4,57	12,75
17/08/2022 20:15:00	12,62	12,30	11,89	11,44	10,96	10,44	9,98	9,58	9,15	8,70	8,17	7,70	7,22	6,82	6,41	6,07	5,72	5,41	5,09	4,78	4,48	12,62
17/08/2022 20:20:00	12,55	12,29	11,83	11,35	10,88	10,38	9,86	9,30	8,85	8,40	7,95	7,52	7,09	6,69	6,30	5,93	5,57	5,24	4,91	4,60	4,28	12,55
17/08/2022 20:25:00	12,53	12,20	11,77	11,30	10,77	10,29	9,81	9,31	8,85	8,38	7,88	7,42	6,95	6,54	6,14	5,78	5,42	5,09	4,77	4,45	4,14	12,49
17/08/2022 20:30:00	12,48	12,11	11,69	11,29	10,91	10,42	9,94	9,49	9,04	8,56	8,06	7,58	7,11	6,69	6,26	5,89	5,52	5,18	4,84	4,50	4,17	12,49
17/08/2022 20:35:00	12,46	12,19	11,73	11,27	10,84	10,41	9,93	9,40	9,02	8,63	8,16	7,72	7,29	6,90	6,51	6,17	5,82	5,50	5,19	4,87	4,56	12,47
17/08/2022 20:40:00	12,39	12,08	11,72	11,36	11,00	10,53	10,07	9,60	9,09	8,57	8,08	7,60	7,12	6,68	6,24	5,84	5,45	5,08	4,72	4,37	4,01	12,44
17/08/2022 20:45:00	12,49	12,24	11,77	11,32	10,92	10,47	10,02	9,59	9,10	8,59	8,10	7,63	7,17	6,76	6,34	5,97	5,59	5,25	4,90	4,56	4,22	12,47
17/08/2022 20:50:00	12,53	12,13	11,69	11,23	10,76	10,25	9,76	9,31	8,91	8,49	7,97	7,51	7,05	6,65	6,25	5,90	5,56	5,25	4,94	4,64	4,34	12,47
17/08/2022 20:55:00	12,41	12,03	11,64	11,23	10,79	10,29	9,84	9,43	8,98	8,48	7,88	7,34	6,80	6,35	5,90	5,53	5,16	4,82	4,49	4,16	3,83	12,43
17/08/2022 21:00:00	12,30	11,93	11,46	11,01	10,61	10,17	9,72	9,24	8,77	8,29	7,81	7,35	6,89	6,48	6,06	5,69	5,32	4,98	4,64	4,31	3,97	12,34
17/08/2022 21:05:00	12,26	12,02	11,55	11,08	10,63	10,21	9,74	9,19	8,74	8,28	7,76	7,27	6,79	6,36	5,94	5,57	5,20	4,87	4,53	4,20	3,87	12,28
17/08/2022 21:10:00	12,23	11,98	11,51	11,03	10,58	10,17	9,73	9,24	8,82	8,37	7,82	7,34	6,85	6,43	6,01	5,66	5,30	4,97	4,65	4,33	4,01	12,20
17/08/2022 21:15:00	12,16	11,76	11,34	10,92	10,48	10,02	9,56	9,09	8,69	8,24	7,71	7,23	6,75	6,33	5,92	5,56	5,21	4,89	4,57	4,25	3,93	12,14
17/08/2022 21:20:00	12,26	11,74	11,38	10,99	10,52	9,99	9,52	9,11	8,71	8,26	7,70	7,20	6,70	6,28	5,86	5,51	5,16	4,84	4,53	4,22	3,92	12,10
17/08/2022 21:25:00	12,15	11,86	11,51	11,09	10,58	10,22	9,81	9,34	8,82	8,28	7,74	7,24	6,74	6,29	5,85	5,46	5,08	4,73	4,38	4,03	3,69	12,09
17/08/2022 21:30:00	12,15	11,70	11,29	10,89	10,51	10,00	9,56	9,17	8,71	8,22	7,75	7,29	6,84	6,43	6,03	5,67	5,30	4,97	4,64	4,32	3,99	11,99
17/08/2022 21:35:00	11,93	11,76	11,32	10,86	10,40	9,95	9,50	9,05	8,59	8,12	7,63	7,19	6,74	6,34	5,94	5,58	5,23	4,91	4,59	4,28	3,97	11,89
17/08/2022 21:40:00	11,69	11,41	10,99	10,59	10,20	9,70	9,21	8,73	8,35	7,96	7,52	7,11	6,70	6,32	5,95	5,61	5,27	4,96	4,66	4,37	4,07	11,90
17/08/2022 21:45:00	11,76	11,47	11,06	10,69	10,34	9,95	9,56	9,16	8,70	8,23	7,75	7,29	6,83	6,42	6,01	5,65	5,28	4,94	4,61	4,27	3,93	11,78
17/08/2022 21:50:00	11,59	11,35	10,99	10,63	10,28	9,84	9,41	8,98	8,47	8,00	7,66	7,29	6,93	6,56	6,20	5,83	5,46	5,12	4,79	4,46	4,13	11,61
17/08/2022 21:55:00	11,43	11,24	10,89	10,55	10,23	9,84	9,37	8,85	8,43	7,98	7,49	7,02	6,55	6,13	5,70	5,33	4,95	4,61	4,27	3,93	3,60	11,39
17/08/2022 22:00:00	11,31	10,99	10,77	10,47	10,04	9,62	9,21	8,81	8,36	7,87	7,35	6,87	6,38	5,95	5,52	5,16	4,79	4,46	4,13	3,81	3,48	11,33
17/08/2022 22:05:00	11,21	10,99	10,66	10,31	9,95	9,49	9,10	8,78	8,33	7,85	7,33	6,86	6,39	5,98	5,57	5,22	4,86	4,54	4,23	3,91	3,60	11,23
17/08/2022 22:10:00	11,13	11,03	10,66	10,27	9,87	9,41	8,97	8,55	8,11	7,68	7,27	6,88	6,48	6,12	5,75	5,41	5,07	4,76	4,45	4,16	3,86	11,15
17/08/2022 22:15:00	11,04	10,93	10,61	10,24	9,81	9,36	8,95	8,54	8,10	7,65	7,22	6,80	6,39	6,01	5,64	5,29	4,95	4,64	4,33	4,04	3,74	11,11
17/08/2022 22:20:00	11,20	10,90	10,61	10,29	9,93	9,56	9,22	8,91	8,46	7,98	7,49	7,02	6,56	6,15	5,74	5,38	5,03	4,70	4,38	4,05	3,73	11,10
17/08/2022 22:25:00	11,05	10,97	10,57	10,16	9,75	9,35	8,96	8,60	8,17	7,75	7,34	6,96	6,58	6,23	5,88	5,55	5,23	4,93	4,63	4,34	4,05	11,10
17/08/2022 22:30:00	11,10	10,88	10,53	10,18	9,83	9,49	9,12	8,71	8,32	7,89	7,39	6,94	6,48	6,08	5,68	5,33	4,98	4,66	4,34	4,03	3,71	11,18
17/08/2022 22:35:00	11,15	11,00	10,65	10,30	9,97	9,57	9,18	8,77	8,32	7,86	7,40	6,97	6,53	6,13	5,73	5,37	5,01	4,68	4,35	4,03	3,70	11,20
17/08/2022 22:40:00	11,11	10,90	10,56	10,22	9,92	9,57	9,19	8,76	8,30	7,85	7,44	7,03	6,62	6,23	5,84	5,47	5,10	4,77	4,43	4,10	3,77	11,11
17/08/2022 22:45:00	11,12	10,80	10,52	10,21	9,86	9,52	9,13	8,68	8,27	7,86	7,44	7,03	6,62	6,24	5,86	5,50	5,14	4,82	4,49	4,17	3,86	11,06
17/08/2022 22:50:00	11,02	10,67	10,26	9,89	9,56	9,13	8,75	8,41	8,03	7,65	7,24	6,86	6,48	6,13	5,78	5,46	5,13	4,84	4,55	4,26	3,96	11,09
17/08/2022 22:55:00	10,89	10,74	10,28	9,86	9,54	9,07	8,65	8,28	7,87	7,46	7,03	6,63	6,24	5,88	5,52	5,19	4,86	4,56	4,26	3,97	3,68	11,05
17/08/2022 23:00:00	11,01	10,70	10,35	9,94	9,46	9,03	8,61	8,18	7,80	7,40	6,93	6,50	6,08	5,70	5,33	5,00	4,68	4,39	4,11	3,83	3,55	11,00
17/08/2022 23:05:00	11,18	10,74	10,21	9,74	9,35	8,90	8,47	8,06	7,71	7,35	6,92	6,54	6,15	5,81	5,46	5,15	4,84	4,56	4,28	4,01	3,73	11,13
17/08/2022 23:10:00	11,09	10,66	10,27	9,90	9,54	9,14	8,75	8,36	7,98	7,57	7,07	6,61	6,16	5,76	5,36	5,03	4,69	4,39	4,08	3,78	3,47	11,08
17/08/2022 23:15:00	11,04	10,60	10,19	9,79	9,40	8,96	8,53	8,08	7,72	7,34	6,88	6,46	6,04	5,67	5,30	4,97	4,64	4,35	4,06	3,77	3,48	10,99
17/08/2022 23:20:00	10,81	10,57	10,16	9,74	9,36	8,84	8,42	8,06	7,60	7,18	6,83	6,49	6,15	5,81	5,48	5,15	4,82	4,53	4,24	3,96	3,69	10,87
17/08/2022 23:25:00	10,70	10,29	9,87	9,51	9,23	8,83	8,45	8,07	7,66	7,27	6,91	6,55	6,18	5,84	5,49	5,15	4,82	4,51	4,21	3,91	3,61	10,74
17/08/2022 23:30:00	10,61	10,28	9,89	9,52	9,17	8,78	8,39	8,01	7,66	7,28	6,85	6,45	6,06	5,70	5,34	5,02	4,70	4,41	4,12	3,84	3,56	10,60
17/08/2022 23:35:00	10,56	10,12	9,78	9,43	9,07	8,67	8,28	7,92	7,50	7,09	6,71	6,34	5,97	5,61	5,26	4,93	4,59	4,30	4,00	3,71	3,42	10,55
17/08/2022 23:40:00	10,58	10,19	9,80	9,40	8,99	8,63	8,29	7,95	7,48	7,03	6,64	6,27	5,89	5,53	5,18	4,84	4,51	4,21	3,91	3,61	3,32	10,60
17/08/2022 23:45:00	10,48	10,20	9,82	9,42	8,99	8,62	8,24	7,84	7,42	7,02	6,66	6,31	5,96	5,63	5,29	4,97	4,65	4,36	4,07	3,79	3,51	10,55
17/08/2022 23:50:00	10,48	10,08	9,72	9,36	8,98	8,67	8,29	7,84	7,47	7,10	6,72	6,35	5,97	5,62	5,27	4,94	4,61	4,31	4,02	3,72	3,43	10,45
17/08/2022 23:55:00	10,27	9,97	9,64	9,28	8,90	8,44	8,03	7,67	7,24	6,81	6,41	6,02	5,64	5,28	4,91	4,58	4,25	3,96	3,67	3,39	3,10	10,39
