FileFormat:0002.2 file with temperature of atmosphere
SN105HE102 RTK
local	GMT or Local
0	GMT-Local=[hours]
20	Height[m]
0	0	0	Longitude                [grd]               [min]               [sec]
0	0	0	Latitude                [grd]               [min]               [sec]
N	NS
56,45	Freq[GHz]
0,00	dTemostat[K]
0,150	MessErr[K]
0,248	//[grad/step]
version 14.4.20120406
MTP5HE102F5645K-38.60I70D222917+A1.1
Commentary:
SN105HE102
парабола ДНА = 2,5 град
НЕ102 - ПУ - ХВБ с ЦСД " S "
АЦП - 202 - 09 с контр.U пит.и М
оптопара серии - 2
Т out № 178 пл
БП LPS - 112
End Of Commentary

SYSTEM\summer.dat
data time	0	50	100	150	200	250	300	350	400	450	500	550	600	650	700	750	800	850	900	950	1000	OutsideTemperature
06/04/2022 00:00:00	8,49	8,71	9,08	9,50	9,94	10,36	10,71	11,02	11,14	11,31	11,56	11,69	11,83	11,82	11,81	11,63	11,46	11,22	10,99	10,70	10,42	8,54
06/04/2022 00:05:00	8,41	8,50	8,83	9,25	9,72	10,29	10,67	10,95	11,26	11,51	11,70	11,82	11,94	11,94	11,93	11,80	11,66	11,44	11,23	10,96	10,69	8,28
06/04/2022 00:10:00	8,31	8,60	8,89	9,33	9,92	10,30	10,66	11,03	11,28	11,53	11,78	11,93	12,09	12,11	12,13	11,99	11,85	11,63	11,42	11,16	10,89	8,12
06/04/2022 00:15:00	8,21	8,57	9,03	9,51	9,97	10,44	10,84	11,21	11,47	11,71	11,93	12,07	12,21	12,23	12,24	12,10	11,97	11,76	11,55	11,29	11,04	7,83
06/04/2022 00:20:00	8,25	8,54	9,03	9,53	9,99	10,54	10,99	11,38	11,61	11,84	12,06	12,20	12,34	12,34	12,35	12,20	12,06	11,84	11,62	11,35	11,07	8,15
06/04/2022 00:25:00	8,34	8,63	9,12	9,69	10,28	10,73	11,13	11,49	11,75	11,98	12,16	12,24	12,33	12,30	12,27	12,11	11,95	11,71	11,48	11,19	10,90	8,38
06/04/2022 00:30:00	8,42	8,75	9,13	9,58	10,08	10,56	10,95	11,30	11,69	12,00	12,22	12,38	12,54	12,57	12,61	12,50	12,40	12,21	12,03	11,79	11,55	8,78
06/04/2022 00:35:00	8,47	8,68	9,08	9,60	10,18	10,71	11,17	11,60	11,88	12,10	12,24	12,32	12,40	12,38	12,35	12,21	12,06	11,84	11,61	11,32	11,03	8,87
06/04/2022 00:40:00	8,37	8,67	9,05	9,57	10,20	10,60	10,94	11,24	11,51	11,80	12,12	12,31	12,50	12,52	12,55	12,40	12,24	12,02	11,80	11,52	11,25	8,42
06/04/2022 00:45:00	8,27	8,42	8,84	9,36	9,95	10,48	10,94	11,37	11,66	11,93	12,17	12,31	12,46	12,47	12,49	12,36	12,22	12,01	11,79	11,51	11,24	8,08
06/04/2022 00:50:00	8,05	8,35	8,90	9,54	10,22	10,78	11,24	11,66	11,95	12,19	12,38	12,47	12,56	12,53	12,50	12,34	12,18	11,94	11,69	11,39	11,09	8,19
06/04/2022 00:55:00	8,12	8,23	8,75	9,41	10,16	10,77	11,31	11,81	12,05	12,29	12,54	12,67	12,80	12,79	12,79	12,62	12,45	12,20	11,95	11,63	11,31	7,88
06/04/2022 01:00:00	8,14	8,38	8,89	9,53	10,26	10,86	11,37	11,84	12,17	12,44	12,65	12,77	12,89	12,88	12,88	12,73	12,58	12,35	12,11	11,81	11,50	7,77
06/04/2022 01:05:00	8,35	8,77	9,24	9,80	10,41	10,98	11,43	11,83	12,13	12,35	12,49	12,56	12,63	12,60	12,57	12,42	12,27	12,03	11,80	11,50	11,21	7,92
06/04/2022 01:10:00	8,58	8,72	9,15	9,68	10,26	10,78	11,23	11,65	11,89	12,15	12,44	12,61	12,79	12,81	12,84	12,69	12,54	12,31	12,09	11,80	11,51	8,02
06/04/2022 01:15:00	8,67	8,72	9,08	9,56	10,16	10,62	11,09	11,58	11,93	12,20	12,37	12,49	12,60	12,61	12,63	12,51	12,40	12,20	12,00	11,74	11,48	8,06
06/04/2022 01:20:00	8,39	8,63	9,03	9,50	10,00	10,50	10,99	11,49	11,81	12,09	12,32	12,49	12,66	12,71	12,76	12,66	12,56	12,37	12,19	11,94	11,70	7,48
06/04/2022 01:25:00	8,48	8,65	9,02	9,53	10,16	10,73	11,22	11,67	11,96	12,21	12,42	12,54	12,67	12,68	12,68	12,54	12,41	12,19	11,96	11,67	11,38	7,89
06/04/2022 01:30:00	8,51	8,78	9,18	9,69	10,29	10,85	11,30	11,71	12,03	12,30	12,54	12,68	12,83	12,85	12,87	12,74	12,60	12,39	12,17	11,89	11,61	8,25
06/04/2022 01:35:00	8,44	8,56	9,03	9,64	10,36	10,97	11,48	11,92	12,22	12,50	12,74	12,88	13,02	13,03	13,03	12,88	12,73	12,48	12,24	11,93	11,62	8,15
06/04/2022 01:40:00	8,33	8,69	9,13	9,64	10,19	10,76	11,24	11,67	11,92	12,20	12,54	12,76	12,99	13,04	13,10	12,97	12,84	12,63	12,41	12,14	11,87	8,16
06/04/2022 01:45:00	8,42	8,77	9,14	9,64	10,28	10,83	11,26	11,64	11,98	12,26	12,45	12,57	12,68	12,69	12,69	12,56	12,42	12,20	11,98	11,70	11,42	8,00
06/04/2022 01:50:00	8,59	8,71	9,07	9,57	10,21	10,72	11,21	11,68	11,93	12,18	12,46	12,63	12,80	12,83	12,85	12,71	12,58	12,35	12,13	11,84	11,55	7,91
06/04/2022 01:55:00	8,62	8,62	9,00	9,54	10,20	10,91	11,50	12,02	12,32	12,58	12,80	12,94	13,07	13,08	13,09	12,96	12,83	12,60	12,37	12,07	11,76	7,68
06/04/2022 02:00:00	8,67	8,69	8,95	9,45	10,19	10,57	11,00	11,47	11,81	12,12	12,38	12,55	12,72	12,75	12,79	12,67	12,55	12,34	12,14	11,87	11,60	7,90
06/04/2022 02:05:00	8,59	8,68	9,03	9,53	10,16	10,72	11,19	11,61	11,80	12,03	12,32	12,49	12,66	12,67	12,68	12,52	12,36	12,12	11,87	11,57	11,26	7,88
06/04/2022 02:10:00	8,27	8,58	8,93	9,36	9,86	10,38	10,84	11,26	11,58	11,86	12,11	12,28	12,46	12,50	12,55	12,45	12,34	12,15	11,96	11,71	11,46	7,91
06/04/2022 02:15:00	8,27	8,46	8,84	9,33	9,91	10,28	10,64	10,99	11,22	11,45	11,67	11,79	11,92	11,91	11,90	11,74	11,58	11,36	11,13	10,86	10,58	7,88
06/04/2022 02:20:00	8,27	8,42	8,68	9,02	9,42	9,65	9,91	10,20	10,53	10,85	11,14	11,35	11,56	11,63	11,70	11,60	11,50	11,34	11,19	10,99	10,79	7,42
06/04/2022 02:25:00	8,04	8,30	8,54	8,86	9,26	9,70	10,01	10,28	10,60	10,89	11,17	11,37	11,56	11,62	11,67	11,57	11,46	11,29	11,11	10,89	10,67	7,44
06/04/2022 02:30:00	8,00	8,10	8,37	8,74	9,21	9,67	10,05	10,40	10,65	10,87	11,05	11,17	11,28	11,28	11,28	11,14	11,01	10,81	10,61	10,35	10,10	7,42
06/04/2022 02:35:00	7,66	7,74	7,96	8,31	8,77	9,24	9,63	9,98	10,25	10,54	10,87	11,09	11,32	11,38	11,45	11,35	11,24	11,07	10,89	10,66	10,43	7,13
06/04/2022 02:40:00	7,64	7,64	7,99	8,42	8,90	9,31	9,74	10,18	10,48	10,75	11,02	11,20	11,38	11,43	11,48	11,37	11,27	11,10	10,93	10,70	10,47	6,95
06/04/2022 02:45:00	7,03	7,61	8,19	8,79	9,38	9,91	10,31	10,63	10,84	11,01	11,16	11,22	11,28	11,22	11,16	10,98	10,79	10,55	10,30	10,01	9,71	6,82
06/04/2022 02:50:00	7,08	7,57	8,12	8,73	9,36	9,83	10,27	10,69	10,82	10,97	11,15	11,22	11,29	11,24	11,19	11,00	10,81	10,57	10,32	10,01	9,71	6,60
06/04/2022 02:55:00	7,16	7,60	8,14	8,73	9,33	9,85	10,27	10,63	10,82	10,97	11,09	11,12	11,16	11,09	11,02	10,83	10,64	10,40	10,15	9,85	9,55	6,80
06/04/2022 03:00:00	7,15	7,70	8,21	8,70	9,15	9,60	9,91	10,15	10,26	10,42	10,64	10,74	10,85	10,81	10,77	10,58	10,39	10,15	9,91	9,63	9,35	6,76
06/04/2022 03:05:00	7,16	7,40	7,72	8,16	8,71	9,13	9,48	9,81	10,19	10,55	10,91	11,16	11,41	11,50	11,59	11,49	11,39	11,23	11,06	10,85	10,64	7,16
06/04/2022 03:10:00	7,19	7,62	8,15	8,69	9,19	9,59	9,91	10,20	10,44	10,69	10,98	11,15	11,32	11,34	11,36	11,20	11,04	10,83	10,62	10,37	10,12	6,92
06/04/2022 03:15:00	7,11	7,81	8,40	8,93	9,35	9,70	9,98	10,22	10,45	10,61	10,72	10,77	10,81	10,75	10,69	10,52	10,34	10,13	9,91	9,65	9,40	6,94
06/04/2022 03:20:00	7,21	7,88	8,38	8,85	9,30	9,84	10,20	10,46	10,61	10,79	11,01	11,12	11,23	11,21	11,19	11,01	10,83	10,60	10,37	10,09	9,81	6,78
06/04/2022 03:25:00	7,06	7,63	8,22	8,76	9,23	9,52	9,80	10,08	10,30	10,45	10,56	10,59	10,62	10,56	10,49	10,32	10,14	9,92	9,70	9,45	9,19	6,39
06/04/2022 03:30:00	7,21	7,74	8,10	8,45	8,78	9,13	9,46	9,78	10,03	10,27	10,51	10,67	10,84	10,88	10,92	10,81	10,70	10,53	10,37	10,17	9,96	6,60
06/04/2022 03:35:00	7,15	7,78	8,21	8,63	9,01	9,30	9,53	9,73	9,94	10,18	10,44	10,60	10,76	10,77	10,78	10,63	10,48	10,28	10,09	9,87	9,64	6,82
06/04/2022 03:40:00	7,14	7,78	8,23	8,69	9,15	9,42	9,74	10,07	10,25	10,48	10,75	10,93	11,10	11,12	11,15	11,00	10,86	10,66	10,47	10,24	10,00	6,81
06/04/2022 03:45:00	7,40	7,95	8,33	8,68	9,01	9,40	9,69	9,94	10,19	10,35	10,44	10,49	10,53	10,50	10,46	10,32	10,17	9,98	9,79	9,56	9,33	6,83
06/04/2022 03:50:00	7,36	7,86	8,18	8,46	8,69	8,99	9,21	9,38	9,52	9,65	9,78	9,85	9,92	9,88	9,84	9,68	9,52	9,32	9,12	8,89	8,66	6,99
06/04/2022 03:55:00	7,09	7,78	8,19	8,56	8,85	9,18	9,33	9,41	9,56	9,68	9,79	9,83	9,87	9,80	9,73	9,53	9,34	9,12	8,90	8,65	8,40	7,17
06/04/2022 04:00:00	6,86	7,48	7,93	8,31	8,60	8,86	9,09	9,33	9,54	9,71	9,86	9,95	10,04	10,03	10,01	9,86	9,72	9,54	9,36	9,15	8,94	6,72
06/04/2022 04:05:00	6,61	7,34	7,81	8,21	8,50	8,76	9,01	9,25	9,40	9,54	9,69	9,76	9,84	9,81	9,77	9,62	9,46	9,27	9,08	8,86	8,64	6,73
06/04/2022 04:10:00	6,64	7,32	7,79	8,20	8,52	8,78	9,01	9,23	9,34	9,46	9,60	9,66	9,72	9,67	9,62	9,44	9,26	9,05	8,85	8,61	8,37	6,85
06/04/2022 04:15:00	6,56	7,32	7,82	8,19	8,41	8,67	8,83	8,95	9,13	9,28	9,41	9,47	9,54	9,49	9,45	9,29	9,12	8,93	8,74	8,53	8,32	6,60
06/04/2022 04:20:00	6,58	7,35	7,80	8,15	8,36	8,68	8,83	8,93	9,09	9,19	9,26	9,27	9,28	9,20	9,12	8,94	8,76	8,56	8,36	8,14	7,91	6,46
06/04/2022 04:25:00	6,60	7,30	7,80	8,21	8,49	8,76	8,96	9,15	9,32	9,46	9,58	9,64	9,70	9,65	9,60	9,43	9,26	9,07	8,87	8,65	8,43	6,38
06/04/2022 04:30:00	6,37	7,15	7,61	8,06	8,49	8,73	8,91	9,08	9,24	9,50	9,86	10,08	10,31	10,34	10,38	10,21	10,05	9,85	9,66	9,43	9,21	6,32
06/04/2022 04:35:00	6,80	7,35	7,79	8,17	8,44	8,58	8,67	8,75	8,83	8,79	8,67	8,52	8,37	8,18	7,99	7,76	7,53	7,28	7,04	6,78	6,51	6,71
06/04/2022 04:40:00	6,35	7,24	7,79	8,17	8,33	8,50	8,60	8,67	8,59	8,56	8,54	8,46	8,38	8,22	8,06	7,82	7,57	7,32	7,07	6,81	6,55	6,15
06/04/2022 04:45:00	6,85	7,12	7,47	7,71	7,83	7,97	8,07	8,17	8,30	8,35	8,34	8,30	8,26	8,16	8,06	7,88	7,71	7,52	7,34	7,13	6,92	6,40
06/04/2022 04:50:00	6,97	7,60	7,98	8,17	8,14	8,10	8,05	8,00	7,93	7,85	7,77	7,65	7,53	7,35	7,18	6,94	6,71	6,48	6,26	6,04	5,82	6,70
06/04/2022 04:55:00	6,56	7,04	7,34	7,64	7,89	8,05	8,18	8,30	8,37	8,48	8,62	8,67	8,73	8,67	8,62	8,44	8,25	8,05	7,85	7,63	7,40	6,36
06/04/2022 05:00:00	6,58	7,66	8,15	8,47	8,60	8,67	8,65	8,61	8,57	8,62	8,73	8,75	8,77	8,67	8,57	8,34	8,10	7,87	7,64	7,41	7,17	6,57
06/04/2022 05:05:00	6,40	7,36	7,85	8,17	8,31	8,26	8,18	8,10	8,09	8,04	7,96	7,83	7,70	7,51	7,32	7,06	6,81	6,57	6,33	6,09	5,85	6,66
06/04/2022 05:10:00	6,28	7,16	7,58	7,88	8,05	8,04	7,96	7,86	7,84	7,81	7,75	7,63	7,52	7,33	7,15	6,89	6,64	6,40	6,16	5,91	5,67	5,98
06/04/2022 05:15:00	6,62	7,53	7,90	8,14	8,25	8,28	8,25	8,20	8,11	8,02	7,92	7,78	7,64	7,44	7,24	6,99	6,73	6,48	6,23	5,98	5,72	6,26
06/04/2022 05:20:00	6,39	7,48	7,95	8,26	8,39	8,37	8,35	8,31	8,21	8,06	7,85	7,63	7,40	7,15	6,91	6,63	6,35	6,09	5,83	5,57	5,31	6,62
06/04/2022 05:25:00	6,54	7,37	7,56	7,67	7,68	7,79	7,84	7,88	7,91	7,93	7,95	7,94	7,94	7,86	7,77	7,60	7,43	7,25	7,07	6,88	6,69	7,23
06/04/2022 05:30:00	6,81	7,43	7,83	7,97	7,82	7,72	7,63	7,54	7,40	7,36	7,41	7,39	7,37	7,24	7,12	6,89	6,66	6,45	6,25	6,05	5,85	6,70
06/04/2022 05:35:00	6,64	7,27	7,69	7,93	7,97	8,02	8,00	7,95	7,97	7,93	7,82	7,68	7,55	7,37	7,20	6,97	6,74	6,52	6,30	6,08	5,85	6,53
06/04/2022 05:40:00	6,50	7,13	7,50	7,78	7,96	8,00	7,99	7,96	7,93	7,86	7,77	7,64	7,50	7,30	7,11	6,86	6,61	6,36	6,12	5,87	5,61	6,58
06/04/2022 05:45:00	6,67	7,49	7,68	7,76	7,75	7,77	7,69	7,57	7,46	7,41	7,42	7,36	7,31	7,18	7,04	6,80	6,57	6,35	6,12	5,90	5,68	6,85
06/04/2022 05:50:00	6,82	7,61	7,89	8,05	8,10	7,97	7,83	7,70	7,61	7,49	7,34	7,17	6,99	6,78	6,56	6,30	6,03	5,79	5,55	5,32	5,08	6,90
06/04/2022 05:55:00	6,69	7,39	7,74	7,95	8,00	7,99	7,97	7,92	7,76	7,64	7,54	7,39	7,24	7,04	6,84	6,57	6,31	6,05	5,80	5,55	5,29	7,02
06/04/2022 06:00:00	6,87	7,62	7,97	8,11	8,03	7,92	7,75	7,55	7,46	7,36	7,25	7,10	6,96	6,76	6,56	6,30	6,04	5,81	5,58	5,36	5,14	6,93
06/04/2022 06:05:00	6,91	7,56	7,72	7,81	7,81	7,80	7,73	7,61	7,48	7,42	7,44	7,40	7,35	7,21	7,07	6,83	6,59	6,36	6,13	5,90	5,66	7,16
06/04/2022 06:10:00	6,99	7,47	7,70	7,83	7,82	7,75	7,67	7,60	7,55	7,47	7,37	7,24	7,11	6,93	6,75	6,52	6,29	6,08	5,86	5,64	5,42	7,59
06/04/2022 06:15:00	7,05	7,44	7,55	7,62	7,65	7,51	7,44	7,42	7,39	7,37	7,34	7,29	7,23	7,10	6,98	6,78	6,58	6,38	6,19	5,99	5,79	7,26
06/04/2022 06:20:00	7,01	7,36	7,46	7,53	7,58	7,55	7,51	7,45	7,38	7,34	7,35	7,30	7,25	7,12	6,98	6,77	6,55	6,33	6,12	5,90	5,68	7,27
06/04/2022 06:25:00	7,00	7,32	7,38	7,38	7,31	7,30	7,26	7,21	7,20	7,21	7,24	7,23	7,22	7,13	7,04	6,86	6,68	6,50	6,32	6,14	5,95	7,10
06/04/2022 06:30:00	6,68	7,29	7,44	7,50	7,47	7,40	7,30	7,21	7,15	7,08	6,99	6,89	6,78	6,62	6,46	6,24	6,02	5,81	5,61	5,40	5,19	6,62
06/04/2022 06:35:00	6,66	7,05	7,24	7,32	7,30	7,30	7,28	7,26	7,24	7,17	7,08	6,97	6,86	6,71	6,55	6,35	6,14	5,94	5,75	5,54	5,33	6,29
06/04/2022 06:40:00	6,49	7,23	7,40	7,45	7,38	7,25	7,17	7,11	6,96	6,86	6,80	6,71	6,62	6,46	6,31	6,08	5,86	5,65	5,44	5,24	5,03	6,45
06/04/2022 06:45:00	6,24	7,04	7,22	7,28	7,21	7,19	7,09	6,98	6,94	6,87	6,79	6,69	6,59	6,44	6,29	6,07	5,86	5,67	5,47	5,27	5,08	6,44
06/04/2022 06:50:00	6,38	7,04	7,27	7,36	7,30	7,25	7,18	7,09	6,98	6,87	6,76	6,62	6,49	6,30	6,12	5,89	5,65	5,43	5,22	5,00	4,79	5,96
06/04/2022 06:55:00	6,26	6,73	7,07	7,24	7,20	7,19	7,17	7,14	7,05	6,95	6,86	6,73	6,60	6,42	6,24	6,01	5,78	5,56	5,35	5,13	4,91	5,78
06/04/2022 07:00:00	6,22	6,99	7,26	7,32	7,15	7,09	7,03	6,97	6,81	6,67	6,56	6,43	6,29	6,12	5,94	5,71	5,48	5,28	5,07	4,87	4,66	6,16
06/04/2022 07:05:00	6,10	6,77	6,99	7,10	7,09	7,03	6,98	6,94	6,86	6,81	6,78	6,71	6,63	6,49	6,35	6,14	5,92	5,72	5,52	5,32	5,12	5,88
06/04/2022 07:10:00	6,03	6,54	6,82	6,95	6,93	6,94	6,92	6,89	6,87	6,85	6,83	6,78	6,72	6,60	6,48	6,28	6,07	5,89	5,70	5,50	5,31	5,57
06/04/2022 07:15:00	5,91	6,47	6,54	6,56	6,55	6,53	6,52	6,50	6,41	6,46	6,65	6,75	6,85	6,82	6,78	6,60	6,42	6,25	6,08	5,90	5,73	5,49
06/04/2022 07:20:00	5,60	6,56	6,88	7,07	7,11	7,07	6,95	6,82	6,79	6,69	6,57	6,41	6,26	6,07	5,87	5,63	5,39	5,17	4,95	4,74	4,52	5,55
06/04/2022 07:25:00	5,70	6,45	6,65	6,75	6,74	6,73	6,69	6,63	6,58	6,57	6,61	6,60	6,59	6,49	6,38	6,18	5,98	5,79	5,61	5,42	5,23	5,17
06/04/2022 07:30:00	5,88	6,45	6,55	6,62	6,63	6,52	6,43	6,36	6,34	6,33	6,36	6,34	6,32	6,21	6,11	5,91	5,72	5,54	5,36	5,18	5,00	5,61
06/04/2022 07:35:00	5,81	6,39	6,38	6,41	6,47	6,42	6,43	6,46	6,41	6,40	6,44	6,44	6,44	6,35	6,26	6,09	5,91	5,74	5,56	5,38	5,20	5,49
06/04/2022 07:40:00	5,78	6,21	6,40	6,51	6,52	6,62	6,57	6,48	6,47	6,42	6,36	6,26	6,16	6,00	5,85	5,63	5,42	5,22	5,01	4,81	4,60	5,70
06/04/2022 07:45:00	5,71	6,03	6,20	6,29	6,27	6,25	6,24	6,23	6,21	6,26	6,40	6,45	6,51	6,45	6,40	6,22	6,05	5,88	5,71	5,55	5,38	5,98
06/04/2022 07:50:00	5,67	6,12	6,27	6,36	6,39	6,45	6,46	6,45	6,47	6,50	6,55	6,56	6,56	6,48	6,40	6,22	6,04	5,87	5,70	5,52	5,34	6,13
06/04/2022 07:55:00	5,84	6,08	6,05	6,08	6,17	6,23	6,29	6,34	6,28	6,31	6,42	6,47	6,51	6,44	6,38	6,21	6,03	5,85	5,67	5,48	5,29	6,33
06/04/2022 08:00:00	6,02	6,41	6,45	6,44	6,40	6,51	6,48	6,42	6,45	6,45	6,44	6,40	6,37	6,26	6,16	5,99	5,82	5,64	5,47	5,30	5,12	6,39
06/04/2022 08:05:00	5,99	6,28	6,36	6,46	6,57	6,54	6,52	6,51	6,52	6,50	6,45	6,37	6,29	6,15	6,02	5,82	5,63	5,44	5,25	5,05	4,85	6,52
06/04/2022 08:10:00	5,96	6,33	6,30	6,32	6,39	6,48	6,53	6,56	6,49	6,44	6,42	6,37	6,31	6,19	6,07	5,88	5,69	5,50	5,30	5,10	4,89	6,26
06/04/2022 08:15:00	5,98	6,13	6,13	6,14	6,17	6,18	6,23	6,30	6,35	6,36	6,37	6,35	6,34	6,26	6,18	6,03	5,88	5,73	5,58	5,41	5,24	6,32
06/04/2022 08:20:00	6,11	6,59	6,58	6,59	6,63	6,56	6,52	6,49	6,49	6,52	6,59	6,61	6,63	6,56	6,49	6,31	6,14	5,98	5,81	5,64	5,46	6,37
06/04/2022 08:25:00	6,27	6,48	6,48	6,51	6,57	6,67	6,66	6,62	6,63	6,68	6,77	6,79	6,81	6,74	6,67	6,49	6,31	6,13	5,95	5,76	5,57	6,39
06/04/2022 08:30:00	6,56	6,62	6,73	6,82	6,88	6,92	6,99	7,09	7,15	7,18	7,20	7,18	7,16	7,07	6,99	6,83	6,67	6,50	6,33	6,15	5,96	6,45
06/04/2022 08:35:00	6,56	6,75	6,84	6,96	7,10	7,15	7,21	7,28	7,33	7,31	7,25	7,16	7,08	6,95	6,82	6,63	6,45	6,26	6,07	5,86	5,64	6,56
06/04/2022 08:40:00	6,70	6,89	6,94	6,98	7,01	7,03	7,02	7,00	6,97	6,98	7,01	6,99	6,97	6,87	6,77	6,58	6,39	6,20	6,00	5,80	5,60	6,68
06/04/2022 08:45:00	6,83	6,96	6,95	6,99	7,08	7,10	7,12	7,13	7,00	6,96	7,01	6,99	6,97	6,85	6,74	6,53	6,31	6,10	5,88	5,65	5,42	6,89
06/04/2022 08:50:00	7,02	7,15	7,09	7,04	7,03	7,07	7,10	7,11	7,05	7,05	7,12	7,14	7,16	7,08	7,00	6,83	6,65	6,47	6,29	6,09	5,89	6,85
06/04/2022 08:55:00	6,82	6,85	6,90	6,97	7,06	7,06	7,12	7,20	7,18	7,14	7,09	7,01	6,94	6,80	6,67	6,49	6,30	6,10	5,91	5,69	5,48	6,76
06/04/2022 09:00:00	7,02	6,91	6,81	6,77	6,79	6,80	6,75	6,68	6,67	6,69	6,74	6,73	6,72	6,63	6,54	6,35	6,17	5,98	5,80	5,60	5,40	6,99
06/04/2022 09:05:00	7,09	7,10	6,93	6,85	6,88	6,83	6,80	6,78	6,72	6,72	6,78	6,78	6,79	6,70	6,62	6,44	6,26	6,07	5,89	5,69	5,50	7,02
06/04/2022 09:10:00	7,08	6,97	6,86	6,81	6,83	6,86	6,84	6,81	6,79	6,81	6,88	6,89	6,91	6,83	6,75	6,57	6,40	6,21	6,03	5,83	5,63	7,07
06/04/2022 09:15:00	7,28	7,23	7,10	6,98	6,88	6,80	6,69	6,58	6,46	6,45	6,56	6,59	6,62	6,55	6,47	6,28	6,08	5,90	5,71	5,52	5,33	7,29
06/04/2022 09:20:00	7,48	7,27	7,03	6,86	6,76	6,66	6,61	6,59	6,52	6,51	6,59	6,62	6,64	6,58	6,52	6,36	6,20	6,03	5,87	5,69	5,52	7,54
06/04/2022 09:25:00	7,62	7,46	7,23	7,05	6,93	6,94	6,95	6,95	6,93	6,87	6,77	6,68	6,58	6,46	6,34	6,18	6,02	5,85	5,68	5,49	5,30	7,84
06/04/2022 09:30:00	7,67	7,63	7,45	7,31	7,22	7,08	6,91	6,73	6,65	6,61	6,60	6,56	6,51	6,38	6,26	6,05	5,85	5,66	5,46	5,27	5,07	7,88
06/04/2022 09:35:00	7,68	7,66	7,46	7,30	7,17	7,11	7,01	6,91	6,86	6,78	6,68	6,58	6,47	6,33	6,19	6,00	5,81	5,63	5,44	5,24	5,05	8,18
06/04/2022 09:40:00	7,85	7,84	7,63	7,45	7,33	7,26	7,08	6,87	6,89	6,87	6,81	6,74	6,66	6,53	6,41	6,22	6,04	5,85	5,67	5,48	5,29	8,53
06/04/2022 09:45:00	7,96	7,93	7,77	7,62	7,48	7,41	7,30	7,18	7,04	6,93	6,86	6,76	6,67	6,51	6,36	6,14	5,93	5,72	5,51	5,29	5,07	8,95
06/04/2022 09:50:00	8,25	8,25	8,08	7,92	7,78	7,71	7,54	7,30	7,07	6,94	6,94	6,86	6,78	6,62	6,46	6,20	5,95	5,71	5,47	5,22	4,98	8,78
06/04/2022 09:55:00	8,25	8,37	8,21	7,94	7,58	7,40	7,15	6,88	6,71	6,63	6,65	6,63	6,60	6,49	6,38	6,17	5,96	5,78	5,59	5,42	5,24	9,62
06/04/2022 10:00:00	8,23	8,42	8,24	8,05	7,90	7,76	7,63	7,50	7,31	7,13	6,94	6,76	6,58	6,37	6,17	5,93	5,70	5,48	5,25	5,02	4,79	9,87
06/04/2022 10:05:00	8,56	8,57	8,33	8,08	7,83	7,63	7,45	7,30	7,23	7,16	7,07	6,99	6,91	6,78	6,66	6,48	6,29	6,12	5,94	5,77	5,59	9,76
06/04/2022 10:10:00	8,62	8,63	8,44	8,21	7,95	7,68	7,48	7,33	7,13	7,00	6,94	6,85	6,76	6,61	6,46	6,25	6,03	5,84	5,64	5,44	5,25	9,65
06/04/2022 10:15:00	8,75	8,89	8,84	8,64	8,29	8,06	7,82	7,58	7,27	7,02	6,83	6,63	6,42	6,19	5,95	5,68	5,41	5,16	4,92	4,68	4,45	9,62
06/04/2022 10:20:00	9,06	9,04	8,89	8,68	8,42	8,22	8,03	7,84	7,57	7,25	6,87	6,53	6,18	5,87	5,56	5,28	4,99	4,73	4,47	4,20	3,93	10,12
06/04/2022 10:25:00	9,18	9,18	8,99	8,73	8,42	8,10	7,76	7,43	7,20	6,95	6,66	6,38	6,10	5,83	5,56	5,29	5,01	4,77	4,53	4,29	4,06	9,83
06/04/2022 10:30:00	9,39	9,36	9,19	9,00	8,78	8,48	8,16	7,84	7,55	7,23	6,85	6,49	6,12	5,78	5,44	5,13	4,82	4,53	4,25	3,97	3,69	10,11
06/04/2022 10:35:00	9,47	9,40	9,17	8,88	8,54	8,11	7,77	7,49	7,22	6,95	6,67	6,40	6,14	5,87	5,61	5,34	5,07	4,84	4,60	4,38	4,15	10,18
06/04/2022 10:40:00	9,65	9,71	9,40	8,96	8,41	8,02	7,65	7,31	7,04	6,80	6,60	6,42	6,24	6,03	5,83	5,59	5,36	5,15	4,95	4,76	4,57	10,73
06/04/2022 10:45:00	9,81	9,90	9,52	9,11	8,68	8,32	8,00	7,71	7,45	7,16	6,82	6,53	6,24	5,98	5,71	5,46	5,21	4,98	4,75	4,53	4,31	10,68
06/04/2022 10:50:00	9,93	9,90	9,67	9,31	8,83	8,22	7,75	7,39	6,92	6,56	6,41	6,21	6,01	5,76	5,51	5,20	4,90	4,64	4,39	4,16	3,94	10,62
06/04/2022 10:55:00	10,15	9,97	9,66	9,31	8,89	8,46	8,06	7,68	7,39	7,09	6,77	6,47	6,17	5,88	5,59	5,31	5,02	4,77	4,53	4,29	4,05	10,95
06/04/2022 11:00:00	10,32	10,06	9,74	9,38	8,98	8,69	8,40	8,10	7,76	7,41	7,02	6,67	6,31	5,98	5,66	5,37	5,07	4,80	4,53	4,26	3,99	10,66
06/04/2022 11:05:00	10,57	10,47	10,04	9,56	9,06	8,53	8,05	7,61	7,35	7,09	6,81	6,55	6,30	6,04	5,79	5,53	5,27	5,05	4,83	4,62	4,42	10,55
06/04/2022 11:10:00	10,79	10,54	10,00	9,49	9,08	8,65	8,24	7,82	7,40	7,03	6,75	6,47	6,18	5,89	5,60	5,29	4,99	4,71	4,44	4,17	3,91	10,35
06/04/2022 11:15:00	10,72	10,55	10,16	9,75	9,33	8,89	8,47	8,06	7,75	7,40	6,96	6,58	6,19	5,85	5,51	5,21	4,91	4,64	4,37	4,11	3,85	11,15
06/04/2022 11:20:00	11,07	10,80	10,31	9,85	9,47	9,09	8,76	8,46	8,03	7,57	7,03	6,57	6,10	5,70	5,30	4,98	4,65	4,35	4,04	3,74	3,43	11,57
06/04/2022 11:25:00	11,14	10,88	10,46	9,97	9,41	8,90	8,47	8,08	7,68	7,31	7,03	6,75	6,47	6,19	5,92	5,63	5,34	5,08	4,83	4,59	4,35	10,98
06/04/2022 11:30:00	11,35	11,02	10,59	10,12	9,64	9,20	8,76	8,33	7,93	7,52	7,09	6,69	6,30	5,94	5,58	5,26	4,94	4,65	4,36	4,08	3,81	10,79
06/04/2022 11:35:00	11,57	11,18	10,73	10,23	9,68	9,15	8,63	8,10	7,64	7,19	6,79	6,41	6,02	5,66	5,30	4,96	4,61	4,32	4,03	3,75	3,47	11,02
06/04/2022 11:40:00	11,53	11,15	10,65	10,14	9,65	9,19	8,75	8,31	7,98	7,61	7,12	6,70	6,28	5,92	5,56	5,25	4,95	4,67	4,40	4,13	3,87	11,48
06/04/2022 11:45:00	11,60	11,48	10,97	10,41	9,86	9,26	8,71	8,21	7,78	7,39	7,02	6,68	6,34	6,01	5,69	5,38	5,06	4,79	4,52	4,27	4,02	11,25
06/04/2022 11:50:00	11,53	11,14	10,67	10,13	9,52	8,94	8,40	7,89	7,35	6,90	6,70	6,46	6,21	5,93	5,65	5,32	4,98	4,70	4,42	4,16	3,91	11,45
06/04/2022 11:55:00	11,50	11,17	10,66	10,13	9,60	9,03	8,52	8,04	7,57	7,12	6,69	6,29	5,89	5,53	5,17	4,83	4,50	4,21	3,92	3,65	3,37	11,80
06/04/2022 12:00:00	11,45	11,08	10,63	10,12	9,54	8,98	8,43	7,87	7,35	6,89	6,58	6,26	5,93	5,60	5,27	4,91	4,56	4,27	3,97	3,69	3,42	11,55
06/04/2022 12:05:00	11,38	11,23	10,78	10,23	9,60	8,88	8,29	7,81	7,37	6,95	6,55	6,20	5,84	5,51	5,18	4,87	4,56	4,31	4,05	3,82	3,60	11,44
06/04/2022 12:10:00	11,40	11,23	10,81	10,28	9,66	9,07	8,49	7,91	7,37	6,90	6,59	6,27	5,95	5,61	5,28	4,93	4,58	4,28	3,99	3,72	3,46	11,97
06/04/2022 12:15:00	11,62	11,43	10,96	10,43	9,89	9,29	8,72	8,16	7,63	7,11	6,61	6,15	5,68	5,26	4,85	4,47	4,10	3,79	3,47	3,17	2,88	11,77
06/04/2022 12:20:00	11,58	11,25	10,87	10,40	9,83	9,29	8,75	8,18	7,68	7,17	6,66	6,19	5,71	5,29	4,86	4,49	4,12	3,80	3,48	3,18	2,88	12,24
06/04/2022 12:25:00	11,27	11,26	10,88	10,44	9,95	9,31	8,73	8,20	7,70	7,20	6,69	6,22	5,75	5,33	4,91	4,53	4,16	3,85	3,54	3,25	2,96	11,70
06/04/2022 12:30:00	11,36	11,04	10,72	10,37	9,95	9,35	8,80	8,30	7,84	7,36	6,82	6,32	5,82	5,38	4,94	4,56	4,18	3,86	3,53	3,23	2,92	11,53
06/04/2022 12:35:00	11,41	11,39	11,03	10,58	10,03	9,49	8,97	8,44	7,98	7,50	6,99	6,52	6,06	5,65	5,24	4,88	4,52	4,22	3,91	3,62	3,33	11,78
06/04/2022 12:40:00	11,62	11,58	11,23	10,79	10,26	9,71	9,20	8,71	8,14	7,57	7,07	6,59	6,12	5,68	5,25	4,86	4,48	4,14	3,80	3,49	3,17	11,84
06/04/2022 12:45:00	11,98	11,91	11,50	11,01	10,45	9,87	9,27	8,67	8,09	7,53	7,07	6,61	6,15	5,73	5,31	4,91	4,51	4,17	3,84	3,52	3,21	11,78
06/04/2022 12:50:00	12,31	11,88	11,38	10,86	10,33	9,73	9,19	8,72	8,24	7,77	7,30	6,87	6,44	6,05	5,66	5,31	4,97	4,66	4,35	4,06	3,77	12,37
06/04/2022 12:55:00	12,06	11,91	11,48	10,99	10,48	10,01	9,50	8,95	8,42	7,88	7,33	6,81	6,30	5,85	5,40	5,01	4,62	4,28	3,94	3,60	3,27	12,36
06/04/2022 13:00:00	12,23	12,03	11,63	11,15	10,56	10,04	9,48	8,87	8,29	7,70	7,10	6,54	5,98	5,49	5,00	4,59	4,18	3,83	3,47	3,13	2,79	12,76
06/04/2022 13:05:00	12,30	12,03	11,51	10,96	10,40	9,85	9,35	8,86	8,29	7,72	7,17	6,68	6,18	5,74	5,30	4,92	4,54	4,21	3,87	3,55	3,23	13,14
06/04/2022 13:10:00	12,23	11,98	11,57	11,12	10,63	10,10	9,55	8,98	8,48	7,94	7,30	6,71	6,13	5,63	5,14	4,74	4,34	3,99	3,64	3,31	2,97	12,95
06/04/2022 13:15:00	12,27	12,11	11,60	11,01	10,39	9,74	9,15	8,63	8,08	7,54	7,07	6,63	6,20	5,80	5,40	5,05	4,69	4,38	4,07	3,78	3,49	12,63
06/04/2022 13:20:00	12,29	12,09	11,58	11,00	10,37	9,79	9,26	8,76	8,20	7,65	7,13	6,66	6,19	5,77	5,36	4,99	4,63	4,31	3,99	3,69	3,39	12,92
06/04/2022 13:25:00	12,32	11,85	11,44	10,99	10,47	9,93	9,41	8,90	8,42	7,92	7,35	6,82	6,30	5,85	5,40	5,03	4,66	4,33	4,00	3,68	3,36	13,13
06/04/2022 13:30:00	12,13	11,92	11,58	11,17	10,65	10,11	9,60	9,10	8,53	7,94	7,36	6,81	6,27	5,79	5,32	4,91	4,51	4,15	3,79	3,45	3,11	13,00
06/04/2022 13:35:00	12,00	11,88	11,48	11,03	10,52	9,91	9,37	8,90	8,32	7,73	7,17	6,66	6,14	5,68	5,22	4,83	4,44	4,09	3,75	3,42	3,10	13,20
06/04/2022 13:40:00	12,10	12,03	11,81	11,45	10,87	10,25	9,68	9,14	8,49	7,83	7,21	6,63	6,04	5,53	5,01	4,57	4,14	3,76	3,39	3,04	2,69	13,17
06/04/2022 13:45:00	12,57	12,44	12,03	11,53	10,95	10,33	9,75	9,18	8,58	7,99	7,44	6,92	6,40	5,94	5,48	5,08	4,67	4,32	3,97	3,64	3,31	13,20
06/04/2022 13:50:00	12,72	12,62	12,12	11,54	10,91	10,30	9,67	9,04	8,49	7,94	7,33	6,79	6,24	5,78	5,31	4,92	4,53	4,19	3,85	3,54	3,22	13,30
06/04/2022 13:55:00	12,57	12,41	11,96	11,49	11,03	10,50	9,93	9,34	8,75	8,15	7,57	7,02	6,47	5,98	5,49	5,07	4,64	4,27	3,89	3,53	3,17	13,47
06/04/2022 14:00:00	12,25	11,94	11,75	11,40	10,82	10,30	9,80	9,30	8,72	8,10	7,42	6,79	6,17	5,64	5,12	4,69	4,27	3,90	3,53	3,18	2,82	12,75
06/04/2022 14:05:00	11,80	11,53	11,17	10,76	10,29	9,83	9,33	8,80	8,28	7,76	7,26	6,77	6,28	5,84	5,40	5,01	4,62	4,28	3,93	3,60	3,27	12,32
06/04/2022 14:10:00	11,77	11,68	11,29	10,81	10,25	9,72	9,18	8,63	8,22	7,78	7,24	6,76	6,28	5,87	5,46	5,12	4,77	4,47	4,17	3,89	3,61	12,05
06/04/2022 14:15:00	11,86	11,71	11,42	11,06	10,60	10,12	9,63	9,14	8,66	8,15	7,57	7,03	6,50	6,04	5,58	5,19	4,80	4,46	4,12	3,78	3,45	12,58
06/04/2022 14:20:00	11,85	11,63	11,37	11,05	10,65	10,30	9,92	9,50	9,02	8,51	7,97	7,47	6,96	6,51	6,06	5,68	5,29	4,94	4,58	4,23	3,88	11,94
06/04/2022 14:25:00	12,02	11,77	11,36	10,91	10,44	9,94	9,46	8,98	8,50	7,99	7,39	6,85	6,31	5,86	5,40	5,03	4,65	4,32	3,98	3,66	3,33	12,52
06/04/2022 14:30:00	11,77	11,64	11,32	10,95	10,49	10,05	9,59	9,12	8,61	8,09	7,58	7,09	6,61	6,17	5,74	5,35	4,97	4,62	4,28	3,95	3,61	11,89
06/04/2022 14:35:00	11,92	11,76	11,30	10,81	10,34	9,85	9,39	8,96	8,48	8,00	7,55	7,14	6,72	6,35	5,97	5,62	5,27	4,95	4,64	4,33	4,03	11,65
06/04/2022 14:40:00	11,91	11,77	11,44	11,06	10,64	10,19	9,75	9,30	8,77	8,22	7,67	7,14	6,62	6,16	5,70	5,31	4,91	4,56	4,20	3,85	3,51	11,94
06/04/2022 14:45:00	12,00	11,81	11,45	10,98	10,37	9,88	9,37	8,85	8,35	7,84	7,31	6,83	6,35	5,92	5,50	5,13	4,77	4,44	4,12	3,82	3,51	12,35
06/04/2022 14:50:00	11,82	11,77	11,48	11,10	10,61	10,07	9,56	9,08	8,60	8,09	7,55	7,06	6,57	6,14	5,70	5,32	4,95	4,62	4,29	3,97	3,66	12,07
06/04/2022 14:55:00	11,88	11,68	11,23	10,75	10,26	9,75	9,28	8,84	8,34	7,87	7,48	7,11	6,73	6,38	6,02	5,67	5,33	5,02	4,71	4,41	4,12	12,27
06/04/2022 15:00:00	11,84	11,58	11,25	10,86	10,40	9,89	9,40	8,92	8,44	7,95	7,45	6,98	6,50	6,08	5,66	5,28	4,91	4,58	4,25	3,93	3,62	12,44
06/04/2022 15:05:00	11,55	11,52	11,21	10,81	10,28	9,83	9,36	8,87	8,41	7,92	7,38	6,89	6,40	5,98	5,55	5,18	4,82	4,50	4,18	3,87	3,56	12,11
06/04/2022 15:10:00	11,78	11,58	11,28	10,95	10,58	10,06	9,52	8,97	8,41	7,85	7,35	6,85	6,34	5,88	5,42	4,99	4,57	4,20	3,83	3,47	3,12	11,25
06/04/2022 15:15:00	11,87	11,60	11,30	10,89	10,36	9,87	9,37	8,86	8,33	7,82	7,39	6,96	6,53	6,12	5,72	5,34	4,96	4,63	4,30	3,99	3,68	11,84
06/04/2022 15:20:00	11,85	11,59	11,25	10,87	10,41	10,03	9,54	8,94	8,46	7,96	7,43	6,92	6,41	5,96	5,50	5,11	4,71	4,36	4,00	3,66	3,32	12,18
06/04/2022 15:25:00	11,64	11,36	11,00	10,62	10,23	9,81	9,36	8,87	8,38	7,86	7,29	6,76	6,23	5,77	5,30	4,91	4,52	4,17	3,82	3,48	3,14	11,63
06/04/2022 15:30:00	11,27	11,00	10,70	10,34	9,89	9,41	8,93	8,44	7,94	7,45	6,99	6,54	6,10	5,69	5,27	4,90	4,52	4,19	3,86	3,54	3,23	11,67
06/04/2022 15:35:00	11,39	11,27	10,89	10,46	9,98	9,51	9,04	8,57	8,07	7,58	7,09	6,63	6,18	5,77	5,36	4,99	4,63	4,30	3,98	3,67	3,36	12,13
06/04/2022 15:40:00	11,36	11,13	10,80	10,42	9,99	9,46	8,87	8,24	7,79	7,35	6,91	6,47	6,03	5,62	5,21	4,83	4,45	4,12	3,80	3,49	3,19	12,19
06/04/2022 15:45:00	11,60	11,42	11,11	10,71	10,21	9,76	9,38	9,05	8,53	8,03	7,66	7,29	6,92	6,56	6,21	5,86	5,51	5,20	4,89	4,58	4,28	12,18
06/04/2022 15:50:00	11,62	11,42	11,00	10,64	10,39	10,19	9,99	9,78	9,40	8,95	8,39	7,90	7,41	6,99	6,58	6,24	5,91	5,57	5,24	4,89	4,54	12,15
06/04/2022 15:55:00	11,90	11,75	11,45	11,19	10,99	10,66	10,26	9,80	9,36	8,87	8,28	7,72	7,17	6,69	6,20	5,79	5,38	5,00	4,62	4,24	3,85	12,49
06/04/2022 16:00:00	11,96	11,95	11,78	11,48	11,00	10,37	9,79	9,25	8,70	8,15	7,64	7,15	6,65	6,20	5,74	5,33	4,92	4,57	4,21	3,89	3,56	12,25
06/04/2022 16:05:00	12,01	11,87	11,54	11,17	10,76	10,30	9,81	9,29	8,96	8,59	8,02	7,53	7,03	6,61	6,19	5,84	5,50	5,18	4,87	4,57	4,26	12,01
06/04/2022 16:10:00	12,56	12,55	12,29	11,93	11,45	10,88	10,29	9,70	9,17	8,58	7,86	7,21	6,56	6,02	5,47	5,04	4,60	4,22	3,85	3,48	3,12	11,75
06/04/2022 16:15:00	12,78	12,86	12,48	12,03	11,56	10,98	10,39	9,78	9,17	8,52	7,84	7,22	6,59	6,05	5,51	5,06	4,62	4,22	3,83	3,45	3,08	12,04
06/04/2022 16:20:00	13,02	12,70	12,24	11,75	11,25	10,81	10,31	9,73	9,17	8,58	7,93	7,33	6,74	6,23	5,72	5,30	4,88	4,50	4,12	3,74	3,37	13,19
06/04/2022 16:25:00	12,94	12,83	12,42	11,92	11,34	10,72	10,11	9,48	8,83	8,17	7,59	7,03	6,47	5,97	5,47	5,04	4,60	4,22	3,84	3,48	3,13	13,02
06/04/2022 16:30:00	12,91	12,64	12,19	11,67	11,05	10,42	9,84	9,30	8,71	8,11	7,57	7,06	6,56	6,11	5,66	5,26	4,87	4,52	4,17	3,85	3,52	12,97
06/04/2022 16:35:00	12,84	12,61	12,20	11,70	11,09	10,52	9,97	9,43	8,87	8,27	7,59	6,99	6,39	5,89	5,39	4,98	4,58	4,22	3,87	3,53	3,18	13,20
06/04/2022 16:40:00	12,97	12,62	12,15	11,60	10,98	10,40	9,84	9,30	8,64	7,97	7,45	6,94	6,44	5,98	5,52	5,10	4,69	4,32	3,95	3,61	3,26	13,22
06/04/2022 16:45:00	12,95	12,59	12,05	11,51	11,01	10,37	9,77	9,22	8,69	8,14	7,51	6,94	6,37	5,89	5,40	5,01	4,61	4,27	3,92	3,59	3,25	13,15
06/04/2022 16:50:00	12,86	12,45	11,99	11,51	11,05	10,49	9,94	9,38	8,82	8,21	7,56	6,96	6,36	5,85	5,34	4,92	4,50	4,12	3,75	3,39	3,02	12,82
06/04/2022 16:55:00	12,64	12,55	12,10	11,58	11,02	10,42	9,83	9,24	8,62	7,98	7,34	6,75	6,16	5,65	5,14	4,72	4,30	3,93	3,56	3,21	2,86	12,73
06/04/2022 17:00:00	12,56	12,39	12,02	11,53	10,90	10,31	9,78	9,28	8,62	7,94	7,31	6,72	6,14	5,64	5,13	4,71	4,29	3,93	3,56	3,21	2,86	12,75
06/04/2022 17:05:00	12,62	12,26	11,71	11,14	10,59	9,99	9,43	8,89	8,39	7,85	7,22	6,67	6,11	5,65	5,19	4,81	4,44	4,10	3,77	3,46	3,14	12,77
06/04/2022 17:10:00	12,48	12,27	11,81	11,27	10,65	10,09	9,52	8,91	8,30	7,66	7,00	6,40	5,80	5,29	4,78	4,36	3,95	3,58	3,22	2,88	2,53	12,39
06/04/2022 17:15:00	12,37	12,22	11,84	11,36	10,75	10,15	9,55	8,95	8,29	7,62	6,96	6,35	5,75	5,22	4,70	4,26	3,82	3,45	3,07	2,72	2,36	12,48
06/04/2022 17:20:00	12,26	11,90	11,47	11,03	10,56	10,12	9,62	9,05	8,38	7,70	7,11	6,52	5,94	5,42	4,90	4,45	4,00	3,60	3,20	2,81	2,42	12,51
06/04/2022 17:25:00	12,14	11,74	11,26	10,78	10,29	9,75	9,21	8,68	8,11	7,52	6,90	6,33	5,76	5,27	4,78	4,37	3,96	3,61	3,25	2,90	2,56	12,45
06/04/2022 17:30:00	12,06	11,94	11,41	10,83	10,23	9,56	8,99	8,51	7,92	7,31	6,74	6,22	5,70	5,26	4,81	4,43	4,06	3,73	3,40	3,10	2,79	12,62
06/04/2022 17:35:00	12,00	11,77	11,31	10,78	10,17	9,60	9,05	8,48	7,90	7,30	6,66	6,08	5,50	5,01	4,52	4,13	3,73	3,38	3,04	2,72	2,39	12,75
06/04/2022 17:40:00	12,02	11,71	11,27	10,76	10,18	9,59	9,01	8,41	7,85	7,25	6,62	6,04	5,46	4,97	4,48	4,08	3,68	3,33	2,98	2,66	2,33	12,70
06/04/2022 17:45:00	11,93	11,67	11,18	10,68	10,17	9,64	9,11	8,56	8,01	7,41	6,73	6,12	5,51	5,00	4,49	4,08	3,68	3,33	2,97	2,63	2,29	12,67
06/04/2022 17:50:00	11,84	11,66	11,18	10,62	10,02	9,43	8,81	8,15	7,68	7,17	6,49	5,90	5,31	4,83	4,35	3,97	3,59	3,27	2,95	2,65	2,35	12,43
06/04/2022 17:55:00	11,79	11,67	11,16	10,60	10,00	9,48	8,92	8,30	7,71	7,11	6,47	5,89	5,32	4,83	4,33	3,93	3,53	3,18	2,83	2,51	2,18	11,76
06/04/2022 18:00:00	11,80	11,60	11,27	10,83	10,23	9,68	9,10	8,49	7,83	7,14	6,43	5,78	5,12	4,57	4,02	3,57	3,12	2,74	2,36	2,00	1,64	12,07
06/04/2022 18:05:00	11,92	11,68	11,28	10,76	10,12	9,51	8,97	8,45	7,82	7,15	6,44	5,80	5,17	4,64	4,12	3,70	3,29	2,94	2,59	2,26	1,92	12,11
06/04/2022 18:10:00	11,83	11,51	11,13	10,71	10,22	9,62	9,04	8,48	7,87	7,22	6,52	5,87	5,22	4,68	4,13	3,70	3,26	2,89	2,52	2,16	1,81	11,85
06/04/2022 18:15:00	11,46	11,39	10,98	10,51	10,00	9,46	8,88	8,25	7,66	7,03	6,32	5,67	5,02	4,48	3,94	3,51	3,08	2,71	2,34	1,99	1,64	12,10
06/04/2022 18:20:00	11,42	11,26	10,90	10,44	9,85	9,19	8,56	7,95	7,33	6,69	6,05	5,45	4,85	4,34	3,82	3,40	2,98	2,62	2,27	1,95	1,63	11,52
06/04/2022 18:25:00	11,43	11,28	10,81	10,28	9,70	9,11	8,55	8,00	7,42	6,79	6,07	5,43	4,79	4,27	3,75	3,35	2,94	2,60	2,26	1,93	1,61	11,32
06/04/2022 18:30:00	11,24	11,01	10,58	10,09	9,53	9,05	8,50	7,88	7,36	6,80	6,11	5,50	4,88	4,38	3,87	3,47	3,07	2,73	2,39	2,07	1,75	11,43
06/04/2022 18:35:00	11,11	10,88	10,46	10,01	9,53	8,98	8,42	7,84	7,25	6,62	5,92	5,27	4,63	4,10	3,56	3,14	2,71	2,35	1,99	1,64	1,30	11,37
06/04/2022 18:40:00	11,05	10,84	10,46	10,03	9,55	8,98	8,45	7,95	7,29	6,62	5,98	5,37	4,77	4,24	3,72	3,30	2,87	2,50	2,14	1,79	1,44	10,58
06/04/2022 18:45:00	11,06	10,88	10,39	9,89	9,41	8,78	8,20	7,67	7,06	6,43	5,77	5,17	4,57	4,06	3,55	3,14	2,73	2,38	2,03	1,71	1,38	10,92
06/04/2022 18:50:00	10,87	10,72	10,34	9,87	9,31	8,80	8,20	7,52	7,00	6,42	5,69	5,05	4,40	3,87	3,34	2,93	2,51	2,17	1,82	1,50	1,18	11,00
06/04/2022 18:55:00	10,87	10,60	10,22	9,80	9,31	8,66	8,05	7,45	6,85	6,22	5,56	4,94	4,33	3,80	3,28	2,85	2,42	2,07	1,71	1,38	1,05	10,92
06/04/2022 19:00:00	10,72	10,46	10,05	9,59	9,08	8,61	8,10	7,53	6,91	6,29	5,69	5,12	4,55	4,06	3,56	3,14	2,73	2,37	2,02	1,68	1,34	11,03
06/04/2022 19:05:00	10,53	10,40	9,95	9,45	8,89	8,29	7,71	7,13	6,56	5,98	5,40	4,86	4,32	3,86	3,39	3,01	2,62	2,30	1,97	1,68	1,38	10,44
06/04/2022 19:10:00	10,40	10,15	9,78	9,33	8,80	8,21	7,65	7,11	6,58	5,99	5,31	4,70	4,10	3,60	3,09	2,70	2,31	1,98	1,66	1,36	1,05	10,37
06/04/2022 19:15:00	10,36	10,06	9,69	9,27	8,80	8,23	7,66	7,10	6,60	6,02	5,34	4,72	4,10	3,59	3,08	2,68	2,28	1,95	1,62	1,31	1,00	10,71
06/04/2022 19:20:00	10,25	10,09	9,75	9,33	8,83	8,33	7,79	7,20	6,62	6,00	5,32	4,70	4,08	3,55	3,03	2,61	2,19	1,84	1,49	1,16	0,83	10,43
06/04/2022 19:25:00	10,06	10,14	9,75	9,27	8,73	8,13	7,56	7,01	6,36	5,73	5,13	4,57	4,02	3,53	3,05	2,64	2,23	1,89	1,56	1,25	0,94	10,37
06/04/2022 19:30:00	10,05	9,90	9,53	9,07	8,55	7,94	7,37	6,82	6,18	5,58	5,04	4,53	4,01	3,55	3,09	2,69	2,28	1,95	1,62	1,32	1,02	10,17
06/04/2022 19:35:00	9,88	9,68	9,35	8,93	8,39	7,85	7,31	6,77	6,19	5,60	5,00	4,44	3,88	3,40	2,92	2,53	2,13	1,80	1,48	1,18	0,88	9,61
06/04/2022 19:40:00	9,79	9,50	9,14	8,73	8,26	7,77	7,26	6,73	6,27	5,74	5,08	4,49	3,90	3,42	2,93	2,56	2,19	1,88	1,56	1,27	0,98	9,32
06/04/2022 19:45:00	9,64	9,42	9,12	8,76	8,33	7,82	7,32	6,81	6,27	5,67	5,01	4,41	3,80	3,29	2,78	2,38	1,97	1,64	1,30	0,98	0,67	9,10
06/04/2022 19:50:00	9,34	9,39	9,17	8,81	8,29	7,77	7,26	6,73	6,06	5,39	4,73	4,12	3,51	2,98	2,45	2,02	1,60	1,24	0,89	0,56	0,24	8,90
06/04/2022 19:55:00	9,27	9,29	8,93	8,52	8,07	7,59	7,10	6,60	6,04	5,45	4,81	4,23	3,65	3,16	2,66	2,28	1,89	1,56	1,23	0,93	0,63	8,41
06/04/2022 20:00:00	9,25	9,23	8,89	8,47	7,96	7,39	6,82	6,26	5,71	5,15	4,57	4,03	3,50	3,03	2,57	2,18	1,80	1,48	1,17	0,89	0,61	8,38
06/04/2022 20:05:00	9,16	9,14	8,77	8,32	7,82	7,31	6,81	6,31	5,75	5,21	4,72	4,25	3,78	3,36	2,94	2,57	2,20	1,90	1,60	1,32	1,04	7,91
06/04/2022 20:10:00	9,00	9,07	8,75	8,34	7,86	7,20	6,61	6,07	5,58	5,07	4,50	3,99	3,48	3,04	2,60	2,23	1,87	1,58	1,29	1,04	0,78	8,00
06/04/2022 20:15:00	9,13	8,88	8,69	8,36	7,86	7,34	6,83	6,33	5,76	5,17	4,56	3,98	3,41	2,91	2,42	2,02	1,62	1,30	0,97	0,67	0,38	8,01
06/04/2022 20:20:00	8,97	8,96	8,68	8,26	7,67	7,07	6,53	6,01	5,48	4,93	4,35	3,83	3,30	2,86	2,41	2,04	1,68	1,39	1,11	0,85	0,60	8,05
06/04/2022 20:25:00	8,96	8,84	8,48	8,08	7,66	7,07	6,50	5,94	5,47	4,96	4,38	3,84	3,31	2,85	2,40	2,03	1,65	1,36	1,06	0,78	0,51	7,75
06/04/2022 20:30:00	8,86	8,73	8,47	8,11	7,65	7,25	6,77	6,24	5,66	5,05	4,39	3,78	3,16	2,65	2,13	1,72	1,31	0,97	0,63	0,32	0,00	8,20
06/04/2022 20:35:00	8,75	8,55	8,21	7,85	7,50	6,98	6,49	6,01	5,51	4,97	4,36	3,81	3,25	2,77	2,30	1,92	1,54	1,23	0,92	0,63	0,33	7,87
06/04/2022 20:40:00	8,65	8,62	8,28	7,86	7,36	6,87	6,36	5,82	5,26	4,70	4,11	3,57	3,03	2,56	2,10	1,72	1,34	1,03	0,72	0,44	0,16	7,64
06/04/2022 20:45:00	8,56	8,30	8,02	7,70	7,34	6,84	6,35	5,86	5,35	4,81	4,20	3,64	3,08	2,59	2,11	1,73	1,34	1,02	0,71	0,41	0,12	8,33
06/04/2022 20:50:00	8,48	8,38	8,05	7,61	7,07	6,59	6,06	5,50	5,01	4,47	3,85	3,29	2,73	2,27	1,80	1,44	1,07	0,78	0,49	0,23	-0,03	7,81
06/04/2022 20:55:00	8,32	8,17	7,86	7,50	7,07	6,59	6,02	5,37	4,84	4,28	3,69	3,12	2,56	2,06	1,57	1,16	0,76	0,43	0,11	-0,19	-0,48	7,65
06/04/2022 21:00:00	8,05	7,86	7,55	7,25	6,96	6,55	6,10	5,61	5,04	4,46	3,86	3,28	2,71	2,21	1,71	1,30	0,90	0,56	0,22	-0,10	-0,42	7,59
06/04/2022 21:05:00	8,17	7,93	7,61	7,19	6,64	6,12	5,63	5,13	4,57	3,98	3,36	2,80	2,23	1,76	1,28	0,91	0,54	0,24	-0,05	-0,32	-0,58	7,38
06/04/2022 21:10:00	8,17	7,87	7,44	7,02	6,65	6,15	5,67	5,18	4,63	4,03	3,37	2,77	2,16	1,66	1,16	0,77	0,39	0,08	-0,23	-0,53	-0,82	7,82
06/04/2022 21:15:00	7,99	7,89	7,42	6,92	6,40	5,85	5,31	4,76	4,21	3,64	3,04	2,50	1,96	1,50	1,04	0,68	0,32	0,03	-0,26	-0,51	-0,77	8,08
06/04/2022 21:20:00	7,85	7,66	7,18	6,73	6,34	5,74	5,18	4,63	4,14	3,60	3,00	2,44	1,89	1,43	0,96	0,60	0,24	-0,05	-0,33	-0,59	-0,84	8,05
06/04/2022 21:25:00	7,79	7,54	7,10	6,62	6,12	5,49	4,92	4,39	3,83	3,28	2,74	2,23	1,72	1,28	0,84	0,48	0,12	-0,16	-0,43	-0,68	-0,92	7,67
06/04/2022 21:30:00	7,71	7,50	7,10	6,59	5,97	5,38	4,85	4,34	3,84	3,30	2,69	2,16	1,62	1,18	0,75	0,41	0,08	-0,17	-0,42	-0,63	-0,85	7,87
06/04/2022 21:35:00	7,55	7,33	6,83	6,30	5,76	5,26	4,78	4,29	3,72	3,19	2,69	2,22	1,76	1,35	0,94	0,60	0,26	0,00	-0,27	-0,50	-0,74	7,50
06/04/2022 21:40:00	7,34	7,22	6,88	6,45	5,94	5,36	4,77	4,17	3,71	3,18	2,57	2,02	1,47	1,01	0,55	0,20	-0,16	-0,43	-0,70	-0,93	-1,16	6,28
06/04/2022 21:45:00	7,34	7,06	6,61	6,10	5,55	5,17	4,70	4,17	3,71	3,20	2,65	2,15	1,65	1,23	0,81	0,48	0,16	-0,10	-0,36	-0,59	-0,83	7,65
06/04/2022 21:50:00	7,13	6,99	6,54	6,04	5,50	4,92	4,41	3,93	3,41	2,85	2,23	1,68	1,13	0,68	0,23	-0,10	-0,44	-0,69	-0,94	-1,17	-1,39	7,55
06/04/2022 21:55:00	7,00	6,88	6,41	5,90	5,37	4,82	4,30	3,78	3,24	2,71	2,16	1,67	1,17	0,75	0,32	-0,02	-0,35	-0,61	-0,87	-1,10	-1,33	6,68
06/04/2022 22:00:00	6,93	6,78	6,45	5,99	5,39	4,89	4,33	3,74	3,14	2,56	1,99	1,46	0,92	0,46	-0,01	-0,38	-0,76	-1,04	-1,32	-1,56	-1,81	6,82
06/04/2022 22:05:00	6,83	6,55	6,18	5,75	5,26	4,65	4,12	3,63	3,10	2,56	1,98	1,45	0,92	0,47	0,03	-0,32	-0,67	-0,93	-1,19	-1,42	-1,64	6,97
06/04/2022 22:10:00	6,78	6,54	6,03	5,53	5,04	4,54	4,01	3,47	2,94	2,39	1,81	1,28	0,74	0,29	-0,15	-0,50	-0,85	-1,11	-1,38	-1,61	-1,84	6,69
06/04/2022 22:15:00	6,73	6,39	5,95	5,45	4,91	4,38	3,89	3,41	2,90	2,34	1,73	1,19	0,64	0,20	-0,25	-0,58	-0,91	-1,16	-1,41	-1,63	-1,85	6,45
06/04/2022 22:20:00	6,51	6,24	5,86	5,44	4,99	4,44	3,88	3,31	2,79	2,26	1,69	1,15	0,62	0,16	-0,30	-0,66	-1,02	-1,30	-1,57	-1,80	-2,04	6,28
06/04/2022 22:25:00	6,39	6,16	5,75	5,29	4,78	4,27	3,78	3,29	2,76	2,20	1,61	1,08	0,54	0,09	-0,35	-0,70	-1,04	-1,29	-1,55	-1,78	-2,00	5,90
06/04/2022 22:30:00	6,07	5,77	5,36	4,91	4,44	4,03	3,54	3,00	2,50	1,95	1,35	0,79	0,24	-0,22	-0,68	-1,03	-1,37	-1,64	-1,90	-2,14	-2,37	5,92
06/04/2022 22:35:00	5,97	5,82	5,46	5,04	4,56	3,96	3,38	2,81	2,32	1,75	1,10	0,51	-0,07	-0,55	-1,03	-1,39	-1,74	-2,00	-2,26	-2,48	-2,70	6,42
06/04/2022 22:40:00	5,88	5,80	5,32	4,84	4,36	3,78	3,28	2,80	2,29	1,67	0,97	0,35	-0,26	-0,74	-1,23	-1,57	-1,90	-2,16	-2,41	-2,62	-2,84	6,36
06/04/2022 22:45:00	6,06	5,56	5,07	4,57	4,06	3,50	2,95	2,40	1,93	1,39	0,79	0,25	-0,30	-0,74	-1,19	-1,52	-1,85	-2,09	-2,33	-2,53	-2,74	6,27
06/04/2022 22:50:00	5,69	5,44	4,92	4,38	3,85	3,17	2,65	2,18	1,67	1,12	0,54	0,02	-0,49	-0,91	-1,33	-1,64	-1,95	-2,17	-2,39	-2,57	-2,75	6,85
06/04/2022 22:55:00	5,45	5,03	4,59	4,13	3,64	3,01	2,50	2,02	1,53	0,97	0,35	-0,21	-0,76	-1,21	-1,66	-1,98	-2,31	-2,54	-2,77	-2,96	-3,16	6,48
06/04/2022 23:00:00	5,32	4,93	4,45	3,90	3,30	2,75	2,23	1,70	1,20	0,66	0,07	-0,44	-0,96	-1,38	-1,81	-2,12	-2,43	-2,65	-2,86	-3,04	-3,22	6,51
06/04/2022 23:05:00	5,41	5,07	4,62	4,11	3,57	3,04	2,50	1,96	1,43	0,88	0,29	-0,24	-0,77	-1,21	-1,66	-1,99	-2,33	-2,56	-2,80	-3,00	-3,21	6,34
06/04/2022 23:10:00	5,35	4,94	4,43	3,97	3,56	2,96	2,43	1,90	1,36	0,83	0,27	-0,24	-0,76	-1,21	-1,65	-1,99	-2,34	-2,59	-2,83	-3,05	-3,26	6,15
06/04/2022 23:15:00	5,25	4,91	4,34	3,79	3,28	2,59	1,99	1,43	0,93	0,42	-0,12	-0,61	-1,10	-1,51	-1,93	-2,24	-2,56	-2,78	-2,99	-3,16	-3,34	6,15
06/04/2022 23:20:00	5,03	4,76	4,31	3,78	3,17	2,55	1,97	1,40	0,90	0,35	-0,24	-0,77	-1,30	-1,73	-2,17	-2,49	-2,81	-3,02	-3,24	-3,41	-3,58	5,79
06/04/2022 23:25:00	4,94	4,59	4,14	3,62	3,04	2,46	1,91	1,37	0,82	0,26	-0,35	-0,89	-1,43	-1,88	-2,33	-2,65	-2,98	-3,21	-3,44	-3,62	-3,81	5,63
06/04/2022 23:30:00	4,85	4,58	3,98	3,44	2,95	2,37	1,85	1,35	0,88	0,30	-0,36	-0,93	-1,50	-1,95	-2,40	-2,71	-3,02	-3,24	-3,45	-3,64	-3,82	5,80
06/04/2022 23:35:00	4,74	4,35	3,85	3,32	2,76	2,19	1,67	1,17	0,64	0,11	-0,44	-0,93	-1,43	-1,85	-2,26	-2,57	-2,88	-3,09	-3,31	-3,48	-3,65	5,73
06/04/2022 23:40:00	4,66	4,39	3,92	3,36	2,72	2,14	1,58	1,04	0,59	0,01	-0,65	-1,21	-1,77	-2,21	-2,65	-2,95	-3,26	-3,45	-3,65	-3,81	-3,96	5,56
06/04/2022 23:45:00	4,56	4,10	3,58	2,99	2,36	1,81	1,33	0,86	0,34	-0,15	-0,66	-1,10	-1,55	-1,92	-2,29	-2,58	-2,86	-3,05	-3,23	-3,38	-3,53	5,45
06/04/2022 23:50:00	4,45	3,94	3,49	2,98	2,42	1,99	1,46	0,90	0,40	-0,09	-0,62	-1,10	-1,59	-2,00	-2,41	-2,73	-3,04	-3,26	-3,48	-3,66	-3,83	5,14
06/04/2022 23:55:00	4,34	3,88	3,39	2,86	2,31	1,69	1,18	0,71	0,21	-0,34	-0,93	-1,45	-1,97	-2,39	-2,81	-3,11	-3,41	-3,61	-3,81	-3,97	-4,13	5,33
