FileFormat:0002.2 file with temperature of atmosphere
SN105HE102 RTK
local	GMT or Local
0	GMT-Local=[hours]
20	Height[m]
0	0	0	Longitude                [grd]               [min]               [sec]
0	0	0	Latitude                [grd]               [min]               [sec]
N	NS
56,45	Freq[GHz]
0,00	dTemostat[K]
0,150	MessErr[K]
0,248	//[grad/step]
version 14.4.20120406
MTP5HE102F5645K-38.60I70D222917+A1.1
Commentary:
SN105HE102
парабола ДНА = 2,5 град
НЕ102 - ПУ - ХВБ с ЦСД " S "
АЦП - 202 - 09 с контр.U пит.и М
оптопара серии - 2
Т out № 178 пл
БП LPS - 112
End Of Commentary

SYSTEM\summer.dat
data time	0	50	100	150	200	250	300	350	400	450	500	550	600	650	700	750	800	850	900	950	1000	OutsideTemperature
10/07/2022 00:00:00	22,10	22,91	23,02	22,98	22,64	22,27	21,85	21,35	20,89	20,45	20,05	19,65	19,25	18,84	18,42	17,95	17,47	16,97	16,46	15,93	15,40	22,39
10/07/2022 00:05:00	22,04	22,93	22,90	22,74	22,42	22,06	21,67	21,22	20,80	20,41	19,98	19,57	19,15	18,74	18,33	17,88	17,43	16,93	16,43	15,91	15,39	21,93
10/07/2022 00:10:00	22,27	23,10	23,08	22,89	22,46	22,04	21,60	21,07	20,60	20,19	19,79	19,39	19,00	18,59	18,19	17,74	17,29	16,80	16,31	15,80	15,30	21,52
10/07/2022 00:15:00	22,09	23,19	23,16	22,94	22,51	22,07	21,62	21,06	20,57	20,16	19,74	19,34	18,94	18,53	18,12	17,66	17,21	16,72	16,23	15,72	15,22	21,29
10/07/2022 00:20:00	21,33	22,78	22,93	22,80	22,47	22,01	21,51	21,05	20,55	20,01	19,59	19,20	18,80	18,38	17,97	17,49	17,01	16,50	16,00	15,48	14,97	21,19
10/07/2022 00:25:00	20,90	22,36	22,68	22,73	22,53	22,23	21,86	21,41	20,98	20,57	20,15	19,74	19,33	18,90	18,47	18,00	17,52	17,01	16,50	15,97	15,44	21,07
10/07/2022 00:30:00	21,07	22,41	22,61	22,54	22,12	21,68	21,24	20,81	20,35	19,87	19,45	19,07	18,68	18,27	17,87	17,42	16,96	16,47	15,99	15,50	15,00	21,05
10/07/2022 00:35:00	21,09	22,37	22,48	22,39	22,13	21,75	21,32	20,85	20,41	20,00	19,57	19,15	18,74	18,32	17,90	17,44	16,97	16,47	15,97	15,46	14,94	21,17
10/07/2022 00:40:00	21,17	22,38	22,57	22,53	22,18	21,86	21,54	21,12	20,65	20,11	19,66	19,23	18,80	18,37	17,93	17,45	16,97	16,45	15,93	15,39	14,85	21,13
10/07/2022 00:45:00	21,21	22,15	22,15	22,00	21,76	21,42	21,03	20,57	20,15	19,78	19,33	18,90	18,47	18,04	17,62	17,16	16,71	16,22	15,72	15,21	14,69	21,06
10/07/2022 00:50:00	20,87	22,04	22,13	21,98	21,59	21,23	20,87	20,39	19,95	19,56	19,12	18,71	18,29	17,88	17,47	17,03	16,59	16,11	15,63	15,14	14,64	21,03
10/07/2022 00:55:00	20,77	22,19	22,38	22,33	22,07	21,70	21,28	20,83	20,36	19,86	19,42	19,00	18,58	18,14	17,71	17,23	16,75	16,23	15,72	15,19	14,67	20,99
10/07/2022 01:00:00	20,84	22,45	22,75	22,73	22,44	22,08	21,68	21,17	20,72	20,30	19,83	19,37	18,91	18,46	18,01	17,54	17,06	16,55	16,05	15,53	15,01	20,86
10/07/2022 01:05:00	20,59	22,40	22,97	23,17	22,99	22,66	22,25	21,78	21,31	20,84	20,31	19,79	19,27	18,76	18,26	17,74	17,22	16,67	16,13	15,57	15,02	20,89
10/07/2022 01:10:00	20,65	22,41	23,10	23,44	23,38	23,13	22,76	22,29	21,82	21,35	20,81	20,27	19,72	19,19	18,66	18,11	17,57	16,99	16,42	15,84	15,25	20,74
10/07/2022 01:15:00	20,54	22,74	23,49	23,77	23,53	23,16	22,71	22,18	21,68	21,20	20,62	20,05	19,48	18,95	18,41	17,87	17,33	16,77	16,22	15,67	15,11	20,54
10/07/2022 01:20:00	20,34	22,02	22,91	23,46	23,47	23,27	22,94	22,53	22,09	21,61	20,99	20,35	19,72	19,12	18,53	17,95	17,38	16,78	16,18	15,55	14,93	20,36
10/07/2022 01:25:00	20,19	21,85	22,77	23,37	23,43	23,29	22,99	22,56	22,08	21,52	21,02	20,47	19,92	19,37	18,82	18,22	17,63	17,02	16,40	15,77	15,14	20,21
10/07/2022 01:30:00	20,22	22,02	22,82	23,27	23,28	23,06	22,72	22,35	21,93	21,46	20,91	20,34	19,78	19,24	18,70	18,15	17,60	17,03	16,46	15,86	15,27	20,04
10/07/2022 01:35:00	20,09	21,97	22,82	23,30	23,28	23,09	22,79	22,34	21,86	21,34	20,76	20,17	19,58	19,01	18,45	17,87	17,29	16,70	16,10	15,49	14,87	20,04
10/07/2022 01:40:00	19,96	21,88	22,67	23,09	22,98	22,81	22,56	22,14	21,68	21,19	20,63	20,08	19,53	19,00	18,46	17,91	17,37	16,80	16,22	15,63	15,04	19,87
10/07/2022 01:45:00	19,91	22,01	22,75	23,10	22,91	22,64	22,29	21,83	21,38	20,95	20,38	19,82	19,27	18,74	18,22	17,69	17,17	16,62	16,07	15,52	14,96	19,92
10/07/2022 01:50:00	19,99	22,38	23,03	23,28	23,08	22,69	22,23	21,75	21,22	20,65	20,12	19,60	19,09	18,58	18,06	17,52	16,97	16,42	15,86	15,30	14,74	20,04
10/07/2022 01:55:00	19,76	21,91	22,64	22,99	22,90	22,68	22,35	21,93	21,48	21,00	20,49	19,98	19,46	18,96	18,45	17,92	17,39	16,83	16,27	15,70	15,12	19,92
10/07/2022 02:00:00	19,87	21,54	22,44	23,06	23,19	23,06	22,79	22,45	22,05	21,59	21,02	20,43	19,83	19,27	18,70	18,13	17,56	16,96	16,36	15,73	15,10	19,86
10/07/2022 02:05:00	20,26	21,73	22,39	22,80	22,84	22,72	22,47	22,12	21,73	21,30	20,82	20,32	19,81	19,32	18,82	18,29	17,76	17,20	16,63	16,04	15,44	20,13
10/07/2022 02:10:00	20,18	21,91	22,60	22,99	23,00	22,77	22,42	22,06	21,67	21,24	20,68	20,11	19,55	19,01	18,48	17,95	17,42	16,85	16,29	15,71	15,12	20,19
10/07/2022 02:15:00	20,01	21,66	22,39	22,84	22,86	22,71	22,45	22,14	21,74	21,26	20,78	20,29	19,80	19,30	18,81	18,27	17,74	17,18	16,61	16,02	15,42	20,07
10/07/2022 02:20:00	19,89	21,58	22,33	22,79	22,86	22,68	22,39	22,09	21,73	21,30	20,76	20,22	19,68	19,16	18,64	18,11	17,58	17,02	16,45	15,86	15,27	19,88
10/07/2022 02:25:00	19,80	21,56	22,26	22,67	22,70	22,47	22,14	21,82	21,46	21,06	20,55	20,04	19,53	19,04	18,54	18,03	17,51	16,97	16,42	15,85	15,28	19,85
10/07/2022 02:30:00	19,82	21,76	22,50	22,86	22,74	22,51	22,20	21,77	21,35	20,92	20,37	19,83	19,29	18,78	18,26	17,74	17,21	16,67	16,12	15,56	14,99	19,83
10/07/2022 02:35:00	19,71	21,74	22,55	22,99	22,94	22,77	22,49	22,05	21,64	21,25	20,82	20,36	19,91	19,44	18,97	18,45	17,93	17,39	16,84	16,28	15,71	19,89
10/07/2022 02:40:00	19,74	21,75	22,51	22,94	22,99	22,82	22,53	22,16	21,77	21,35	20,87	20,38	19,89	19,40	18,91	18,38	17,85	17,29	16,73	16,15	15,57	19,69
10/07/2022 02:45:00	19,52	21,35	22,17	22,66	22,69	22,62	22,43	22,07	21,66	21,19	20,73	20,25	19,76	19,27	18,78	18,24	17,70	17,13	16,56	15,96	15,37	19,51
10/07/2022 02:50:00	19,29	21,25	21,97	22,44	22,63	22,53	22,31	22,06	21,70	21,25	20,87	20,46	20,05	19,60	19,15	18,63	18,12	17,56	16,99	16,40	15,81	19,33
10/07/2022 02:55:00	19,42	20,85	21,70	22,35	22,61	22,63	22,50	22,26	21,97	21,62	21,16	20,67	20,17	19,67	19,17	18,64	18,12	17,54	16,96	16,34	15,72	19,32
10/07/2022 03:00:00	19,29	21,03	21,97	22,58	22,71	22,64	22,44	22,18	21,85	21,46	20,94	20,41	19,87	19,35	18,84	18,31	17,78	17,21	16,65	16,05	15,46	19,24
10/07/2022 03:05:00	19,21	20,89	21,91	22,62	22,82	22,82	22,66	22,40	22,02	21,54	20,99	20,41	19,82	19,26	18,69	18,12	17,55	16,94	16,33	15,69	15,05	19,32
10/07/2022 03:10:00	19,04	21,14	22,07	22,67	22,87	22,74	22,47	22,18	21,80	21,33	20,78	20,22	19,66	19,12	18,57	18,01	17,46	16,87	16,28	15,67	15,06	19,02
10/07/2022 03:15:00	18,82	21,12	22,04	22,60	22,71	22,65	22,44	22,05	21,64	21,18	20,60	20,02	19,44	18,88	18,32	17,76	17,20	16,60	16,01	15,39	14,78	18,82
10/07/2022 03:20:00	18,72	20,83	21,77	22,38	22,54	22,40	22,13	21,82	21,46	21,05	20,54	20,00	19,47	18,95	18,43	17,89	17,35	16,78	16,21	15,62	15,02	18,76
10/07/2022 03:25:00	18,56	20,89	21,81	22,35	22,40	22,25	21,98	21,61	21,20	20,76	20,26	19,74	19,23	18,72	18,21	17,67	17,13	16,57	16,01	15,43	14,85	18,63
10/07/2022 03:30:00	18,47	20,74	21,62	22,16	22,31	22,22	22,00	21,66	21,32	20,97	20,57	20,14	19,70	19,25	18,80	18,29	17,78	17,23	16,69	16,12	15,56	18,64
10/07/2022 03:35:00	18,47	20,51	21,43	22,06	22,27	22,22	22,06	21,86	21,56	21,17	20,75	20,29	19,84	19,37	18,90	18,39	17,88	17,33	16,77	16,18	15,60	18,70
10/07/2022 03:40:00	18,77	20,60	21,59	22,30	22,55	22,55	22,42	22,25	21,95	21,57	21,16	20,71	20,26	19,79	19,32	18,80	18,28	17,71	17,15	16,55	15,95	18,69
10/07/2022 03:45:00	18,58	20,77	21,94	22,70	22,83	22,77	22,59	22,33	21,96	21,50	20,90	20,30	19,69	19,12	18,55	17,98	17,41	16,82	16,22	15,61	14,99	18,51
10/07/2022 03:50:00	18,26	20,38	21,63	22,50	22,77	22,77	22,61	22,37	22,05	21,64	21,10	20,52	19,95	19,40	18,84	18,27	17,71	17,11	16,51	15,89	15,26	18,42
10/07/2022 03:55:00	18,26	20,46	21,72	22,64	23,01	23,07	22,96	22,73	22,44	22,09	21,54	20,96	20,38	19,82	19,26	18,69	18,12	17,52	16,91	16,27	15,64	18,32
10/07/2022 04:00:00	18,35	20,71	21,97	22,84	23,16	23,14	22,94	22,68	22,35	21,95	21,41	20,83	20,25	19,69	19,13	18,56	17,98	17,38	16,77	16,14	15,51	18,10
10/07/2022 04:05:00	18,31	20,67	21,88	22,70	22,95	22,92	22,73	22,43	22,07	21,65	21,08	20,49	19,91	19,34	18,77	18,19	17,62	17,01	16,41	15,78	15,15	18,01
10/07/2022 04:10:00	18,07	21,04	22,15	22,78	22,83	22,63	22,32	21,94	21,52	21,05	20,45	19,87	19,29	18,73	18,17	17,61	17,05	16,47	15,90	15,31	14,73	17,88
10/07/2022 04:15:00	18,17	20,75	21,90	22,57	22,56	22,38	22,05	21,60	21,16	20,71	20,07	19,43	18,80	18,21	17,61	17,04	16,46	15,88	15,30	14,72	14,13	17,86
10/07/2022 04:20:00	18,26	20,66	21,67	22,26	22,30	22,14	21,87	21,51	21,10	20,65	20,04	19,44	18,84	18,28	17,72	17,17	16,61	16,04	15,47	14,88	14,29	17,82
10/07/2022 04:25:00	18,17	20,77	21,62	22,06	22,02	21,79	21,47	21,08	20,60	20,07	19,51	18,96	18,41	17,88	17,34	16,80	16,25	15,69	15,12	14,55	13,98	17,79
10/07/2022 04:30:00	18,51	21,08	21,79	22,04	21,83	21,53	21,16	20,71	20,23	19,74	19,19	18,66	18,14	17,64	17,13	16,62	16,11	15,58	15,05	14,53	14,00	17,62
10/07/2022 04:35:00	18,04	20,65	21,43	21,77	21,59	21,28	20,87	20,35	19,88	19,42	18,90	18,39	17,89	17,39	16,89	16,37	15,84	15,32	14,79	14,27	13,75	17,49
10/07/2022 04:40:00	17,81	20,42	21,15	21,41	21,23	20,80	20,33	19,96	19,48	18,94	18,46	17,99	17,52	17,05	16,58	16,08	15,57	15,07	14,57	14,07	13,57	17,48
10/07/2022 04:45:00	16,95	18,86	20,03	20,84	21,05	21,06	20,93	20,71	20,41	20,04	19,52	18,97	18,43	17,90	17,37	16,84	16,31	15,75	15,19	14,60	14,02	17,58
10/07/2022 04:50:00	17,03	19,30	20,46	21,23	21,43	21,40	21,26	21,03	20,74	20,41	19,93	19,43	18,94	18,44	17,95	17,44	16,92	16,38	15,84	15,28	14,71	17,51
10/07/2022 04:55:00	17,51	19,97	21,13	21,86	21,93	21,90	21,75	21,44	21,08	20,68	20,20	19,69	19,18	18,68	18,17	17,64	17,11	16,55	15,99	15,42	14,84	17,70
10/07/2022 05:00:00	17,74	20,30	21,44	22,16	22,33	22,27	22,07	21,77	21,34	20,81	20,41	19,95	19,49	18,99	18,50	17,93	17,37	16,79	16,21	15,60	15,00	17,64
10/07/2022 05:05:00	17,71	20,24	21,34	22,02	22,10	22,07	21,92	21,64	21,29	20,89	20,40	19,91	19,41	18,92	18,42	17,90	17,37	16,82	16,26	15,69	15,11	17,65
10/07/2022 05:10:00	17,84	20,50	21,53	22,15	22,27	22,10	21,82	21,54	21,18	20,76	20,31	19,83	19,36	18,88	18,40	17,88	17,36	16,81	16,26	15,70	15,14	17,64
10/07/2022 05:15:00	17,80	20,60	21,63	22,22	22,28	22,14	21,88	21,48	21,06	20,61	20,13	19,64	19,15	18,65	18,15	17,60	17,06	16,50	15,94	15,36	14,79	17,69
10/07/2022 05:20:00	17,76	20,43	21,55	22,23	22,36	22,20	21,94	21,67	21,30	20,87	20,35	19,83	19,31	18,79	18,27	17,74	17,20	16,64	16,09	15,52	14,94	17,71
10/07/2022 05:25:00	17,70	20,24	21,44	22,22	22,41	22,42	22,28	22,03	21,66	21,21	20,75	20,25	19,74	19,23	18,72	18,17	17,62	17,04	16,45	15,85	15,24	17,71
10/07/2022 05:30:00	17,73	20,30	21,43	22,12	22,23	22,20	22,03	21,71	21,37	21,00	20,58	20,13	19,68	19,21	18,74	18,22	17,70	17,15	16,60	16,04	15,47	17,55
10/07/2022 05:35:00	17,67	20,50	21,67	22,36	22,42	22,35	22,14	21,78	21,44	21,08	20,55	20,03	19,51	18,99	18,48	17,96	17,43	16,88	16,32	15,76	15,19	17,65
10/07/2022 05:40:00	17,83	20,91	22,01	22,61	22,67	22,55	22,28	21,85	21,41	20,94	20,42	19,88	19,35	18,82	18,29	17,73	17,17	16,60	16,03	15,44	14,86	17,79
10/07/2022 05:45:00	17,93	20,55	21,66	22,39	22,64	22,55	22,32	22,03	21,67	21,27	20,79	20,29	19,79	19,28	18,77	18,22	17,67	17,10	16,52	15,93	15,33	17,85
10/07/2022 05:50:00	17,52	20,05	21,41	22,36	22,69	22,67	22,48	22,21	21,90	21,54	21,04	20,51	19,97	19,43	18,90	18,33	17,77	17,18	16,59	15,99	15,38	17,97
10/07/2022 05:55:00	17,85	20,40	21,70	22,57	22,86	22,86	22,71	22,51	22,19	21,77	21,32	20,82	20,33	19,82	19,31	18,76	18,20	17,62	17,04	16,43	15,83	18,04
10/07/2022 06:00:00	17,89	20,34	21,61	22,54	22,97	23,03	22,91	22,68	22,38	21,99	21,49	20,94	20,40	19,85	19,31	18,74	18,16	17,55	16,94	16,30	15,66	18,51
10/07/2022 06:05:00	17,84	20,35	21,70	22,63	22,92	23,02	22,95	22,73	22,45	22,11	21,56	20,99	20,42	19,88	19,33	18,78	18,23	17,64	17,05	16,42	15,80	18,56
10/07/2022 06:10:00	17,95	20,44	21,84	22,79	23,05	23,08	22,94	22,66	22,35	21,99	21,45	20,88	20,31	19,75	19,20	18,63	18,06	17,47	16,88	16,26	15,64	18,87
10/07/2022 06:15:00	17,75	20,30	21,77	22,78	23,08	23,13	23,00	22,75	22,39	21,94	21,45	20,91	20,36	19,81	19,25	18,66	18,08	17,46	16,85	16,22	15,58	19,57
10/07/2022 06:20:00	17,39	19,67	21,15	22,25	22,72	22,93	22,96	22,87	22,62	22,26	21,75	21,20	20,65	20,10	19,56	18,99	18,43	17,81	17,20	16,55	15,90	18,16
10/07/2022 06:25:00	17,27	19,52	21,02	22,12	22,57	22,74	22,75	22,67	22,43	22,07	21,57	21,03	20,48	19,94	19,40	18,84	18,28	17,68	17,08	16,44	15,80	17,66
10/07/2022 06:30:00	17,27	19,57	20,99	22,03	22,45	22,64	22,66	22,57	22,33	21,97	21,56	21,08	20,60	20,10	19,61	19,07	18,52	17,94	17,35	16,72	16,09	17,60
10/07/2022 06:35:00	17,55	19,80	21,16	22,17	22,61	22,79	22,77	22,55	22,31	22,03	21,56	21,04	20,52	20,00	19,48	18,93	18,37	17,78	17,19	16,55	15,92	18,74
10/07/2022 06:40:00	17,76	19,78	21,03	21,94	22,34	22,58	22,64	22,52	22,29	21,97	21,55	21,09	20,62	20,14	19,66	19,13	18,61	18,03	17,45	16,82	16,19	19,45
10/07/2022 06:45:00	17,54	19,61	21,01	22,07	22,51	22,70	22,69	22,53	22,29	21,99	21,60	21,13	20,67	20,18	19,68	19,14	18,59	18,00	17,41	16,79	16,16	18,21
10/07/2022 06:50:00	17,63	19,58	21,02	22,16	22,70	22,89	22,89	22,76	22,52	22,15	21,69	21,15	20,61	20,06	19,52	18,94	18,36	17,74	17,11	16,45	15,78	17,68
10/07/2022 06:55:00	17,79	19,89	21,24	22,26	22,73	22,85	22,80	22,68	22,40	21,99	21,53	21,01	20,49	19,96	19,43	18,86	18,29	17,68	17,06	16,41	15,76	18,34
10/07/2022 07:00:00	18,22	20,25	21,51	22,44	22,75	22,91	22,92	22,75	22,53	22,26	21,82	21,34	20,86	20,37	19,89	19,37	18,84	18,27	17,70	17,09	16,48	18,24
10/07/2022 07:05:00	18,27	20,54	21,84	22,78	23,10	23,22	23,20	23,05	22,74	22,32	21,91	21,43	20,96	20,47	19,97	19,42	18,86	18,26	17,66	17,03	16,39	18,27
10/07/2022 07:10:00	18,44	20,73	21,96	22,84	23,19	23,26	23,16	22,92	22,67	22,38	21,91	21,41	20,90	20,40	19,89	19,35	18,82	18,23	17,65	17,04	16,42	18,64
10/07/2022 07:15:00	18,67	20,89	22,14	23,01	23,26	23,26	23,14	22,98	22,68	22,29	21,84	21,35	20,86	20,36	19,86	19,32	18,78	18,20	17,62	17,01	16,40	19,39
10/07/2022 07:20:00	19,07	21,12	22,28	23,08	23,30	23,40	23,33	23,07	22,78	22,46	21,92	21,35	20,78	20,23	19,69	19,15	18,60	18,01	17,42	16,79	16,17	20,30
10/07/2022 07:25:00	19,51	21,35	22,42	23,17	23,43	23,46	23,31	23,03	22,71	22,34	21,84	21,30	20,76	20,22	19,69	19,14	18,58	17,98	17,39	16,75	16,12	21,06
10/07/2022 07:30:00	19,75	21,41	22,32	22,93	23,08	23,10	22,98	22,67	22,35	22,03	21,63	21,18	20,73	20,27	19,80	19,29	18,77	18,21	17,65	17,05	16,45	21,24
10/07/2022 07:35:00	19,98	21,30	22,16	22,78	22,91	22,86	22,69	22,49	22,23	21,92	21,53	21,09	20,66	20,22	19,77	19,28	18,78	18,24	17,69	17,11	16,53	21,89
10/07/2022 07:40:00	19,88	21,18	22,02	22,64	22,80	22,86	22,83	22,71	22,47	22,11	21,75	21,35	20,96	20,53	20,10	19,62	19,13	18,58	18,03	17,43	16,83	22,98
10/07/2022 07:45:00	20,02	21,36	22,22	22,83	22,95	22,88	22,70	22,50	22,22	21,88	21,49	21,07	20,64	20,20	19,76	19,26	18,76	18,21	17,67	17,09	16,51	22,99
10/07/2022 07:50:00	20,04	21,45	22,24	22,79	22,91	22,90	22,78	22,55	22,30	22,03	21,60	21,14	20,68	20,22	19,76	19,28	18,79	18,25	17,71	17,13	16,55	20,61
10/07/2022 07:55:00	19,93	21,67	22,46	22,94	22,95	22,88	22,72	22,43	22,13	21,82	21,42	20,99	20,56	20,12	19,68	19,20	18,72	18,19	17,66	17,10	16,53	20,59
10/07/2022 08:00:00	20,03	21,87	22,61	23,06	23,10	22,99	22,78	22,52	22,22	21,87	21,42	20,96	20,49	20,03	19,58	19,09	18,59	18,05	17,51	16,94	16,37	21,03
10/07/2022 08:05:00	20,37	22,07	22,80	23,21	23,14	22,94	22,63	22,24	21,88	21,53	21,14	20,73	20,31	19,88	19,44	18,95	18,45	17,93	17,40	16,85	16,30	21,19
10/07/2022 08:10:00	20,68	22,26	22,95	23,36	23,26	23,09	22,84	22,47	22,11	21,73	21,28	20,81	20,34	19,87	19,40	18,89	18,39	17,85	17,30	16,74	16,17	21,59
10/07/2022 08:15:00	20,54	22,16	22,89	23,27	23,12	22,94	22,69	22,32	21,97	21,64	21,22	20,79	20,35	19,92	19,48	19,00	18,51	18,00	17,48	16,94	16,39	21,22
10/07/2022 08:20:00	20,56	22,18	22,78	23,13	23,18	23,00	22,69	22,30	21,94	21,61	21,18	20,72	20,27	19,81	19,35	18,85	18,35	17,80	17,26	16,69	16,12	21,02
10/07/2022 08:25:00	20,54	21,88	22,60	23,06	23,09	22,99	22,81	22,60	22,31	21,94	21,52	21,08	20,64	20,20	19,75	19,26	18,77	18,24	17,70	17,12	16,55	20,73
10/07/2022 08:30:00	20,56	21,36	22,17	22,82	23,05	23,10	23,00	22,79	22,51	22,17	21,72	21,21	20,71	20,21	19,71	19,18	18,65	18,07	17,49	16,86	16,23	20,70
10/07/2022 08:35:00	20,74	21,48	22,20	22,82	23,05	23,17	23,15	22,95	22,71	22,42	21,93	21,39	20,85	20,34	19,83	19,31	18,80	18,21	17,63	16,99	16,35	20,78
10/07/2022 08:40:00	20,99	21,62	22,28	22,76	22,85	22,78	22,61	22,41	22,19	21,94	21,55	21,11	20,68	20,24	19,81	19,34	18,87	18,35	17,83	17,26	16,69	21,97
10/07/2022 08:45:00	21,22	21,76	22,12	22,44	22,68	22,64	22,46	22,33	22,13	21,88	21,56	21,20	20,84	20,45	20,06	19,62	19,17	18,65	18,12	17,55	16,97	21,38
10/07/2022 08:50:00	21,28	21,98	22,28	22,48	22,56	22,49	22,32	22,15	21,94	21,71	21,42	21,09	20,77	20,42	20,06	19,64	19,22	18,73	18,23	17,69	17,15	21,31
10/07/2022 08:55:00	21,45	21,94	22,35	22,65	22,69	22,66	22,54	22,35	22,13	21,89	21,49	21,07	20,64	20,22	19,81	19,36	18,91	18,40	17,88	17,31	16,74	21,79
10/07/2022 09:00:00	21,52	22,02	22,34	22,57	22,60	22,48	22,27	22,09	21,85	21,55	21,25	20,91	20,58	20,21	19,84	19,41	18,97	18,47	17,96	17,42	16,87	21,98
10/07/2022 09:05:00	21,98	22,25	22,52	22,71	22,74	22,64	22,48	22,32	22,13	21,91	21,60	21,27	20,93	20,57	20,22	19,80	19,39	18,89	18,40	17,86	17,32	22,07
10/07/2022 09:10:00	22,02	22,30	22,52	22,69	22,68	22,61	22,46	22,26	22,01	21,71	21,48	21,21	20,94	20,62	20,29	19,87	19,45	18,95	18,45	17,90	17,35	22,01
10/07/2022 09:15:00	22,26	22,54	22,69	22,75	22,63	22,51	22,36	22,14	21,90	21,65	21,38	21,08	20,79	20,46	20,13	19,73	19,33	18,85	18,37	17,85	17,32	22,06
10/07/2022 09:20:00	22,38	22,77	22,87	22,88	22,85	22,67	22,41	22,13	21,87	21,62	21,34	21,03	20,72	20,38	20,04	19,62	19,21	18,72	18,24	17,71	17,18	22,42
10/07/2022 09:25:00	22,58	22,69	22,73	22,74	22,64	22,44	22,18	21,99	21,79	21,60	21,40	21,16	20,92	20,64	20,36	19,98	19,61	19,16	18,71	18,21	17,72	23,14
10/07/2022 09:30:00	22,72	22,80	22,83	22,85	22,77	22,58	22,31	22,07	21,79	21,49	21,26	21,00	20,74	20,43	20,12	19,70	19,29	18,80	18,31	17,78	17,25	22,93
10/07/2022 09:35:00	22,94	22,91	22,85	22,78	22,64	22,40	22,11	21,91	21,69	21,43	21,19	20,93	20,67	20,36	20,06	19,68	19,29	18,83	18,37	17,86	17,36	22,89
10/07/2022 09:40:00	23,19	22,91	22,87	22,86	22,80	22,69	22,49	22,19	21,92	21,70	21,44	21,13	20,82	20,48	20,13	19,72	19,31	18,81	18,32	17,77	17,23	23,26
10/07/2022 09:45:00	23,41	23,17	23,09	23,03	22,87	22,65	22,39	22,11	21,83	21,54	21,25	20,94	20,62	20,28	19,94	19,52	19,11	18,62	18,13	17,60	17,06	23,33
10/07/2022 09:50:00	23,54	23,48	23,29	23,08	22,80	22,51	22,20	21,84	21,51	21,23	21,03	20,81	20,60	20,32	20,04	19,65	19,27	18,81	18,35	17,86	17,36	23,61
10/07/2022 09:55:00	23,71	23,63	23,42	23,20	22,89	22,61	22,33	21,97	21,63	21,33	21,10	20,86	20,62	20,33	20,03	19,64	19,24	18,78	18,31	17,80	17,29	23,72
10/07/2022 10:00:00	23,88	23,97	23,75	23,50	23,22	22,90	22,56	22,21	21,85	21,48	21,15	20,83	20,50	20,15	19,80	19,38	18,96	18,47	17,98	17,44	16,91	24,74
10/07/2022 10:05:00	24,20	24,05	23,77	23,42	22,93	22,55	22,22	21,88	21,52	21,13	20,90	20,70	20,51	20,24	19,98	19,60	19,22	18,78	18,33	17,85	17,37	24,34
10/07/2022 10:10:00	24,30	24,18	23,97	23,68	23,27	22,82	22,36	22,00	21,62	21,23	20,96	20,70	20,45	20,14	19,84	19,43	19,03	18,56	18,10	17,61	17,12	24,31
10/07/2022 10:15:00	24,47	24,28	24,00	23,70	23,30	22,90	22,50	22,13	21,76	21,39	21,07	20,76	20,44	20,11	19,77	19,36	18,95	18,47	17,99	17,48	16,97	24,71
10/07/2022 10:20:00	24,63	24,25	24,01	23,78	23,46	23,13	22,77	22,46	22,12	21,74	21,37	21,00	20,63	20,25	19,87	19,45	19,02	18,52	18,02	17,48	16,94	24,46
10/07/2022 10:25:00	24,82	24,54	24,22	23,90	23,49	23,07	22,65	22,34	21,99	21,57	21,24	20,93	20,62	20,29	19,95	19,54	19,13	18,65	18,17	17,66	17,14	25,61
10/07/2022 10:30:00	25,00	24,75	24,36	23,95	23,53	23,04	22,52	22,13	21,76	21,39	21,08	20,79	20,49	20,17	19,85	19,45	19,04	18,58	18,12	17,62	17,13	25,06
10/07/2022 10:35:00	25,14	24,85	24,43	24,00	23,58	23,13	22,66	22,20	21,80	21,51	21,22	20,92	20,62	20,29	19,97	19,57	19,17	18,71	18,25	17,75	17,26	25,30
10/07/2022 10:40:00	25,28	24,97	24,51	24,05	23,61	23,16	22,71	22,23	21,81	21,48	21,19	20,89	20,59	20,27	19,94	19,54	19,14	18,67	18,20	17,70	17,20	25,63
10/07/2022 10:45:00	25,46	24,97	24,50	24,04	23,55	23,10	22,67	22,22	21,80	21,42	21,14	20,89	20,64	20,35	20,05	19,64	19,24	18,78	18,31	17,81	17,31	25,58
10/07/2022 10:50:00	25,46	25,10	24,61	24,10	23,69	23,18	22,60	22,22	21,85	21,50	21,23	20,99	20,74	20,45	20,16	19,78	19,39	18,94	18,49	18,01	17,52	25,83
10/07/2022 10:55:00	25,60	25,03	24,55	24,10	23,57	23,09	22,64	22,24	21,90	21,65	21,45	21,23	21,02	20,76	20,50	20,15	19,79	19,37	18,94	18,48	18,02	26,79
10/07/2022 11:00:00	25,65	25,32	24,84	24,34	23,88	23,37	22,85	22,50	22,15	21,80	21,51	21,25	20,98	20,68	20,38	20,00	19,62	19,17	18,71	18,23	17,74	25,84
10/07/2022 11:05:00	25,79	25,42	24,89	24,33	23,87	23,41	22,97	22,57	22,21	21,90	21,63	21,37	21,11	20,82	20,53	20,15	19,78	19,33	18,88	18,39	17,90	26,39
10/07/2022 11:10:00	25,90	25,53	25,00	24,49	24,22	23,84	23,36	22,90	22,50	22,22	21,92	21,60	21,28	20,94	20,60	20,19	19,78	19,29	18,80	18,26	17,73	26,13
10/07/2022 11:15:00	26,02	25,44	25,00	24,60	24,20	23,78	23,33	22,95	22,60	22,29	21,95	21,60	21,24	20,88	20,52	20,12	19,71	19,23	18,74	18,22	17,70	25,91
10/07/2022 11:20:00	26,00	25,65	25,19	24,80	24,48	24,12	23,73	23,33	22,91	22,46	22,05	21,67	21,28	20,88	20,48	20,03	19,57	19,04	18,50	17,92	17,34	25,76
10/07/2022 11:25:00	26,17	25,70	25,25	24,80	24,29	23,91	23,59	23,11	22,69	22,40	22,07	21,71	21,35	21,00	20,64	20,23	19,83	19,34	18,86	18,33	17,81	26,21
10/07/2022 11:30:00	26,24	25,80	25,29	24,81	24,48	24,11	23,70	23,22	22,76	22,33	21,95	21,60	21,24	20,86	20,48	20,03	19,57	19,05	18,52	17,95	17,38	26,86
10/07/2022 11:35:00	26,36	25,99	25,51	25,02	24,48	24,03	23,64	23,14	22,70	22,35	21,99	21,62	21,24	20,87	20,50	20,09	19,67	19,18	18,69	18,16	17,63	26,75
10/07/2022 11:40:00	26,42	26,04	25,56	25,08	24,64	24,21	23,79	23,34	22,89	22,43	22,00	21,59	21,19	20,78	20,38	19,93	19,48	18,95	18,43	17,86	17,29	26,49
10/07/2022 11:45:00	26,58	26,20	25,75	25,29	24,76	24,23	23,69	23,18	22,69	22,28	21,87	21,47	21,07	20,67	20,27	19,83	19,39	18,88	18,37	17,84	17,30	27,39
10/07/2022 11:50:00	26,72	26,27	25,74	25,19	24,65	24,12	23,60	23,10	22,60	22,07	21,67	21,33	21,00	20,63	20,27	19,82	19,37	18,86	18,35	17,80	17,26	26,56
10/07/2022 11:55:00	26,67	26,29	25,79	25,29	24,77	24,25	23,73	23,20	22,72	22,33	21,93	21,54	21,14	20,75	20,35	19,92	19,48	18,97	18,47	17,93	17,40	26,13
10/07/2022 12:00:00	26,70	26,44	25,99	25,48	24,83	24,25	23,72	23,11	22,57	22,15	21,74	21,35	20,95	20,55	20,15	19,71	19,27	18,77	18,27	17,75	17,23	27,50
10/07/2022 12:05:00	26,73	26,41	25,82	25,18	24,55	23,94	23,34	22,83	22,35	21,92	21,57	21,26	20,94	20,61	20,28	19,87	19,46	18,98	18,51	18,02	17,52	26,73
10/07/2022 12:10:00	26,79	26,48	25,96	25,42	24,88	24,32	23,75	23,23	22,77	22,40	21,99	21,55	21,12	20,71	20,30	19,87	19,43	18,94	18,44	17,91	17,38	27,23
10/07/2022 12:15:00	27,11	26,71	26,20	25,66	25,11	24,54	23,95	23,45	22,97	22,55	22,11	21,67	21,24	20,82	20,41	19,96	19,52	19,01	18,50	17,96	17,42	26,76
10/07/2022 12:20:00	27,28	26,90	26,36	25,77	25,13	24,57	24,06	23,54	23,04	22,61	22,18	21,78	21,37	20,98	20,58	20,15	19,71	19,21	18,71	18,17	17,64	27,36
10/07/2022 12:25:00	27,25	26,83	26,33	25,80	25,16	24,59	24,08	23,53	23,02	22,58	22,20	21,85	21,51	21,15	20,79	20,35	19,92	19,42	18,92	18,40	17,87	27,90
10/07/2022 12:30:00	27,34	26,88	26,31	25,72	25,19	24,72	24,27	23,80	23,34	22,92	22,51	22,11	21,72	21,33	20,94	20,50	20,07	19,56	19,04	18,49	17,93	27,63
10/07/2022 12:35:00	27,36	26,89	26,38	25,86	25,31	24,76	24,22	23,69	23,19	22,75	22,33	21,93	21,53	21,12	20,72	20,27	19,83	19,31	18,80	18,25	17,70	27,78
10/07/2022 12:40:00	27,18	26,88	26,34	25,76	25,12	24,55	24,04	23,54	23,09	22,72	22,38	22,07	21,75	21,41	21,08	20,68	20,28	19,80	19,33	18,83	18,32	27,43
10/07/2022 12:45:00	27,46	27,10	26,60	26,03	25,42	24,86	24,33	23,87	23,42	22,94	22,49	22,08	21,66	21,26	20,86	20,42	19,98	19,47	18,96	18,41	17,86	27,65
10/07/2022 12:50:00	27,65	27,26	26,77	26,27	25,71	25,19	24,70	24,20	23,70	23,14	22,66	22,24	21,82	21,40	20,98	20,50	20,02	19,48	18,93	18,34	17,76	28,79
10/07/2022 12:55:00	27,72	27,33	26,86	26,35	25,76	25,19	24,63	24,14	23,69	23,29	22,90	22,52	22,14	21,76	21,38	20,95	20,52	20,02	19,52	18,99	18,46	29,37
10/07/2022 13:00:00	27,59	27,25	26,80	26,31	25,69	25,10	24,54	24,03	23,55	23,10	22,66	22,23	21,80	21,38	20,97	20,52	20,07	19,56	19,04	18,50	17,95	29,37
10/07/2022 13:05:00	27,98	27,55	27,04	26,50	25,92	25,32	24,73	24,22	23,73	23,28	22,86	22,48	22,09	21,70	21,30	20,86	20,41	19,90	19,38	18,84	18,29	28,63
10/07/2022 13:10:00	28,04	27,54	27,04	26,53	26,00	25,47	24,92	24,34	23,77	23,26	22,78	22,35	21,92	21,49	21,05	20,56	20,08	19,52	18,97	18,39	17,80	29,48
10/07/2022 13:15:00	28,07	27,63	27,11	26,54	25,87	25,22	24,58	24,02	23,48	22,99	22,52	22,07	21,62	21,19	20,76	20,29	19,83	19,31	18,79	18,24	17,69	28,28
10/07/2022 13:20:00	27,97	27,61	27,00	26,33	25,60	24,88	24,18	23,63	23,10	22,57	22,11	21,73	21,35	20,96	20,57	20,12	19,68	19,18	18,68	18,16	17,64	27,97
10/07/2022 13:25:00	27,94	27,55	26,99	26,40	25,77	25,17	24,60	24,05	23,54	23,12	22,65	22,18	21,70	21,26	20,83	20,37	19,92	19,40	18,88	18,33	17,78	28,26
10/07/2022 13:30:00	27,93	27,59	26,99	26,38	25,82	25,22	24,61	24,07	23,55	23,06	22,60	22,16	21,73	21,30	20,88	20,41	19,95	19,42	18,89	18,33	17,76	28,07
10/07/2022 13:35:00	27,92	27,48	26,89	26,26	25,60	24,97	24,37	23,85	23,36	22,95	22,55	22,15	21,76	21,37	20,99	20,56	20,14	19,64	19,15	18,63	18,11	27,59
10/07/2022 13:40:00	27,91	27,51	26,97	26,38	25,82	25,23	24,62	24,07	23,55	23,10	22,68	22,28	21,88	21,49	21,09	20,63	20,18	19,67	19,15	18,61	18,06	27,78
10/07/2022 13:45:00	27,97	27,62	27,15	26,62	25,95	25,33	24,74	24,19	23,67	23,21	22,77	22,36	21,95	21,54	21,14	20,68	20,23	19,72	19,21	18,66	18,12	28,09
10/07/2022 13:50:00	28,11	27,84	27,28	26,68	26,14	25,60	25,07	24,55	24,04	23,59	23,10	22,61	22,12	21,67	21,22	20,75	20,28	19,74	19,19	18,61	18,03	28,97
10/07/2022 13:55:00	28,31	27,72	27,20	26,66	26,13	25,56	24,96	24,45	23,98	23,56	23,17	22,79	22,40	22,02	21,63	21,19	20,74	20,23	19,71	19,17	18,62	28,68
10/07/2022 14:00:00	28,22	27,80	27,26	26,71	26,20	25,64	25,03	24,54	24,03	23,46	22,98	22,58	22,18	21,76	21,35	20,86	20,38	19,83	19,28	18,69	18,11	29,62
10/07/2022 14:05:00	28,39	27,90	27,29	26,71	26,21	25,66	25,07	24,59	24,10	23,59	23,12	22,69	22,25	21,83	21,40	20,93	20,46	19,91	19,36	18,78	18,19	28,80
10/07/2022 14:10:00	28,48	28,02	27,49	26,98	26,50	26,02	25,51	25,00	24,47	23,90	23,38	22,92	22,46	22,00	21,55	21,04	20,54	19,96	19,38	18,76	18,14	28,99
10/07/2022 14:15:00	28,54	28,07	27,42	26,79	26,24	25,69	25,15	24,64	24,16	23,70	23,29	22,89	22,50	22,10	21,71	21,26	20,81	20,28	19,75	19,18	18,62	29,53
10/07/2022 14:20:00	28,68	28,27	27,79	27,35	26,95	26,51	26,02	25,52	24,99	24,44	23,85	23,28	22,70	22,16	21,63	21,10	20,57	19,96	19,34	18,68	18,02	29,96
10/07/2022 14:25:00	28,72	28,39	27,84	27,24	26,62	25,98	25,32	24,68	24,08	23,58	23,11	22,67	22,24	21,80	21,37	20,89	20,40	19,86	19,32	18,75	18,18	28,60
10/07/2022 14:30:00	28,61	28,08	27,45	26,79	26,11	25,51	24,96	24,44	23,97	23,65	23,32	22,94	22,57	22,21	21,85	21,45	21,04	20,56	20,08	19,57	19,05	28,24
10/07/2022 14:35:00	28,88	28,51	28,01	27,44	26,74	26,09	25,49	24,82	24,20	23,68	23,26	22,91	22,57	22,20	21,82	21,35	20,87	20,35	19,82	19,27	18,71	29,64
10/07/2022 14:40:00	28,74	28,21	27,69	27,15	26,51	25,90	25,31	24,82	24,35	23,88	23,46	23,08	22,69	22,31	21,92	21,47	21,03	20,51	19,99	19,44	18,89	29,51
10/07/2022 14:45:00	29,08	28,45	27,85	27,28	26,76	26,21	25,62	25,10	24,59	24,10	23,63	23,18	22,74	22,30	21,86	21,39	20,91	20,36	19,80	19,21	18,62	29,63
10/07/2022 14:50:00	29,02	28,58	28,11	27,61	27,10	26,49	25,80	25,16	24,54	23,97	23,42	22,90	22,38	21,88	21,39	20,86	20,33	19,74	19,16	18,54	17,92	28,96
10/07/2022 14:55:00	28,93	28,40	27,82	27,24	26,57	25,96	25,41	24,84	24,28	23,73	23,24	22,82	22,40	21,98	21,56	21,08	20,60	20,06	19,51	18,93	18,35	29,22
10/07/2022 15:00:00	28,71	28,26	27,71	27,15	26,57	25,98	25,37	24,76	24,18	23,72	23,31	22,94	22,57	22,17	21,78	21,31	20,85	20,31	19,78	19,22	18,66	28,71
10/07/2022 15:05:00	28,77	28,54	28,03	27,47	26,86	26,29	25,76	25,12	24,50	23,98	23,52	23,11	22,70	22,28	21,86	21,37	20,88	20,32	19,76	19,17	18,59	28,51
10/07/2022 15:10:00	28,96	28,55	28,04	27,49	26,91	26,34	25,78	25,22	24,69	24,23	23,79	23,36	22,93	22,51	22,09	21,62	21,15	20,61	20,07	19,49	18,92	28,62
10/07/2022 15:15:00	28,99	28,53	28,02	27,49	26,86	26,21	25,55	25,10	24,65	24,19	23,72	23,25	22,79	22,36	21,93	21,48	21,02	20,49	19,97	19,41	18,84	28,43
10/07/2022 15:20:00	29,07	28,68	28,13	27,55	26,95	26,39	25,86	25,31	24,78	24,31	23,91	23,55	23,20	22,82	22,44	21,99	21,53	21,00	20,46	19,89	19,32	30,51
10/07/2022 15:25:00	29,25	28,92	28,42	27,85	27,19	26,48	25,72	25,05	24,43	23,95	23,48	23,01	22,54	22,08	21,63	21,14	20,65	20,11	19,57	19,01	18,45	31,20
10/07/2022 15:30:00	28,95	28,44	27,85	27,22	26,63	26,01	25,37	24,85	24,36	23,88	23,43	23,03	22,62	22,21	21,81	21,35	20,90	20,37	19,84	19,28	18,72	28,78
10/07/2022 15:35:00	28,57	28,26	27,75	27,22	26,59	26,04	25,56	24,98	24,44	23,98	23,55	23,14	22,74	22,33	21,93	21,46	21,00	20,46	19,93	19,35	18,78	28,42
10/07/2022 15:40:00	28,73	28,45	27,93	27,38	26,82	26,28	25,78	25,26	24,75	24,24	23,79	23,39	22,99	22,58	22,17	21,70	21,23	20,68	20,14	19,55	18,96	28,89
10/07/2022 15:45:00	29,03	28,57	28,06	27,50	26,73	26,07	25,53	24,92	24,36	23,90	23,48	23,07	22,66	22,25	21,85	21,40	20,94	20,43	19,91	19,37	18,82	29,80
10/07/2022 15:50:00	29,12	28,61	28,01	27,41	26,81	26,18	25,54	25,07	24,59	24,05	23,54	23,09	22,63	22,20	21,76	21,28	20,81	20,26	19,71	19,13	18,55	29,46
10/07/2022 15:55:00	29,18	28,64	27,97	27,25	26,63	26,00	25,36	24,80	24,28	23,80	23,37	22,98	22,60	22,21	21,82	21,37	20,92	20,40	19,87	19,32	18,76	29,78
10/07/2022 16:00:00	29,17	28,48	27,94	27,39	26,72	26,13	25,60	25,04	24,51	24,09	23,65	23,20	22,74	22,32	21,89	21,43	20,97	20,44	19,91	19,35	18,78	29,47
10/07/2022 16:05:00	29,06	28,68	28,20	27,67	27,02	26,42	25,87	25,33	24,80	24,28	23,79	23,33	22,87	22,43	21,98	21,50	21,02	20,47	19,92	19,34	18,75	29,56
10/07/2022 16:10:00	29,23	28,76	28,15	27,52	26,84	26,24	25,73	25,22	24,71	24,17	23,68	23,26	22,84	22,42	22,01	21,54	21,08	20,53	19,99	19,41	18,82	30,56
10/07/2022 16:15:00	29,43	28,94	28,29	27,60	26,92	26,25	25,59	25,01	24,49	24,06	23,66	23,25	22,83	22,43	22,04	21,59	21,15	20,64	20,13	19,58	19,04	29,90
10/07/2022 16:20:00	29,16	28,58	28,11	27,65	27,12	26,63	26,17	25,67	25,18	24,70	24,21	23,72	23,23	22,77	22,31	21,83	21,34	20,77	20,20	19,59	18,97	29,77
10/07/2022 16:25:00	29,14	28,78	28,30	27,78	27,14	26,50	25,89	25,32	24,78	24,27	23,81	23,38	22,95	22,53	22,11	21,63	21,15	20,61	20,07	19,50	18,92	29,55
10/07/2022 16:30:00	29,35	28,81	28,30	27,81	27,33	26,82	26,27	25,75	25,21	24,62	24,08	23,61	23,14	22,67	22,20	21,68	21,16	20,57	19,97	19,34	18,70	29,82
10/07/2022 16:35:00	29,28	28,93	28,34	27,69	27,01	26,35	25,74	25,16	24,61	24,15	23,71	23,28	22,85	22,44	22,03	21,57	21,11	20,59	20,06	19,50	18,95	29,91
10/07/2022 16:40:00	29,14	28,90	28,40	27,88	27,29	26,73	26,20	25,71	25,22	24,69	24,20	23,76	23,32	22,89	22,46	21,98	21,50	20,94	20,38	19,78	19,18	29,76
10/07/2022 16:45:00	29,38	28,93	28,45	27,96	27,37	26,75	26,13	25,57	25,02	24,50	23,99	23,52	23,04	22,58	22,13	21,63	21,13	20,57	20,00	19,41	18,81	30,03
10/07/2022 16:50:00	29,39	28,88	28,28	27,70	27,17	26,60	25,97	25,43	24,91	24,40	23,96	23,59	23,22	22,83	22,44	21,96	21,49	20,94	20,39	19,81	19,22	29,81
10/07/2022 16:55:00	29,35	28,98	28,52	28,02	27,40	26,80	26,20	25,67	25,12	24,52	23,98	23,53	23,08	22,63	22,18	21,67	21,17	20,59	20,02	19,41	18,81	30,46
10/07/2022 17:00:00	29,55	29,30	28,78	28,16	27,51	26,84	26,17	25,60	25,04	24,44	23,93	23,52	23,11	22,69	22,27	21,78	21,29	20,73	20,18	19,59	19,01	29,75
10/07/2022 17:05:00	29,49	29,29	28,77	28,18	27,65	27,10	26,53	25,95	25,35	24,69	24,15	23,75	23,35	22,91	22,48	21,96	21,44	20,85	20,25	19,63	19,00	30,66
10/07/2022 17:10:00	29,68	29,37	28,87	28,30	27,59	26,91	26,28	25,66	25,06	24,47	23,94	23,48	23,01	22,56	22,10	21,60	21,10	20,54	19,97	19,38	18,79	30,45
10/07/2022 17:15:00	29,56	29,16	28,64	28,08	27,44	26,78	26,11	25,55	25,02	24,52	24,04	23,57	23,11	22,67	22,23	21,75	21,27	20,72	20,17	19,59	19,02	29,98
10/07/2022 17:20:00	29,40	28,64	27,80	26,98	26,19	25,42	24,69	24,07	23,51	23,02	22,56	22,11	21,66	21,24	20,82	20,37	19,93	19,42	18,91	18,37	17,84	29,28
10/07/2022 17:25:00	27,92	27,24	26,86	26,52	26,11	25,70	25,27	24,93	24,57	24,16	23,73	23,29	22,84	22,42	22,00	21,55	21,09	20,55	20,01	19,42	18,83	27,16
10/07/2022 17:30:00	27,16	26,88	26,69	26,48	26,18	25,80	25,36	25,06	24,76	24,45	24,09	23,67	23,26	22,86	22,46	22,03	21,59	21,07	20,55	19,98	19,41	26,70
10/07/2022 17:35:00	27,04	27,01	26,75	26,45	26,02	25,64	25,29	24,76	24,27	23,88	23,56	23,25	22,94	22,59	22,23	21,78	21,32	20,79	20,26	19,69	19,12	26,05
10/07/2022 17:40:00	26,98	27,04	26,88	26,68	26,36	26,02	25,67	25,27	24,86	24,41	23,99	23,59	23,19	22,77	22,36	21,88	21,40	20,84	20,28	19,67	19,06	26,18
10/07/2022 17:45:00	27,16	27,08	26,87	26,65	26,41	26,06	25,63	25,21	24,79	24,36	23,96	23,58	23,20	22,80	22,39	21,91	21,43	20,87	20,31	19,70	19,09	26,48
10/07/2022 17:50:00	27,40	27,27	26,96	26,65	26,28	25,89	25,46	25,05	24,66	24,26	23,88	23,52	23,15	22,76	22,38	21,93	21,47	20,94	20,40	19,82	19,24	26,65
10/07/2022 17:55:00	27,60	27,43	27,16	26,88	26,63	26,30	25,87	25,48	25,07	24,64	24,19	23,74	23,28	22,84	22,39	21,90	21,42	20,84	20,26	19,64	19,01	26,94
10/07/2022 18:00:00	27,65	27,58	27,29	26,95	26,54	26,12	25,70	25,28	24,86	24,42	24,01	23,62	23,23	22,83	22,42	21,96	21,50	20,95	20,41	19,82	19,23	26,95
10/07/2022 18:05:00	27,53	27,51	27,18	26,79	26,32	25,81	25,29	24,85	24,41	23,96	23,53	23,14	22,74	22,34	21,93	21,47	21,01	20,48	19,95	19,38	18,81	27,11
10/07/2022 18:10:00	27,51	27,49	27,20	26,84	26,40	25,92	25,39	24,94	24,49	24,03	23,59	23,17	22,75	22,33	21,92	21,44	20,97	20,43	19,88	19,30	18,72	27,29
10/07/2022 18:15:00	27,61	27,70	27,44	27,07	26,54	26,03	25,54	25,00	24,47	24,00	23,57	23,18	22,79	22,38	21,98	21,50	21,02	20,48	19,94	19,37	18,79	27,91
10/07/2022 18:20:00	27,83	27,75	27,36	26,90	26,38	25,83	25,27	24,79	24,33	23,86	23,42	23,02	22,61	22,21	21,80	21,34	20,88	20,35	19,82	19,25	18,69	28,45
10/07/2022 18:25:00	27,85	27,70	27,25	26,79	26,29	25,80	25,32	24,82	24,36	24,01	23,67	23,30	22,93	22,56	22,19	21,75	21,32	20,81	20,29	19,74	19,19	28,44
10/07/2022 18:30:00	27,94	27,85	27,50	27,08	26,56	26,03	25,50	24,90	24,36	23,96	23,56	23,16	22,75	22,35	21,94	21,47	21,00	20,47	19,93	19,37	18,81	29,43
10/07/2022 18:35:00	28,10	27,87	27,42	26,95	26,47	26,01	25,57	25,05	24,56	24,12	23,72	23,32	22,92	22,52	22,11	21,65	21,19	20,64	20,10	19,51	18,93	29,33
10/07/2022 18:40:00	28,18	27,94	27,44	26,92	26,46	25,95	25,39	24,97	24,57	24,13	23,71	23,31	22,91	22,52	22,12	21,68	21,23	20,70	20,17	19,60	19,03	29,60
10/07/2022 18:45:00	28,33	27,94	27,44	26,91	26,41	25,97	25,57	25,06	24,58	24,14	23,74	23,37	23,00	22,61	22,23	21,77	21,32	20,78	20,24	19,66	19,07	29,28
10/07/2022 18:50:00	28,24	28,01	27,58	27,10	26,52	26,01	25,55	24,98	24,46	24,03	23,62	23,22	22,83	22,43	22,03	21,57	21,10	20,57	20,04	19,47	18,90	29,54
10/07/2022 18:55:00	28,39	27,94	27,56	27,16	26,61	26,12	25,65	25,16	24,68	24,21	23,78	23,39	23,00	22,60	22,19	21,73	21,26	20,72	20,18	19,60	19,02	29,25
10/07/2022 19:00:00	28,36	28,01	27,53	27,02	26,53	26,04	25,55	25,12	24,69	24,23	23,81	23,42	23,03	22,63	22,24	21,79	21,34	20,80	20,26	19,69	19,11	29,25
10/07/2022 19:05:00	28,33	28,05	27,58	27,09	26,57	26,04	25,52	25,07	24,61	24,11	23,69	23,34	22,99	22,62	22,24	21,79	21,33	20,80	20,26	19,69	19,12	29,61
10/07/2022 19:10:00	28,38	27,98	27,50	27,01	26,53	26,05	25,57	25,12	24,67	24,18	23,76	23,39	23,03	22,64	22,25	21,79	21,33	20,79	20,25	19,66	19,08	29,24
10/07/2022 19:15:00	28,35	27,98	27,50	27,01	26,60	26,14	25,61	25,13	24,68	24,24	23,82	23,41	22,99	22,58	22,16	21,70	21,23	20,68	20,13	19,54	18,95	29,16
10/07/2022 19:20:00	28,30	28,09	27,63	27,09	26,57	26,03	25,46	25,01	24,56	24,06	23,64	23,28	22,91	22,53	22,15	21,69	21,24	20,71	20,18	19,62	19,05	28,58
10/07/2022 19:25:00	28,31	27,87	27,38	26,92	26,53	26,09	25,59	25,18	24,75	24,27	23,86	23,49	23,12	22,74	22,35	21,88	21,42	20,87	20,32	19,73	19,13	28,79
10/07/2022 19:30:00	28,13	27,81	27,36	26,92	26,40	25,92	25,47	25,01	24,59	24,20	23,82	23,44	23,06	22,68	22,29	21,86	21,42	20,89	20,37	19,81	19,24	28,70
10/07/2022 19:35:00	28,14	27,83	27,46	27,06	26,53	26,06	25,63	25,13	24,65	24,19	23,78	23,39	23,00	22,60	22,20	21,74	21,27	20,73	20,19	19,61	19,03	28,28
10/07/2022 19:40:00	28,22	27,84	27,38	26,90	26,45	25,97	25,45	25,02	24,57	24,09	23,66	23,29	22,92	22,52	22,13	21,67	21,21	20,67	20,13	19,55	18,96	28,13
10/07/2022 19:45:00	28,01	27,83	27,47	27,07	26,66	26,17	25,62	25,09	24,60	24,17	23,73	23,27	22,82	22,38	21,93	21,45	20,97	20,41	19,86	19,27	18,67	28,31
10/07/2022 19:50:00	28,10	27,74	27,31	26,88	26,45	26,03	25,62	25,13	24,66	24,22	23,82	23,45	23,08	22,69	22,30	21,83	21,37	20,82	20,28	19,68	19,09	28,11
10/07/2022 19:55:00	28,11	27,71	27,33	26,96	26,50	26,03	25,54	25,07	24,62	24,22	23,82	23,41	23,01	22,60	22,20	21,74	21,28	20,74	20,20	19,62	19,04	27,97
10/07/2022 20:00:00	28,00	27,71	27,30	26,86	26,38	25,91	25,45	25,01	24,58	24,15	23,76	23,40	23,03	22,65	22,27	21,82	21,38	20,85	20,32	19,75	19,18	27,87
10/07/2022 20:05:00	28,04	27,69	27,25	26,79	26,40	25,97	25,50	25,05	24,62	24,22	23,81	23,39	22,97	22,55	22,14	21,68	21,23	20,68	20,14	19,55	18,97	27,97
10/07/2022 20:10:00	27,90	27,60	27,24	26,87	26,41	25,96	25,50	24,99	24,53	24,17	23,81	23,42	23,04	22,64	22,25	21,80	21,35	20,82	20,29	19,73	19,16	27,98
10/07/2022 20:15:00	27,88	27,58	27,25	26,89	26,45	25,94	25,39	24,92	24,49	24,15	23,78	23,37	22,97	22,57	22,17	21,72	21,28	20,76	20,24	19,68	19,13	27,83
10/07/2022 20:20:00	27,91	27,51	27,11	26,70	26,27	25,84	25,39	24,97	24,55	24,14	23,75	23,37	22,99	22,60	22,21	21,76	21,31	20,78	20,25	19,67	19,09	27,71
10/07/2022 20:25:00	27,74	27,47	27,19	26,90	26,41	25,91	25,38	24,93	24,50	24,09	23,70	23,32	22,94	22,55	22,16	21,71	21,25	20,73	20,20	19,64	19,08	27,77
10/07/2022 20:30:00	27,76	27,50	27,11	26,69	26,28	25,88	25,48	25,02	24,58	24,17	23,80	23,43	23,07	22,69	22,31	21,86	21,40	20,87	20,33	19,75	19,16	27,68
10/07/2022 20:35:00	27,72	27,55	27,21	26,82	26,39	25,94	25,46	25,00	24,58	24,22	23,85	23,46	23,06	22,67	22,28	21,84	21,39	20,87	20,34	19,78	19,21	27,66
10/07/2022 20:40:00	27,63	27,51	27,25	26,92	26,42	25,94	25,48	25,05	24,62	24,17	23,78	23,43	23,08	22,71	22,34	21,88	21,43	20,90	20,37	19,81	19,24	27,45
10/07/2022 20:45:00	27,58	27,46	27,13	26,76	26,37	25,96	25,53	25,14	24,75	24,35	23,97	23,58	23,20	22,81	22,42	21,98	21,53	21,00	20,46	19,89	19,31	27,31
10/07/2022 20:50:00	27,23	27,12	26,86	26,54	26,09	25,66	25,23	24,78	24,36	24,02	23,64	23,22	22,80	22,39	21,98	21,54	21,10	20,57	20,05	19,49	18,93	27,26
10/07/2022 20:55:00	27,17	26,97	26,78	26,58	26,18	25,82	25,47	25,03	24,58	24,16	23,75	23,35	22,95	22,54	22,13	21,65	21,18	20,63	20,07	19,48	18,88	27,14
10/07/2022 21:00:00	27,06	27,00	26,72	26,39	26,01	25,62	25,20	24,83	24,44	23,99	23,59	23,22	22,85	22,46	22,07	21,61	21,16	20,62	20,08	19,50	18,92	27,07
10/07/2022 21:05:00	26,98	26,95	26,64	26,30	25,97	25,60	25,18	24,77	24,38	24,00	23,63	23,26	22,89	22,51	22,13	21,68	21,23	20,70	20,16	19,58	19,01	27,13
10/07/2022 21:10:00	27,02	26,94	26,63	26,31	25,91	25,52	25,15	24,81	24,45	24,05	23,66	23,28	22,90	22,52	22,13	21,69	21,25	20,72	20,20	19,62	19,05	27,06
10/07/2022 21:15:00	27,12	26,91	26,72	26,52	26,13	25,76	25,40	25,02	24,62	24,20	23,75	23,29	22,83	22,39	21,95	21,47	21,00	20,44	19,89	19,28	18,68	27,15
10/07/2022 21:20:00	26,96	27,03	26,77	26,44	26,04	25,67	25,30	24,90	24,51	24,13	23,73	23,33	22,93	22,53	22,13	21,69	21,24	20,71	20,17	19,60	19,02	27,13
10/07/2022 21:25:00	26,99	27,02	26,76	26,43	26,00	25,57	25,14	24,70	24,26	23,85	23,49	23,15	22,81	22,45	22,08	21,63	21,18	20,66	20,14	19,57	19,01	26,87
10/07/2022 21:30:00	26,68	26,67	26,44	26,16	25,80	25,41	24,98	24,60	24,20	23,80	23,40	23,01	22,62	22,22	21,82	21,36	20,91	20,38	19,84	19,27	18,69	26,71
10/07/2022 21:35:00	26,66	26,43	26,21	25,99	25,66	25,34	25,01	24,62	24,24	23,91	23,53	23,13	22,72	22,32	21,92	21,47	21,02	20,49	19,96	19,38	18,80	26,68
10/07/2022 21:40:00	26,45	26,56	26,33	26,06	25,65	25,28	24,91	24,53	24,13	23,66	23,29	22,97	22,65	22,29	21,93	21,47	21,02	20,49	19,96	19,39	18,81	26,52
10/07/2022 21:45:00	26,44	26,34	26,13	25,90	25,60	25,23	24,79	24,46	24,11	23,69	23,34	23,02	22,69	22,33	21,97	21,53	21,08	20,56	20,03	19,46	18,89	26,37
10/07/2022 21:50:00	26,27	26,32	26,18	25,97	25,65	25,23	24,74	24,35	23,96	23,59	23,21	22,82	22,43	22,03	21,64	21,18	20,73	20,20	19,68	19,12	18,56	26,26
10/07/2022 21:55:00	26,28	26,25	26,04	25,77	25,44	25,10	24,75	24,34	23,95	23,57	23,23	22,89	22,55	22,18	21,81	21,37	20,93	20,40	19,88	19,32	18,75	26,19
10/07/2022 22:00:00	26,22	26,25	26,04	25,78	25,43	25,07	24,69	24,27	23,86	23,50	23,15	22,80	22,44	22,07	21,70	21,26	20,81	20,29	19,77	19,21	18,65	26,15
10/07/2022 22:05:00	26,07	26,15	25,98	25,77	25,56	25,25	24,87	24,50	24,13	23,74	23,39	23,03	22,67	22,29	21,90	21,45	20,99	20,45	19,91	19,32	18,74	26,04
10/07/2022 22:10:00	25,84	26,07	25,95	25,77	25,55	25,24	24,86	24,52	24,15	23,73	23,36	23,00	22,65	22,27	21,88	21,42	20,96	20,42	19,88	19,29	18,70	25,91
10/07/2022 22:15:00	25,82	25,97	25,86	25,67	25,40	25,10	24,76	24,43	24,08	23,73	23,37	23,01	22,64	22,26	21,89	21,45	21,00	20,48	19,96	19,39	18,82	25,79
10/07/2022 22:20:00	25,77	26,08	25,94	25,72	25,44	25,10	24,71	24,33	23,95	23,58	23,24	22,90	22,57	22,21	21,84	21,40	20,95	20,43	19,91	19,35	18,79	25,68
10/07/2022 22:25:00	25,56	25,79	25,79	25,69	25,31	24,96	24,62	24,25	23,90	23,60	23,22	22,81	22,40	22,00	21,60	21,16	20,72	20,21	19,70	19,15	18,60	25,55
10/07/2022 22:30:00	25,37	25,85	25,77	25,58	25,29	24,97	24,61	24,26	23,91	23,52	23,13	22,75	22,37	21,98	21,59	21,14	20,69	20,17	19,64	19,07	18,50	25,44
10/07/2022 22:35:00	25,36	25,59	25,54	25,44	25,18	24,85	24,46	24,09	23,72	23,36	23,00	22,63	22,25	21,86	21,48	21,02	20,57	20,04	19,51	18,95	18,38	25,34
10/07/2022 22:40:00	25,24	25,62	25,58	25,45	25,17	24,89	24,60	24,22	23,82	23,39	23,00	22,61	22,23	21,82	21,42	20,95	20,48	19,94	19,39	18,80	18,22	25,31
10/07/2022 22:45:00	25,17	25,70	25,69	25,57	25,35	25,05	24,70	24,40	24,06	23,66	23,25	22,84	22,43	22,02	21,61	21,15	20,69	20,15	19,61	19,03	18,44	25,21
10/07/2022 22:50:00	25,08	25,65	25,70	25,65	25,46	25,18	24,82	24,44	24,07	23,71	23,32	22,92	22,52	22,10	21,69	21,22	20,75	20,20	19,66	19,07	18,49	25,09
10/07/2022 22:55:00	25,02	25,59	25,62	25,53	25,39	25,15	24,83	24,42	24,02	23,65	23,30	22,95	22,59	22,21	21,82	21,35	20,88	20,33	19,78	19,19	18,60	24,90
10/07/2022 23:00:00	24,87	25,46	25,53	25,49	25,28	25,00	24,65	24,28	23,93	23,62	23,26	22,87	22,47	22,08	21,68	21,23	20,77	20,25	19,72	19,15	18,59	24,93
10/07/2022 23:05:00	24,70	25,21	25,43	25,55	25,42	25,20	24,90	24,58	24,21	23,76	23,33	22,91	22,48	22,04	21,60	21,10	20,59	20,02	19,45	18,83	18,21	24,71
10/07/2022 23:10:00	24,56	25,25	25,39	25,40	25,25	24,99	24,66	24,36	24,04	23,69	23,33	22,96	22,59	22,20	21,81	21,36	20,90	20,37	19,84	19,26	18,69	24,48
10/07/2022 23:15:00	24,37	25,11	25,25	25,24	24,99	24,74	24,46	24,11	23,73	23,32	22,91	22,50	22,08	21,66	21,24	20,77	20,30	19,76	19,21	18,63	18,04	24,44
10/07/2022 23:20:00	24,36	25,00	25,06	25,00	24,78	24,50	24,17	23,82	23,45	23,04	22,73	22,42	22,12	21,77	21,41	20,96	20,51	19,98	19,46	18,90	18,34	24,33
10/07/2022 23:25:00	24,39	25,11	25,21	25,17	25,00	24,78	24,53	24,19	23,86	23,55	23,21	22,84	22,47	22,09	21,71	21,26	20,82	20,29	19,76	19,20	18,63	24,34
10/07/2022 23:30:00	24,32	24,73	24,83	24,87	24,70	24,51	24,27	23,94	23,63	23,36	22,99	22,59	22,19	21,79	21,39	20,94	20,49	19,96	19,44	18,86	18,29	24,28
10/07/2022 23:35:00	24,14	24,98	25,17	25,20	25,00	24,80	24,58	24,23	23,87	23,47	23,04	22,61	22,18	21,74	21,31	20,83	20,35	19,80	19,24	18,64	18,04	24,26
10/07/2022 23:40:00	24,15	24,94	25,14	25,22	25,09	24,91	24,67	24,28	23,89	23,52	23,14	22,74	22,34	21,92	21,50	21,01	20,53	19,97	19,41	18,81	18,21	24,13
10/07/2022 23:45:00	24,20	24,93	25,25	25,39	25,08	24,81	24,54	24,20	23,84	23,45	23,08	22,69	22,31	21,91	21,50	21,04	20,57	20,04	19,51	18,94	18,38	24,03
10/07/2022 23:50:00	23,89	24,71	25,01	25,16	24,97	24,71	24,39	24,05	23,68	23,29	22,83	22,35	21,88	21,42	20,95	20,46	19,97	19,42	18,86	18,27	17,68	23,89
10/07/2022 23:55:00	23,70	24,66	25,02	25,21	25,11	24,86	24,51	24,16	23,77	23,33	22,85	22,36	21,88	21,40	20,91	20,40	19,88	19,30	18,73	18,12	17,51	23,78
