FileFormat:0002.2 file with temperature of atmosphere
SN105HE102
local	GMT or Local
0	GMT-Local=[hours]
0	Height[m]
0	0	0	Longitude                [grd]               [min]               [sec]
0	0	0	Latitude                [grd]               [min]               [sec]
N	NS
56,45	Freq[GHz]
0,00	dTemostat[K]
0,150	MessErr[K]
0,248	//[grad/step]
version 14.4.20120406
MTP5HE102F5645K-38.60I70D219217+A1.1
Commentary:
SN105HE102
парабола ДНА = 2,5 град
НЕ102 - ПУ - ХВБ с ЦСД " S "
АЦП - 202 - 09 с контр.U пит.и М
оптопара серии - 2
Т out № 178 пл
БП LPS - 112
End Of Commentary

SYSTEM\summer.dat
data time	0	50	100	150	200	250	300	350	400	450	500	550	600	650	700	750	800	850	900	950	1000	OutsideTemperature
03/05/2020 00:00:00	7,72	7,70	7,55	7,45	7,38	7,28	7,13	6,95	6,72	6,47	6,21	5,94	5,66	5,39	5,11	4,83	4,55	4,29	4,03	3,77	3,50	7,60
03/05/2020 00:05:00	7,64	7,67	7,72	7,72	7,65	7,49	7,28	7,04	6,80	6,51	6,16	5,81	5,45	5,12	4,78	4,46	4,15	3,87	3,58	3,30	3,02	7,58
03/05/2020 00:10:00	7,61	7,60	7,63	7,58	7,42	7,29	7,09	6,85	6,64	6,38	6,07	5,77	5,46	5,16	4,86	4,57	4,28	4,03	3,77	3,51	3,25	7,53
03/05/2020 00:15:00	7,36	7,51	7,59	7,54	7,35	7,16	6,94	6,71	6,46	6,16	5,81	5,46	5,12	4,79	4,47	4,17	3,88	3,62	3,36	3,10	2,85	7,35
03/05/2020 00:20:00	7,38	7,44	7,47	7,47	7,42	7,27	7,06	6,83	6,58	6,27	5,92	5,56	5,20	4,86	4,52	4,20	3,89	3,60	3,32	3,03	2,75	7,33
03/05/2020 00:25:00	7,30	7,40	7,43	7,41	7,35	7,19	7,03	6,84	6,56	6,27	5,96	5,63	5,31	4,99	4,67	4,37	4,06	3,79	3,51	3,24	2,96	7,18
03/05/2020 00:30:00	7,30	7,31	7,28	7,23	7,15	7,01	6,82	6,60	6,36	6,12	5,88	5,62	5,35	5,07	4,79	4,50	4,21	3,95	3,69	3,43	3,17	7,18
03/05/2020 00:35:00	7,21	7,41	7,43	7,38	7,25	7,13	6,94	6,69	6,42	6,16	5,89	5,61	5,32	5,03	4,74	4,44	4,14	3,87	3,60	3,34	3,07	7,34
03/05/2020 00:40:00	7,24	7,69	7,68	7,61	7,48	7,29	7,02	6,70	6,41	6,11	5,78	5,44	5,10	4,77	4,44	4,13	3,81	3,53	3,25	2,98	2,71	7,16
03/05/2020 00:45:00	7,38	7,67	7,65	7,53	7,29	7,04	6,79	6,53	6,25	5,97	5,69	5,41	5,13	4,84	4,56	4,27	3,99	3,74	3,49	3,26	3,02	7,22
03/05/2020 00:50:00	7,29	7,46	7,54	7,56	7,51	7,38	7,20	7,00	6,83	6,54	6,14	5,76	5,38	5,04	4,70	4,41	4,11	3,84	3,57	3,30	3,03	7,35
03/05/2020 00:55:00	7,30	7,57	7,56	7,50	7,39	7,24	7,05	6,83	6,56	6,29	6,02	5,74	5,45	5,16	4,87	4,58	4,28	4,02	3,76	3,49	3,23	7,32
03/05/2020 01:00:00	7,42	7,59	7,60	7,58	7,51	7,31	7,14	6,96	6,61	6,32	6,06	5,77	5,48	5,18	4,87	4,56	4,24	3,96	3,68	3,40	3,12	7,43
03/05/2020 01:05:00	7,50	7,54	7,53	7,48	7,38	7,18	6,97	6,73	6,45	6,20	5,97	5,70	5,44	5,15	4,87	4,57	4,27	4,00	3,74	3,47	3,21	7,39
03/05/2020 01:10:00	7,44	7,54	7,56	7,54	7,44	7,30	7,13	6,93	6,74	6,48	6,15	5,83	5,51	5,21	4,91	4,62	4,34	4,08	3,82	3,56	3,30	7,45
03/05/2020 01:15:00	7,38	7,49	7,51	7,55	7,61	7,51	7,39	7,25	6,96	6,66	6,31	5,96	5,61	5,27	4,93	4,61	4,29	4,00	3,70	3,39	3,09	7,43
03/05/2020 01:20:00	7,29	7,40	7,53	7,61	7,61	7,44	7,28	7,10	6,85	6,55	6,19	5,82	5,46	5,11	4,76	4,44	4,12	3,83	3,55	3,26	2,96	7,25
03/05/2020 01:25:00	7,25	7,35	7,36	7,36	7,33	7,19	7,07	6,94	6,69	6,44	6,19	5,92	5,65	5,37	5,09	4,80	4,52	4,25	3,99	3,72	3,45	7,25
03/05/2020 01:30:00	7,24	7,24	7,33	7,40	7,42	7,39	7,29	7,14	6,90	6,61	6,27	5,92	5,56	5,23	4,89	4,58	4,27	3,98	3,69	3,39	3,09	7,17
03/05/2020 01:35:00	7,18	7,35	7,53	7,64	7,64	7,54	7,37	7,16	6,93	6,62	6,24	5,86	5,47	5,12	4,76	4,43	4,10	3,81	3,51	3,21	2,91	7,08
03/05/2020 01:40:00	7,12	7,26	7,45	7,53	7,50	7,49	7,35	7,13	6,87	6,57	6,22	5,85	5,48	5,13	4,78	4,45	4,12	3,82	3,52	3,22	2,92	7,13
03/05/2020 01:45:00	7,10	7,26	7,25	7,28	7,32	7,24	7,14	7,01	6,69	6,39	6,10	5,78	5,47	5,15	4,83	4,51	4,20	3,90	3,61	3,30	3,00	7,08
03/05/2020 01:50:00	7,08	7,26	7,28	7,23	7,11	7,02	6,90	6,77	6,57	6,30	5,97	5,65	5,34	5,05	4,75	4,49	4,22	3,98	3,73	3,48	3,24	7,06
03/05/2020 01:55:00	6,95	7,33	7,47	7,54	7,53	7,48	7,31	7,07	6,84	6,53	6,14	5,76	5,37	5,01	4,65	4,33	4,00	3,71	3,42	3,12	2,83	7,05
03/05/2020 02:00:00	7,01	7,11	7,30	7,41	7,41	7,47	7,37	7,18	6,88	6,58	6,26	5,91	5,55	5,20	4,86	4,52	4,18	3,87	3,56	3,25	2,93	7,00
03/05/2020 02:05:00	6,89	7,16	7,34	7,41	7,36	7,22	7,08	6,92	6,67	6,38	6,04	5,70	5,35	5,02	4,70	4,39	4,08	3,81	3,54	3,26	2,99	6,68
03/05/2020 02:10:00	6,81	7,03	7,28	7,40	7,36	7,28	7,16	7,00	6,75	6,46	6,11	5,76	5,40	5,06	4,73	4,41	4,09	3,81	3,53	3,25	2,96	6,71
03/05/2020 02:15:00	6,78	6,98	7,04	7,10	7,15	7,04	6,89	6,71	6,51	6,26	5,97	5,65	5,34	5,04	4,73	4,43	4,13	3,86	3,59	3,31	3,04	6,81
03/05/2020 02:20:00	6,82	6,98	7,09	7,11	7,02	6,92	6,74	6,53	6,39	6,19	5,93	5,66	5,39	5,12	4,85	4,58	4,30	4,06	3,82	3,58	3,34	6,88
03/05/2020 02:25:00	6,77	6,93	6,99	7,03	7,04	6,99	6,86	6,69	6,49	6,24	5,95	5,65	5,34	5,05	4,75	4,45	4,16	3,89	3,63	3,35	3,08	6,95
03/05/2020 02:30:00	6,86	6,88	7,09	7,25	7,33	7,37	7,29	7,15	6,98	6,78	6,54	6,26	5,98	5,69	5,40	5,09	4,79	4,51	4,23	3,94	3,65	6,86
03/05/2020 02:35:00	6,84	6,82	6,85	6,95	7,10	7,04	6,96	6,86	6,73	6,53	6,28	6,00	5,72	5,44	5,17	4,89	4,61	4,35	4,09	3,81	3,54	6,73
03/05/2020 02:40:00	6,61	6,83	6,96	7,02	6,97	6,91	6,78	6,62	6,45	6,24	5,98	5,71	5,44	5,17	4,90	4,62	4,35	4,10	3,85	3,60	3,35	6,76
03/05/2020 02:45:00	6,58	6,83	6,98	7,10	7,18	7,11	7,01	6,87	6,61	6,35	6,07	5,76	5,46	5,14	4,83	4,52	4,20	3,91	3,62	3,33	3,04	6,70
03/05/2020 02:50:00	6,58	6,73	6,94	7,06	7,06	7,06	6,91	6,70	6,54	6,31	6,03	5,73	5,42	5,12	4,81	4,51	4,21	3,93	3,66	3,39	3,11	6,59
03/05/2020 02:55:00	6,53	6,76	7,00	7,18	7,26	7,34	7,24	7,07	6,83	6,56	6,25	5,91	5,57	5,23	4,89	4,56	4,23	3,93	3,62	3,31	2,99	6,42
03/05/2020 03:00:00	6,52	6,81	6,88	6,99	7,12	7,23	7,28	7,27	7,08	6,81	6,49	6,17	5,86	5,56	5,25	4,98	4,70	4,42	4,15	3,85	3,56	6,62
03/05/2020 03:05:00	6,74	6,89	7,08	7,22	7,26	7,17	6,99	6,76	6,46	6,18	5,91	5,59	5,27	4,93	4,59	4,25	3,90	3,60	3,29	2,98	2,68	6,75
03/05/2020 03:10:00	6,82	6,89	7,11	7,36	7,60	7,68	7,67	7,58	7,34	7,03	6,66	6,26	5,86	5,48	5,10	4,76	4,41	4,08	3,75	3,40	3,06	6,78
03/05/2020 03:15:00	6,73	7,20	7,42	7,46	7,33	7,07	6,82	6,57	6,29	6,00	5,69	5,36	5,04	4,72	4,39	4,08	3,76	3,49	3,22	2,97	2,71	6,76
03/05/2020 03:20:00	6,83	7,01	7,13	7,14	7,03	6,88	6,70	6,50	6,31	6,08	5,81	5,53	5,25	4,96	4,68	4,40	4,12	3,88	3,63	3,39	3,15	6,87
03/05/2020 03:25:00	6,62	6,86	7,10	7,27	7,34	7,35	7,26	7,10	6,84	6,58	6,31	6,00	5,70	5,37	5,05	4,73	4,40	4,10	3,80	3,50	3,19	6,63
03/05/2020 03:30:00	6,32	6,80	6,83	6,87	6,92	6,87	6,80	6,71	6,53	6,35	6,18	5,98	5,78	5,55	5,33	5,07	4,81	4,57	4,32	4,08	3,83	6,20
03/05/2020 03:35:00	6,38	6,92	7,01	7,08	7,12	6,99	6,85	6,69	6,51	6,29	6,02	5,75	5,48	5,20	4,92	4,64	4,36	4,10	3,85	3,59	3,33	6,05
03/05/2020 03:40:00	6,25	6,83	7,00	7,07	7,05	7,00	6,91	6,77	6,54	6,33	6,13	5,90	5,67	5,42	5,16	4,88	4,60	4,34	4,09	3,83	3,58	6,23
03/05/2020 03:45:00	6,35	7,02	7,09	7,11	7,09	7,01	6,86	6,67	6,50	6,32	6,12	5,91	5,69	5,45	5,21	4,94	4,67	4,43	4,19	3,95	3,71	6,23
03/05/2020 03:50:00	6,43	6,95	7,05	7,17	7,28	7,21	7,09	6,94	6,82	6,64	6,39	6,13	5,88	5,61	5,34	5,06	4,79	4,53	4,28	4,01	3,75	6,11
03/05/2020 03:55:00	6,41	7,06	7,23	7,29	7,25	7,20	7,03	6,80	6,59	6,37	6,14	5,89	5,64	5,37	5,09	4,80	4,50	4,24	3,98	3,72	3,46	6,11
03/05/2020 04:00:00	6,25	6,77	7,00	7,16	7,23	7,21	7,13	7,03	6,82	6,62	6,41	6,16	5,92	5,65	5,38	5,09	4,79	4,53	4,26	3,99	3,71	6,05
03/05/2020 04:05:00	6,10	6,87	7,19	7,42	7,56	7,51	7,37	7,20	7,01	6,80	6,54	6,25	5,96	5,65	5,35	5,03	4,71	4,43	4,14	3,85	3,57	5,85
03/05/2020 04:10:00	6,20	6,95	7,14	7,26	7,32	7,35	7,28	7,15	6,91	6,70	6,49	6,26	6,02	5,75	5,48	5,19	4,90	4,62	4,35	4,07	3,80	5,55
03/05/2020 04:15:00	6,17	7,00	7,22	7,33	7,33	7,26	7,12	6,95	6,77	6,57	6,36	6,12	5,89	5,63	5,37	5,09	4,81	4,55	4,30	4,05	3,81	5,60
03/05/2020 04:20:00	6,08	6,90	7,30	7,54	7,62	7,56	7,45	7,30	7,12	6,88	6,57	6,25	5,93	5,61	5,29	4,98	4,66	4,38	4,10	3,82	3,54	5,64
03/05/2020 04:25:00	5,97	6,61	6,83	7,07	7,32	7,38	7,29	7,14	7,07	6,91	6,68	6,42	6,16	5,88	5,60	5,31	5,02	4,75	4,47	4,18	3,90	5,56
03/05/2020 04:30:00	6,07	6,65	6,95	7,23	7,45	7,51	7,52	7,48	7,27	7,00	6,68	6,33	5,99	5,65	5,32	5,00	4,69	4,38	4,08	3,77	3,45	5,93
03/05/2020 04:35:00	6,04	6,64	6,96	7,19	7,28	7,22	7,11	6,95	6,72	6,50	6,27	5,99	5,72	5,42	5,12	4,80	4,49	4,20	3,92	3,63	3,35	5,68
03/05/2020 04:40:00	6,22	6,66	6,97	7,18	7,29	7,30	7,25	7,16	6,98	6,76	6,50	6,22	5,93	5,64	5,34	5,04	4,74	4,47	4,19	3,91	3,62	5,81
03/05/2020 04:45:00	6,15	6,83	7,10	7,26	7,31	7,19	7,02	6,84	6,69	6,50	6,26	6,00	5,74	5,46	5,19	4,90	4,61	4,35	4,09	3,83	3,58	6,03
03/05/2020 04:50:00	6,27	6,91	7,17	7,33	7,38	7,27	7,13	6,96	6,73	6,50	6,27	6,00	5,73	5,44	5,15	4,84	4,53	4,26	3,98	3,71	3,44	5,88
03/05/2020 04:55:00	5,85	6,75	6,94	7,09	7,19	7,11	7,02	6,90	6,68	6,45	6,21	5,94	5,67	5,39	5,11	4,82	4,52	4,26	3,99	3,72	3,46	5,80
03/05/2020 05:00:00	5,68	6,56	6,96	7,16	7,13	7,10	6,98	6,83	6,68	6,46	6,18	5,90	5,61	5,33	5,04	4,75	4,46	4,21	3,96	3,72	3,47	5,86
03/05/2020 05:05:00	5,68	6,50	6,62	6,74	6,84	6,85	6,79	6,71	6,65	6,52	6,34	6,15	5,96	5,75	5,54	5,30	5,06	4,84	4,62	4,39	4,16	5,93
03/05/2020 05:10:00	5,82	6,46	6,85	7,09	7,17	7,09	7,01	6,92	6,79	6,62	6,41	6,16	5,92	5,66	5,40	5,12	4,84	4,59	4,34	4,09	3,84	5,76
03/05/2020 05:15:00	5,76	7,41	7,56	7,51	7,29	7,13	6,93	6,71	6,51	6,29	6,06	5,86	5,66	5,44	5,22	4,97	4,72	4,51	4,30	4,11	3,91	5,96
03/05/2020 05:20:00	5,62	6,74	7,06	7,22	7,22	7,08	6,93	6,75	6,55	6,34	6,13	5,89	5,66	5,39	5,13	4,84	4,55	4,30	4,05	3,80	3,56	5,28
03/05/2020 05:25:00	5,56	6,36	6,76	7,06	7,26	7,28	7,23	7,11	6,90	6,67	6,41	6,11	5,81	5,49	5,18	4,86	4,53	4,24	3,94	3,64	3,34	5,26
03/05/2020 05:30:00	5,59	6,46	6,78	6,95	6,95	6,81	6,70	6,59	6,42	6,27	6,13	5,96	5,78	5,56	5,35	5,08	4,82	4,58	4,35	4,13	3,90	5,44
03/05/2020 05:35:00	5,48	6,41	6,84	7,15	7,32	7,25	7,15	7,03	6,85	6,64	6,39	6,11	5,83	5,52	5,22	4,91	4,59	4,32	4,04	3,76	3,48	5,38
03/05/2020 05:40:00	5,31	6,67	7,18	7,47	7,53	7,42	7,21	6,96	6,64	6,34	6,02	5,67	5,31	4,95	4,58	4,21	3,85	3,54	3,23	2,93	2,64	5,32
03/05/2020 05:45:00	5,27	6,81	7,32	7,60	7,61	7,46	7,32	7,16	6,88	6,62	6,35	6,06	5,76	5,45	5,14	4,82	4,49	4,21	3,94	3,67	3,41	5,19
03/05/2020 05:50:00	5,34	6,78	7,27	7,57	7,68	7,55	7,36	7,13	6,82	6,50	6,15	5,77	5,39	5,01	4,64	4,27	3,90	3,59	3,27	2,97	2,67	5,18
03/05/2020 05:55:00	5,29	6,81	7,47	7,82	7,85	7,84	7,64	7,35	7,05	6,71	6,32	5,91	5,49	5,09	4,69	4,30	3,92	3,59	3,27	2,95	2,64	5,14
03/05/2020 06:00:00	5,25	6,69	7,47	7,94	8,07	8,09	7,86	7,56	7,35	7,00	6,52	6,03	5,54	5,09	4,64	4,24	3,84	3,50	3,15	2,83	2,50	5,11
03/05/2020 06:05:00	5,13	6,83	7,49	7,90	8,02	7,81	7,62	7,41	7,16	6,87	6,52	6,16	5,79	5,42	5,06	4,69	4,33	4,03	3,72	3,44	3,15	4,98
03/05/2020 06:10:00	5,19	6,83	7,57	7,98	8,05	7,97	7,77	7,49	7,19	6,85	6,46	6,04	5,63	5,22	4,81	4,42	4,02	3,69	3,36	3,05	2,73	5,01
03/05/2020 06:15:00	5,27	6,80	7,40	7,76	7,88	7,84	7,75	7,61	7,34	7,04	6,68	6,32	5,95	5,59	5,23	4,88	4,53	4,22	3,92	3,62	3,32	5,10
03/05/2020 06:20:00	5,28	6,90	7,55	7,95	8,10	8,01	7,88	7,70	7,42	7,11	6,76	6,38	6,00	5,62	5,25	4,88	4,51	4,19	3,88	3,57	3,26	5,28
03/05/2020 06:25:00	5,20	6,79	7,64	8,13	8,26	8,21	8,08	7,89	7,64	7,28	6,81	6,33	5,85	5,41	4,98	4,59	4,20	3,87	3,54	3,22	2,90	5,25
03/05/2020 06:30:00	5,25	6,78	7,79	8,40	8,58	8,52	8,39	8,18	7,81	7,44	7,02	6,54	6,06	5,60	5,14	4,69	4,25	3,87	3,50	3,14	2,77	5,40
03/05/2020 06:35:00	5,18	6,82	7,79	8,38	8,55	8,52	8,32	8,05	7,74	7,42	7,04	6,61	6,17	5,73	5,29	4,86	4,43	4,07	3,71	3,36	3,01	5,38
03/05/2020 06:40:00	5,18	6,52	7,56	8,23	8,48	8,63	8,48	8,22	8,01	7,66	7,17	6,65	6,12	5,64	5,15	4,71	4,28	3,90	3,52	3,15	2,77	5,30
03/05/2020 06:45:00	5,41	6,66	7,63	8,25	8,48	8,57	8,48	8,30	8,14	7,83	7,37	6,89	6,42	5,97	5,53	5,14	4,74	4,39	4,04	3,70	3,35	5,43
03/05/2020 06:50:00	5,51	6,65	7,60	8,23	8,49	8,56	8,52	8,39	8,18	7,87	7,44	6,97	6,50	6,06	5,63	5,23	4,83	4,47	4,12	3,76	3,41	5,47
03/05/2020 06:55:00	5,61	6,76	7,60	8,13	8,31	8,36	8,27	8,11	7,93	7,66	7,29	6,88	6,48	6,09	5,69	5,32	4,95	4,62	4,29	3,96	3,64	5,58
03/05/2020 07:00:00	5,73	6,82	7,71	8,25	8,38	8,41	8,35	8,23	7,95	7,63	7,25	6,82	6,40	5,99	5,58	5,19	4,80	4,46	4,12	3,78	3,45	5,80
03/05/2020 07:05:00	5,68	6,80	7,69	8,27	8,50	8,51	8,37	8,17	7,99	7,69	7,27	6,81	6,36	5,93	5,50	5,10	4,70	4,35	4,00	3,66	3,32	5,83
03/05/2020 07:10:00	5,99	6,77	7,59	8,12	8,31	8,41	8,37	8,26	8,06	7,80	7,47	7,08	6,70	6,32	5,94	5,57	5,20	4,87	4,54	4,20	3,87	5,83
03/05/2020 07:15:00	6,00	6,57	7,46	8,08	8,36	8,47	8,45	8,37	8,25	8,01	7,64	7,22	6,81	6,41	6,02	5,65	5,27	4,94	4,60	4,26	3,91	6,08
03/05/2020 07:20:00	5,95	6,62	7,50	8,10	8,35	8,36	8,35	8,31	8,18	7,97	7,67	7,32	6,96	6,61	6,26	5,90	5,55	5,24	4,92	4,60	4,28	6,01
03/05/2020 07:25:00	6,05	6,59	7,37	7,94	8,24	8,39	8,42	8,38	8,20	7,95	7,62	7,23	6,84	6,46	6,08	5,72	5,35	5,01	4,67	4,32	3,97	6,15
03/05/2020 07:30:00	6,17	6,40	7,17	7,75	8,07	8,23	8,31	8,33	8,25	8,06	7,74	7,38	7,01	6,66	6,31	5,98	5,64	5,33	5,01	4,68	4,34	6,41
03/05/2020 07:35:00	6,57	6,87	7,47	7,94	8,22	8,37	8,39	8,35	8,23	8,07	7,86	7,58	7,29	6,99	6,68	6,35	6,02	5,71	5,40	5,07	4,74	6,53
03/05/2020 07:40:00	6,73	6,85	7,48	7,98	8,29	8,44	8,46	8,43	8,32	8,16	7,95	7,66	7,38	7,06	6,75	6,42	6,08	5,77	5,45	5,12	4,78	6,65
03/05/2020 07:45:00	6,82	6,86	7,43	7,88	8,15	8,37	8,42	8,40	8,36	8,23	8,00	7,71	7,43	7,13	6,84	6,53	6,22	5,93	5,63	5,31	4,99	6,88
03/05/2020 07:50:00	6,90	6,82	7,27	7,68	8,00	8,13	8,28	8,41	8,31	8,18	8,02	7,80	7,57	7,32	7,07	6,79	6,50	6,22	5,93	5,62	5,31	6,98
03/05/2020 07:55:00	7,09	6,93	7,30	7,63	7,86	7,94	7,98	7,99	7,95	7,87	7,76	7,57	7,39	7,17	6,95	6,68	6,41	6,14	5,88	5,59	5,31	7,10
03/05/2020 08:00:00	7,30	7,12	7,42	7,70	7,90	8,05	8,08	8,06	8,02	7,93	7,77	7,57	7,36	7,13	6,89	6,62	6,35	6,08	5,81	5,52	5,23	7,35
03/05/2020 08:05:00	7,48	7,28	7,49	7,70	7,89	7,92	7,96	8,01	7,91	7,82	7,74	7,59	7,45	7,25	7,06	6,80	6,55	6,29	6,03	5,76	5,48	7,54
03/05/2020 08:10:00	7,72	7,39	7,54	7,75	7,96	8,04	8,06	8,05	8,01	7,94	7,85	7,70	7,54	7,34	7,14	6,88	6,63	6,37	6,11	5,83	5,55	7,84
03/05/2020 08:15:00	7,85	7,54	7,68	7,82	7,92	7,94	7,92	7,88	7,79	7,68	7,53	7,34	7,14	6,92	6,69	6,43	6,18	5,92	5,67	5,39	5,12	8,03
03/05/2020 08:20:00	7,98	7,57	7,67	7,77	7,84	7,82	7,79	7,76	7,68	7,57	7,43	7,25	7,07	6,85	6,64	6,39	6,14	5,90	5,65	5,39	5,13	8,25
03/05/2020 08:25:00	8,29	7,82	7,83	7,89	7,97	7,96	7,93	7,89	7,78	7,64	7,47	7,26	7,05	6,82	6,59	6,33	6,07	5,82	5,56	5,29	5,01	8,75
03/05/2020 08:30:00	8,43	7,84	7,74	7,71	7,72	7,73	7,72	7,70	7,63	7,50	7,29	7,08	6,87	6,65	6,43	6,20	5,97	5,74	5,50	5,25	4,99	9,08
03/05/2020 08:35:00	8,32	7,87	7,77	7,72	7,67	7,64	7,59	7,53	7,43	7,32	7,21	7,07	6,92	6,74	6,56	6,34	6,11	5,89	5,66	5,42	5,18	8,28
03/05/2020 08:40:00	8,37	7,92	7,84	7,83	7,87	7,86	7,83	7,79	7,72	7,63	7,54	7,40	7,26	7,09	6,91	6,68	6,46	6,23	6,00	5,74	5,49	8,40
03/05/2020 08:45:00	8,34	7,98	7,90	7,90	7,98	8,02	8,00	7,96	7,92	7,88	7,87	7,79	7,72	7,58	7,43	7,22	7,00	6,77	6,55	6,30	6,05	8,33
03/05/2020 08:50:00	8,32	7,94	7,88	7,88	7,93	8,00	8,01	7,99	7,98	7,93	7,84	7,72	7,59	7,43	7,27	7,06	6,86	6,63	6,41	6,17	5,92	8,35
03/05/2020 08:55:00	8,24	7,90	7,84	7,86	7,95	8,00	8,03	8,06	8,02	7,99	7,99	7,93	7,88	7,75	7,62	7,42	7,21	7,00	6,78	6,53	6,29	8,07
03/05/2020 09:00:00	8,38	8,01	7,92	7,94	8,07	8,17	8,22	8,24	8,26	8,23	8,17	8,07	7,97	7,83	7,68	7,48	7,28	7,06	6,84	6,59	6,34	8,24
03/05/2020 09:05:00	8,52	8,09	8,07	8,10	8,18	8,25	8,26	8,25	8,18	8,12	8,07	7,96	7,86	7,69	7,53	7,30	7,07	6,83	6,59	6,33	6,06	8,68
03/05/2020 09:10:00	8,70	8,30	8,08	8,01	8,10	8,06	8,06	8,08	8,04	7,97	7,86	7,73	7,61	7,45	7,29	7,08	6,88	6,66	6,44	6,20	5,95	8,92
03/05/2020 09:15:00	8,82	8,46	8,26	8,17	8,17	8,15	8,09	8,01	7,99	7,90	7,75	7,59	7,43	7,25	7,07	6,85	6,64	6,42	6,19	5,95	5,70	9,10
03/05/2020 09:20:00	9,06	8,63	8,36	8,18	8,09	8,02	7,93	7,84	7,83	7,78	7,67	7,56	7,44	7,30	7,15	6,96	6,78	6,58	6,38	6,17	5,95	9,01
03/05/2020 09:25:00	9,18	8,77	8,53	8,36	8,29	8,19	8,10	8,02	7,95	7,85	7,73	7,59	7,46	7,29	7,12	6,91	6,70	6,48	6,27	6,03	5,80	9,48
03/05/2020 09:30:00	9,27	8,84	8,56	8,38	8,28	8,16	8,05	7,94	7,85	7,76	7,68	7,57	7,47	7,32	7,16	6,95	6,74	6,53	6,31	6,08	5,85	9,27
03/05/2020 09:35:00	9,58	8,94	8,62	8,40	8,29	8,23	8,13	8,02	7,93	7,84	7,75	7,64	7,52	7,36	7,20	7,00	6,79	6,57	6,35	6,11	5,87	9,89
03/05/2020 09:40:00	9,78	9,15	8,84	8,60	8,44	8,23	8,06	7,92	7,81	7,67	7,49	7,30	7,11	6,91	6,71	6,49	6,27	6,05	5,83	5,60	5,36	10,22
03/05/2020 09:45:00	9,90	9,30	8,97	8,73	8,57	8,53	8,43	8,30	8,21	8,10	7,95	7,80	7,65	7,47	7,29	7,07	6,86	6,64	6,41	6,16	5,92	10,32
03/05/2020 09:50:00	10,03	9,39	9,09	8,89	8,81	8,66	8,53	8,42	8,28	8,16	8,07	7,94	7,82	7,64	7,47	7,24	7,01	6,77	6,53	6,28	6,03	10,28
03/05/2020 09:55:00	10,18	9,59	9,20	8,93	8,78	8,65	8,55	8,49	8,37	8,27	8,21	8,13	8,05	7,92	7,78	7,58	7,38	7,17	6,96	6,73	6,49	10,62
03/05/2020 10:00:00	10,40	9,85	9,50	9,24	9,08	8,97	8,81	8,63	8,54	8,45	8,38	8,27	8,17	8,02	7,86	7,65	7,43	7,21	6,98	6,74	6,51	10,88
03/05/2020 10:05:00	10,62	9,89	9,42	9,10	8,95	8,85	8,75	8,65	8,54	8,46	8,44	8,38	8,32	8,20	8,08	7,89	7,69	7,48	7,26	7,03	6,79	11,54
03/05/2020 10:10:00	10,86	10,24	9,74	9,36	9,12	8,96	8,85	8,77	8,64	8,54	8,47	8,40	8,33	8,20	8,08	7,90	7,71	7,51	7,30	7,08	6,86	11,73
03/05/2020 10:15:00	11,19	10,48	9,94	9,49	9,16	9,06	8,95	8,83	8,73	8,66	8,62	8,58	8,53	8,44	8,34	8,17	8,00	7,81	7,62	7,40	7,19	12,19
03/05/2020 10:20:00	11,39	10,75	10,27	9,87	9,56	9,39	9,23	9,08	8,93	8,83	8,78	8,71	8,64	8,52	8,39	8,20	8,00	7,79	7,58	7,36	7,13	12,12
03/05/2020 10:25:00	11,64	11,04	10,56	10,17	9,90	9,66	9,46	9,30	9,09	8,90	8,73	8,55	8,38	8,19	7,99	7,76	7,52	7,28	7,04	6,78	6,52	12,32
03/05/2020 10:30:00	11,75	11,01	10,43	9,95	9,60	9,30	9,07	8,92	8,75	8,62	8,54	8,46	8,38	8,26	8,13	7,94	7,74	7,54	7,34	7,12	6,91	12,59
03/05/2020 10:35:00	11,98	11,34	10,80	10,30	9,85	9,58	9,33	9,09	8,82	8,59	8,40	8,22	8,04	7,83	7,63	7,40	7,16	6,92	6,69	6,44	6,20	13,02
03/05/2020 10:40:00	11,98	11,40	10,90	10,43	10,02	9,70	9,42	9,19	8,94	8,73	8,57	8,41	8,25	8,06	7,87	7,64	7,41	7,17	6,94	6,70	6,46	13,11
03/05/2020 10:45:00	12,01	11,36	10,78	10,29	9,94	9,63	9,39	9,19	8,99	8,83	8,69	8,56	8,43	8,26	8,10	7,89	7,67	7,45	7,23	7,00	6,76	13,14
03/05/2020 10:50:00	12,15	11,47	10,96	10,51	10,14	9,85	9,59	9,34	9,11	8,91	8,73	8,56	8,38	8,18	7,98	7,74	7,50	7,26	7,02	6,77	6,52	13,52
03/05/2020 10:55:00	12,35	11,57	11,01	10,50	10,08	9,77	9,48	9,22	9,01	8,85	8,75	8,63	8,51	8,36	8,20	7,98	7,76	7,54	7,31	7,08	6,85	13,73
03/05/2020 11:00:00	12,53	11,62	11,06	10,58	10,21	9,95	9,69	9,45	9,30	9,16	8,97	8,80	8,62	8,44	8,25	8,03	7,81	7,59	7,36	7,12	6,88	13,89
03/05/2020 11:05:00	12,40	11,84	11,31	10,86	10,53	10,34	10,18	10,03	9,87	9,72	9,55	9,40	9,24	9,07	8,90	8,69	8,48	8,25	8,02	7,77	7,51	13,40
03/05/2020 11:10:00	12,62	12,08	11,56	11,11	10,75	10,55	10,34	10,12	9,91	9,75	9,65	9,54	9,43	9,27	9,11	8,89	8,66	8,42	8,18	7,93	7,67	13,86
03/05/2020 11:15:00	12,97	11,99	11,46	11,01	10,61	10,36	10,14	9,94	9,73	9,54	9,38	9,22	9,06	8,88	8,69	8,46	8,23	7,98	7,74	7,48	7,22	13,72
03/05/2020 11:20:00	12,78	12,09	11,55	11,10	10,75	10,48	10,21	9,93	9,71	9,53	9,40	9,25	9,11	8,92	8,74	8,49	8,25	8,00	7,75	7,49	7,23	14,21
03/05/2020 11:25:00	12,95	12,36	11,81	11,31	10,89	10,51	10,17	9,87	9,62	9,40	9,25	9,09	8,93	8,74	8,55	8,30	8,06	7,81	7,56	7,31	7,06	14,03
03/05/2020 11:30:00	12,90	12,29	11,77	11,32	10,97	10,61	10,30	10,03	9,75	9,49	9,30	9,10	8,90	8,68	8,46	8,19	7,92	7,65	7,39	7,11	6,83	14,22
03/05/2020 11:35:00	12,91	12,24	11,77	11,36	11,00	10,69	10,44	10,24	10,00	9,77	9,55	9,35	9,14	8,92	8,70	8,45	8,20	7,94	7,68	7,41	7,13	13,72
03/05/2020 11:40:00	12,82	12,34	11,92	11,55	11,27	11,01	10,78	10,56	10,34	10,13	9,93	9,74	9,54	9,32	9,10	8,84	8,59	8,32	8,05	7,76	7,48	13,81
03/05/2020 11:45:00	12,89	12,42	12,01	11,64	11,30	11,07	10,84	10,58	10,38	10,19	9,95	9,73	9,51	9,28	9,04	8,79	8,53	8,27	8,00	7,72	7,44	14,08
03/05/2020 11:50:00	12,93	12,56	12,10	11,70	11,39	11,07	10,80	10,58	10,35	10,13	9,89	9,67	9,45	9,22	8,99	8,74	8,48	8,21	7,95	7,67	7,39	14,00
03/05/2020 11:55:00	13,30	12,77	12,37	11,95	11,49	11,14	10,82	10,51	10,27	10,06	9,89	9,72	9,54	9,34	9,13	8,88	8,62	8,37	8,11	7,85	7,59	14,65
03/05/2020 12:00:00	13,27	12,81	12,32	11,87	11,51	11,27	11,04	10,80	10,59	10,39	10,17	9,97	9,77	9,56	9,35	9,10	8,85	8,59	8,33	8,05	7,77	14,49
03/05/2020 12:05:00	13,56	12,87	12,41	12,01	11,69	11,48	11,28	11,06	10,85	10,64	10,45	10,26	10,06	9,85	9,63	9,38	9,12	8,85	8,58	8,28	7,99	14,90
03/05/2020 12:10:00	13,59	12,92	12,44	12,00	11,61	11,29	11,01	10,75	10,53	10,35	10,23	10,09	9,95	9,77	9,60	9,35	9,11	8,86	8,61	8,34	8,08	14,82
03/05/2020 12:15:00	13,92	13,31	12,78	12,32	11,98	11,63	11,28	10,92	10,63	10,34	9,98	9,65	9,32	9,01	8,70	8,40	8,10	7,79	7,48	7,17	6,85	15,37
03/05/2020 12:20:00	13,85	13,35	12,82	12,33	11,90	11,55	11,25	10,98	10,68	10,40	10,17	9,96	9,74	9,51	9,27	9,00	8,73	8,46	8,18	7,89	7,60	15,54
03/05/2020 12:25:00	14,13	13,51	13,04	12,58	12,10	11,72	11,39	11,09	10,76	10,44	10,19	9,93	9,68	9,42	9,16	8,87	8,58	8,30	8,01	7,71	7,42	15,64
03/05/2020 12:30:00	14,22	13,75	13,12	12,52	12,01	11,57	11,18	10,84	10,50	10,20	9,99	9,79	9,58	9,36	9,13	8,86	8,59	8,32	8,05	7,77	7,50	16,22
03/05/2020 12:35:00	14,25	13,56	13,04	12,56	12,13	11,76	11,39	10,99	10,67	10,39	10,17	9,95	9,72	9,46	9,21	8,92	8,63	8,33	8,04	7,74	7,44	16,27
03/05/2020 12:40:00	14,53	13,96	13,39	12,86	12,39	12,02	11,64	11,25	10,94	10,67	10,44	10,22	9,99	9,75	9,50	9,22	8,93	8,65	8,36	8,06	7,77	15,86
03/05/2020 12:45:00	14,40	13,80	13,26	12,78	12,38	12,07	11,75	11,41	11,14	10,90	10,67	10,44	10,21	9,96	9,72	9,44	9,17	8,88	8,59	8,29	7,99	16,24
03/05/2020 12:50:00	14,53	13,97	13,50	13,06	12,65	12,28	11,90	11,49	11,22	10,97	10,65	10,35	10,05	9,76	9,47	9,17	8,87	8,57	8,26	7,95	7,64	15,84
03/05/2020 12:55:00	14,86	14,32	13,81	13,29	12,79	12,35	11,96	11,60	11,28	10,98	10,69	10,41	10,14	9,87	9,60	9,31	9,02	8,73	8,44	8,14	7,85	16,97
03/05/2020 13:00:00	14,83	14,25	13,66	13,14	12,73	12,30	11,90	11,52	11,19	10,89	10,65	10,42	10,18	9,93	9,67	9,37	9,07	8,77	8,47	8,17	7,86	17,49
03/05/2020 13:05:00	14,90	14,22	13,69	13,20	12,75	12,38	12,03	11,68	11,34	11,03	10,86	10,67	10,48	10,24	10,01	9,72	9,42	9,13	8,83	8,52	8,21	16,80
03/05/2020 13:10:00	15,16	14,65	14,13	13,61	13,06	12,56	12,14	11,79	11,47	11,16	10,84	10,55	10,26	9,98	9,70	9,41	9,12	8,83	8,54	8,25	7,95	17,74
03/05/2020 13:15:00	15,45	14,80	14,26	13,73	13,23	12,76	12,35	12,02	11,68	11,35	11,06	10,78	10,50	10,23	9,95	9,65	9,35	9,05	8,75	8,44	8,13	17,49
03/05/2020 13:20:00	15,75	15,07	14,57	14,09	13,62	13,21	12,79	12,34	11,95	11,60	11,32	11,03	10,74	10,43	10,13	9,80	9,46	9,13	8,79	8,45	8,11	18,14
03/05/2020 13:25:00	15,68	14,99	14,41	13,88	13,43	12,99	12,59	12,25	11,93	11,62	11,34	11,07	10,81	10,53	10,26	9,96	9,67	9,36	9,06	8,74	8,42	17,97
03/05/2020 13:30:00	15,71	15,17	14,64	14,14	13,71	13,32	12,93	12,50	12,14	11,80	11,46	11,13	10,80	10,48	10,16	9,83	9,50	9,16	8,82	8,48	8,13	17,75
03/05/2020 13:35:00	15,91	15,11	14,58	14,14	13,79	13,40	13,02	12,68	12,35	12,01	11,66	11,32	10,98	10,66	10,33	10,00	9,67	9,33	8,98	8,63	8,27	17,97
03/05/2020 13:40:00	16,09	15,41	14,79	14,25	13,86	13,45	13,07	12,73	12,39	12,06	11,78	11,51	11,23	10,95	10,67	10,36	10,05	9,72	9,40	9,05	8,71	18,39
03/05/2020 13:45:00	16,00	15,37	14,86	14,39	14,00	13,64	13,29	12,95	12,60	12,25	11,92	11,60	11,29	10,97	10,66	10,33	10,00	9,66	9,32	8,96	8,60	17,81
03/05/2020 13:50:00	16,40	15,62	15,03	14,49	13,99	13,53	13,10	12,67	12,34	12,05	11,76	11,48	11,20	10,91	10,63	10,32	10,02	9,70	9,39	9,07	8,75	18,77
03/05/2020 13:55:00	16,08	15,65	15,12	14,59	14,09	13,66	13,28	12,94	12,59	12,26	11,89	11,56	11,23	10,92	10,61	10,30	9,99	9,66	9,34	9,01	8,67	18,66
03/05/2020 14:00:00	16,37	15,89	15,32	14,78	14,32	13,90	13,50	13,11	12,74	12,38	11,98	11,62	11,26	10,92	10,58	10,25	9,92	9,58	9,23	8,88	8,52	18,67
03/05/2020 14:05:00	16,77	15,93	15,34	14,82	14,39	13,96	13,55	13,18	12,83	12,49	12,07	11,69	11,31	10,96	10,61	10,28	9,94	9,60	9,25	8,89	8,52	19,09
03/05/2020 14:10:00	16,62	15,89	15,36	14,86	14,40	14,00	13,65	13,35	13,01	12,66	12,29	11,96	11,62	11,31	10,99	10,67	10,35	10,01	9,68	9,32	8,97	19,13
03/05/2020 14:15:00	16,73	16,07	15,52	15,02	14,60	14,19	13,79	13,43	13,05	12,67	12,29	11,93	11,57	11,22	10,88	10,54	10,20	9,84	9,48	9,11	8,74	18,94
03/05/2020 14:20:00	16,61	16,18	15,70	15,24	14,82	14,38	13,96	13,56	13,17	12,79	12,46	12,14	11,83	11,50	11,18	10,83	10,49	10,13	9,77	9,41	9,04	18,97
03/05/2020 14:25:00	16,92	16,29	15,77	15,31	14,93	14,51	14,11	13,74	13,33	12,91	12,53	12,16	11,79	11,43	11,08	10,71	10,35	9,97	9,59	9,20	8,81	19,54
03/05/2020 14:30:00	17,05	16,44	15,96	15,46	14,91	14,42	13,99	13,62	13,22	12,83	12,47	12,13	11,79	11,46	11,13	10,79	10,46	10,11	9,77	9,42	9,06	20,04
03/05/2020 14:35:00	17,33	16,64	16,08	15,57	15,15	14,71	14,27	13,85	13,50	13,17	12,70	12,29	11,87	11,49	11,12	10,77	10,42	10,05	9,69	9,31	8,93	20,21
03/05/2020 14:40:00	17,31	16,56	16,03	15,56	15,12	14,75	14,38	13,99	13,60	13,20	12,80	12,42	12,04	11,68	11,32	10,96	10,60	10,22	9,84	9,45	9,05	19,86
03/05/2020 14:45:00	17,21	16,61	16,14	15,67	15,19	14,77	14,35	13,93	13,53	13,16	12,74	12,34	11,95	11,58	11,22	10,86	10,50	10,13	9,76	9,38	9,00	19,51
03/05/2020 14:50:00	17,20	16,70	16,24	15,77	15,29	14,83	14,39	13,98	13,55	13,11	12,71	12,33	11,94	11,58	11,21	10,84	10,47	10,10	9,72	9,34	8,95	19,54
03/05/2020 14:55:00	17,15	16,83	16,47	16,08	15,63	15,18	14,73	14,28	13,88	13,49	12,97	12,49	12,02	11,60	11,18	10,80	10,41	10,03	9,64	9,24	8,84	19,91
03/05/2020 15:00:00	17,00	16,66	16,32	15,96	15,55	15,09	14,66	14,27	13,83	13,37	12,92	12,49	12,06	11,65	11,25	10,86	10,47	10,07	9,68	9,27	8,86	19,17
03/05/2020 15:05:00	17,57	17,08	16,60	16,14	15,68	15,26	14,84	14,38	13,90	13,41	12,98	12,55	12,13	11,73	11,32	10,93	10,53	10,12	9,72	9,30	8,88	20,71
03/05/2020 15:10:00	17,65	17,13	16,66	16,19	15,76	15,33	14,89	14,43	14,02	13,63	13,15	12,71	12,26	11,86	11,46	11,08	10,70	10,31	9,92	9,51	9,11	21,15
03/05/2020 15:15:00	18,12	17,51	17,01	16,52	16,03	15,52	15,04	14,60	14,15	13,69	13,18	12,72	12,25	11,83	11,42	11,02	10,63	10,23	9,83	9,42	9,01	21,27
03/05/2020 15:20:00	17,61	17,29	16,86	16,42	15,98	15,51	15,06	14,65	14,23	13,80	13,41	13,03	12,65	12,28	11,92	11,55	11,17	10,79	10,40	10,01	9,62	20,08
03/05/2020 15:25:00	18,09	17,65	17,25	16,87	16,50	16,11	15,69	15,21	14,79	14,39	13,93	13,48	13,04	12,62	12,21	11,81	11,41	10,99	10,58	10,15	9,71	20,17
03/05/2020 15:30:00	18,27	17,72	17,36	16,97	16,48	16,06	15,64	15,18	14,73	14,29	13,85	13,42	12,98	12,58	12,18	11,78	11,38	10,97	10,57	10,14	9,72	20,74
03/05/2020 15:35:00	18,26	17,80	17,33	16,86	16,40	15,99	15,57	15,11	14,69	14,28	13,81	13,38	12,94	12,54	12,14	11,76	11,37	10,97	10,57	10,16	9,74	20,81
03/05/2020 15:40:00	18,02	17,82	17,43	17,02	16,61	16,17	15,73	15,29	14,87	14,45	14,01	13,59	13,17	12,78	12,39	12,00	11,61	11,21	10,80	10,38	9,97	20,36
03/05/2020 15:45:00	18,08	17,84	17,43	17,02	16,66	16,27	15,86	15,42	14,98	14,52	14,09	13,67	13,25	12,85	12,45	12,04	11,64	11,22	10,80	10,36	9,92	20,28
03/05/2020 15:50:00	18,37	17,86	17,37	16,91	16,49	16,05	15,62	15,23	14,81	14,37	13,96	13,57	13,18	12,81	12,43	12,05	11,67	11,27	10,88	10,46	10,04	21,43
03/05/2020 15:55:00	18,16	17,87	17,48	17,06	16,60	16,22	15,83	15,38	14,93	14,49	14,05	13,63	13,21	12,81	12,41	12,02	11,62	11,21	10,80	10,37	9,94	20,43
03/05/2020 16:00:00	18,40	17,95	17,56	17,14	16,66	16,20	15,76	15,33	14,92	14,52	14,05	13,62	13,19	12,79	12,39	12,01	11,62	11,23	10,83	10,42	10,01	21,11
03/05/2020 16:05:00	18,58	18,10	17,65	17,21	16,80	16,36	15,94	15,52	15,11	14,70	14,24	13,82	13,39	12,99	12,60	12,21	11,82	11,42	11,01	10,59	10,17	20,67
03/05/2020 16:10:00	18,40	18,05	17,62	17,18	16,76	16,35	15,94	15,53	15,13	14,74	14,31	13,90	13,50	13,12	12,74	12,36	11,99	11,59	11,19	10,77	10,35	20,99
03/05/2020 16:15:00	18,55	18,10	17,71	17,30	16,81	16,34	15,90	15,50	15,06	14,60	14,20	13,81	13,42	13,05	12,67	12,29	11,90	11,50	11,10	10,68	10,27	21,81
03/05/2020 16:20:00	18,71	18,05	17,59	17,19	16,80	16,38	15,95	15,56	15,16	14,75	14,30	13,86	13,43	13,03	12,63	12,24	11,84	11,43	11,02	10,59	10,16	21,42
03/05/2020 16:25:00	18,76	18,30	17,80	17,30	16,81	16,41	16,01	15,56	15,14	14,76	14,39	14,03	13,67	13,32	12,97	12,61	12,24	11,85	11,46	11,05	10,64	22,01
03/05/2020 16:30:00	19,02	18,46	17,93	17,42	16,98	16,53	16,10	15,70	15,28	14,83	14,45	14,08	13,72	13,36	13,00	12,62	12,24	11,84	11,44	11,02	10,60	21,64
03/05/2020 16:35:00	18,89	18,32	17,87	17,46	17,09	16,71	16,29	15,83	15,39	14,96	14,49	14,03	13,58	13,15	12,73	12,32	11,91	11,47	11,04	10,59	10,13	21,55
03/05/2020 16:40:00	18,54	18,26	17,89	17,50	17,10	16,71	16,30	15,85	15,42	14,99	14,51	14,06	13,61	13,19	12,77	12,37	11,96	11,53	11,11	10,67	10,23	20,73
03/05/2020 16:45:00	18,87	18,25	17,76	17,31	16,89	16,46	16,05	15,67	15,25	14,80	14,44	14,07	13,71	13,35	12,99	12,61	12,23	11,82	11,42	10,99	10,57	21,74
03/05/2020 16:50:00	18,79	18,36	17,95	17,54	17,13	16,72	16,31	15,89	15,46	15,03	14,59	14,17	13,75	13,35	12,96	12,56	12,16	11,74	11,33	10,89	10,45	21,72
03/05/2020 16:55:00	18,83	18,39	17,98	17,58	17,15	16,71	16,28	15,86	15,43	14,98	14,60	14,23	13,86	13,49	13,12	12,72	12,33	11,92	11,51	11,08	10,65	21,86
03/05/2020 17:00:00	18,85	18,57	18,17	17,75	17,28	16,82	16,38	15,97	15,55	15,12	14,68	14,26	13,85	13,46	13,07	12,69	12,30	11,89	11,49	11,06	10,64	21,74
03/05/2020 17:05:00	18,62	18,46	18,05	17,63	17,21	16,75	16,30	15,89	15,48	15,09	14,67	14,28	13,89	13,52	13,14	12,76	12,38	11,98	11,58	11,16	10,75	21,14
03/05/2020 17:10:00	18,84	18,33	17,90	17,50	17,13	16,71	16,28	15,85	15,43	15,02	14,61	14,20	13,80	13,41	13,03	12,63	12,23	11,82	11,40	10,96	10,53	21,52
03/05/2020 17:15:00	18,96	18,39	17,95	17,53	17,05	16,68	16,31	15,89	15,47	15,05	14,60	14,17	13,75	13,35	12,96	12,57	12,18	11,77	11,35	10,92	10,48	21,56
03/05/2020 17:20:00	18,66	18,39	18,04	17,67	17,26	16,88	16,49	16,04	15,64	15,25	14,83	14,42	14,01	13,62	13,24	12,84	12,45	12,04	11,62	11,19	10,76	21,00
03/05/2020 17:25:00	18,84	18,48	18,11	17,73	17,29	16,87	16,44	15,99	15,56	15,13	14,70	14,28	13,87	13,47	13,08	12,68	12,28	11,86	11,44	11,01	10,58	21,27
03/05/2020 17:30:00	18,64	18,45	18,10	17,74	17,33	16,93	16,53	16,10	15,65	15,19	14,75	14,33	13,91	13,50	13,10	12,69	12,28	11,85	11,42	10,97	10,53	21,04
03/05/2020 17:35:00	18,58	18,41	18,03	17,65	17,25	16,86	16,45	16,00	15,55	15,11	14,71	14,32	13,92	13,54	13,15	12,75	12,34	11,92	11,50	11,06	10,62	20,81
03/05/2020 17:40:00	18,49	18,30	17,99	17,67	17,31	16,93	16,53	16,10	15,65	15,17	14,78	14,39	14,00	13,61	13,22	12,80	12,38	11,95	11,51	11,06	10,61	20,70
03/05/2020 17:45:00	18,54	18,40	18,05	17,68	17,28	16,90	16,51	16,11	15,68	15,23	14,79	14,38	13,96	13,57	13,17	12,77	12,37	11,95	11,52	11,08	10,64	20,57
03/05/2020 17:50:00	18,87	18,48	18,12	17,74	17,33	16,96	16,57	16,09	15,65	15,24	14,80	14,37	13,94	13,54	13,13	12,72	12,32	11,89	11,46	11,02	10,58	21,59
03/05/2020 17:55:00	18,90	18,52	18,13	17,74	17,33	16,94	16,55	16,15	15,72	15,28	14,84	14,43	14,01	13,62	13,22	12,82	12,42	12,00	11,58	11,13	10,69	22,08
03/05/2020 18:00:00	19,08	18,70	18,26	17,83	17,44	17,01	16,59	16,17	15,74	15,29	14,86	14,45	14,04	13,65	13,26	12,86	12,46	12,04	11,62	11,17	10,73	21,91
03/05/2020 18:05:00	19,20	18,62	18,14	17,69	17,28	16,89	16,50	16,06	15,64	15,22	14,83	14,45	14,06	13,69	13,32	12,93	12,54	12,12	11,71	11,27	10,83	22,07
03/05/2020 18:10:00	19,05	18,62	18,12	17,67	17,30	16,91	16,50	16,08	15,69	15,32	14,90	14,51	14,11	13,74	13,36	12,98	12,60	12,19	11,78	11,34	10,91	21,99
03/05/2020 18:15:00	19,09	18,67	18,20	17,74	17,26	16,85	16,45	16,02	15,62	15,24	14,83	14,45	14,06	13,69	13,33	12,95	12,58	12,18	11,78	11,36	10,94	22,15
03/05/2020 18:20:00	19,10	18,65	18,25	17,85	17,46	17,05	16,64	16,26	15,85	15,43	14,97	14,54	14,11	13,70	13,30	12,90	12,51	12,09	11,67	11,22	10,78	21,94
03/05/2020 18:25:00	18,73	18,52	18,17	17,82	17,46	17,06	16,66	16,26	15,85	15,44	15,01	14,60	14,19	13,80	13,41	13,01	12,61	12,19	11,77	11,33	10,89	20,99
03/05/2020 18:30:00	18,48	18,36	18,08	17,76	17,39	16,99	16,60	16,23	15,80	15,34	14,94	14,54	14,14	13,76	13,37	12,96	12,56	12,13	11,71	11,27	10,82	20,76
03/05/2020 18:35:00	18,40	18,30	17,97	17,62	17,25	16,88	16,52	16,15	15,77	15,39	15,00	14,63	14,26	13,90	13,53	13,16	12,78	12,37	11,97	11,54	11,12	20,67
03/05/2020 18:40:00	18,50	18,32	18,03	17,71	17,35	16,96	16,56	16,15	15,77	15,41	14,94	14,50	14,07	13,66	13,26	12,87	12,48	12,06	11,65	11,21	10,78	20,89
03/05/2020 18:45:00	18,66	18,42	18,09	17,75	17,35	16,96	16,59	16,21	15,81	15,40	14,98	14,57	14,17	13,78	13,40	13,01	12,61	12,20	11,78	11,35	10,91	21,21
03/05/2020 18:50:00	18,97	18,61	18,15	17,71	17,32	16,88	16,45	16,02	15,62	15,24	14,87	14,52	14,16	13,81	13,46	13,08	12,70	12,30	11,90	11,48	11,07	21,81
03/05/2020 18:55:00	19,25	18,87	18,48	18,06	17,61	17,21	16,82	16,40	16,01	15,64	15,20	14,78	14,37	13,98	13,60	13,22	12,83	12,43	12,02	11,59	11,16	21,87
03/05/2020 19:00:00	19,11	18,88	18,48	18,07	17,64	17,18	16,74	16,35	15,95	15,56	15,20	14,85	14,50	14,15	13,80	13,43	13,06	12,66	12,26	11,85	11,43	21,45
03/05/2020 19:05:00	19,10	18,90	18,50	18,08	17,69	17,28	16,87	16,48	16,08	15,66	15,25	14,86	14,47	14,09	13,72	13,33	12,94	12,52	12,11	11,67	11,24	21,27
03/05/2020 19:10:00	19,33	19,10	18,71	18,34	18,03	17,66	17,27	16,86	16,45	16,05	15,64	15,25	14,85	14,46	14,08	13,68	13,27	12,84	12,41	11,95	11,49	21,28
03/05/2020 19:15:00	19,67	19,41	19,03	18,63	18,21	17,84	17,47	17,07	16,66	16,25	15,85	15,47	15,09	14,72	14,35	13,96	13,56	13,14	12,72	12,27	11,83	21,36
03/05/2020 19:20:00	19,89	19,67	19,30	18,93	18,55	18,18	17,81	17,42	17,03	16,66	16,25	15,86	15,47	15,09	14,72	14,33	13,94	13,51	13,08	12,63	12,18	21,46
03/05/2020 19:25:00	19,88	19,66	19,31	18,96	18,64	18,28	17,89	17,47	17,05	16,63	16,25	15,88	15,51	15,13	14,76	14,35	13,94	13,49	13,05	12,58	12,11	21,30
03/05/2020 19:30:00	19,69	19,64	19,32	18,97	18,59	18,22	17,83	17,39	16,97	16,57	16,21	15,84	15,48	15,12	14,75	14,35	13,95	13,52	13,09	12,64	12,18	21,12
03/05/2020 19:35:00	19,74	19,64	19,35	19,01	18,61	18,19	17,79	17,42	17,02	16,61	16,22	15,85	15,47	15,10	14,74	14,34	13,95	13,53	13,10	12,66	12,22	20,87
03/05/2020 19:40:00	19,63	19,66	19,42	19,10	18,63	18,21	17,81	17,42	17,01	16,60	16,16	15,76	15,35	14,96	14,58	14,18	13,78	13,36	12,93	12,49	12,05	20,75
03/05/2020 19:45:00	19,47	19,61	19,33	19,00	18,65	18,26	17,86	17,49	17,08	16,66	16,26	15,88	15,50	15,12	14,74	14,34	13,94	13,51	13,08	12,62	12,17	20,52
03/05/2020 19:50:00	19,67	19,85	19,64	19,38	19,03	18,63	18,22	17,80	17,41	17,05	16,61	16,20	15,78	15,38	14,99	14,58	14,17	13,74	13,30	12,85	12,39	20,54
03/05/2020 19:55:00	19,59	19,80	19,59	19,31	18,99	18,58	18,16	17,77	17,39	17,03	16,64	16,26	15,89	15,52	15,15	14,75	14,35	13,92	13,49	13,05	12,60	20,26
03/05/2020 20:00:00	19,55	19,61	19,45	19,25	18,97	18,64	18,30	17,95	17,58	17,20	16,81	16,43	16,05	15,67	15,29	14,89	14,48	14,03	13,59	13,12	12,65	20,21
03/05/2020 20:05:00	19,45	19,56	19,45	19,28	19,01	18,73	18,41	18,01	17,62	17,24	16,84	16,43	16,03	15,63	15,23	14,80	14,38	13,93	13,47	12,99	12,51	20,24
03/05/2020 20:10:00	19,47	19,57	19,44	19,25	18,93	18,61	18,28	17,92	17,55	17,17	16,79	16,42	16,05	15,67	15,30	14,89	14,49	14,05	13,61	13,15	12,69	19,96
03/05/2020 20:15:00	19,38	19,58	19,49	19,33	19,05	18,71	18,34	17,98	17,58	17,16	16,81	16,46	16,10	15,72	15,35	14,93	14,52	14,07	13,62	13,15	12,68	20,06
03/05/2020 20:20:00	19,36	19,59	19,45	19,26	19,06	18,74	18,38	18,02	17,64	17,25	16,84	16,43	16,03	15,63	15,23	14,81	14,39	13,93	13,48	13,00	12,52	19,84
03/05/2020 20:25:00	19,33	19,69	19,56	19,37	19,13	18,77	18,36	17,98	17,61	17,25	16,87	16,49	16,11	15,74	15,36	14,95	14,54	14,09	13,65	13,19	12,73	19,74
03/05/2020 20:30:00	19,34	19,66	19,59	19,41	19,06	18,70	18,32	17,95	17,55	17,15	16,79	16,43	16,07	15,70	15,33	14,92	14,51	14,08	13,64	13,19	12,73	19,79
03/05/2020 20:35:00	19,20	19,37	19,26	19,07	18,78	18,48	18,16	17,83	17,47	17,09	16,69	16,30	15,90	15,52	15,13	14,73	14,33	13,89	13,45	12,99	12,52	19,82
03/05/2020 20:40:00	18,79	18,66	18,42	18,27	18,24	18,09	17,88	17,63	17,29	16,87	16,31	15,77	15,23	14,75	14,27	13,83	13,38	12,89	12,40	11,86	11,32	18,71
03/05/2020 20:45:00	17,89	17,65	17,33	17,04	16,77	16,49	16,20	15,91	15,64	15,41	15,19	14,96	14,74	14,48	14,22	13,89	13,57	13,20	12,84	12,44	12,05	17,85
03/05/2020 20:50:00	17,63	17,64	17,37	17,08	16,79	16,45	16,11	15,76	15,45	15,18	14,89	14,61	14,32	14,02	13,71	13,37	13,02	12,64	12,27	11,87	11,48	17,22
03/05/2020 20:55:00	16,91	17,05	16,83	16,59	16,36	16,17	15,99	15,83	15,62	15,42	15,23	15,04	14,85	14,62	14,39	14,10	13,80	13,46	13,12	12,74	12,37	17,09
03/05/2020 21:00:00	16,55	17,06	16,97	16,79	16,56	16,29	16,02	15,76	15,50	15,26	15,05	14,83	14,61	14,35	14,10	13,77	13,44	13,08	12,72	12,35	11,97	17,27
03/05/2020 21:05:00	17,06	17,17	17,06	16,91	16,72	16,47	16,20	15,90	15,60	15,32	15,05	14,77	14,49	14,19	13,88	13,52	13,16	12,77	12,38	11,97	11,56	17,77
03/05/2020 21:10:00	17,30	17,47	17,35	17,19	16,99	16,73	16,48	16,26	15,98	15,68	15,36	15,05	14,74	14,42	14,10	13,75	13,40	13,01	12,62	12,20	11,78	17,77
03/05/2020 21:15:00	17,52	17,59	17,44	17,28	17,10	16,82	16,51	16,20	15,85	15,48	15,01	14,57	14,12	13,71	13,29	12,89	12,48	12,05	11,62	11,16	10,70	18,01
03/05/2020 21:20:00	16,98	17,43	17,33	17,13	16,83	16,53	16,23	15,91	15,60	15,29	14,92	14,57	14,22	13,88	13,54	13,18	12,82	12,43	12,04	11,64	11,23	16,39
03/05/2020 21:25:00	16,75	17,26	17,15	16,97	16,75	16,41	16,09	15,84	15,54	15,21	14,73	14,30	13,88	13,49	13,10	12,73	12,36	11,96	11,56	11,14	10,72	16,64
03/05/2020 21:30:00	16,73	16,91	16,86	16,73	16,52	16,22	15,88	15,51	15,14	14,76	14,29	13,84	13,39	12,97	12,55	12,13	11,72	11,30	10,88	10,44	9,99	16,56
03/05/2020 21:35:00	16,03	15,92	15,64	15,31	14,91	14,61	14,35	14,14	13,93	13,75	13,53	13,34	13,14	12,92	12,70	12,43	12,16	11,86	11,57	11,25	10,93	15,70
03/05/2020 21:40:00	15,39	15,17	14,89	14,67	14,52	14,39	14,28	14,18	14,10	14,03	13,90	13,76	13,63	13,46	13,29	13,05	12,81	12,52	12,22	11,90	11,57	14,68
03/05/2020 21:45:00	15,23	15,07	14,84	14,70	14,69	14,65	14,57	14,47	14,33	14,20	14,05	13,88	13,70	13,49	13,27	12,99	12,70	12,37	12,03	11,65	11,28	14,29
03/05/2020 21:50:00	15,01	14,85	14,60	14,46	14,47	14,44	14,37	14,30	14,25	14,22	14,18	14,10	14,02	13,88	13,73	13,49	13,25	12,95	12,65	12,31	11,98	14,10
03/05/2020 21:55:00	14,68	14,35	14,12	13,99	14,01	14,00	13,97	13,93	13,92	13,94	13,97	13,95	13,93	13,83	13,72	13,50	13,29	13,01	12,73	12,41	12,09	13,98
03/05/2020 22:00:00	14,30	14,05	13,82	13,64	13,53	13,47	13,41	13,35	13,26	13,18	13,11	13,02	12,93	12,78	12,63	12,39	12,16	11,87	11,59	11,27	10,96	13,85
03/05/2020 22:05:00	13,97	13,85	13,57	13,38	13,35	13,32	13,24	13,13	13,07	13,05	13,03	12,97	12,92	12,79	12,67	12,44	12,21	11,93	11,65	11,34	11,03	13,84
03/05/2020 22:10:00	13,87	13,62	13,43	13,27	13,11	13,08	13,01	12,89	12,79	12,71	12,64	12,55	12,45	12,29	12,14	11,90	11,66	11,38	11,09	10,78	10,47	13,88
03/05/2020 22:15:00	13,73	13,52	13,23	13,02	12,94	12,88	12,83	12,78	12,71	12,68	12,69	12,67	12,65	12,55	12,45	12,24	12,03	11,77	11,51	11,21	10,92	13,75
03/05/2020 22:20:00	13,61	13,34	13,13	12,99	12,94	12,90	12,85	12,80	12,78	12,77	12,70	12,62	12,54	12,40	12,27	12,05	11,83	11,57	11,30	11,00	10,70	13,40
03/05/2020 22:25:00	13,43	13,25	12,96	12,81	12,86	12,82	12,76	12,71	12,68	12,69	12,71	12,69	12,67	12,57	12,46	12,25	12,04	11,77	11,50	11,20	10,90	13,31
03/05/2020 22:30:00	13,28	12,99	12,82	12,79	12,93	12,99	13,03	13,07	13,10	13,12	13,07	13,00	12,93	12,79	12,66	12,44	12,22	11,94	11,66	11,34	11,01	13,09
03/05/2020 22:35:00	13,10	12,92	13,01	13,17	13,34	13,43	13,48	13,52	13,55	13,56	13,51	13,41	13,32	13,16	13,00	12,75	12,51	12,21	11,91	11,56	11,22	12,84
03/05/2020 22:40:00	12,69	12,70	12,81	12,95	13,11	13,18	13,22	13,26	13,22	13,17	13,09	12,98	12,86	12,68	12,50	12,24	11,98	11,67	11,36	11,01	10,67	12,71
03/05/2020 22:45:00	12,63	12,61	12,80	13,03	13,24	13,30	13,30	13,27	13,23	13,19	13,16	13,06	12,96	12,77	12,59	12,31	12,03	11,71	11,38	11,03	10,67	12,61
03/05/2020 22:50:00	12,52	12,38	12,62	12,90	13,16	13,34	13,46	13,54	13,51	13,45	13,33	13,15	12,98	12,76	12,55	12,26	11,98	11,64	11,31	10,92	10,54	12,45
03/05/2020 22:55:00	12,35	12,38	12,68	12,99	13,24	13,49	13,64	13,72	13,64	13,53	13,38	13,18	12,98	12,74	12,50	12,19	11,89	11,53	11,18	10,77	10,37	12,29
03/05/2020 23:00:00	12,28	12,25	12,57	12,88	13,13	13,25	13,33	13,41	13,38	13,33	13,26	13,13	12,99	12,79	12,59	12,31	12,03	11,70	11,38	11,01	10,65	12,16
03/05/2020 23:05:00	12,14	12,20	12,49	12,82	13,12	13,33	13,46	13,53	13,47	13,39	13,33	13,19	13,06	12,85	12,64	12,34	12,04	11,70	11,35	10,96	10,57	11,92
03/05/2020 23:10:00	11,85	11,81	12,13	12,47	12,74	12,95	13,07	13,14	13,15	13,11	13,01	12,86	12,70	12,49	12,29	12,01	11,73	11,40	11,08	10,71	10,34	11,83
03/05/2020 23:15:00	11,75	11,76	12,03	12,32	12,56	12,73	12,83	12,87	12,86	12,81	12,69	12,52	12,35	12,13	11,92	11,64	11,36	11,04	10,72	10,35	9,99	11,78
03/05/2020 23:20:00	11,86	11,85	12,03	12,25	12,43	12,58	12,69	12,78	12,70	12,59	12,48	12,33	12,17	11,96	11,75	11,48	11,20	10,88	10,56	10,19	9,83	11,86
03/05/2020 23:25:00	11,74	11,61	11,45	11,39	11,46	11,47	11,44	11,38	11,32	11,26	11,18	11,07	10,96	10,79	10,62	10,39	10,15	9,87	9,59	9,29	8,98	11,78
03/05/2020 23:30:00	11,85	11,62	11,38	11,23	11,19	11,16	11,10	11,02	10,96	10,93	10,93	10,90	10,86	10,75	10,63	10,42	10,21	9,96	9,71	9,43	9,16	11,63
03/05/2020 23:35:00	11,69	11,66	11,64	11,72	11,91	11,91	11,88	11,86	11,68	11,49	11,31	11,09	10,86	10,61	10,35	10,04	9,73	9,39	9,05	8,68	8,31	11,70
03/05/2020 23:40:00	11,61	11,61	11,53	11,53	11,65	11,65	11,62	11,58	11,49	11,42	11,39	11,31	11,23	11,07	10,91	10,66	10,41	10,12	9,83	9,52	9,20	11,60
03/05/2020 23:45:00	11,68	11,60	11,47	11,40	11,39	11,34	11,30	11,29	11,20	11,14	11,12	11,06	11,01	10,88	10,74	10,52	10,29	10,03	9,78	9,49	9,20	11,52
03/05/2020 23:50:00	11,35	11,38	11,31	11,24	11,15	11,14	11,09	11,01	10,94	10,87	10,75	10,63	10,50	10,34	10,17	9,94	9,71	9,45	9,19	8,91	8,63	11,41
03/05/2020 23:55:00	11,38	11,46	11,39	11,29	11,16	11,02	10,92	10,88	10,76	10,68	10,64	10,57	10,51	10,37	10,24	10,01	9,79	9,55	9,30	9,04	8,78	11,06
