FileFormat:0002.2 file with temperature of atmosphere
SN105HE102 RTK
local	GMT or Local
0	GMT-Local=[hours]
20	Height[m]
0	0	0	Longitude                [grd]               [min]               [sec]
0	0	0	Latitude                [grd]               [min]               [sec]
N	NS
56,45	Freq[GHz]
0,00	dTemostat[K]
0,150	MessErr[K]
0,248	//[grad/step]
version 14.4.20120406
MTP5HE102F5645K-38.60I70D222917+A1.1
Commentary:
SN105HE102
парабола ДНА = 2,5 град
НЕ102 - ПУ - ХВБ с ЦСД " S "
АЦП - 202 - 09 с контр.U пит.и М
оптопара серии - 2
Т out № 178 пл
БП LPS - 112
End Of Commentary

SYSTEM\alaska.dat
data time	0	50	100	150	200	250	300	350	400	450	500	550	600	650	700	750	800	850	900	950	1000	OutsideTemperature
02/12/2021 00:00:00	-8,98	-9,14	-9,65	-10,17	-10,32	-9,97	-9,20	-8,17	-7,18	-6,32	-5,40	-4,40	-3,40	-2,61	-1,82	-1,39	-0,96	-0,68	-0,40	-0,35	-0,31	-8,93
02/12/2021 00:05:00	-8,98	-9,40	-9,95	-10,42	-10,52	-10,16	-9,32	-8,33	-7,38	-6,43	-5,41	-4,36	-3,32	-2,52	-1,72	-1,31	-0,90	-0,62	-0,35	-0,31	-0,28	-9,03
02/12/2021 00:10:00	-9,14	-9,46	-10,03	-10,67	-10,79	-10,20	-9,26	-8,17	-7,16	-6,21	-5,22	-4,21	-3,21	-2,45	-1,70	-1,32	-0,93	-0,70	-0,47	-0,45	-0,44	-9,10
02/12/2021 00:15:00	-9,16	-9,52	-10,01	-10,57	-10,70	-10,23	-9,26	-8,13	-7,09	-6,14	-5,11	-4,03	-2,94	-2,10	-1,27	-0,82	-0,37	-0,07	0,22	0,27	0,31	-9,21
02/12/2021 00:20:00	-9,26	-9,65	-10,20	-10,67	-10,67	-10,06	-9,11	-7,97	-6,92	-5,99	-5,03	-4,05	-3,07	-2,34	-1,61	-1,23	-0,86	-0,63	-0,40	-0,38	-0,36	-9,23
02/12/2021 00:25:00	-9,35	-9,47	-9,96	-10,45	-10,53	-10,09	-9,16	-7,97	-6,85	-5,88	-4,84	-3,75	-2,65	-1,80	-0,96	-0,50	-0,05	0,25	0,55	0,60	0,64	-9,33
02/12/2021 00:30:00	-9,27	-9,56	-10,03	-10,39	-10,35	-9,85	-8,80	-7,67	-6,64	-5,64	-4,59	-3,54	-2,49	-1,71	-0,92	-0,53	-0,14	0,11	0,36	0,38	0,40	-9,21
02/12/2021 00:35:00	-9,19	-9,61	-10,15	-10,41	-10,20	-9,54	-8,39	-7,16	-6,07	-5,09	-4,11	-3,17	-2,23	-1,55	-0,87	-0,55	-0,23	-0,04	0,15	0,14	0,13	-9,27
02/12/2021 00:40:00	-9,24	-9,57	-10,02	-10,44	-10,42	-9,88	-8,89	-7,79	-6,78	-5,83	-4,83	-3,83	-2,83	-2,07	-1,32	-0,94	-0,56	-0,32	-0,08	-0,07	-0,05	-9,15
02/12/2021 00:45:00	-9,15	-9,62	-10,25	-10,79	-10,73	-9,92	-8,69	-7,31	-6,11	-5,14	-4,15	-3,16	-2,18	-1,46	-0,74	-0,37	-0,01	0,21	0,42	0,42	0,42	-9,16
02/12/2021 00:50:00	-9,25	-9,54	-10,13	-10,54	-10,46	-9,82	-8,83	-7,50	-6,28	-5,31	-4,30	-3,27	-2,23	-1,46	-0,69	-0,28	0,12	0,37	0,62	0,65	0,67	-9,25
02/12/2021 00:55:00	-9,28	-9,67	-10,13	-10,52	-10,54	-10,08	-9,03	-7,75	-6,57	-5,54	-4,42	-3,23	-2,04	-1,12	-0,19	0,31	0,81	1,16	1,50	1,57	1,64	-9,36
02/12/2021 01:00:00	-9,46	-9,59	-10,01	-10,46	-10,48	-9,89	-8,88	-7,72	-6,63	-5,54	-4,38	-3,22	-2,06	-1,20	-0,34	0,09	0,52	0,79	1,06	1,10	1,13	-9,38
02/12/2021 01:05:00	-9,34	-9,68	-10,15	-10,42	-10,23	-9,58	-8,57	-7,36	-6,24	-5,26	-4,25	-3,25	-2,25	-1,52	-0,78	-0,42	-0,06	0,17	0,39	0,40	0,42	-9,36
02/12/2021 01:10:00	-9,41	-9,64	-10,10	-10,52	-10,48	-9,87	-8,76	-7,54	-6,44	-5,45	-4,41	-3,37	-2,33	-1,55	-0,78	-0,39	0,00	0,25	0,49	0,51	0,52	-9,33
02/12/2021 01:15:00	-9,26	-9,68	-10,17	-10,45	-10,26	-9,57	-8,49	-7,21	-6,06	-5,11	-4,14	-3,17	-2,19	-1,47	-0,75	-0,39	-0,03	0,19	0,41	0,42	0,44	-9,16
02/12/2021 01:20:00	-9,25	-9,51	-10,02	-10,37	-10,22	-9,53	-8,45	-7,17	-6,02	-5,05	-4,06	-3,08	-2,10	-1,39	-0,68	-0,33	0,02	0,23	0,44	0,44	0,44	-9,20
02/12/2021 01:25:00	-9,27	-9,36	-9,95	-10,46	-10,44	-9,79	-8,70	-7,38	-6,19	-5,18	-4,14	-3,09	-2,05	-1,29	-0,53	-0,15	0,23	0,46	0,69	0,70	0,70	-9,15
02/12/2021 01:30:00	-9,22	-9,63	-10,25	-10,67	-10,47	-9,61	-8,42	-7,02	-5,77	-4,75	-3,72	-2,74	-1,76	-1,07	-0,37	-0,04	0,28	0,47	0,66	0,64	0,63	-9,25
02/12/2021 01:35:00	-9,12	-9,47	-10,05	-10,47	-10,43	-9,87	-8,69	-7,41	-6,26	-5,20	-4,10	-3,01	-1,91	-1,09	-0,28	0,13	0,54	0,80	1,06	1,08	1,10	-9,14
02/12/2021 01:40:00	-9,22	-9,57	-9,95	-10,22	-10,03	-9,29	-8,17	-6,92	-5,83	-4,93	-4,00	-3,07	-2,15	-1,46	-0,78	-0,44	-0,10	0,10	0,31	0,31	0,30	-9,27
02/12/2021 01:45:00	-9,18	-9,60	-9,99	-10,30	-10,12	-9,33	-8,15	-6,77	-5,59	-4,73	-3,85	-2,93	-2,00	-1,31	-0,61	-0,24	0,13	0,35	0,58	0,59	0,60	-9,18
02/12/2021 01:50:00	-9,19	-9,42	-9,96	-10,37	-10,23	-9,47	-8,34	-7,04	-5,89	-4,90	-3,91	-2,93	-1,96	-1,26	-0,56	-0,22	0,12	0,31	0,51	0,50	0,49	-9,22
02/12/2021 01:55:00	-9,24	-9,60	-10,03	-10,31	-10,16	-9,53	-8,44	-7,19	-6,09	-5,16	-4,21	-3,24	-2,27	-1,55	-0,82	-0,45	-0,08	0,15	0,38	0,39	0,40	-9,23
02/12/2021 02:00:00	-9,30	-9,65	-9,99	-10,24	-10,10	-9,47	-8,47	-7,27	-6,19	-5,34	-4,45	-3,51	-2,57	-1,85	-1,12	-0,74	-0,36	-0,11	0,14	0,16	0,18	-9,21
02/12/2021 02:05:00	-9,25	-9,65	-10,09	-10,33	-10,10	-9,35	-8,15	-6,84	-5,69	-4,70	-3,69	-2,70	-1,71	-0,99	-0,27	0,08	0,43	0,65	0,86	0,86	0,86	-9,16
02/12/2021 02:10:00	-9,23	-9,53	-9,92	-10,13	-9,89	-9,12	-7,84	-6,53	-5,42	-4,50	-3,58	-2,67	-1,76	-1,11	-0,45	-0,13	0,19	0,37	0,55	0,54	0,53	-9,16
02/12/2021 02:15:00	-9,22	-9,47	-9,92	-10,16	-9,92	-9,14	-7,89	-6,50	-5,29	-4,30	-3,30	-2,31	-1,33	-0,62	0,10	0,44	0,79	1,00	1,20	1,20	1,19	-9,24
02/12/2021 02:20:00	-9,17	-9,53	-9,93	-10,18	-9,90	-8,97	-7,68	-6,32	-5,15	-4,17	-3,20	-2,27	-1,33	-0,66	0,00	0,32	0,63	0,81	0,98	0,96	0,94	-9,18
02/12/2021 02:25:00	-9,24	-9,52	-9,85	-10,05	-9,81	-9,08	-7,98	-6,69	-5,52	-4,50	-3,45	-2,40	-1,35	-0,58	0,19	0,57	0,96	1,20	1,44	1,45	1,47	-9,16
02/12/2021 02:30:00	-9,21	-9,73	-10,02	-10,22	-9,95	-9,08	-7,79	-6,41	-5,22	-4,22	-3,19	-2,16	-1,12	-0,36	0,39	0,77	1,15	1,39	1,63	1,64	1,65	-9,20
02/12/2021 02:35:00	-9,26	-9,81	-10,11	-10,11	-9,60	-8,56	-7,11	-5,68	-4,49	-3,51	-2,55	-1,65	-0,76	-0,15	0,46	0,72	0,99	1,13	1,28	1,24	1,21	-9,17
02/12/2021 02:40:00	-9,23	-9,59	-9,85	-9,89	-9,48	-8,60	-7,33	-5,98	-4,85	-4,02	-3,21	-2,39	-1,58	-0,99	-0,40	-0,11	0,17	0,34	0,50	0,48	0,45	-9,21
02/12/2021 02:45:00	-9,19	-9,72	-9,97	-9,91	-9,40	-8,44	-7,25	-5,91	-4,76	-3,94	-3,14	-2,35	-1,57	-1,01	-0,45	-0,18	0,09	0,24	0,39	0,36	0,33	-9,26
02/12/2021 02:50:00	-9,24	-9,69	-10,11	-10,20	-9,72	-8,69	-7,23	-5,71	-4,45	-3,54	-2,66	-1,84	-1,01	-0,45	0,12	0,37	0,63	0,76	0,89	0,84	0,80	-9,22
02/12/2021 02:55:00	-9,32	-9,76	-10,04	-10,13	-9,65	-8,52	-7,18	-5,73	-4,50	-3,58	-2,69	-1,84	-0,99	-0,41	0,18	0,45	0,71	0,85	0,99	0,95	0,91	-9,30
02/12/2021 03:00:00	-9,30	-9,73	-10,00	-9,99	-9,42	-8,29	-6,88	-5,41	-4,17	-3,22	-2,30	-1,46	-0,62	-0,05	0,51	0,76	1,00	1,12	1,24	1,20	1,15	-9,33
02/12/2021 03:05:00	-9,33	-9,79	-10,03	-10,07	-9,61	-8,61	-7,30	-5,84	-4,57	-3,55	-2,52	-1,52	-0,52	0,20	0,91	1,25	1,59	1,79	2,00	2,00	1,99	-9,35
02/12/2021 03:10:00	-9,36	-9,73	-10,07	-10,07	-9,51	-8,41	-6,97	-5,47	-4,23	-3,28	-2,38	-1,56	-0,73	-0,18	0,37	0,61	0,85	0,96	1,07	1,02	0,97	-9,30
02/12/2021 03:15:00	-9,25	-9,79	-10,09	-9,99	-9,36	-8,26	-6,86	-5,43	-4,23	-3,24	-2,29	-1,44	-0,59	-0,03	0,54	0,77	1,00	1,11	1,22	1,18	1,13	-9,31
02/12/2021 03:20:00	-9,32	-9,78	-9,99	-9,91	-9,40	-8,45	-7,16	-5,73	-4,51	-3,61	-2,71	-1,83	-0,94	-0,30	0,34	0,66	0,97	1,16	1,34	1,33	1,32	-9,30
02/12/2021 03:25:00	-9,40	-9,70	-10,03	-10,07	-9,56	-8,47	-7,11	-5,66	-4,40	-3,35	-2,33	-1,39	-0,46	0,17	0,79	1,06	1,32	1,46	1,59	1,55	1,51	-9,31
02/12/2021 03:30:00	-9,39	-9,89	-10,13	-10,11	-9,56	-8,43	-6,92	-5,52	-4,39	-3,45	-2,55	-1,74	-0,93	-0,40	0,13	0,35	0,57	0,67	0,76	0,71	0,65	-9,30
02/12/2021 03:35:00	-9,33	-9,76	-10,00	-9,97	-9,45	-8,41	-7,08	-5,69	-4,51	-3,59	-2,69	-1,85	-1,01	-0,42	0,16	0,43	0,69	0,83	0,97	0,94	0,90	-9,31
02/12/2021 03:40:00	-9,38	-9,77	-9,97	-9,90	-9,40	-8,47	-7,22	-5,89	-4,73	-3,73	-2,73	-1,79	-0,84	-0,17	0,49	0,79	1,09	1,26	1,44	1,42	1,41	-9,36
02/12/2021 03:45:00	-9,37	-9,83	-10,09	-10,12	-9,65	-8,62	-7,24	-5,88	-4,73	-3,76	-2,81	-1,92	-1,04	-0,43	0,18	0,45	0,71	0,85	0,99	0,96	0,92	-9,30
02/12/2021 03:50:00	-9,42	-9,73	-10,12	-10,17	-9,69	-8,73	-7,37	-5,87	-4,58	-3,58	-2,59	-1,65	-0,72	-0,07	0,58	0,88	1,18	1,34	1,51	1,48	1,46	-9,36
02/12/2021 03:55:00	-9,26	-9,80	-10,08	-10,02	-9,48	-8,45	-7,05	-5,69	-4,56	-3,64	-2,76	-1,94	-1,12	-0,56	-0,01	0,23	0,47	0,59	0,71	0,66	0,62	-9,33
02/12/2021 04:00:00	-9,40	-9,88	-10,11	-10,08	-9,47	-8,25	-6,80	-5,27	-4,01	-3,12	-2,27	-1,49	-0,71	-0,18	0,35	0,58	0,81	0,92	1,03	0,97	0,92	-9,35
02/12/2021 04:05:00	-9,41	-9,94	-10,14	-10,02	-9,46	-8,50	-7,19	-5,87	-4,76	-3,84	-2,94	-2,10	-1,26	-0,68	-0,09	0,16	0,42	0,56	0,71	0,68	0,64	-9,38
02/12/2021 04:10:00	-9,50	-9,75	-10,09	-10,20	-9,79	-8,79	-7,36	-5,80	-4,50	-3,53	-2,57	-1,63	-0,70	-0,03	0,63	0,95	1,27	1,45	1,63	1,61	1,59	-9,34
02/12/2021 04:15:00	-9,36	-9,93	-10,16	-10,17	-9,64	-8,48	-7,01	-5,55	-4,34	-3,37	-2,43	-1,55	-0,67	-0,06	0,54	0,81	1,07	1,21	1,36	1,32	1,28	-9,40
02/12/2021 04:20:00	-9,42	-9,82	-10,16	-10,20	-9,67	-8,57	-7,17	-5,70	-4,46	-3,49	-2,55	-1,69	-0,83	-0,26	0,32	0,57	0,81	0,94	1,06	1,01	0,96	-9,43
02/12/2021 04:25:00	-9,44	-9,82	-10,09	-10,04	-9,47	-8,43	-7,17	-5,75	-4,53	-3,59	-2,68	-1,83	-0,97	-0,39	0,20	0,46	0,72	0,86	1,00	0,97	0,93	-9,40
02/12/2021 04:30:00	-9,37	-9,99	-10,31	-10,20	-9,56	-8,41	-6,93	-5,41	-4,15	-3,21	-2,32	-1,51	-0,69	-0,14	0,41	0,65	0,89	1,01	1,13	1,08	1,03	-9,44
02/12/2021 04:35:00	-9,41	-9,78	-10,18	-10,20	-9,60	-8,41	-6,93	-5,35	-4,04	-3,08	-2,16	-1,34	-0,52	0,01	0,54	0,76	0,98	1,08	1,17	1,11	1,04	-9,45
02/12/2021 04:40:00	-9,47	-9,75	-10,05	-9,98	-9,44	-8,49	-7,17	-5,81	-4,62	-3,60	-2,60	-1,70	-0,79	-0,18	0,44	0,69	0,95	1,08	1,22	1,18	1,14	-9,38
02/12/2021 04:45:00	-9,40	-9,84	-10,16	-10,09	-9,43	-8,18	-6,67	-5,15	-3,89	-2,92	-2,01	-1,21	-0,41	0,10	0,61	0,81	1,00	1,08	1,16	1,09	1,02	-9,40
02/12/2021 04:50:00	-9,39	-9,86	-10,13	-9,90	-9,20	-8,14	-6,71	-5,26	-4,05	-3,13	-2,25	-1,46	-0,68	-0,16	0,36	0,57	0,78	0,88	0,97	0,92	0,87	-9,41
02/12/2021 04:55:00	-9,43	-9,84	-10,10	-9,98	-9,32	-8,15	-6,73	-5,27	-4,04	-3,04	-2,09	-1,24	-0,39	0,17	0,72	0,94	1,16	1,27	1,37	1,31	1,26	-9,43
02/12/2021 05:00:00	-9,49	-9,82	-10,06	-10,07	-9,54	-8,45	-7,16	-5,76	-4,54	-3,54	-2,54	-1,63	-0,71	-0,08	0,54	0,82	1,09	1,23	1,38	1,34	1,31	-9,41
02/12/2021 05:05:00	-9,45	-10,04	-10,15	-9,99	-9,41	-8,34	-6,95	-5,52	-4,32	-3,38	-2,45	-1,54	-0,63	0,01	0,66	0,96	1,27	1,45	1,63	1,62	1,60	-9,48
02/12/2021 05:10:00	-9,48	-9,94	-10,22	-10,00	-9,24	-8,01	-6,40	-4,89	-3,68	-2,72	-1,83	-1,07	-0,32	0,15	0,62	0,78	0,95	1,00	1,05	0,97	0,89	-9,55
02/12/2021 05:15:00	-9,51	-10,02	-10,14	-9,91	-9,21	-8,07	-6,67	-5,24	-4,03	-3,06	-2,12	-1,26	-0,40	0,18	0,76	1,00	1,24	1,37	1,50	1,46	1,42	-9,51
02/12/2021 05:20:00	-9,46	-9,95	-10,06	-9,80	-9,09	-7,95	-6,50	-5,04	-3,85	-2,97	-2,13	-1,34	-0,56	-0,02	0,51	0,74	0,97	1,09	1,20	1,16	1,11	-9,43
02/12/2021 05:25:00	-9,46	-9,87	-10,10	-9,90	-9,15	-7,92	-6,39	-4,89	-3,66	-2,71	-1,83	-1,08	-0,33	0,14	0,61	0,78	0,95	1,01	1,07	0,99	0,91	-9,41
02/12/2021 05:30:00	-9,37	-9,92	-10,12	-9,88	-9,19	-8,10	-6,61	-5,16	-3,98	-3,07	-2,19	-1,39	-0,59	-0,05	0,48	0,71	0,93	1,04	1,16	1,11	1,06	-9,37
02/12/2021 05:35:00	-9,41	-9,95	-10,24	-10,20	-9,51	-8,16	-6,60	-4,97	-3,64	-2,70	-1,83	-1,05	-0,27	0,23	0,73	0,93	1,14	1,22	1,30	1,23	1,16	-9,41
02/12/2021 05:40:00	-9,46	-9,88	-10,08	-9,91	-9,24	-8,12	-6,59	-5,07	-3,80	-2,81	-1,85	-0,97	-0,09	0,50	1,10	1,35	1,60	1,73	1,86	1,82	1,77	-9,43
02/12/2021 05:45:00	-9,51	-9,95	-10,29	-10,27	-9,57	-8,26	-6,67	-5,09	-3,76	-2,65	-1,59	-0,69	0,21	0,76	1,32	1,52	1,71	1,79	1,86	1,79	1,72	-9,45
02/12/2021 05:50:00	-9,40	-9,88	-10,06	-9,93	-9,31	-8,21	-6,70	-5,19	-3,94	-2,99	-2,06	-1,19	-0,33	0,26	0,85	1,11	1,37	1,51	1,64	1,61	1,57	-9,43
02/12/2021 05:55:00	-9,29	-9,76	-9,94	-9,77	-9,16	-8,14	-6,90	-5,59	-4,43	-3,42	-2,41	-1,50	-0,59	0,03	0,66	0,91	1,17	1,32	1,46	1,43	1,40	-9,26
02/12/2021 06:00:00	-9,28	-9,62	-9,88	-9,87	-9,31	-8,21	-6,86	-5,43	-4,23	-3,29	-2,39	-1,56	-0,73	-0,17	0,38	0,62	0,86	0,97	1,09	1,04	0,99	-9,26
02/12/2021 06:05:00	-9,11	-9,34	-9,63	-9,65	-9,12	-8,03	-6,68	-5,27	-4,08	-3,09	-2,14	-1,28	-0,42	0,14	0,71	0,94	1,16	1,27	1,37	1,32	1,26	-9,19
02/12/2021 06:10:00	-9,12	-9,35	-9,47	-9,35	-8,87	-8,03	-6,80	-5,52	-4,43	-3,59	-2,75	-1,92	-1,09	-0,50	0,10	0,38	0,67	0,83	0,99	0,97	0,95	-9,08
02/12/2021 06:15:00	-9,10	-9,48	-9,66	-9,57	-9,00	-7,95	-6,70	-5,41	-4,29	-3,33	-2,39	-1,54	-0,69	-0,12	0,46	0,69	0,92	1,04	1,16	1,11	1,07	-9,09
02/12/2021 06:20:00	-8,99	-9,32	-9,49	-9,35	-8,75	-7,72	-6,36	-5,00	-3,89	-3,05	-2,24	-1,49	-0,74	-0,24	0,26	0,47	0,68	0,78	0,87	0,82	0,76	-9,00
02/12/2021 06:25:00	-8,93	-9,36	-9,54	-9,41	-8,75	-7,58	-6,20	-4,80	-3,63	-2,74	-1,88	-1,12	-0,36	0,13	0,63	0,82	1,02	1,10	1,18	1,12	1,05	-8,99
02/12/2021 06:30:00	-8,94	-9,17	-9,21	-8,93	-8,21	-7,06	-5,75	-4,40	-3,28	-2,50	-1,75	-1,08	-0,40	0,04	0,48	0,65	0,83	0,90	0,97	0,89	0,82	-8,99
02/12/2021 06:35:00	-8,90	-9,33	-9,72	-9,78	-9,22	-8,02	-6,51	-5,02	-3,83	-2,92	-2,08	-1,34	-0,60	-0,13	0,34	0,52	0,70	0,76	0,82	0,74	0,65	-9,00
02/12/2021 06:40:00	-8,97	-9,17	-9,32	-9,20	-8,63	-7,59	-6,21	-4,85	-3,74	-2,88	-2,05	-1,29	-0,53	-0,02	0,49	0,70	0,91	1,01	1,10	1,04	0,98	-8,97
02/12/2021 06:45:00	-8,85	-9,26	-9,46	-9,30	-8,52	-7,13	-5,57	-4,10	-2,95	-2,13	-1,40	-0,80	-0,20	0,14	0,47	0,57	0,66	0,65	0,64	0,52	0,41	-8,91
02/12/2021 06:50:00	-8,84	-9,24	-9,49	-9,36	-8,69	-7,54	-6,16	-4,81	-3,68	-2,78	-1,93	-1,20	-0,48	-0,02	0,43	0,59	0,74	0,79	0,84	0,76	0,68	-8,87
02/12/2021 06:55:00	-8,84	-9,35	-9,62	-9,33	-8,36	-6,82	-5,08	-3,40	-2,12	-1,33	-0,68	-0,17	0,34	0,59	0,85	0,90	0,94	0,89	0,84	0,70	0,56	-8,51
02/12/2021 07:00:00	-8,65	-8,88	-9,05	-9,05	-8,57	-7,58	-6,28	-4,94	-3,83	-2,97	-2,13	-1,33	-0,53	0,03	0,58	0,82	1,07	1,19	1,31	1,26	1,22	-8,61
02/12/2021 07:05:00	-8,68	-8,70	-8,97	-9,03	-8,63	-7,73	-6,42	-5,03	-3,85	-2,93	-2,02	-1,15	-0,28	0,32	0,92	1,19	1,46	1,60	1,74	1,70	1,65	-8,49
02/12/2021 07:10:00	-8,58	-9,12	-9,27	-8,99	-8,26	-7,18	-6,01	-4,78	-3,72	-2,86	-2,03	-1,32	-0,61	-0,14	0,32	0,48	0,65	0,72	0,78	0,72	0,65	-8,38
02/12/2021 07:15:00	-8,66	-8,90	-9,15	-9,09	-8,55	-7,56	-6,19	-4,81	-3,67	-2,76	-1,89	-1,09	-0,29	0,25	0,78	1,00	1,22	1,31	1,41	1,36	1,30	-8,44
02/12/2021 07:20:00	-8,63	-8,93	-9,15	-8,97	-8,27	-7,13	-5,73	-4,33	-3,19	-2,36	-1,58	-0,91	-0,24	0,19	0,61	0,76	0,91	0,96	1,00	0,92	0,83	-8,30
02/12/2021 07:25:00	-8,54	-8,82	-8,99	-8,94	-8,44	-7,45	-6,08	-4,72	-3,63	-2,86	-2,12	-1,41	-0,70	-0,21	0,28	0,50	0,72	0,82	0,92	0,86	0,80	-8,28
02/12/2021 07:30:00	-8,25	-8,57	-8,72	-8,57	-7,95	-6,89	-5,77	-4,56	-3,51	-2,69	-1,90	-1,20	-0,50	-0,04	0,43	0,60	0,78	0,85	0,92	0,85	0,78	-8,21
02/12/2021 07:35:00	-8,24	-8,55	-8,62	-8,45	-7,88	-6,92	-5,66	-4,41	-3,37	-2,59	-1,83	-1,11	-0,39	0,10	0,60	0,81	1,02	1,12	1,23	1,17	1,11	-8,21
02/12/2021 07:40:00	-8,14	-8,50	-8,69	-8,57	-8,06	-7,19	-5,98	-4,74	-3,69	-2,85	-2,02	-1,24	-0,46	0,08	0,62	0,85	1,09	1,21	1,33	1,28	1,24	-8,18
02/12/2021 07:45:00	-8,17	-8,55	-8,83	-8,79	-8,31	-7,45	-6,18	-4,88	-3,78	-2,93	-2,09	-1,30	-0,51	0,04	0,59	0,83	1,07	1,19	1,32	1,27	1,23	-8,20
02/12/2021 07:50:00	-8,12	-8,61	-8,90	-8,89	-8,41	-7,49	-6,20	-4,87	-3,76	-2,90	-2,06	-1,27	-0,48	0,06	0,61	0,85	1,09	1,21	1,33	1,29	1,24	-8,16
02/12/2021 07:55:00	-8,15	-8,49	-8,71	-8,78	-8,41	-7,52	-6,35	-5,06	-3,96	-3,15	-2,34	-1,53	-0,72	-0,14	0,44	0,72	0,99	1,15	1,30	1,27	1,23	-8,10
02/12/2021 08:00:00	-8,20	-8,58	-8,78	-8,71	-8,22	-7,32	-6,17	-4,97	-3,95	-3,12	-2,30	-1,54	-0,78	-0,26	0,26	0,48	0,70	0,81	0,92	0,87	0,83	-8,30
02/12/2021 08:05:00	-8,24	-8,69	-9,01	-8,97	-8,41	-7,37	-6,13	-4,78	-3,65	-2,86	-2,11	-1,43	-0,75	-0,29	0,16	0,35	0,54	0,62	0,69	0,63	0,56	-8,36
02/12/2021 08:10:00	-8,35	-8,70	-9,07	-9,10	-8,56	-7,48	-6,19	-4,80	-3,64	-2,84	-2,10	-1,43	-0,76	-0,33	0,11	0,28	0,45	0,51	0,57	0,50	0,42	-8,32
02/12/2021 08:15:00	-8,38	-8,79	-9,08	-9,10	-8,65	-7,72	-6,49	-5,23	-4,18	-3,36	-2,56	-1,83	-1,09	-0,59	-0,09	0,13	0,34	0,44	0,54	0,49	0,43	-8,45
02/12/2021 08:20:00	-8,46	-8,81	-9,04	-9,11	-8,71	-7,82	-6,74	-5,50	-4,40	-3,54	-2,68	-1,84	-1,01	-0,42	0,17	0,45	0,72	0,87	1,02	1,00	0,97	-8,50
02/12/2021 08:25:00	-8,53	-8,77	-8,88	-8,77	-8,32	-7,52	-6,48	-5,27	-4,20	-3,39	-2,55	-1,72	-0,90	-0,29	0,32	0,61	0,90	1,07	1,25	1,23	1,21	-8,48
02/12/2021 08:30:00	-8,53	-8,85	-9,01	-8,88	-8,31	-7,34	-6,07	-4,78	-3,73	-2,95	-2,20	-1,50	-0,81	-0,34	0,13	0,32	0,52	0,61	0,69	0,63	0,57	-8,51
02/12/2021 08:35:00	-8,43	-8,72	-8,74	-8,66	-8,18	-7,22	-6,17	-5,10	-4,16	-3,32	-2,48	-1,70	-0,92	-0,38	0,15	0,37	0,59	0,70	0,81	0,77	0,72	-8,55
02/12/2021 08:40:00	-8,55	-8,79	-8,97	-8,84	-8,26	-7,27	-5,98	-4,70	-3,64	-2,85	-2,10	-1,42	-0,74	-0,30	0,15	0,32	0,50	0,56	0,63	0,56	0,48	-8,58
02/12/2021 08:45:00	-8,49	-8,63	-8,89	-8,92	-8,51	-7,67	-6,59	-5,35	-4,26	-3,38	-2,49	-1,65	-0,81	-0,23	0,36	0,62	0,87	1,01	1,15	1,11	1,08	-8,44
02/12/2021 08:50:00	-8,35	-8,72	-8,91	-8,81	-8,30	-7,42	-6,30	-5,13	-4,14	-3,32	-2,51	-1,77	-1,03	-0,52	-0,01	0,21	0,42	0,52	0,62	0,57	0,52	-8,40
02/12/2021 08:55:00	-8,33	-8,65	-8,95	-9,01	-8,60	-7,72	-6,55	-5,29	-4,21	-3,34	-2,49	-1,68	-0,87	-0,30	0,26	0,52	0,77	0,90	1,03	0,99	0,94	-8,35
02/12/2021 09:00:00	-8,25	-8,67	-8,76	-8,49	-7,84	-6,90	-5,69	-4,56	-3,63	-2,88	-2,15	-1,51	-0,87	-0,45	-0,02	0,13	0,29	0,35	0,41	0,33	0,26	-8,23
02/12/2021 09:05:00	-8,19	-8,65	-8,86	-8,79	-8,29	-7,38	-6,19	-4,95	-3,88	-3,02	-2,17	-1,37	-0,58	-0,02	0,53	0,77	1,01	1,14	1,27	1,23	1,19	-8,14
02/12/2021 09:10:00	-8,25	-8,45	-8,71	-8,67	-8,18	-7,32	-6,24	-5,09	-4,09	-3,20	-2,34	-1,57	-0,80	-0,29	0,22	0,41	0,60	0,68	0,77	0,70	0,64	-8,26
02/12/2021 09:15:00	-8,32	-8,64	-8,67	-8,39	-7,77	-6,85	-5,85	-4,77	-3,84	-3,13	-2,43	-1,79	-1,16	-0,72	-0,28	-0,11	0,06	0,14	0,22	0,16	0,11	-8,33
02/12/2021 09:20:00	-8,31	-8,55	-8,62	-8,41	-7,87	-7,09	-5,97	-4,81	-3,84	-3,10	-2,36	-1,66	-0,96	-0,46	0,03	0,25	0,47	0,58	0,69	0,65	0,60	-8,37
02/12/2021 09:25:00	-8,32	-8,68	-8,64	-8,40	-7,81	-6,84	-5,69	-4,58	-3,69	-3,05	-2,44	-1,88	-1,31	-0,92	-0,53	-0,38	-0,22	-0,16	-0,10	-0,17	-0,24	-8,24
02/12/2021 09:30:00	-8,21	-8,52	-8,57	-8,43	-7,94	-7,06	-6,04	-4,92	-3,95	-3,21	-2,48	-1,77	-1,06	-0,55	-0,04	0,19	0,42	0,54	0,66	0,62	0,58	-8,25
02/12/2021 09:35:00	-8,17	-8,52	-8,53	-8,30	-7,73	-6,82	-5,72	-4,64	-3,76	-3,03	-2,32	-1,67	-1,02	-0,57	-0,12	0,05	0,23	0,30	0,38	0,32	0,26	-8,22
02/12/2021 09:40:00	-8,20	-8,65	-8,56	-8,13	-7,42	-6,51	-5,44	-4,38	-3,50	-2,85	-2,22	-1,65	-1,07	-0,68	-0,28	-0,13	0,03	0,10	0,17	0,11	0,04	-8,19
02/12/2021 09:45:00	-8,14	-8,39	-8,47	-8,31	-7,80	-6,97	-5,87	-4,72	-3,75	-3,02	-2,30	-1,61	-0,92	-0,43	0,06	0,28	0,49	0,60	0,71	0,66	0,61	-8,18
02/12/2021 09:50:00	-8,26	-8,38	-8,54	-8,51	-8,13	-7,37	-6,30	-5,09	-4,04	-3,25	-2,44	-1,64	-0,84	-0,26	0,32	0,60	0,87	1,03	1,18	1,16	1,13	-8,17
02/12/2021 09:55:00	-8,17	-8,44	-8,64	-8,66	-8,23	-7,33	-6,18	-4,88	-3,76	-3,00	-2,24	-1,48	-0,73	-0,19	0,35	0,61	0,87	1,01	1,14	1,11	1,07	-8,30
02/12/2021 10:00:00	-8,23	-8,58	-8,72	-8,57	-7,93	-6,78	-5,45	-4,17	-3,12	-2,30	-1,53	-0,86	-0,19	0,23	0,65	0,80	0,94	0,98	1,02	0,94	0,85	-8,39
02/12/2021 10:05:00	-8,20	-8,41	-8,53	-8,46	-7,97	-7,05	-5,84	-4,67	-3,71	-2,90	-2,11	-1,39	-0,67	-0,18	0,30	0,50	0,69	0,77	0,85	0,79	0,72	-8,34
02/12/2021 10:10:00	-8,26	-8,60	-8,69	-8,54	-8,02	-7,14	-6,04	-4,91	-3,92	-3,07	-2,21	-1,42	-0,63	-0,07	0,48	0,71	0,94	1,06	1,19	1,15	1,11	-8,39
02/12/2021 10:15:00	-8,38	-8,82	-8,93	-8,77	-8,18	-7,16	-5,85	-4,57	-3,56	-2,89	-2,26	-1,67	-1,07	-0,67	-0,27	-0,10	0,07	0,14	0,21	0,14	0,06	-8,33
02/12/2021 10:20:00	-8,43	-8,76	-8,78	-8,49	-7,79	-6,74	-5,47	-4,30	-3,36	-2,55	-1,79	-1,13	-0,48	-0,06	0,35	0,49	0,63	0,67	0,71	0,63	0,54	-8,41
02/12/2021 10:25:00	-8,34	-8,77	-8,89	-8,72	-8,07	-6,94	-5,68	-4,36	-3,27	-2,46	-1,70	-1,01	-0,32	0,14	0,59	0,77	0,95	1,03	1,10	1,03	0,96	-8,54
02/12/2021 10:30:00	-8,53	-8,58	-8,60	-8,38	-7,83	-7,03	-5,99	-4,96	-4,05	-3,16	-2,28	-1,48	-0,69	-0,16	0,37	0,57	0,77	0,87	0,97	0,91	0,86	-8,58
02/12/2021 10:35:00	-8,60	-8,75	-8,87	-8,72	-8,14	-7,16	-5,97	-4,76	-3,75	-2,97	-2,22	-1,55	-0,87	-0,43	0,02	0,19	0,36	0,43	0,49	0,42	0,35	-8,60
02/12/2021 10:40:00	-8,63	-8,88	-8,82	-8,46	-7,73	-6,70	-5,57	-4,40	-3,41	-2,66	-1,95	-1,31	-0,67	-0,24	0,19	0,34	0,50	0,57	0,63	0,57	0,50	-8,58
02/12/2021 10:45:00	-8,50	-8,83	-8,82	-8,55	-7,86	-6,71	-5,32	-4,04	-3,06	-2,36	-1,72	-1,15	-0,58	-0,22	0,14	0,26	0,39	0,42	0,45	0,36	0,27	-8,62
02/12/2021 10:50:00	-8,52	-8,72	-8,64	-8,37	-7,78	-6,82	-5,61	-4,46	-3,54	-2,84	-2,16	-1,51	-0,87	-0,42	0,02	0,20	0,39	0,47	0,55	0,49	0,43	-8,62
02/12/2021 10:55:00	-8,50	-8,71	-8,69	-8,46	-7,89	-6,99	-5,81	-4,71	-3,80	-3,01	-2,24	-1,54	-0,84	-0,36	0,12	0,31	0,49	0,58	0,67	0,61	0,55	-8,46
02/12/2021 11:00:00	-8,37	-8,67	-8,75	-8,60	-8,07	-7,18	-6,08	-4,87	-3,83	-3,09	-2,36	-1,65	-0,94	-0,43	0,07	0,30	0,53	0,66	0,78	0,74	0,69	-8,58
02/12/2021 11:05:00	-8,46	-8,74	-8,74	-8,47	-7,79	-6,73	-5,61	-4,47	-3,51	-2,72	-1,97	-1,31	-0,65	-0,21	0,22	0,37	0,52	0,58	0,64	0,56	0,49	-8,51
02/12/2021 11:10:00	-8,47	-8,75	-8,84	-8,68	-8,07	-7,02	-5,82	-4,58	-3,55	-2,71	-1,91	-1,19	-0,47	0,01	0,48	0,66	0,85	0,92	1,00	0,93	0,86	-8,40
02/12/2021 11:15:00	-8,40	-8,79	-8,74	-8,46	-7,93	-7,22	-6,17	-5,07	-4,13	-3,38	-2,60	-1,84	-1,07	-0,50	0,07	0,34	0,60	0,77	0,93	0,92	0,90	-8,45
02/12/2021 11:20:00	-8,45	-8,65	-8,65	-8,37	-7,80	-7,00	-5,92	-4,82	-3,88	-3,10	-2,32	-1,58	-0,85	-0,32	0,20	0,42	0,64	0,76	0,88	0,84	0,80	-8,38
02/12/2021 11:25:00	-8,44	-8,60	-8,70	-8,60	-8,12	-7,25	-6,12	-4,92	-3,89	-3,07	-2,26	-1,48	-0,70	-0,15	0,39	0,63	0,87	1,00	1,13	1,09	1,05	-8,38
02/12/2021 11:30:00	-8,28	-8,56	-8,71	-8,71	-8,30	-7,44	-6,36	-5,14	-4,07	-3,23	-2,38	-1,54	-0,71	-0,11	0,49	0,77	1,05	1,21	1,37	1,35	1,32	-8,36
02/12/2021 11:35:00	-8,19	-8,51	-8,44	-8,16	-7,58	-6,65	-5,71	-4,73	-3,85	-3,05	-2,24	-1,50	-0,76	-0,25	0,26	0,46	0,66	0,76	0,87	0,82	0,78	-8,04
02/12/2021 11:40:00	-7,94	-8,33	-8,47	-8,27	-7,65	-6,65	-5,41	-4,11	-3,01	-2,22	-1,45	-0,74	-0,02	0,46	0,94	1,15	1,35	1,44	1,54	1,48	1,42	-8,06
02/12/2021 11:45:00	-8,04	-8,43	-8,45	-8,16	-7,52	-6,59	-5,38	-4,19	-3,18	-2,37	-1,58	-0,85	-0,12	0,38	0,88	1,08	1,28	1,38	1,48	1,43	1,38	-8,13
02/12/2021 11:50:00	-8,01	-8,34	-8,31	-8,09	-7,51	-6,53	-5,55	-4,51	-3,60	-2,79	-1,99	-1,26	-0,53	-0,03	0,46	0,65	0,84	0,93	1,02	0,97	0,91	-8,03
02/12/2021 11:55:00	-7,91	-8,16	-8,23	-8,03	-7,48	-6,62	-5,52	-4,40	-3,45	-2,63	-1,82	-1,07	-0,32	0,19	0,71	0,91	1,12	1,22	1,33	1,27	1,22	-8,00
02/12/2021 12:00:00	-7,97	-8,16	-8,32	-8,27	-7,80	-6,89	-5,72	-4,52	-3,51	-2,66	-1,82	-1,05	-0,27	0,25	0,78	1,00	1,22	1,32	1,42	1,37	1,31	-8,02
02/12/2021 12:05:00	-7,95	-8,26	-8,29	-8,10	-7,56	-6,68	-5,74	-4,66	-3,67	-2,81	-1,94	-1,13	-0,32	0,26	0,83	1,07	1,31	1,45	1,58	1,55	1,52	-8,01
02/12/2021 12:10:00	-7,94	-8,10	-8,31	-8,39	-7,98	-6,98	-5,71	-4,31	-3,14	-2,37	-1,62	-0,87	-0,13	0,39	0,91	1,16	1,40	1,52	1,64	1,58	1,53	-7,81
02/12/2021 12:15:00	-7,64	-7,88	-8,07	-8,18	-7,89	-7,10	-6,06	-4,91	-3,87	-2,91	-1,91	-0,95	0,02	0,71	1,40	1,72	2,03	2,21	2,40	2,38	2,37	-7,77
02/12/2021 12:20:00	-7,70	-8,01	-8,29	-8,35	-7,95	-7,07	-5,84	-4,57	-3,49	-2,56	-1,64	-0,77	0,09	0,68	1,27	1,52	1,77	1,90	2,03	1,99	1,94	-7,83
02/12/2021 12:25:00	-7,74	-8,00	-8,10	-7,98	-7,55	-6,82	-5,78	-4,75	-3,88	-3,10	-2,32	-1,57	-0,83	-0,30	0,23	0,46	0,69	0,81	0,93	0,88	0,84	-7,64
02/12/2021 12:30:00	-7,70	-8,07	-8,26	-8,24	-7,83	-7,07	-5,91	-4,67	-3,61	-2,77	-1,92	-1,08	-0,24	0,37	0,97	1,26	1,54	1,71	1,87	1,85	1,82	-7,71
02/12/2021 12:35:00	-7,53	-7,77	-7,98	-8,02	-7,67	-6,91	-5,76	-4,53	-3,49	-2,71	-1,93	-1,14	-0,36	0,20	0,76	1,03	1,29	1,44	1,58	1,54	1,51	-7,57
02/12/2021 12:40:00	-7,39	-7,73	-7,97	-8,07	-7,78	-7,07	-6,03	-4,81	-3,69	-2,83	-1,94	-1,04	-0,13	0,54	1,22	1,55	1,88	2,08	2,28	2,27	2,27	-7,49
02/12/2021 12:45:00	-7,32	-7,72	-7,89	-7,88	-7,43	-6,47	-5,25	-4,00	-2,99	-2,25	-1,53	-0,85	-0,16	0,32	0,79	1,00	1,21	1,30	1,39	1,33	1,27	-7,48
02/12/2021 12:50:00	-7,29	-7,54	-7,82	-7,91	-7,59	-6,86	-5,85	-4,65	-3,57	-2,80	-2,01	-1,23	-0,44	0,13	0,71	0,98	1,26	1,41	1,56	1,53	1,50	-7,42
02/12/2021 12:55:00	-7,53	-7,87	-8,10	-8,12	-7,67	-6,73	-5,43	-4,11	-3,03	-2,28	-1,56	-0,87	-0,18	0,29	0,76	0,97	1,17	1,26	1,35	1,28	1,21	-7,42
02/12/2021 13:00:00	-7,28	-7,66	-7,94	-8,02	-7,66	-6,82	-5,71	-4,57	-3,59	-2,74	-1,90	-1,11	-0,33	0,21	0,75	0,97	1,20	1,30	1,41	1,36	1,30	-7,33
02/12/2021 13:05:00	-7,25	-7,64	-8,04	-8,09	-7,60	-6,70	-5,46	-4,13	-3,03	-2,26	-1,54	-0,87	-0,21	0,22	0,66	0,84	1,01	1,07	1,13	1,06	0,98	-7,24
02/12/2021 13:10:00	-7,21	-7,56	-7,92	-8,13	-7,85	-7,03	-5,96	-4,75	-3,70	-2,87	-2,04	-1,25	-0,45	0,11	0,66	0,92	1,17	1,29	1,42	1,37	1,33	-7,18
02/12/2021 13:15:00	-7,06	-7,49	-7,98	-8,19	-7,89	-7,11	-5,87	-4,56	-3,45	-2,58	-1,72	-0,91	-0,09	0,47	1,04	1,29	1,54	1,66	1,79	1,74	1,69	-6,93
02/12/2021 13:20:00	-6,96	-7,30	-7,87	-8,22	-8,04	-7,34	-6,21	-4,89	-3,72	-2,71	-1,69	-0,70	0,29	1,00	1,70	2,03	2,36	2,54	2,73	2,71	2,69	-6,71
02/12/2021 13:25:00	-6,59	-7,06	-7,59	-7,96	-7,80	-7,03	-5,79	-4,48	-3,38	-2,47	-1,57	-0,68	0,21	0,83	1,46	1,75	2,04	2,19	2,34	2,30	2,27	-6,48
02/12/2021 13:30:00	-6,61	-7,06	-7,59	-7,97	-7,80	-7,03	-5,91	-4,57	-3,37	-2,45	-1,51	-0,57	0,36	1,04	1,71	2,04	2,36	2,55	2,73	2,71	2,69	-6,56
02/12/2021 13:35:00	-6,46	-6,98	-7,49	-7,76	-7,51	-6,74	-5,59	-4,22	-3,02	-2,15	-1,28	-0,40	0,49	1,12	1,76	2,07	2,39	2,56	2,74	2,71	2,69	-6,55
02/12/2021 13:40:00	-6,51	-6,78	-7,26	-7,78	-7,80	-7,13	-6,13	-4,95	-3,88	-2,87	-1,81	-0,76	0,29	1,05	1,82	2,18	2,54	2,75	2,97	2,96	2,95	-6,63
02/12/2021 13:45:00	-6,57	-7,05	-7,57	-7,83	-7,54	-6,73	-5,54	-4,22	-3,09	-2,24	-1,41	-0,61	0,19	0,74	1,29	1,54	1,79	1,91	2,03	1,98	1,93	-6,44
02/12/2021 13:50:00	-6,47	-6,92	-7,47	-7,89	-7,80	-7,13	-6,01	-4,74	-3,62	-2,62	-1,60	-0,58	0,43	1,17	1,90	2,25	2,61	2,81	3,01	3,00	2,99	-6,38
02/12/2021 13:55:00	-6,50	-6,90	-7,38	-7,71	-7,49	-6,66	-5,52	-4,28	-3,22	-2,29	-1,36	-0,48	0,39	0,99	1,60	1,85	2,11	2,24	2,36	2,31	2,26	-6,48
02/12/2021 14:00:00	-6,36	-6,82	-7,40	-7,75	-7,48	-6,58	-5,37	-3,98	-2,78	-1,91	-1,06	-0,25	0,56	1,12	1,67	1,92	2,17	2,28	2,40	2,34	2,29	-6,54
02/12/2021 14:05:00	-6,39	-6,65	-7,22	-7,79	-7,86	-7,31	-6,21	-4,91	-3,77	-2,88	-1,95	-0,97	0,00	0,74	1,47	1,85	2,24	2,46	2,68	2,68	2,68	-6,36
02/12/2021 14:10:00	-6,29	-6,78	-7,28	-7,64	-7,55	-6,96	-5,91	-4,73	-3,70	-2,82	-1,92	-1,01	-0,09	0,58	1,25	1,58	1,90	2,09	2,28	2,27	2,25	-6,34
02/12/2021 14:15:00	-6,25	-6,57	-7,19	-7,73	-7,75	-7,13	-6,09	-4,84	-3,73	-2,85	-1,95	-1,04	-0,12	0,55	1,22	1,55	1,88	2,06	2,25	2,23	2,21	-6,22
02/12/2021 14:20:00	-6,09	-6,55	-7,05	-7,53	-7,56	-7,02	-6,09	-4,98	-3,98	-3,04	-2,05	-1,05	-0,06	0,69	1,43	1,79	2,15	2,36	2,58	2,58	2,58	-6,14
02/12/2021 14:25:00	-6,05	-6,20	-6,78	-7,40	-7,58	-7,24	-6,41	-5,26	-4,14	-3,23	-2,23	-1,17	-0,11	0,71	1,53	1,97	2,40	2,67	2,94	2,97	2,99	-6,14
02/12/2021 14:30:00	-5,79	-6,27	-6,77	-7,22	-7,29	-6,93	-6,11	-5,12	-4,18	-3,27	-2,28	-1,27	-0,26	0,51	1,28	1,66	2,03	2,27	2,51	2,53	2,54	-5,90
02/12/2021 14:35:00	-5,80	-6,27	-6,75	-7,17	-7,20	-6,70	-5,95	-5,02	-4,16	-3,27	-2,34	-1,41	-0,48	0,21	0,90	1,23	1,56	1,75	1,94	1,94	1,93	-5,95
02/12/2021 14:40:00	-5,80	-6,17	-6,74	-7,32	-7,43	-6,96	-6,03	-4,85	-3,76	-2,98	-2,16	-1,27	-0,37	0,32	1,00	1,37	1,73	1,95	2,17	2,17	2,16	-5,78
02/12/2021 14:45:00	-5,77	-6,09	-6,66	-7,20	-7,30	-6,89	-5,91	-4,82	-3,89	-3,03	-2,13	-1,21	-0,29	0,39	1,08	1,41	1,75	1,94	2,13	2,12	2,10	-5,80
02/12/2021 14:50:00	-5,79	-6,20	-6,70	-7,09	-7,07	-6,62	-5,71	-4,69	-3,80	-2,95	-2,07	-1,18	-0,30	0,36	1,01	1,32	1,63	1,80	1,98	1,96	1,95	-5,83
02/12/2021 14:55:00	-5,70	-6,28	-6,80	-7,23	-7,19	-6,57	-5,58	-4,45	-3,47	-2,65	-1,81	-0,96	-0,11	0,51	1,14	1,44	1,75	1,91	2,08	2,05	2,03	-5,80
02/12/2021 15:00:00	-5,71	-6,07	-6,74	-7,26	-7,27	-6,73	-5,85	-4,74	-3,73	-2,79	-1,84	-0,90	0,04	0,71	1,39	1,70	2,01	2,18	2,35	2,33	2,31	-5,63
02/12/2021 15:05:00	-5,74	-6,09	-6,77	-7,38	-7,48	-6,98	-5,98	-4,70	-3,52	-2,66	-1,76	-0,80	0,15	0,88	1,60	1,98	2,36	2,58	2,81	2,81	2,80	-5,75
02/12/2021 15:10:00	-5,85	-6,19	-6,76	-7,35	-7,47	-6,98	-6,08	-4,94	-3,89	-3,02	-2,09	-1,12	-0,15	0,58	1,32	1,70	2,08	2,30	2,53	2,53	2,54	-5,81
02/12/2021 15:15:00	-5,94	-6,27	-6,78	-7,26	-7,33	-6,89	-6,07	-5,06	-4,11	-3,12	-2,08	-1,03	0,02	0,79	1,57	1,94	2,31	2,54	2,77	2,77	2,78	-5,82
02/12/2021 15:20:00	-5,75	-6,29	-6,89	-7,39	-7,37	-6,71	-5,63	-4,39	-3,31	-2,49	-1,67	-0,82	0,02	0,64	1,26	1,57	1,88	2,04	2,21	2,18	2,15	-5,74
02/12/2021 15:25:00	-5,84	-6,18	-6,76	-7,28	-7,33	-6,82	-5,77	-4,56	-3,51	-2,60	-1,66	-0,70	0,27	0,99	1,70	2,06	2,41	2,61	2,82	2,81	2,80	-5,85
02/12/2021 15:30:00	-6,00	-6,23	-6,78	-7,27	-7,29	-6,81	-5,97	-4,87	-3,84	-2,95	-2,01	-1,05	-0,10	0,61	1,32	1,66	2,00	2,21	2,41	2,40	2,39	-5,88
02/12/2021 15:35:00	-5,94	-6,39	-6,94	-7,41	-7,43	-6,96	-6,12	-4,99	-3,92	-3,06	-2,15	-1,20	-0,25	0,48	1,21	1,58	1,95	2,18	2,41	2,42	2,43	-5,69
02/12/2021 15:40:00	-5,93	-6,28	-6,89	-7,45	-7,52	-7,00	-6,09	-4,99	-3,99	-3,02	-2,01	-1,00	0,01	0,75	1,49	1,84	2,19	2,39	2,59	2,58	2,58	-5,96
02/12/2021 15:45:00	-6,12	-6,43	-6,91	-7,34	-7,29	-6,67	-5,73	-4,55	-3,47	-2,65	-1,80	-0,93	-0,06	0,58	1,22	1,54	1,86	2,03	2,21	2,19	2,17	-5,99
02/12/2021 15:50:00	-6,01	-6,43	-6,90	-7,28	-7,27	-6,80	-5,90	-4,88	-3,97	-3,09	-2,17	-1,24	-0,32	0,37	1,06	1,38	1,71	1,90	2,09	2,08	2,07	-5,94
02/12/2021 15:55:00	-6,01	-6,32	-6,85	-7,28	-7,23	-6,67	-5,68	-4,52	-3,48	-2,59	-1,68	-0,76	0,15	0,82	1,50	1,82	2,14	2,32	2,50	2,48	2,46	-6,14
02/12/2021 16:00:00	-5,97	-6,30	-6,77	-7,16	-7,08	-6,43	-5,33	-4,11	-3,09	-2,27	-1,44	-0,60	0,24	0,85	1,46	1,75	2,04	2,19	2,34	2,30	2,26	-6,17
02/12/2021 16:05:00	-6,10	-6,41	-6,88	-7,17	-7,02	-6,43	-5,44	-4,35	-3,41	-2,52	-1,60	-0,73	0,14	0,76	1,38	1,65	1,91	2,06	2,20	2,16	2,12	-6,23
02/12/2021 16:10:00	-5,97	-6,35	-6,62	-6,96	-6,98	-6,44	-5,63	-4,68	-3,80	-2,88	-1,89	-0,87	0,15	0,92	1,68	2,06	2,43	2,67	2,90	2,91	2,92	-6,49
02/12/2021 16:15:00	-6,13	-6,38	-6,81	-7,25	-7,20	-6,49	-5,42	-4,25	-3,24	-2,35	-1,44	-0,55	0,35	0,99	1,63	1,93	2,22	2,38	2,53	2,50	2,46	-6,15
02/12/2021 16:20:00	-6,05	-6,37	-6,89	-7,24	-7,12	-6,51	-5,55	-4,39	-3,33	-2,42	-1,48	-0,56	0,36	1,03	1,69	2,00	2,31	2,48	2,65	2,63	2,60	-6,09
02/12/2021 16:25:00	-6,02	-6,35	-6,78	-7,11	-7,03	-6,52	-5,51	-4,35	-3,32	-2,46	-1,56	-0,62	0,31	1,00	1,70	2,04	2,38	2,59	2,79	2,78	2,77	-6,10
02/12/2021 16:30:00	-5,97	-6,37	-6,83	-7,05	-6,78	-6,09	-5,01	-3,78	-2,71	-1,86	-1,01	-0,19	0,63	1,22	1,80	2,06	2,32	2,46	2,59	2,55	2,50	-6,45
02/12/2021 16:35:00	-6,02	-6,30	-6,76	-7,08	-6,92	-6,20	-5,13	-3,90	-2,82	-1,95	-1,07	-0,20	0,67	1,28	1,90	2,19	2,47	2,62	2,77	2,73	2,69	-5,97
02/12/2021 16:40:00	-5,97	-6,23	-6,70	-7,07	-6,92	-6,16	-5,13	-3,92	-2,86	-1,93	-1,00	-0,11	0,78	1,41	2,03	2,30	2,58	2,72	2,85	2,81	2,77	-6,29
02/12/2021 16:45:00	-6,02	-6,20	-6,63	-7,01	-6,97	-6,46	-5,53	-4,35	-3,25	-2,43	-1,57	-0,66	0,26	0,95	1,65	2,00	2,36	2,57	2,79	2,78	2,78	-6,26
02/12/2021 16:50:00	-6,03	-6,29	-6,68	-6,98	-6,86	-6,24	-5,30	-4,12	-3,03	-2,18	-1,30	-0,39	0,51	1,19	1,86	2,19	2,52	2,71	2,90	2,89	2,87	-6,44
02/12/2021 16:55:00	-5,87	-6,27	-6,63	-6,86	-6,71	-6,11	-5,02	-3,86	-2,88	-2,00	-1,08	-0,15	0,77	1,44	2,11	2,42	2,74	2,92	3,10	3,08	3,06	-6,19
02/12/2021 17:00:00	-5,91	-6,24	-6,65	-7,02	-6,87	-6,05	-4,90	-3,57	-2,41	-1,56	-0,70	0,16	1,03	1,65	2,27	2,57	2,86	3,02	3,17	3,13	3,10	-6,24
02/12/2021 17:05:00	-5,88	-6,27	-6,74	-7,00	-6,73	-5,93	-4,75	-3,41	-2,23	-1,30	-0,37	0,53	1,43	2,06	2,70	2,98	3,26	3,41	3,56	3,52	3,47	-6,15
02/12/2021 17:10:00	-6,11	-6,51	-6,88	-7,12	-6,84	-5,94	-4,67	-3,35	-2,25	-1,37	-0,50	0,33	1,16	1,72	2,29	2,54	2,78	2,90	3,01	2,95	2,89	-6,28
02/12/2021 17:15:00	-6,13	-6,28	-6,70	-7,10	-6,98	-6,19	-5,10	-3,84	-2,73	-1,77	-0,80	0,16	1,11	1,78	2,46	2,76	3,07	3,23	3,39	3,35	3,32	-6,10
02/12/2021 17:20:00	-5,97	-6,36	-6,73	-6,97	-6,74	-5,98	-4,94	-3,77	-2,73	-1,71	-0,66	0,34	1,33	2,03	2,73	3,04	3,34	3,51	3,68	3,65	3,62	-6,03
02/12/2021 17:25:00	-5,92	-6,35	-6,84	-7,05	-6,73	-5,95	-4,77	-3,47	-2,34	-1,44	-0,54	0,31	1,16	1,74	2,32	2,57	2,82	2,94	3,06	3,01	2,96	-5,91
02/12/2021 17:30:00	-6,03	-6,10	-6,40	-6,63	-6,45	-5,84	-4,80	-3,69	-2,74	-1,81	-0,85	0,07	0,99	1,64	2,29	2,57	2,85	3,00	3,15	3,11	3,07	-6,03
02/12/2021 17:35:00	-5,77	-6,18	-6,67	-7,01	-6,86	-6,21	-4,97	-3,59	-2,42	-1,56	-0,68	0,23	1,13	1,79	2,45	2,78	3,10	3,29	3,47	3,44	3,42	-5,74
02/12/2021 17:40:00	-6,05	-6,35	-6,68	-6,80	-6,44	-5,61	-4,44	-3,16	-2,06	-1,22	-0,40	0,40	1,20	1,75	2,30	2,54	2,78	2,90	3,01	2,96	2,90	-6,15
02/12/2021 17:45:00	-5,99	-6,22	-6,53	-6,73	-6,51	-5,78	-4,68	-3,49	-2,48	-1,55	-0,60	0,32	1,24	1,89	2,54	2,83	3,11	3,27	3,42	3,38	3,34	-5,93
02/12/2021 17:50:00	-6,05	-6,28	-6,56	-6,79	-6,60	-5,88	-4,81	-3,58	-2,49	-1,58	-0,62	0,33	1,29	1,99	2,68	3,01	3,34	3,53	3,73	3,71	3,69	-6,21
02/12/2021 17:55:00	-6,12	-6,22	-6,51	-6,78	-6,63	-5,97	-4,88	-3,60	-2,45	-1,57	-0,65	0,30	1,26	1,96	2,67	3,01	3,36	3,57	3,77	3,75	3,74	-6,39
02/12/2021 18:00:00	-6,16	-6,23	-6,46	-6,68	-6,51	-5,83	-4,82	-3,71	-2,74	-1,81	-0,84	0,11	1,06	1,73	2,41	2,71	3,02	3,18	3,35	3,32	3,29	-6,39
02/12/2021 18:05:00	-6,11	-6,25	-6,68	-6,94	-6,70	-5,96	-4,77	-3,41	-2,23	-1,25	-0,25	0,72	1,69	2,38	3,06	3,37	3,68	3,84	4,01	3,98	3,94	-6,31
02/12/2021 18:10:00	-6,19	-6,28	-6,51	-6,62	-6,20	-5,15	-3,78	-2,40	-1,29	-0,42	0,43	1,20	1,98	2,47	2,97	3,15	3,34	3,40	3,46	3,36	3,27	-6,57
02/12/2021 18:15:00	-6,17	-6,19	-6,44	-6,65	-6,38	-5,53	-4,22	-2,81	-1,64	-0,74	0,17	1,07	1,98	2,61	3,24	3,54	3,83	3,98	4,13	4,08	4,03	-6,54
02/12/2021 18:20:00	-6,13	-6,11	-6,16	-6,25	-5,95	-5,06	-3,95	-2,74	-1,71	-0,81	0,11	1,00	1,90	2,52	3,15	3,42	3,69	3,83	3,97	3,92	3,87	-6,47
02/12/2021 18:25:00	-5,95	-5,97	-6,15	-6,20	-5,81	-4,94	-3,71	-2,40	-1,30	-0,44	0,43	1,25	2,08	2,65	3,21	3,45	3,69	3,80	3,92	3,85	3,79	-6,48
02/12/2021 18:30:00	-5,88	-6,06	-6,15	-6,12	-5,67	-4,73	-3,60	-2,38	-1,33	-0,49	0,35	1,13	1,92	2,45	2,99	3,21	3,42	3,52	3,62	3,55	3,49	-6,00
02/12/2021 18:35:00	-5,91	-5,94	-6,15	-6,23	-5,85	-4,97	-3,85	-2,63	-1,59	-0,71	0,15	0,95	1,76	2,29	2,82	3,03	3,24	3,32	3,41	3,33	3,26	-6,26
02/12/2021 18:40:00	-5,90	-6,09	-6,13	-6,03	-5,44	-4,28	-3,01	-1,72	-0,67	0,07	0,77	1,40	2,03	2,42	2,81	2,94	3,07	3,08	3,10	3,00	2,89	-6,43
02/12/2021 18:45:00	-5,75	-5,84	-5,76	-5,49	-4,91	-4,00	-2,95	-1,85	-0,92	-0,30	0,31	0,89	1,46	1,85	2,24	2,38	2,53	2,58	2,62	2,54	2,45	-6,93
02/12/2021 18:50:00	-5,74	-5,74	-5,87	-5,87	-5,47	-4,65	-3,50	-2,25	-1,17	-0,41	0,36	1,12	1,87	2,40	2,92	3,15	3,38	3,49	3,59	3,53	3,47	-6,63
02/12/2021 18:55:00	-6,05	-5,70	-5,50	-5,25	-4,77	-4,02	-3,03	-2,05	-1,25	-0,52	0,22	0,92	1,62	2,10	2,57	2,75	2,92	3,00	3,07	2,99	2,91	-6,80
02/12/2021 19:00:00	-5,92	-5,50	-5,40	-5,39	-5,11	-4,38	-3,47	-2,39	-1,40	-0,59	0,27	1,14	2,02	2,65	3,28	3,57	3,85	4,01	4,17	4,13	4,09	-6,19
02/12/2021 19:05:00	-5,91	-5,63	-5,50	-5,30	-4,79	-3,95	-2,92	-1,74	-0,67	0,15	0,99	1,81	2,63	3,20	3,77	4,01	4,25	4,37	4,49	4,44	4,38	-6,37
02/12/2021 19:10:00	-5,65	-5,66	-5,56	-5,30	-4,67	-3,60	-2,35	-1,13	-0,16	0,60	1,32	1,97	2,62	3,03	3,44	3,57	3,70	3,72	3,74	3,64	3,53	-6,80
02/12/2021 19:15:00	-5,68	-5,40	-5,32	-5,11	-4,52	-3,59	-2,38	-1,14	-0,11	0,64	1,38	2,06	2,74	3,18	3,62	3,77	3,93	3,97	4,01	3,91	3,82	-6,33
02/12/2021 19:20:00	-5,42	-5,41	-5,30	-5,01	-4,36	-3,37	-2,27	-1,07	-0,02	0,71	1,43	2,10	2,77	3,22	3,66	3,83	3,99	4,05	4,10	4,02	3,93	-6,51
02/12/2021 19:25:00	-5,35	-5,27	-5,25	-5,08	-4,47	-3,39	-2,09	-0,75	0,35	1,11	1,83	2,49	3,15	3,56	3,98	4,12	4,26	4,29	4,32	4,21	4,10	-5,63
02/12/2021 19:30:00	-5,22	-5,23	-5,27	-5,15	-4,59	-3,54	-2,25	-0,90	0,20	1,00	1,77	2,48	3,19	3,65	4,11	4,28	4,45	4,50	4,55	4,46	4,36	-6,07
02/12/2021 19:35:00	-5,31	-5,17	-5,15	-4,99	-4,44	-3,49	-2,15	-0,81	0,27	1,09	1,91	2,67	3,44	3,93	4,43	4,62	4,81	4,88	4,95	4,85	4,76	-5,44
02/12/2021 19:40:00	-5,10	-5,02	-5,03	-4,93	-4,36	-3,25	-1,91	-0,51	0,65	1,48	2,28	3,02	3,77	4,24	4,72	4,89	5,07	5,12	5,17	5,07	4,97	-5,96
02/12/2021 19:45:00	-5,07	-4,98	-4,77	-4,46	-3,84	-2,85	-1,77	-0,65	0,30	1,03	1,75	2,41	3,08	3,52	3,96	4,11	4,27	4,32	4,37	4,27	4,18	-5,50
02/12/2021 19:50:00	-4,85	-4,76	-4,78	-4,55	-3,90	-2,98	-1,81	-0,59	0,41	1,12	1,79	2,39	2,98	3,35	3,72	3,83	3,94	3,94	3,95	3,84	3,72	-5,65
02/12/2021 19:55:00	-4,92	-4,82	-4,77	-4,53	-3,95	-3,11	-2,02	-0,81	0,25	0,95	1,65	2,32	2,99	3,45	3,90	4,08	4,26	4,33	4,40	4,32	4,24	-5,54
02/12/2021 20:00:00	-4,97	-4,71	-4,56	-4,28	-3,64	-2,67	-1,51	-0,37	0,53	1,27	1,99	2,61	3,24	3,62	4,00	4,10	4,20	4,20	4,20	4,08	3,97	-5,91
02/12/2021 20:05:00	-5,12	-4,75	-4,27	-3,64	-2,91	-2,20	-1,21	-0,17	0,74	1,25	1,77	2,32	2,88	3,28	3,67	3,84	4,01	4,08	4,16	4,08	4,01	-6,14
02/12/2021 20:10:00	-4,59	-4,54	-4,45	-4,24	-3,79	-3,05	-2,11	-1,13	-0,32	0,27	0,87	1,46	2,04	2,45	2,85	3,00	3,16	3,21	3,26	3,17	3,09	-6,16
02/12/2021 20:15:00	-4,81	-4,88	-4,82	-4,47	-3,70	-2,54	-1,14	0,23	1,30	2,05	2,74	3,34	3,94	4,29	4,64	4,74	4,83	4,82	4,81	4,68	4,55	-5,73
02/12/2021 20:20:00	-4,64	-4,73	-4,44	-3,87	-2,95	-1,71	-0,51	0,61	1,46	1,94	2,33	2,62	2,92	3,04	3,16	3,12	3,08	2,98	2,87	2,70	2,53	-5,78
02/12/2021 20:25:00	-4,69	-4,88	-4,89	-4,50	-3,55	-2,13	-0,51	0,98	2,06	2,76	3,34	3,77	4,19	4,36	4,53	4,50	4,47	4,35	4,22	4,03	3,85	-5,79
02/12/2021 20:30:00	-4,84	-4,90	-4,68	-4,12	-3,16	-1,93	-0,62	0,59	1,49	2,09	2,61	2,98	3,36	3,53	3,69	3,66	3,63	3,53	3,42	3,25	3,09	-6,54
02/12/2021 20:35:00	-4,88	-4,72	-4,61	-4,33	-3,60	-2,33	-0,87	0,57	1,70	2,31	2,85	3,33	3,81	4,07	4,33	4,39	4,45	4,40	4,35	4,20	4,04	-6,77
02/12/2021 20:40:00	-4,74	-4,59	-4,49	-4,23	-3,47	-2,17	-0,75	0,64	1,72	2,35	2,89	3,33	3,78	4,00	4,22	4,25	4,27	4,19	4,11	3,95	3,78	-6,13
02/12/2021 20:45:00	-4,58	-4,42	-4,36	-4,11	-3,51	-2,54	-1,33	-0,21	0,60	1,35	2,05	2,65	3,24	3,59	3,93	4,01	4,08	4,06	4,03	3,90	3,76	-5,97
02/12/2021 20:50:00	-4,60	-4,67	-4,61	-4,25	-3,48	-2,38	-1,04	0,23	1,19	1,79	2,31	2,74	3,17	3,40	3,63	3,66	3,69	3,63	3,57	3,42	3,27	-5,41
02/12/2021 20:55:00	-4,51	-4,51	-4,74	-4,80	-4,28	-3,14	-1,65	-0,13	1,08	1,96	2,78	3,52	4,25	4,69	5,13	5,28	5,42	5,43	5,45	5,32	5,20	-5,53
02/12/2021 21:00:00	-4,45	-4,41	-4,34	-3,92	-2,94	-1,46	-0,13	1,09	1,96	2,52	2,94	3,15	3,37	3,36	3,36	3,20	3,05	2,83	2,61	2,37	2,14	-4,88
02/12/2021 21:05:00	-4,18	-4,17	-4,26	-4,25	-3,77	-2,74	-1,45	-0,10	0,99	1,77	2,51	3,19	3,88	4,31	4,74	4,90	5,05	5,08	5,10	4,99	4,88	-4,95
02/12/2021 21:10:00	-4,33	-4,45	-4,27	-3,81	-3,05	-2,07	-0,97	0,09	0,95	1,53	2,08	2,55	3,02	3,30	3,58	3,64	3,70	3,68	3,65	3,52	3,40	-4,83
02/12/2021 21:15:00	-4,33	-4,55	-4,45	-3,93	-2,98	-1,77	-0,31	0,97	1,85	2,50	3,05	3,45	3,85	4,02	4,19	4,15	4,12	4,00	3,89	3,71	3,54	-4,84
02/12/2021 21:20:00	-4,35	-4,40	-4,42	-4,12	-3,37	-2,29	-1,07	0,11	1,02	1,72	2,34	2,84	3,34	3,60	3,85	3,87	3,89	3,82	3,75	3,60	3,45	-4,49
02/12/2021 21:25:00	-4,55	-4,46	-4,35	-4,05	-3,33	-2,20	-0,96	0,29	1,28	1,87	2,39	2,85	3,30	3,55	3,80	3,85	3,89	3,84	3,79	3,65	3,50	-4,89
02/12/2021 21:30:00	-4,50	-4,60	-4,55	-4,23	-3,42	-2,19	-0,77	0,57	1,59	2,22	2,76	3,19	3,62	3,83	4,04	4,05	4,06	3,98	3,89	3,73	3,56	-4,72
02/12/2021 21:35:00	-4,42	-4,57	-4,63	-4,31	-3,51	-2,42	-1,13	0,15	1,18	1,97	2,69	3,28	3,87	4,20	4,53	4,59	4,65	4,62	4,58	4,45	4,31	-4,69
02/12/2021 21:40:00	-4,29	-4,49	-4,44	-3,97	-3,05	-1,84	-0,50	0,73	1,64	2,27	2,81	3,20	3,59	3,75	3,92	3,88	3,85	3,73	3,61	3,44	3,26	-4,80
02/12/2021 21:45:00	-4,33	-4,55	-4,30	-3,82	-3,00	-1,83	-0,56	0,62	1,53	2,07	2,54	2,95	3,35	3,57	3,79	3,83	3,86	3,81	3,76	3,62	3,47	-4,58
02/12/2021 21:50:00	-4,21	-4,35	-4,27	-3,94	-3,23	-2,20	-0,97	0,20	1,09	1,71	2,27	2,74	3,22	3,48	3,75	3,79	3,84	3,80	3,75	3,61	3,47	-4,54
02/12/2021 21:55:00	-4,34	-4,34	-4,29	-3,90	-3,10	-2,02	-0,74	0,51	1,49	2,05	2,54	2,94	3,34	3,54	3,75	3,76	3,78	3,71	3,63	3,48	3,32	-4,38
02/12/2021 22:00:00	-4,20	-4,44	-4,22	-3,70	-2,80	-1,58	-0,29	0,91	1,81	2,31	2,73	3,05	3,37	3,51	3,66	3,64	3,62	3,52	3,42	3,26	3,10	-4,86
02/12/2021 22:05:00	-4,34	-4,44	-4,18	-3,60	-2,67	-1,50	-0,37	0,71	1,56	2,04	2,44	2,73	3,03	3,15	3,27	3,24	3,20	3,09	2,98	2,82	2,65	-4,60
02/12/2021 22:10:00	-4,30	-4,31	-4,28	-3,93	-3,09	-1,84	-0,53	0,67	1,54	2,13	2,60	2,92	3,24	3,35	3,45	3,38	3,31	3,16	3,01	2,81	2,62	-4,91
02/12/2021 22:15:00	-4,04	-4,30	-4,07	-3,65	-2,90	-1,75	-0,59	0,48	1,27	1,81	2,28	2,66	3,03	3,23	3,43	3,44	3,45	3,38	3,30	3,15	3,00	-4,78
02/12/2021 22:20:00	-4,04	-4,13	-4,10	-3,86	-3,18	-2,05	-0,92	0,20	1,09	1,73	2,30	2,76	3,23	3,47	3,72	3,74	3,76	3,69	3,63	3,47	3,32	-4,71
02/12/2021 22:25:00	-4,19	-4,31	-4,28	-4,05	-3,39	-2,26	-1,05	0,19	1,21	1,85	2,44	2,96	3,48	3,78	4,08	4,16	4,23	4,20	4,18	4,05	3,91	-4,15
02/12/2021 22:30:00	-4,29	-4,34	-4,25	-3,91	-3,17	-2,10	-0,95	0,15	0,99	1,58	2,11	2,53	2,94	3,16	3,38	3,39	3,40	3,32	3,25	3,09	2,94	-4,59
02/12/2021 22:35:00	-4,34	-4,29	-4,30	-4,05	-3,36	-2,34	-1,04	0,25	1,27	1,92	2,51	3,03	3,54	3,83	4,13	4,20	4,26	4,23	4,19	4,05	3,92	-4,83
02/12/2021 22:40:00	-4,33	-4,47	-4,51	-4,20	-3,50	-2,57	-1,37	-0,13	0,89	1,56	2,18	2,75	3,31	3,66	4,01	4,12	4,23	4,23	4,24	4,13	4,01	-4,81
02/12/2021 22:45:00	-4,33	-4,46	-4,28	-3,74	-2,75	-1,40	-0,01	1,21	2,05	2,55	2,93	3,16	3,38	3,42	3,45	3,35	3,24	3,06	2,89	2,68	2,47	-4,95
02/12/2021 22:50:00	-4,29	-4,37	-4,43	-4,07	-3,20	-1,98	-0,66	0,64	1,64	2,22	2,70	3,04	3,39	3,52	3,66	3,62	3,59	3,46	3,34	3,16	2,98	-4,82
02/12/2021 22:55:00	-4,20	-4,35	-4,40	-4,11	-3,36	-2,19	-0,90	0,35	1,31	1,95	2,50	2,94	3,38	3,61	3,83	3,84	3,86	3,78	3,70	3,54	3,38	-4,43
02/12/2021 23:00:00	-4,14	-4,28	-4,32	-4,07	-3,29	-2,01	-0,51	0,86	1,80	2,37	2,82	3,14	3,47	3,58	3,70	3,65	3,61	3,47	3,33	3,13	2,94	-4,53
02/12/2021 23:05:00	-4,17	-4,26	-4,23	-3,99	-3,30	-2,10	-0,78	0,56	1,63	2,18	2,65	3,07	3,49	3,72	3,95	4,00	4,05	4,00	3,94	3,79	3,64	-4,32
02/12/2021 23:10:00	-4,07	-4,15	-4,20	-3,97	-3,24	-2,02	-0,66	0,65	1,63	2,32	2,92	3,40	3,88	4,12	4,36	4,37	4,39	4,31	4,22	4,06	3,89	-4,36
02/12/2021 23:15:00	-4,05	-4,30	-4,35	-4,18	-3,51	-2,30	-0,90	0,49	1,59	2,22	2,78	3,28	3,77	4,06	4,34	4,41	4,48	4,45	4,41	4,27	4,13	-4,21
02/12/2021 23:20:00	-4,17	-4,23	-4,23	-3,99	-3,28	-2,10	-0,82	0,48	1,50	2,07	2,57	3,00	3,42	3,64	3,86	3,89	3,92	3,85	3,79	3,63	3,47	-4,28
02/12/2021 23:25:00	-4,07	-4,37	-4,36	-4,01	-3,19	-1,95	-0,57	0,73	1,71	2,30	2,81	3,21	3,60	3,78	3,97	3,96	3,96	3,86	3,77	3,60	3,43	-4,31
02/12/2021 23:30:00	-4,04	-3,82	-3,91	-3,85	-3,36	-2,42	-1,30	-0,15	0,76	1,43	2,05	2,60	3,15	3,47	3,78	3,86	3,94	3,90	3,87	3,73	3,59	-4,14
02/12/2021 23:35:00	-3,93	-4,17	-4,37	-4,26	-3,58	-2,40	-1,00	0,41	1,52	2,17	2,73	3,20	3,66	3,91	4,15	4,19	4,23	4,17	4,10	3,95	3,79	-4,48
02/12/2021 23:40:00	-3,91	-4,07	-4,24	-4,12	-3,52	-2,49	-1,21	0,12	1,22	1,86	2,44	2,97	3,50	3,82	4,13	4,23	4,32	4,31	4,30	4,17	4,04	-4,26
02/12/2021 23:45:00	-3,93	-4,19	-4,35	-4,19	-3,51	-2,40	-1,08	0,32	1,50	2,25	2,94	3,57	4,19	4,57	4,95	5,07	5,19	5,19	5,20	5,08	4,96	-4,06
02/12/2021 23:50:00	-3,77	-3,98	-4,21	-4,15	-3,57	-2,59	-1,30	0,08	1,25	1,92	2,53	3,10	3,66	4,02	4,37	4,49	4,61	4,62	4,62	4,50	4,38	-4,36
02/12/2021 23:55:00	-3,86	-4,00	-4,11	-3,92	-3,31	-2,38	-1,22	0,01	1,04	1,78	2,50	3,14	3,78	4,18	4,59	4,71	4,84	4,86	4,88	4,77	4,66	-4,11
