FileFormat:0002.2 file with temperature of atmosphere
SN105HE102 RTK
local	GMT or Local
0	GMT-Local=[hours]
20	Height[m]
0	0	0	Longitude                [grd]               [min]               [sec]
0	0	0	Latitude                [grd]               [min]               [sec]
N	NS
56,45	Freq[GHz]
0,00	dTemostat[K]
0,150	MessErr[K]
0,248	//[grad/step]
version 14.4.20120406
MTP5HE102F5645K-38.60I70D222917+A1.1
Commentary:
SN105HE102
парабола ДНА = 2,5 град
НЕ102 - ПУ - ХВБ с ЦСД " S "
АЦП - 202 - 09 с контр.U пит.и М
оптопара серии - 2
Т out № 178 пл
БП LPS - 112
End Of Commentary

SYSTEM\summer.dat
data time	0	50	100	150	200	250	300	350	400	450	500	550	600	650	700	750	800	850	900	950	1000	OutsideTemperature
07/09/2021 00:00:00	15,59	16,19	16,28	16,23	15,98	15,76	15,52	15,26	14,98	14,71	14,41	14,11	13,81	13,50	13,19	12,84	12,49	12,12	11,75	11,36	10,98	15,92
07/09/2021 00:05:00	15,37	16,19	16,26	16,23	16,08	15,86	15,63	15,39	15,05	14,70	14,41	14,10	13,80	13,47	13,15	12,77	12,39	11,99	11,60	11,18	10,77	15,74
07/09/2021 00:10:00	15,36	16,70	16,92	16,98	16,88	16,69	16,44	16,11	15,78	15,45	15,06	14,68	14,29	13,91	13,53	13,12	12,72	12,30	11,87	11,43	11,00	15,72
07/09/2021 00:15:00	15,20	16,26	16,49	16,58	16,52	16,28	16,02	15,79	15,51	15,19	14,80	14,41	14,03	13,66	13,28	12,89	12,50	12,10	11,69	11,26	10,84	15,52
07/09/2021 00:20:00	15,25	16,32	16,59	16,69	16,62	16,37	16,08	15,79	15,52	15,24	14,77	14,34	13,91	13,50	13,10	12,70	12,30	11,89	11,48	11,05	10,63	15,50
07/09/2021 00:25:00	15,43	16,50	16,76	16,84	16,76	16,57	16,34	16,10	15,84	15,57	15,23	14,89	14,55	14,21	13,86	13,49	13,11	12,71	12,31	11,90	11,48	15,49
07/09/2021 00:30:00	15,70	16,57	16,77	16,81	16,68	16,51	16,28	15,98	15,62	15,25	14,88	14,51	14,13	13,75	13,36	12,95	12,54	12,11	11,69	11,24	10,79	15,38
07/09/2021 00:35:00	15,58	16,82	17,04	17,10	17,01	16,93	16,77	16,50	16,20	15,90	15,59	15,28	14,97	14,63	14,30	13,91	13,53	13,11	12,69	12,25	11,82	15,47
07/09/2021 00:40:00	15,26	16,45	16,80	16,97	16,96	16,83	16,63	16,36	16,13	15,89	15,51	15,14	14,76	14,39	14,03	13,64	13,25	12,84	12,42	11,99	11,56	15,36
07/09/2021 00:45:00	15,03	16,31	16,74	16,97	16,96	16,78	16,49	16,11	15,73	15,33	14,95	14,53	14,11	13,69	13,26	12,80	12,34	11,88	11,42	10,95	10,48	15,41
07/09/2021 00:50:00	16,24	16,96	17,22	17,37	17,34	17,18	16,94	16,64	16,29	15,90	15,35	14,82	14,29	13,81	13,32	12,87	12,42	11,94	11,47	10,97	10,47	15,87
07/09/2021 00:55:00	14,89	16,40	16,98	17,36	17,50	17,54	17,41	17,10	16,76	16,38	15,98	15,55	15,12	14,68	14,23	13,76	13,29	12,80	12,31	11,79	11,27	15,54
07/09/2021 01:00:00	14,24	15,76	16,33	16,75	17,03	17,07	16,98	16,78	16,63	16,45	16,10	15,73	15,37	15,00	14,63	14,22	13,82	13,39	12,95	12,48	12,02	15,49
07/09/2021 01:05:00	14,65	15,82	16,34	16,63	16,63	16,46	16,20	15,90	15,64	15,38	15,09	14,77	14,45	14,10	13,74	13,34	12,93	12,52	12,10	11,68	11,26	15,34
07/09/2021 01:10:00	14,96	16,15	16,57	16,77	16,68	16,40	16,03	15,64	15,31	14,99	14,64	14,28	13,91	13,53	13,14	12,72	12,29	11,87	11,45	11,03	10,60	15,52
07/09/2021 01:15:00	14,93	16,09	16,72	17,17	17,32	17,13	16,83	16,50	16,17	15,79	15,34	14,86	14,37	13,89	13,41	12,93	12,44	11,96	11,47	10,97	10,47	15,56
07/09/2021 01:20:00	14,88	16,20	16,79	17,20	17,32	17,16	16,91	16,63	16,24	15,78	15,25	14,70	14,16	13,65	13,13	12,63	12,13	11,63	11,12	10,60	10,08	15,35
07/09/2021 01:25:00	14,48	16,49	17,23	17,60	17,54	17,35	17,02	16,55	16,12	15,68	15,19	14,68	14,18	13,69	13,19	12,69	12,19	11,70	11,22	10,73	10,25	15,38
07/09/2021 01:30:00	14,17	16,33	17,16	17,61	17,59	17,41	17,11	16,71	16,30	15,85	15,28	14,72	14,16	13,64	13,11	12,61	12,10	11,61	11,11	10,62	10,12	15,04
07/09/2021 01:35:00	14,33	16,38	17,25	17,78	17,88	17,82	17,61	17,27	16,87	16,41	15,80	15,21	14,61	14,05	13,50	12,97	12,45	11,93	11,41	10,88	10,34	14,97
07/09/2021 01:40:00	14,16	16,45	17,38	17,92	18,02	17,78	17,43	17,02	16,61	16,17	15,68	15,16	14,64	14,13	13,62	13,09	12,57	12,07	11,57	11,07	10,57	14,87
07/09/2021 01:45:00	13,90	15,85	17,02	17,82	18,07	18,01	17,81	17,53	17,10	16,59	16,05	15,46	14,87	14,29	13,72	13,15	12,59	12,03	11,47	10,91	10,34	14,70
07/09/2021 01:50:00	14,62	16,40	17,15	17,57	17,55	17,29	16,96	16,61	16,21	15,77	15,32	14,85	14,38	13,91	13,44	12,95	12,47	11,99	11,51	11,04	10,56	14,40
07/09/2021 01:55:00	13,70	16,11	17,12	17,71	17,78	17,70	17,50	17,20	16,77	16,28	15,77	15,25	14,72	14,21	13,69	13,17	12,66	12,14	11,63	11,12	10,60	14,10
07/09/2021 02:00:00	13,78	15,91	16,89	17,52	17,74	17,83	17,73	17,44	17,15	16,80	16,28	15,75	15,23	14,72	14,22	13,73	13,23	12,73	12,22	11,70	11,17	14,10
07/09/2021 02:05:00	14,07	16,40	17,34	17,95	18,18	18,13	17,99	17,81	17,43	16,96	16,35	15,76	15,17	14,63	14,08	13,56	13,04	12,52	11,99	11,44	10,90	14,08
07/09/2021 02:10:00	14,19	16,44	17,33	17,86	17,92	17,70	17,39	17,03	16,66	16,24	15,65	15,08	14,50	13,97	13,44	12,93	12,43	11,93	11,44	10,94	10,44	14,12
07/09/2021 02:15:00	14,20	16,20	17,07	17,57	17,60	17,48	17,22	16,81	16,33	15,80	15,30	14,76	14,23	13,69	13,16	12,63	12,09	11,56	11,04	10,51	9,99	14,04
07/09/2021 02:20:00	13,78	14,99	15,79	16,40	16,69	16,77	16,76	16,71	16,60	16,43	16,11	15,75	15,40	15,03	14,67	14,27	13,88	13,45	13,02	12,56	12,10	13,91
07/09/2021 02:25:00	13,37	14,29	15,78	17,08	17,85	18,20	18,33	18,30	18,06	17,64	16,99	16,27	15,54	14,88	14,21	13,61	13,00	12,37	11,75	11,07	10,39	13,68
07/09/2021 02:30:00	13,49	14,38	15,00	15,57	16,02	16,09	16,05	15,97	15,98	15,98	15,91	15,75	15,60	15,36	15,13	14,78	14,44	14,06	13,67	13,25	12,84	13,42
07/09/2021 02:35:00	12,31	13,74	15,56	16,96	17,61	17,97	18,08	18,01	17,80	17,41	16,74	16,00	15,26	14,59	13,92	13,32	12,72	12,12	11,52	10,88	10,24	12,73
07/09/2021 02:40:00	12,19	14,60	16,35	17,62	18,23	18,40	18,38	18,25	17,96	17,52	16,90	16,22	15,53	14,90	14,26	13,66	13,06	12,47	11,88	11,27	10,66	12,55
07/09/2021 02:45:00	12,55	13,88	15,06	16,29	17,49	18,00	18,28	18,39	18,32	18,10	17,67	17,15	16,63	16,10	15,58	15,05	14,53	13,94	13,35	12,69	12,02	12,48
07/09/2021 02:50:00	12,16	13,92	15,94	17,58	18,49	18,81	18,86	18,75	18,43	17,94	17,28	16,50	15,71	14,98	14,24	13,55	12,86	12,18	11,50	10,78	10,06	12,39
07/09/2021 02:55:00	13,35	16,50	17,37	17,66	17,35	16,94	16,45	15,90	15,38	14,89	14,42	13,96	13,51	13,04	12,58	12,09	11,60	11,16	10,71	10,30	9,89	12,45
07/09/2021 03:00:00	12,12	14,90	16,56	17,62	17,85	17,77	17,47	17,01	16,54	15,94	15,12	14,29	13,45	12,71	11,97	11,32	10,66	10,06	9,46	8,87	8,27	12,52
07/09/2021 03:05:00	12,08	14,86	16,56	17,60	17,75	17,75	17,56	17,23	16,81	16,27	15,57	14,85	14,13	13,47	12,81	12,22	11,62	11,06	10,50	9,94	9,38	12,39
07/09/2021 03:10:00	12,72	15,90	16,88	17,29	17,07	16,69	16,27	15,86	15,54	15,16	14,52	13,95	13,39	12,90	12,40	11,95	11,50	11,09	10,67	10,28	9,88	12,37
07/09/2021 03:15:00	11,72	13,68	14,80	15,51	15,64	15,68	15,61	15,44	15,20	14,91	14,54	14,13	13,72	13,31	12,89	12,45	12,01	11,58	11,14	10,69	10,24	12,32
07/09/2021 03:20:00	11,57	13,48	15,00	16,07	16,50	16,66	16,67	16,58	16,34	15,95	15,35	14,72	14,09	13,52	12,94	12,41	11,88	11,35	10,83	10,28	9,73	12,25
07/09/2021 03:25:00	11,91	13,98	15,02	15,68	15,85	15,70	15,47	15,19	14,78	14,32	13,83	13,29	12,76	12,24	11,73	11,21	10,70	10,21	9,72	9,23	8,74	12,00
07/09/2021 03:30:00	11,65	13,29	14,22	14,83	15,01	14,97	14,88	14,78	14,57	14,32	14,06	13,75	13,44	13,09	12,74	12,33	11,93	11,53	11,12	10,71	10,29	11,83
07/09/2021 03:35:00	11,44	13,08	14,29	15,23	15,78	15,91	15,91	15,83	15,65	15,38	14,98	14,52	14,05	13,59	13,12	12,64	12,16	11,67	11,19	10,68	10,17	11,79
07/09/2021 03:40:00	11,92	13,12	14,17	14,89	15,08	15,11	15,08	15,01	14,75	14,43	14,02	13,57	13,12	12,68	12,24	11,79	11,35	10,90	10,46	9,99	9,53	11,85
07/09/2021 03:45:00	11,99	12,91	13,62	14,18	14,45	14,50	14,46	14,38	14,21	14,01	13,74	13,43	13,11	12,76	12,41	12,02	11,63	11,22	10,81	10,38	9,94	11,77
07/09/2021 03:50:00	12,03	13,27	13,77	14,12	14,28	14,32	14,30	14,21	14,07	13,88	13,54	13,21	12,88	12,54	12,21	11,86	11,51	11,13	10,75	10,35	9,95	11,80
07/09/2021 03:55:00	10,91	12,77	13,72	14,40	14,73	14,77	14,71	14,59	14,37	14,12	13,86	13,53	13,20	12,83	12,46	12,04	11,62	11,19	10,77	10,33	9,89	11,83
07/09/2021 04:00:00	11,12	13,02	13,93	14,53	14,77	14,90	14,85	14,68	14,63	14,49	14,18	13,85	13,52	13,18	12,83	12,46	12,09	11,70	11,32	10,92	10,51	11,70
07/09/2021 04:05:00	11,31	12,74	13,74	14,49	14,87	15,06	15,14	15,17	15,05	14,86	14,56	14,21	13,87	13,51	13,14	12,75	12,35	11,93	11,51	11,06	10,61	11,52
07/09/2021 04:10:00	11,44	13,05	14,12	14,98	15,52	15,77	15,79	15,65	15,59	15,43	15,10	14,70	14,31	13,90	13,49	13,05	12,61	12,16	11,70	11,21	10,72	11,43
07/09/2021 04:15:00	11,48	12,76	13,92	14,82	15,30	15,54	15,66	15,70	15,59	15,39	15,11	14,75	14,39	14,00	13,62	13,19	12,77	12,32	11,87	11,39	10,91	11,48
07/09/2021 04:20:00	11,49	12,92	13,96	14,78	15,28	15,53	15,64	15,67	15,57	15,42	15,19	14,88	14,58	14,23	13,89	13,48	13,08	12,64	12,21	11,74	11,27	11,54
07/09/2021 04:25:00	11,60	12,72	13,94	14,85	15,23	15,53	15,67	15,67	15,54	15,34	15,07	14,72	14,37	13,99	13,61	13,18	12,75	12,30	11,85	11,36	10,88	11,53
07/09/2021 04:30:00	11,54	12,66	13,80	14,73	15,32	15,62	15,79	15,89	15,76	15,54	15,22	14,82	14,43	14,01	13,60	13,16	12,72	12,25	11,78	11,27	10,76	11,64
07/09/2021 04:35:00	11,63	12,72	13,91	14,82	15,30	15,50	15,56	15,54	15,52	15,39	15,08	14,70	14,33	13,94	13,56	13,14	12,73	12,30	11,87	11,41	10,95	11,69
07/09/2021 04:40:00	11,50	12,84	13,99	14,94	15,56	15,88	15,99	15,96	15,91	15,76	15,46	15,09	14,72	14,32	13,92	13,48	13,04	12,58	12,12	11,61	11,11	11,65
07/09/2021 04:45:00	11,68	13,00	14,17	15,05	15,48	15,75	15,89	15,92	15,75	15,51	15,23	14,86	14,50	14,11	13,71	13,28	12,84	12,38	11,92	11,42	10,93	11,60
07/09/2021 04:50:00	11,59	12,71	13,80	14,67	15,18	15,49	15,66	15,74	15,73	15,61	15,32	14,97	14,62	14,26	13,90	13,51	13,12	12,69	12,27	11,80	11,33	11,56
07/09/2021 04:55:00	11,46	12,52	13,77	14,73	15,20	15,50	15,65	15,71	15,62	15,46	15,21	14,88	14,54	14,17	13,80	13,38	12,96	12,52	12,08	11,60	11,12	11,46
07/09/2021 05:00:00	11,50	12,39	13,55	14,56	15,24	15,61	15,81	15,90	15,86	15,74	15,51	15,18	14,84	14,47	14,10	13,68	13,26	12,80	12,34	11,83	11,33	11,38
07/09/2021 05:05:00	11,44	12,22	13,45	14,51	15,21	15,62	15,87	16,01	15,99	15,82	15,45	15,01	14,57	14,14	13,70	13,27	12,83	12,36	11,88	11,35	10,83	11,43
07/09/2021 05:10:00	11,45	12,09	13,13	14,08	14,80	15,08	15,27	15,42	15,46	15,40	15,18	14,88	14,58	14,24	13,90	13,52	13,13	12,70	12,28	11,80	11,33	11,44
07/09/2021 05:15:00	11,43	11,99	12,90	13,76	14,44	14,89	15,15	15,29	15,27	15,22	15,14	14,95	14,75	14,47	14,19	13,82	13,44	13,02	12,59	12,11	11,63	11,47
07/09/2021 05:20:00	11,52	11,88	12,80	13,65	14,28	14,68	14,95	15,13	15,19	15,16	14,97	14,71	14,45	14,15	13,84	13,49	13,14	12,73	12,33	11,87	11,41	11,49
07/09/2021 05:25:00	11,64	12,13	13,12	13,97	14,50	14,88	15,09	15,20	15,21	15,11	14,85	14,52	14,19	13,84	13,49	13,11	12,73	12,31	11,89	11,42	10,95	11,59
07/09/2021 05:30:00	11,68	11,98	12,97	13,86	14,45	14,90	15,18	15,34	15,32	15,23	15,10	14,85	14,60	14,30	13,99	13,61	13,23	12,80	12,38	11,89	11,41	11,66
07/09/2021 05:35:00	11,64	11,95	12,94	13,86	14,53	14,94	15,20	15,36	15,32	15,21	15,04	14,76	14,48	14,15	13,81	13,42	13,02	12,58	12,13	11,63	11,13	11,60
07/09/2021 05:40:00	11,68	11,93	12,84	13,67	14,23	14,50	14,77	15,07	15,07	14,96	14,77	14,50	14,23	13,93	13,63	13,28	12,93	12,54	12,14	11,69	11,24	11,67
07/09/2021 05:45:00	11,69	12,03	12,79	13,52	14,08	14,43	14,62	14,70	14,77	14,76	14,58	14,33	14,08	13,80	13,51	13,17	12,83	12,44	12,05	11,61	11,17	11,68
07/09/2021 05:50:00	11,56	11,81	12,77	13,64	14,20	14,67	14,97	15,14	15,23	15,18	14,90	14,56	14,23	13,89	13,54	13,19	12,83	12,42	12,01	11,54	11,07	11,67
07/09/2021 05:55:00	11,74	11,80	12,66	13,52	14,21	14,63	14,91	15,11	15,15	15,11	14,95	14,69	14,44	14,13	13,83	13,47	13,11	12,69	12,27	11,79	11,31	11,65
07/09/2021 06:00:00	11,67	11,64	12,39	13,15	13,76	14,11	14,34	14,52	14,60	14,64	14,67	14,58	14,48	14,28	14,08	13,77	13,45	13,08	12,71	12,29	11,86	11,67
07/09/2021 06:05:00	11,66	11,64	12,30	12,98	13,56	14,07	14,44	14,71	14,84	14,88	14,79	14,63	14,47	14,25	14,04	13,75	13,46	13,10	12,74	12,31	11,88	11,63
07/09/2021 06:10:00	11,63	11,47	12,27	13,05	13,62	14,12	14,41	14,55	14,70	14,76	14,69	14,53	14,36	14,12	13,89	13,58	13,26	12,89	12,52	12,08	11,65	11,63
07/09/2021 06:15:00	11,60	11,30	11,93	12,67	13,35	13,89	14,28	14,56	14,65	14,69	14,69	14,58	14,46	14,25	14,05	13,75	13,44	13,06	12,68	12,23	11,78	11,59
07/09/2021 06:20:00	11,58	11,37	11,95	12,65	13,34	13,80	14,13	14,40	14,54	14,61	14,56	14,42	14,29	14,08	13,87	13,59	13,30	12,93	12,57	12,14	11,71	11,55
07/09/2021 06:25:00	11,58	11,32	11,96	12,71	13,44	13,95	14,32	14,58	14,75	14,83	14,77	14,61	14,45	14,23	14,01	13,72	13,42	13,05	12,67	12,23	11,79	11,52
07/09/2021 06:30:00	11,49	11,18	11,71	12,41	13,18	13,67	14,10	14,49	14,67	14,75	14,68	14,54	14,40	14,20	14,00	13,73	13,47	13,11	12,76	12,32	11,89	11,45
07/09/2021 06:35:00	11,37	11,05	11,66	12,40	13,14	13,70	14,12	14,44	14,62	14,72	14,73	14,62	14,52	14,34	14,16	13,88	13,61	13,25	12,89	12,46	12,02	11,42
07/09/2021 06:40:00	11,40	11,02	11,42	11,99	12,64	13,16	13,53	13,78	14,00	14,15	14,18	14,12	14,06	13,92	13,78	13,54	13,30	12,98	12,66	12,26	11,87	11,37
07/09/2021 06:45:00	11,41	10,96	11,29	11,86	12,61	13,05	13,40	13,72	13,96	14,13	14,18	14,13	14,09	13,96	13,83	13,60	13,37	13,05	12,74	12,35	11,96	11,32
07/09/2021 06:50:00	11,31	10,94	11,50	12,16	12,81	13,28	13,68	14,04	14,25	14,38	14,38	14,29	14,21	14,05	13,90	13,66	13,41	13,09	12,77	12,37	11,98	11,32
07/09/2021 06:55:00	11,46	11,05	11,66	12,40	13,15	13,57	14,02	14,51	14,61	14,64	14,63	14,52	14,41	14,22	14,04	13,76	13,49	13,13	12,78	12,34	11,91	11,40
07/09/2021 07:00:00	11,34	11,20	11,77	12,42	13,05	13,52	13,86	14,11	14,22	14,28	14,28	14,17	14,06	13,88	13,69	13,41	13,12	12,77	12,42	12,00	11,58	11,36
07/09/2021 07:05:00	11,34	11,09	11,64	12,23	12,71	13,14	13,45	13,70	13,85	13,95	13,98	13,91	13,85	13,70	13,55	13,30	13,05	12,73	12,42	12,04	11,66	11,33
07/09/2021 07:10:00	11,43	11,16	11,71	12,27	12,70	13,21	13,56	13,79	13,89	13,97	14,07	14,05	14,03	13,90	13,78	13,52	13,27	12,94	12,62	12,23	11,84	11,47
07/09/2021 07:15:00	11,52	11,36	11,73	12,25	12,86	13,35	13,68	13,90	14,07	14,19	14,25	14,22	14,18	14,05	13,92	13,68	13,43	13,10	12,78	12,38	11,99	11,53
07/09/2021 07:20:00	11,56	11,56	12,13	12,74	13,30	13,63	13,79	13,83	13,96	14,05	14,07	13,98	13,89	13,71	13,52	13,22	12,93	12,58	12,23	11,83	11,43	11,68
07/09/2021 07:25:00	11,38	11,41	11,93	12,52	13,09	13,53	13,82	14,01	14,06	14,09	14,12	14,04	13,96	13,78	13,61	13,32	13,03	12,67	12,31	11,89	11,48	11,54
07/09/2021 07:30:00	11,33	11,11	11,70	12,34	12,91	13,29	13,57	13,79	13,92	14,01	14,06	13,99	13,93	13,77	13,62	13,34	13,07	12,73	12,40	12,01	11,61	11,33
07/09/2021 07:35:00	11,19	11,16	11,63	12,21	12,84	13,37	13,77	14,06	14,19	14,27	14,28	14,20	14,12	13,96	13,80	13,55	13,29	12,95	12,61	12,19	11,78	11,21
07/09/2021 07:40:00	11,09	10,95	11,28	11,77	12,37	12,89	13,31	13,65	13,86	14,02	14,11	14,12	14,13	14,04	13,96	13,75	13,55	13,25	12,96	12,59	12,22	11,26
07/09/2021 07:45:00	11,02	11,00	11,49	12,15	12,92	13,33	13,69	14,04	14,23	14,35	14,36	14,28	14,20	14,05	13,89	13,64	13,39	13,06	12,73	12,33	11,92	11,08
07/09/2021 07:50:00	11,08	10,91	11,41	12,18	13,20	13,76	14,11	14,32	14,44	14,52	14,60	14,51	14,43	14,23	14,04	13,71	13,39	12,98	12,57	12,09	11,60	10,93
07/09/2021 07:55:00	11,11	10,83	11,37	12,11	13,01	13,50	13,75	13,85	13,99	14,07	14,10	13,98	13,86	13,64	13,42	13,09	12,76	12,36	11,97	11,51	11,04	11,05
07/09/2021 08:00:00	10,98	10,78	11,22	11,69	12,09	12,71	13,14	13,42	13,63	13,80	13,88	13,88	13,88	13,80	13,71	13,52	13,32	13,04	12,76	12,42	12,07	11,27
07/09/2021 08:05:00	10,99	10,91	11,22	11,62	12,06	12,39	12,62	12,82	12,99	13,17	13,37	13,47	13,56	13,52	13,47	13,28	13,08	12,81	12,55	12,23	11,91	11,55
07/09/2021 08:10:00	11,01	10,68	10,94	11,36	11,90	12,37	12,78	13,16	13,34	13,49	13,63	13,69	13,74	13,68	13,63	13,44	13,25	12,97	12,70	12,35	12,00	11,01
07/09/2021 08:15:00	10,84	10,52	10,78	11,18	11,68	11,96	12,27	12,64	12,84	13,00	13,09	13,11	13,13	13,06	13,00	12,82	12,64	12,39	12,13	11,82	11,50	10,95
07/09/2021 08:20:00	10,99	10,60	11,05	11,63	12,25	12,69	12,98	13,16	13,19	13,22	13,32	13,28	13,23	13,07	12,90	12,61	12,31	11,96	11,60	11,18	10,76	11,02
07/09/2021 08:25:00	11,03	10,61	11,01	11,60	12,30	12,76	13,17	13,55	13,68	13,74	13,71	13,60	13,49	13,32	13,14	12,89	12,63	12,29	11,96	11,54	11,13	11,09
07/09/2021 08:30:00	11,09	10,61	11,06	11,75	12,62	13,15	13,47	13,63	13,70	13,77	13,89	13,84	13,79	13,61	13,44	13,11	12,79	12,40	12,01	11,55	11,08	11,13
07/09/2021 08:35:00	11,15	10,86	11,31	11,92	12,61	13,04	13,35	13,59	13,77	13,90	13,95	13,89	13,84	13,69	13,55	13,29	13,03	12,70	12,37	11,97	11,58	11,38
07/09/2021 08:40:00	11,29	11,04	11,45	11,99	12,58	13,19	13,55	13,72	13,96	14,11	14,07	13,97	13,86	13,69	13,52	13,28	13,03	12,71	12,38	11,98	11,58	11,59
07/09/2021 08:45:00	11,37	11,12	11,50	12,08	12,81	13,39	13,82	14,16	14,25	14,32	14,44	14,43	14,42	14,29	14,16	13,90	13,63	13,28	12,93	12,49	12,06	11,72
07/09/2021 08:50:00	11,41	11,38	12,05	12,76	13,38	13,78	14,01	14,13	14,24	14,27	14,14	13,93	13,72	13,46	13,20	12,87	12,55	12,17	11,79	11,35	10,92	11,74
07/09/2021 08:55:00	11,72	11,62	12,13	12,64	13,00	13,39	13,70	13,97	14,01	13,99	13,90	13,75	13,60	13,40	13,20	12,93	12,66	12,33	11,99	11,60	11,20	12,19
07/09/2021 09:00:00	11,93	11,56	11,98	12,48	12,96	13,29	13,50	13,61	13,68	13,71	13,68	13,55	13,43	13,23	13,03	12,74	12,45	12,11	11,76	11,36	10,95	12,24
07/09/2021 09:05:00	12,11	11,78	11,93	12,19	12,48	12,90	13,16	13,28	13,39	13,48	13,51	13,48	13,45	13,33	13,21	12,99	12,77	12,47	12,18	11,82	11,47	12,72
07/09/2021 09:10:00	12,13	11,60	11,93	12,33	12,68	13,00	13,23	13,38	13,48	13,55	13,59	13,53	13,48	13,34	13,20	12,95	12,70	12,39	12,08	11,72	11,35	12,85
07/09/2021 09:15:00	12,27	11,96	12,21	12,60	13,05	13,26	13,38	13,45	13,49	13,49	13,46	13,34	13,22	13,03	12,83	12,54	12,26	11,91	11,57	11,17	10,78	13,17
07/09/2021 09:20:00	12,16	11,68	12,10	12,62	13,12	13,41	13,62	13,81	13,93	13,97	13,85	13,67	13,49	13,27	13,05	12,77	12,49	12,15	11,81	11,41	11,01	12,24
07/09/2021 09:25:00	12,37	11,79	12,04	12,47	13,01	13,28	13,49	13,67	13,76	13,80	13,79	13,69	13,59	13,42	13,24	12,97	12,70	12,36	12,02	11,62	11,22	13,00
07/09/2021 09:30:00	12,29	11,88	12,15	12,55	13,02	13,48	13,76	13,90	13,94	13,95	13,98	13,90	13,83	13,66	13,49	13,21	12,93	12,58	12,22	11,81	11,39	12,70
07/09/2021 09:35:00	12,51	11,80	11,82	12,10	12,64	13,14	13,54	13,86	14,00	14,10	14,10	14,04	13,98	13,85	13,72	13,51	13,29	12,98	12,66	12,27	11,87	12,52
07/09/2021 09:40:00	12,57	11,98	11,84	11,84	11,99	12,28	12,53	12,73	12,92	13,12	13,27	13,37	13,47	13,47	13,47	13,34	13,21	13,00	12,78	12,51	12,23	12,55
07/09/2021 09:45:00	12,65	12,00	11,90	11,97	12,18	12,38	12,48	12,51	12,60	12,71	12,84	12,89	12,94	12,88	12,81	12,61	12,41	12,15	11,88	11,57	11,26	13,04
07/09/2021 09:50:00	12,71	12,30	12,30	12,39	12,49	12,62	12,69	12,70	12,72	12,76	12,87	12,90	12,92	12,83	12,75	12,53	12,31	12,03	11,76	11,45	11,13	13,70
07/09/2021 09:55:00	12,83	12,39	12,41	12,53	12,70	12,88	13,09	13,32	13,42	13,46	13,34	13,23	13,11	12,96	12,81	12,61	12,41	12,14	11,87	11,54	11,21	12,95
07/09/2021 10:00:00	12,94	12,33	12,23	12,35	12,69	12,84	13,00	13,20	13,31	13,41	13,45	13,43	13,41	13,32	13,22	13,02	12,82	12,55	12,28	11,95	11,62	13,41
07/09/2021 10:05:00	12,97	12,50	12,35	12,37	12,57	12,66	12,77	12,91	12,98	13,03	13,05	13,02	13,00	12,90	12,80	12,60	12,41	12,14	11,87	11,56	11,24	13,20
07/09/2021 10:10:00	13,07	12,33	12,19	12,33	12,80	13,13	13,27	13,25	13,29	13,30	13,23	13,08	12,94	12,73	12,52	12,24	11,96	11,61	11,26	10,85	10,43	13,88
07/09/2021 10:15:00	13,07	12,55	12,54	12,67	12,89	12,94	12,94	12,95	12,91	12,87	12,88	12,81	12,74	12,58	12,42	12,16	11,89	11,58	11,26	10,91	10,55	13,79
07/09/2021 10:20:00	13,17	12,67	12,57	12,58	12,66	12,86	13,01	13,10	13,09	13,06	12,99	12,89	12,79	12,63	12,48	12,25	12,02	11,73	11,44	11,09	10,75	14,00
07/09/2021 10:25:00	13,45	12,78	12,55	12,46	12,50	12,55	12,60	12,66	12,67	12,72	12,82	12,86	12,91	12,84	12,78	12,59	12,40	12,15	11,90	11,60	11,30	14,32
07/09/2021 10:30:00	13,58	12,98	12,73	12,61	12,64	12,60	12,59	12,63	12,68	12,76	12,89	12,95	13,01	12,97	12,93	12,76	12,58	12,35	12,12	11,84	11,57	14,12
07/09/2021 10:35:00	13,72	13,38	13,07	12,83	12,65	12,71	12,81	12,94	12,87	12,81	12,87	12,89	12,92	12,86	12,80	12,62	12,45	12,20	11,96	11,68	11,39	14,60
07/09/2021 10:40:00	13,93	13,36	13,02	12,83	12,82	12,84	12,84	12,80	12,83	12,88	12,85	12,80	12,75	12,64	12,53	12,33	12,14	11,88	11,63	11,33	11,03	14,57
07/09/2021 10:45:00	14,09	13,59	13,29	13,02	12,77	12,64	12,52	12,41	12,36	12,38	12,49	12,55	12,61	12,56	12,52	12,33	12,15	11,92	11,70	11,45	11,20	14,63
07/09/2021 10:50:00	14,16	13,76	13,43	13,12	12,84	12,65	12,54	12,52	12,54	12,60	12,53	12,49	12,44	12,36	12,27	12,11	11,95	11,75	11,54	11,31	11,08	14,81
07/09/2021 10:55:00	14,54	14,09	13,72	13,32	12,84	12,57	12,32	12,09	11,93	11,87	12,03	12,12	12,22	12,19	12,16	11,97	11,77	11,56	11,34	11,12	10,89	15,24
07/09/2021 11:00:00	14,70	14,11	13,68	13,33	13,05	12,79	12,61	12,55	12,45	12,41	12,50	12,55	12,60	12,55	12,50	12,31	12,13	11,90	11,67	11,43	11,18	15,39
07/09/2021 11:05:00	14,88	14,42	14,12	13,83	13,52	13,29	13,06	12,84	12,71	12,62	12,51	12,38	12,26	12,09	11,92	11,68	11,44	11,17	10,90	10,61	10,32	15,72
07/09/2021 11:10:00	15,14	14,44	14,00	13,59	13,24	13,04	12,85	12,66	12,52	12,43	12,41	12,36	12,31	12,19	12,08	11,86	11,64	11,39	11,14	10,86	10,59	15,87
07/09/2021 11:15:00	15,26	14,59	14,12	13,78	13,59	13,47	13,35	13,19	13,07	12,98	12,94	12,88	12,81	12,68	12,54	12,31	12,08	11,79	11,51	11,20	10,89	15,75
07/09/2021 11:20:00	15,33	14,87	14,47	14,15	13,92	13,63	13,38	13,23	13,09	12,97	12,72	12,50	12,28	12,06	11,83	11,58	11,32	11,03	10,74	10,42	10,11	15,98
07/09/2021 11:25:00	15,69	15,04	14,62	14,20	13,73	13,42	13,17	12,99	12,83	12,71	12,52	12,35	12,18	12,00	11,82	11,59	11,36	11,10	10,84	10,56	10,28	15,99
07/09/2021 11:30:00	15,68	15,17	14,77	14,40	14,11	13,83	13,58	13,37	13,15	12,96	12,80	12,63	12,45	12,25	12,04	11,77	11,50	11,19	10,89	10,57	10,25	16,17
07/09/2021 11:35:00	15,80	15,43	15,12	14,79	14,42	14,12	13,83	13,56	13,30	13,07	12,82	12,57	12,33	12,07	11,81	11,51	11,21	10,89	10,58	10,24	9,90	16,12
07/09/2021 11:40:00	15,99	15,38	14,95	14,59	14,30	14,10	13,88	13,59	13,36	13,16	13,04	12,88	12,73	12,52	12,31	12,03	11,75	11,43	11,11	10,77	10,42	16,21
07/09/2021 11:45:00	16,21	15,71	15,31	14,96	14,67	14,44	14,17	13,82	13,58	13,40	13,19	12,97	12,75	12,51	12,26	11,96	11,66	11,34	11,01	10,66	10,31	17,71
07/09/2021 11:50:00	16,50	16,00	15,47	14,98	14,56	14,23	13,89	13,51	13,20	12,96	12,86	12,72	12,59	12,39	12,20	11,91	11,62	11,32	11,01	10,68	10,36	17,39
07/09/2021 11:55:00	16,57	16,08	15,62	15,16	14,71	14,33	13,97	13,60	13,33	13,12	12,90	12,69	12,48	12,25	12,01	11,72	11,44	11,13	10,82	10,50	10,18	16,89
07/09/2021 12:00:00	17,02	16,56	16,03	15,56	15,24	14,88	14,50	14,11	13,83	13,60	13,27	12,96	12,65	12,35	12,05	11,73	11,41	11,07	10,72	10,36	10,00	17,58
07/09/2021 12:05:00	17,05	16,54	16,08	15,63	15,22	14,83	14,44	14,07	13,69	13,32	13,09	12,83	12,58	12,29	12,01	11,67	11,33	10,98	10,62	10,26	9,89	17,67
07/09/2021 12:10:00	17,21	16,72	16,18	15,68	15,29	14,94	14,61	14,28	13,87	13,44	13,26	13,04	12,82	12,56	12,29	11,95	11,61	11,25	10,89	10,51	10,13	18,19
07/09/2021 12:15:00	17,25	16,81	16,34	15,87	15,44	15,02	14,62	14,24	13,96	13,73	13,39	13,09	12,79	12,50	12,20	11,89	11,59	11,26	10,93	10,58	10,24	17,89
07/09/2021 12:20:00	17,58	17,16	16,65	16,18	15,82	15,41	14,98	14,55	14,10	13,64	13,36	13,07	12,77	12,44	12,11	11,73	11,36	10,96	10,57	10,17	9,76	18,39
07/09/2021 12:25:00	17,63	17,42	17,01	16,55	16,04	15,42	14,81	14,28	13,78	13,29	13,00	12,68	12,37	12,03	11,69	11,30	10,91	10,53	10,15	9,78	9,40	18,59
07/09/2021 12:30:00	17,85	17,25	16,69	16,12	15,54	15,07	14,66	14,31	13,96	13,63	13,31	13,02	12,73	12,44	12,16	11,85	11,54	11,21	10,88	10,54	10,19	18,74
07/09/2021 12:35:00	17,83	17,32	16,79	16,22	15,54	15,01	14,57	14,19	13,84	13,53	13,19	12,89	12,60	12,31	12,03	11,73	11,42	11,11	10,79	10,46	10,14	18,61
07/09/2021 12:40:00	18,03	17,58	17,04	16,49	15,96	15,38	14,85	14,41	13,97	13,53	13,26	12,98	12,71	12,40	12,10	11,75	11,40	11,04	10,69	10,32	9,96	18,39
07/09/2021 12:45:00	18,38	17,65	17,01	16,43	16,00	15,46	14,92	14,45	14,08	13,76	13,44	13,14	12,83	12,52	12,21	11,87	11,53	11,18	10,83	10,46	10,10	19,67
07/09/2021 12:50:00	18,24	17,84	17,24	16,57	15,91	15,33	14,82	14,41	13,95	13,47	13,18	12,91	12,65	12,36	12,07	11,73	11,40	11,05	10,71	10,36	10,01	18,36
07/09/2021 12:55:00	18,52	17,73	17,21	16,70	16,14	15,58	15,08	14,72	14,32	13,91	13,46	13,05	12,63	12,26	11,89	11,53	11,17	10,80	10,44	10,06	9,68	18,94
07/09/2021 13:00:00	18,86	18,50	17,96	17,29	16,44	15,68	15,00	14,44	13,94	13,49	13,02	12,60	12,18	11,81	11,43	11,07	10,71	10,37	10,02	9,68	9,35	19,32
07/09/2021 13:05:00	18,82	18,44	17,74	17,02	16,36	15,79	15,26	14,71	14,25	13,85	13,45	13,10	12,74	12,40	12,06	11,71	11,37	11,01	10,65	10,28	9,92	19,45
07/09/2021 13:10:00	19,01	18,62	17,90	17,17	16,48	15,87	15,30	14,69	14,16	13,70	13,31	12,96	12,60	12,25	11,90	11,53	11,15	10,78	10,40	10,02	9,65	19,22
07/09/2021 13:15:00	18,91	18,58	18,08	17,57	17,05	16,43	15,83	15,33	14,84	14,34	13,81	13,33	12,84	12,40	11,96	11,55	11,13	10,72	10,30	9,89	9,47	19,74
07/09/2021 13:20:00	19,11	18,68	18,07	17,42	16,75	16,07	15,45	14,94	14,45	13,97	13,63	13,32	13,01	12,69	12,37	12,00	11,64	11,28	10,92	10,56	10,20	20,11
07/09/2021 13:25:00	19,25	18,67	18,06	17,43	16,81	16,14	15,48	14,87	14,35	13,89	13,47	13,07	12,68	12,29	11,91	11,52	11,13	10,74	10,35	9,97	9,58	20,56
07/09/2021 13:30:00	19,19	18,74	18,12	17,47	16,82	16,26	15,72	15,12	14,60	14,13	13,73	13,36	12,98	12,61	12,25	11,86	11,47	11,08	10,69	10,30	9,90	19,51
07/09/2021 13:35:00	19,54	18,75	18,06	17,38	16,69	16,10	15,56	15,02	14,50	13,99	13,56	13,16	12,75	12,37	11,99	11,61	11,22	10,83	10,44	10,04	9,64	20,47
07/09/2021 13:40:00	19,62	19,25	18,56	17,79	16,99	16,15	15,39	14,82	14,22	13,58	13,21	12,88	12,55	12,20	11,85	11,46	11,07	10,70	10,32	9,96	9,60	20,36
07/09/2021 13:45:00	19,72	19,01	18,30	17,60	16,92	16,34	15,81	15,31	14,86	14,46	13,97	13,53	13,09	12,70	12,31	11,95	11,59	11,21	10,84	10,45	10,06	19,95
07/09/2021 13:50:00	19,84	19,19	18,52	17,89	17,35	16,70	16,05	15,49	14,92	14,33	13,89	13,47	13,05	12,64	12,23	11,80	11,38	10,95	10,52	10,09	9,66	20,16
07/09/2021 13:55:00	19,85	19,31	18,70	18,04	17,31	16,64	16,00	15,32	14,75	14,26	13,78	13,33	12,89	12,47	12,06	11,65	11,24	10,84	10,44	10,04	9,65	20,66
07/09/2021 14:00:00	19,98	19,61	18,94	18,21	17,48	16,71	15,97	15,31	14,71	14,13	13,66	13,23	12,80	12,39	11,98	11,56	11,15	10,74	10,34	9,94	9,55	20,43
07/09/2021 14:05:00	20,03	19,44	18,67	17,86	17,07	16,27	15,53	14,92	14,43	14,04	13,62	13,25	12,88	12,54	12,20	11,85	11,51	11,16	10,82	10,48	10,15	19,44
07/09/2021 14:10:00	19,93	19,47	18,88	18,25	17,58	16,79	16,05	15,51	14,98	14,45	13,93	13,46	12,98	12,56	12,13	11,72	11,31	10,92	10,52	10,12	9,73	20,39
07/09/2021 14:15:00	20,06	19,53	18,79	17,99	17,13	16,42	15,76	15,11	14,56	14,11	13,66	13,26	12,86	12,49	12,13	11,76	11,39	11,03	10,66	10,30	9,94	20,88
07/09/2021 14:20:00	19,89	19,51	18,77	17,99	17,31	16,64	16,00	15,40	14,85	14,34	13,88	13,47	13,05	12,67	12,28	11,89	11,49	11,10	10,70	10,31	9,91	20,22
07/09/2021 14:25:00	19,89	19,50	18,83	18,12	17,45	16,84	16,24	15,60	15,06	14,61	14,14	13,71	13,28	12,88	12,49	12,09	11,70	11,30	10,90	10,50	10,10	20,07
07/09/2021 14:30:00	20,07	19,69	19,11	18,48	17,80	17,13	16,46	15,78	15,14	14,54	14,10	13,69	13,28	12,87	12,46	12,02	11,58	11,15	10,72	10,30	9,87	20,92
07/09/2021 14:35:00	20,04	19,44	18,81	18,19	17,57	16,88	16,21	15,66	15,14	14,64	14,16	13,71	13,26	12,85	12,43	12,03	11,62	11,21	10,81	10,40	9,99	21,64
07/09/2021 14:40:00	20,10	19,84	19,26	18,63	18,00	17,29	16,59	16,00	15,49	15,04	14,49	14,00	13,50	13,06	12,62	12,22	11,81	11,40	11,00	10,59	10,18	20,59
07/09/2021 14:45:00	20,20	19,87	19,37	18,77	18,07	17,38	16,73	16,14	15,58	15,04	14,47	13,96	13,44	12,99	12,53	12,10	11,67	11,25	10,83	10,40	9,98	20,16
07/09/2021 14:50:00	20,54	19,98	19,27	18,56	17,84	17,15	16,50	15,91	15,32	14,75	14,27	13,84	13,40	12,99	12,58	12,17	11,75	11,34	10,92	10,50	10,08	20,25
07/09/2021 14:55:00	20,43	19,84	19,15	18,44	17,80	17,08	16,38	15,82	15,34	14,92	14,40	13,93	13,46	13,04	12,63	12,24	11,86	11,47	11,08	10,69	10,30	20,71
07/09/2021 15:00:00	20,40	19,85	19,23	18,58	17,90	17,25	16,65	16,13	15,58	15,00	14,47	13,99	13,51	13,08	12,64	12,22	11,80	11,38	10,96	10,52	10,09	21,02
07/09/2021 15:05:00	20,69	20,08	19,47	18,85	18,33	17,70	17,04	16,36	15,72	15,10	14,52	13,98	13,43	12,93	12,43	11,95	11,47	10,99	10,52	10,04	9,56	20,80
07/09/2021 15:10:00	20,62	20,17	19,44	18,68	18,05	17,34	16,64	15,99	15,39	14,83	14,33	13,87	13,41	12,98	12,55	12,13	11,70	11,28	10,85	10,43	10,00	21,30
07/09/2021 15:15:00	20,35	19,82	19,30	18,76	18,16	17,55	16,96	16,37	15,85	15,37	14,82	14,31	13,81	13,35	12,90	12,47	12,04	11,61	11,18	10,74	10,30	21,31
07/09/2021 15:20:00	20,57	20,10	19,40	18,69	18,07	17,39	16,72	16,11	15,52	14,94	14,43	13,97	13,50	13,06	12,62	12,19	11,76	11,33	10,90	10,46	10,02	20,46
07/09/2021 15:25:00	20,76	20,17	19,46	18,81	18,31	17,64	16,94	16,30	15,67	15,05	14,61	14,18	13,76	13,33	12,90	12,44	11,99	11,53	11,07	10,61	10,15	21,25
07/09/2021 15:30:00	20,82	20,23	19,45	18,66	17,95	17,33	16,75	16,09	15,51	15,00	14,54	14,12	13,70	13,30	12,90	12,50	12,09	11,68	11,27	10,85	10,43	21,12
07/09/2021 15:35:00	20,69	20,09	19,53	18,90	18,14	17,50	16,92	16,35	15,82	15,31	14,82	14,38	13,94	13,53	13,12	12,72	12,32	11,91	11,50	11,09	10,68	21,38
07/09/2021 15:40:00	20,60	20,14	19,63	19,09	18,48	17,83	17,21	16,72	16,17	15,55	14,97	14,45	13,93	13,46	12,99	12,54	12,10	11,65	11,19	10,74	10,28	20,82
07/09/2021 15:45:00	20,73	20,40	19,80	19,12	18,34	17,63	16,98	16,37	15,81	15,28	14,80	14,37	13,94	13,54	13,13	12,73	12,33	11,92	11,51	11,11	10,70	21,92
07/09/2021 15:50:00	21,06	20,63	19,91	19,12	18,30	17,55	16,86	16,20	15,61	15,07	14,54	14,06	13,58	13,16	12,73	12,32	11,91	11,50	11,09	10,69	10,28	21,14
07/09/2021 15:55:00	20,97	20,50	19,91	19,27	18,59	17,88	17,19	16,59	16,02	15,47	14,97	14,50	14,04	13,61	13,18	12,75	12,33	11,90	11,48	11,05	10,63	21,67
07/09/2021 16:00:00	20,97	20,52	20,02	19,44	18,71	17,97	17,27	16,69	16,11	15,53	14,94	14,39	13,85	13,37	12,90	12,45	12,01	11,57	11,13	10,70	10,26	21,85
07/09/2021 16:05:00	20,88	20,47	19,85	19,21	18,56	17,91	17,30	16,73	16,18	15,66	15,17	14,71	14,26	13,84	13,42	13,01	12,59	12,16	11,74	11,31	10,87	20,89
07/09/2021 16:10:00	20,98	20,49	19,94	19,35	18,66	17,97	17,31	16,68	16,13	15,63	15,21	14,82	14,43	14,04	13,65	13,24	12,83	12,42	12,00	11,59	11,18	21,88
07/09/2021 16:15:00	21,02	20,49	19,93	19,37	18,86	18,21	17,55	16,99	16,43	15,86	15,28	14,74	14,20	13,71	13,22	12,76	12,30	11,84	11,37	10,90	10,43	22,21
07/09/2021 16:20:00	20,96	20,44	19,81	19,18	18,58	17,93	17,30	16,74	16,23	15,76	15,32	14,90	14,49	14,10	13,71	13,30	12,90	12,48	12,07	11,65	11,23	21,86
07/09/2021 16:25:00	21,21	20,85	20,23	19,58	18,89	18,14	17,43	16,92	16,35	15,70	15,24	14,83	14,42	14,01	13,61	13,18	12,76	12,33	11,90	11,46	11,03	21,17
07/09/2021 16:30:00	21,31	20,93	20,40	19,82	19,21	18,50	17,78	17,21	16,65	16,08	15,43	14,83	14,23	13,72	13,20	12,74	12,29	11,83	11,37	10,90	10,44	21,49
07/09/2021 16:35:00	21,26	20,64	19,99	19,35	18,69	18,02	17,35	16,75	16,18	15,62	15,11	14,63	14,16	13,72	13,28	12,85	12,41	11,97	11,53	11,09	10,64	21,61
07/09/2021 16:40:00	20,99	20,54	19,92	19,28	18,60	17,92	17,29	16,77	16,24	15,68	15,14	14,65	14,16	13,72	13,28	12,86	12,44	12,01	11,58	11,15	10,71	21,55
07/09/2021 16:45:00	21,07	20,84	20,31	19,70	19,00	18,34	17,70	17,02	16,42	15,87	15,31	14,79	14,27	13,81	13,34	12,89	12,44	11,99	11,54	11,09	10,64	21,94
07/09/2021 16:50:00	21,26	20,75	20,07	19,41	18,80	18,16	17,53	16,96	16,39	15,82	15,27	14,78	14,28	13,83	13,37	12,93	12,49	12,04	11,59	11,13	10,66	21,22
07/09/2021 16:55:00	21,14	20,74	20,12	19,46	18,81	18,13	17,46	16,85	16,25	15,68	15,21	14,78	14,35	13,93	13,52	13,08	12,65	12,21	11,77	11,33	10,89	20,98
07/09/2021 17:00:00	21,29	20,95	20,42	19,79	19,02	18,28	17,59	17,00	16,41	15,83	15,23	14,70	14,16	13,69	13,22	12,78	12,34	11,90	11,47	11,03	10,59	22,04
07/09/2021 17:05:00	21,40	21,00	20,35	19,64	19,01	18,35	17,71	17,12	16,63	16,23	15,53	14,88	14,24	13,72	13,20	12,78	12,36	11,93	11,50	11,05	10,61	21,88
07/09/2021 17:10:00	21,29	20,91	20,33	19,71	19,07	18,36	17,64	16,94	16,36	15,89	15,33	14,80	14,27	13,80	13,33	12,89	12,45	12,02	11,58	11,14	10,70	21,52
07/09/2021 17:15:00	21,31	20,86	20,25	19,57	18,81	18,14	17,50	16,85	16,25	15,70	15,17	14,69	14,21	13,76	13,32	12,89	12,46	12,03	11,59	11,16	10,72	21,34
07/09/2021 17:20:00	21,06	20,74	20,20	19,61	18,93	18,26	17,63	17,02	16,44	15,87	15,37	14,91	14,46	14,02	13,59	13,15	12,72	12,27	11,83	11,39	10,94	21,31
07/09/2021 17:25:00	21,28	20,85	20,24	19,59	18,92	18,25	17,59	16,97	16,41	15,91	15,33	14,80	14,26	13,79	13,32	12,89	12,46	12,02	11,58	11,14	10,70	21,72
07/09/2021 17:30:00	21,29	20,80	20,26	19,66	18,95	18,29	17,66	17,04	16,47	15,95	15,36	14,81	14,27	13,79	13,31	12,87	12,43	11,99	11,55	11,10	10,65	21,38
07/09/2021 17:35:00	21,14	20,66	20,06	19,41	18,79	18,19	17,60	16,99	16,39	15,79	15,31	14,86	14,41	13,97	13,54	13,10	12,66	12,21	11,75	11,30	10,84	21,00
07/09/2021 17:40:00	21,04	20,66	20,09	19,48	18,85	18,18	17,51	16,88	16,30	15,76	15,27	14,82	14,36	13,93	13,50	13,07	12,63	12,19	11,75	11,31	10,87	21,82
07/09/2021 17:45:00	21,14	20,59	20,07	19,54	18,96	18,41	17,86	17,27	16,69	16,12	15,59	15,10	14,61	14,15	13,69	13,24	12,78	12,31	11,85	11,37	10,89	21,56
07/09/2021 17:50:00	21,08	20,80	20,21	19,53	18,85	18,16	17,49	16,88	16,27	15,66	15,15	14,70	14,25	13,81	13,38	12,94	12,50	12,06	11,62	11,18	10,74	21,21
07/09/2021 17:55:00	21,01	20,72	20,17	19,57	18,95	18,28	17,61	16,99	16,40	15,84	15,33	14,85	14,37	13,93	13,48	13,04	12,59	12,15	11,70	11,25	10,81	21,44
07/09/2021 18:00:00	21,08	20,64	20,04	19,45	18,86	18,25	17,65	17,04	16,48	15,97	15,40	14,87	14,34	13,87	13,40	12,95	12,51	12,06	11,61	11,14	10,68	21,33
07/09/2021 18:05:00	21,17	20,77	20,22	19,59	18,85	18,17	17,54	16,95	16,34	15,70	15,18	14,71	14,24	13,79	13,35	12,91	12,46	12,02	11,57	11,13	10,68	21,33
07/09/2021 18:10:00	21,05	20,73	20,14	19,50	18,90	18,22	17,54	16,94	16,35	15,78	15,26	14,79	14,32	13,87	13,43	12,99	12,55	12,10	11,65	11,21	10,76	20,80
07/09/2021 18:15:00	21,09	20,52	19,99	19,47	18,91	18,34	17,77	17,13	16,54	15,99	15,41	14,86	14,31	13,82	13,32	12,86	12,39	11,91	11,44	10,95	10,46	20,99
07/09/2021 18:20:00	21,01	20,51	19,95	19,36	18,73	18,13	17,56	17,00	16,41	15,80	15,30	14,83	14,37	13,93	13,48	13,04	12,59	12,14	11,68	11,22	10,75	20,97
07/09/2021 18:25:00	20,92	20,59	20,03	19,45	18,88	18,26	17,64	17,09	16,52	15,92	15,35	14,83	14,31	13,83	13,36	12,90	12,45	11,98	11,52	11,05	10,57	20,95
07/09/2021 18:30:00	20,93	20,54	20,01	19,44	18,80	18,23	17,67	17,04	16,48	15,97	15,42	14,90	14,38	13,92	13,45	13,01	12,57	12,12	11,67	11,21	10,75	21,25
07/09/2021 18:35:00	21,08	20,74	20,27	19,73	19,07	18,39	17,75	17,19	16,59	15,95	15,42	14,93	14,44	13,98	13,52	13,07	12,61	12,15	11,70	11,23	10,77	21,11
07/09/2021 18:40:00	21,04	20,65	20,12	19,54	18,91	18,28	17,65	17,05	16,48	15,95	15,33	14,77	14,20	13,71	13,21	12,76	12,31	11,85	11,40	10,94	10,47	21,09
07/09/2021 18:45:00	20,73	20,32	19,83	19,32	18,77	18,21	17,63	16,99	16,40	15,84	15,35	14,88	14,41	13,95	13,50	13,04	12,59	12,12	11,66	11,19	10,72	20,87
07/09/2021 18:50:00	20,55	20,11	19,63	19,13	18,55	18,01	17,49	16,99	16,50	16,02	15,55	15,10	14,66	14,24	13,83	13,42	13,01	12,58	12,15	11,70	11,26	20,60
07/09/2021 18:55:00	20,48	20,20	19,70	19,11	18,43	17,79	17,21	16,66	16,11	15,55	15,14	14,77	14,40	14,02	13,64	13,23	12,82	12,41	11,99	11,58	11,16	19,94
07/09/2021 19:00:00	20,22	19,85	19,33	18,79	18,28	17,75	17,20	16,59	16,06	15,61	15,08	14,59	14,10	13,65	13,20	12,77	12,33	11,89	11,45	10,99	10,54	19,56
07/09/2021 19:05:00	19,89	19,54	19,16	18,73	18,19	17,71	17,25	16,77	16,29	15,81	15,27	14,76	14,25	13,80	13,35	12,92	12,50	12,06	11,62	11,17	10,71	19,25
07/09/2021 19:10:00	19,76	19,54	19,16	18,73	18,24	17,77	17,29	16,74	16,24	15,77	15,24	14,74	14,24	13,78	13,33	12,90	12,46	12,01	11,57	11,11	10,65	19,02
07/09/2021 19:15:00	19,31	19,25	18,82	18,33	17,79	17,28	16,79	16,33	15,78	15,17	14,76	14,36	13,96	13,56	13,17	12,74	12,31	11,88	11,44	10,99	10,54	18,82
07/09/2021 19:20:00	18,92	18,69	18,41	18,08	17,69	17,22	16,73	16,22	15,75	15,27	14,70	14,16	13,62	13,13	12,65	12,20	11,76	11,30	10,85	10,39	9,92	18,66
07/09/2021 19:25:00	18,75	18,59	18,30	17,95	17,51	17,00	16,49	16,02	15,52	14,99	14,52	14,06	13,60	13,16	12,73	12,29	11,86	11,42	10,98	10,54	10,09	18,49
07/09/2021 19:30:00	18,47	18,17	17,90	17,56	17,11	16,61	16,09	15,58	15,15	14,75	14,27	13,81	13,35	12,93	12,51	12,10	11,69	11,28	10,87	10,45	10,03	18,37
07/09/2021 19:35:00	18,27	18,22	17,97	17,70	17,44	16,98	16,47	15,99	15,50	14,98	14,45	13,93	13,42	12,94	12,46	12,00	11,54	11,07	10,61	10,13	9,66	18,29
07/09/2021 19:40:00	18,04	18,11	17,86	17,53	17,11	16,61	16,09	15,57	15,08	14,60	14,10	13,61	13,13	12,68	12,23	11,80	11,36	10,93	10,50	10,06	9,62	18,13
07/09/2021 19:45:00	17,94	17,99	17,78	17,50	17,13	16,71	16,25	15,71	15,26	14,86	14,33	13,82	13,32	12,86	12,40	11,97	11,54	11,11	10,68	10,24	9,79	18,03
07/09/2021 19:50:00	17,86	17,92	17,67	17,36	17,05	16,71	16,32	15,86	15,41	14,97	14,41	13,89	13,38	12,91	12,44	12,01	11,58	11,13	10,68	10,22	9,75	17,88
07/09/2021 19:55:00	17,81	17,76	17,57	17,33	16,99	16,65	16,25	15,71	15,26	14,84	14,37	13,90	13,43	12,99	12,55	12,12	11,69	11,24	10,80	10,35	9,89	17,75
07/09/2021 20:00:00	17,71	17,92	17,75	17,47	17,07	16,61	16,12	15,62	15,15	14,70	14,23	13,78	13,33	12,91	12,48	12,06	11,63	11,21	10,78	10,35	9,93	17,68
07/09/2021 20:05:00	17,61	17,76	17,56	17,26	16,84	16,31	15,80	15,37	14,94	14,53	14,12	13,73	13,34	12,96	12,58	12,19	11,79	11,40	11,00	10,61	10,21	17,64
07/09/2021 20:10:00	17,61	17,64	17,57	17,38	16,99	16,59	16,14	15,65	15,19	14,73	14,25	13,77	13,30	12,85	12,41	11,97	11,53	11,10	10,66	10,22	9,77	17,57
07/09/2021 20:15:00	17,52	17,57	17,39	17,15	16,79	16,36	15,90	15,42	15,01	14,62	14,16	13,71	13,26	12,84	12,42	12,01	11,60	11,18	10,77	10,35	9,92	17,51
07/09/2021 20:20:00	17,45	17,71	17,54	17,27	16,88	16,49	16,06	15,58	15,09	14,60	14,20	13,80	13,40	13,00	12,59	12,17	11,74	11,31	10,88	10,45	10,01	17,47
07/09/2021 20:25:00	17,48	17,65	17,54	17,32	16,92	16,54	16,12	15,60	15,13	14,69	14,26	13,83	13,39	12,97	12,56	12,13	11,70	11,27	10,84	10,41	9,97	17,36
07/09/2021 20:30:00	17,23	17,63	17,52	17,29	16,91	16,47	16,00	15,50	15,05	14,61	14,06	13,56	13,06	12,60	12,14	11,71	11,28	10,85	10,41	9,98	9,54	17,26
07/09/2021 20:35:00	17,26	17,63	17,52	17,30	16,94	16,50	16,05	15,62	15,18	14,72	14,21	13,72	13,24	12,79	12,35	11,92	11,50	11,07	10,64	10,21	9,77	17,17
07/09/2021 20:40:00	17,12	17,41	17,19	16,88	16,52	16,12	15,69	15,22	14,77	14,34	13,94	13,55	13,16	12,77	12,39	11,98	11,58	11,16	10,75	10,33	9,91	17,06
07/09/2021 20:45:00	16,83	17,35	17,27	17,09	16,80	16,37	15,94	15,53	15,08	14,59	14,06	13,55	13,05	12,59	12,13	11,69	11,25	10,81	10,37	9,93	9,48	17,04
07/09/2021 20:50:00	16,97	17,24	17,02	16,77	16,53	16,03	15,56	15,22	14,79	14,33	13,90	13,49	13,07	12,67	12,27	11,86	11,45	11,03	10,62	10,19	9,77	16,93
07/09/2021 20:55:00	17,04	17,26	17,01	16,67	16,22	15,77	15,34	14,93	14,54	14,16	13,73	13,33	12,94	12,57	12,20	11,83	11,45	11,07	10,69	10,31	9,92	17,00
07/09/2021 21:00:00	17,06	17,27	17,06	16,78	16,45	15,98	15,48	14,99	14,55	14,13	13,72	13,32	12,92	12,53	12,13	11,72	11,31	10,90	10,49	10,07	9,66	16,99
07/09/2021 21:05:00	16,93	17,40	17,24	16,88	16,28	15,82	15,36	14,86	14,36	13,88	13,48	13,09	12,71	12,33	11,95	11,56	11,16	10,77	10,38	10,00	9,61	17,11
07/09/2021 21:10:00	17,05	17,27	17,15	16,92	16,52	16,08	15,61	15,12	14,74	14,40	13,86	13,38	12,89	12,46	12,03	11,63	11,22	10,82	10,42	10,01	9,61	17,18
07/09/2021 21:15:00	17,13	17,21	17,09	16,89	16,56	16,11	15,65	15,25	14,82	14,36	13,89	13,43	12,97	12,54	12,11	11,69	11,26	10,84	10,42	9,99	9,56	17,24
07/09/2021 21:20:00	17,05	17,33	17,22	16,97	16,54	16,12	15,73	15,34	14,88	14,38	13,91	13,46	13,01	12,59	12,17	11,76	11,34	10,92	10,51	10,08	9,65	17,08
07/09/2021 21:25:00	17,00	17,35	17,21	16,98	16,62	16,16	15,71	15,30	14,88	14,45	13,93	13,45	12,98	12,54	12,11	11,69	11,28	10,87	10,45	10,03	9,61	17,07
07/09/2021 21:30:00	17,23	17,48	17,34	17,07	16,67	16,20	15,71	15,25	14,79	14,33	13,89	13,46	13,03	12,61	12,20	11,79	11,37	10,96	10,54	10,13	9,71	17,13
07/09/2021 21:35:00	17,05	17,29	17,15	16,90	16,50	16,04	15,58	15,13	14,68	14,22	13,73	13,27	12,80	12,37	11,94	11,52	11,10	10,69	10,27	9,85	9,43	16,99
07/09/2021 21:40:00	16,95	17,30	17,17	16,90	16,47	16,04	15,58	15,08	14,65	14,25	13,74	13,26	12,79	12,36	11,93	11,52	11,11	10,70	10,30	9,88	9,47	16,70
07/09/2021 21:45:00	17,02	17,20	17,03	16,79	16,49	16,11	15,68	15,20	14,77	14,37	13,93	13,50	13,07	12,66	12,24	11,83	11,41	10,99	10,57	10,15	9,72	16,44
07/09/2021 21:50:00	16,63	16,90	16,74	16,47	16,06	15,68	15,25	14,76	14,32	13,88	13,44	13,00	12,57	12,16	11,75	11,34	10,93	10,52	10,12	9,70	9,29	16,36
07/09/2021 21:55:00	16,34	16,77	16,66	16,41	16,00	15,48	14,98	14,55	14,07	13,56	13,18	12,80	12,42	12,03	11,65	11,24	10,82	10,42	10,02	9,62	9,22	16,35
07/09/2021 22:00:00	16,25	16,67	16,58	16,35	15,94	15,52	15,08	14,59	14,11	13,63	13,10	12,60	12,11	11,65	11,20	10,77	10,34	9,92	9,49	9,07	8,65	16,14
07/09/2021 22:05:00	16,07	16,80	16,71	16,46	16,05	15,48	14,94	14,51	14,04	13,57	13,08	12,62	12,17	11,74	11,32	10,91	10,50	10,10	9,70	9,31	8,92	16,09
07/09/2021 22:10:00	16,08	16,55	16,41	16,14	15,72	15,21	14,69	14,16	13,71	13,30	12,82	12,38	11,94	11,52	11,10	10,69	10,29	9,89	9,50	9,11	8,72	16,00
07/09/2021 22:15:00	16,01	16,46	16,31	16,02	15,59	15,12	14,63	14,11	13,68	13,26	12,78	12,34	11,89	11,47	11,06	10,66	10,26	9,87	9,47	9,09	8,70	15,95
07/09/2021 22:20:00	15,75	16,33	16,18	15,90	15,50	15,04	14,58	14,11	13,67	13,24	12,77	12,34	11,91	11,50	11,10	10,70	10,30	9,90	9,51	9,12	8,73	15,86
07/09/2021 22:25:00	15,85	16,41	16,24	15,94	15,53	15,06	14,60	14,16	13,69	13,23	12,79	12,37	11,95	11,55	11,16	10,75	10,35	9,96	9,57	9,17	8,78	15,66
07/09/2021 22:30:00	15,64	16,10	15,96	15,67	15,22	14,76	14,29	13,82	13,39	12,97	12,49	12,05	11,61	11,20	10,79	10,40	10,01	9,63	9,25	8,87	8,49	15,60
07/09/2021 22:35:00	15,50	16,26	16,04	15,72	15,36	14,87	14,38	13,89	13,44	13,01	12,55	12,12	11,70	11,30	10,89	10,49	10,10	9,70	9,31	8,93	8,54	15,49
07/09/2021 22:40:00	15,57	16,12	15,98	15,70	15,30	14,80	14,29	13,78	13,32	12,89	12,47	12,08	11,68	11,29	10,90	10,49	10,09	9,71	9,32	8,94	8,56	15,48
07/09/2021 22:45:00	15,36	16,12	16,02	15,76	15,37	14,86	14,34	13,83	13,33	12,84	12,36	11,90	11,44	11,00	10,57	10,15	9,72	9,32	8,91	8,51	8,12	15,37
07/09/2021 22:50:00	15,36	16,05	15,86	15,56	15,19	14,75	14,28	13,78	13,32	12,88	12,42	11,99	11,57	11,16	10,75	10,35	9,94	9,55	9,15	8,76	8,36	15,29
07/09/2021 22:55:00	15,21	16,17	16,10	15,84	15,41	14,92	14,41	13,90	13,41	12,94	12,43	11,97	11,51	11,07	10,64	10,23	9,81	9,41	9,01	8,62	8,23	15,32
07/09/2021 23:00:00	14,71	16,07	16,19	16,00	15,50	15,00	14,50	13,99	13,44	12,90	12,46	12,03	11,61	11,19	10,77	10,34	9,91	9,51	9,11	8,72	8,34	15,35
07/09/2021 23:05:00	14,15	15,72	16,45	16,76	16,50	16,12	15,68	15,21	14,70	14,14	13,45	12,80	12,14	11,56	10,98	10,46	9,93	9,46	8,98	8,51	8,04	15,37
07/09/2021 23:10:00	14,22	15,09	15,64	16,02	16,13	15,90	15,59	15,24	14,90	14,49	13,96	13,41	12,86	12,35	11,83	11,35	10,86	10,39	9,91	9,42	8,94	15,30
07/09/2021 23:15:00	14,44	15,67	15,97	16,02	15,81	15,54	15,26	14,96	14,59	14,18	13,73	13,30	12,87	12,46	12,05	11,64	11,23	10,83	10,42	10,01	9,59	15,28
07/09/2021 23:20:00	15,04	15,77	16,24	16,54	16,60	16,38	16,06	15,71	15,26	14,76	14,32	13,83	13,34	12,85	12,36	11,85	11,35	10,86	10,36	9,86	9,35	15,16
07/09/2021 23:25:00	15,07	15,79	16,36	16,73	16,75	16,55	16,25	15,89	15,51	15,07	14,51	13,93	13,35	12,82	12,29	11,79	11,29	10,80	10,31	9,81	9,31	15,29
07/09/2021 23:30:00	14,97	15,89	16,72	17,20	17,08	16,92	16,65	16,24	15,80	15,29	14,60	13,92	13,23	12,63	12,02	11,49	10,95	10,43	9,92	9,40	8,87	14,87
07/09/2021 23:35:00	14,79	15,94	16,75	17,19	17,04	16,75	16,38	15,95	15,50	14,98	14,34	13,69	13,05	12,47	11,89	11,36	10,83	10,33	9,84	9,34	8,84	14,85
07/09/2021 23:40:00	14,52	15,01	15,41	15,89	16,41	16,47	16,36	16,14	15,87	15,50	15,01	14,47	13,93	13,41	12,90	12,40	11,90	11,38	10,85	10,28	9,71	14,68
07/09/2021 23:45:00	14,56	14,95	15,20	15,40	15,53	15,63	15,59	15,40	15,15	14,87	14,50	14,10	13,71	13,32	12,93	12,53	12,13	11,69	11,25	10,78	10,31	14,48
07/09/2021 23:50:00	14,38	15,22	15,53	15,76	15,91	15,78	15,59	15,40	15,09	14,73	14,36	13,96	13,56	13,15	12,75	12,32	11,90	11,46	11,02	10,55	10,09	14,42
07/09/2021 23:55:00	14,34	14,96	15,92	16,59	16,64	16,63	16,48	16,18	15,79	15,30	14,71	14,09	13,46	12,88	12,30	11,77	11,23	10,70	10,17	9,63	9,08	14,20
