FileFormat:0002.2 file with temperature of atmosphere
SN105HE102 RTK
local	GMT or Local
0	GMT-Local=[hours]
20	Height[m]
0	0	0	Longitude                [grd]               [min]               [sec]
0	0	0	Latitude                [grd]               [min]               [sec]
N	NS
56,45	Freq[GHz]
0,00	dTemostat[K]
0,150	MessErr[K]
0,248	//[grad/step]
version 14.4.20120406
MTP5HE102F5645K-38.60I70D222917+A1.1
Commentary:
SN105HE102
парабола ДНА = 2,5 град
НЕ102 - ПУ - ХВБ с ЦСД " S "
АЦП - 202 - 09 с контр.U пит.и М
оптопара серии - 2
Т out № 178 пл
БП LPS - 112
End Of Commentary

SYSTEM\summer.dat
data time	0	50	100	150	200	250	300	350	400	450	500	550	600	650	700	750	800	850	900	950	1000	OutsideTemperature
02/08/2022 00:00:00	14,94	14,65	14,47	14,29	14,09	13,85	13,60	13,35	13,12	12,90	12,72	12,51	12,30	12,06	11,81	11,50	11,19	10,86	10,53	10,18	9,83	14,97
02/08/2022 00:05:00	14,99	14,70	14,56	14,40	14,16	13,93	13,67	13,41	13,17	12,95	12,74	12,51	12,28	12,02	11,76	11,44	11,13	10,80	10,47	10,12	9,77	14,95
02/08/2022 00:10:00	14,99	14,61	14,51	14,40	14,22	13,95	13,69	13,48	13,28	13,08	12,84	12,59	12,33	12,06	11,79	11,48	11,17	10,84	10,51	10,16	9,81	14,95
02/08/2022 00:15:00	14,92	14,74	14,56	14,39	14,23	14,06	13,87	13,68	13,46	13,24	13,00	12,75	12,50	12,24	11,97	11,66	11,35	11,01	10,68	10,31	9,95	14,92
02/08/2022 00:20:00	14,85	14,70	14,59	14,46	14,30	14,06	13,85	13,68	13,46	13,24	13,04	12,82	12,60	12,34	12,09	11,78	11,48	11,15	10,82	10,46	10,11	14,89
02/08/2022 00:25:00	14,70	14,62	14,51	14,38	14,19	13,99	13,79	13,60	13,41	13,23	13,02	12,80	12,58	12,33	12,09	11,79	11,50	11,17	10,85	10,51	10,17	14,86
02/08/2022 00:30:00	14,86	14,72	14,60	14,44	14,19	14,00	13,79	13,56	13,35	13,17	13,02	12,85	12,67	12,45	12,23	11,94	11,65	11,33	11,02	10,68	10,35	14,81
02/08/2022 00:35:00	14,83	14,58	14,49	14,43	14,37	14,27	14,08	13,79	13,56	13,35	13,19	12,97	12,76	12,49	12,23	11,89	11,55	11,19	10,83	10,44	10,05	14,86
02/08/2022 00:40:00	14,73	14,71	14,70	14,65	14,49	14,31	14,10	13,85	13,68	13,51	13,19	12,87	12,56	12,25	11,95	11,63	11,30	10,96	10,62	10,25	9,88	14,90
02/08/2022 00:45:00	14,73	14,63	14,60	14,58	14,55	14,47	14,31	14,08	13,83	13,57	13,34	13,06	12,78	12,48	12,17	11,82	11,46	11,08	10,70	10,29	9,88	14,74
02/08/2022 00:50:00	14,72	14,58	14,54	14,50	14,38	14,15	13,93	13,79	13,61	13,42	13,28	13,11	12,93	12,71	12,48	12,18	11,88	11,55	11,23	10,88	10,54	14,66
02/08/2022 00:55:00	14,57	14,56	14,64	14,65	14,48	14,27	14,03	13,77	13,56	13,36	13,16	12,93	12,70	12,43	12,16	11,83	11,50	11,16	10,82	10,46	10,10	14,57
02/08/2022 01:00:00	14,53	14,46	14,50	14,51	14,40	14,30	14,15	13,95	13,72	13,47	13,21	12,92	12,64	12,33	12,03	11,69	11,35	10,98	10,61	10,22	9,83	14,41
02/08/2022 01:05:00	14,41	14,26	14,20	14,14	14,05	13,91	13,77	13,66	13,53	13,38	13,19	12,99	12,79	12,55	12,32	12,04	11,75	11,43	11,12	10,77	10,43	14,29
02/08/2022 01:10:00	14,28	14,28	14,28	14,19	13,94	13,80	13,63	13,45	13,25	13,07	12,94	12,78	12,62	12,40	12,19	11,90	11,61	11,30	10,99	10,66	10,33	14,20
02/08/2022 01:15:00	14,12	14,21	14,37	14,46	14,41	14,28	14,10	13,89	13,65	13,41	13,19	12,92	12,66	12,36	12,06	11,70	11,35	10,98	10,61	10,22	9,84	14,10
02/08/2022 01:20:00	14,08	14,23	14,42	14,49	14,31	14,13	13,90	13,61	13,32	13,03	12,76	12,45	12,14	11,81	11,48	11,11	10,74	10,37	10,00	9,62	9,23	14,05
02/08/2022 01:25:00	14,12	14,40	14,61	14,73	14,64	14,43	14,19	13,95	13,71	13,44	13,09	12,74	12,38	12,02	11,67	11,30	10,93	10,56	10,18	9,79	9,40	14,04
02/08/2022 01:30:00	14,04	14,46	14,73	14,86	14,77	14,54	14,27	13,98	13,68	13,37	13,06	12,72	12,37	12,02	11,66	11,27	10,88	10,49	10,10	9,70	9,30	14,01
02/08/2022 01:35:00	13,94	14,25	14,40	14,46	14,36	14,20	13,99	13,74	13,52	13,27	12,92	12,57	12,21	11,87	11,52	11,17	10,81	10,45	10,08	9,70	9,31	14,00
02/08/2022 01:40:00	14,00	14,11	14,25	14,36	14,41	14,31	14,19	14,08	13,84	13,54	13,24	12,90	12,57	12,23	11,89	11,52	11,16	10,77	10,38	9,97	9,55	13,97
02/08/2022 01:45:00	13,94	14,29	14,63	14,84	14,83	14,66	14,48	14,30	14,02	13,68	13,27	12,85	12,43	12,02	11,62	11,22	10,82	10,41	10,00	9,58	9,15	13,86
02/08/2022 01:50:00	14,00	14,28	14,55	14,69	14,59	14,48	14,31	14,07	13,82	13,54	13,19	12,83	12,46	12,10	11,74	11,37	10,99	10,61	10,22	9,82	9,41	13,83
02/08/2022 01:55:00	13,88	14,32	14,58	14,73	14,69	14,50	14,26	14,00	13,72	13,41	13,08	12,72	12,37	12,00	11,64	11,25	10,86	10,46	10,07	9,66	9,25	13,80
02/08/2022 02:00:00	13,86	14,24	14,59	14,82	14,80	14,67	14,47	14,23	13,98	13,69	13,29	12,88	12,47	12,07	11,67	11,28	10,88	10,48	10,08	9,65	9,23	13,72
02/08/2022 02:05:00	13,70	14,06	14,36	14,50	14,35	14,32	14,18	13,90	13,68	13,44	13,11	12,78	12,44	12,10	11,76	11,39	11,03	10,66	10,29	9,89	9,50	13,66
02/08/2022 02:10:00	13,40	13,54	13,86	14,13	14,25	14,23	14,12	13,94	13,68	13,39	13,16	12,85	12,54	12,20	11,86	11,46	11,07	10,66	10,25	9,82	9,38	13,49
02/08/2022 02:15:00	13,33	13,51	13,79	14,01	14,07	14,07	13,98	13,82	13,57	13,28	13,00	12,68	12,35	12,00	11,66	11,28	10,90	10,50	10,10	9,68	9,25	13,30
02/08/2022 02:20:00	13,29	13,50	13,83	14,08	14,16	14,15	14,06	13,92	13,69	13,44	13,21	12,92	12,63	12,30	11,98	11,61	11,24	10,85	10,46	10,04	9,63	13,29
02/08/2022 02:25:00	13,40	13,74	14,02	14,22	14,26	14,11	13,90	13,67	13,49	13,28	12,94	12,58	12,23	11,87	11,52	11,16	10,79	10,42	10,04	9,65	9,26	13,26
02/08/2022 02:30:00	13,30	13,73	13,92	14,03	14,00	13,93	13,80	13,63	13,36	13,07	12,85	12,58	12,31	12,01	11,70	11,34	10,99	10,61	10,24	9,84	9,45	13,27
02/08/2022 02:35:00	13,29	13,65	13,78	13,86	13,84	13,73	13,59	13,43	13,23	13,02	12,79	12,53	12,28	12,00	11,72	11,39	11,06	10,71	10,36	9,99	9,62	13,25
02/08/2022 02:40:00	13,30	13,55	13,85	14,06	14,07	13,96	13,80	13,62	13,48	13,31	13,00	12,67	12,35	12,03	11,70	11,36	11,02	10,66	10,30	9,92	9,54	13,20
02/08/2022 02:45:00	13,39	13,91	14,10	14,24	14,31	14,08	13,84	13,65	13,46	13,23	12,91	12,57	12,24	11,91	11,57	11,21	10,86	10,49	10,12	9,74	9,36	13,23
02/08/2022 02:50:00	13,27	13,84	14,15	14,33	14,28	14,13	13,96	13,80	13,49	13,16	12,89	12,58	12,27	11,93	11,60	11,22	10,84	10,46	10,07	9,67	9,27	13,32
02/08/2022 02:55:00	13,45	13,84	14,15	14,33	14,28	14,15	13,96	13,74	13,48	13,19	12,89	12,55	12,22	11,87	11,52	11,14	10,76	10,38	9,99	9,59	9,19	13,37
02/08/2022 03:00:00	13,46	13,89	14,04	14,10	14,03	13,90	13,71	13,47	13,30	13,09	12,73	12,39	12,04	11,71	11,37	11,04	10,70	10,34	9,99	9,62	9,24	13,38
02/08/2022 03:05:00	13,42	13,71	13,86	13,94	13,91	13,81	13,67	13,49	13,30	13,09	12,74	12,39	12,05	11,71	11,38	11,04	10,70	10,34	9,98	9,59	9,21	13,38
02/08/2022 03:10:00	13,56	13,58	13,68	13,77	13,76	13,69	13,56	13,39	13,16	12,92	12,66	12,37	12,08	11,77	11,46	11,11	10,76	10,39	10,02	9,62	9,23	13,48
02/08/2022 03:15:00	13,69	13,86	13,92	13,90	13,74	13,66	13,47	13,17	12,92	12,66	12,32	11,98	11,63	11,29	10,95	10,60	10,25	9,88	9,52	9,14	8,75	13,89
02/08/2022 03:20:00	13,94	14,15	14,20	14,17	14,00	13,82	13,59	13,30	13,09	12,87	12,53	12,20	11,87	11,54	11,22	10,88	10,54	10,20	9,85	9,49	9,12	13,88
02/08/2022 03:25:00	13,93	14,32	14,23	14,09	13,93	13,69	13,44	13,21	12,94	12,66	12,37	12,08	11,79	11,49	11,19	10,86	10,53	10,19	9,84	9,49	9,13	13,95
02/08/2022 03:30:00	14,07	14,24	14,13	14,01	13,88	13,56	13,28	13,07	12,83	12,57	12,27	11,98	11,69	11,39	11,09	10,77	10,44	10,11	9,77	9,42	9,07	13,95
02/08/2022 03:35:00	14,20	14,13	14,07	13,99	13,87	13,67	13,46	13,24	13,04	12,81	12,47	12,14	11,80	11,48	11,16	10,83	10,51	10,16	9,82	9,45	9,08	14,02
02/08/2022 03:40:00	14,04	14,23	14,13	13,96	13,73	13,47	13,20	12,92	12,64	12,38	12,16	11,92	11,68	11,41	11,14	10,82	10,50	10,17	9,84	9,50	9,16	13,98
02/08/2022 03:45:00	14,05	14,09	14,05	13,95	13,78	13,54	13,27	13,00	12,70	12,40	12,16	11,88	11,61	11,31	11,01	10,66	10,32	9,96	9,61	9,25	8,88	14,00
02/08/2022 03:50:00	14,02	14,35	14,34	14,21	13,93	13,63	13,32	13,01	12,70	12,39	12,08	11,77	11,46	11,14	10,82	10,47	10,13	9,78	9,43	9,08	8,72	14,16
02/08/2022 03:55:00	14,22	14,35	14,39	14,37	14,23	14,04	13,80	13,52	13,17	12,81	12,52	12,20	11,88	11,54	11,19	10,81	10,43	10,04	9,65	9,25	8,85	14,10
02/08/2022 04:00:00	14,16	14,38	14,35	14,21	13,92	13,65	13,39	13,15	12,85	12,55	12,30	12,03	11,76	11,48	11,19	10,87	10,54	10,20	9,87	9,52	9,18	14,19
02/08/2022 04:05:00	14,16	14,11	14,14	14,11	13,91	13,78	13,56	13,25	12,94	12,62	12,32	11,99	11,66	11,32	10,98	10,61	10,24	9,87	9,49	9,10	8,70	14,02
02/08/2022 04:10:00	14,10	14,29	14,29	14,18	13,97	13,74	13,46	13,15	12,79	12,44	12,11	11,77	11,43	11,08	10,73	10,35	9,98	9,61	9,24	8,85	8,47	13,90
02/08/2022 04:15:00	14,02	14,11	14,07	13,96	13,77	13,47	13,13	12,79	12,49	12,21	11,94	11,64	11,34	11,02	10,71	10,35	10,00	9,65	9,30	8,95	8,59	13,89
02/08/2022 04:20:00	13,90	13,86	13,81	13,73	13,58	13,20	12,89	12,72	12,47	12,20	11,86	11,53	11,20	10,87	10,55	10,22	9,89	9,56	9,23	8,88	8,54	13,79
02/08/2022 04:25:00	13,84	14,13	14,14	13,99	13,67	13,33	13,01	12,71	12,38	12,05	11,73	11,41	11,09	10,76	10,44	10,10	9,75	9,41	9,07	8,73	8,39	13,82
02/08/2022 04:30:00	13,92	14,14	14,07	13,97	13,85	13,70	13,48	13,18	12,86	12,52	12,15	11,77	11,40	11,03	10,67	10,29	9,92	9,54	9,15	8,75	8,35	13,85
02/08/2022 04:35:00	13,99	14,17	14,21	14,15	13,88	13,70	13,45	13,12	12,77	12,43	12,16	11,85	11,55	11,22	10,89	10,53	10,16	9,79	9,42	9,04	8,66	13,84
02/08/2022 04:40:00	13,96	14,18	14,22	14,19	14,07	13,85	13,58	13,26	12,98	12,69	12,31	11,94	11,57	11,20	10,84	10,47	10,10	9,72	9,35	8,96	8,57	13,84
02/08/2022 04:45:00	13,85	14,21	14,21	14,13	13,97	13,72	13,46	13,22	12,90	12,56	12,24	11,91	11,58	11,25	10,91	10,55	10,20	9,83	9,47	9,09	8,72	13,78
02/08/2022 04:50:00	13,79	14,11	14,25	14,29	14,15	13,93	13,73	13,57	13,24	12,86	12,49	12,11	11,73	11,36	10,99	10,62	10,24	9,86	9,48	9,08	8,68	13,71
02/08/2022 04:55:00	13,75	14,10	14,16	14,12	13,96	13,74	13,50	13,25	12,93	12,59	12,26	11,91	11,57	11,22	10,87	10,51	10,14	9,77	9,40	9,02	8,63	13,66
02/08/2022 05:00:00	13,57	13,81	13,88	13,88	13,78	13,64	13,43	13,15	12,89	12,62	12,34	12,03	11,73	11,40	11,08	10,72	10,37	10,00	9,64	9,26	8,87	13,52
02/08/2022 05:05:00	13,46	13,68	13,70	13,68	13,62	13,43	13,21	12,98	12,71	12,41	12,11	11,78	11,46	11,13	10,80	10,44	10,09	9,72	9,36	8,98	8,60	13,40
02/08/2022 05:10:00	13,31	13,72	13,81	13,85	13,85	13,63	13,38	13,14	12,86	12,56	12,18	11,80	11,42	11,04	10,67	10,30	9,92	9,54	9,16	8,77	8,37	13,29
02/08/2022 05:15:00	13,35	13,58	13,67	13,70	13,66	13,42	13,15	12,89	12,62	12,31	11,90	11,49	11,08	10,70	10,31	9,94	9,56	9,19	8,81	8,42	8,04	13,14
02/08/2022 05:20:00	13,10	13,40	13,45	13,42	13,28	13,11	12,85	12,52	12,27	12,03	11,74	11,44	11,14	10,82	10,50	10,16	9,81	9,46	9,12	8,76	8,40	13,14
02/08/2022 05:25:00	13,12	13,30	13,34	13,34	13,29	13,15	12,99	12,81	12,53	12,22	11,95	11,66	11,36	11,04	10,73	10,38	10,03	9,67	9,30	8,92	8,54	13,09
02/08/2022 05:30:00	13,21	13,31	13,30	13,34	13,40	13,29	13,18	13,07	12,84	12,56	12,28	11,97	11,67	11,35	11,03	10,69	10,35	9,98	9,62	9,22	8,83	13,03
02/08/2022 05:35:00	13,13	13,34	13,45	13,49	13,40	13,29	13,11	12,86	12,61	12,35	12,04	11,71	11,38	11,05	10,71	10,36	10,01	9,65	9,29	8,91	8,53	13,05
02/08/2022 05:40:00	13,17	13,53	13,67	13,71	13,65	13,49	13,24	12,93	12,62	12,30	11,93	11,54	11,16	10,78	10,40	10,01	9,62	9,24	8,85	8,45	8,05	13,12
02/08/2022 05:45:00	13,19	13,47	13,64	13,76	13,80	13,65	13,46	13,26	13,04	12,78	12,40	12,01	11,62	11,25	10,88	10,51	10,15	9,77	9,39	9,00	8,60	13,14
02/08/2022 05:50:00	13,14	13,57	13,72	13,82	13,85	13,67	13,44	13,21	12,93	12,61	12,21	11,81	11,41	11,02	10,64	10,25	9,86	9,47	9,08	8,67	8,26	13,15
02/08/2022 05:55:00	13,20	13,60	13,75	13,83	13,82	13,71	13,55	13,38	13,09	12,79	12,51	12,20	11,89	11,56	11,23	10,87	10,51	10,13	9,75	9,36	8,96	13,24
02/08/2022 06:00:00	13,33	13,80	13,94	13,99	13,93	13,77	13,57	13,34	13,03	12,70	12,42	12,11	11,80	11,47	11,14	10,77	10,39	10,01	9,63	9,24	8,84	13,34
02/08/2022 06:05:00	13,38	13,76	14,01	14,21	14,33	14,19	13,97	13,71	13,49	13,23	12,86	12,47	12,08	11,70	11,31	10,92	10,52	10,12	9,72	9,30	8,88	13,32
02/08/2022 06:10:00	13,37	14,08	14,37	14,50	14,41	14,23	14,00	13,72	13,46	13,17	12,78	12,39	12,00	11,63	11,25	10,87	10,49	10,11	9,73	9,34	8,94	13,35
02/08/2022 06:15:00	13,30	13,89	14,25	14,42	14,30	14,17	13,99	13,76	13,48	13,17	12,81	12,45	12,08	11,71	11,35	10,97	10,59	10,20	9,82	9,43	9,03	13,20
02/08/2022 06:20:00	13,20	14,10	14,39	14,54	14,51	14,31	14,05	13,76	13,47	13,16	12,81	12,44	12,07	11,70	11,32	10,93	10,54	10,15	9,76	9,36	8,96	13,19
02/08/2022 06:25:00	13,19	13,76	14,00	14,10	14,02	13,91	13,76	13,57	13,32	13,04	12,73	12,40	12,08	11,75	11,42	11,06	10,71	10,34	9,97	9,59	9,20	13,09
02/08/2022 06:30:00	13,34	13,80	14,09	14,27	14,28	14,19	14,05	13,86	13,64	13,38	13,00	12,61	12,22	11,85	11,48	11,11	10,74	10,35	9,97	9,56	9,16	13,17
02/08/2022 06:35:00	13,33	13,89	14,14	14,27	14,24	14,08	13,84	13,55	13,28	13,00	12,67	12,32	11,96	11,60	11,24	10,86	10,48	10,09	9,71	9,31	8,91	13,17
02/08/2022 06:40:00	13,23	13,80	14,01	14,14	14,15	14,01	13,80	13,55	13,24	12,91	12,57	12,21	11,85	11,48	11,10	10,71	10,31	9,91	9,52	9,10	8,69	13,28
02/08/2022 06:45:00	13,21	13,56	13,75	13,91	14,00	13,95	13,80	13,57	13,29	12,98	12,59	12,19	11,78	11,39	10,99	10,59	10,19	9,78	9,37	8,94	8,50	13,19
02/08/2022 06:50:00	13,10	13,51	13,75	13,92	13,99	13,97	13,84	13,61	13,33	13,01	12,63	12,23	11,83	11,44	11,04	10,64	10,25	9,83	9,42	8,99	8,55	13,17
02/08/2022 06:55:00	13,21	13,74	14,05	14,20	14,09	14,00	13,82	13,57	13,30	12,99	12,57	12,16	11,74	11,35	10,95	10,57	10,19	9,80	9,41	9,01	8,60	13,20
02/08/2022 07:00:00	13,26	13,71	14,01	14,14	13,99	13,79	13,60	13,45	13,15	12,79	12,38	11,97	11,56	11,17	10,79	10,41	10,04	9,66	9,29	8,90	8,51	13,00
02/08/2022 07:05:00	13,34	13,59	13,90	14,06	13,96	13,88	13,72	13,49	13,25	12,97	12,56	12,16	11,75	11,37	10,98	10,61	10,23	9,85	9,47	9,07	8,67	12,79
02/08/2022 07:10:00	12,90	13,39	13,64	13,77	13,69	13,52	13,30	13,07	12,81	12,53	12,20	11,85	11,51	11,16	10,81	10,45	10,08	9,72	9,35	8,97	8,59	12,79
02/08/2022 07:15:00	12,98	13,26	13,58	13,83	13,95	13,88	13,74	13,57	13,26	12,92	12,57	12,18	11,79	11,39	11,00	10,58	10,17	9,76	9,34	8,90	8,45	13,05
02/08/2022 07:20:00	12,86	13,36	13,75	14,02	14,09	13,98	13,76	13,48	13,27	13,00	12,57	12,13	11,69	11,27	10,86	10,46	10,05	9,65	9,25	8,84	8,42	13,63
02/08/2022 07:25:00	12,88	13,28	13,71	14,02	14,08	14,06	13,96	13,81	13,47	13,08	12,72	12,31	11,90	11,49	11,08	10,66	10,24	9,81	9,38	8,93	8,48	13,41
02/08/2022 07:30:00	12,99	13,22	13,58	13,88	14,05	14,06	13,97	13,82	13,57	13,26	12,89	12,48	12,07	11,66	11,26	10,86	10,45	10,03	9,61	9,16	8,71	13,30
02/08/2022 07:35:00	13,06	13,08	13,43	13,76	13,94	14,01	13,93	13,72	13,46	13,14	12,73	12,28	11,83	11,40	10,96	10,54	10,11	9,67	9,24	8,76	8,29	13,37
02/08/2022 07:40:00	13,19	13,06	13,14	13,18	13,11	13,05	12,94	12,81	12,60	12,36	12,14	11,88	11,62	11,34	11,05	10,73	10,40	10,06	9,72	9,35	8,98	13,44
02/08/2022 07:45:00	13,08	12,90	13,09	13,28	13,37	13,27	13,10	12,90	12,73	12,54	12,31	12,03	11,75	11,44	11,13	10,78	10,43	10,07	9,71	9,32	8,93	13,40
02/08/2022 07:50:00	13,19	13,02	13,26	13,47	13,55	13,48	13,37	13,23	13,01	12,72	12,38	12,01	11,63	11,26	10,89	10,51	10,14	9,75	9,36	8,94	8,52	13,89
02/08/2022 07:55:00	13,20	13,34	13,47	13,55	13,52	13,53	13,40	13,14	12,85	12,56	12,33	12,04	11,76	11,43	11,11	10,74	10,36	9,98	9,59	9,18	8,78	13,90
02/08/2022 08:00:00	13,40	13,39	13,67	13,86	13,86	13,74	13,54	13,30	13,03	12,72	12,38	12,00	11,62	11,24	10,86	10,46	10,06	9,67	9,27	8,85	8,44	14,10
02/08/2022 08:05:00	13,55	13,50	13,63	13,72	13,65	13,38	13,07	12,78	12,59	12,37	11,99	11,60	11,21	10,85	10,48	10,13	9,77	9,41	9,06	8,69	8,32	14,07
02/08/2022 08:10:00	13,64	13,48	13,67	13,80	13,74	13,57	13,34	13,09	12,89	12,64	12,28	11,91	11,53	11,17	10,80	10,44	10,08	9,71	9,34	8,95	8,57	14,30
02/08/2022 08:15:00	13,82	13,70	13,72	13,70	13,57	13,42	13,26	13,10	12,83	12,52	12,21	11,89	11,57	11,24	10,91	10,57	10,22	9,86	9,50	9,12	8,74	14,47
02/08/2022 08:20:00	14,01	13,80	13,72	13,59	13,32	13,15	12,95	12,72	12,37	12,04	11,91	11,72	11,53	11,27	11,02	10,68	10,35	10,01	9,66	9,30	8,94	15,00
02/08/2022 08:25:00	14,25	13,71	13,64	13,59	13,46	13,28	13,07	12,84	12,59	12,31	11,98	11,63	11,28	10,94	10,60	10,25	9,90	9,54	9,18	8,79	8,41	14,49
02/08/2022 08:30:00	14,30	13,93	13,76	13,63	13,48	13,15	12,82	12,52	12,30	12,07	11,73	11,39	11,05	10,72	10,39	10,06	9,73	9,39	9,05	8,70	8,34	14,63
02/08/2022 08:35:00	14,27	13,97	13,82	13,63	13,36	13,04	12,71	12,37	12,05	11,74	11,48	11,19	10,90	10,59	10,28	9,94	9,60	9,26	8,91	8,56	8,21	14,55
02/08/2022 08:40:00	14,35	14,04	13,80	13,59	13,39	13,07	12,78	12,54	12,22	11,89	11,64	11,36	11,09	10,79	10,49	10,16	9,82	9,48	9,13	8,77	8,42	14,80
02/08/2022 08:45:00	14,57	14,21	13,95	13,71	13,44	13,15	12,85	12,53	12,29	12,05	11,73	11,42	11,11	10,81	10,51	10,19	9,87	9,54	9,22	8,88	8,53	15,85
02/08/2022 08:50:00	14,75	14,41	14,10	13,79	13,48	13,23	12,95	12,65	12,28	11,90	11,64	11,35	11,07	10,76	10,45	10,11	9,77	9,42	9,06	8,70	8,33	15,43
02/08/2022 08:55:00	15,00	14,63	14,29	13,96	13,61	13,27	12,95	12,65	12,32	11,98	11,62	11,27	10,93	10,60	10,26	9,93	9,60	9,26	8,92	8,56	8,20	15,84
02/08/2022 09:00:00	15,13	14,71	14,32	13,99	13,70	13,29	12,90	12,57	12,27	11,96	11,55	11,17	10,79	10,43	10,08	9,75	9,41	9,07	8,72	8,37	8,01	16,57
02/08/2022 09:05:00	15,44	14,90	14,42	13,98	13,62	13,21	12,84	12,54	12,26	11,98	11,63	11,32	11,01	10,71	10,41	10,10	9,80	9,48	9,17	8,84	8,51	16,44
02/08/2022 09:10:00	15,40	15,06	14,63	14,20	13,74	13,27	12,81	12,38	11,98	11,60	11,32	11,02	10,73	10,42	10,12	9,78	9,44	9,10	8,77	8,43	8,09	16,69
02/08/2022 09:15:00	15,70	15,16	14,67	14,22	13,81	13,35	12,89	12,45	12,07	11,71	11,38	11,05	10,72	10,39	10,07	9,72	9,38	9,04	8,69	8,35	8,00	16,76
02/08/2022 09:20:00	15,79	15,25	14,72	14,19	13,68	13,20	12,75	12,35	11,98	11,64	11,30	10,98	10,67	10,36	10,05	9,73	9,42	9,10	8,78	8,46	8,14	16,94
02/08/2022 09:25:00	15,84	15,37	14,91	14,45	13,99	13,49	13,05	12,72	12,30	11,86	11,52	11,18	10,85	10,52	10,19	9,85	9,50	9,16	8,81	8,46	8,11	17,03
02/08/2022 09:30:00	16,17	15,70	15,18	14,67	14,20	13,74	13,30	12,88	12,43	11,98	11,59	11,22	10,84	10,48	10,12	9,76	9,40	9,04	8,68	8,31	7,94	17,96
02/08/2022 09:35:00	16,24	16,04	15,46	14,88	14,40	13,83	13,31	12,89	12,44	11,98	11,61	11,27	10,92	10,58	10,24	9,89	9,54	9,19	8,84	8,49	8,14	18,56
02/08/2022 09:40:00	16,34	15,76	15,25	14,78	14,36	13,90	13,45	13,01	12,62	12,25	11,75	11,29	10,84	10,44	10,04	9,68	9,31	8,94	8,58	8,20	7,82	17,62
02/08/2022 09:45:00	16,01	15,78	15,35	14,86	14,31	13,75	13,23	12,75	12,30	11,88	11,54	11,22	10,89	10,56	10,23	9,88	9,52	9,18	8,84	8,50	8,17	18,46
02/08/2022 09:50:00	16,14	15,85	15,41	14,96	14,53	14,09	13,61	13,08	12,64	12,23	11,77	11,34	10,91	10,51	10,11	9,72	9,34	8,96	8,58	8,19	7,81	17,11
02/08/2022 09:55:00	16,31	15,97	15,46	14,89	14,24	13,74	13,27	12,76	12,29	11,84	11,49	11,16	10,83	10,50	10,17	9,82	9,47	9,13	8,79	8,45	8,11	17,44
02/08/2022 10:00:00	16,50	16,26	15,84	15,35	14,79	14,22	13,67	13,14	12,64	12,15	11,65	11,19	10,73	10,31	9,89	9,50	9,10	8,72	8,34	7,97	7,59	17,90
02/08/2022 10:05:00	16,74	16,28	15,83	15,34	14,78	14,29	13,80	13,25	12,79	12,37	11,89	11,45	11,01	10,61	10,20	9,82	9,44	9,07	8,69	8,32	7,94	17,50
02/08/2022 10:10:00	16,64	16,35	15,89	15,35	14,74	14,11	13,51	12,94	12,43	11,96	11,50	11,07	10,65	10,25	9,85	9,47	9,08	8,72	8,36	8,00	7,65	18,23
02/08/2022 10:15:00	16,71	16,36	15,88	15,41	14,95	14,41	13,88	13,39	12,85	12,29	11,87	11,45	11,03	10,62	10,21	9,79	9,38	8,98	8,58	8,17	7,77	17,62
02/08/2022 10:20:00	16,86	16,56	16,16	15,71	15,21	14,64	14,11	13,71	13,22	12,69	12,14	11,64	11,13	10,69	10,25	9,84	9,44	9,05	8,65	8,26	7,86	16,97
02/08/2022 10:25:00	16,96	16,70	16,19	15,64	15,06	14,46	13,86	13,23	12,75	12,33	11,82	11,35	10,89	10,47	10,05	9,67	9,28	8,90	8,53	8,17	7,80	17,14
02/08/2022 10:30:00	17,28	16,81	16,19	15,58	15,03	14,46	13,89	13,34	12,82	12,33	11,89	11,46	11,04	10,65	10,25	9,86	9,48	9,10	8,71	8,33	7,95	17,50
02/08/2022 10:35:00	17,34	17,02	16,40	15,73	15,06	14,44	13,86	13,29	12,71	12,13	11,70	11,30	10,89	10,50	10,11	9,71	9,32	8,94	8,56	8,19	7,81	18,22
02/08/2022 10:40:00	17,44	16,99	16,45	15,84	15,19	14,58	14,00	13,44	12,91	12,40	11,97	11,57	11,17	10,78	10,40	10,01	9,63	9,26	8,89	8,52	8,15	17,92
02/08/2022 10:45:00	17,58	17,04	16,55	16,05	15,53	14,85	14,17	13,57	13,04	12,54	11,92	11,35	10,78	10,28	9,79	9,36	8,92	8,52	8,11	7,70	7,30	17,99
02/08/2022 10:50:00	17,33	16,89	16,40	15,87	15,27	14,69	14,14	13,62	13,07	12,48	11,99	11,52	11,05	10,61	10,18	9,76	9,35	8,95	8,55	8,15	7,75	17,66
02/08/2022 10:55:00	17,49	17,17	16,56	15,89	15,25	14,57	13,94	13,39	12,95	12,57	12,06	11,62	11,18	10,80	10,41	10,06	9,71	9,37	9,03	8,70	8,36	18,88
02/08/2022 11:00:00	17,58	17,11	16,53	15,89	15,17	14,55	13,97	13,36	12,82	12,32	11,95	11,60	11,24	10,89	10,54	10,16	9,79	9,43	9,07	8,71	8,36	18,14
02/08/2022 11:05:00	17,93	17,56	17,07	16,52	15,90	15,27	14,64	13,99	13,29	12,52	12,04	11,55	11,05	10,58	10,10	9,62	9,14	8,69	8,24	7,79	7,35	18,81
02/08/2022 11:10:00	17,58	17,23	16,60	15,94	15,31	14,72	14,15	13,58	13,02	12,47	12,02	11,60	11,18	10,78	10,38	9,98	9,59	9,20	8,82	8,43	8,05	18,39
02/08/2022 11:15:00	17,83	17,34	16,69	16,03	15,39	14,72	14,07	13,48	12,99	12,56	11,92	11,37	10,82	10,36	9,90	9,52	9,13	8,75	8,38	8,00	7,63	17,89
02/08/2022 11:20:00	17,85	17,49	16,88	16,22	15,55	14,87	14,22	13,61	13,04	12,49	11,93	11,42	10,91	10,46	10,01	9,60	9,19	8,80	8,41	8,02	7,63	18,01
02/08/2022 11:25:00	18,23	17,58	17,04	16,53	16,04	15,40	14,77	14,26	13,69	13,08	12,49	11,93	11,37	10,87	10,37	9,93	9,48	9,04	8,61	8,17	7,73	18,66
02/08/2022 11:30:00	18,18	17,89	17,28	16,59	15,84	15,07	14,35	13,71	13,12	12,58	12,07	11,61	11,14	10,72	10,30	9,90	9,50	9,12	8,74	8,38	8,01	18,82
02/08/2022 11:35:00	18,04	17,54	16,90	16,23	15,60	14,96	14,35	13,79	13,22	12,66	12,25	11,87	11,48	11,10	10,72	10,32	9,93	9,54	9,16	8,78	8,40	18,71
02/08/2022 11:40:00	17,98	17,64	17,08	16,46	15,79	15,18	14,59	13,99	13,45	12,96	12,51	12,09	11,68	11,28	10,89	10,50	10,11	9,73	9,35	8,98	8,60	18,61
02/08/2022 11:45:00	18,41	17,90	17,30	16,66	15,97	15,27	14,62	14,08	13,50	12,90	12,41	11,95	11,49	11,07	10,65	10,24	9,83	9,43	9,04	8,65	8,26	19,24
02/08/2022 11:50:00	18,34	17,83	17,20	16,57	15,96	15,39	14,84	14,26	13,71	13,18	12,70	12,25	11,80	11,39	10,97	10,57	10,16	9,76	9,36	8,95	8,55	18,92
02/08/2022 11:55:00	18,48	18,05	17,47	16,84	16,17	15,52	14,88	14,22	13,63	13,07	12,58	12,12	11,65	11,22	10,79	10,37	9,95	9,54	9,13	8,73	8,33	18,82
02/08/2022 12:00:00	18,55	17,92	17,40	16,88	16,33	15,70	15,07	14,48	13,87	13,21	12,71	12,22	11,73	11,26	10,80	10,34	9,88	9,45	9,01	8,57	8,13	19,63
02/08/2022 12:05:00	18,98	18,50	17,99	17,40	16,64	15,76	14,92	14,25	13,54	12,79	12,19	11,62	11,05	10,53	10,02	9,54	9,06	8,62	8,19	7,77	7,35	20,07
02/08/2022 12:10:00	18,74	18,40	17,86	17,30	16,70	15,98	15,31	14,78	14,16	13,45	12,81	12,22	11,63	11,11	10,59	10,13	9,66	9,21	8,77	8,32	7,87	19,34
02/08/2022 12:15:00	18,41	17,96	17,33	16,72	16,18	15,56	14,96	14,44	13,94	13,45	12,90	12,40	11,90	11,46	11,02	10,62	10,22	9,82	9,42	9,02	8,61	19,01
02/08/2022 12:20:00	18,40	18,17	17,63	16,99	16,26	15,51	14,82	14,25	13,65	13,05	12,59	12,16	11,74	11,33	10,92	10,52	10,11	9,72	9,33	8,96	8,58	18,98
02/08/2022 12:25:00	18,36	17,90	17,33	16,76	16,21	15,57	14,95	14,43	13,85	13,24	12,72	12,23	11,74	11,29	10,84	10,40	9,97	9,55	9,13	8,71	8,28	18,49
02/08/2022 12:30:00	18,36	17,80	17,31	16,81	16,25	15,65	15,06	14,50	13,98	13,48	12,95	12,46	11,96	11,51	11,07	10,65	10,23	9,82	9,41	8,99	8,58	18,46
02/08/2022 12:35:00	18,51	18,16	17,60	17,01	16,38	15,71	15,06	14,45	13,88	13,33	12,71	12,15	11,59	11,10	10,62	10,18	9,75	9,33	8,91	8,50	8,08	18,26
02/08/2022 12:40:00	18,35	17,82	17,28	16,72	16,11	15,56	15,03	14,49	13,96	13,46	12,92	12,43	11,93	11,49	11,05	10,64	10,23	9,82	9,42	9,00	8,59	18,16
02/08/2022 12:45:00	18,32	17,95	17,42	16,88	16,34	15,75	15,16	14,56	14,02	13,51	12,97	12,46	11,96	11,51	11,05	10,63	10,20	9,78	9,36	8,94	8,53	18,34
02/08/2022 12:50:00	18,45	17,99	17,47	16,92	16,33	15,73	15,13	14,54	13,99	13,46	12,95	12,47	11,99	11,54	11,10	10,68	10,26	9,85	9,43	9,02	8,61	18,55
02/08/2022 12:55:00	18,63	18,19	17,69	17,16	16,60	16,00	15,40	14,78	14,23	13,71	13,17	12,66	12,16	11,70	11,24	10,81	10,38	9,95	9,53	9,11	8,68	19,09
02/08/2022 13:00:00	18,62	18,14	17,63	17,09	16,51	15,88	15,27	14,72	14,17	13,62	13,02	12,46	11,91	11,43	10,94	10,51	10,08	9,66	9,23	8,81	8,38	18,83
02/08/2022 13:05:00	18,57	18,16	17,61	17,01	16,36	15,75	15,18	14,61	14,03	13,44	12,91	12,41	11,92	11,47	11,03	10,60	10,18	9,76	9,34	8,92	8,50	18,77
02/08/2022 13:10:00	18,68	18,42	17,83	17,20	16,60	16,04	15,47	14,80	14,20	13,64	13,05	12,50	11,95	11,47	10,98	10,54	10,09	9,66	9,22	8,78	8,34	18,92
02/08/2022 13:15:00	18,82	18,30	17,76	17,19	16,57	16,09	15,63	15,09	14,57	14,05	13,48	12,95	12,43	11,97	11,51	11,10	10,68	10,26	9,83	9,40	8,96	19,31
02/08/2022 13:20:00	19,17	18,60	18,06	17,51	16,93	16,36	15,79	15,21	14,59	13,93	13,30	12,71	12,12	11,60	11,08	10,61	10,14	9,68	9,22	8,75	8,28	20,11
02/08/2022 13:25:00	18,91	18,50	17,91	17,26	16,57	15,92	15,31	14,74	14,18	13,63	13,06	12,54	12,03	11,57	11,12	10,70	10,29	9,88	9,47	9,07	8,66	19,19
02/08/2022 13:30:00	18,73	18,37	17,92	17,40	16,77	16,15	15,54	14,99	14,40	13,79	13,19	12,64	12,08	11,59	11,10	10,66	10,21	9,78	9,34	8,91	8,48	18,61
02/08/2022 13:35:00	18,78	18,45	17,91	17,34	16,65	16,04	15,45	14,85	14,24	13,64	13,10	12,59	12,09	11,63	11,17	10,73	10,30	9,87	9,44	9,01	8,58	18,96
02/08/2022 13:40:00	18,85	18,43	17,93	17,37	16,68	16,07	15,50	14,91	14,28	13,61	13,05	12,52	12,00	11,52	11,04	10,58	10,13	9,69	9,25	8,81	8,37	18,80
02/08/2022 13:45:00	19,09	18,68	18,08	17,44	16,79	16,19	15,61	15,01	14,38	13,71	13,16	12,66	12,15	11,69	11,22	10,77	10,32	9,88	9,44	8,99	8,55	19,76
02/08/2022 13:50:00	18,85	18,53	18,05	17,52	16,91	16,27	15,65	15,07	14,49	13,89	13,29	12,74	12,19	11,71	11,22	10,77	10,32	9,89	9,45	9,02	8,58	18,99
02/08/2022 13:55:00	19,11	18,63	17,99	17,33	16,72	16,04	15,38	14,77	14,20	13,67	13,17	12,71	12,26	11,83	11,41	10,99	10,58	10,17	9,76	9,36	8,95	18,82
02/08/2022 14:00:00	19,08	18,65	18,15	17,59	16,93	16,31	15,69	15,00	14,41	13,87	13,26	12,70	12,13	11,64	11,14	10,70	10,25	9,82	9,38	8,95	8,52	19,31
02/08/2022 14:05:00	18,91	18,47	17,83	17,16	16,51	15,91	15,33	14,70	14,13	13,60	13,07	12,58	12,09	11,65	11,21	10,79	10,37	9,96	9,55	9,14	8,72	19,23
02/08/2022 14:10:00	18,70	18,39	17,77	17,15	16,63	15,96	15,29	14,73	14,20	13,70	13,17	12,69	12,21	11,77	11,33	10,92	10,51	10,10	9,69	9,28	8,88	18,60
02/08/2022 14:15:00	18,77	18,23	17,70	17,16	16,57	16,04	15,53	15,02	14,52	14,01	13,44	12,92	12,41	11,95	11,50	11,08	10,67	10,26	9,84	9,41	8,99	18,70
02/08/2022 14:20:00	18,98	18,58	18,03	17,45	16,86	16,23	15,61	15,02	14,44	13,86	13,36	12,88	12,40	11,96	11,51	11,08	10,65	10,22	9,80	9,37	8,95	19,85
02/08/2022 14:25:00	19,10	18,55	17,96	17,34	16,68	16,03	15,42	14,85	14,32	13,81	13,33	12,88	12,43	12,02	11,61	11,21	10,81	10,41	10,02	9,62	9,23	19,21
02/08/2022 14:30:00	19,16	18,90	18,29	17,65	17,09	16,47	15,84	15,22	14,63	14,07	13,54	13,04	12,55	12,09	11,64	11,20	10,77	10,34	9,91	9,48	9,04	19,64
02/08/2022 14:35:00	19,20	18,90	18,35	17,72	17,05	16,38	15,73	15,05	14,41	13,80	13,28	12,79	12,30	11,84	11,38	10,94	10,49	10,06	9,63	9,20	8,78	19,26
02/08/2022 14:40:00	19,22	18,88	18,26	17,60	16,94	16,29	15,68	15,10	14,54	13,99	13,46	12,98	12,49	12,06	11,62	11,20	10,79	10,38	9,97	9,56	9,14	19,62
02/08/2022 14:45:00	19,31	18,83	18,30	17,72	17,06	16,56	16,10	15,61	15,08	14,53	13,91	13,35	12,79	12,31	11,83	11,41	10,99	10,56	10,13	9,69	9,24	19,96
02/08/2022 14:50:00	19,40	18,92	18,38	17,81	17,20	16,55	15,90	15,32	14,79	14,27	13,62	13,03	12,44	11,94	11,44	11,01	10,57	10,14	9,71	9,28	8,85	20,53
02/08/2022 14:55:00	19,42	19,01	18,41	17,80	17,24	16,66	16,06	15,39	14,79	14,23	13,72	13,24	12,75	12,29	11,84	11,39	10,95	10,51	10,07	9,62	9,18	20,24
02/08/2022 15:00:00	19,52	19,07	18,33	17,62	17,13	16,41	15,70	15,17	14,58	13,94	13,48	13,05	12,62	12,20	11,78	11,35	10,92	10,49	10,06	9,64	9,21	19,99
02/08/2022 15:05:00	19,39	18,87	18,26	17,60	16,90	16,27	15,67	15,05	14,54	14,09	13,54	13,05	12,55	12,12	11,68	11,29	10,89	10,50	10,11	9,71	9,32	19,77
02/08/2022 15:10:00	19,53	19,11	18,60	18,04	17,40	16,82	16,26	15,70	15,12	14,52	13,92	13,36	12,81	12,32	11,83	11,38	10,94	10,49	10,05	9,60	9,15	20,33
02/08/2022 15:15:00	19,78	19,38	18,87	18,29	17,60	16,84	16,11	15,50	14,86	14,17	13,50	12,88	12,26	11,73	11,19	10,72	10,24	9,78	9,33	8,88	8,43	19,61
02/08/2022 15:20:00	19,83	19,30	18,73	18,15	17,59	17,04	16,48	15,90	15,28	14,62	14,09	13,59	13,10	12,63	12,16	11,69	11,23	10,77	10,30	9,83	9,36	20,45
02/08/2022 15:25:00	20,15	19,74	19,12	18,51	17,91	17,25	16,61	16,06	15,54	15,04	14,27	13,58	12,88	12,33	11,77	11,32	10,88	10,43	9,98	9,52	9,07	20,83
02/08/2022 15:30:00	20,21	19,48	18,76	18,03	17,25	16,55	15,92	15,36	14,80	14,24	13,75	13,31	12,86	12,45	12,04	11,65	11,25	10,85	10,45	10,05	9,65	21,15
02/08/2022 15:35:00	20,14	19,86	19,38	18,80	18,09	17,24	16,42	15,80	15,23	14,68	14,02	13,41	12,81	12,30	11,79	11,35	10,90	10,48	10,06	9,64	9,23	21,00
02/08/2022 15:40:00	20,37	20,02	19,34	18,60	17,93	17,22	16,50	15,79	15,19	14,70	14,10	13,55	13,00	12,52	12,04	11,61	11,18	10,75	10,33	9,90	9,48	20,52
02/08/2022 15:45:00	20,21	19,79	19,21	18,59	17,94	17,15	16,36	15,69	15,05	14,42	13,76	13,16	12,55	12,02	11,50	11,02	10,55	10,10	9,64	9,20	8,75	20,65
02/08/2022 15:50:00	19,81	19,38	18,76	18,10	17,44	16,79	16,17	15,61	15,03	14,45	13,98	13,55	13,12	12,71	12,30	11,88	11,46	11,04	10,63	10,21	9,79	19,74
02/08/2022 15:55:00	20,01	19,46	18,74	18,05	17,42	16,87	16,33	15,73	15,13	14,54	14,05	13,59	13,14	12,71	12,28	11,85	11,42	10,98	10,54	10,09	9,64	20,84
02/08/2022 16:00:00	19,82	19,30	18,78	18,23	17,63	17,06	16,50	15,98	15,47	14,94	14,34	13,79	13,24	12,76	12,28	11,86	11,43	10,99	10,56	10,11	9,66	20,67
02/08/2022 16:05:00	20,17	19,73	19,13	18,53	17,96	17,40	16,87	16,35	15,77	15,11	14,40	13,76	13,12	12,57	12,02	11,55	11,09	10,60	10,12	9,63	9,13	21,51
02/08/2022 16:10:00	20,05	19,75	19,13	18,44	17,66	16,96	16,32	15,68	15,09	14,54	14,00	13,52	13,03	12,59	12,16	11,74	11,32	10,91	10,50	10,09	9,68	21,52
02/08/2022 16:15:00	20,10	19,51	18,84	18,17	17,55	16,95	16,36	15,75	15,18	14,64	14,12	13,64	13,16	12,72	12,28	11,85	11,43	11,00	10,56	10,13	9,69	20,85
02/08/2022 16:20:00	20,18	19,59	19,07	18,53	17,91	17,25	16,61	16,06	15,51	14,95	14,31	13,73	13,14	12,64	12,13	11,68	11,24	10,79	10,35	9,90	9,45	21,43
02/08/2022 16:25:00	19,85	19,38	18,78	18,17	17,56	16,98	16,43	15,93	15,38	14,78	14,26	13,79	13,32	12,88	12,44	12,02	11,59	11,16	10,72	10,28	9,83	20,45
02/08/2022 16:30:00	20,22	19,64	18,94	18,24	17,64	17,05	16,47	15,86	15,30	14,77	14,26	13,79	13,31	12,87	12,44	12,02	11,60	11,17	10,74	10,30	9,86	20,91
02/08/2022 16:35:00	20,14	19,78	19,28	18,72	18,01	17,32	16,67	16,06	15,50	14,97	14,36	13,82	13,27	12,79	12,31	11,88	11,44	11,01	10,58	10,16	9,73	21,10
02/08/2022 16:40:00	20,16	19,70	19,12	18,49	17,88	17,22	16,58	15,95	15,38	14,85	14,32	13,83	13,33	12,89	12,44	12,01	11,58	11,15	10,72	10,29	9,86	20,90
02/08/2022 16:45:00	20,30	19,88	19,21	18,51	17,85	17,19	16,55	15,96	15,34	14,71	14,18	13,70	13,21	12,76	12,32	11,88	11,44	11,00	10,55	10,11	9,67	20,82
02/08/2022 16:50:00	20,33	19,91	19,38	18,82	18,23	17,62	17,01	16,43	15,79	15,11	14,48	13,90	13,32	12,79	12,27	11,79	11,31	10,83	10,35	9,86	9,37	20,92
02/08/2022 16:55:00	20,34	19,83	19,18	18,52	17,90	17,28	16,68	16,08	15,50	14,91	14,41	13,94	13,47	13,03	12,59	12,16	11,72	11,28	10,84	10,40	9,95	21,47
02/08/2022 17:00:00	20,33	19,99	19,46	18,86	18,16	17,42	16,70	16,07	15,48	14,92	14,45	14,02	13,59	13,17	12,76	12,33	11,91	11,49	11,07	10,66	10,25	21,79
02/08/2022 17:05:00	20,11	19,50	18,92	18,30	17,67	16,98	16,30	15,70	15,13	14,56	14,03	13,53	13,03	12,58	12,12	11,69	11,25	10,83	10,40	9,97	9,54	19,97
02/08/2022 17:10:00	19,94	19,50	18,83	18,18	17,64	17,05	16,43	15,80	15,25	14,76	14,20	13,69	13,18	12,72	12,25	11,82	11,39	10,96	10,52	10,08	9,63	19,79
02/08/2022 17:15:00	19,89	19,37	18,85	18,29	17,67	17,06	16,46	15,87	15,28	14,68	14,13	13,61	13,10	12,63	12,16	11,71	11,27	10,82	10,38	9,93	9,48	19,84
02/08/2022 17:20:00	19,84	19,28	18,70	18,10	17,43	16,90	16,41	15,87	15,38	14,91	14,30	13,75	13,21	12,74	12,27	11,86	11,46	11,04	10,62	10,18	9,75	19,77
02/08/2022 17:25:00	19,70	19,27	18,72	18,17	17,60	16,93	16,28	15,76	15,20	14,60	14,08	13,60	13,11	12,66	12,21	11,77	11,34	10,90	10,47	10,03	9,59	19,83
02/08/2022 17:30:00	19,83	19,43	18,84	18,21	17,55	16,88	16,24	15,64	15,03	14,39	13,86	13,36	12,87	12,41	11,95	11,51	11,06	10,62	10,19	9,75	9,31	20,31
02/08/2022 17:35:00	19,60	19,12	18,56	17,98	17,41	16,79	16,20	15,73	15,22	14,69	14,16	13,69	13,21	12,78	12,35	11,94	11,52	11,11	10,69	10,26	9,84	19,56
02/08/2022 17:40:00	19,65	19,31	18,83	18,31	17,71	17,11	16,52	15,95	15,40	14,87	14,25	13,69	13,12	12,63	12,14	11,69	11,25	10,81	10,37	9,92	9,48	19,67
02/08/2022 17:45:00	20,05	19,33	18,70	18,09	17,49	16,81	16,16	15,65	15,14	14,62	14,09	13,61	13,12	12,69	12,25	11,84	11,43	11,02	10,60	10,18	9,76	20,54
02/08/2022 17:50:00	19,71	19,08	18,47	17,89	17,42	16,88	16,33	15,80	15,29	14,77	14,25	13,76	13,28	12,83	12,39	11,96	11,53	11,10	10,66	10,21	9,76	19,74
02/08/2022 17:55:00	19,73	19,36	18,89	18,34	17,66	17,10	16,58	16,03	15,44	14,82	14,21	13,66	13,10	12,61	12,12	11,67	11,22	10,77	10,32	9,87	9,41	19,39
02/08/2022 18:00:00	19,88	19,53	19,01	18,44	17,84	17,11	16,40	15,82	15,21	14,54	13,97	13,43	12,90	12,42	11,93	11,47	11,00	10,55	10,10	9,65	9,20	20,19
02/08/2022 18:05:00	19,75	19,33	18,80	18,21	17,58	16,96	16,35	15,75	15,19	14,67	14,13	13,63	13,12	12,67	12,22	11,79	11,37	10,94	10,51	10,09	9,66	19,62
02/08/2022 18:10:00	19,82	19,37	18,83	18,27	17,67	17,10	16,57	16,06	15,52	14,93	14,40	13,91	13,42	12,97	12,52	12,09	11,67	11,23	10,79	10,34	9,90	19,89
02/08/2022 18:15:00	19,89	19,45	18,90	18,33	17,69	17,08	16,50	15,96	15,39	14,80	14,26	13,76	13,27	12,81	12,36	11,92	11,49	11,05	10,61	10,16	9,72	19,99
02/08/2022 18:20:00	19,78	19,37	18,79	18,18	17,54	16,90	16,31	15,76	15,21	14,65	14,10	13,60	13,09	12,64	12,19	11,77	11,34	10,91	10,49	10,06	9,62	19,97
02/08/2022 18:25:00	19,68	19,36	18,87	18,32	17,70	17,09	16,51	15,95	15,36	14,74	14,18	13,65	13,13	12,66	12,18	11,73	11,28	10,84	10,39	9,94	9,49	19,77
02/08/2022 18:30:00	19,96	19,42	18,89	18,34	17,77	17,20	16,66	16,16	15,65	15,12	14,48	13,90	13,31	12,82	12,32	11,89	11,45	11,01	10,56	10,10	9,64	20,61
02/08/2022 18:35:00	20,03	19,64	19,13	18,57	17,96	17,27	16,58	15,95	15,35	14,78	14,12	13,51	12,91	12,38	11,86	11,39	10,93	10,48	10,02	9,57	9,11	20,47
02/08/2022 18:40:00	19,96	19,42	18,90	18,33	17,64	17,02	16,43	15,82	15,26	14,73	14,14	13,60	13,06	12,59	12,11	11,68	11,25	10,82	10,39	9,95	9,52	20,19
02/08/2022 18:45:00	19,92	19,49	18,93	18,31	17,58	16,83	16,14	15,59	15,00	14,37	13,82	13,32	12,82	12,36	11,91	11,48	11,05	10,63	10,20	9,79	9,37	20,04
02/08/2022 18:50:00	19,58	19,27	18,76	18,21	17,58	16,92	16,28	15,72	15,18	14,67	14,10	13,57	13,04	12,58	12,12	11,69	11,27	10,85	10,42	10,00	9,58	19,48
02/08/2022 18:55:00	19,58	19,17	18,67	18,12	17,51	16,90	16,30	15,69	15,13	14,61	14,05	13,54	13,02	12,56	12,10	11,66	11,23	10,80	10,37	9,93	9,50	19,71
02/08/2022 19:00:00	19,51	19,16	18,60	18,01	17,44	16,84	16,25	15,68	15,07	14,42	13,85	13,31	12,78	12,30	11,81	11,35	10,89	10,44	9,98	9,52	9,06	19,39
02/08/2022 19:05:00	19,21	18,84	18,31	17,75	17,21	16,58	15,97	15,43	14,87	14,29	13,75	13,26	12,76	12,31	11,85	11,41	10,98	10,54	10,11	9,67	9,23	19,12
02/08/2022 19:10:00	19,12	18,64	18,16	17,65	17,04	16,51	15,99	15,40	14,84	14,28	13,79	13,31	12,84	12,40	11,95	11,52	11,09	10,66	10,23	9,79	9,35	18,96
02/08/2022 19:15:00	19,07	18,54	18,00	17,48	16,97	16,42	15,87	15,34	14,82	14,30	13,75	13,23	12,72	12,26	11,79	11,36	10,94	10,50	10,07	9,63	9,18	18,82
02/08/2022 19:20:00	19,07	18,66	18,23	17,75	17,17	16,57	15,99	15,47	14,89	14,27	13,70	13,17	12,64	12,16	11,68	11,23	10,78	10,34	9,89	9,45	9,00	19,27
02/08/2022 19:25:00	19,02	18,62	18,08	17,53	17,01	16,47	15,94	15,43	14,91	14,38	13,84	13,34	12,84	12,39	11,94	11,51	11,09	10,66	10,23	9,79	9,35	18,99
02/08/2022 19:30:00	18,91	18,60	18,09	17,51	16,82	16,22	15,67	15,10	14,54	13,98	13,49	13,04	12,59	12,17	11,76	11,34	10,93	10,52	10,11	9,70	9,29	18,81
02/08/2022 19:35:00	18,81	18,46	17,95	17,39	16,82	16,28	15,75	15,23	14,69	14,12	13,60	13,11	12,62	12,18	11,73	11,31	10,89	10,46	10,04	9,60	9,17	18,82
02/08/2022 19:40:00	18,96	18,51	17,97	17,40	16,83	16,25	15,66	15,04	14,47	13,92	13,39	12,88	12,38	11,92	11,46	11,02	10,59	10,15	9,72	9,29	8,86	19,29
02/08/2022 19:45:00	18,84	18,42	17,83	17,25	16,73	16,13	15,53	15,00	14,47	13,95	13,46	13,00	12,54	12,11	11,68	11,27	10,85	10,44	10,02	9,61	9,19	18,92
02/08/2022 19:50:00	18,70	18,39	17,84	17,27	16,69	16,10	15,51	14,92	14,40	13,93	13,45	13,00	12,55	12,14	11,73	11,32	10,92	10,51	10,11	9,71	9,30	18,78
02/08/2022 19:55:00	18,90	18,32	17,82	17,30	16,73	16,21	15,69	15,16	14,60	14,01	13,52	13,05	12,58	12,14	11,70	11,27	10,83	10,40	9,97	9,53	9,09	18,90
02/08/2022 20:00:00	18,79	18,33	17,82	17,30	16,77	16,21	15,64	15,05	14,53	14,04	13,47	12,95	12,42	11,96	11,49	11,06	10,63	10,21	9,78	9,35	8,92	18,66
02/08/2022 20:05:00	18,59	18,22	17,69	17,16	16,67	16,11	15,57	15,06	14,54	14,00	13,45	12,94	12,43	11,97	11,52	11,09	10,66	10,23	9,81	9,37	8,93	18,61
02/08/2022 20:10:00	18,55	18,08	17,59	17,09	16,55	16,00	15,47	14,95	14,40	13,82	13,28	12,78	12,27	11,81	11,35	10,92	10,48	10,05	9,62	9,18	8,74	18,51
02/08/2022 20:15:00	18,33	17,91	17,45	16,95	16,41	15,87	15,34	14,79	14,22	13,64	13,11	12,60	12,10	11,64	11,18	10,74	10,30	9,87	9,43	9,00	8,56	18,36
02/08/2022 20:20:00	18,20	17,85	17,39	16,87	16,24	15,68	15,16	14,63	14,09	13,55	12,97	12,45	11,93	11,46	11,00	10,58	10,16	9,75	9,33	8,92	8,50	18,31
02/08/2022 20:25:00	18,18	17,85	17,38	16,88	16,35	15,81	15,26	14,72	14,18	13,63	13,09	12,58	12,08	11,62	11,16	10,73	10,30	9,87	9,44	9,01	8,58	18,24
02/08/2022 20:30:00	18,19	17,80	17,32	16,82	16,26	15,76	15,23	14,61	14,05	13,52	12,94	12,40	11,85	11,37	10,88	10,44	10,00	9,56	9,13	8,69	8,25	18,17
02/08/2022 20:35:00	18,15	17,76	17,31	16,85	16,39	15,83	15,30	14,85	14,32	13,73	13,19	12,68	12,17	11,70	11,24	10,80	10,37	9,93	9,50	9,06	8,62	18,16
02/08/2022 20:40:00	18,13	17,87	17,39	16,89	16,41	15,88	15,35	14,86	14,27	13,61	13,09	12,59	12,10	11,63	11,17	10,72	10,27	9,82	9,37	8,92	8,47	18,06
02/08/2022 20:45:00	17,86	17,45	16,96	16,49	16,02	15,52	15,00	14,45	13,93	13,43	12,93	12,45	11,98	11,54	11,10	10,67	10,25	9,83	9,41	8,98	8,55	17,99
02/08/2022 20:50:00	17,85	17,55	17,09	16,62	16,19	15,67	15,13	14,63	14,13	13,62	13,01	12,46	11,91	11,42	10,94	10,51	10,08	9,65	9,22	8,78	8,34	17,82
02/08/2022 20:55:00	17,79	17,45	17,02	16,55	16,03	15,51	14,99	14,46	13,96	13,46	12,92	12,41	11,91	11,46	11,01	10,59	10,18	9,76	9,35	8,94	8,52	17,79
02/08/2022 21:00:00	17,70	17,33	16,87	16,42	16,00	15,47	14,95	14,50	14,00	13,46	12,97	12,50	12,03	11,60	11,16	10,74	10,32	9,90	9,49	9,06	8,63	17,74
02/08/2022 21:05:00	17,63	17,24	16,83	16,40	15,95	15,46	14,95	14,45	13,95	13,45	12,92	12,43	11,93	11,48	11,03	10,61	10,19	9,77	9,35	8,92	8,50	17,62
02/08/2022 21:10:00	17,72	17,36	16,97	16,54	16,05	15,51	14,98	14,49	13,97	13,43	12,96	12,51	12,05	11,62	11,19	10,77	10,35	9,94	9,52	9,11	8,69	17,60
02/08/2022 21:15:00	17,47	17,20	16,81	16,37	15,90	15,43	14,94	14,40	13,90	13,41	12,90	12,41	11,92	11,48	11,03	10,61	10,19	9,77	9,36	8,93	8,51	17,48
02/08/2022 21:20:00	17,44	17,14	16,72	16,31	15,94	15,45	14,94	14,46	13,96	13,42	12,90	12,40	11,89	11,43	10,97	10,54	10,11	9,68	9,25	8,81	8,37	17,41
02/08/2022 21:25:00	17,28	17,07	16,68	16,26	15,81	15,41	14,99	14,51	13,99	13,44	12,97	12,51	12,05	11,61	11,18	10,75	10,33	9,90	9,47	9,04	8,60	17,32
02/08/2022 21:30:00	17,14	17,03	16,61	16,19	15,81	15,35	14,85	14,31	13,82	13,35	12,80	12,29	11,77	11,31	10,85	10,42	10,00	9,58	9,15	8,72	8,29	17,22
02/08/2022 21:35:00	17,21	16,95	16,57	16,14	15,65	15,15	14,66	14,19	13,69	13,17	12,67	12,19	11,71	11,28	10,84	10,43	10,02	9,61	9,21	8,79	8,38	17,19
02/08/2022 21:40:00	17,08	16,90	16,51	16,11	15,75	15,27	14,78	14,31	13,76	13,15	12,65	12,16	11,67	11,21	10,74	10,30	9,85	9,41	8,96	8,51	8,06	17,13
02/08/2022 21:45:00	17,06	16,85	16,50	16,13	15,74	15,25	14,74	14,26	13,74	13,19	12,68	12,18	11,69	11,23	10,77	10,33	9,89	9,46	9,03	8,60	8,16	17,05
02/08/2022 21:50:00	16,98	16,80	16,40	15,98	15,56	15,00	14,46	13,99	13,48	12,93	12,41	11,92	11,44	10,99	10,54	10,12	9,69	9,28	8,86	8,44	8,02	16,97
02/08/2022 21:55:00	16,90	16,82	16,43	16,00	15,54	15,01	14,49	13,99	13,49	12,98	12,43	11,92	11,42	10,96	10,51	10,09	9,67	9,26	8,85	8,44	8,03	16,98
02/08/2022 22:00:00	16,85	16,81	16,45	16,05	15,62	15,07	14,51	13,95	13,48	13,03	12,46	11,93	11,41	10,95	10,48	10,06	9,65	9,24	8,83	8,42	8,02	16,87
02/08/2022 22:05:00	16,91	16,65	16,38	16,04	15,55	15,07	14,58	14,07	13,55	13,02	12,52	12,03	11,55	11,10	10,65	10,22	9,79	9,37	8,96	8,54	8,12	16,87
02/08/2022 22:10:00	16,98	16,76	16,42	16,06	15,64	15,21	14,75	14,24	13,78	13,33	12,66	12,06	11,46	10,95	10,44	10,01	9,58	9,16	8,73	8,29	7,85	16,84
02/08/2022 22:15:00	16,79	16,69	16,36	15,95	15,43	14,90	14,38	13,87	13,38	12,89	12,31	11,78	11,24	10,78	10,32	9,90	9,49	9,08	8,68	8,28	7,87	16,82
02/08/2022 22:20:00	16,75	16,59	16,23	15,80	15,30	14,85	14,41	13,93	13,41	12,87	12,33	11,82	11,32	10,86	10,41	9,99	9,57	9,16	8,75	8,33	7,91	16,81
02/08/2022 22:25:00	16,79	16,71	16,29	15,84	15,38	14,93	14,46	13,95	13,48	13,01	12,53	12,09	11,64	11,23	10,82	10,42	10,02	9,62	9,22	8,82	8,42	16,77
02/08/2022 22:30:00	16,77	16,57	16,22	15,84	15,42	14,95	14,45	13,93	13,46	13,00	12,41	11,88	11,34	10,87	10,40	9,98	9,55	9,14	8,73	8,31	7,89	16,77
02/08/2022 22:35:00	16,64	16,42	16,07	15,63	15,08	14,58	14,10	13,62	13,12	12,59	12,11	11,66	11,21	10,79	10,37	9,97	9,57	9,18	8,79	8,39	8,00	16,64
02/08/2022 22:40:00	16,55	16,41	16,00	15,55	15,07	14,59	14,11	13,62	13,08	12,51	12,00	11,51	11,02	10,57	10,13	9,70	9,28	8,87	8,46	8,04	7,62	16,57
02/08/2022 22:45:00	16,52	16,43	16,02	15,56	15,08	14,55	14,01	13,46	12,95	12,47	12,01	11,58	11,14	10,73	10,31	9,91	9,51	9,11	8,72	8,33	7,94	16,67
02/08/2022 22:50:00	16,61	16,52	16,16	15,77	15,35	14,84	14,33	13,85	13,32	12,77	12,22	11,70	11,18	10,71	10,24	9,80	9,37	8,95	8,53	8,10	7,67	16,60
02/08/2022 22:55:00	16,60	16,49	16,10	15,65	15,13	14,57	14,03	13,53	13,05	12,58	12,09	11,64	11,19	10,78	10,37	9,98	9,58	9,20	8,82	8,44	8,06	16,60
02/08/2022 23:00:00	16,63	16,48	16,07	15,66	15,25	14,70	14,15	13,64	13,15	12,67	12,13	11,62	11,12	10,66	10,21	9,79	9,38	8,97	8,56	8,16	7,75	16,61
02/08/2022 23:05:00	16,56	16,43	16,10	15,72	15,26	14,71	14,17	13,64	13,12	12,58	12,04	11,53	11,02	10,56	10,10	9,67	9,24	8,82	8,41	8,00	7,58	16,55
02/08/2022 23:10:00	16,49	16,50	16,14	15,70	15,18	14,66	14,15	13,67	13,17	12,67	12,10	11,59	11,08	10,63	10,18	9,77	9,36	8,96	8,56	8,17	7,77	16,56
02/08/2022 23:15:00	16,52	16,34	15,97	15,59	15,20	14,73	14,23	13,70	13,18	12,67	12,13	11,63	11,12	10,65	10,19	9,76	9,32	8,90	8,48	8,05	7,62	16,50
02/08/2022 23:20:00	16,40	16,39	16,03	15,63	15,23	14,76	14,26	13,75	13,27	12,78	12,21	11,69	11,16	10,70	10,23	9,81	9,39	8,98	8,56	8,14	7,72	16,47
02/08/2022 23:25:00	16,38	16,29	16,03	15,68	15,20	14,68	14,15	13,63	13,14	12,64	12,07	11,54	11,01	10,54	10,07	9,65	9,22	8,81	8,41	8,00	7,59	16,42
02/08/2022 23:30:00	16,27	16,23	15,97	15,67	15,26	14,82	14,36	13,91	13,35	12,75	12,20	11,67	11,14	10,66	10,17	9,72	9,27	8,83	8,39	7,95	7,50	16,36
02/08/2022 23:35:00	16,55	16,37	16,12	15,84	15,53	15,10	14,63	14,14	13,64	13,11	12,53	11,98	11,42	10,93	10,43	9,98	9,53	9,08	8,64	8,19	7,74	16,46
02/08/2022 23:40:00	16,29	16,56	16,36	16,03	15,56	15,12	14,64	14,08	13,57	13,06	12,48	11,95	11,42	10,95	10,47	10,03	9,60	9,18	8,75	8,33	7,91	16,42
02/08/2022 23:45:00	16,33	16,38	16,18	15,93	15,63	15,26	14,85	14,36	13,87	13,34	12,69	12,08	11,47	10,94	10,42	9,96	9,49	9,04	8,58	8,11	7,65	16,45
02/08/2022 23:50:00	16,41	16,29	16,11	15,86	15,51	15,04	14,52	13,97	13,46	12,93	12,45	11,96	11,48	11,02	10,55	10,10	9,65	9,22	8,79	8,36	7,92	16,59
02/08/2022 23:55:00	16,59	16,68	16,47	16,12	15,60	15,15	14,67	14,12	13,61	13,10	12,63	12,17	11,71	11,28	10,85	10,43	10,01	9,60	9,19	8,79	8,38	16,62
