FileFormat:0002.2 file with temperature of atmosphere
SN105HE102
local	GMT or Local
0	GMT-Local=[hours]
0	Height[m]
0	0	0	Longitude                [grd]               [min]               [sec]
0	0	0	Latitude                [grd]               [min]               [sec]
N	NS
56,45	Freq[GHz]
0,00	dTemostat[K]
0,150	MessErr[K]
0,248	//[grad/step]
version 14.4.20120406
MTP5HE102F5645K-38.60I70D219217+A1.1
Commentary:
SN105HE102
парабола ДНА = 2,5 град
НЕ102 - ПУ - ХВБ с ЦСД " S "
АЦП - 202 - 09 с контр.U пит.и М
оптопара серии - 2
Т out № 178 пл
БП LPS - 112
End Of Commentary

SYSTEM\alaska.dat
data time	0	50	100	150	200	250	300	350	400	450	500	550	600	650	700	750	800	850	900	950	1000	OutsideTemperature
10/04/2020 00:00:00	2,03	2,19	2,06	1,89	1,65	1,31	0,86	0,35	-0,20	-0,71	-1,25	-1,72	-2,20	-2,51	-2,83	-3,05	-3,26	-3,50	-3,74	-3,95	-4,16	1,97
10/04/2020 00:05:00	1,99	1,97	1,92	1,87	1,74	1,48	1,07	0,56	-0,01	-0,54	-1,10	-1,62	-2,13	-2,48	-2,83	-3,07	-3,31	-3,56	-3,82	-4,03	-4,24	1,91
10/04/2020 00:10:00	2,02	1,99	2,00	1,99	1,87	1,65	1,18	0,59	0,01	-0,56	-1,18	-1,74	-2,30	-2,68	-3,06	-3,32	-3,57	-3,84	-4,10	-4,32	-4,53	1,86
10/04/2020 00:15:00	2,06	2,11	2,01	1,93	1,79	1,46	1,05	0,54	-0,05	-0,59	-1,15	-1,66	-2,18	-2,54	-2,90	-3,14	-3,39	-3,65	-3,91	-4,13	-4,34	1,78
10/04/2020 00:20:00	2,14	2,12	2,00	1,86	1,64	1,32	0,90	0,40	-0,12	-0,63	-1,17	-1,64	-2,12	-2,43	-2,74	-2,95	-3,16	-3,39	-3,63	-3,83	-4,03	1,93
10/04/2020 00:25:00	2,10	2,21	2,09	1,95	1,77	1,49	1,06	0,53	0,01	-0,51	-1,07	-1,58	-2,09	-2,44	-2,79	-3,03	-3,28	-3,54	-3,80	-4,02	-4,23	1,95
10/04/2020 00:30:00	2,05	2,06	2,05	2,03	1,89	1,64	1,10	0,46	-0,13	-0,68	-1,25	-1,78	-2,30	-2,65	-3,00	-3,24	-3,48	-3,73	-3,99	-4,19	-4,40	2,02
10/04/2020 00:35:00	2,01	1,93	1,87	1,85	1,77	1,51	1,10	0,58	0,01	-0,52	-1,09	-1,62	-2,15	-2,51	-2,87	-3,12	-3,37	-3,63	-3,89	-4,10	-4,32	1,93
10/04/2020 00:40:00	1,90	1,90	1,89	1,89	1,78	1,52	1,04	0,45	-0,12	-0,68	-1,28	-1,83	-2,37	-2,74	-3,11	-3,35	-3,59	-3,85	-4,11	-4,32	-4,52	1,83
10/04/2020 00:45:00	1,93	1,76	1,76	1,81	1,73	1,51	1,09	0,56	0,03	-0,56	-1,21	-1,78	-2,36	-2,74	-3,12	-3,36	-3,60	-3,85	-4,10	-4,31	-4,52	1,66
10/04/2020 00:50:00	1,82	1,87	1,80	1,77	1,69	1,49	1,11	0,62	0,06	-0,49	-1,10	-1,68	-2,26	-2,68	-3,09	-3,37	-3,65	-3,94	-4,24	-4,47	-4,70	1,41
10/04/2020 00:55:00	1,80	1,76	1,79	1,83	1,74	1,54	1,15	0,62	0,01	-0,53	-1,10	-1,63	-2,16	-2,53	-2,90	-3,15	-3,40	-3,67	-3,93	-4,15	-4,37	1,66
10/04/2020 01:00:00	1,82	1,82	1,72	1,65	1,53	1,22	0,78	0,28	-0,19	-0,69	-1,22	-1,69	-2,17	-2,48	-2,79	-2,99	-3,20	-3,43	-3,66	-3,86	-4,05	1,52
10/04/2020 01:05:00	1,83	1,83	1,73	1,64	1,51	1,32	0,99	0,57	0,13	-0,41	-1,01	-1,55	-2,08	-2,45	-2,82	-3,06	-3,30	-3,56	-3,82	-4,03	-4,25	1,66
10/04/2020 01:10:00	1,67	1,75	1,64	1,57	1,46	1,19	0,80	0,32	-0,22	-0,73	-1,27	-1,79	-2,30	-2,66	-3,02	-3,26	-3,51	-3,77	-4,04	-4,25	-4,47	1,59
10/04/2020 01:15:00	1,66	1,92	1,96	1,91	1,67	1,23	0,71	0,14	-0,40	-0,99	-1,62	-2,12	-2,63	-2,93	-3,23	-3,41	-3,59	-3,79	-3,99	-4,18	-4,37	1,62
10/04/2020 01:20:00	1,63	1,75	1,74	1,72	1,56	1,21	0,71	0,15	-0,32	-0,86	-1,44	-1,92	-2,39	-2,69	-2,98	-3,17	-3,35	-3,55	-3,76	-3,94	-4,13	1,67
10/04/2020 01:25:00	1,64	1,71	1,68	1,65	1,54	1,25	0,85	0,34	-0,20	-0,74	-1,33	-1,87	-2,40	-2,75	-3,11	-3,34	-3,58	-3,83	-4,08	-4,29	-4,50	1,65
10/04/2020 01:30:00	1,64	1,63	1,57	1,55	1,45	1,22	0,83	0,34	-0,14	-0,68	-1,28	-1,82	-2,36	-2,72	-3,08	-3,32	-3,55	-3,80	-4,05	-4,26	-4,47	1,67
10/04/2020 01:35:00	1,71	1,67	1,55	1,45	1,32	1,15	0,79	0,33	-0,12	-0,62	-1,16	-1,67	-2,18	-2,53	-2,88	-3,11	-3,35	-3,61	-3,87	-4,08	-4,29	1,86
10/04/2020 01:40:00	1,68	1,64	1,57	1,59	1,55	1,33	0,91	0,39	-0,11	-0,63	-1,21	-1,74	-2,28	-2,65	-3,02	-3,26	-3,51	-3,77	-4,03	-4,24	-4,46	1,56
10/04/2020 01:45:00	1,60	1,81	1,73	1,58	1,37	1,06	0,65	0,16	-0,37	-0,87	-1,39	-1,86	-2,33	-2,64	-2,96	-3,17	-3,38	-3,62	-3,86	-4,06	-4,27	1,86
10/04/2020 01:50:00	1,65	1,75	1,66	1,56	1,41	1,14	0,68	0,16	-0,28	-0,79	-1,35	-1,85	-2,34	-2,67	-2,99	-3,20	-3,42	-3,65	-3,88	-4,08	-4,29	1,73
10/04/2020 01:55:00	1,62	1,67	1,64	1,60	1,46	1,18	0,79	0,31	-0,19	-0,72	-1,29	-1,79	-2,29	-2,61	-2,94	-3,15	-3,36	-3,59	-3,82	-4,02	-4,22	1,83
10/04/2020 02:00:00	1,73	1,81	1,69	1,51	1,25	0,92	0,53	0,09	-0,38	-0,88	-1,42	-1,87	-2,32	-2,60	-2,89	-3,07	-3,26	-3,47	-3,69	-3,88	-4,08	1,88
10/04/2020 02:05:00	1,54	1,76	1,70	1,62	1,46	1,20	0,80	0,37	-0,01	-0,57	-1,23	-1,77	-2,31	-2,66	-3,01	-3,22	-3,42	-3,65	-3,89	-4,09	-4,29	1,73
10/04/2020 02:10:00	1,78	1,87	1,75	1,58	1,38	1,13	0,77	0,31	-0,25	-0,72	-1,20	-1,65	-2,10	-2,42	-2,74	-2,97	-3,20	-3,45	-3,71	-3,92	-4,13	1,66
10/04/2020 02:15:00	1,64	1,69	1,70	1,72	1,63	1,38	1,04	0,54	-0,08	-0,60	-1,14	-1,66	-2,17	-2,53	-2,89	-3,14	-3,40	-3,66	-3,93	-4,15	-4,37	1,86
10/04/2020 02:20:00	1,71	1,69	1,58	1,54	1,50	1,30	1,00	0,61	0,15	-0,38	-0,98	-1,54	-2,10	-2,49	-2,88	-3,14	-3,40	-3,68	-3,95	-4,17	-4,40	1,70
10/04/2020 02:25:00	1,56	1,66	1,70	1,73	1,65	1,46	1,15	0,72	0,21	-0,36	-1,00	-1,56	-2,13	-2,52	-2,90	-3,15	-3,40	-3,66	-3,93	-4,15	-4,37	1,58
10/04/2020 02:30:00	1,65	1,73	1,73	1,78	1,76	1,53	1,18	0,70	0,13	-0,39	-0,94	-1,47	-2,00	-2,38	-2,76	-3,02	-3,28	-3,56	-3,84	-4,06	-4,28	1,81
10/04/2020 02:35:00	1,71	1,64	1,64	1,69	1,64	1,40	1,03	0,56	0,10	-0,45	-1,06	-1,60	-2,13	-2,48	-2,83	-3,05	-3,28	-3,51	-3,75	-3,95	-4,16	1,85
10/04/2020 02:40:00	1,60	1,81	1,74	1,64	1,50	1,33	0,97	0,52	0,06	-0,46	-1,03	-1,56	-2,09	-2,46	-2,83	-3,08	-3,33	-3,60	-3,87	-4,09	-4,31	1,63
10/04/2020 02:45:00	1,59	1,71	1,72	1,73	1,64	1,45	1,03	0,51	0,00	-0,54	-1,13	-1,67	-2,21	-2,57	-2,94	-3,19	-3,43	-3,69	-3,95	-4,16	-4,37	1,72
10/04/2020 02:50:00	1,62	1,72	1,66	1,57	1,42	1,13	0,78	0,35	-0,16	-0,66	-1,19	-1,67	-2,14	-2,46	-2,77	-2,99	-3,20	-3,44	-3,68	-3,88	-4,09	1,59
10/04/2020 02:55:00	1,56	1,75	1,70	1,64	1,54	1,38	1,04	0,59	0,08	-0,41	-0,95	-1,46	-1,97	-2,34	-2,71	-2,97	-3,23	-3,51	-3,79	-4,01	-4,24	1,68
10/04/2020 03:00:00	1,50	1,69	1,69	1,65	1,55	1,43	1,03	0,54	0,10	-0,42	-1,00	-1,53	-2,06	-2,42	-2,79	-3,03	-3,28	-3,54	-3,80	-4,02	-4,24	1,57
10/04/2020 03:05:00	1,57	1,62	1,54	1,50	1,45	1,32	0,96	0,52	0,11	-0,39	-0,95	-1,48	-2,00	-2,37	-2,74	-2,99	-3,24	-3,51	-3,78	-4,00	-4,22	1,59
10/04/2020 03:10:00	1,69	1,87	1,79	1,64	1,46	1,30	0,88	0,40	-0,03	-0,53	-1,09	-1,59	-2,09	-2,43	-2,78	-3,01	-3,24	-3,49	-3,74	-3,96	-4,17	1,69
10/04/2020 03:15:00	1,63	1,66	1,60	1,55	1,49	1,31	1,00	0,58	0,10	-0,37	-0,88	-1,36	-1,85	-2,19	-2,53	-2,78	-3,02	-3,28	-3,54	-3,76	-3,97	1,60
10/04/2020 03:20:00	1,65	1,64	1,63	1,61	1,49	1,27	0,90	0,43	-0,09	-0,59	-1,14	-1,63	-2,11	-2,44	-2,76	-2,98	-3,20	-3,44	-3,68	-3,89	-4,09	1,64
10/04/2020 03:25:00	1,51	1,60	1,62	1,67	1,64	1,48	1,08	0,58	0,08	-0,44	-1,01	-1,54	-2,08	-2,45	-2,82	-3,08	-3,34	-3,60	-3,87	-4,09	-4,31	1,45
10/04/2020 03:30:00	1,45	1,46	1,53	1,67	1,70	1,47	1,15	0,69	0,17	-0,40	-1,04	-1,62	-2,19	-2,59	-2,98	-3,24	-3,49	-3,75	-4,01	-4,23	-4,44	1,44
10/04/2020 03:35:00	1,45	1,59	1,62	1,64	1,54	1,27	0,87	0,37	-0,14	-0,63	-1,14	-1,59	-2,04	-2,34	-2,63	-2,84	-3,04	-3,27	-3,49	-3,69	-3,89	1,48
10/04/2020 03:40:00	1,53	1,59	1,54	1,53	1,49	1,34	1,02	0,62	0,24	-0,30	-0,93	-1,50	-2,06	-2,45	-2,84	-3,08	-3,32	-3,58	-3,85	-4,06	-4,28	1,53
10/04/2020 03:45:00	1,61	1,48	1,40	1,44	1,48	1,36	1,04	0,62	0,20	-0,27	-0,81	-1,32	-1,83	-2,20	-2,56	-2,82	-3,07	-3,34	-3,60	-3,82	-4,03	1,52
10/04/2020 03:50:00	1,52	1,70	1,71	1,70	1,57	1,28	0,92	0,46	-0,05	-0,55	-1,08	-1,54	-2,00	-2,31	-2,62	-2,83	-3,04	-3,27	-3,50	-3,70	-3,90	1,51
10/04/2020 03:55:00	1,55	1,60	1,58	1,64	1,64	1,44	1,02	0,50	-0,01	-0,50	-1,03	-1,53	-2,03	-2,38	-2,72	-2,97	-3,22	-3,47	-3,73	-3,94	-4,16	1,42
10/04/2020 04:00:00	1,59	1,52	1,42	1,39	1,39	1,37	1,18	0,86	0,45	-0,03	-0,60	-1,15	-1,69	-2,10	-2,51	-2,79	-3,07	-3,37	-3,67	-3,91	-4,14	1,58
10/04/2020 04:05:00	1,55	1,53	1,55	1,64	1,65	1,51	1,21	0,77	0,27	-0,23	-0,79	-1,31	-1,83	-2,19	-2,56	-2,81	-3,06	-3,33	-3,60	-3,81	-4,03	1,47
10/04/2020 04:10:00	1,56	1,60	1,54	1,51	1,43	1,22	1,00	0,68	0,23	-0,25	-0,77	-1,24	-1,71	-2,04	-2,37	-2,59	-2,81	-3,05	-3,30	-3,51	-3,72	1,63
10/04/2020 04:15:00	1,56	1,55	1,54	1,54	1,49	1,36	1,07	0,70	0,34	-0,19	-0,82	-1,36	-1,90	-2,27	-2,63	-2,85	-3,08	-3,32	-3,57	-3,78	-3,99	1,54
10/04/2020 04:20:00	1,45	1,55	1,56	1,61	1,58	1,41	1,11	0,71	0,26	-0,28	-0,87	-1,42	-1,96	-2,33	-2,71	-2,95	-3,19	-3,46	-3,72	-3,94	-4,15	1,51
10/04/2020 04:25:00	1,37	1,39	1,48	1,59	1,59	1,40	1,02	0,54	0,07	-0,42	-0,94	-1,41	-1,88	-2,19	-2,50	-2,72	-2,94	-3,17	-3,40	-3,60	-3,80	1,38
10/04/2020 04:30:00	1,37	1,45	1,43	1,47	1,48	1,40	1,17	0,83	0,42	-0,05	-0,59	-1,09	-1,60	-1,96	-2,32	-2,57	-2,82	-3,09	-3,36	-3,59	-3,81	1,18
10/04/2020 04:35:00	1,50	1,47	1,47	1,54	1,57	1,52	1,26	0,86	0,41	-0,06	-0,59	-1,10	-1,62	-1,99	-2,36	-2,63	-2,89	-3,17	-3,44	-3,67	-3,90	1,28
10/04/2020 04:40:00	1,31	1,33	1,40	1,55	1,61	1,55	1,25	0,80	0,26	-0,27	-0,86	-1,43	-2,00	-2,41	-2,83	-3,11	-3,40	-3,69	-3,99	-4,22	-4,45	1,33
10/04/2020 04:45:00	1,32	1,34	1,33	1,35	1,35	1,25	1,01	0,68	0,30	-0,19	-0,75	-1,26	-1,77	-2,12	-2,48	-2,71	-2,95	-3,20	-3,46	-3,68	-3,89	1,46
10/04/2020 04:50:00	1,35	1,30	1,31	1,39	1,43	1,32	1,09	0,71	0,25	-0,26	-0,83	-1,37	-1,91	-2,30	-2,68	-2,95	-3,21	-3,48	-3,76	-3,98	-4,21	1,25
10/04/2020 04:55:00	1,27	1,25	1,25	1,33	1,38	1,27	1,02	0,64	0,20	-0,29	-0,83	-1,35	-1,87	-2,24	-2,62	-2,87	-3,13	-3,40	-3,68	-3,90	-4,12	1,16
10/04/2020 05:00:00	1,41	1,39	1,37	1,40	1,39	1,26	0,98	0,59	0,11	-0,40	-0,97	-1,50	-2,03	-2,41	-2,79	-3,04	-3,30	-3,57	-3,84	-4,06	-4,28	1,16
10/04/2020 05:05:00	1,20	1,23	1,21	1,24	1,25	1,19	0,99	0,64	0,16	-0,29	-0,79	-1,29	-1,79	-2,16	-2,53	-2,80	-3,06	-3,35	-3,63	-3,86	-4,09	1,19
10/04/2020 05:10:00	1,13	1,25	1,19	1,17	1,15	1,05	0,80	0,48	0,17	-0,31	-0,88	-1,39	-1,90	-2,25	-2,60	-2,83	-3,06	-3,31	-3,56	-3,78	-3,99	1,09
10/04/2020 05:15:00	1,06	1,10	1,10	1,18	1,23	1,25	1,06	0,72	0,30	-0,19	-0,77	-1,33	-1,88	-2,30	-2,71	-2,99	-3,27	-3,57	-3,87	-4,11	-4,34	1,04
10/04/2020 05:20:00	1,06	1,12	1,20	1,30	1,31	1,23	0,98	0,58	0,11	-0,37	-0,90	-1,40	-1,90	-2,25	-2,61	-2,85	-3,10	-3,36	-3,62	-3,84	-4,05	1,03
10/04/2020 05:25:00	1,10	1,43	1,46	1,43	1,30	1,07	0,72	0,28	-0,20	-0,66	-1,16	-1,60	-2,04	-2,34	-2,64	-2,85	-3,05	-3,29	-3,52	-3,72	-3,93	1,11
10/04/2020 05:30:00	1,28	1,19	1,19	1,24	1,26	1,23	0,99	0,64	0,25	-0,26	-0,86	-1,42	-1,98	-2,37	-2,77	-3,02	-3,28	-3,55	-3,82	-4,05	-4,27	1,08
10/04/2020 05:35:00	1,29	1,60	1,53	1,34	1,14	0,98	0,70	0,35	-0,03	-0,48	-0,99	-1,43	-1,87	-2,18	-2,49	-2,69	-2,90	-3,14	-3,38	-3,59	-3,81	0,81
10/04/2020 05:40:00	1,30	1,75	1,47	1,05	0,72	0,51	0,26	0,02	-0,27	-0,59	-0,95	-1,26	-1,57	-1,79	-2,01	-2,17	-2,34	-2,55	-2,77	-2,97	-3,18	1,21
10/04/2020 05:45:00	1,29	1,42	1,22	1,09	1,02	0,89	0,65	0,35	-0,02	-0,40	-0,83	-1,24	-1,66	-1,97	-2,28	-2,51	-2,74	-3,00	-3,26	-3,48	-3,70	1,16
10/04/2020 05:50:00	1,15	1,43	1,50	1,45	1,27	1,06	0,72	0,28	-0,22	-0,67	-1,14	-1,55	-1,95	-2,22	-2,49	-2,68	-2,87	-3,09	-3,30	-3,50	-3,70	1,18
10/04/2020 05:55:00	1,13	1,65	1,55	1,36	1,10	0,70	0,32	-0,07	-0,45	-0,87	-1,31	-1,65	-1,99	-2,20	-2,41	-2,55	-2,69	-2,87	-3,05	-3,24	-3,42	0,99
10/04/2020 06:00:00	1,05	1,32	1,30	1,24	1,12	0,93	0,65	0,32	-0,01	-0,49	-1,03	-1,49	-1,94	-2,24	-2,54	-2,73	-2,91	-3,13	-3,36	-3,56	-3,76	0,78
10/04/2020 06:05:00	1,35	1,75	1,87	1,86	1,65	1,25	0,66	0,01	-0,57	-1,05	-1,52	-1,90	-2,28	-2,51	-2,74	-2,90	-3,06	-3,24	-3,43	-3,60	-3,78	0,77
10/04/2020 06:10:00	1,26	1,84	1,73	1,48	1,21	0,92	0,60	0,25	-0,13	-0,55	-0,99	-1,37	-1,74	-2,00	-2,25	-2,43	-2,61	-2,83	-3,05	-3,26	-3,46	0,87
10/04/2020 06:15:00	1,26	1,66	1,55	1,36	1,14	0,79	0,35	-0,10	-0,50	-0,90	-1,33	-1,68	-2,04	-2,26	-2,49	-2,65	-2,81	-3,01	-3,21	-3,39	-3,58	1,04
10/04/2020 06:20:00	1,05	1,29	1,40	1,44	1,33	1,17	0,82	0,39	-0,05	-0,49	-0,96	-1,35	-1,74	-1,99	-2,25	-2,42	-2,60	-2,81	-3,01	-3,20	-3,39	0,92
10/04/2020 06:25:00	1,05	1,59	1,69	1,67	1,54	1,33	1,03	0,64	0,15	-0,38	-0,96	-1,47	-1,99	-2,34	-2,69	-2,92	-3,15	-3,41	-3,67	-3,89	-4,11	0,79
10/04/2020 06:30:00	0,79	1,25	1,38	1,42	1,30	1,12	0,72	0,25	-0,17	-0,65	-1,17	-1,60	-2,04	-2,32	-2,60	-2,79	-2,98	-3,20	-3,42	-3,61	-3,81	0,72
10/04/2020 06:35:00	0,85	1,20	1,24	1,20	1,10	0,94	0,65	0,29	-0,10	-0,50	-0,93	-1,32	-1,70	-1,96	-2,22	-2,41	-2,60	-2,82	-3,04	-3,24	-3,44	0,74
10/04/2020 06:40:00	0,82	1,18	1,16	1,07	0,95	0,81	0,56	0,26	-0,06	-0,48	-0,96	-1,37	-1,78	-2,06	-2,34	-2,53	-2,72	-2,95	-3,17	-3,38	-3,58	1,23
10/04/2020 06:45:00	0,99	1,22	1,19	1,07	0,88	0,67	0,45	0,17	-0,19	-0,59	-1,03	-1,39	-1,75	-1,97	-2,20	-2,35	-2,51	-2,70	-2,89	-3,08	-3,27	0,71
10/04/2020 06:50:00	0,73	1,05	1,10	1,12	1,03	0,80	0,47	0,10	-0,24	-0,66	-1,11	-1,48	-1,84	-2,06	-2,29	-2,44	-2,59	-2,78	-2,96	-3,14	-3,33	0,73
10/04/2020 06:55:00	1,19	1,74	1,80	1,69	1,44	1,09	0,65	0,14	-0,41	-0,91	-1,43	-1,87	-2,30	-2,59	-2,87	-3,06	-3,25	-3,47	-3,69	-3,89	-4,09	0,84
10/04/2020 07:00:00	0,93	1,80	2,00	1,93	1,60	1,13	0,58	0,00	-0,58	-1,11	-1,62	-2,00	-2,39	-2,61	-2,83	-2,97	-3,11	-3,29	-3,46	-3,64	-3,82	0,69
10/04/2020 07:05:00	0,99	1,61	1,59	1,39	1,14	0,90	0,59	0,26	-0,07	-0,51	-1,00	-1,40	-1,79	-2,05	-2,31	-2,47	-2,64	-2,85	-3,06	-3,26	-3,46	0,71
10/04/2020 07:10:00	0,97	1,49	1,53	1,48	1,37	1,16	0,78	0,32	-0,16	-0,60	-1,07	-1,51	-1,95	-2,26	-2,58	-2,81	-3,04	-3,29	-3,55	-3,76	-3,98	0,76
10/04/2020 07:15:00	0,99	1,41	1,53	1,62	1,58	1,34	0,94	0,45	-0,07	-0,54	-1,04	-1,50	-1,95	-2,26	-2,57	-2,79	-3,01	-3,25	-3,49	-3,69	-3,90	1,05
10/04/2020 07:20:00	0,86	1,24	1,37	1,43	1,34	1,16	0,80	0,35	-0,13	-0,60	-1,09	-1,51	-1,94	-2,22	-2,51	-2,71	-2,90	-3,13	-3,35	-3,55	-3,75	0,77
10/04/2020 07:25:00	0,78	1,25	1,35	1,35	1,24	1,07	0,66	0,20	-0,21	-0,62	-1,06	-1,43	-1,80	-2,04	-2,29	-2,47	-2,64	-2,85	-3,05	-3,25	-3,44	0,85
10/04/2020 07:30:00	0,95	1,36	1,43	1,39	1,22	0,98	0,65	0,27	-0,15	-0,60	-1,07	-1,46	-1,85	-2,09	-2,34	-2,51	-2,67	-2,87	-3,07	-3,27	-3,46	0,78
10/04/2020 07:35:00	1,23	1,85	1,88	1,70	1,37	1,01	0,50	-0,01	-0,44	-0,93	-1,43	-1,82	-2,20	-2,43	-2,66	-2,80	-2,95	-3,13	-3,31	-3,49	-3,67	1,20
10/04/2020 07:40:00	0,83	0,95	0,99	1,11	1,19	1,19	0,99	0,70	0,37	-0,10	-0,64	-1,14	-1,64	-2,00	-2,36	-2,60	-2,84	-3,10	-3,37	-3,59	-3,81	1,14
10/04/2020 07:45:00	0,87	1,06	1,19	1,36	1,39	1,21	0,85	0,39	-0,07	-0,52	-1,01	-1,44	-1,87	-2,16	-2,44	-2,65	-2,85	-3,07	-3,29	-3,48	-3,68	0,88
10/04/2020 07:50:00	0,96	0,97	1,14	1,38	1,50	1,47	1,22	0,81	0,33	-0,16	-0,71	-1,23	-1,75	-2,13	-2,50	-2,76	-3,01	-3,28	-3,55	-3,77	-3,99	1,00
10/04/2020 07:55:00	0,96	1,11	1,28	1,45	1,48	1,39	1,15	0,77	0,34	-0,15	-0,70	-1,17	-1,65	-1,98	-2,30	-2,52	-2,74	-2,98	-3,21	-3,42	-3,63	0,90
10/04/2020 08:00:00	0,93	1,26	1,29	1,30	1,22	1,04	0,79	0,48	0,16	-0,27	-0,76	-1,17	-1,57	-1,84	-2,10	-2,28	-2,45	-2,66	-2,87	-3,07	-3,26	1,03
10/04/2020 08:05:00	0,99	1,17	1,47	1,74	1,79	1,68	1,36	0,89	0,34	-0,17	-0,69	-1,16	-1,63	-1,95	-2,27	-2,49	-2,72	-2,95	-3,19	-3,39	-3,59	0,96
10/04/2020 08:10:00	1,04	1,24	1,50	1,76	1,78	1,60	1,18	0,68	0,23	-0,27	-0,78	-1,21	-1,64	-1,90	-2,17	-2,35	-2,52	-2,72	-2,91	-3,10	-3,28	0,91
10/04/2020 08:15:00	0,97	1,31	1,49	1,58	1,48	1,29	0,87	0,40	-0,01	-0,48	-0,97	-1,37	-1,77	-2,01	-2,25	-2,41	-2,57	-2,76	-2,94	-3,12	-3,31	0,73
10/04/2020 08:20:00	1,11	1,36	1,50	1,64	1,61	1,36	0,96	0,50	0,06	-0,44	-0,96	-1,40	-1,84	-2,11	-2,39	-2,57	-2,75	-2,95	-3,16	-3,34	-3,53	0,80
10/04/2020 08:25:00	1,06	2,04	2,44	2,61	2,40	1,89	1,21	0,50	-0,13	-0,78	-1,43	-1,92	-2,41	-2,69	-2,97	-3,14	-3,30	-3,49	-3,67	-3,85	-4,03	0,99
10/04/2020 08:30:00	1,58	2,21	1,90	1,35	0,88	0,56	0,18	-0,15	-0,44	-0,75	-1,08	-1,33	-1,58	-1,74	-1,91	-2,03	-2,16	-2,35	-2,53	-2,72	-2,91	1,76
10/04/2020 08:35:00	1,05	1,10	1,44	1,78	1,88	1,69	1,31	0,76	0,15	-0,39	-0,95	-1,45	-1,96	-2,29	-2,62	-2,84	-3,07	-3,30	-3,53	-3,73	-3,92	1,44
10/04/2020 08:40:00	1,07	1,61	2,02	2,33	2,30	2,05	1,47	0,80	0,25	-0,32	-0,91	-1,39	-1,87	-2,16	-2,45	-2,64	-2,83	-3,03	-3,24	-3,42	-3,61	1,08
10/04/2020 08:45:00	1,53	1,67	1,75	1,93	2,00	1,79	1,43	0,96	0,47	-0,02	-0,55	-1,04	-1,53	-1,87	-2,21	-2,45	-2,69	-2,94	-3,19	-3,40	-3,61	1,69
10/04/2020 08:50:00	1,44	1,27	1,39	1,70	1,90	1,79	1,59	1,19	0,62	0,12	-0,44	-0,98	-1,53	-1,92	-2,32	-2,60	-2,89	-3,17	-3,46	-3,68	-3,91	2,16
10/04/2020 08:55:00	1,39	1,41	1,42	1,53	1,55	1,39	1,09	0,68	0,23	-0,22	-0,71	-1,16	-1,61	-1,93	-2,24	-2,46	-2,69	-2,93	-3,17	-3,38	-3,59	2,03
10/04/2020 09:00:00	1,33	1,40	1,35	1,31	1,27	1,27	1,14	0,92	0,62	0,18	-0,36	-0,83	-1,31	-1,65	-2,00	-2,22	-2,45	-2,71	-2,97	-3,19	-3,41	1,93
10/04/2020 09:05:00	1,58	1,50	1,36	1,31	1,29	1,23	1,06	0,77	0,37	-0,03	-0,48	-0,93	-1,37	-1,70	-2,04	-2,28	-2,52	-2,79	-3,06	-3,28	-3,51	1,81
10/04/2020 09:10:00	1,58	1,49	1,38	1,39	1,41	1,29	1,18	0,95	0,55	0,13	-0,34	-0,79	-1,25	-1,58	-1,92	-2,16	-2,40	-2,67	-2,93	-3,16	-3,38	2,08
10/04/2020 09:15:00	1,71	1,56	1,58	1,68	1,72	1,64	1,39	1,00	0,55	0,08	-0,45	-0,94	-1,44	-1,79	-2,14	-2,39	-2,63	-2,89	-3,15	-3,37	-3,58	2,27
10/04/2020 09:20:00	1,77	1,54	1,54	1,68	1,77	1,63	1,43	1,11	0,73	0,25	-0,29	-0,78	-1,27	-1,61	-1,94	-2,17	-2,40	-2,64	-2,88	-3,09	-3,30	2,47
10/04/2020 09:25:00	1,77	1,50	1,54	1,65	1,70	1,75	1,55	1,22	0,90	0,43	-0,12	-0,61	-1,10	-1,44	-1,79	-2,01	-2,24	-2,49	-2,73	-2,94	-3,16	2,50
10/04/2020 09:30:00	2,02	1,76	1,69	1,71	1,72	1,66	1,50	1,21	0,82	0,34	-0,22	-0,74	-1,27	-1,64	-2,01	-2,26	-2,51	-2,78	-3,05	-3,27	-3,49	2,65
10/04/2020 09:35:00	2,03	1,58	1,45	1,40	1,37	1,38	1,22	0,94	0,58	0,16	-0,33	-0,79	-1,25	-1,58	-1,90	-2,13	-2,36	-2,61	-2,86	-3,08	-3,29	2,83
10/04/2020 09:40:00	2,09	1,60	1,48	1,51	1,53	1,43	1,23	0,90	0,48	0,03	-0,48	-0,95	-1,42	-1,75	-2,08	-2,30	-2,53	-2,77	-3,02	-3,22	-3,43	2,71
10/04/2020 09:45:00	2,28	1,70	1,49	1,45	1,46	1,46	1,31	1,01	0,61	0,18	-0,32	-0,82	-1,32	-1,68	-2,05	-2,31	-2,57	-2,85	-3,13	-3,35	-3,58	2,69
10/04/2020 09:50:00	2,29	1,83	1,68	1,66	1,61	1,50	1,21	0,83	0,48	0,04	-0,47	-0,92	-1,37	-1,67	-1,97	-2,17	-2,37	-2,59	-2,81	-3,01	-3,21	3,08
10/04/2020 09:55:00	2,37	1,96	1,70	1,59	1,55	1,48	1,28	0,98	0,62	0,25	-0,16	-0,57	-0,98	-1,27	-1,57	-1,80	-2,02	-2,28	-2,53	-2,74	-2,95	3,24
10/04/2020 10:00:00	2,45	1,95	1,75	1,73	1,75	1,72	1,54	1,24	0,86	0,43	-0,06	-0,55	-1,03	-1,38	-1,74	-1,99	-2,24	-2,51	-2,78	-3,00	-3,22	3,05
10/04/2020 10:05:00	2,59	2,14	1,93	1,80	1,69	1,61	1,44	1,18	0,86	0,44	-0,06	-0,49	-0,93	-1,23	-1,52	-1,72	-1,92	-2,15	-2,38	-2,58	-2,79	3,18
10/04/2020 10:10:00	2,83	2,22	2,03	1,94	1,84	1,68	1,49	1,19	0,76	0,30	-0,20	-0,66	-1,11	-1,42	-1,73	-1,93	-2,14	-2,38	-2,61	-2,82	-3,02	3,36
10/04/2020 10:15:00	2,84	2,37	2,18	2,13	2,08	1,94	1,69	1,32	0,87	0,42	-0,08	-0,55	-1,02	-1,36	-1,69	-1,93	-2,17	-2,43	-2,69	-2,91	-3,12	3,48
10/04/2020 10:20:00	2,93	2,35	2,07	1,91	1,79	1,75	1,59	1,31	0,94	0,51	0,00	-0,48	-0,96	-1,30	-1,65	-1,89	-2,12	-2,39	-2,65	-2,87	-3,10	3,63
10/04/2020 10:25:00	3,08	2,65	2,38	2,18	1,98	1,77	1,49	1,13	0,74	0,31	-0,16	-0,58	-1,00	-1,27	-1,55	-1,75	-1,94	-2,17	-2,39	-2,59	-2,79	3,89
10/04/2020 10:30:00	3,29	2,66	2,37	2,28	2,20	2,01	1,65	1,20	0,76	0,31	-0,19	-0,66	-1,13	-1,45	-1,77	-2,00	-2,23	-2,47	-2,72	-2,92	-3,13	3,93
10/04/2020 10:35:00	3,49	2,90	2,53	2,27	2,05	1,76	1,40	1,00	0,64	0,23	-0,23	-0,63	-1,02	-1,26	-1,51	-1,68	-1,85	-2,05	-2,25	-2,44	-2,63	3,98
10/04/2020 10:40:00	3,41	2,96	2,67	2,42	2,16	1,85	1,46	1,02	0,63	0,20	-0,27	-0,65	-1,03	-1,27	-1,50	-1,66	-1,83	-2,02	-2,21	-2,40	-2,58	4,45
10/04/2020 10:45:00	3,63	3,14	2,73	2,46	2,28	1,98	1,61	1,21	0,86	0,44	-0,06	-0,49	-0,92	-1,21	-1,50	-1,69	-1,89	-2,12	-2,34	-2,54	-2,74	4,78
10/04/2020 10:50:00	3,76	3,36	2,89	2,49	2,18	1,81	1,41	1,01	0,64	0,27	-0,12	-0,46	-0,79	-1,01	-1,22	-1,39	-1,55	-1,75	-1,95	-2,14	-2,33	4,95
10/04/2020 10:55:00	3,71	3,06	2,67	2,38	2,18	2,00	1,75	1,43	1,09	0,65	0,12	-0,35	-0,82	-1,14	-1,46	-1,67	-1,88	-2,13	-2,37	-2,58	-2,79	4,59
10/04/2020 11:00:00	3,82	3,21	2,74	2,36	2,07	1,80	1,49	1,14	0,76	0,41	0,03	-0,30	-0,63	-0,86	-1,08	-1,25	-1,42	-1,63	-1,84	-2,03	-2,22	4,90
10/04/2020 11:05:00	3,93	3,50	3,05	2,69	2,43	2,12	1,77	1,39	1,00	0,61	0,18	-0,20	-0,58	-0,85	-1,11	-1,30	-1,50	-1,73	-1,96	-2,16	-2,37	5,23
10/04/2020 11:10:00	3,97	3,54	3,10	2,71	2,39	2,17	1,86	1,49	1,10	0,68	0,21	-0,21	-0,63	-0,93	-1,22	-1,43	-1,64	-1,89	-2,13	-2,35	-2,56	5,01
10/04/2020 11:15:00	4,10	3,57	3,18	2,84	2,56	2,34	2,06	1,73	1,33	0,89	0,40	-0,04	-0,49	-0,79	-1,09	-1,30	-1,51	-1,75	-2,00	-2,21	-2,42	5,98
10/04/2020 11:20:00	4,38	3,80	3,28	2,89	2,63	2,31	2,05	1,76	1,41	0,99	0,51	0,07	-0,36	-0,65	-0,95	-1,16	-1,36	-1,60	-1,84	-2,06	-2,27	6,21
10/04/2020 11:25:00	4,44	3,96	3,56	3,17	2,80	2,48	2,10	1,69	1,31	0,89	0,41	0,02	-0,37	-0,62	-0,86	-1,03	-1,19	-1,40	-1,60	-1,80	-1,99	6,80
10/04/2020 11:30:00	4,54	4,06	3,61	3,26	3,00	2,69	2,36	2,00	1,58	1,16	0,71	0,31	-0,10	-0,39	-0,67	-0,89	-1,10	-1,34	-1,59	-1,80	-2,02	5,74
10/04/2020 11:35:00	4,66	4,19	3,76	3,40	3,15	3,02	2,73	2,35	1,92	1,46	0,93	0,42	-0,09	-0,47	-0,86	-1,14	-1,41	-1,72	-2,02	-2,27	-2,51	5,90
10/04/2020 11:40:00	4,82	4,31	3,85	3,39	3,01	2,83	2,50	2,10	1,70	1,32	0,91	0,53	0,15	-0,12	-0,38	-0,59	-0,79	-1,03	-1,28	-1,49	-1,71	6,13
10/04/2020 11:45:00	4,99	4,42	4,01	3,65	3,31	3,01	2,62	2,16	1,66	1,18	0,68	0,23	-0,21	-0,52	-0,83	-1,05	-1,27	-1,52	-1,78	-1,99	-2,21	6,31
10/04/2020 11:50:00	4,92	4,48	4,08	3,72	3,38	3,08	2,67	2,21	1,75	1,25	0,69	0,20	-0,29	-0,62	-0,96	-1,19	-1,41	-1,67	-1,93	-2,15	-2,37	6,05
10/04/2020 11:55:00	5,14	4,78	4,32	3,84	3,36	2,95	2,39	1,80	1,33	0,89	0,45	0,07	-0,30	-0,53	-0,77	-0,94	-1,11	-1,32	-1,54	-1,73	-1,93	6,31
10/04/2020 12:00:00	5,10	4,55	4,12	3,73	3,39	3,11	2,73	2,26	1,71	1,22	0,72	0,24	-0,23	-0,57	-0,91	-1,16	-1,41	-1,69	-1,97	-2,20	-2,43	6,10
10/04/2020 12:05:00	5,26	4,65	4,10	3,63	3,32	3,06	2,77	2,43	2,02	1,55	0,99	0,48	-0,04	-0,41	-0,79	-1,04	-1,30	-1,59	-1,88	-2,12	-2,35	6,40
10/04/2020 12:10:00	5,23	4,56	4,04	3,61	3,28	2,95	2,62	2,24	1,80	1,32	0,78	0,29	-0,19	-0,53	-0,86	-1,09	-1,31	-1,57	-1,83	-2,05	-2,28	6,33
10/04/2020 12:15:00	5,13	4,49	4,09	3,79	3,53	3,23	2,79	2,27	1,81	1,29	0,70	0,17	-0,35	-0,71	-1,07	-1,31	-1,55	-1,81	-2,07	-2,29	-2,51	5,81
10/04/2020 12:20:00	5,29	4,76	4,28	3,79	3,32	2,92	2,52	2,09	1,61	1,15	0,69	0,30	-0,10	-0,35	-0,60	-0,79	-0,97	-1,19	-1,41	-1,62	-1,82	6,87
10/04/2020 12:25:00	5,44	4,87	4,37	3,97	3,63	3,24	2,76	2,25	1,80	1,32	0,79	0,32	-0,15	-0,47	-0,78	-0,99	-1,21	-1,45	-1,70	-1,91	-2,12	7,26
10/04/2020 12:30:00	5,51	4,70	4,24	3,88	3,56	3,27	2,88	2,43	1,94	1,45	0,92	0,44	-0,05	-0,37	-0,70	-0,93	-1,16	-1,42	-1,68	-1,89	-2,11	6,53
10/04/2020 12:35:00	5,53	4,79	4,33	3,98	3,67	3,30	2,91	2,46	1,92	1,41	0,87	0,39	-0,10	-0,43	-0,76	-0,99	-1,22	-1,47	-1,73	-1,95	-2,17	6,97
10/04/2020 12:40:00	5,57	4,91	4,63	4,40	4,02	3,48	2,86	2,19	1,56	0,99	0,40	-0,07	-0,55	-0,82	-1,10	-1,28	-1,45	-1,65	-1,85	-2,04	-2,22	6,78
10/04/2020 12:45:00	5,67	5,11	4,73	4,39	4,01	3,60	3,10	2,54	2,02	1,47	0,86	0,33	-0,19	-0,53	-0,87	-1,08	-1,30	-1,55	-1,79	-2,01	-2,22	6,86
10/04/2020 12:50:00	5,92	5,25	4,93	4,66	4,32	3,94	3,44	2,83	2,20	1,61	0,99	0,43	-0,12	-0,50	-0,87	-1,12	-1,37	-1,64	-1,91	-2,13	-2,36	7,45
10/04/2020 12:55:00	5,75	5,17	4,79	4,49	4,15	3,65	3,13	2,58	2,01	1,50	1,00	0,58	0,15	-0,12	-0,39	-0,58	-0,78	-1,00	-1,22	-1,42	-1,62	6,66
10/04/2020 13:00:00	5,70	5,17	4,78	4,39	3,92	3,53	2,98	2,39	1,92	1,41	0,85	0,40	-0,05	-0,32	-0,60	-0,78	-0,96	-1,17	-1,39	-1,59	-1,79	6,87
10/04/2020 13:05:00	5,92	5,37	4,97	4,61	4,20	3,78	3,24	2,65	2,05	1,49	0,93	0,43	-0,06	-0,39	-0,72	-0,95	-1,17	-1,43	-1,68	-1,90	-2,12	7,28
10/04/2020 13:10:00	5,73	5,18	4,81	4,44	4,02	3,66	3,16	2,59	2,04	1,52	0,98	0,52	0,05	-0,25	-0,56	-0,77	-0,98	-1,22	-1,46	-1,67	-1,88	7,06
10/04/2020 13:15:00	5,78	5,36	4,90	4,44	4,02	3,64	3,21	2,73	2,20	1,68	1,14	0,65	0,16	-0,18	-0,52	-0,76	-0,99	-1,26	-1,54	-1,77	-2,00	7,17
10/04/2020 13:20:00	5,92	5,22	4,79	4,42	4,06	3,81	3,44	2,98	2,50	1,95	1,31	0,74	0,17	-0,23	-0,63	-0,88	-1,14	-1,43	-1,71	-1,95	-2,18	7,28
10/04/2020 13:25:00	6,07	5,57	5,19	4,83	4,42	4,02	3,54	3,01	2,45	1,83	1,13	0,53	-0,07	-0,48	-0,88	-1,13	-1,38	-1,66	-1,94	-2,18	-2,41	7,70
10/04/2020 13:30:00	5,90	5,33	4,93	4,61	4,27	3,88	3,38	2,81	2,20	1,64	1,06	0,53	0,00	-0,36	-0,73	-0,98	-1,24	-1,51	-1,79	-2,01	-2,24	6,95
10/04/2020 13:35:00	5,79	5,40	4,93	4,47	4,06	3,69	3,16	2,58	2,06	1,55	1,01	0,52	0,03	-0,31	-0,65	-0,89	-1,13	-1,40	-1,67	-1,90	-2,13	7,09
10/04/2020 13:40:00	5,97	5,31	4,84	4,43	4,05	3,63	3,20	2,75	2,24	1,74	1,19	0,72	0,25	-0,06	-0,38	-0,59	-0,80	-1,05	-1,29	-1,51	-1,73	7,37
10/04/2020 13:45:00	6,36	5,56	5,14	4,80	4,44	4,09	3,52	2,84	2,26	1,69	1,07	0,52	-0,04	-0,42	-0,79	-1,04	-1,30	-1,57	-1,84	-2,06	-2,28	8,47
10/04/2020 13:50:00	6,23	5,74	5,19	4,69	4,24	3,67	3,06	2,44	1,90	1,40	0,91	0,49	0,07	-0,21	-0,48	-0,67	-0,87	-1,10	-1,32	-1,53	-1,73	8,58
10/04/2020 13:55:00	6,15	5,43	5,01	4,78	4,58	4,23	3,76	3,18	2,54	1,94	1,32	0,71	0,10	-0,34	-0,78	-1,09	-1,40	-1,72	-2,04	-2,29	-2,53	7,31
10/04/2020 14:00:00	5,99	5,32	4,88	4,57	4,33	4,03	3,63	3,13	2,60	2,02	1,37	0,75	0,13	-0,31	-0,75	-1,05	-1,35	-1,67	-1,99	-2,24	-2,49	7,23
10/04/2020 14:05:00	5,99	5,51	5,05	4,65	4,28	3,80	3,27	2,72	2,16	1,62	1,05	0,55	0,04	-0,30	-0,64	-0,87	-1,10	-1,37	-1,63	-1,85	-2,07	7,68
10/04/2020 14:10:00	6,07	5,42	4,89	4,51	4,20	3,75	3,26	2,72	2,15	1,63	1,09	0,59	0,09	-0,26	-0,61	-0,85	-1,10	-1,37	-1,65	-1,87	-2,10	7,67
10/04/2020 14:15:00	5,99	5,20	4,82	4,58	4,35	4,00	3,61	3,14	2,64	2,08	1,42	0,84	0,26	-0,13	-0,52	-0,77	-1,03	-1,30	-1,58	-1,80	-2,03	7,33
10/04/2020 14:20:00	6,07	5,51	5,02	4,61	4,29	4,02	3,69	3,29	2,78	2,27	1,74	1,23	0,71	0,33	-0,04	-0,32	-0,59	-0,90	-1,20	-1,45	-1,70	7,45
10/04/2020 14:25:00	6,08	5,54	5,12	4,76	4,40	4,03	3,59	3,08	2,51	1,94	1,34	0,80	0,25	-0,13	-0,51	-0,77	-1,03	-1,31	-1,60	-1,84	-2,07	7,45
10/04/2020 14:30:00	6,24	5,68	5,23	4,84	4,49	4,14	3,69	3,19	2,68	2,13	1,52	0,97	0,41	0,03	-0,36	-0,62	-0,88	-1,17	-1,45	-1,69	-1,93	7,76
10/04/2020 14:35:00	6,45	5,85	5,40	5,03	4,66	4,19	3,63	3,03	2,48	1,92	1,31	0,78	0,25	-0,10	-0,46	-0,70	-0,93	-1,20	-1,46	-1,68	-1,90	8,42
10/04/2020 14:40:00	6,35	5,82	5,40	5,05	4,72	4,30	3,80	3,23	2,62	2,06	1,50	0,98	0,45	0,09	-0,28	-0,55	-0,81	-1,10	-1,38	-1,62	-1,85	8,45
10/04/2020 14:45:00	6,61	5,91	5,51	5,18	4,80	4,38	3,83	3,22	2,64	2,05	1,41	0,86	0,30	-0,07	-0,44	-0,68	-0,92	-1,19	-1,45	-1,68	-1,90	8,13
10/04/2020 14:50:00	6,79	6,05	5,49	5,05	4,71	4,36	3,93	3,43	2,93	2,37	1,72	1,11	0,51	0,09	-0,34	-0,62	-0,91	-1,22	-1,52	-1,77	-2,02	8,12
10/04/2020 14:55:00	6,54	5,99	5,59	5,29	5,01	4,58	4,09	3,55	3,00	2,44	1,82	1,27	0,71	0,33	-0,05	-0,32	-0,58	-0,86	-1,14	-1,38	-1,61	8,05
10/04/2020 15:00:00	6,60	6,15	5,61	5,13	4,78	4,49	4,16	3,78	3,29	2,74	2,09	1,48	0,87	0,42	-0,03	-0,34	-0,65	-0,99	-1,33	-1,60	-1,87	8,54
10/04/2020 15:05:00	6,42	5,94	5,58	5,23	4,82	4,38	3,84	3,24	2,69	2,14	1,54	1,03	0,52	0,18	-0,15	-0,37	-0,59	-0,84	-1,09	-1,31	-1,53	7,83
10/04/2020 15:10:00	6,48	5,97	5,59	5,22	4,82	4,43	3,95	3,43	2,92	2,36	1,72	1,17	0,62	0,25	-0,11	-0,34	-0,58	-0,84	-1,11	-1,34	-1,56	7,84
10/04/2020 15:15:00	6,57	6,13	5,73	5,37	4,98	4,49	3,90	3,26	2,70	2,14	1,54	1,02	0,50	0,15	-0,19	-0,42	-0,65	-0,90	-1,16	-1,38	-1,60	8,18
10/04/2020 15:20:00	6,39	6,02	5,60	5,25	4,94	4,51	4,00	3,45	2,95	2,40	1,79	1,24	0,69	0,31	-0,07	-0,33	-0,58	-0,87	-1,15	-1,38	-1,62	7,38
10/04/2020 15:25:00	6,12	5,87	5,48	5,07	4,68	4,35	3,90	3,38	2,87	2,34	1,76	1,24	0,71	0,34	-0,04	-0,30	-0,56	-0,85	-1,14	-1,38	-1,62	7,35
10/04/2020 15:30:00	6,08	5,84	5,48	5,12	4,81	4,45	4,01	3,51	2,95	2,39	1,77	1,20	0,62	0,20	-0,21	-0,50	-0,79	-1,10	-1,42	-1,67	-1,92	7,14
10/04/2020 15:35:00	6,17	5,93	5,57	5,21	4,84	4,34	3,86	3,38	2,81	2,23	1,60	1,05	0,49	0,12	-0,25	-0,50	-0,75	-1,02	-1,30	-1,53	-1,77	7,06
10/04/2020 15:40:00	6,10	5,92	5,58	5,26	4,98	4,62	4,19	3,71	3,19	2,60	1,93	1,31	0,69	0,25	-0,20	-0,50	-0,79	-1,11	-1,44	-1,69	-1,95	7,29
10/04/2020 15:45:00	6,39	6,25	5,84	5,44	5,08	4,64	4,10	3,50	2,91	2,33	1,71	1,13	0,55	0,14	-0,28	-0,57	-0,86	-1,18	-1,50	-1,75	-2,00	7,30
10/04/2020 15:50:00	6,21	6,10	5,79	5,44	5,12	4,75	4,35	3,89	3,31	2,71	2,05	1,44	0,83	0,39	-0,06	-0,36	-0,67	-1,00	-1,33	-1,59	-1,86	6,94
10/04/2020 15:55:00	6,16	6,07	5,82	5,52	5,17	4,73	4,18	3,57	2,96	2,39	1,81	1,29	0,76	0,40	0,04	-0,22	-0,48	-0,76	-1,04	-1,28	-1,52	6,75
10/04/2020 16:00:00	6,29	6,13	5,82	5,50	5,14	4,73	4,19	3,58	3,04	2,47	1,83	1,28	0,72	0,33	-0,05	-0,31	-0,57	-0,85	-1,14	-1,37	-1,61	7,37
10/04/2020 16:05:00	6,38	6,02	5,74	5,49	5,20	4,85	4,35	3,74	3,11	2,52	1,91	1,35	0,78	0,37	-0,03	-0,32	-0,61	-0,91	-1,22	-1,46	-1,71	7,27
10/04/2020 16:10:00	6,32	6,15	5,89	5,62	5,26	4,73	4,12	3,46	2,82	2,23	1,63	1,11	0,59	0,24	-0,10	-0,34	-0,58	-0,84	-1,10	-1,32	-1,54	7,28
10/04/2020 16:15:00	6,62	6,36	6,06	5,78	5,49	5,09	4,63	4,10	3,53	2,95	2,31	1,74	1,16	0,76	0,35	0,07	-0,21	-0,51	-0,81	-1,06	-1,31	7,30
10/04/2020 16:20:00	6,52	6,37	6,12	5,83	5,45	5,07	4,48	3,80	3,20	2,64	2,07	1,56	1,04	0,69	0,33	0,08	-0,17	-0,45	-0,73	-0,96	-1,20	7,28
10/04/2020 16:25:00	6,84	6,57	6,22	5,91	5,65	5,32	4,87	4,36	3,81	3,29	2,75	2,22	1,70	1,31	0,92	0,63	0,35	0,03	-0,28	-0,53	-0,79	7,35
10/04/2020 16:30:00	7,15	6,90	6,63	6,35	6,00	5,56	5,02	4,44	3,89	3,35	2,78	2,29	1,81	1,48	1,15	0,91	0,68	0,41	0,15	-0,08	-0,31	7,20
10/04/2020 16:35:00	7,11	6,83	6,55	6,31	6,08	5,77	5,34	4,82	4,24	3,65	3,01	2,39	1,78	1,33	0,87	0,55	0,22	-0,12	-0,46	-0,73	-1,00	7,18
10/04/2020 16:40:00	7,13	6,97	6,60	6,22	5,84	5,46	4,99	4,49	4,05	3,51	2,85	2,28	1,71	1,31	0,91	0,65	0,39	0,10	-0,20	-0,45	-0,70	7,08
10/04/2020 16:45:00	7,02	6,89	6,59	6,26	5,91	5,54	5,04	4,49	3,93	3,38	2,80	2,28	1,75	1,38	1,00	0,72	0,45	0,15	-0,15	-0,40	-0,65	7,12
10/04/2020 16:50:00	6,98	6,92	6,61	6,17	5,65	5,16	4,58	3,98	3,43	2,86	2,24	1,73	1,21	0,88	0,54	0,32	0,10	-0,16	-0,42	-0,65	-0,88	6,95
10/04/2020 16:55:00	6,74	6,58	6,24	5,91	5,64	5,37	4,98	4,51	4,03	3,42	2,68	1,98	1,29	0,78	0,27	-0,07	-0,41	-0,77	-1,13	-1,41	-1,69	6,92
10/04/2020 17:00:00	5,22	5,01	4,71	4,54	4,46	4,22	3,89	3,45	2,88	2,27	1,57	0,88	0,19	-0,34	-0,87	-1,23	-1,60	-1,97	-2,35	-2,63	-2,91	4,83
10/04/2020 17:05:00	4,92	4,55	4,13	3,69	3,29	2,90	2,45	1,97	1,46	0,99	0,52	0,10	-0,31	-0,60	-0,88	-1,08	-1,29	-1,53	-1,77	-1,98	-2,19	4,58
10/04/2020 17:10:00	4,37	3,99	3,62	3,25	2,91	2,56	2,24	1,89	1,45	1,04	0,63	0,27	-0,08	-0,32	-0,55	-0,72	-0,90	-1,11	-1,32	-1,52	-1,73	3,74
10/04/2020 17:15:00	4,04	3,81	3,49	3,15	2,82	2,57	2,23	1,83	1,39	0,94	0,45	0,01	-0,42	-0,73	-1,03	-1,24	-1,46	-1,70	-1,95	-2,17	-2,39	3,48
10/04/2020 17:20:00	4,00	3,61	3,26	2,91	2,58	2,22	1,93	1,64	1,32	1,00	0,65	0,40	0,15	0,00	-0,14	-0,25	-0,36	-0,52	-0,68	-0,85	-1,03	3,49
10/04/2020 17:25:00	3,56	3,28	2,94	2,66	2,47	2,27	2,09	1,90	1,66	1,34	0,97	0,65	0,33	0,12	-0,10	-0,27	-0,43	-0,64	-0,85	-1,05	-1,25	3,46
10/04/2020 17:30:00	3,68	3,40	3,22	3,13	3,03	2,85	2,63	2,32	1,93	1,55	1,13	0,75	0,37	0,10	-0,17	-0,38	-0,59	-0,82	-1,06	-1,27	-1,49	3,64
10/04/2020 17:35:00	3,85	3,46	3,44	3,56	3,60	3,39	3,09	2,69	2,24	1,80	1,33	0,90	0,47	0,18	-0,11	-0,33	-0,55	-0,78	-1,02	-1,23	-1,43	3,78
10/04/2020 17:40:00	3,92	3,72	3,48	3,29	3,13	2,87	2,62	2,37	2,11	1,77	1,37	1,05	0,73	0,52	0,31	0,16	0,00	-0,19	-0,39	-0,58	-0,78	3,55
10/04/2020 17:45:00	3,70	3,60	3,49	3,47	3,46	3,47	3,31	3,03	2,63	2,19	1,67	1,16	0,65	0,25	-0,15	-0,44	-0,74	-1,05	-1,37	-1,62	-1,88	3,63
10/04/2020 17:50:00	3,76	3,57	3,59	3,69	3,67	3,39	3,01	2,53	2,01	1,50	0,97	0,48	0,00	-0,32	-0,65	-0,88	-1,11	-1,36	-1,60	-1,82	-2,03	3,61
10/04/2020 17:55:00	3,67	3,38	3,18	3,05	2,93	2,74	2,55	2,29	1,93	1,55	1,13	0,76	0,39	0,13	-0,13	-0,32	-0,52	-0,75	-0,98	-1,19	-1,40	3,51
10/04/2020 18:00:00	3,67	3,54	3,41	3,31	3,15	2,86	2,45	1,99	1,58	1,14	0,66	0,25	-0,16	-0,43	-0,70	-0,89	-1,08	-1,29	-1,51	-1,71	-1,91	3,70
10/04/2020 18:05:00	3,86	3,58	3,45	3,37	3,27	3,16	2,91	2,56	2,19	1,74	1,21	0,74	0,27	-0,07	-0,40	-0,63	-0,86	-1,12	-1,38	-1,61	-1,83	3,93
10/04/2020 18:10:00	3,90	3,85	3,66	3,43	3,18	2,93	2,56	2,13	1,68	1,27	0,83	0,45	0,06	-0,21	-0,48	-0,68	-0,89	-1,12	-1,36	-1,57	-1,79	4,17
10/04/2020 18:15:00	4,18	4,05	3,83	3,63	3,40	3,16	2,80	2,38	1,93	1,49	1,03	0,62	0,20	-0,09	-0,38	-0,60	-0,82	-1,06	-1,31	-1,53	-1,75	4,45
10/04/2020 18:20:00	4,33	4,11	3,88	3,70	3,51	3,25	2,93	2,55	2,10	1,64	1,16	0,72	0,28	-0,03	-0,34	-0,57	-0,79	-1,05	-1,30	-1,53	-1,75	4,62
10/04/2020 18:25:00	4,77	4,56	4,38	4,19	3,91	3,51	3,11	2,64	2,05	1,53	1,01	0,55	0,10	-0,21	-0,52	-0,74	-0,96	-1,21	-1,45	-1,67	-1,89	4,71
10/04/2020 18:30:00	4,64	4,42	4,21	3,97	3,69	3,38	2,94	2,43	1,96	1,47	0,94	0,47	0,01	-0,30	-0,61	-0,82	-1,04	-1,28	-1,52	-1,74	-1,95	4,75
10/04/2020 18:35:00	4,80	4,71	4,38	4,04	3,70	3,32	2,89	2,43	1,91	1,46	1,02	0,61	0,21	-0,07	-0,35	-0,56	-0,78	-1,03	-1,28	-1,49	-1,71	4,68
10/04/2020 18:40:00	4,67	4,45	4,29	4,12	3,86	3,56	3,11	2,59	2,08	1,57	1,01	0,53	0,05	-0,27	-0,59	-0,81	-1,03	-1,28	-1,53	-1,74	-1,96	4,66
10/04/2020 18:45:00	4,72	4,78	4,61	4,30	3,84	3,41	2,82	2,19	1,64	1,16	0,70	0,33	-0,04	-0,27	-0,50	-0,67	-0,84	-1,04	-1,25	-1,44	-1,64	4,85
10/04/2020 18:50:00	5,03	4,85	4,55	4,25	3,94	3,60	3,18	2,73	2,28	1,77	1,19	0,69	0,20	-0,14	-0,48	-0,71	-0,93	-1,19	-1,45	-1,67	-1,89	4,93
10/04/2020 18:55:00	5,13	4,99	4,79	4,57	4,22	3,71	3,13	2,52	1,91	1,36	0,82	0,37	-0,08	-0,37	-0,65	-0,84	-1,04	-1,26	-1,48	-1,69	-1,89	5,12
10/04/2020 19:00:00	5,11	5,04	4,81	4,51	4,09	3,59	2,96	2,29	1,71	1,15	0,58	0,10	-0,38	-0,67	-0,97	-1,17	-1,37	-1,60	-1,83	-2,03	-2,23	5,23
10/04/2020 19:05:00	4,87	4,71	4,39	4,01	3,56	3,05	2,52	1,98	1,41	0,92	0,44	0,05	-0,34	-0,58	-0,82	-0,99	-1,17	-1,38	-1,59	-1,78	-1,98	4,95
10/04/2020 19:10:00	4,62	4,63	4,36	4,03	3,67	3,25	2,72	2,17	1,70	1,19	0,63	0,16	-0,31	-0,61	-0,92	-1,12	-1,33	-1,56	-1,80	-2,01	-2,22	4,66
10/04/2020 19:15:00	4,50	4,30	3,98	3,62	3,26	2,93	2,54	2,12	1,65	1,18	0,66	0,21	-0,24	-0,54	-0,84	-1,05	-1,26	-1,51	-1,75	-1,97	-2,19	4,63
10/04/2020 19:20:00	4,37	4,22	3,91	3,61	3,35	3,00	2,60	2,15	1,65	1,19	0,73	0,29	-0,14	-0,44	-0,74	-0,97	-1,20	-1,46	-1,71	-1,94	-2,16	4,50
10/04/2020 19:25:00	4,48	4,48	4,26	3,95	3,61	3,21	2,73	2,22	1,75	1,24	0,69	0,22	-0,25	-0,56	-0,86	-1,07	-1,28	-1,51	-1,75	-1,96	-2,18	4,44
10/04/2020 19:30:00	4,41	4,28	4,04	3,80	3,54	3,20	2,83	2,41	1,97	1,48	0,95	0,49	0,03	-0,28	-0,59	-0,80	-1,01	-1,25	-1,50	-1,72	-1,93	4,05
10/04/2020 19:35:00	4,44	4,48	4,27	3,96	3,59	3,17	2,61	2,00	1,43	0,96	0,52	0,13	-0,25	-0,51	-0,76	-0,96	-1,16	-1,39	-1,61	-1,82	-2,02	4,09
10/04/2020 19:40:00	4,44	4,40	4,23	3,99	3,65	3,23	2,72	2,14	1,57	1,06	0,55	0,10	-0,34	-0,62	-0,91	-1,11	-1,31	-1,54	-1,77	-1,98	-2,19	4,20
10/04/2020 19:45:00	4,43	4,32	4,05	3,75	3,44	3,10	2,64	2,14	1,65	1,15	0,61	0,12	-0,36	-0,69	-1,02	-1,25	-1,48	-1,73	-1,99	-2,21	-2,43	4,21
10/04/2020 19:50:00	4,47	4,21	3,92	3,59	3,24	2,87	2,45	2,00	1,54	1,02	0,43	-0,06	-0,55	-0,87	-1,19	-1,39	-1,59	-1,83	-2,07	-2,28	-2,49	4,13
10/04/2020 19:55:00	4,19	4,12	3,81	3,42	2,98	2,49	1,97	1,43	0,85	0,42	0,03	-0,30	-0,62	-0,83	-1,03	-1,20	-1,37	-1,57	-1,77	-1,96	-2,16	4,04
10/04/2020 20:00:00	4,07	4,02	3,70	3,33	2,96	2,56	2,13	1,68	1,23	0,77	0,27	-0,15	-0,56	-0,84	-1,11	-1,30	-1,48	-1,71	-1,94	-2,14	-2,35	3,83
10/04/2020 20:05:00	3,91	3,79	3,43	3,08	2,79	2,40	2,02	1,63	1,23	0,78	0,28	-0,16	-0,59	-0,88	-1,17	-1,36	-1,56	-1,80	-2,03	-2,24	-2,45	3,86
10/04/2020 20:10:00	3,80	3,74	3,47	3,17	2,83	2,41	1,90	1,36	0,85	0,38	-0,11	-0,52	-0,93	-1,19	-1,46	-1,64	-1,83	-2,05	-2,27	-2,47	-2,67	3,68
10/04/2020 20:15:00	3,79	3,67	3,33	2,93	2,55	2,21	1,84	1,42	0,88	0,42	-0,04	-0,45	-0,87	-1,16	-1,44	-1,66	-1,87	-2,12	-2,37	-2,59	-2,81	3,53
10/04/2020 20:20:00	3,52	3,43	3,06	2,63	2,24	1,88	1,52	1,16	0,74	0,33	-0,11	-0,48	-0,84	-1,08	-1,32	-1,49	-1,66	-1,88	-2,09	-2,29	-2,49	3,71
10/04/2020 20:25:00	2,96	2,73	2,55	2,35	2,12	1,84	1,47	1,08	0,73	0,37	0,00	-0,30	-0,59	-0,77	-0,94	-1,07	-1,20	-1,37	-1,54	-1,72	-1,89	2,95
10/04/2020 20:30:00	2,66	2,52	2,24	1,90	1,58	1,34	1,14	0,94	0,69	0,48	0,29	0,16	0,04	-0,03	-0,09	-0,17	-0,25	-0,39	-0,52	-0,69	-0,85	2,52
10/04/2020 20:35:00	2,48	2,33	2,07	1,85	1,72	1,53	1,38	1,21	1,00	0,77	0,51	0,30	0,09	-0,05	-0,19	-0,32	-0,45	-0,62	-0,79	-0,98	-1,16	2,26
10/04/2020 20:40:00	2,23	2,16	1,95	1,74	1,58	1,38	1,21	1,03	0,81	0,58	0,32	0,13	-0,07	-0,19	-0,31	-0,43	-0,54	-0,70	-0,86	-1,04	-1,21	2,20
10/04/2020 20:45:00	2,23	2,16	1,99	1,80	1,62	1,51	1,34	1,14	0,91	0,74	0,59	0,47	0,35	0,28	0,21	0,11	0,01	-0,14	-0,30	-0,47	-0,64	2,07
10/04/2020 20:50:00	2,39	2,28	2,16	2,08	1,96	1,72	1,41	1,09	0,81	0,57	0,34	0,16	-0,01	-0,10	-0,20	-0,29	-0,39	-0,53	-0,67	-0,83	-1,00	2,26
10/04/2020 20:55:00	2,32	2,10	2,02	1,95	1,80	1,69	1,41	1,10	0,84	0,55	0,23	-0,01	-0,25	-0,39	-0,53	-0,64	-0,75	-0,91	-1,06	-1,23	-1,40	2,32
10/04/2020 21:00:00	2,19	2,15	1,98	1,72	1,42	1,11	0,81	0,54	0,28	0,06	-0,15	-0,26	-0,37	-0,40	-0,42	-0,47	-0,52	-0,63	-0,73	-0,87	-1,02	2,09
10/04/2020 21:05:00	1,71	1,60	1,37	1,06	0,76	0,56	0,33	0,13	-0,05	-0,19	-0,32	-0,37	-0,42	-0,42	-0,41	-0,45	-0,48	-0,58	-0,67	-0,81	-0,95	1,87
10/04/2020 21:10:00	1,62	1,53	1,34	1,16	0,96	0,70	0,43	0,15	-0,14	-0,40	-0,65	-0,84	-1,02	-1,12	-1,22	-1,31	-1,41	-1,55	-1,68	-1,84	-2,00	1,27
10/04/2020 21:15:00	1,41	1,19	1,04	0,92	0,81	0,64	0,46	0,24	-0,01	-0,27	-0,55	-0,77	-0,98	-1,11	-1,23	-1,34	-1,45	-1,60	-1,74	-1,91	-2,07	1,26
10/04/2020 21:20:00	1,32	1,03	0,88	0,75	0,57	0,34	0,14	-0,07	-0,28	-0,53	-0,78	-0,94	-1,10	-1,16	-1,21	-1,27	-1,32	-1,42	-1,52	-1,66	-1,80	1,23
10/04/2020 21:25:00	1,18	1,08	0,86	0,65	0,48	0,31	0,13	-0,02	-0,14	-0,31	-0,48	-0,58	-0,68	-0,71	-0,75	-0,81	-0,86	-0,97	-1,08	-1,23	-1,38	1,23
10/04/2020 21:30:00	0,73	0,65	0,63	0,59	0,49	0,34	0,08	-0,18	-0,38	-0,59	-0,79	-0,91	-1,03	-1,07	-1,11	-1,16	-1,22	-1,32	-1,42	-1,56	-1,70	1,04
10/04/2020 21:35:00	0,90	0,85	0,79	0,72	0,65	0,58	0,41	0,21	0,00	-0,20	-0,40	-0,56	-0,72	-0,81	-0,90	-1,00	-1,10	-1,25	-1,39	-1,55	-1,72	0,87
10/04/2020 21:40:00	1,29	1,40	1,47	1,53	1,50	1,40	1,17	0,85	0,47	0,10	-0,29	-0,63	-0,98	-1,21	-1,45	-1,63	-1,80	-2,01	-2,22	-2,41	-2,61	1,21
10/04/2020 21:45:00	1,42	1,90	2,12	2,20	2,09	1,90	1,59	1,20	0,80	0,36	-0,12	-0,50	-0,87	-1,11	-1,34	-1,51	-1,67	-1,86	-2,05	-2,24	-2,44	1,45
10/04/2020 21:50:00	1,68	1,78	1,88	1,91	1,81	1,65	1,33	0,90	0,45	0,04	-0,39	-0,76	-1,14	-1,38	-1,63	-1,81	-2,00	-2,21	-2,41	-2,61	-2,80	1,72
10/04/2020 21:55:00	1,46	1,37	1,41	1,59	1,74	1,62	1,40	1,10	0,83	0,47	0,05	-0,33	-0,71	-0,96	-1,21	-1,40	-1,59	-1,79	-2,00	-2,19	-2,38	1,56
10/04/2020 22:00:00	1,39	1,24	1,40	1,68	1,89	1,98	1,78	1,41	0,98	0,55	0,06	-0,43	-0,92	-1,29	-1,66	-1,93	-2,20	-2,48	-2,76	-2,98	-3,21	1,39
10/04/2020 22:05:00	1,28	1,15	1,35	1,67	1,87	1,85	1,70	1,39	1,00	0,56	0,05	-0,41	-0,88	-1,21	-1,54	-1,77	-2,00	-2,25	-2,49	-2,70	-2,91	1,19
10/04/2020 22:10:00	1,26	1,09	1,28	1,63	1,86	1,88	1,69	1,33	0,89	0,46	-0,01	-0,48	-0,95	-1,28	-1,62	-1,87	-2,12	-2,37	-2,63	-2,84	-3,06	0,99
10/04/2020 22:15:00	1,00	0,94	1,04	1,26	1,40	1,40	1,23	0,92	0,54	0,10	-0,41	-0,88	-1,36	-1,70	-2,04	-2,28	-2,52	-2,77	-3,03	-3,24	-3,45	0,96
10/04/2020 22:20:00	0,94	0,79	0,87	1,04	1,14	1,15	0,98	0,67	0,30	-0,10	-0,54	-0,96	-1,37	-1,67	-1,96	-2,18	-2,39	-2,62	-2,86	-3,06	-3,27	0,99
10/04/2020 22:25:00	1,06	0,79	0,92	1,17	1,32	1,23	1,01	0,66	0,24	-0,17	-0,61	-1,02	-1,43	-1,71	-1,98	-2,18	-2,38	-2,60	-2,81	-3,00	-3,19	1,02
10/04/2020 22:30:00	1,03	0,87	1,05	1,32	1,47	1,44	1,28	0,96	0,54	0,02	-0,56	-1,09	-1,62	-1,99	-2,35	-2,60	-2,84	-3,09	-3,34	-3,55	-3,76	1,01
10/04/2020 22:35:00	0,99	0,82	0,88	1,02	1,06	0,91	0,68	0,33	-0,11	-0,47	-0,83	-1,17	-1,50	-1,72	-1,94	-2,11	-2,29	-2,48	-2,68	-2,86	-3,04	0,94
10/04/2020 22:40:00	0,89	0,72	0,80	0,99	1,12	1,06	0,86	0,54	0,17	-0,22	-0,65	-1,05	-1,45	-1,73	-2,01	-2,21	-2,41	-2,63	-2,85	-3,05	-3,24	0,93
10/04/2020 22:45:00	0,83	0,53	0,71	1,07	1,37	1,47	1,35	1,07	0,76	0,29	-0,26	-0,79	-1,32	-1,69	-2,07	-2,32	-2,57	-2,83	-3,09	-3,30	-3,52	0,90
10/04/2020 22:50:00	0,85	0,68	0,91	1,21	1,32	1,20	0,89	0,45	0,03	-0,43	-0,93	-1,36	-1,79	-2,06	-2,33	-2,50	-2,68	-2,88	-3,07	-3,24	-3,42	0,84
10/04/2020 22:55:00	0,81	0,57	0,76	1,04	1,20	1,15	0,86	0,46	0,12	-0,38	-0,96	-1,47	-1,98	-2,31	-2,64	-2,84	-3,05	-3,27	-3,48	-3,67	-3,86	0,79
10/04/2020 23:00:00	0,70	0,82	0,96	1,14	1,25	1,19	0,98	0,63	0,17	-0,26	-0,74	-1,20	-1,66	-1,99	-2,32	-2,57	-2,81	-3,07	-3,32	-3,54	-3,75	0,73
10/04/2020 23:05:00	0,91	0,80	1,30	1,88	2,14	2,07	1,67	1,01	0,30	-0,34	-1,01	-1,64	-2,28	-2,71	-3,15	-3,44	-3,73	-4,01	-4,29	-4,50	-4,71	0,75
10/04/2020 23:10:00	1,05	0,97	1,10	1,24	1,24	1,12	0,85	0,48	0,11	-0,36	-0,87	-1,31	-1,74	-2,01	-2,29	-2,47	-2,64	-2,84	-3,04	-3,23	-3,41	0,67
10/04/2020 23:15:00	0,62	0,48	0,95	1,59	1,98	1,92	1,67	1,20	0,65	0,06	-0,59	-1,19	-1,80	-2,21	-2,62	-2,90	-3,17	-3,43	-3,69	-3,90	-4,11	0,71
10/04/2020 23:20:00	0,62	0,65	1,03	1,51	1,80	1,72	1,37	0,85	0,35	-0,24	-0,88	-1,48	-2,08	-2,49	-2,90	-3,17	-3,43	-3,70	-3,96	-4,17	-4,38	0,59
10/04/2020 23:25:00	0,65	0,86	1,48	2,07	2,19	1,86	1,41	0,72	-0,08	-0,71	-1,31	-1,82	-2,33	-2,64	-2,95	-3,16	-3,36	-3,57	-3,77	-3,95	-4,13	0,66
10/04/2020 23:30:00	0,68	1,20	1,30	1,34	1,28	0,99	0,64	0,23	-0,20	-0,66	-1,14	-1,55	-1,96	-2,24	-2,51	-2,70	-2,89	-3,11	-3,32	-3,52	-3,71	0,53
10/04/2020 23:35:00	0,70	0,63	1,27	1,89	2,05	1,94	1,41	0,68	0,00	-0,64	-1,29	-1,84	-2,39	-2,72	-3,05	-3,26	-3,48	-3,68	-3,88	-4,05	-4,23	0,63
10/04/2020 23:40:00	0,62	0,73	1,07	1,44	1,51	1,20	0,74	0,13	-0,49	-1,00	-1,49	-1,92	-2,34	-2,59	-2,85	-3,03	-3,21	-3,39	-3,58	-3,75	-3,92	0,61
10/04/2020 23:45:00	0,56	0,31	0,54	0,83	0,95	0,84	0,54	0,07	-0,44	-0,90	-1,38	-1,82	-2,26	-2,54	-2,83	-3,03	-3,23	-3,43	-3,64	-3,82	-4,01	0,46
10/04/2020 23:50:00	0,34	0,18	0,29	0,45	0,51	0,52	0,26	-0,14	-0,58	-0,98	-1,42	-1,84	-2,26	-2,54	-2,83	-3,04	-3,26	-3,48	-3,71	-3,90	-4,10	0,37
10/04/2020 23:55:00	0,38	0,25	0,27	0,33	0,34	0,28	0,13	-0,13	-0,45	-0,87	-1,34	-1,75	-2,17	-2,44	-2,71	-2,89	-3,07	-3,27	-3,48	-3,67	-3,86	0,41
