FileFormat:0002.2 file with temperature of atmosphere
SN105HE102 RTK
local	GMT or Local
0	GMT-Local=[hours]
20	Height[m]
0	0	0	Longitude                [grd]               [min]               [sec]
0	0	0	Latitude                [grd]               [min]               [sec]
N	NS
56,45	Freq[GHz]
0,00	dTemostat[K]
0,150	MessErr[K]
0,248	//[grad/step]
version 14.4.20120406
MTP5HE102F5645K-38.60I70D222917+A1.1
Commentary:
SN105HE102
парабола ДНА = 2,5 град
НЕ102 - ПУ - ХВБ с ЦСД " S "
АЦП - 202 - 09 с контр.U пит.и М
оптопара серии - 2
Т out № 178 пл
БП LPS - 112
End Of Commentary

SYSTEM\summer.dat
data time	0	50	100	150	200	250	300	350	400	450	500	550	600	650	700	750	800	850	900	950	1000	OutsideTemperature
29/08/2022 00:00:00	12,94	12,88	12,78	12,71	12,67	12,53	12,40	12,28	12,10	11,89	11,66	11,42	11,17	10,91	10,65	10,35	10,05	9,73	9,41	9,06	8,72	12,96
29/08/2022 00:05:00	12,81	12,72	12,56	12,47	12,49	12,34	12,20	12,09	11,94	11,78	11,60	11,41	11,21	10,98	10,75	10,47	10,19	9,88	9,57	9,24	8,90	12,95
29/08/2022 00:10:00	12,95	12,92	12,85	12,79	12,74	12,56	12,36	12,17	11,97	11,77	11,51	11,24	10,98	10,69	10,41	10,10	9,78	9,46	9,13	8,78	8,44	12,94
29/08/2022 00:15:00	12,98	12,82	12,70	12,60	12,51	12,46	12,33	12,11	11,87	11,66	11,54	11,36	11,19	10,95	10,72	10,41	10,10	9,77	9,44	9,08	8,73	13,35
29/08/2022 00:20:00	13,18	12,93	12,75	12,61	12,51	12,46	12,37	12,24	12,09	11,93	11,70	11,48	11,25	11,00	10,76	10,48	10,21	9,90	9,59	9,25	8,91	13,07
29/08/2022 00:25:00	13,09	12,93	12,72	12,56	12,45	12,30	12,18	12,10	11,92	11,75	11,59	11,42	11,25	11,04	10,83	10,57	10,30	10,01	9,71	9,39	9,07	13,29
29/08/2022 00:30:00	13,08	12,83	12,68	12,63	12,68	12,60	12,46	12,28	12,12	11,96	11,75	11,52	11,29	11,02	10,76	10,45	10,15	9,81	9,48	9,12	8,76	13,37
29/08/2022 00:35:00	13,08	12,97	12,94	12,92	12,84	12,73	12,55	12,32	12,18	12,03	11,78	11,52	11,26	10,99	10,72	10,41	10,11	9,79	9,46	9,12	8,78	13,45
29/08/2022 00:40:00	13,09	12,97	12,90	12,88	12,94	12,89	12,79	12,67	12,47	12,24	11,98	11,70	11,42	11,12	10,83	10,50	10,18	9,83	9,47	9,09	8,71	13,35
29/08/2022 00:45:00	13,25	12,99	12,86	12,79	12,80	12,72	12,60	12,45	12,27	12,09	11,89	11,67	11,44	11,18	10,92	10,62	10,31	9,98	9,65	9,29	8,93	13,60
29/08/2022 00:50:00	13,25	12,89	12,73	12,67	12,71	12,71	12,63	12,48	12,33	12,16	12,00	11,80	11,60	11,36	11,12	10,82	10,52	10,19	9,85	9,49	9,12	13,60
29/08/2022 00:55:00	13,43	13,24	13,14	13,06	13,00	12,92	12,76	12,54	12,45	12,36	12,14	11,92	11,69	11,45	11,20	10,92	10,64	10,33	10,03	9,69	9,36	13,61
29/08/2022 01:00:00	13,39	13,25	13,23	13,23	13,20	13,06	12,91	12,75	12,54	12,32	12,11	11,87	11,62	11,35	11,07	10,75	10,43	10,09	9,74	9,38	9,01	13,59
29/08/2022 01:05:00	13,32	13,19	13,12	13,10	13,12	13,09	12,97	12,76	12,59	12,41	12,18	11,93	11,68	11,40	11,12	10,80	10,48	10,13	9,78	9,41	9,03	13,57
29/08/2022 01:10:00	13,60	13,42	13,43	13,48	13,53	13,57	13,54	13,44	13,19	12,91	12,68	12,41	12,15	11,84	11,54	11,19	10,84	10,46	10,08	9,66	9,24	13,54
29/08/2022 01:15:00	13,51	13,31	13,23	13,18	13,09	13,16	13,20	13,18	12,96	12,73	12,56	12,35	12,15	11,91	11,67	11,38	11,09	10,75	10,41	10,04	9,66	13,49
29/08/2022 01:20:00	13,54	13,30	13,24	13,24	13,27	13,22	13,12	13,01	12,90	12,76	12,54	12,30	12,06	11,80	11,54	11,25	10,96	10,63	10,30	9,94	9,58	13,54
29/08/2022 01:25:00	13,48	13,24	12,95	12,68	12,44	12,30	12,21	12,19	12,14	12,14	12,21	12,26	12,30	12,25	12,20	12,03	11,86	11,64	11,43	11,18	10,94	13,45
29/08/2022 01:30:00	13,31	13,20	13,14	13,06	12,92	12,76	12,59	12,43	12,30	12,16	11,95	11,73	11,50	11,26	11,03	10,75	10,47	10,17	9,87	9,55	9,23	13,42
29/08/2022 01:35:00	13,22	13,12	13,13	13,07	12,88	12,68	12,52	12,43	12,28	12,16	12,07	11,95	11,83	11,65	11,47	11,21	10,95	10,68	10,40	10,11	9,81	13,18
29/08/2022 01:40:00	13,20	12,99	12,89	12,78	12,62	12,50	12,37	12,24	12,16	12,12	12,15	12,13	12,10	11,99	11,88	11,65	11,42	11,17	10,91	10,63	10,35	12,98
29/08/2022 01:45:00	13,05	13,01	12,90	12,90	13,03	12,99	12,92	12,85	12,79	12,71	12,54	12,35	12,17	11,95	11,73	11,45	11,18	10,87	10,56	10,21	9,87	12,79
29/08/2022 01:50:00	12,68	12,60	12,44	12,38	12,46	12,55	12,60	12,59	12,46	12,35	12,34	12,28	12,21	12,06	11,91	11,65	11,40	11,09	10,79	10,44	10,10	12,76
29/08/2022 01:55:00	12,76	12,70	12,65	12,64	12,68	12,67	12,64	12,62	12,44	12,28	12,24	12,14	12,04	11,86	11,67	11,40	11,12	10,80	10,49	10,14	9,79	12,92
29/08/2022 02:00:00	12,68	12,66	12,58	12,60	12,77	12,83	12,84	12,81	12,72	12,62	12,50	12,34	12,19	11,98	11,78	11,50	11,23	10,90	10,58	10,22	9,86	12,67
29/08/2022 02:05:00	12,68	12,57	12,40	12,39	12,61	12,66	12,61	12,49	12,40	12,31	12,22	12,08	11,93	11,73	11,52	11,24	10,95	10,63	10,30	9,94	9,57	12,67
29/08/2022 02:10:00	12,73	12,57	12,41	12,41	12,62	12,66	12,60	12,44	12,33	12,25	12,23	12,14	12,05	11,87	11,68	11,40	11,11	10,78	10,45	10,09	9,73	12,65
29/08/2022 02:15:00	12,71	12,48	12,42	12,33	12,13	12,24	12,37	12,51	12,50	12,45	12,34	12,24	12,14	12,01	11,89	11,70	11,52	11,28	11,04	10,75	10,47	12,66
29/08/2022 02:20:00	12,72	12,49	12,38	12,43	12,64	12,88	13,00	13,01	12,99	12,93	12,77	12,59	12,41	12,20	11,98	11,72	11,46	11,13	10,81	10,43	10,05	12,79
29/08/2022 02:25:00	12,67	12,64	12,63	12,73	12,98	13,01	12,95	12,83	12,74	12,64	12,47	12,26	12,05	11,80	11,55	11,24	10,93	10,58	10,24	9,86	9,47	12,62
29/08/2022 02:30:00	12,66	12,58	12,54	12,58	12,68	12,75	12,79	12,82	12,81	12,76	12,55	12,36	12,16	11,95	11,74	11,49	11,24	10,95	10,65	10,31	9,97	12,87
29/08/2022 02:35:00	12,74	12,47	12,37	12,36	12,46	12,42	12,41	12,45	12,41	12,37	12,32	12,24	12,15	12,01	11,86	11,63	11,39	11,11	10,84	10,52	10,21	12,66
29/08/2022 02:40:00	12,70	12,48	12,42	12,45	12,58	12,62	12,63	12,63	12,56	12,50	12,49	12,42	12,34	12,19	12,03	11,78	11,53	11,23	10,93	10,60	10,27	12,71
29/08/2022 02:45:00	12,76	12,56	12,45	12,44	12,54	12,52	12,50	12,50	12,32	12,17	12,16	12,08	12,00	11,83	11,66	11,38	11,11	10,79	10,47	10,12	9,77	12,61
29/08/2022 02:50:00	12,74	12,59	12,53	12,49	12,44	12,39	12,33	12,28	12,19	12,13	12,12	12,06	12,01	11,87	11,73	11,49	11,25	10,98	10,71	10,40	10,10	12,73
29/08/2022 02:55:00	12,69	12,54	12,50	12,57	12,72	12,76	12,76	12,73	12,61	12,48	12,32	12,13	11,94	11,71	11,48	11,18	10,89	10,56	10,23	9,85	9,48	13,10
29/08/2022 03:00:00	12,61	12,55	12,65	12,77	12,84	12,87	12,85	12,79	12,61	12,42	12,30	12,12	11,94	11,70	11,46	11,15	10,83	10,49	10,15	9,77	9,40	13,00
29/08/2022 03:05:00	12,64	12,44	12,44	12,50	12,61	12,66	12,67	12,65	12,53	12,41	12,34	12,20	12,07	11,87	11,67	11,40	11,12	10,80	10,48	10,12	9,76	12,70
29/08/2022 03:10:00	12,54	12,45	12,39	12,45	12,65	12,76	12,78	12,73	12,64	12,54	12,43	12,27	12,12	11,90	11,69	11,41	11,12	10,79	10,46	10,09	9,72	12,67
29/08/2022 03:15:00	12,57	12,43	12,40	12,44	12,51	12,64	12,71	12,70	12,59	12,48	12,41	12,30	12,18	12,00	11,82	11,55	11,28	10,97	10,65	10,30	9,94	12,64
29/08/2022 03:20:00	12,75	12,64	12,41	12,27	12,26	12,32	12,39	12,47	12,45	12,44	12,46	12,46	12,46	12,38	12,30	12,11	11,92	11,67	11,42	11,13	10,84	12,66
29/08/2022 03:25:00	12,74	12,66	12,45	12,46	12,77	12,82	12,82	12,82	12,72	12,62	12,54	12,40	12,27	12,07	11,87	11,59	11,31	10,98	10,65	10,27	9,89	12,69
29/08/2022 03:30:00	12,76	12,51	12,25	12,12	12,18	12,24	12,30	12,34	12,27	12,23	12,31	12,33	12,34	12,26	12,17	11,96	11,75	11,48	11,22	10,91	10,60	12,70
29/08/2022 03:35:00	12,63	12,51	12,37	12,27	12,25	12,31	12,27	12,14	12,06	12,02	12,00	11,93	11,86	11,72	11,57	11,33	11,09	10,81	10,52	10,21	9,90	12,74
29/08/2022 03:40:00	12,75	12,52	12,35	12,30	12,40	12,33	12,28	12,28	12,24	12,21	12,18	12,11	12,05	11,91	11,77	11,54	11,31	11,03	10,76	10,45	10,14	12,75
29/08/2022 03:45:00	12,65	12,48	12,33	12,28	12,31	12,33	12,32	12,28	12,19	12,11	12,08	12,00	11,92	11,76	11,61	11,37	11,12	10,83	10,54	10,22	9,90	12,60
29/08/2022 03:50:00	12,55	12,35	12,21	12,14	12,15	12,10	12,10	12,17	12,04	11,93	11,95	11,91	11,87	11,75	11,62	11,39	11,15	10,88	10,60	10,30	9,99	12,57
29/08/2022 03:55:00	12,55	12,35	12,16	12,04	12,04	12,13	12,13	12,04	11,92	11,84	11,86	11,82	11,77	11,64	11,50	11,26	11,01	10,73	10,44	10,12	9,80	12,49
29/08/2022 04:00:00	12,31	12,12	11,99	11,91	11,88	11,92	11,98	12,06	11,96	11,89	11,91	11,89	11,86	11,75	11,64	11,43	11,21	10,95	10,68	10,38	10,08	12,44
29/08/2022 04:05:00	12,31	12,04	11,91	11,88	11,96	12,08	12,15	12,19	12,17	12,15	12,10	12,02	11,94	11,80	11,66	11,44	11,22	10,94	10,66	10,35	10,03	12,35
29/08/2022 04:10:00	12,17	11,83	11,67	11,60	11,64	11,71	11,75	11,77	11,80	11,86	11,95	11,99	12,04	11,97	11,91	11,73	11,54	11,30	11,07	10,79	10,52	12,21
29/08/2022 04:15:00	12,10	11,76	11,58	11,45	11,38	11,33	11,35	11,47	11,46	11,49	11,60	11,67	11,73	11,70	11,66	11,50	11,34	11,13	10,92	10,68	10,44	12,11
29/08/2022 04:20:00	12,11	11,72	11,58	11,55	11,63	11,71	11,81	11,95	11,95	11,94	11,92	11,87	11,82	11,70	11,59	11,39	11,19	10,94	10,68	10,38	10,09	12,08
29/08/2022 04:25:00	12,06	11,86	11,71	11,64	11,68	11,70	11,70	11,70	11,66	11,65	11,69	11,67	11,66	11,56	11,45	11,24	11,03	10,77	10,52	10,23	9,94	12,13
29/08/2022 04:30:00	12,10	11,79	11,69	11,67	11,72	11,86	11,95	12,00	12,03	12,05	11,97	11,88	11,79	11,65	11,51	11,31	11,11	10,85	10,59	10,29	9,99	12,09
29/08/2022 04:35:00	11,97	11,69	11,57	11,53	11,57	11,71	11,78	11,81	11,81	11,83	11,88	11,88	11,88	11,79	11,70	11,50	11,29	11,04	10,79	10,50	10,20	12,02
29/08/2022 04:40:00	12,00	11,60	11,45	11,49	11,74	11,84	11,91	11,97	11,98	12,00	12,02	11,98	11,94	11,82	11,70	11,48	11,25	10,98	10,70	10,38	10,05	11,98
29/08/2022 04:45:00	11,99	11,59	11,45	11,40	11,46	11,69	11,83	11,87	11,86	11,87	11,89	11,87	11,85	11,74	11,64	11,43	11,22	10,96	10,70	10,39	10,08	11,94
29/08/2022 04:50:00	11,94	11,40	11,21	11,16	11,24	11,48	11,66	11,80	11,86	11,95	12,08	12,15	12,22	12,18	12,15	11,99	11,82	11,59	11,36	11,08	10,80	11,88
29/08/2022 04:55:00	11,80	11,47	11,41	11,44	11,55	11,65	11,72	11,76	11,79	11,82	11,83	11,79	11,75	11,64	11,52	11,31	11,11	10,85	10,59	10,29	10,00	11,75
29/08/2022 05:00:00	11,74	11,40	11,31	11,31	11,39	11,54	11,62	11,64	11,59	11,59	11,71	11,75	11,79	11,71	11,63	11,41	11,19	10,93	10,66	10,36	10,06	11,69
29/08/2022 05:05:00	11,64	11,37	11,22	11,26	11,50	11,65	11,73	11,77	11,86	11,95	11,98	11,96	11,94	11,85	11,75	11,55	11,35	11,09	10,84	10,54	10,23	11,60
29/08/2022 05:10:00	11,68	11,29	11,13	11,13	11,31	11,56	11,73	11,81	11,89	11,96	11,95	11,91	11,87	11,77	11,66	11,47	11,29	11,03	10,78	10,47	10,16	11,57
29/08/2022 05:15:00	11,60	11,32	11,19	11,18	11,27	11,52	11,66	11,71	11,76	11,84	11,95	11,99	12,04	11,98	11,92	11,74	11,56	11,31	11,07	10,78	10,49	11,57
29/08/2022 05:20:00	11,64	11,25	11,20	11,25	11,38	11,49	11,51	11,49	11,53	11,58	11,62	11,59	11,57	11,46	11,35	11,13	10,92	10,66	10,40	10,11	9,81	11,56
29/08/2022 05:25:00	11,54	11,28	11,25	11,30	11,39	11,46	11,57	11,72	11,63	11,61	11,76	11,82	11,89	11,82	11,76	11,55	11,34	11,08	10,82	10,53	10,24	11,56
29/08/2022 05:30:00	11,51	11,39	11,33	11,34	11,41	11,63	11,74	11,77	11,74	11,75	11,84	11,85	11,87	11,78	11,70	11,49	11,28	11,01	10,75	10,45	10,15	11,57
29/08/2022 05:35:00	11,49	11,27	11,25	11,30	11,40	11,45	11,54	11,69	11,73	11,80	11,93	11,99	12,06	12,02	11,97	11,80	11,62	11,39	11,16	10,90	10,64	11,54
29/08/2022 05:40:00	11,49	11,41	11,28	11,25	11,36	11,36	11,38	11,45	11,48	11,55	11,67	11,73	11,80	11,75	11,70	11,52	11,34	11,12	10,89	10,63	10,37	11,52
29/08/2022 05:45:00	11,59	11,38	11,30	11,36	11,60	11,85	12,02	12,12	12,08	12,06	12,10	12,08	12,05	11,93	11,81	11,58	11,35	11,06	10,77	10,43	10,09	11,53
29/08/2022 05:50:00	11,53	11,40	11,33	11,30	11,31	11,38	11,42	11,45	11,43	11,48	11,63	11,70	11,78	11,73	11,69	11,50	11,31	11,07	10,84	10,58	10,31	11,55
29/08/2022 05:55:00	11,54	11,27	11,23	11,26	11,34	11,44	11,54	11,67	11,66	11,64	11,64	11,60	11,55	11,44	11,32	11,12	10,91	10,66	10,40	10,11	9,81	11,49
29/08/2022 06:00:00	11,58	11,30	11,21	11,28	11,50	11,52	11,52	11,56	11,55	11,54	11,54	11,48	11,42	11,28	11,14	10,91	10,67	10,40	10,12	9,81	9,50	11,62
29/08/2022 06:05:00	11,62	11,41	11,31	11,29	11,37	11,46	11,54	11,61	11,61	11,62	11,69	11,70	11,72	11,63	11,55	11,35	11,16	10,91	10,66	10,38	10,09	11,59
29/08/2022 06:10:00	11,60	11,45	11,29	11,34	11,69	11,77	11,83	11,89	11,81	11,75	11,78	11,74	11,69	11,55	11,40	11,15	10,89	10,59	10,28	9,93	9,58	11,63
29/08/2022 06:15:00	11,53	11,29	11,17	11,23	11,49	11,56	11,59	11,60	11,61	11,64	11,72	11,71	11,71	11,61	11,50	11,28	11,05	10,78	10,50	10,19	9,88	11,54
29/08/2022 06:20:00	11,57	11,29	11,24	11,22	11,18	11,30	11,35	11,35	11,30	11,28	11,33	11,31	11,30	11,19	11,09	10,87	10,66	10,40	10,15	9,86	9,58	11,53
29/08/2022 06:25:00	11,52	11,25	11,08	10,92	10,77	10,62	10,57	10,65	10,58	10,72	11,31	11,73	12,15	12,32	12,49	12,37	12,25	12,09	11,93	11,76	11,59	11,48
29/08/2022 06:30:00	11,54	11,23	11,15	11,15	11,19	11,23	11,24	11,26	11,38	11,47	11,43	11,37	11,31	11,21	11,10	10,93	10,75	10,53	10,31	10,05	9,80	11,53
29/08/2022 06:35:00	11,52	11,23	11,17	11,17	11,23	11,41	11,52	11,56	11,53	11,50	11,51	11,46	11,41	11,29	11,17	10,95	10,73	10,46	10,19	9,88	9,58	11,55
29/08/2022 06:40:00	11,51	11,17	11,00	10,95	11,06	11,22	11,31	11,36	11,38	11,42	11,47	11,47	11,47	11,39	11,30	11,11	10,92	10,67	10,42	10,13	9,85	11,45
29/08/2022 06:45:00	11,39	11,21	11,10	11,04	11,05	11,12	11,11	11,05	10,94	10,91	11,08	11,15	11,21	11,14	11,07	10,84	10,62	10,36	10,10	9,82	9,53	11,40
29/08/2022 06:50:00	11,47	11,19	11,06	10,99	10,98	11,03	11,07	11,12	11,02	11,07	11,45	11,68	11,92	11,96	12,00	11,82	11,64	11,42	11,20	10,95	10,70	11,48
29/08/2022 06:55:00	11,58	11,12	11,00	11,00	11,12	11,31	11,43	11,49	11,49	11,51	11,58	11,59	11,59	11,50	11,41	11,20	11,00	10,74	10,48	10,18	9,88	11,48
29/08/2022 07:00:00	11,46	11,28	11,27	11,29	11,32	11,42	11,45	11,43	11,44	11,45	11,45	11,41	11,36	11,24	11,12	10,91	10,69	10,44	10,18	9,89	9,60	11,50
29/08/2022 07:05:00	11,41	11,12	11,02	11,02	11,10	11,23	11,33	11,40	11,38	11,36	11,35	11,30	11,25	11,13	11,00	10,79	10,59	10,33	10,07	9,77	9,47	11,42
29/08/2022 07:10:00	11,50	11,17	11,15	11,18	11,21	11,29	11,35	11,40	11,36	11,34	11,36	11,33	11,29	11,18	11,06	10,85	10,63	10,37	10,12	9,83	9,53	11,48
29/08/2022 07:15:00	11,57	11,17	11,02	10,96	11,00	11,11	11,22	11,32	11,31	11,32	11,36	11,35	11,34	11,25	11,17	10,98	10,79	10,55	10,31	10,03	9,75	11,58
29/08/2022 07:20:00	11,60	11,38	11,17	11,07	11,09	11,11	11,13	11,18	11,10	11,08	11,15	11,17	11,19	11,10	11,02	10,82	10,62	10,37	10,13	9,85	9,57	11,62
29/08/2022 07:25:00	11,62	11,35	11,17	11,08	11,09	11,20	11,32	11,47	11,42	11,38	11,39	11,37	11,35	11,25	11,15	10,96	10,77	10,53	10,28	10,00	9,71	11,65
29/08/2022 07:30:00	11,72	11,39	11,18	11,06	11,04	11,03	11,06	11,12	11,19	11,26	11,24	11,21	11,19	11,10	11,02	10,86	10,70	10,49	10,28	10,04	9,79	11,73
29/08/2022 07:35:00	11,80	11,36	11,22	11,15	11,12	11,12	11,15	11,21	11,25	11,28	11,26	11,23	11,19	11,10	11,00	10,82	10,64	10,42	10,19	9,94	9,68	11,80
29/08/2022 07:40:00	11,89	11,53	11,34	11,25	11,25	11,30	11,32	11,32	11,32	11,34	11,37	11,35	11,33	11,24	11,14	10,95	10,76	10,52	10,28	10,00	9,73	11,94
29/08/2022 07:45:00	12,03	11,58	11,37	11,29	11,34	11,38	11,39	11,38	11,32	11,28	11,29	11,25	11,21	11,08	10,96	10,74	10,52	10,25	9,99	9,69	9,39	11,98
29/08/2022 07:50:00	12,10	11,68	11,46	11,33	11,30	11,35	11,40	11,46	11,31	11,22	11,29	11,29	11,30	11,20	11,10	10,88	10,66	10,40	10,13	9,83	9,53	12,09
29/08/2022 07:55:00	12,21	11,78	11,49	11,30	11,23	11,09	11,02	11,04	10,96	10,94	11,10	11,18	11,26	11,22	11,18	10,99	10,80	10,58	10,36	10,11	9,86	12,23
29/08/2022 08:00:00	12,37	12,02	11,72	11,55	11,54	11,53	11,49	11,45	11,30	11,17	11,15	11,07	11,00	10,85	10,70	10,46	10,21	9,93	9,65	9,33	9,02	12,31
29/08/2022 08:05:00	12,50	12,16	11,82	11,53	11,31	11,15	11,01	10,90	10,94	11,03	11,09	11,14	11,18	11,14	11,10	10,95	10,81	10,62	10,44	10,24	10,03	12,47
29/08/2022 08:10:00	12,66	12,18	11,88	11,64	11,46	11,33	11,31	11,39	11,28	11,19	11,21	11,19	11,18	11,09	11,00	10,81	10,62	10,39	10,16	9,91	9,65	12,65
29/08/2022 08:15:00	12,75	12,33	11,86	11,49	11,27	11,13	11,04	10,98	10,96	10,97	11,01	11,03	11,05	10,99	10,94	10,78	10,62	10,42	10,22	10,00	9,77	12,80
29/08/2022 08:20:00	12,78	12,26	11,98	11,78	11,68	11,59	11,48	11,38	11,33	11,31	11,32	11,28	11,25	11,14	11,03	10,82	10,61	10,37	10,12	9,85	9,58	12,79
29/08/2022 08:25:00	12,89	12,38	11,99	11,69	11,51	11,42	11,36	11,35	11,33	11,33	11,25	11,19	11,12	11,01	10,90	10,73	10,56	10,34	10,12	9,87	9,62	12,90
29/08/2022 08:30:00	12,98	12,41	12,09	11,87	11,73	11,71	11,72	11,73	11,76	11,75	11,57	11,42	11,26	11,11	10,95	10,76	10,58	10,34	10,11	9,84	9,56	13,13
29/08/2022 08:35:00	13,30	12,75	12,40	12,13	11,94	11,94	11,90	11,80	11,62	11,47	11,43	11,35	11,27	11,12	10,97	10,73	10,49	10,21	9,93	9,61	9,30	13,25
29/08/2022 08:40:00	13,36	12,83	12,38	12,09	12,01	11,86	11,72	11,63	11,56	11,49	11,33	11,18	11,03	10,85	10,67	10,45	10,23	9,97	9,71	9,42	9,13	13,35
29/08/2022 08:45:00	13,41	12,97	12,52	12,16	11,95	11,87	11,76	11,60	11,52	11,47	11,34	11,22	11,09	10,94	10,78	10,57	10,36	10,11	9,86	9,58	9,30	13,48
29/08/2022 08:50:00	13,42	13,04	12,55	12,19	12,05	11,97	11,90	11,84	11,73	11,65	11,60	11,53	11,47	11,34	11,22	11,01	10,81	10,55	10,30	10,01	9,73	13,42
29/08/2022 08:55:00	13,54	13,05	12,57	12,18	11,97	11,86	11,78	11,76	11,66	11,60	11,58	11,55	11,52	11,43	11,33	11,14	10,96	10,73	10,49	10,23	9,97	13,55
29/08/2022 09:00:00	13,65	13,07	12,70	12,42	12,23	12,11	11,97	11,82	11,66	11,51	11,36	11,19	11,03	10,83	10,63	10,38	10,13	9,84	9,55	9,24	8,93	13,66
29/08/2022 09:05:00	13,75	13,26	12,78	12,41	12,20	11,89	11,65	11,49	11,36	11,28	11,26	11,21	11,16	11,04	10,92	10,71	10,49	10,25	10,01	9,76	9,50	13,80
29/08/2022 09:10:00	13,80	13,38	12,91	12,53	12,30	12,02	11,82	11,70	11,54	11,40	11,33	11,24	11,15	11,00	10,86	10,63	10,41	10,15	9,90	9,63	9,35	13,88
29/08/2022 09:15:00	14,02	13,49	13,19	12,97	12,82	12,67	12,56	12,49	12,25	11,97	11,76	11,53	11,30	11,05	10,80	10,51	10,22	9,89	9,57	9,22	8,86	13,92
29/08/2022 09:20:00	14,13	13,59	13,14	12,75	12,44	12,27	12,07	11,82	11,62	11,49	11,55	11,54	11,54	11,43	11,33	11,09	10,86	10,60	10,34	10,06	9,77	14,03
29/08/2022 09:25:00	14,28	13,76	13,30	12,92	12,68	12,56	12,46	12,33	12,19	12,07	11,96	11,84	11,73	11,57	11,41	11,18	10,96	10,69	10,42	10,12	9,82	14,27
29/08/2022 09:30:00	14,42	13,92	13,38	12,94	12,69	12,51	12,31	12,08	11,92	11,83	11,84	11,81	11,78	11,67	11,56	11,34	11,12	10,86	10,60	10,32	10,04	14,62
29/08/2022 09:35:00	14,65	14,14	13,68	13,24	12,82	12,52	12,26	12,04	11,82	11,63	11,51	11,39	11,27	11,10	10,93	10,69	10,45	10,19	9,92	9,65	9,37	14,62
29/08/2022 09:40:00	14,78	14,27	13,82	13,37	12,99	12,65	12,37	12,17	12,02	11,91	11,77	11,64	11,52	11,36	11,20	10,98	10,75	10,51	10,26	10,00	9,74	14,70
29/08/2022 09:45:00	14,81	14,34	13,82	13,36	13,02	12,71	12,40	12,09	11,87	11,70	11,64	11,55	11,46	11,30	11,14	10,89	10,64	10,37	10,10	9,81	9,53	15,10
29/08/2022 09:50:00	14,89	14,43	14,01	13,59	13,19	12,88	12,58	12,29	12,07	11,89	11,71	11,53	11,35	11,14	10,93	10,67	10,41	10,13	9,85	9,56	9,27	14,77
29/08/2022 09:55:00	14,95	14,58	14,10	13,72	13,52	13,25	12,93	12,58	12,32	12,10	11,87	11,63	11,39	11,12	10,86	10,55	10,25	9,92	9,59	9,25	8,91	15,02
29/08/2022 10:00:00	15,13	14,67	14,22	13,82	13,50	13,13	12,77	12,44	12,14	11,88	11,70	11,49	11,29	11,05	10,81	10,51	10,21	9,89	9,58	9,26	8,93	14,94
29/08/2022 10:05:00	15,21	14,82	14,43	14,08	13,76	13,41	13,09	12,83	12,45	12,05	11,78	11,50	11,22	10,92	10,62	10,28	9,94	9,59	9,24	8,88	8,51	15,13
29/08/2022 10:10:00	15,41	14,95	14,52	14,08	13,61	13,17	12,79	12,49	12,16	11,86	11,63	11,40	11,17	10,92	10,67	10,37	10,08	9,78	9,48	9,17	8,86	15,35
29/08/2022 10:15:00	15,52	15,13	14,66	14,19	13,76	13,36	12,99	12,63	12,27	11,91	11,60	11,30	11,01	10,70	10,40	10,08	9,75	9,42	9,09	8,75	8,41	15,48
29/08/2022 10:20:00	15,85	15,25	14,74	14,24	13,77	13,41	13,07	12,71	12,44	12,20	11,87	11,58	11,29	11,01	10,73	10,44	10,15	9,84	9,54	9,22	8,90	15,73
29/08/2022 10:25:00	15,83	15,29	14,79	14,28	13,77	13,33	12,94	12,61	12,27	11,96	11,82	11,66	11,49	11,28	11,07	10,79	10,50	10,21	9,91	9,61	9,31	15,89
29/08/2022 10:30:00	16,01	15,47	14,92	14,42	14,02	13,76	13,52	13,26	13,06	12,89	12,60	12,35	12,10	11,86	11,62	11,36	11,10	10,81	10,51	10,19	9,87	15,92
29/08/2022 10:35:00	16,04	15,57	15,06	14,57	14,15	13,74	13,38	13,08	12,73	12,39	12,16	11,94	11,71	11,45	11,19	10,89	10,58	10,25	9,93	9,59	9,26	16,33
29/08/2022 10:40:00	16,37	15,86	15,39	14,93	14,46	14,04	13,66	13,34	12,99	12,63	12,26	11,92	11,58	11,26	10,94	10,61	10,28	9,94	9,60	9,25	8,90	16,39
29/08/2022 10:45:00	16,52	16,14	15,63	15,12	14,60	14,11	13,64	13,17	12,83	12,56	12,23	11,92	11,61	11,31	11,01	10,70	10,38	10,06	9,74	9,41	9,08	16,70
29/08/2022 10:50:00	16,72	16,23	15,70	15,17	14,68	14,26	13,86	13,46	13,14	12,88	12,50	12,17	11,84	11,53	11,22	10,91	10,60	10,28	9,95	9,61	9,27	16,95
29/08/2022 10:55:00	16,89	16,59	16,06	15,53	15,08	14,65	14,27	13,97	13,53	13,03	12,70	12,38	12,05	11,73	11,40	11,04	10,69	10,32	9,95	9,57	9,18	16,90
29/08/2022 11:00:00	17,20	16,68	16,24	15,79	15,28	14,87	14,47	14,08	13,71	13,35	12,90	12,50	12,09	11,72	11,35	11,00	10,65	10,29	9,93	9,55	9,17	17,21
29/08/2022 11:05:00	17,41	16,79	16,26	15,74	15,25	14,76	14,32	13,92	13,56	13,24	12,86	12,52	12,17	11,85	11,52	11,19	10,86	10,52	10,17	9,82	9,46	17,25
29/08/2022 11:10:00	17,43	17,17	16,60	16,03	15,53	14,91	14,34	13,88	13,46	13,09	12,71	12,37	12,03	11,70	11,36	11,02	10,67	10,32	9,97	9,62	9,28	17,38
29/08/2022 11:15:00	17,66	17,15	16,64	16,11	15,55	15,10	14,66	14,15	13,70	13,28	12,83	12,41	11,99	11,61	11,22	10,84	10,47	10,09	9,71	9,32	8,93	17,68
29/08/2022 11:20:00	17,82	17,30	16,80	16,29	15,75	15,21	14,72	14,32	13,86	13,36	12,89	12,46	12,03	11,63	11,23	10,85	10,47	10,08	9,69	9,30	8,90	18,14
29/08/2022 11:25:00	17,86	17,52	16,95	16,36	15,79	15,26	14,76	14,27	13,83	13,41	12,95	12,54	12,13	11,76	11,38	11,01	10,65	10,28	9,91	9,53	9,16	17,61
29/08/2022 11:30:00	18,02	17,64	17,08	16,49	15,90	15,32	14,78	14,28	13,87	13,53	13,15	12,81	12,47	12,14	11,81	11,47	11,13	10,79	10,44	10,09	9,75	17,79
29/08/2022 11:35:00	18,15	17,81	17,23	16,61	16,02	15,49	14,97	14,43	13,95	13,50	13,12	12,75	12,39	12,04	11,68	11,31	10,94	10,56	10,19	9,81	9,43	18,37
29/08/2022 11:40:00	18,35	18,01	17,40	16,72	16,01	15,36	14,81	14,40	13,99	13,58	13,16	12,81	12,45	12,12	11,79	11,47	11,14	10,81	10,48	10,14	9,81	18,28
29/08/2022 11:45:00	18,57	18,05	17,44	16,82	16,21	15,62	15,06	14,55	14,10	13,68	13,32	12,97	12,63	12,30	11,96	11,61	11,25	10,89	10,53	10,16	9,80	18,33
29/08/2022 11:50:00	18,62	18,04	17,46	16,93	16,48	15,95	15,47	15,11	14,70	14,27	13,74	13,26	12,79	12,37	11,95	11,57	11,20	10,80	10,40	9,99	9,58	18,17
29/08/2022 11:55:00	18,61	18,33	17,83	17,24	16,53	15,95	15,44	14,93	14,45	13,99	13,50	13,07	12,63	12,24	11,85	11,47	11,10	10,72	10,34	9,96	9,58	18,41
29/08/2022 12:00:00	18,85	18,35	17,90	17,38	16,72	16,12	15,55	15,02	14,53	14,05	13,58	13,14	12,70	12,29	11,89	11,49	11,10	10,71	10,32	9,93	9,54	18,84
29/08/2022 12:05:00	18,86	18,47	17,86	17,24	16,60	16,05	15,54	15,04	14,54	14,04	13,67	13,33	12,99	12,64	12,29	11,92	11,55	11,16	10,78	10,39	10,00	18,53
29/08/2022 12:10:00	18,99	18,52	17,98	17,43	16,94	16,44	15,95	15,47	14,91	14,29	13,85	13,43	13,01	12,59	12,17	11,74	11,31	10,87	10,43	9,98	9,53	18,42
29/08/2022 12:15:00	19,10	18,55	18,00	17,44	16,85	16,25	15,66	15,10	14,56	14,03	13,59	13,16	12,74	12,34	11,93	11,52	11,11	10,70	10,29	9,88	9,46	18,79
29/08/2022 12:20:00	19,11	18,66	18,16	17,60	16,93	16,27	15,65	15,12	14,60	14,08	13,75	13,42	13,09	12,75	12,41	12,02	11,64	11,26	10,88	10,50	10,12	19,10
29/08/2022 12:25:00	19,15	18,74	18,11	17,46	16,81	16,16	15,56	15,06	14,58	14,11	13,73	13,38	13,03	12,68	12,34	11,97	11,61	11,24	10,87	10,49	10,12	18,97
29/08/2022 12:30:00	19,18	18,59	18,06	17,54	17,02	16,46	15,93	15,52	15,07	14,60	14,10	13,63	13,17	12,76	12,35	11,95	11,56	11,16	10,76	10,34	9,92	19,12
29/08/2022 12:35:00	19,24	18,72	18,26	17,75	17,08	16,54	16,03	15,46	14,95	14,50	13,95	13,45	12,95	12,51	12,07	11,66	11,25	10,84	10,43	10,01	9,59	18,80
29/08/2022 12:40:00	19,39	18,78	18,26	17,71	17,09	16,52	15,97	15,41	14,84	14,26	13,87	13,49	13,11	12,72	12,33	11,91	11,49	11,07	10,66	10,23	9,81	19,07
29/08/2022 12:45:00	19,32	18,90	18,36	17,78	17,16	16,60	16,09	15,63	15,17	14,71	14,19	13,72	13,25	12,84	12,42	12,04	11,65	11,25	10,86	10,45	10,04	19,04
29/08/2022 12:50:00	19,34	18,98	18,49	17,96	17,40	16,83	16,26	15,67	15,10	14,54	14,13	13,73	13,33	12,93	12,53	12,10	11,67	11,24	10,82	10,39	9,96	18,84
29/08/2022 12:55:00	19,60	19,07	18,54	17,98	17,34	16,80	16,28	15,72	15,20	14,69	14,23	13,80	13,36	12,96	12,55	12,14	11,73	11,32	10,91	10,49	10,07	19,76
29/08/2022 13:00:00	19,58	19,13	18,63	18,10	17,46	16,88	16,35	15,84	15,30	14,75	14,28	13,83	13,39	12,97	12,55	12,14	11,72	11,30	10,88	10,45	10,03	19,29
29/08/2022 13:05:00	19,41	18,98	18,48	17,96	17,44	16,87	16,30	15,74	15,21	14,70	14,30	13,90	13,50	13,11	12,71	12,30	11,88	11,46	11,04	10,61	10,19	19,43
29/08/2022 13:10:00	19,70	19,31	18,73	18,07	17,28	16,61	16,02	15,46	14,94	14,45	14,06	13,71	13,36	13,01	12,66	12,29	11,92	11,55	11,18	10,81	10,44	19,90
29/08/2022 13:15:00	19,67	19,29	18,79	18,25	17,67	17,10	16,53	15,92	15,38	14,87	14,39	13,94	13,49	13,06	12,64	12,21	11,79	11,36	10,93	10,50	10,07	19,92
29/08/2022 13:20:00	19,86	19,51	18,95	18,34	17,73	17,13	16,58	16,08	15,56	15,01	14,41	13,87	13,32	12,85	12,38	11,96	11,54	11,11	10,67	10,23	9,79	19,81
29/08/2022 13:25:00	19,84	19,26	18,75	18,21	17,59	17,06	16,56	16,02	15,52	15,06	14,60	14,16	13,72	13,32	12,91	12,51	12,11	11,70	11,29	10,87	10,45	19,42
29/08/2022 13:30:00	19,91	19,43	18,94	18,38	17,71	17,15	16,60	15,98	15,44	14,96	14,60	14,24	13,89	13,53	13,17	12,77	12,37	11,96	11,56	11,15	10,75	19,60
29/08/2022 13:35:00	19,82	19,58	19,04	18,48	17,93	17,35	16,77	16,23	15,70	15,18	14,73	14,30	13,88	13,47	13,06	12,64	12,22	11,79	11,37	10,93	10,50	19,91
29/08/2022 13:40:00	20,10	19,66	19,09	18,48	17,83	17,18	16,55	15,94	15,40	14,91	14,53	14,16	13,80	13,44	13,07	12,67	12,27	11,87	11,47	11,07	10,67	19,96
29/08/2022 13:45:00	20,01	19,61	19,10	18,56	17,95	17,35	16,78	16,26	15,74	15,21	14,77	14,35	13,94	13,54	13,14	12,73	12,32	11,90	11,48	11,06	10,63	19,81
29/08/2022 13:50:00	20,13	19,69	19,20	18,67	18,10	17,55	17,02	16,49	15,99	15,53	14,99	14,49	13,98	13,54	13,09	12,67	12,26	11,83	11,40	10,96	10,52	19,92
29/08/2022 13:55:00	20,11	19,74	19,16	18,51	17,79	17,20	16,66	16,09	15,60	15,18	14,80	14,45	14,11	13,76	13,42	13,05	12,69	12,31	11,93	11,54	11,16	19,72
29/08/2022 14:00:00	20,09	19,68	19,14	18,59	18,03	17,40	16,79	16,29	15,79	15,28	14,89	14,51	14,14	13,77	13,40	13,00	12,59	12,18	11,77	11,36	10,94	19,84
29/08/2022 14:05:00	20,12	19,83	19,29	18,70	18,11	17,54	16,99	16,45	15,92	15,39	14,94	14,51	14,09	13,69	13,28	12,87	12,46	12,03	11,61	11,18	10,74	20,04
29/08/2022 14:10:00	20,27	19,92	19,41	18,87	18,28	17,72	17,17	16,58	16,05	15,55	15,07	14,61	14,16	13,73	13,31	12,88	12,46	12,02	11,59	11,15	10,71	20,16
29/08/2022 14:15:00	20,45	20,04	19,47	18,87	18,28	17,70	17,15	16,65	16,13	15,59	15,12	14,68	14,25	13,84	13,43	13,01	12,60	12,17	11,75	11,31	10,87	20,13
29/08/2022 14:20:00	20,17	19,86	19,38	18,81	18,11	17,50	16,91	16,26	15,69	15,18	14,76	14,35	13,95	13,55	13,16	12,74	12,32	11,91	11,49	11,08	10,66	20,08
29/08/2022 14:25:00	20,07	19,85	19,35	18,80	18,23	17,65	17,07	16,49	16,02	15,64	15,15	14,70	14,25	13,84	13,44	13,04	12,64	12,24	11,83	11,41	11,00	20,26
29/08/2022 14:30:00	20,31	19,86	19,33	18,77	18,19	17,63	17,07	16,53	16,04	15,60	15,15	14,73	14,31	13,91	13,51	13,11	12,71	12,30	11,88	11,46	11,04	20,29
29/08/2022 14:35:00	20,49	19,94	19,41	18,88	18,34	17,77	17,22	16,70	16,21	15,74	15,19	14,68	14,17	13,72	13,27	12,84	12,42	11,99	11,55	11,10	10,65	20,69
29/08/2022 14:40:00	20,62	20,20	19,57	18,93	18,36	17,85	17,33	16,69	16,16	15,73	15,29	14,88	14,46	14,07	13,67	13,26	12,85	12,43	12,00	11,56	11,13	21,36
29/08/2022 14:45:00	20,72	20,31	19,82	19,33	18,83	18,27	17,70	17,13	16,58	16,04	15,55	15,09	14,63	14,19	13,74	13,30	12,85	12,39	11,93	11,46	10,99	20,71
29/08/2022 14:50:00	20,79	20,35	19,82	19,26	18,69	18,12	17,59	17,13	16,63	16,11	15,61	15,15	14,69	14,27	13,84	13,43	13,01	12,58	12,14	11,70	11,25	20,77
29/08/2022 14:55:00	20,77	20,40	19,85	19,30	18,73	18,15	17,58	17,04	16,50	15,95	15,47	15,03	14,59	14,17	13,74	13,31	12,88	12,44	11,99	11,54	11,08	20,72
29/08/2022 15:00:00	20,79	20,38	19,89	19,34	18,74	18,15	17,57	17,02	16,50	16,01	15,52	15,07	14,61	14,19	13,76	13,34	12,92	12,49	12,06	11,62	11,18	20,67
29/08/2022 15:05:00	20,71	20,46	19,89	19,31	18,78	18,28	17,78	17,20	16,67	16,17	15,68	15,23	14,77	14,34	13,91	13,48	13,05	12,60	12,15	11,69	11,22	21,01
29/08/2022 15:10:00	20,79	20,52	19,99	19,41	18,79	18,20	17,63	17,07	16,56	16,08	15,57	15,10	14,63	14,20	13,77	13,36	12,94	12,51	12,08	11,65	11,21	20,79
29/08/2022 15:15:00	21,03	20,57	20,02	19,40	18,71	18,13	17,61	17,05	16,51	15,97	15,51	15,10	14,68	14,28	13,88	13,47	13,05	12,63	12,20	11,76	11,32	20,86
29/08/2022 15:20:00	20,82	20,34	19,83	19,30	18,73	18,21	17,69	17,09	16,56	16,07	15,59	15,13	14,67	14,24	13,81	13,38	12,95	12,50	12,06	11,60	11,14	20,76
29/08/2022 15:25:00	20,69	20,34	19,84	19,32	18,78	18,23	17,68	17,12	16,59	16,09	15,59	15,13	14,67	14,23	13,80	13,37	12,93	12,48	12,03	11,57	11,11	20,71
29/08/2022 15:30:00	20,73	20,38	19,82	19,25	18,74	18,19	17,64	17,11	16,59	16,09	15,56	15,07	14,58	14,14	13,69	13,26	12,83	12,38	11,93	11,47	11,00	20,83
29/08/2022 15:35:00	20,70	20,50	20,00	19,45	18,90	18,30	17,70	17,13	16,60	16,10	15,60	15,14	14,67	14,24	13,80	13,37	12,94	12,50	12,06	11,61	11,16	20,79
29/08/2022 15:40:00	20,75	20,46	20,01	19,51	18,90	18,37	17,86	17,33	16,78	16,22	15,76	15,32	14,89	14,47	14,05	13,61	13,18	12,73	12,28	11,82	11,36	20,69
29/08/2022 15:45:00	20,68	20,36	19,80	19,26	18,86	18,27	17,64	17,11	16,62	16,17	15,65	15,16	14,66	14,22	13,77	13,34	12,91	12,46	12,01	11,55	11,09	20,73
29/08/2022 15:50:00	20,74	20,45	19,98	19,50	18,99	18,42	17,84	17,29	16,76	16,27	15,78	15,31	14,84	14,41	13,97	13,53	13,09	12,64	12,19	11,73	11,27	20,65
29/08/2022 15:55:00	20,64	20,32	19,90	19,43	18,77	18,21	17,68	17,12	16,58	16,07	15,61	15,18	14,75	14,34	13,93	13,50	13,08	12,64	12,20	11,76	11,32	20,52
29/08/2022 16:00:00	20,43	20,08	19,64	19,21	18,77	18,28	17,78	17,28	16,75	16,20	15,72	15,26	14,80	14,36	13,92	13,47	13,02	12,55	12,08	11,60	11,11	20,51
29/08/2022 16:05:00	20,50	20,15	19,64	19,12	18,62	18,11	17,61	17,09	16,59	16,11	15,68	15,28	14,87	14,48	14,08	13,67	13,25	12,81	12,38	11,92	11,47	20,40
29/08/2022 16:10:00	20,57	20,15	19,70	19,25	18,77	18,28	17,78	17,26	16,74	16,21	15,74	15,28	14,83	14,39	13,96	13,52	13,07	12,62	12,16	11,68	11,21	20,53
29/08/2022 16:15:00	18,12	18,02	18,17	18,28	18,19	18,22	18,19	17,99	17,79	17,58	17,31	17,01	16,71	16,39	16,07	15,70	15,33	14,90	14,47	14,00	13,52	19,91
29/08/2022 16:20:00	19,40	19,27	18,91	18,51	18,10	17,64	17,21	16,88	16,55	16,21	16,00	15,79	15,57	15,32	15,06	14,72	14,38	14,01	13,64	13,25	12,87	19,71
29/08/2022 16:25:00	19,39	19,23	18,87	18,49	18,10	17,72	17,33	16,92	16,63	16,42	16,09	15,77	15,45	15,14	14,82	14,48	14,14	13,77	13,39	13,00	12,60	19,52
29/08/2022 16:30:00	19,50	19,31	18,98	18,63	18,28	17,91	17,54	17,15	16,78	16,44	16,06	15,70	15,34	14,98	14,62	14,24	13,86	13,44	13,03	12,59	12,15	19,92
29/08/2022 16:35:00	19,66	19,45	19,19	18,88	18,48	18,02	17,56	17,13	16,71	16,30	15,92	15,56	15,19	14,81	14,44	14,04	13,63	13,21	12,79	12,35	11,91	19,57
29/08/2022 16:40:00	19,71	19,37	19,02	18,63	18,17	17,80	17,41	16,96	16,60	16,31	16,02	15,73	15,44	15,14	14,83	14,47	14,11	13,73	13,34	12,93	12,52	19,56
29/08/2022 16:45:00	19,76	19,62	19,24	18,84	18,41	18,04	17,64	17,13	16,66	16,22	15,83	15,44	15,06	14,68	14,29	13,88	13,46	13,02	12,58	12,12	11,66	19,63
29/08/2022 16:50:00	19,97	19,54	19,17	18,84	18,55	18,17	17,76	17,36	16,97	16,59	16,15	15,72	15,28	14,88	14,47	14,06	13,65	13,21	12,76	12,29	11,83	19,94
29/08/2022 16:55:00	20,08	19,81	19,44	19,04	18,54	18,10	17,67	17,20	16,71	16,21	15,83	15,46	15,09	14,71	14,33	13,91	13,49	13,05	12,61	12,16	11,70	19,88
29/08/2022 17:00:00	20,11	19,86	19,44	18,98	18,51	18,07	17,65	17,25	16,79	16,29	15,89	15,51	15,12	14,74	14,36	13,96	13,56	13,12	12,69	12,24	11,78	20,09
29/08/2022 17:05:00	20,19	19,91	19,52	19,15	18,80	18,45	18,12	17,79	17,43	17,03	15,98	15,04	14,11	13,41	12,71	12,25	11,78	11,27	10,76	10,21	9,66	20,06
29/08/2022 17:10:00	17,73	17,06	16,47	15,90	15,39	14,97	14,58	14,21	13,91	13,67	13,81	13,88	13,94	13,86	13,79	13,54	13,29	13,01	12,74	12,45	12,17	18,17
29/08/2022 17:15:00	16,74	16,40	16,23	16,11	15,99	15,98	15,93	15,77	15,75	15,80	15,54	15,31	15,08	14,85	14,62	14,36	14,10	13,78	13,46	13,09	12,72	16,88
29/08/2022 17:20:00	16,20	15,88	15,75	15,64	15,47	15,46	15,50	15,58	15,66	15,80	16,06	16,26	16,45	16,50	16,55	16,40	16,26	16,04	15,81	15,55	15,28	16,20
29/08/2022 17:25:00	16,20	15,95	15,82	15,69	15,50	15,40	15,28	15,14	15,05	15,03	15,18	15,25	15,32	15,25	15,19	14,97	14,74	14,46	14,18	13,87	13,56	16,01
29/08/2022 17:30:00	15,79	15,66	15,47	15,34	15,30	15,23	15,16	15,14	15,24	15,45	15,73	15,94	16,15	16,21	16,26	16,11	15,97	15,75	15,53	15,27	15,02	15,92
29/08/2022 17:35:00	15,81	15,52	15,37	15,28	15,25	15,13	14,98	14,86	14,76	14,70	14,78	14,78	14,78	14,67	14,56	14,31	14,05	13,74	13,44	13,10	12,77	15,82
29/08/2022 17:40:00	15,83	15,64	15,51	15,39	15,27	15,14	15,00	14,87	14,73	14,61	14,49	14,35	14,21	14,01	13,82	13,54	13,26	12,94	12,61	12,26	11,90	15,80
29/08/2022 17:45:00	15,81	15,65	15,49	15,31	15,07	14,86	14,68	14,55	14,37	14,18	14,02	13,84	13,67	13,45	13,24	12,95	12,67	12,35	12,03	11,69	11,34	15,81
29/08/2022 17:50:00	15,85	15,50	15,23	14,96	14,70	14,51	14,35	14,22	14,17	14,19	14,27	14,31	14,35	14,29	14,23	14,03	13,83	13,59	13,34	13,07	12,80	15,87
29/08/2022 17:55:00	15,79	15,50	15,31	15,17	15,06	15,05	15,03	14,96	14,77	14,55	14,48	14,36	14,24	14,05	13,86	13,57	13,28	12,93	12,59	12,20	11,81	15,90
29/08/2022 18:00:00	15,72	15,44	15,22	15,02	14,82	14,62	14,45	14,37	14,29	14,26	14,31	14,32	14,32	14,23	14,14	13,93	13,71	13,44	13,17	12,88	12,59	15,84
29/08/2022 18:05:00	15,84	15,27	15,04	14,90	14,88	14,77	14,66	14,58	14,49	14,44	14,49	14,48	14,46	14,34	14,23	13,98	13,73	13,43	13,13	12,79	12,46	15,75
29/08/2022 18:10:00	15,77	15,52	15,32	15,13	14,94	14,79	14,65	14,54	14,45	14,40	14,39	14,34	14,30	14,18	14,06	13,82	13,59	13,30	13,02	12,71	12,39	15,70
29/08/2022 18:15:00	15,81	15,43	15,17	14,97	14,82	14,72	14,61	14,48	14,40	14,37	14,32	14,25	14,17	14,03	13,89	13,65	13,42	13,12	12,83	12,51	12,18	15,74
29/08/2022 18:20:00	15,70	15,53	15,26	15,02	14,86	14,73	14,60	14,48	14,39	14,34	14,32	14,27	14,22	14,10	13,97	13,74	13,51	13,22	12,94	12,62	12,30	15,79
29/08/2022 18:25:00	15,74	15,35	15,02	14,78	14,63	14,49	14,37	14,33	14,27	14,24	14,24	14,21	14,18	14,07	13,97	13,75	13,54	13,26	12,99	12,68	12,38	15,77
29/08/2022 18:30:00	15,78	15,33	14,94	14,66	14,54	14,45	14,34	14,20	14,11	14,10	14,25	14,32	14,39	14,34	14,29	14,07	13,86	13,58	13,31	13,01	12,70	15,74
29/08/2022 18:35:00	15,73	15,28	14,97	14,72	14,52	14,45	14,37	14,27	14,21	14,22	14,22	14,20	14,18	14,08	13,98	13,77	13,56	13,29	13,02	12,71	12,41	15,74
29/08/2022 18:40:00	15,70	15,42	15,18	14,92	14,64	14,47	14,34	14,25	14,11	13,98	14,00	13,98	13,96	13,85	13,74	13,51	13,28	13,00	12,72	12,41	12,11	15,77
29/08/2022 18:45:00	15,75	15,47	15,23	14,96	14,60	14,43	14,28	14,13	14,05	14,03	13,94	13,86	13,78	13,64	13,51	13,30	13,08	12,82	12,56	12,28	11,99	15,75
29/08/2022 18:50:00	15,74	15,33	15,00	14,72	14,52	14,39	14,25	14,10	13,98	13,90	13,82	13,73	13,63	13,48	13,32	13,08	12,84	12,55	12,26	11,93	11,61	15,69
29/08/2022 18:55:00	15,61	15,23	14,89	14,57	14,27	13,99	13,77	13,64	13,52	13,46	13,54	13,58	13,61	13,54	13,47	13,26	13,06	12,81	12,56	12,29	12,02	15,63
29/08/2022 19:00:00	15,51	15,41	15,04	14,70	14,47	14,20	13,96	13,76	13,58	13,46	13,44	13,39	13,35	13,22	13,08	12,84	12,59	12,31	12,03	11,73	11,43	15,59
29/08/2022 19:05:00	15,57	15,15	14,79	14,48	14,24	14,05	13,84	13,61	13,51	13,49	13,41	13,33	13,24	13,09	12,95	12,72	12,48	12,21	11,94	11,64	11,34	15,59
29/08/2022 19:10:00	15,48	15,26	14,89	14,53	14,22	13,94	13,74	13,63	13,41	13,21	13,18	13,12	13,07	12,93	12,80	12,55	12,31	12,02	11,74	11,44	11,14	15,54
29/08/2022 19:15:00	15,57	15,25	14,85	14,49	14,20	13,92	13,66	13,45	13,28	13,18	13,17	13,12	13,08	12,95	12,83	12,59	12,35	12,08	11,81	11,52	11,24	15,57
29/08/2022 19:20:00	15,51	15,20	14,86	14,52	14,19	13,88	13,61	13,40	13,25	13,15	13,09	13,01	12,94	12,80	12,65	12,42	12,18	11,92	11,65	11,37	11,09	15,57
29/08/2022 19:25:00	15,51	15,17	14,81	14,51	14,28	13,98	13,68	13,44	13,25	13,11	13,00	12,87	12,73	12,54	12,36	12,09	11,82	11,52	11,22	10,90	10,59	15,52
29/08/2022 19:30:00	15,40	15,10	14,60	14,14	13,83	13,62	13,39	13,13	12,99	12,94	12,92	12,89	12,86	12,75	12,64	12,43	12,21	11,95	11,69	11,42	11,14	15,29
29/08/2022 19:35:00	15,10	14,76	14,40	14,05	13,75	13,51	13,31	13,14	12,91	12,72	12,67	12,58	12,50	12,34	12,19	11,93	11,67	11,39	11,10	10,79	10,48	15,20
29/08/2022 19:40:00	15,06	14,76	14,48	14,17	13,83	13,57	13,32	13,09	12,88	12,70	12,56	12,40	12,24	12,04	11,85	11,58	11,31	11,02	10,73	10,42	10,11	15,06
29/08/2022 19:45:00	14,95	14,64	14,21	13,81	13,53	13,23	12,97	12,76	12,63	12,55	12,42	12,30	12,19	12,03	11,87	11,64	11,41	11,16	10,90	10,62	10,34	15,00
29/08/2022 19:50:00	14,89	14,55	14,20	13,86	13,53	13,26	13,04	12,85	12,66	12,50	12,37	12,24	12,10	11,93	11,75	11,50	11,25	10,97	10,69	10,39	10,09	14,92
29/08/2022 19:55:00	14,95	14,56	14,23	13,89	13,54	13,21	12,94	12,75	12,52	12,34	12,31	12,24	12,18	12,03	11,89	11,64	11,39	11,11	10,84	10,55	10,27	14,91
29/08/2022 20:00:00	14,74	14,54	14,09	13,68	13,34	13,00	12,71	12,49	12,26	12,07	12,06	12,01	11,96	11,82	11,69	11,44	11,20	10,93	10,66	10,38	10,10	14,87
29/08/2022 20:05:00	14,84	14,51	14,10	13,70	13,38	13,09	12,84	12,63	12,43	12,26	12,10	11,95	11,79	11,60	11,41	11,16	10,90	10,63	10,35	10,05	9,75	14,82
29/08/2022 20:10:00	14,83	14,45	13,99	13,56	13,20	12,86	12,56	12,34	12,11	11,92	11,84	11,73	11,63	11,47	11,31	11,06	10,81	10,54	10,27	9,99	9,70	14,81
29/08/2022 20:15:00	14,78	14,48	14,00	13,55	13,21	12,84	12,48	12,13	11,87	11,69	11,66	11,58	11,51	11,36	11,20	10,94	10,68	10,40	10,13	9,85	9,56	14,81
29/08/2022 20:20:00	14,82	14,47	14,06	13,67	13,32	13,03	12,75	12,49	12,27	12,09	11,95	11,80	11,66	11,47	11,28	11,02	10,76	10,48	10,20	9,90	9,60	14,79
29/08/2022 20:25:00	14,82	14,42	13,98	13,57	13,22	12,94	12,68	12,44	12,24	12,05	11,83	11,63	11,42	11,20	10,98	10,72	10,46	10,18	9,90	9,59	9,29	14,76
29/08/2022 20:30:00	14,84	14,39	13,98	13,58	13,21	12,82	12,47	12,20	11,99	11,81	11,61	11,42	11,23	11,02	10,80	10,54	10,28	10,00	9,73	9,44	9,16	14,78
29/08/2022 20:35:00	14,76	14,41	13,97	13,53	13,12	12,76	12,43	12,10	11,85	11,67	11,56	11,43	11,31	11,13	10,95	10,69	10,43	10,16	9,89	9,61	9,33	14,77
29/08/2022 20:40:00	14,72	14,37	13,90	13,42	12,98	12,67	12,37	12,03	11,81	11,65	11,53	11,41	11,29	11,12	10,95	10,70	10,46	10,19	9,93	9,66	9,39	14,76
29/08/2022 20:45:00	14,84	14,41	13,97	13,55	13,18	12,83	12,52	12,27	12,05	11,86	11,70	11,54	11,39	11,19	11,00	10,74	10,49	10,21	9,94	9,65	9,37	14,79
29/08/2022 20:50:00	14,72	14,53	14,04	13,55	13,12	12,74	12,39	12,06	11,83	11,66	11,52	11,38	11,24	11,06	10,88	10,63	10,38	10,12	9,85	9,59	9,32	14,77
29/08/2022 20:55:00	14,67	14,22	13,79	13,37	12,97	12,69	12,42	12,13	11,92	11,74	11,50	11,28	11,06	10,83	10,60	10,34	10,08	9,80	9,52	9,22	8,93	14,71
29/08/2022 21:00:00	14,69	14,19	13,75	13,30	12,86	12,52	12,18	11,81	11,54	11,33	11,22	11,09	10,95	10,76	10,57	10,30	10,03	9,76	9,48	9,19	8,91	14,69
29/08/2022 21:05:00	14,58	14,18	13,72	13,25	12,80	12,43	12,09	11,77	11,53	11,34	11,22	11,09	10,97	10,79	10,61	10,36	10,11	9,85	9,59	9,32	9,05	14,58
29/08/2022 21:10:00	14,54	14,23	13,78	13,30	12,81	12,42	12,05	11,70	11,49	11,34	11,16	11,00	10,84	10,65	10,46	10,22	9,98	9,72	9,47	9,22	8,96	14,55
29/08/2022 21:15:00	14,45	14,11	13,61	13,13	12,72	12,38	12,05	11,72	11,48	11,29	11,05	10,85	10,64	10,41	10,18	9,92	9,66	9,39	9,11	8,83	8,54	14,50
29/08/2022 21:20:00	14,38	13,92	13,46	12,99	12,55	12,26	11,96	11,63	11,33	11,08	10,99	10,86	10,73	10,55	10,36	10,09	9,82	9,54	9,26	8,97	8,68	14,33
29/08/2022 21:25:00	14,19	13,71	13,26	12,81	12,38	12,01	11,69	11,42	11,21	11,04	10,85	10,67	10,49	10,29	10,10	9,85	9,61	9,36	9,10	8,84	8,58	14,24
29/08/2022 21:30:00	14,12	13,67	13,22	12,78	12,34	12,05	11,79	11,54	11,37	11,23	11,01	10,82	10,64	10,44	10,24	10,01	9,78	9,53	9,27	9,01	8,74	14,10
29/08/2022 21:35:00	13,98	13,51	12,92	12,37	11,95	11,60	11,31	11,07	10,89	10,78	10,71	10,64	10,58	10,45	10,33	10,13	9,93	9,70	9,48	9,24	9,01	13,94
29/08/2022 21:40:00	13,20	12,80	12,52	12,27	12,06	11,92	11,78	11,66	11,51	11,34	11,09	10,86	10,63	10,40	10,16	9,91	9,65	9,37	9,09	8,78	8,48	13,43
29/08/2022 21:45:00	12,81	12,17	12,01	11,91	11,83	11,68	11,55	11,45	11,26	11,06	10,89	10,68	10,48	10,24	10,00	9,72	9,43	9,12	8,82	8,49	8,16	12,79
29/08/2022 21:50:00	12,34	12,04	12,00	11,91	11,67	11,57	11,44	11,30	11,12	10,95	10,80	10,62	10,44	10,23	10,02	9,75	9,48	9,19	8,91	8,60	8,30	12,28
29/08/2022 21:55:00	12,20	12,02	11,96	11,86	11,65	11,53	11,37	11,17	11,02	10,88	10,74	10,57	10,39	10,18	9,98	9,71	9,44	9,17	8,89	8,59	8,30	12,27
29/08/2022 22:00:00	12,30	12,24	12,05	11,87	11,71	11,52	11,32	11,14	10,95	10,77	10,60	10,42	10,23	10,01	9,79	9,52	9,25	8,97	8,68	8,38	8,09	12,26
29/08/2022 22:05:00	12,24	12,11	12,05	11,96	11,78	11,65	11,49	11,31	11,12	10,93	10,74	10,53	10,32	10,08	9,84	9,56	9,27	8,98	8,68	8,37	8,06	12,22
29/08/2022 22:10:00	12,34	12,10	12,08	12,09	12,08	12,00	11,84	11,62	11,46	11,29	11,10	10,87	10,63	10,37	10,10	9,79	9,48	9,16	8,83	8,49	8,14	12,19
29/08/2022 22:15:00	12,32	12,17	12,14	12,12	12,05	11,90	11,74	11,59	11,43	11,26	11,04	10,80	10,56	10,30	10,04	9,75	9,46	9,15	8,84	8,52	8,19	12,23
29/08/2022 22:20:00	12,30	12,35	12,26	12,14	11,98	11,76	11,56	11,38	11,16	10,96	10,79	10,59	10,40	10,17	9,94	9,65	9,36	9,07	8,77	8,46	8,16	12,17
29/08/2022 22:25:00	12,31	12,22	12,14	12,07	12,01	11,76	11,53	11,34	11,24	11,10	10,85	10,61	10,36	10,11	9,85	9,57	9,30	9,01	8,73	8,43	8,12	12,19
29/08/2022 22:30:00	12,13	12,15	12,09	12,00	11,83	11,68	11,49	11,26	11,09	10,92	10,71	10,48	10,26	10,01	9,77	9,48	9,19	8,90	8,60	8,29	7,98	12,17
29/08/2022 22:35:00	12,27	12,30	12,22	12,13	12,00	11,88	11,70	11,46	11,24	11,02	10,80	10,56	10,32	10,05	9,79	9,48	9,17	8,85	8,53	8,20	7,86	12,17
29/08/2022 22:40:00	12,20	12,35	12,26	12,08	11,80	11,54	11,33	11,16	10,89	10,65	10,52	10,36	10,20	9,99	9,78	9,50	9,22	8,94	8,66	8,37	8,08	12,11
29/08/2022 22:45:00	12,35	12,46	12,40	12,25	12,00	11,79	11,53	11,21	10,98	10,74	10,43	10,13	9,82	9,52	9,22	8,91	8,59	8,28	7,97	7,66	7,34	12,16
29/08/2022 22:50:00	12,26	12,46	12,38	12,24	12,06	11,82	11,57	11,32	10,99	10,69	10,49	10,26	10,03	9,75	9,48	9,15	8,83	8,50	8,18	7,85	7,52	12,19
29/08/2022 22:55:00	12,17	12,51	12,41	12,24	12,00	11,67	11,37	11,13	10,88	10,64	10,42	10,20	9,97	9,72	9,47	9,18	8,88	8,59	8,30	8,01	7,72	12,17
29/08/2022 23:00:00	12,20	12,58	12,39	12,19	12,04	11,76	11,51	11,32	11,02	10,76	10,61	10,43	10,25	10,02	9,79	9,49	9,20	8,90	8,59	8,28	7,98	12,20
29/08/2022 23:05:00	12,23	12,44	12,39	12,24	11,97	11,72	11,43	11,10	10,84	10,58	10,31	10,04	9,76	9,47	9,18	8,87	8,55	8,24	7,93	7,62	7,31	12,07
29/08/2022 23:10:00	11,96	12,57	12,47	12,26	11,96	11,72	11,45	11,12	10,84	10,56	10,26	9,98	9,69	9,40	9,11	8,80	8,49	8,19	7,88	7,58	7,27	12,03
29/08/2022 23:15:00	12,17	12,67	12,63	12,45	12,14	11,81	11,50	11,20	10,91	10,63	10,39	10,15	9,90	9,63	9,36	9,05	8,75	8,45	8,15	7,86	7,56	12,09
29/08/2022 23:20:00	12,10	12,52	12,48	12,37	12,22	11,88	11,53	11,20	10,98	10,76	10,51	10,24	9,98	9,70	9,41	9,10	8,78	8,48	8,17	7,87	7,57	12,05
29/08/2022 23:25:00	12,08	12,46	12,51	12,44	12,23	12,03	11,79	11,53	11,26	10,99	10,73	10,45	10,17	9,88	9,58	9,26	8,93	8,62	8,30	7,97	7,65	12,02
29/08/2022 23:30:00	12,16	12,49	12,50	12,41	12,23	12,01	11,77	11,54	11,22	10,89	10,61	10,31	10,01	9,69	9,38	9,04	8,70	8,37	8,03	7,69	7,35	12,07
29/08/2022 23:35:00	12,18	12,50	12,54	12,41	12,06	11,81	11,56	11,31	11,00	10,71	10,49	10,25	10,02	9,75	9,48	9,17	8,86	8,56	8,26	7,95	7,65	12,09
29/08/2022 23:40:00	12,05	12,27	12,23	12,14	11,97	11,82	11,64	11,45	11,17	10,89	10,63	10,35	10,07	9,78	9,49	9,18	8,86	8,54	8,21	7,88	7,54	12,02
29/08/2022 23:45:00	11,91	11,97	12,08	12,10	11,97	11,74	11,55	11,43	11,22	10,99	10,72	10,44	10,16	9,88	9,59	9,29	8,98	8,67	8,37	8,05	7,73	11,93
29/08/2022 23:50:00	11,91	12,01	11,97	11,90	11,81	11,63	11,45	11,29	11,07	10,85	10,64	10,41	10,17	9,92	9,66	9,36	9,06	8,75	8,45	8,13	7,81	11,90
29/08/2022 23:55:00	11,90	11,92	12,00	12,01	11,90	11,75	11,58	11,39	11,18	10,94	10,67	10,38	10,09	9,79	9,49	9,17	8,85	8,53	8,21	7,88	7,55	11,89
