FileFormat:0002.2 file with temperature of atmosphere
SN105HE102
local	GMT or Local
0	GMT-Local=[hours]
0	Height[m]
0	0	0	Longitude                [grd]               [min]               [sec]
0	0	0	Latitude                [grd]               [min]               [sec]
N	NS
56,45	Freq[GHz]
0,00	dTemostat[K]
0,150	MessErr[K]
0,248	//[grad/step]
version 14.4.20120406
MTP5HE102F5645K-38.60I70D219217+A1.1
Commentary:
SN105HE102
парабола ДНА = 2,5 град
НЕ102 - ПУ - ХВБ с ЦСД " S "
АЦП - 202 - 09 с контр.U пит.и М
оптопара серии - 2
Т out № 178 пл
БП LPS - 112
End Of Commentary

SYSTEM\alaska.dat
data time	0	50	100	150	200	250	300	350	400	450	500	550	600	650	700	750	800	850	900	950	1000	OutsideTemperature
22/10/2019 00:00:00	-6,69	-6,90	-7,38	-7,92	-8,36	-8,66	-8,70	-8,53	-8,31	-8,20	-8,04	-7,71	-7,38	-7,02	-6,65	-6,41	-6,17	-6,02	-5,87	-5,88	-5,88	-6,76
22/10/2019 00:05:00	-6,84	-6,94	-7,27	-7,74	-8,18	-8,54	-8,70	-8,68	-8,58	-8,43	-8,20	-7,83	-7,46	-7,06	-6,66	-6,42	-6,17	-6,01	-5,85	-5,84	-5,84	-6,82
22/10/2019 00:10:00	-6,77	-6,85	-7,16	-7,61	-8,02	-8,32	-8,43	-8,43	-8,37	-8,22	-8,00	-7,66	-7,32	-6,96	-6,60	-6,39	-6,17	-6,04	-5,91	-5,92	-5,93	-6,89
22/10/2019 00:15:00	-6,87	-7,11	-7,46	-7,92	-8,26	-8,42	-8,51	-8,44	-8,30	-8,13	-7,90	-7,57	-7,23	-6,89	-6,54	-6,34	-6,13	-6,01	-5,89	-5,91	-5,92	-6,83
22/10/2019 00:20:00	-6,87	-7,18	-7,34	-7,60	-7,85	-8,03	-8,10	-8,11	-8,09	-8,01	-7,89	-7,64	-7,40	-7,11	-6,82	-6,64	-6,47	-6,36	-6,26	-6,27	-6,29	-6,91
22/10/2019 00:25:00	-6,88	-6,88	-7,14	-7,50	-7,89	-8,27	-8,43	-8,48	-8,46	-8,37	-8,21	-7,90	-7,60	-7,25	-6,91	-6,70	-6,48	-6,35	-6,21	-6,22	-6,23	-6,80
22/10/2019 00:30:00	-6,85	-7,05	-7,35	-7,82	-8,22	-8,39	-8,41	-8,35	-8,26	-8,06	-7,81	-7,44	-7,07	-6,70	-6,33	-6,11	-5,89	-5,76	-5,63	-5,64	-5,65	-6,86
22/10/2019 00:35:00	-6,96	-7,04	-7,27	-7,65	-8,02	-8,28	-8,34	-8,29	-8,22	-8,16	-8,04	-7,77	-7,51	-7,19	-6,88	-6,67	-6,47	-6,34	-6,22	-6,23	-6,25	-6,94
22/10/2019 00:40:00	-6,99	-7,07	-7,32	-7,68	-8,01	-8,22	-8,27	-8,24	-8,18	-8,06	-7,89	-7,61	-7,32	-7,02	-6,71	-6,52	-6,33	-6,23	-6,12	-6,14	-6,17	-6,99
22/10/2019 00:45:00	-7,05	-7,17	-7,41	-7,77	-8,12	-8,36	-8,41	-8,38	-8,31	-8,15	-7,93	-7,59	-7,25	-6,89	-6,54	-6,32	-6,11	-5,98	-5,85	-5,86	-5,87	-7,01
22/10/2019 00:50:00	-7,01	-7,15	-7,47	-7,90	-8,32	-8,66	-8,72	-8,65	-8,52	-8,30	-8,00	-7,56	-7,12	-6,68	-6,24	-5,98	-5,71	-5,54	-5,37	-5,36	-5,34	-7,07
22/10/2019 00:55:00	-7,11	-7,29	-7,61	-7,98	-8,25	-8,36	-8,34	-8,18	-7,98	-7,78	-7,53	-7,17	-6,82	-6,47	-6,11	-5,91	-5,70	-5,59	-5,47	-5,48	-5,50	-7,11
22/10/2019 01:00:00	-7,11	-7,04	-7,34	-7,79	-8,25	-8,65	-8,73	-8,69	-8,58	-8,38	-8,11	-7,68	-7,25	-6,81	-6,38	-6,11	-5,84	-5,67	-5,50	-5,49	-5,47	-7,03
22/10/2019 01:05:00	-7,01	-6,95	-7,36	-7,96	-8,45	-8,73	-8,74	-8,57	-8,36	-8,24	-8,06	-7,72	-7,38	-7,01	-6,64	-6,40	-6,15	-6,01	-5,87	-5,88	-5,88	-6,83
22/10/2019 01:10:00	-6,79	-6,91	-7,39	-7,96	-8,40	-8,64	-8,67	-8,54	-8,37	-8,22	-8,02	-7,69	-7,37	-7,03	-6,69	-6,47	-6,26	-6,14	-6,02	-6,04	-6,05	-6,64
22/10/2019 01:15:00	-6,93	-6,91	-7,38	-7,97	-8,43	-8,68	-8,67	-8,54	-8,39	-8,20	-7,97	-7,62	-7,27	-6,93	-6,58	-6,37	-6,17	-6,06	-5,95	-5,97	-5,99	-6,67
22/10/2019 01:20:00	-6,80	-6,94	-7,33	-7,80	-8,17	-8,38	-8,36	-8,23	-8,07	-7,87	-7,62	-7,25	-6,88	-6,52	-6,16	-5,94	-5,73	-5,60	-5,48	-5,49	-5,51	-6,64
22/10/2019 01:25:00	-6,90	-6,82	-7,12	-7,57	-8,01	-8,35	-8,48	-8,44	-8,32	-8,12	-7,85	-7,43	-7,02	-6,60	-6,17	-5,92	-5,67	-5,51	-5,35	-5,34	-5,34	-7,00
22/10/2019 01:30:00	-6,89	-7,05	-7,37	-7,74	-8,00	-8,10	-8,01	-7,87	-7,75	-7,59	-7,40	-7,12	-6,84	-6,56	-6,28	-6,13	-5,97	-5,89	-5,82	-5,85	-5,89	-6,93
22/10/2019 01:35:00	-7,01	-7,04	-7,38	-7,82	-8,13	-8,19	-8,14	-7,96	-7,78	-7,62	-7,44	-7,15	-6,85	-6,56	-6,26	-6,09	-5,91	-5,83	-5,74	-5,78	-5,81	-7,03
22/10/2019 01:40:00	-6,90	-7,05	-7,51	-8,05	-8,41	-8,49	-8,39	-8,17	-7,94	-7,71	-7,45	-7,10	-6,75	-6,41	-6,08	-5,89	-5,69	-5,60	-5,50	-5,53	-5,56	-6,94
22/10/2019 01:45:00	-6,95	-7,15	-7,36	-7,62	-7,82	-7,88	-7,82	-7,66	-7,48	-7,37	-7,23	-6,97	-6,71	-6,43	-6,14	-5,96	-5,79	-5,69	-5,59	-5,62	-5,65	-6,95
22/10/2019 01:50:00	-6,98	-7,08	-7,27	-7,50	-7,69	-7,79	-7,85	-7,86	-7,82	-7,64	-7,42	-7,13	-6,85	-6,57	-6,28	-6,14	-6,00	-5,92	-5,85	-5,88	-5,92	-7,01
22/10/2019 01:55:00	-6,99	-6,87	-7,14	-7,52	-7,83	-8,01	-7,97	-7,80	-7,63	-7,55	-7,43	-7,17	-6,92	-6,63	-6,35	-6,17	-5,98	-5,89	-5,79	-5,82	-5,85	-7,01
22/10/2019 02:00:00	-6,84	-6,98	-7,31	-7,65	-7,89	-8,02	-8,00	-7,88	-7,73	-7,59	-7,42	-7,15	-6,88	-6,60	-6,32	-6,15	-5,99	-5,91	-5,82	-5,86	-5,89	-6,95
22/10/2019 02:05:00	-6,99	-6,97	-7,21	-7,60	-7,93	-8,11	-8,15	-8,11	-8,02	-7,86	-7,64	-7,32	-7,00	-6,67	-6,34	-6,15	-5,95	-5,85	-5,74	-5,76	-5,79	-7,00
22/10/2019 02:10:00	-6,91	-6,87	-7,16	-7,62	-7,96	-8,02	-7,98	-7,80	-7,65	-7,62	-7,57	-7,39	-7,20	-6,98	-6,75	-6,60	-6,44	-6,38	-6,31	-6,36	-6,40	-6,94
22/10/2019 02:15:00	-6,82	-6,92	-7,42	-8,01	-8,40	-8,53	-8,40	-8,15	-7,93	-7,83	-7,71	-7,47	-7,23	-6,96	-6,69	-6,52	-6,34	-6,26	-6,18	-6,22	-6,25	-6,89
22/10/2019 02:20:00	-6,92	-7,14	-7,46	-7,89	-8,25	-8,41	-8,41	-8,33	-8,22	-8,04	-7,81	-7,47	-7,12	-6,77	-6,42	-6,22	-6,01	-5,89	-5,77	-5,79	-5,80	-6,85
22/10/2019 02:25:00	-6,99	-6,98	-7,30	-7,78	-8,23	-8,55	-8,68	-8,61	-8,46	-8,32	-8,12	-7,75	-7,38	-6,98	-6,58	-6,33	-6,07	-5,91	-5,75	-5,75	-5,74	-6,94
22/10/2019 02:30:00	-6,90	-7,01	-7,40	-7,88	-8,24	-8,40	-8,40	-8,28	-8,13	-7,99	-7,81	-7,52	-7,22	-6,92	-6,61	-6,42	-6,24	-6,14	-6,04	-6,06	-6,09	-7,04
22/10/2019 02:35:00	-6,96	-7,18	-7,43	-7,78	-8,06	-8,13	-8,11	-8,03	-7,95	-7,84	-7,70	-7,44	-7,19	-6,92	-6,65	-6,49	-6,32	-6,24	-6,16	-6,19	-6,22	-6,88
22/10/2019 02:40:00	-6,90	-7,12	-7,51	-7,91	-8,14	-8,17	-8,16	-8,03	-7,86	-7,66	-7,45	-7,16	-6,88	-6,60	-6,32	-6,17	-6,01	-5,94	-5,87	-5,91	-5,95	-6,80
22/10/2019 02:45:00	-6,90	-7,24	-7,57	-7,92	-8,16	-8,23	-8,17	-8,02	-7,87	-7,73	-7,56	-7,29	-7,02	-6,74	-6,45	-6,28	-6,11	-6,02	-5,93	-5,96	-5,99	-7,01
22/10/2019 02:50:00	-7,01	-7,17	-7,61	-8,12	-8,42	-8,38	-8,19	-7,90	-7,65	-7,46	-7,27	-6,98	-6,69	-6,41	-6,13	-5,96	-5,80	-5,72	-5,65	-5,70	-5,74	-7,04
22/10/2019 02:55:00	-7,01	-7,24	-7,62	-7,99	-8,21	-8,23	-8,07	-7,82	-7,59	-7,44	-7,26	-7,00	-6,73	-6,46	-6,19	-6,03	-5,87	-5,79	-5,71	-5,75	-5,79	-7,06
22/10/2019 03:00:00	-7,12	-7,31	-7,64	-7,98	-8,22	-8,31	-8,30	-8,14	-7,93	-7,73	-7,48	-7,14	-6,80	-6,46	-6,12	-5,93	-5,74	-5,62	-5,51	-5,53	-5,55	-7,04
22/10/2019 03:05:00	-7,16	-7,34	-7,64	-7,92	-8,13	-8,24	-8,12	-7,92	-7,73	-7,58	-7,39	-7,10	-6,80	-6,50	-6,19	-6,01	-5,82	-5,72	-5,62	-5,64	-5,67	-7,11
22/10/2019 03:10:00	-7,05	-7,17	-7,48	-7,83	-8,10	-8,26	-8,17	-7,97	-7,77	-7,60	-7,38	-7,05	-6,71	-6,37	-6,03	-5,82	-5,61	-5,49	-5,37	-5,39	-5,41	-7,05
22/10/2019 03:15:00	-7,16	-7,40	-7,75	-8,17	-8,38	-8,30	-8,11	-7,79	-7,50	-7,32	-7,13	-6,83	-6,54	-6,25	-5,96	-5,79	-5,62	-5,53	-5,45	-5,49	-5,53	-7,14
22/10/2019 03:20:00	-7,16	-7,43	-7,69	-7,88	-7,97	-7,99	-7,83	-7,65	-7,50	-7,40	-7,28	-7,10	-6,91	-6,70	-6,49	-6,37	-6,25	-6,20	-6,14	-6,19	-6,24	-7,09
22/10/2019 03:25:00	-7,14	-7,32	-7,66	-8,00	-8,20	-8,24	-8,16	-8,00	-7,81	-7,59	-7,33	-7,01	-6,69	-6,39	-6,09	-5,92	-5,76	-5,68	-5,60	-5,64	-5,67	-7,10
22/10/2019 03:30:00	-7,18	-7,40	-7,68	-8,06	-8,34	-8,39	-8,26	-8,03	-7,82	-7,69	-7,52	-7,22	-6,92	-6,59	-6,27	-6,07	-5,86	-5,75	-5,63	-5,65	-5,67	-7,09
22/10/2019 03:35:00	-7,10	-7,46	-7,70	-7,92	-8,08	-8,13	-8,03	-7,93	-7,83	-7,68	-7,49	-7,22	-6,96	-6,68	-6,40	-6,25	-6,09	-6,01	-5,93	-5,96	-6,00	-7,14
22/10/2019 03:40:00	-7,20	-7,25	-7,59	-7,95	-8,18	-8,23	-8,06	-7,80	-7,56	-7,39	-7,19	-6,90	-6,60	-6,30	-6,01	-5,83	-5,65	-5,57	-5,48	-5,51	-5,55	-7,14
22/10/2019 03:45:00	-7,18	-7,37	-7,70	-8,04	-8,24	-8,24	-8,14	-7,92	-7,72	-7,55	-7,37	-7,09	-6,82	-6,54	-6,27	-6,11	-5,95	-5,88	-5,80	-5,84	-5,88	-7,06
22/10/2019 03:50:00	-7,20	-7,45	-7,78	-8,15	-8,36	-8,37	-8,21	-7,95	-7,71	-7,56	-7,38	-7,11	-6,83	-6,54	-6,26	-6,08	-5,91	-5,82	-5,73	-5,76	-5,79	-7,11
22/10/2019 03:55:00	-7,12	-7,23	-7,47	-7,79	-8,04	-8,13	-8,07	-7,95	-7,82	-7,69	-7,52	-7,24	-6,97	-6,68	-6,39	-6,21	-6,04	-5,95	-5,86	-5,89	-5,92	-7,00
22/10/2019 04:00:00	-6,98	-7,24	-7,43	-7,66	-7,82	-7,90	-7,93	-7,86	-7,75	-7,62	-7,45	-7,19	-6,93	-6,65	-6,37	-6,21	-6,05	-5,96	-5,87	-5,90	-5,93	-7,08
22/10/2019 04:05:00	-7,12	-7,30	-7,60	-7,89	-8,07	-8,07	-7,93	-7,75	-7,59	-7,45	-7,29	-7,05	-6,80	-6,56	-6,31	-6,17	-6,03	-5,97	-5,91	-5,95	-6,00	-7,09
22/10/2019 04:10:00	-7,06	-7,38	-7,66	-7,89	-7,97	-7,93	-7,81	-7,64	-7,48	-7,37	-7,25	-7,06	-6,88	-6,67	-6,47	-6,36	-6,25	-6,21	-6,17	-6,22	-6,28	-7,09
22/10/2019 04:15:00	-7,09	-7,28	-7,49	-7,70	-7,85	-7,90	-7,78	-7,63	-7,50	-7,46	-7,40	-7,23	-7,06	-6,84	-6,63	-6,49	-6,36	-6,29	-6,23	-6,27	-6,32	-7,15
22/10/2019 04:20:00	-7,12	-7,31	-7,49	-7,76	-7,96	-8,00	-8,00	-7,92	-7,82	-7,66	-7,46	-7,17	-6,88	-6,58	-6,28	-6,11	-5,94	-5,85	-5,76	-5,79	-5,82	-7,14
22/10/2019 04:25:00	-7,13	-7,32	-7,52	-7,73	-7,84	-7,80	-7,61	-7,39	-7,21	-7,12	-7,01	-6,81	-6,60	-6,38	-6,15	-6,02	-5,88	-5,82	-5,76	-5,81	-5,86	-7,14
22/10/2019 04:30:00	-7,18	-7,42	-7,63	-7,84	-7,93	-7,84	-7,71	-7,47	-7,24	-7,12	-6,99	-6,76	-6,54	-6,30	-6,06	-5,91	-5,77	-5,70	-5,64	-5,68	-5,72	-7,14
22/10/2019 04:35:00	-7,15	-7,46	-7,72	-7,89	-7,88	-7,67	-7,33	-6,96	-6,66	-6,53	-6,41	-6,23	-6,04	-5,85	-5,67	-5,56	-5,46	-5,43	-5,40	-5,46	-5,53	-7,12
22/10/2019 04:40:00	-7,16	-7,32	-7,62	-7,82	-7,86	-7,81	-7,60	-7,32	-7,08	-6,91	-6,73	-6,49	-6,25	-6,02	-5,79	-5,67	-5,55	-5,51	-5,46	-5,52	-5,57	-7,14
22/10/2019 04:45:00	-7,22	-7,41	-7,46	-7,47	-7,40	-7,21	-7,08	-6,97	-6,87	-6,74	-6,61	-6,44	-6,28	-6,11	-5,94	-5,87	-5,80	-5,79	-5,78	-5,85	-5,92	-7,14
22/10/2019 04:50:00	-7,16	-7,40	-7,51	-7,59	-7,62	-7,58	-7,46	-7,32	-7,21	-7,07	-6,91	-6,69	-6,46	-6,23	-6,00	-5,87	-5,75	-5,69	-5,64	-5,68	-5,73	-7,17
22/10/2019 04:55:00	-7,17	-7,39	-7,64	-7,83	-7,86	-7,73	-7,51	-7,28	-7,07	-6,84	-6,60	-6,33	-6,06	-5,82	-5,58	-5,46	-5,35	-5,31	-5,27	-5,33	-5,39	-7,15
22/10/2019 05:00:00	-7,16	-7,34	-7,56	-7,71	-7,71	-7,53	-7,30	-7,09	-6,96	-6,82	-6,70	-6,55	-6,40	-6,25	-6,10	-6,04	-5,98	-5,99	-5,99	-6,07	-6,15	-7,13
22/10/2019 05:05:00	-7,05	-7,24	-7,41	-7,67	-7,86	-7,90	-7,79	-7,58	-7,39	-7,32	-7,21	-6,97	-6,73	-6,45	-6,17	-5,99	-5,81	-5,71	-5,61	-5,63	-5,66	-7,13
22/10/2019 05:10:00	-7,22	-7,42	-7,61	-7,83	-7,94	-7,92	-7,89	-7,79	-7,66	-7,50	-7,32	-7,07	-6,82	-6,57	-6,31	-6,18	-6,04	-5,98	-5,91	-5,95	-6,00	-7,15
22/10/2019 05:15:00	-7,13	-7,35	-7,61	-7,83	-7,91	-7,81	-7,64	-7,43	-7,26	-7,14	-7,02	-6,84	-6,66	-6,47	-6,28	-6,18	-6,08	-6,05	-6,02	-6,08	-6,14	-7,14
22/10/2019 05:20:00	-7,13	-7,26	-7,41	-7,61	-7,77	-7,85	-7,78	-7,71	-7,64	-7,47	-7,28	-7,00	-6,72	-6,45	-6,17	-6,02	-5,87	-5,79	-5,71	-5,75	-5,79	-7,13
22/10/2019 05:25:00	-7,08	-7,26	-7,37	-7,53	-7,64	-7,64	-7,62	-7,50	-7,37	-7,27	-7,14	-6,91	-6,68	-6,42	-6,16	-6,01	-5,86	-5,78	-5,70	-5,74	-5,77	-7,19
22/10/2019 05:30:00	-7,15	-7,22	-7,28	-7,42	-7,53	-7,56	-7,59	-7,51	-7,39	-7,28	-7,13	-6,88	-6,63	-6,35	-6,08	-5,92	-5,76	-5,67	-5,59	-5,62	-5,65	-7,14
22/10/2019 05:35:00	-7,15	-7,26	-7,48	-7,75	-7,91	-7,91	-7,67	-7,36	-7,11	-6,98	-6,83	-6,57	-6,31	-6,04	-5,76	-5,59	-5,42	-5,34	-5,25	-5,29	-5,33	-7,04
22/10/2019 05:40:00	-6,97	-7,13	-7,35	-7,50	-7,54	-7,53	-7,42	-7,24	-7,05	-6,88	-6,69	-6,45	-6,21	-5,97	-5,73	-5,61	-5,49	-5,44	-5,39	-5,44	-5,49	-7,07
22/10/2019 05:45:00	-7,03	-7,22	-7,40	-7,59	-7,67	-7,58	-7,36	-7,13	-6,94	-6,80	-6,64	-6,40	-6,17	-5,93	-5,70	-5,57	-5,44	-5,38	-5,33	-5,38	-5,43	-7,06
22/10/2019 05:50:00	-7,06	-7,26	-7,42	-7,59	-7,64	-7,50	-7,31	-7,07	-6,88	-6,76	-6,64	-6,45	-6,25	-6,04	-5,83	-5,72	-5,60	-5,56	-5,51	-5,57	-5,63	-7,03
22/10/2019 05:55:00	-7,05	-7,27	-7,43	-7,59	-7,65	-7,60	-7,48	-7,26	-7,07	-7,01	-6,94	-6,77	-6,60	-6,39	-6,18	-6,05	-5,91	-5,85	-5,79	-5,84	-5,89	-7,04
22/10/2019 06:00:00	-7,17	-7,13	-7,18	-7,27	-7,36	-7,39	-7,34	-7,23	-7,14	-7,12	-7,07	-6,91	-6,76	-6,56	-6,36	-6,24	-6,11	-6,06	-6,01	-6,05	-6,10	-7,13
22/10/2019 06:05:00	-7,04	-6,98	-7,03	-7,08	-7,10	-7,12	-7,15	-7,14	-7,10	-7,07	-7,02	-6,91	-6,80	-6,65	-6,50	-6,43	-6,35	-6,34	-6,32	-6,39	-6,45	-7,23
22/10/2019 06:10:00	-7,10	-7,31	-7,37	-7,43	-7,46	-7,42	-7,29	-7,20	-7,15	-7,05	-6,94	-6,75	-6,57	-6,37	-6,17	-6,07	-5,97	-5,93	-5,89	-5,94	-5,99	-7,01
22/10/2019 06:15:00	-7,09	-7,45	-7,44	-7,37	-7,28	-7,17	-6,99	-6,89	-6,85	-6,87	-6,89	-6,83	-6,78	-6,67	-6,56	-6,50	-6,44	-6,43	-6,43	-6,49	-6,56	-7,00
22/10/2019 06:20:00	-7,16	-7,41	-7,48	-7,52	-7,46	-7,26	-7,09	-6,85	-6,64	-6,60	-6,55	-6,42	-6,29	-6,13	-5,97	-5,87	-5,78	-5,75	-5,72	-5,78	-5,84	-7,14
22/10/2019 06:25:00	-7,07	-7,02	-7,08	-7,08	-7,03	-6,93	-6,68	-6,51	-6,43	-6,40	-6,39	-6,31	-6,24	-6,15	-6,05	-6,00	-5,96	-5,98	-5,99	-6,08	-6,17	-7,19
22/10/2019 06:30:00	-7,10	-6,95	-7,14	-7,38	-7,50	-7,47	-7,16	-6,80	-6,53	-6,39	-6,23	-5,98	-5,73	-5,47	-5,22	-5,08	-4,93	-4,87	-4,81	-4,86	-4,91	-7,13
22/10/2019 06:35:00	-7,08	-6,68	-7,02	-7,47	-7,67	-7,55	-7,29	-6,91	-6,57	-6,32	-6,08	-5,78	-5,48	-5,22	-4,96	-4,83	-4,70	-4,66	-4,63	-4,70	-4,77	-7,13
22/10/2019 06:40:00	-7,26	-6,71	-6,74	-6,99	-7,20	-7,27	-7,36	-7,30	-7,17	-6,98	-6,74	-6,42	-6,10	-5,79	-5,49	-5,33	-5,17	-5,10	-5,02	-5,06	-5,10	-7,03
22/10/2019 06:45:00	-7,13	-6,94	-7,15	-7,45	-7,63	-7,61	-7,57	-7,31	-7,01	-6,74	-6,43	-6,03	-5,63	-5,26	-4,89	-4,69	-4,49	-4,38	-4,27	-4,29	-4,32	-7,04
22/10/2019 06:50:00	-7,07	-6,86	-6,99	-7,23	-7,40	-7,40	-7,23	-7,01	-6,83	-6,70	-6,54	-6,28	-6,02	-5,75	-5,49	-5,34	-5,18	-5,12	-5,05	-5,10	-5,15	-6,90
22/10/2019 06:55:00	-7,19	-7,24	-7,26	-7,25	-7,12	-6,83	-6,52	-6,24	-6,06	-6,01	-5,98	-5,90	-5,83	-5,73	-5,64	-5,59	-5,55	-5,57	-5,59	-5,68	-5,77	-6,95
22/10/2019 07:00:00	-7,15	-6,99	-7,23	-7,50	-7,66	-7,70	-7,65	-7,40	-7,12	-6,95	-6,74	-6,43	-6,13	-5,83	-5,52	-5,35	-5,18	-5,09	-5,00	-5,03	-5,07	-7,09
22/10/2019 07:05:00	-7,16	-7,21	-7,05	-6,87	-6,65	-6,30	-6,11	-6,01	-5,97	-5,90	-5,85	-5,79	-5,73	-5,66	-5,59	-5,58	-5,57	-5,62	-5,66	-5,76	-5,85	-7,17
22/10/2019 07:10:00	-7,02	-7,33	-7,39	-7,43	-7,51	-7,66	-7,52	-7,41	-7,31	-7,18	-7,00	-6,71	-6,42	-6,11	-5,80	-5,61	-5,43	-5,31	-5,20	-5,22	-5,23	-6,79
22/10/2019 07:15:00	-6,65	-6,71	-7,08	-7,43	-7,64	-7,69	-7,53	-7,30	-7,10	-6,89	-6,67	-6,38	-6,08	-5,81	-5,53	-5,38	-5,24	-5,17	-5,11	-5,16	-5,21	-7,04
22/10/2019 07:20:00	-7,04	-7,24	-7,31	-7,41	-7,46	-7,43	-7,26	-7,06	-6,88	-6,77	-6,62	-6,38	-6,13	-5,87	-5,61	-5,45	-5,30	-5,22	-5,13	-5,17	-5,21	-7,18
22/10/2019 07:25:00	-7,24	-7,38	-7,37	-7,26	-7,06	-6,74	-6,46	-6,29	-6,22	-6,19	-6,20	-6,19	-6,18	-6,15	-6,11	-6,12	-6,13	-6,19	-6,24	-6,35	-6,45	-7,09
22/10/2019 07:30:00	-7,29	-7,66	-7,72	-7,55	-7,22	-6,80	-6,51	-6,29	-6,13	-5,97	-5,85	-5,77	-5,68	-5,62	-5,55	-5,57	-5,58	-5,64	-5,70	-5,81	-5,91	-7,14
22/10/2019 07:35:00	-7,30	-7,63	-7,72	-7,65	-7,44	-7,10	-6,77	-6,46	-6,25	-6,22	-6,22	-6,18	-6,14	-6,08	-6,01	-5,99	-5,96	-5,99	-6,02	-6,11	-6,20	-7,33
22/10/2019 07:40:00	-7,23	-7,64	-7,53	-7,16	-6,80	-6,59	-6,51	-6,39	-6,28	-6,26	-6,25	-6,20	-6,15	-6,06	-5,97	-5,93	-5,90	-5,90	-5,90	-5,97	-6,04	-7,24
22/10/2019 07:45:00	-7,30	-7,55	-7,71	-7,77	-7,68	-7,41	-7,01	-6,64	-6,35	-6,14	-5,94	-5,71	-5,47	-5,26	-5,04	-4,94	-4,84	-4,81	-4,78	-4,85	-4,92	-7,21
22/10/2019 07:50:00	-7,18	-7,42	-7,54	-7,54	-7,36	-7,05	-6,78	-6,48	-6,23	-6,07	-5,93	-5,77	-5,62	-5,47	-5,32	-5,27	-5,21	-5,22	-5,22	-5,31	-5,39	-6,98
22/10/2019 07:55:00	-6,98	-7,48	-7,47	-7,15	-6,66	-6,08	-5,53	-5,21	-5,08	-5,02	-5,05	-5,14	-5,22	-5,29	-5,37	-5,47	-5,56	-5,70	-5,83	-5,97	-6,11	-6,93
22/10/2019 08:00:00	-7,21	-7,58	-7,57	-7,41	-7,15	-6,79	-6,43	-6,18	-6,02	-5,80	-5,59	-5,39	-5,19	-5,03	-4,87	-4,82	-4,77	-4,78	-4,79	-4,87	-4,95	-6,97
22/10/2019 08:05:00	-7,21	-7,42	-7,87	-8,34	-8,51	-8,27	-7,90	-7,39	-6,94	-6,59	-6,22	-5,80	-5,38	-5,02	-4,67	-4,48	-4,30	-4,21	-4,12	-4,17	-4,21	-7,16
22/10/2019 08:10:00	-6,86	-7,42	-7,41	-7,20	-6,96	-6,79	-6,61	-6,53	-6,50	-6,47	-6,45	-6,39	-6,34	-6,25	-6,15	-6,12	-6,09	-6,10	-6,11	-6,19	-6,26	-6,69
22/10/2019 08:15:00	-7,33	-7,54	-7,32	-6,96	-6,61	-6,32	-6,03	-5,88	-5,84	-5,88	-5,96	-6,00	-6,04	-6,03	-6,01	-6,03	-6,04	-6,08	-6,13	-6,23	-6,33	-7,13
22/10/2019 08:20:00	-7,12	-7,23	-6,93	-6,58	-6,34	-6,19	-6,22	-6,29	-6,38	-6,53	-6,68	-6,76	-6,84	-6,82	-6,81	-6,81	-6,80	-6,83	-6,86	-6,95	-7,03	-7,09
22/10/2019 08:25:00	-7,02	-6,84	-6,45	-6,15	-6,07	-6,19	-6,45	-6,73	-6,95	-7,16	-7,34	-7,40	-7,46	-7,40	-7,34	-7,30	-7,25	-7,25	-7,24	-7,30	-7,36	-7,01
22/10/2019 08:30:00	-6,90	-7,02	-7,26	-7,49	-7,56	-7,43	-7,14	-6,77	-6,45	-6,31	-6,17	-5,94	-5,71	-5,47	-5,24	-5,10	-4,97	-4,91	-4,86	-4,92	-4,97	-6,99
22/10/2019 08:35:00	-6,96	-7,18	-7,13	-7,03	-6,95	-6,92	-6,82	-6,77	-6,75	-6,73	-6,69	-6,58	-6,47	-6,32	-6,17	-6,09	-6,01	-5,99	-5,96	-6,02	-6,08	-6,95
22/10/2019 08:40:00	-6,79	-7,40	-7,60	-7,64	-7,54	-7,35	-7,14	-6,88	-6,65	-6,58	-6,52	-6,40	-6,27	-6,12	-5,96	-5,87	-5,78	-5,75	-5,72	-5,78	-5,84	-6,88
22/10/2019 08:45:00	-6,72	-7,26	-7,57	-7,68	-7,64	-7,54	-7,28	-7,00	-6,76	-6,62	-6,49	-6,30	-6,10	-5,90	-5,70	-5,59	-5,48	-5,44	-5,40	-5,46	-5,51	-6,64
22/10/2019 08:50:00	-6,75	-7,33	-7,48	-7,37	-7,09	-6,74	-6,39	-6,15	-6,01	-5,91	-5,85	-5,81	-5,77	-5,73	-5,68	-5,69	-5,70	-5,76	-5,82	-5,92	-6,02	-6,86
22/10/2019 08:55:00	-6,86	-7,34	-6,84	-6,16	-5,69	-5,49	-5,40	-5,55	-5,77	-5,98	-6,22	-6,40	-6,59	-6,66	-6,73	-6,79	-6,84	-6,91	-6,98	-7,07	-7,17	-6,72
22/10/2019 09:00:00	-6,70	-7,03	-7,07	-7,02	-6,87	-6,61	-6,34	-6,08	-5,91	-5,89	-5,88	-5,82	-5,76	-5,66	-5,57	-5,52	-5,47	-5,48	-5,49	-5,57	-5,65	-6,76
22/10/2019 09:05:00	-6,64	-7,09	-7,27	-7,22	-6,95	-6,52	-6,16	-5,80	-5,56	-5,54	-5,57	-5,59	-5,62	-5,61	-5,61	-5,63	-5,65	-5,72	-5,79	-5,90	-6,01	-6,58
22/10/2019 09:10:00	-6,69	-6,87	-7,06	-7,21	-7,17	-6,90	-6,53	-6,25	-6,09	-5,93	-5,81	-5,67	-5,53	-5,41	-5,29	-5,26	-5,22	-5,25	-5,29	-5,38	-5,48	-6,65
22/10/2019 09:15:00	-6,51	-6,87	-6,89	-6,71	-6,40	-6,02	-5,68	-5,41	-5,25	-5,30	-5,40	-5,48	-5,57	-5,60	-5,63	-5,67	-5,71	-5,79	-5,87	-5,99	-6,10	-6,56
22/10/2019 09:20:00	-6,46	-6,74	-6,56	-6,23	-5,90	-5,67	-5,57	-5,52	-5,53	-5,64	-5,79	-5,90	-6,00	-6,03	-6,06	-6,10	-6,13	-6,19	-6,26	-6,36	-6,46	-6,44
22/10/2019 09:25:00	-6,26	-6,65	-6,99	-7,07	-6,88	-6,55	-6,21	-5,91	-5,71	-5,59	-5,53	-5,50	-5,46	-5,44	-5,41	-5,43	-5,46	-5,54	-5,62	-5,74	-5,85	-6,24
22/10/2019 09:30:00	-6,08	-6,49	-6,81	-7,04	-7,13	-7,08	-6,94	-6,73	-6,54	-6,38	-6,22	-5,99	-5,75	-5,52	-5,29	-5,16	-5,04	-4,99	-4,94	-4,99	-5,04	-6,03
22/10/2019 09:35:00	-6,08	-6,46	-6,49	-6,44	-6,41	-6,43	-6,47	-6,53	-6,56	-6,53	-6,47	-6,35	-6,23	-6,07	-5,91	-5,84	-5,77	-5,74	-5,72	-5,78	-5,84	-6,11
22/10/2019 09:40:00	-6,01	-6,35	-6,50	-6,58	-6,56	-6,47	-6,38	-6,30	-6,25	-6,23	-6,21	-6,14	-6,08	-5,98	-5,88	-5,84	-5,79	-5,81	-5,82	-5,90	-5,98	-5,99
22/10/2019 09:45:00	-5,89	-6,11	-6,10	-6,06	-6,08	-6,19	-6,26	-6,36	-6,44	-6,48	-6,50	-6,43	-6,36	-6,23	-6,10	-6,03	-5,96	-5,94	-5,92	-5,99	-6,05	-5,89
22/10/2019 09:50:00	-5,75	-6,20	-6,36	-6,38	-6,36	-6,40	-6,39	-6,42	-6,45	-6,43	-6,40	-6,32	-6,25	-6,13	-6,01	-5,97	-5,92	-5,92	-5,92	-5,99	-6,06	-5,66
22/10/2019 09:55:00	-5,54	-5,94	-6,29	-6,56	-6,62	-6,44	-6,17	-5,93	-5,79	-5,78	-5,80	-5,78	-5,75	-5,70	-5,64	-5,62	-5,60	-5,64	-5,69	-5,79	-5,89	-5,59
22/10/2019 10:00:00	-5,45	-5,73	-6,02	-6,23	-6,36	-6,46	-6,37	-6,29	-6,26	-6,24	-6,21	-6,11	-6,01	-5,87	-5,73	-5,65	-5,58	-5,57	-5,56	-5,63	-5,70	-5,54
22/10/2019 10:05:00	-5,52	-5,81	-5,92	-6,08	-6,23	-6,29	-6,38	-6,43	-6,44	-6,45	-6,43	-6,32	-6,20	-6,03	-5,86	-5,77	-5,67	-5,64	-5,60	-5,66	-5,71	-5,44
22/10/2019 10:10:00	-5,38	-5,73	-5,87	-6,06	-6,20	-6,17	-6,10	-6,07	-6,09	-6,11	-6,11	-6,04	-5,96	-5,84	-5,72	-5,65	-5,58	-5,58	-5,58	-5,65	-5,73	-5,34
22/10/2019 10:15:00	-5,26	-5,75	-6,18	-6,53	-6,64	-6,49	-6,19	-5,87	-5,64	-5,55	-5,49	-5,36	-5,24	-5,10	-4,96	-4,89	-4,82	-4,82	-4,83	-4,91	-4,99	-5,23
22/10/2019 10:20:00	-5,18	-5,50	-5,68	-5,85	-5,94	-5,91	-5,91	-5,93	-5,98	-6,01	-6,06	-6,04	-6,02	-5,95	-5,88	-5,86	-5,83	-5,86	-5,89	-5,98	-6,07	-5,26
22/10/2019 10:25:00	-5,02	-5,40	-5,75	-6,02	-6,18	-6,23	-6,21	-6,14	-6,08	-6,08	-6,08	-6,00	-5,92	-5,80	-5,68	-5,61	-5,54	-5,54	-5,54	-5,61	-5,69	-4,90
22/10/2019 10:30:00	-4,91	-5,32	-5,66	-6,01	-6,26	-6,38	-6,44	-6,39	-6,29	-6,27	-6,22	-6,06	-5,90	-5,70	-5,49	-5,37	-5,24	-5,19	-5,14	-5,19	-5,24	-4,95
22/10/2019 10:35:00	-4,92	-5,44	-5,71	-5,94	-6,14	-6,34	-6,46	-6,49	-6,46	-6,47	-6,44	-6,29	-6,14	-5,93	-5,72	-5,58	-5,45	-5,38	-5,32	-5,36	-5,39	-4,92
22/10/2019 10:40:00	-4,93	-5,31	-5,78	-6,21	-6,49	-6,58	-6,54	-6,47	-6,42	-6,31	-6,19	-6,00	-5,82	-5,62	-5,43	-5,33	-5,23	-5,21	-5,19	-5,26	-5,33	-4,86
22/10/2019 10:45:00	-4,79	-5,27	-5,64	-5,93	-6,11	-6,20	-6,18	-6,13	-6,09	-6,04	-5,98	-5,85	-5,71	-5,55	-5,38	-5,30	-5,22	-5,20	-5,18	-5,25	-5,32	-4,78
22/10/2019 10:50:00	-4,74	-5,14	-5,49	-5,76	-5,91	-5,98	-6,10	-6,18	-6,25	-6,24	-6,23	-6,18	-6,12	-6,03	-5,94	-5,91	-5,88	-5,90	-5,93	-6,01	-6,10	-4,60
22/10/2019 10:55:00	-4,52	-5,04	-5,47	-5,92	-6,24	-6,35	-6,37	-6,35	-6,34	-6,24	-6,13	-5,95	-5,76	-5,55	-5,34	-5,23	-5,12	-5,08	-5,04	-5,10	-5,16	-4,49
22/10/2019 11:00:00	-4,42	-4,98	-5,38	-5,72	-5,97	-6,10	-6,10	-6,08	-6,09	-6,04	-5,97	-5,83	-5,68	-5,50	-5,32	-5,22	-5,12	-5,10	-5,07	-5,13	-5,19	-4,46
22/10/2019 11:05:00	-4,41	-4,86	-5,32	-5,73	-6,00	-6,10	-6,07	-5,98	-5,91	-5,97	-6,04	-6,00	-5,97	-5,87	-5,76	-5,69	-5,62	-5,62	-5,62	-5,70	-5,78	-4,43
22/10/2019 11:10:00	-4,41	-4,90	-5,34	-5,76	-6,01	-6,05	-6,08	-6,08	-6,08	-6,03	-5,98	-5,87	-5,77	-5,64	-5,50	-5,44	-5,38	-5,39	-5,40	-5,48	-5,56	-4,46
22/10/2019 11:15:00	-4,36	-4,91	-5,48	-5,95	-6,20	-6,26	-6,10	-5,93	-5,84	-5,77	-5,72	-5,62	-5,51	-5,38	-5,25	-5,18	-5,12	-5,13	-5,14	-5,23	-5,31	-4,48
22/10/2019 11:20:00	-4,44	-4,88	-5,17	-5,51	-5,81	-5,97	-6,14	-6,20	-6,20	-6,23	-6,23	-6,10	-5,98	-5,78	-5,59	-5,47	-5,35	-5,30	-5,25	-5,30	-5,35	-4,43
22/10/2019 11:25:00	-4,41	-4,84	-5,33	-5,77	-6,03	-6,09	-6,24	-6,20	-6,06	-6,02	-5,98	-5,85	-5,72	-5,55	-5,38	-5,28	-5,18	-5,16	-5,13	-5,20	-5,26	-4,38
22/10/2019 11:30:00	-4,28	-4,73	-5,18	-5,56	-5,80	-5,95	-5,99	-5,98	-5,96	-5,92	-5,87	-5,75	-5,63	-5,47	-5,32	-5,24	-5,17	-5,16	-5,15	-5,22	-5,29	-4,21
22/10/2019 11:35:00	-4,13	-4,74	-5,20	-5,53	-5,70	-5,75	-5,74	-5,67	-5,61	-5,68	-5,76	-5,76	-5,76	-5,69	-5,62	-5,58	-5,54	-5,56	-5,58	-5,66	-5,75	-4,07
22/10/2019 11:40:00	-4,04	-4,60	-5,10	-5,60	-5,94	-6,02	-6,01	-5,97	-5,96	-5,96	-5,97	-5,90	-5,82	-5,69	-5,57	-5,50	-5,43	-5,43	-5,43	-5,51	-5,59	-3,85
22/10/2019 11:45:00	-3,94	-4,50	-5,05	-5,44	-5,68	-5,88	-5,91	-5,93	-5,97	-5,99	-6,02	-5,98	-5,95	-5,86	-5,77	-5,73	-5,69	-5,71	-5,73	-5,82	-5,90	-3,67
22/10/2019 11:50:00	-3,85	-4,33	-4,89	-5,40	-5,72	-5,87	-5,94	-5,94	-5,92	-5,92	-5,92	-5,85	-5,77	-5,65	-5,53	-5,47	-5,41	-5,42	-5,43	-5,51	-5,60	-3,83
22/10/2019 11:55:00	-3,72	-4,24	-4,75	-5,16	-5,48	-5,76	-5,97	-6,07	-6,09	-6,09	-6,05	-5,92	-5,80	-5,62	-5,44	-5,34	-5,24	-5,20	-5,17	-5,23	-5,28	-3,33
22/10/2019 12:00:00	-3,65	-4,13	-4,77	-5,36	-5,78	-6,00	-6,13	-6,17	-6,18	-6,15	-6,11	-5,99	-5,86	-5,70	-5,54	-5,45	-5,37	-5,35	-5,34	-5,41	-5,49	-3,48
22/10/2019 12:05:00	-3,62	-4,11	-4,60	-5,14	-5,55	-5,73	-5,87	-5,98	-6,10	-6,14	-6,17	-6,12	-6,06	-5,95	-5,84	-5,79	-5,73	-5,74	-5,75	-5,83	-5,91	-3,32
22/10/2019 12:10:00	-3,56	-4,00	-4,57	-5,12	-5,52	-5,78	-5,81	-5,81	-5,86	-5,91	-5,95	-5,90	-5,85	-5,74	-5,64	-5,57	-5,51	-5,52	-5,53	-5,61	-5,69	-3,39
22/10/2019 12:15:00	-3,35	-3,74	-4,25	-4,78	-5,22	-5,56	-5,77	-5,90	-5,99	-6,09	-6,17	-6,13	-6,10	-5,98	-5,86	-5,78	-5,71	-5,70	-5,69	-5,76	-5,83	-3,03
22/10/2019 12:20:00	-3,04	-3,53	-4,08	-4,65	-5,11	-5,43	-5,74	-5,88	-5,91	-6,06	-6,18	-6,17	-6,15	-6,03	-5,92	-5,83	-5,74	-5,71	-5,69	-5,76	-5,82	-2,50
22/10/2019 12:25:00	-2,96	-3,40	-3,92	-4,52	-5,10	-5,63	-5,94	-6,17	-6,35	-6,42	-6,44	-6,31	-6,19	-5,98	-5,77	-5,64	-5,50	-5,44	-5,38	-5,42	-5,47	-2,60
22/10/2019 12:30:00	-2,85	-3,31	-3,92	-4,64	-5,26	-5,62	-5,90	-6,04	-6,10	-6,17	-6,20	-6,09	-5,98	-5,79	-5,60	-5,47	-5,35	-5,30	-5,26	-5,31	-5,37	-2,36
22/10/2019 12:35:00	-2,96	-3,47	-3,94	-4,48	-4,98	-5,36	-5,70	-5,97	-6,16	-6,23	-6,27	-6,18	-6,10	-5,94	-5,77	-5,68	-5,58	-5,55	-5,52	-5,58	-5,64	-2,77
22/10/2019 12:40:00	-2,89	-3,37	-3,85	-4,33	-4,76	-5,13	-5,39	-5,60	-5,78	-5,95	-6,10	-6,14	-6,17	-6,11	-6,04	-5,99	-5,94	-5,95	-5,96	-6,04	-6,12	-2,68
22/10/2019 12:45:00	-2,72	-3,17	-3,74	-4,39	-4,94	-5,26	-5,48	-5,58	-5,65	-5,69	-5,69	-5,57	-5,45	-5,27	-5,09	-4,98	-4,87	-4,83	-4,80	-4,86	-4,93	-2,45
22/10/2019 12:50:00	-2,61	-3,06	-3,67	-4,34	-4,92	-5,38	-5,67	-5,84	-5,97	-6,03	-6,06	-5,96	-5,86	-5,69	-5,51	-5,40	-5,29	-5,26	-5,22	-5,28	-5,34	-2,26
22/10/2019 12:55:00	-2,51	-3,06	-3,53	-4,02	-4,48	-4,84	-5,21	-5,53	-5,79	-6,03	-6,25	-6,35	-6,45	-6,42	-6,39	-6,36	-6,33	-6,36	-6,38	-6,47	-6,55	-2,46
22/10/2019 13:00:00	-2,74	-3,16	-3,60	-4,05	-4,50	-4,99	-5,40	-5,73	-5,98	-6,15	-6,28	-6,29	-6,30	-6,20	-6,10	-6,03	-5,96	-5,95	-5,94	-6,00	-6,07	-2,69
22/10/2019 13:05:00	-2,48	-2,94	-3,41	-3,96	-4,51	-4,91	-5,28	-5,54	-5,73	-5,94	-6,13	-6,15	-6,18	-6,08	-5,99	-5,91	-5,83	-5,81	-5,80	-5,87	-5,94	-2,54
22/10/2019 13:10:00	-2,51	-3,02	-3,56	-4,07	-4,48	-4,79	-5,10	-5,32	-5,49	-5,64	-5,78	-5,82	-5,86	-5,81	-5,76	-5,73	-5,70	-5,73	-5,76	-5,85	-5,94	-2,36
22/10/2019 13:15:00	-2,52	-3,04	-3,51	-4,04	-4,55	-4,97	-5,41	-5,74	-5,95	-6,05	-6,10	-6,03	-5,95	-5,79	-5,63	-5,54	-5,44	-5,41	-5,37	-5,43	-5,49	-2,29
22/10/2019 13:20:00	-2,49	-2,98	-3,51	-4,06	-4,55	-4,95	-5,23	-5,42	-5,55	-5,69	-5,79	-5,77	-5,74	-5,62	-5,50	-5,42	-5,33	-5,32	-5,30	-5,37	-5,44	-2,51
22/10/2019 13:25:00	-2,56	-2,95	-3,47	-4,05	-4,57	-4,96	-5,18	-5,27	-5,31	-5,46	-5,59	-5,55	-5,50	-5,37	-5,23	-5,12	-5,01	-4,98	-4,95	-5,01	-5,08	-2,19
22/10/2019 13:30:00	-2,45	-2,89	-3,43	-4,01	-4,50	-4,82	-4,99	-5,10	-5,23	-5,34	-5,43	-5,41	-5,38	-5,28	-5,18	-5,12	-5,06	-5,06	-5,07	-5,16	-5,24	-2,40
22/10/2019 13:35:00	-2,42	-2,81	-3,40	-4,02	-4,53	-4,90	-5,22	-5,42	-5,53	-5,62	-5,70	-5,66	-5,61	-5,50	-5,38	-5,31	-5,24	-5,23	-5,23	-5,31	-5,39	-2,30
22/10/2019 13:40:00	-2,36	-2,71	-3,17	-3,66	-4,13	-4,63	-5,01	-5,32	-5,55	-5,67	-5,75	-5,71	-5,67	-5,54	-5,41	-5,34	-5,26	-5,25	-5,23	-5,30	-5,37	-2,14
22/10/2019 13:45:00	-2,24	-2,67	-3,15	-3,70	-4,23	-4,65	-5,01	-5,29	-5,50	-5,66	-5,80	-5,79	-5,79	-5,69	-5,58	-5,51	-5,44	-5,43	-5,43	-5,50	-5,57	-1,96
22/10/2019 13:50:00	-2,15	-2,66	-3,18	-3,75	-4,26	-4,62	-4,98	-5,26	-5,46	-5,60	-5,73	-5,73	-5,73	-5,64	-5,55	-5,49	-5,44	-5,44	-5,45	-5,52	-5,60	-2,00
22/10/2019 13:55:00	-2,12	-2,60	-3,13	-3,71	-4,21	-4,53	-4,83	-5,00	-5,08	-5,31	-5,54	-5,61	-5,68	-5,63	-5,57	-5,52	-5,46	-5,47	-5,48	-5,56	-5,64	-1,92
22/10/2019 14:00:00	-2,14	-2,56	-3,12	-3,64	-4,04	-4,36	-4,61	-4,81	-4,99	-5,13	-5,27	-5,32	-5,38	-5,35	-5,33	-5,32	-5,31	-5,37	-5,42	-5,52	-5,63	-2,11
22/10/2019 14:05:00	-2,05	-2,54	-3,02	-3,57	-4,05	-4,34	-4,62	-4,86	-5,10	-5,22	-5,32	-5,32	-5,33	-5,25	-5,18	-5,14	-5,11	-5,13	-5,16	-5,25	-5,34	-1,97
22/10/2019 14:10:00	-1,87	-2,30	-2,79	-3,34	-3,84	-4,24	-4,63	-4,93	-5,15	-5,31	-5,45	-5,47	-5,49	-5,41	-5,33	-5,28	-5,23	-5,24	-5,26	-5,34	-5,42	-1,86
22/10/2019 14:15:00	-1,82	-2,18	-2,59	-3,08	-3,62	-4,23	-4,64	-5,00	-5,32	-5,58	-5,79	-5,84	-5,89	-5,81	-5,73	-5,66	-5,59	-5,58	-5,58	-5,65	-5,72	-1,79
22/10/2019 14:20:00	-1,72	-2,27	-2,81	-3,34	-3,82	-4,22	-4,53	-4,79	-5,02	-5,18	-5,32	-5,35	-5,38	-5,31	-5,25	-5,21	-5,17	-5,19	-5,22	-5,30	-5,39	-1,69
22/10/2019 14:25:00	-1,69	-1,98	-2,43	-2,98	-3,55	-4,09	-4,58	-5,00	-5,35	-5,53	-5,67	-5,69	-5,70	-5,61	-5,52	-5,46	-5,41	-5,41	-5,42	-5,50	-5,57	-1,46
22/10/2019 14:30:00	-1,61	-2,22	-2,78	-3,29	-3,70	-4,03	-4,30	-4,56	-4,82	-5,01	-5,19	-5,30	-5,40	-5,41	-5,41	-5,43	-5,44	-5,50	-5,57	-5,68	-5,78	-1,61
22/10/2019 14:35:00	-1,54	-2,13	-2,57	-3,07	-3,59	-4,08	-4,52	-4,91	-5,23	-5,47	-5,68	-5,74	-5,81	-5,75	-5,68	-5,63	-5,58	-5,58	-5,58	-5,66	-5,73	-1,37
22/10/2019 14:40:00	-1,37	-2,04	-2,63	-3,20	-3,71	-4,14	-4,58	-4,91	-5,11	-5,35	-5,57	-5,66	-5,75	-5,71	-5,68	-5,63	-5,59	-5,61	-5,63	-5,71	-5,79	-1,17
22/10/2019 14:45:00	-1,55	-1,98	-2,46	-3,09	-3,76	-4,39	-4,88	-5,28	-5,59	-5,77	-5,90	-5,86	-5,82	-5,66	-5,50	-5,39	-5,28	-5,24	-5,20	-5,25	-5,31	-1,41
22/10/2019 14:50:00	-1,54	-2,04	-2,44	-2,88	-3,36	-3,82	-4,35	-4,81	-5,15	-5,44	-5,70	-5,83	-5,95	-5,93	-5,92	-5,89	-5,87	-5,89	-5,92	-6,00	-6,09	-1,34
22/10/2019 14:55:00	-1,35	-1,93	-2,45	-2,97	-3,46	-3,88	-4,27	-4,63	-4,95	-5,17	-5,38	-5,48	-5,59	-5,57	-5,56	-5,54	-5,53	-5,58	-5,62	-5,72	-5,81	-1,06
22/10/2019 15:00:00	-1,48	-2,04	-2,53	-3,02	-3,47	-3,85	-4,30	-4,67	-4,95	-5,19	-5,41	-5,52	-5,63	-5,62	-5,61	-5,60	-5,59	-5,63	-5,67	-5,77	-5,86	-1,20
22/10/2019 15:05:00	-1,61	-1,99	-2,43	-2,93	-3,45	-3,96	-4,37	-4,73	-5,05	-5,32	-5,56	-5,66	-5,77	-5,74	-5,71	-5,68	-5,66	-5,68	-5,71	-5,80	-5,89	-1,51
22/10/2019 15:10:00	-1,58	-2,03	-2,48	-2,99	-3,49	-3,92	-4,29	-4,60	-4,85	-5,09	-5,31	-5,40	-5,48	-5,44	-5,41	-5,37	-5,34	-5,36	-5,39	-5,48	-5,57	-1,59
22/10/2019 15:15:00	-1,58	-2,05	-2,53	-2,97	-3,36	-3,72	-4,13	-4,51	-4,84	-5,06	-5,28	-5,41	-5,55	-5,57	-5,60	-5,63	-5,66	-5,73	-5,80	-5,91	-6,02	-1,59
22/10/2019 15:20:00	-1,47	-2,02	-2,45	-2,86	-3,25	-3,68	-4,00	-4,35	-4,70	-4,96	-5,22	-5,37	-5,52	-5,55	-5,58	-5,60	-5,62	-5,68	-5,74	-5,85	-5,95	-1,63
22/10/2019 15:25:00	-1,65	-2,06	-2,49	-3,02	-3,52	-3,92	-4,32	-4,66	-4,94	-5,16	-5,35	-5,42	-5,49	-5,44	-5,40	-5,37	-5,34	-5,37	-5,40	-5,49	-5,58	-1,57
22/10/2019 15:30:00	-1,64	-2,09	-2,61	-3,11	-3,57	-4,01	-4,43	-4,76	-5,01	-5,17	-5,29	-5,32	-5,34	-5,27	-5,21	-5,17	-5,14	-5,16	-5,18	-5,27	-5,35	-1,46
22/10/2019 15:35:00	-1,67	-2,00	-2,50	-3,07	-3,59	-4,05	-4,37	-4,63	-4,87	-5,19	-5,51	-5,68	-5,85	-5,88	-5,90	-5,89	-5,88	-5,93	-5,98	-6,09	-6,19	-1,51
22/10/2019 15:40:00	-1,51	-2,03	-2,47	-2,94	-3,42	-3,88	-4,32	-4,68	-4,92	-5,17	-5,39	-5,46	-5,53	-5,48	-5,42	-5,37	-5,32	-5,32	-5,33	-5,41	-5,48	-1,59
22/10/2019 15:45:00	-1,59	-1,92	-2,34	-2,84	-3,39	-3,95	-4,45	-4,85	-5,13	-5,36	-5,54	-5,56	-5,59	-5,49	-5,39	-5,32	-5,24	-5,23	-5,22	-5,29	-5,35	-1,71
22/10/2019 15:50:00	-1,53	-2,03	-2,53	-3,02	-3,44	-3,74	-3,95	-4,11	-4,27	-4,61	-4,98	-5,21	-5,44	-5,52	-5,60	-5,62	-5,64	-5,71	-5,79	-5,91	-6,03	-1,42
22/10/2019 15:55:00	-1,61	-2,04	-2,50	-3,04	-3,58	-4,12	-4,54	-4,89	-5,17	-5,32	-5,42	-5,39	-5,35	-5,22	-5,10	-5,02	-4,94	-4,92	-4,91	-4,97	-5,04	-1,69
22/10/2019 16:00:00	-1,66	-1,97	-2,39	-2,97	-3,58	-4,08	-4,46	-4,76	-5,01	-5,23	-5,40	-5,41	-5,42	-5,31	-5,20	-5,12	-5,04	-5,03	-5,01	-5,09	-5,16	-1,78
22/10/2019 16:05:00	-1,78	-2,15	-2,69	-3,27	-3,79	-4,28	-4,63	-4,89	-5,06	-5,26	-5,42	-5,45	-5,48	-5,40	-5,32	-5,26	-5,20	-5,21	-5,21	-5,29	-5,37	-1,77
22/10/2019 16:10:00	-1,76	-2,05	-2,55	-3,13	-3,66	-4,12	-4,51	-4,83	-5,10	-5,25	-5,37	-5,37	-5,38	-5,30	-5,21	-5,17	-5,12	-5,14	-5,16	-5,24	-5,33	-1,86
22/10/2019 16:15:00	-1,77	-2,18	-2,62	-3,10	-3,59	-4,03	-4,42	-4,75	-5,01	-5,26	-5,50	-5,59	-5,69	-5,65	-5,62	-5,59	-5,55	-5,58	-5,60	-5,69	-5,77	-1,77
22/10/2019 16:20:00	-1,79	-2,13	-2,67	-3,23	-3,75	-4,26	-4,54	-4,80	-5,11	-5,35	-5,58	-5,69	-5,80	-5,79	-5,78	-5,77	-5,76	-5,80	-5,85	-5,95	-6,05	-1,80
22/10/2019 16:25:00	-1,85	-2,13	-2,61	-3,13	-3,60	-4,05	-4,45	-4,77	-5,00	-5,24	-5,47	-5,57	-5,67	-5,66	-5,64	-5,62	-5,60	-5,64	-5,67	-5,77	-5,86	-1,82
22/10/2019 16:30:00	-1,82	-2,11	-2,61	-3,15	-3,66	-4,19	-4,59	-4,88	-5,08	-5,21	-5,29	-5,25	-5,21	-5,08	-4,94	-4,86	-4,78	-4,77	-4,76	-4,83	-4,90	-1,86
22/10/2019 16:35:00	-1,80	-2,22	-2,64	-3,11	-3,55	-3,87	-4,24	-4,58	-4,89	-5,14	-5,38	-5,52	-5,67	-5,69	-5,72	-5,73	-5,74	-5,81	-5,88	-5,98	-6,09	-1,74
22/10/2019 16:40:00	-1,77	-2,10	-2,57	-3,12	-3,67	-4,19	-4,65	-5,03	-5,33	-5,57	-5,79	-5,87	-5,94	-5,89	-5,85	-5,81	-5,76	-5,78	-5,80	-5,88	-5,97	-1,77
22/10/2019 16:45:00	-1,76	-2,09	-2,52	-3,00	-3,48	-3,95	-4,42	-4,82	-5,15	-5,45	-5,73	-5,89	-6,04	-6,06	-6,07	-6,07	-6,07	-6,12	-6,17	-6,27	-6,36	-1,76
22/10/2019 16:50:00	-1,80	-2,00	-2,42	-2,99	-3,60	-4,18	-4,66	-5,09	-5,47	-5,68	-5,85	-5,88	-5,91	-5,83	-5,74	-5,69	-5,63	-5,64	-5,64	-5,72	-5,80	-1,69
22/10/2019 16:55:00	-1,72	-1,98	-2,42	-3,03	-3,68	-4,23	-4,68	-5,05	-5,37	-5,62	-5,82	-5,86	-5,91	-5,82	-5,74	-5,68	-5,61	-5,61	-5,61	-5,68	-5,76	-1,74
22/10/2019 17:00:00	-1,72	-2,10	-2,54	-3,03	-3,53	-4,03	-4,51	-4,87	-5,09	-5,36	-5,60	-5,67	-5,75	-5,69	-5,63	-5,58	-5,52	-5,52	-5,52	-5,59	-5,66	-1,76
22/10/2019 17:05:00	-1,92	-2,10	-2,54	-3,10	-3,66	-4,11	-4,59	-4,96	-5,24	-5,43	-5,58	-5,61	-5,63	-5,56	-5,48	-5,43	-5,39	-5,40	-5,42	-5,50	-5,59	-1,89
22/10/2019 17:10:00	-1,93	-2,24	-2,70	-3,23	-3,73	-4,21	-4,64	-4,99	-5,24	-5,41	-5,55	-5,58	-5,60	-5,52	-5,44	-5,40	-5,35	-5,36	-5,37	-5,45	-5,53	-1,91
22/10/2019 17:15:00	-1,90	-2,21	-2,70	-3,29	-3,86	-4,29	-4,68	-4,99	-5,25	-5,42	-5,57	-5,58	-5,60	-5,52	-5,44	-5,39	-5,34	-5,35	-5,37	-5,45	-5,53	-1,95
22/10/2019 17:20:00	-1,99	-2,23	-2,66	-3,16	-3,66	-4,16	-4,58	-4,92	-5,15	-5,40	-5,62	-5,70	-5,78	-5,74	-5,69	-5,65	-5,60	-5,62	-5,63	-5,72	-5,80	-1,96
22/10/2019 17:25:00	-1,94	-2,27	-2,66	-3,12	-3,59	-3,98	-4,41	-4,81	-5,13	-5,40	-5,64	-5,77	-5,90	-5,91	-5,92	-5,91	-5,91	-5,96	-6,01	-6,11	-6,21	-1,94
22/10/2019 17:30:00	-1,92	-2,18	-2,53	-3,02	-3,60	-4,20	-4,80	-5,30	-5,67	-5,90	-6,08	-6,10	-6,12	-6,01	-5,90	-5,83	-5,75	-5,73	-5,71	-5,77	-5,83	-1,95
22/10/2019 17:35:00	-2,00	-2,18	-2,67	-3,29	-3,91	-4,46	-4,91	-5,26	-5,51	-5,73	-5,91	-5,93	-5,96	-5,87	-5,78	-5,70	-5,63	-5,63	-5,62	-5,70	-5,77	-1,96
22/10/2019 17:40:00	-2,01	-2,32	-2,81	-3,40	-3,97	-4,47	-4,80	-5,09	-5,39	-5,57	-5,72	-5,75	-5,78	-5,70	-5,62	-5,57	-5,52	-5,53	-5,55	-5,63	-5,72	-2,01
22/10/2019 17:45:00	-2,07	-2,37	-2,87	-3,41	-3,92	-4,35	-4,74	-5,06	-5,33	-5,53	-5,72	-5,80	-5,87	-5,84	-5,80	-5,78	-5,76	-5,79	-5,83	-5,92	-6,01	-2,09
22/10/2019 17:50:00	-2,14	-2,48	-2,93	-3,41	-3,90	-4,49	-4,91	-5,28	-5,56	-5,79	-5,97	-6,02	-6,07	-5,99	-5,91	-5,86	-5,80	-5,80	-5,79	-5,87	-5,94	-2,14
22/10/2019 17:55:00	-2,24	-2,50	-2,97	-3,47	-3,94	-4,39	-4,82	-5,17	-5,45	-5,65	-5,83	-5,90	-5,98	-5,94	-5,91	-5,89	-5,87	-5,90	-5,94	-6,03	-6,12	-2,23
22/10/2019 18:00:00	-2,30	-2,71	-3,12	-3,58	-4,06	-4,53	-4,97	-5,34	-5,62	-5,81	-5,97	-5,99	-6,02	-5,93	-5,84	-5,77	-5,71	-5,71	-5,70	-5,77	-5,84	-2,36
22/10/2019 18:05:00	-2,47	-2,77	-3,31	-3,87	-4,35	-4,78	-5,12	-5,35	-5,52	-5,62	-5,70	-5,67	-5,64	-5,53	-5,41	-5,35	-5,28	-5,28	-5,28	-5,36	-5,43	-2,49
22/10/2019 18:10:00	-2,55	-2,90	-3,34	-3,85	-4,30	-4,61	-4,90	-5,10	-5,21	-5,42	-5,61	-5,66	-5,72	-5,67	-5,61	-5,56	-5,51	-5,53	-5,54	-5,63	-5,71	-2,56
22/10/2019 18:15:00	-2,61	-2,90	-3,42	-4,07	-4,66	-5,10	-5,43	-5,66	-5,82	-5,84	-5,82	-5,68	-5,54	-5,34	-5,14	-5,02	-4,91	-4,87	-4,83	-4,89	-4,95	-2,66
22/10/2019 18:20:00	-2,74	-2,96	-3,41	-3,98	-4,54	-5,10	-5,46	-5,73	-5,94	-6,08	-6,17	-6,10	-6,04	-5,88	-5,73	-5,62	-5,51	-5,47	-5,44	-5,49	-5,55	-2,71
22/10/2019 18:25:00	-2,74	-3,17	-3,61	-4,07	-4,48	-4,83	-5,17	-5,39	-5,49	-5,68	-5,85	-5,88	-5,91	-5,83	-5,75	-5,69	-5,62	-5,62	-5,62	-5,69	-5,77	-2,76
22/10/2019 18:30:00	-2,86	-3,03	-3,52	-4,08	-4,60	-5,03	-5,31	-5,49	-5,62	-5,79	-5,94	-5,95	-5,95	-5,85	-5,76	-5,68	-5,61	-5,60	-5,60	-5,67	-5,75	-2,90
22/10/2019 18:35:00	-2,92	-3,21	-3,53	-3,98	-4,46	-4,85	-5,29	-5,64	-5,89	-6,08	-6,23	-6,25	-6,26	-6,17	-6,07	-6,00	-5,93	-5,93	-5,92	-5,99	-6,05	-2,94
22/10/2019 18:40:00	-2,94	-3,14	-3,56	-4,09	-4,61	-5,07	-5,44	-5,70	-5,86	-6,05	-6,21	-6,21	-6,21	-6,09	-5,98	-5,89	-5,80	-5,78	-5,76	-5,83	-5,90	-2,97
22/10/2019 18:45:00	-2,93	-3,21	-3,64	-4,16	-4,66	-5,07	-5,46	-5,75	-5,95	-6,07	-6,17	-6,13	-6,10	-5,97	-5,85	-5,77	-5,69	-5,68	-5,66	-5,73	-5,80	-2,94
22/10/2019 18:50:00	-3,02	-3,32	-3,69	-4,17	-4,64	-5,00	-5,32	-5,58	-5,80	-5,99	-6,16	-6,20	-6,23	-6,16	-6,08	-6,02	-5,97	-5,97	-5,98	-6,05	-6,13	-2,98
22/10/2019 18:55:00	-3,00	-3,18	-3,56	-4,03	-4,45	-4,77	-5,17	-5,48	-5,68	-5,95	-6,21	-6,35	-6,50	-6,51	-6,52	-6,51	-6,50	-6,54	-6,59	-6,68	-6,78	-2,96
22/10/2019 19:00:00	-2,91	-3,13	-3,53	-4,07	-4,66	-5,17	-5,51	-5,80	-6,05	-6,28	-6,47	-6,49	-6,52	-6,42	-6,32	-6,23	-6,14	-6,12	-6,10	-6,17	-6,24	-2,91
22/10/2019 19:05:00	-2,99	-3,10	-3,57	-4,11	-4,57	-4,95	-5,27	-5,53	-5,76	-5,95	-6,15	-6,24	-6,33	-6,32	-6,31	-6,30	-6,29	-6,34	-6,39	-6,49	-6,59	-2,92
22/10/2019 19:10:00	-2,95	-3,17	-3,64	-4,19	-4,69	-5,11	-5,44	-5,69	-5,88	-6,07	-6,23	-6,27	-6,30	-6,23	-6,16	-6,11	-6,06	-6,07	-6,08	-6,16	-6,24	-2,94
22/10/2019 19:15:00	-2,94	-3,16	-3,61	-4,17	-4,66	-4,98	-5,45	-5,76	-5,94	-6,04	-6,12	-6,09	-6,06	-5,95	-5,84	-5,78	-5,72	-5,72	-5,72	-5,79	-5,87	-2,93
22/10/2019 19:20:00	-3,05	-3,26	-3,66	-4,11	-4,49	-4,83	-5,05	-5,25	-5,45	-5,68	-5,92	-6,04	-6,16	-6,17	-6,18	-6,17	-6,17	-6,22	-6,27	-6,38	-6,48	-2,97
22/10/2019 19:25:00	-3,10	-3,14	-3,58	-4,13	-4,65	-5,15	-5,56	-5,86	-6,08	-6,25	-6,38	-6,39	-6,40	-6,31	-6,22	-6,15	-6,09	-6,09	-6,09	-6,17	-6,24	-2,98
22/10/2019 19:30:00	-3,03	-3,20	-3,57	-4,03	-4,48	-4,90	-5,29	-5,60	-5,84	-6,03	-6,19	-6,22	-6,26	-6,19	-6,12	-6,07	-6,02	-6,03	-6,04	-6,12	-6,20	-3,05
22/10/2019 19:35:00	-3,08	-3,16	-3,57	-4,09	-4,56	-4,91	-5,31	-5,61	-5,85	-6,01	-6,15	-6,19	-6,23	-6,17	-6,11	-6,08	-6,05	-6,08	-6,11	-6,20	-6,29	-3,01
22/10/2019 19:40:00	-3,12	-3,21	-3,58	-4,07	-4,57	-5,00	-5,38	-5,68	-5,92	-6,13	-6,30	-6,35	-6,40	-6,33	-6,26	-6,21	-6,16	-6,17	-6,18	-6,26	-6,34	-3,08
22/10/2019 19:45:00	-3,09	-3,33	-3,63	-4,04	-4,47	-4,82	-5,19	-5,48	-5,66	-5,90	-6,12	-6,20	-6,27	-6,21	-6,16	-6,11	-6,05	-6,06	-6,06	-6,14	-6,22	-3,06
22/10/2019 19:50:00	-3,03	-3,23	-3,70	-4,20	-4,64	-5,05	-5,34	-5,54	-5,68	-5,84	-5,99	-6,01	-6,03	-5,95	-5,87	-5,81	-5,76	-5,77	-5,77	-5,85	-5,93	-3,11
22/10/2019 19:55:00	-3,11	-3,32	-3,66	-4,04	-4,41	-4,84	-5,13	-5,41	-5,67	-5,89	-6,09	-6,18	-6,27	-6,25	-6,22	-6,20	-6,18	-6,21	-6,25	-6,34	-6,43	-3,09
22/10/2019 20:00:00	-3,15	-3,23	-3,47	-3,87	-4,34	-4,82	-5,31	-5,72	-6,04	-6,23	-6,38	-6,39	-6,40	-6,30	-6,20	-6,13	-6,07	-6,05	-6,04	-6,11	-6,18	-3,10
22/10/2019 20:05:00	-3,16	-3,29	-3,59	-3,97	-4,32	-4,64	-4,93	-5,22	-5,50	-5,75	-6,00	-6,14	-6,29	-6,31	-6,34	-6,35	-6,36	-6,42	-6,48	-6,59	-6,69	-3,09
22/10/2019 20:10:00	-3,17	-3,25	-3,62	-4,07	-4,50	-4,89	-5,23	-5,48	-5,63	-5,84	-6,03	-6,09	-6,14	-6,08	-6,03	-5,98	-5,93	-5,94	-5,95	-6,04	-6,12	-3,16
22/10/2019 20:15:00	-3,18	-3,20	-3,54	-4,00	-4,44	-4,77	-5,12	-5,40	-5,64	-5,82	-5,99	-6,05	-6,11	-6,07	-6,04	-6,01	-5,99	-6,03	-6,06	-6,16	-6,25	-3,19
22/10/2019 20:20:00	-3,13	-3,33	-3,68	-4,04	-4,35	-4,63	-4,91	-5,17	-5,44	-5,68	-5,94	-6,11	-6,28	-6,33	-6,38	-6,41	-6,43	-6,51	-6,59	-6,70	-6,81	-3,22
22/10/2019 20:25:00	-3,17	-3,35	-3,64	-4,01	-4,39	-4,77	-5,12	-5,44	-5,72	-5,88	-6,02	-6,05	-6,08	-6,02	-5,96	-5,92	-5,89	-5,91	-5,93	-6,02	-6,10	-3,09
22/10/2019 20:30:00	-3,15	-3,36	-3,71	-4,11	-4,44	-4,71	-4,85	-5,00	-5,18	-5,42	-5,67	-5,81	-5,95	-5,98	-6,01	-6,02	-6,03	-6,09	-6,15	-6,26	-6,37	-3,11
22/10/2019 20:35:00	-3,15	-3,35	-3,61	-3,93	-4,27	-4,55	-4,85	-5,12	-5,36	-5,65	-5,93	-6,08	-6,24	-6,26	-6,29	-6,29	-6,29	-6,34	-6,40	-6,50	-6,60	-3,14
22/10/2019 20:40:00	-3,14	-3,19	-3,52	-3,93	-4,27	-4,51	-4,86	-5,13	-5,35	-5,61	-5,89	-6,06	-6,23	-6,29	-6,34	-6,37	-6,40	-6,48	-6,56	-6,68	-6,79	-3,14
22/10/2019 20:45:00	-3,15	-3,31	-3,65	-4,05	-4,37	-4,55	-4,81	-5,03	-5,23	-5,49	-5,77	-5,95	-6,13	-6,20	-6,26	-6,30	-6,33	-6,42	-6,50	-6,62	-6,74	-3,08
22/10/2019 20:50:00	-3,04	-3,27	-3,51	-3,83	-4,16	-4,42	-4,75	-5,03	-5,26	-5,55	-5,83	-5,98	-6,14	-6,16	-6,18	-6,18	-6,18	-6,23	-6,27	-6,37	-6,47	-3,02
22/10/2019 20:55:00	-3,04	-3,25	-3,51	-3,85	-4,18	-4,38	-4,67	-4,97	-5,27	-5,48	-5,70	-5,83	-5,96	-5,99	-6,01	-6,03	-6,05	-6,13	-6,20	-6,31	-6,42	-2,96
22/10/2019 21:00:00	-2,97	-3,13	-3,48	-3,83	-4,12	-4,43	-4,67	-4,90	-5,13	-5,35	-5,57	-5,71	-5,85	-5,88	-5,91	-5,93	-5,96	-6,03	-6,10	-6,22	-6,33	-2,93
22/10/2019 21:05:00	-2,94	-3,21	-3,48	-3,78	-4,07	-4,37	-4,66	-4,92	-5,13	-5,35	-5,55	-5,64	-5,74	-5,72	-5,70	-5,69	-5,67	-5,71	-5,75	-5,84	-5,94	-2,91
22/10/2019 21:10:00	-2,84	-3,09	-3,36	-3,55	-3,66	-3,77	-3,95	-4,15	-4,35	-4,62	-4,92	-5,16	-5,40	-5,53	-5,66	-5,74	-5,83	-5,95	-6,08	-6,22	-6,35	-2,89
22/10/2019 21:15:00	-2,84	-3,12	-3,47	-3,81	-4,09	-4,35	-4,61	-4,85	-5,05	-5,30	-5,55	-5,71	-5,87	-5,92	-5,96	-5,99	-6,02	-6,09	-6,16	-6,27	-6,39	-2,83
22/10/2019 21:20:00	-2,79	-3,03	-3,36	-3,71	-4,04	-4,35	-4,66	-4,97	-5,24	-5,44	-5,64	-5,74	-5,85	-5,85	-5,86	-5,87	-5,88	-5,93	-5,99	-6,10	-6,20	-2,76
22/10/2019 21:25:00	-2,75	-2,91	-3,22	-3,58	-3,91	-4,21	-4,49	-4,77	-5,06	-5,29	-5,52	-5,66	-5,80	-5,84	-5,87	-5,90	-5,93	-6,00	-6,08	-6,19	-6,30	-2,75
22/10/2019 21:30:00	-2,71	-2,96	-3,28	-3,65	-4,01	-4,32	-4,63	-4,93	-5,23	-5,46	-5,68	-5,80	-5,93	-5,94	-5,95	-5,96	-5,97	-6,03	-6,09	-6,19	-6,29	-2,66
22/10/2019 21:35:00	-2,59	-2,94	-3,31	-3,65	-3,92	-4,13	-4,32	-4,55	-4,81	-5,07	-5,34	-5,54	-5,74	-5,83	-5,92	-5,98	-6,03	-6,14	-6,24	-6,36	-6,49	-2,65
22/10/2019 21:40:00	-2,69	-2,82	-3,05	-3,46	-3,91	-4,34	-4,77	-5,13	-5,39	-5,68	-5,93	-6,03	-6,13	-6,09	-6,06	-6,01	-5,97	-5,98	-5,99	-6,07	-6,15	-2,59
22/10/2019 21:45:00	-2,60	-2,86	-3,20	-3,52	-3,81	-4,13	-4,48	-4,79	-5,05	-5,26	-5,47	-5,60	-5,72	-5,74	-5,76	-5,77	-5,79	-5,85	-5,92	-6,02	-6,13	-2,62
22/10/2019 21:50:00	-2,59	-2,81	-3,13	-3,48	-3,83	-4,21	-4,51	-4,80	-5,08	-5,29	-5,49	-5,58	-5,67	-5,66	-5,65	-5,65	-5,64	-5,69	-5,74	-5,84	-5,93	-2,56
22/10/2019 21:55:00	-2,54	-2,72	-3,11	-3,58	-3,99	-4,28	-4,57	-4,80	-4,99	-5,13	-5,25	-5,28	-5,31	-5,25	-5,20	-5,17	-5,15	-5,18	-5,22	-5,31	-5,41	-2,52
22/10/2019 22:00:00	-2,50	-2,79	-3,21	-3,62	-3,90	-4,09	-4,21	-4,33	-4,51	-4,72	-4,97	-5,14	-5,31	-5,38	-5,44	-5,49	-5,54	-5,63	-5,73	-5,86	-5,99	-2,51
22/10/2019 22:05:00	-2,46	-2,70	-3,06	-3,46	-3,80	-4,09	-4,27	-4,46	-4,69	-4,87	-5,06	-5,15	-5,24	-5,25	-5,25	-5,26	-5,27	-5,33	-5,40	-5,51	-5,62	-2,51
22/10/2019 22:10:00	-2,46	-2,77	-3,14	-3,48	-3,73	-3,89	-4,06	-4,21	-4,36	-4,56	-4,78	-4,92	-5,06	-5,10	-5,15	-5,18	-5,21	-5,29	-5,38	-5,50	-5,62	-2,51
22/10/2019 22:15:00	-2,55	-2,73	-3,05	-3,40	-3,71	-3,99	-4,26	-4,46	-4,59	-4,86	-5,12	-5,26	-5,40	-5,42	-5,43	-5,43	-5,43	-5,48	-5,53	-5,63	-5,74	-2,51
22/10/2019 22:20:00	-2,51	-2,77	-3,14	-3,56	-3,91	-4,16	-4,41	-4,64	-4,84	-5,02	-5,19	-5,28	-5,37	-5,36	-5,36	-5,36	-5,37	-5,42	-5,48	-5,59	-5,70	-2,52
22/10/2019 22:25:00	-2,49	-2,69	-3,11	-3,60	-4,00	-4,25	-4,53	-4,74	-4,91	-5,13	-5,35	-5,47	-5,59	-5,60	-5,61	-5,61	-5,61	-5,67	-5,73	-5,84	-5,95	-2,51
22/10/2019 22:30:00	-2,49	-2,79	-3,16	-3,55	-3,90	-4,21	-4,54	-4,83	-5,06	-5,26	-5,46	-5,56	-5,66	-5,65	-5,64	-5,64	-5,63	-5,68	-5,73	-5,83	-5,93	-2,49
22/10/2019 22:35:00	-2,50	-2,79	-3,23	-3,66	-4,00	-4,31	-4,51	-4,69	-4,88	-5,00	-5,13	-5,17	-5,21	-5,17	-5,13	-5,12	-5,11	-5,16	-5,21	-5,31	-5,41	-2,52
22/10/2019 22:40:00	-2,56	-2,68	-3,10	-3,66	-4,19	-4,58	-4,92	-5,17	-5,35	-5,55	-5,73	-5,76	-5,80	-5,72	-5,65	-5,59	-5,53	-5,54	-5,55	-5,64	-5,72	-2,51
22/10/2019 22:45:00	-2,56	-2,88	-3,30	-3,83	-4,32	-4,64	-5,01	-5,29	-5,46	-5,69	-5,90	-5,97	-6,05	-6,00	-5,96	-5,92	-5,87	-5,89	-5,91	-6,00	-6,08	-2,55
22/10/2019 22:50:00	-2,56	-2,78	-3,21	-3,75	-4,28	-4,73	-5,07	-5,34	-5,57	-5,80	-6,01	-6,08	-6,14	-6,09	-6,03	-5,98	-5,93	-5,94	-5,95	-6,03	-6,12	-2,55
22/10/2019 22:55:00	-2,66	-3,03	-3,48	-4,00	-4,45	-4,86	-5,14	-5,35	-5,49	-5,74	-5,97	-6,06	-6,15	-6,11	-6,07	-6,02	-5,97	-5,98	-5,99	-6,07	-6,15	-2,62
22/10/2019 23:00:00	-2,87	-3,17	-3,64	-4,13	-4,58	-4,98	-5,25	-5,46	-5,66	-5,77	-5,85	-5,83	-5,81	-5,70	-5,60	-5,54	-5,48	-5,49	-5,49	-5,57	-5,65	-2,80
22/10/2019 23:05:00	-3,00	-3,25	-3,68	-4,18	-4,66	-5,11	-5,38	-5,59	-5,77	-5,95	-6,11	-6,12	-6,14	-6,04	-5,95	-5,88	-5,81	-5,80	-5,79	-5,87	-5,94	-3,01
22/10/2019 23:10:00	-3,10	-3,34	-3,85	-4,42	-4,86	-5,05	-5,26	-5,36	-5,41	-5,54	-5,67	-5,69	-5,71	-5,64	-5,58	-5,54	-5,49	-5,52	-5,55	-5,64	-5,73	-3,11
22/10/2019 23:15:00	-3,24	-3,51	-3,96	-4,48	-4,92	-5,20	-5,33	-5,46	-5,63	-5,77	-5,90	-5,92	-5,95	-5,90	-5,84	-5,81	-5,77	-5,80	-5,84	-5,93	-6,02	-3,21
22/10/2019 23:20:00	-3,25	-3,65	-4,00	-4,39	-4,74	-5,02	-5,20	-5,37	-5,56	-5,72	-5,88	-5,92	-5,97	-5,91	-5,86	-5,82	-5,79	-5,81	-5,83	-5,92	-6,00	-3,31
22/10/2019 23:25:00	-3,37	-3,66	-3,99	-4,32	-4,57	-4,75	-4,87	-5,00	-5,16	-5,34	-5,53	-5,63	-5,74	-5,75	-5,77	-5,77	-5,78	-5,85	-5,91	-6,02	-6,13	-3,39
22/10/2019 23:30:00	-3,40	-3,75	-4,04	-4,33	-4,55	-4,67	-4,75	-4,87	-5,02	-5,16	-5,30	-5,37	-5,44	-5,44	-5,43	-5,43	-5,44	-5,50	-5,56	-5,66	-5,77	-3,46
22/10/2019 23:35:00	-3,57	-3,75	-4,01	-4,26	-4,45	-4,67	-4,80	-4,93	-5,07	-5,22	-5,37	-5,44	-5,51	-5,49	-5,48	-5,48	-5,48	-5,53	-5,58	-5,68	-5,79	-3,40
22/10/2019 23:40:00	-3,37	-3,65	-3,92	-4,14	-4,27	-4,34	-4,41	-4,49	-4,61	-4,77	-4,96	-5,09	-5,22	-5,26	-5,31	-5,35	-5,39	-5,47	-5,56	-5,68	-5,81	-3,39
22/10/2019 23:45:00	-3,34	-3,54	-3,75	-3,98	-4,18	-4,34	-4,53	-4,72	-4,91	-4,99	-5,06	-5,07	-5,08	-5,03	-4,98	-4,97	-4,97	-5,01	-5,06	-5,16	-5,26	-3,30
22/10/2019 23:50:00	-3,18	-3,35	-3,63	-3,92	-4,15	-4,26	-4,37	-4,45	-4,53	-4,71	-4,89	-4,99	-5,08	-5,08	-5,08	-5,09	-5,09	-5,15	-5,21	-5,32	-5,43	-3,23
22/10/2019 23:55:00	-3,09	-3,25	-3,56	-3,91	-4,18	-4,34	-4,39	-4,49	-4,66	-4,76	-4,87	-4,92	-4,98	-4,96	-4,95	-4,96	-4,97	-5,04	-5,11	-5,23	-5,35	-3,07
