FileFormat:0002.2 file with temperature of atmosphere
SN105HE102 RTK
local	GMT or Local
0	GMT-Local=[hours]
20	Height[m]
0	0	0	Longitude                [grd]               [min]               [sec]
0	0	0	Latitude                [grd]               [min]               [sec]
N	NS
56,45	Freq[GHz]
0,00	dTemostat[K]
0,150	MessErr[K]
0,248	//[grad/step]
version 14.4.20120406
MTP5HE102F5645K-38.60I70D222917+A1.1
Commentary:
SN105HE102
парабола ДНА = 2,5 град
НЕ102 - ПУ - ХВБ с ЦСД " S "
АЦП - 202 - 09 с контр.U пит.и М
оптопара серии - 2
Т out № 178 пл
БП LPS - 112
End Of Commentary

SYSTEM\alaska.dat
data time	0	50	100	150	200	250	300	350	400	450	500	550	600	650	700	750	800	850	900	950	1000	OutsideTemperature
27/03/2022 00:00:00	-9,21	-9,15	-8,85	-8,46	-8,30	-8,48	-8,80	-9,43	-10,11	-10,72	-11,38	-11,98	-12,57	-12,92	-13,28	-13,45	-13,63	-13,79	-13,95	-14,08	-14,20	-9,24
27/03/2022 00:05:00	-9,38	-9,04	-8,90	-8,71	-8,65	-8,82	-9,20	-9,73	-10,27	-10,81	-11,41	-11,94	-12,47	-12,77	-13,08	-13,24	-13,39	-13,55	-13,70	-13,83	-13,95	-9,18
27/03/2022 00:10:00	-9,35	-9,13	-8,94	-8,80	-8,76	-8,84	-9,20	-9,67	-10,16	-10,71	-11,30	-11,81	-12,32	-12,60	-12,88	-13,01	-13,13	-13,27	-13,40	-13,52	-13,63	-9,25
27/03/2022 00:15:00	-9,51	-9,48	-9,42	-9,26	-9,17	-9,22	-9,51	-9,90	-10,31	-10,77	-11,28	-11,73	-12,17	-12,42	-12,67	-12,78	-12,90	-13,03	-13,15	-13,26	-13,37	-9,39
27/03/2022 00:20:00	-9,59	-9,46	-9,31	-9,12	-9,04	-9,12	-9,36	-9,76	-10,22	-10,75	-11,33	-11,83	-12,33	-12,61	-12,89	-13,02	-13,14	-13,28	-13,41	-13,52	-13,64	-9,56
27/03/2022 00:25:00	-9,71	-9,69	-9,43	-9,06	-8,82	-8,87	-9,23	-9,69	-10,18	-10,73	-11,33	-11,86	-12,40	-12,71	-13,02	-13,17	-13,32	-13,47	-13,61	-13,72	-13,84	-9,63
27/03/2022 00:30:00	-9,72	-9,53	-9,30	-9,09	-9,10	-9,39	-9,79	-10,31	-10,84	-11,39	-11,96	-12,41	-12,85	-13,05	-13,25	-13,31	-13,38	-13,45	-13,52	-13,60	-13,69	-9,73
27/03/2022 00:35:00	-9,83	-9,60	-9,58	-9,39	-9,18	-9,07	-9,19	-9,48	-9,84	-10,29	-10,83	-11,35	-11,88	-12,22	-12,57	-12,76	-12,95	-13,14	-13,34	-13,48	-13,63	-9,96
27/03/2022 00:40:00	-9,79	-9,79	-9,57	-9,18	-8,85	-8,73	-8,99	-9,38	-9,85	-10,46	-11,16	-11,82	-12,48	-12,89	-13,31	-13,52	-13,73	-13,93	-14,13	-14,27	-14,42	-9,75
27/03/2022 00:45:00	-9,87	-9,42	-9,31	-9,22	-9,16	-9,18	-9,45	-9,84	-10,27	-10,74	-11,27	-11,75	-12,23	-12,52	-12,80	-12,95	-13,09	-13,25	-13,41	-13,54	-13,67	-9,64
27/03/2022 00:50:00	-9,89	-9,86	-9,64	-9,24	-9,03	-9,16	-9,54	-10,05	-10,57	-11,08	-11,65	-12,15	-12,66	-12,94	-13,22	-13,36	-13,50	-13,63	-13,77	-13,87	-13,98	-9,63
27/03/2022 00:55:00	-9,95	-10,02	-9,80	-9,52	-9,35	-9,37	-9,63	-10,09	-10,59	-11,06	-11,59	-12,05	-12,52	-12,78	-13,04	-13,17	-13,30	-13,43	-13,56	-13,67	-13,78	-9,71
27/03/2022 01:00:00	-10,06	-10,16	-9,92	-9,59	-9,34	-9,25	-9,56	-9,91	-10,33	-10,90	-11,54	-12,09	-12,63	-12,94	-13,25	-13,38	-13,51	-13,65	-13,78	-13,89	-14,00	-10,01
27/03/2022 01:05:00	-10,12	-10,17	-10,05	-9,85	-9,79	-9,92	-10,17	-10,58	-10,97	-11,29	-11,63	-11,89	-12,16	-12,26	-12,36	-12,40	-12,44	-12,50	-12,55	-12,63	-12,70	-10,05
27/03/2022 01:10:00	-10,03	-10,07	-9,83	-9,42	-9,20	-9,33	-9,68	-10,14	-10,61	-11,12	-11,66	-12,13	-12,60	-12,85	-13,10	-13,21	-13,32	-13,42	-13,53	-13,62	-13,72	-10,08
27/03/2022 01:15:00	-10,00	-10,26	-10,08	-9,63	-9,24	-9,07	-9,25	-9,62	-10,05	-10,48	-11,00	-11,52	-12,03	-12,36	-12,69	-12,88	-13,07	-13,25	-13,43	-13,56	-13,69	-10,04
27/03/2022 01:20:00	-10,09	-10,09	-10,20	-9,95	-9,59	-9,30	-9,20	-9,39	-9,71	-10,12	-10,66	-11,26	-11,85	-12,29	-12,72	-12,99	-13,25	-13,51	-13,77	-13,95	-14,13	-9,90
27/03/2022 01:25:00	-9,94	-10,17	-10,13	-9,91	-9,75	-9,79	-9,98	-10,32	-10,69	-11,09	-11,55	-11,95	-12,35	-12,56	-12,77	-12,87	-12,97	-13,08	-13,19	-13,28	-13,38	-9,98
27/03/2022 01:30:00	-9,50	-9,79	-10,01	-10,13	-10,13	-10,07	-10,15	-10,40	-10,72	-11,07	-11,49	-11,87	-12,26	-12,48	-12,70	-12,82	-12,93	-13,06	-13,19	-13,31	-13,43	-9,91
27/03/2022 01:35:00	-9,51	-9,40	-9,41	-9,31	-9,31	-9,53	-9,95	-10,34	-10,72	-11,15	-11,61	-11,97	-12,33	-12,50	-12,66	-12,72	-12,78	-12,85	-12,92	-13,01	-13,09	-9,88
27/03/2022 01:40:00	-9,76	-9,65	-9,12	-8,49	-8,13	-8,14	-8,44	-9,07	-9,75	-10,38	-11,08	-11,73	-12,39	-12,79	-13,19	-13,41	-13,62	-13,81	-14,01	-14,14	-14,28	-9,87
27/03/2022 01:45:00	-9,94	-9,40	-8,59	-8,08	-8,04	-8,41	-9,05	-9,90	-10,69	-11,40	-12,08	-12,58	-13,09	-13,30	-13,52	-13,58	-13,64	-13,70	-13,76	-13,83	-13,90	-9,58
27/03/2022 01:50:00	-9,80	-9,79	-9,33	-8,78	-8,55	-8,80	-9,43	-10,07	-10,63	-11,16	-11,70	-12,14	-12,57	-12,76	-12,95	-13,03	-13,10	-13,17	-13,23	-13,30	-13,37	-9,63
27/03/2022 01:55:00	-10,01	-9,71	-9,37	-8,98	-8,81	-8,93	-9,23	-9,71	-10,22	-10,73	-11,27	-11,74	-12,21	-12,46	-12,71	-12,83	-12,95	-13,07	-13,19	-13,30	-13,41	-9,93
27/03/2022 02:00:00	-10,13	-10,19	-10,00	-9,71	-9,41	-9,17	-9,22	-9,51	-9,89	-10,30	-10,80	-11,29	-11,78	-12,10	-12,42	-12,60	-12,78	-12,96	-13,14	-13,28	-13,42	-10,13
27/03/2022 02:05:00	-9,92	-10,34	-9,90	-9,27	-8,86	-8,77	-8,96	-9,38	-9,87	-10,44	-11,06	-11,60	-12,15	-12,45	-12,75	-12,89	-13,03	-13,16	-13,28	-13,38	-13,49	-10,14
27/03/2022 02:10:00	-10,07	-9,96	-9,57	-9,16	-8,89	-8,84	-9,10	-9,45	-9,84	-10,30	-10,79	-11,22	-11,64	-11,86	-12,09	-12,19	-12,29	-12,40	-12,50	-12,60	-12,70	-9,96
27/03/2022 02:15:00	-9,79	-9,31	-8,69	-8,32	-8,32	-8,62	-9,05	-9,72	-10,40	-11,05	-11,69	-12,16	-12,63	-12,84	-13,05	-13,11	-13,18	-13,24	-13,31	-13,39	-13,48	-9,70
27/03/2022 02:20:00	-9,78	-9,16	-8,58	-8,28	-8,37	-8,77	-9,27	-10,01	-10,69	-11,23	-11,74	-12,11	-12,47	-12,60	-12,73	-12,76	-12,79	-12,84	-12,88	-12,95	-13,02	-9,95
27/03/2022 02:25:00	-9,72	-9,66	-9,06	-8,33	-7,87	-7,83	-8,17	-8,76	-9,39	-9,99	-10,65	-11,27	-11,89	-12,28	-12,66	-12,87	-13,08	-13,26	-13,44	-13,58	-13,71	-9,72
27/03/2022 02:30:00	-9,68	-9,51	-8,81	-8,14	-7,80	-7,83	-8,33	-9,01	-9,68	-10,32	-10,99	-11,57	-12,15	-12,47	-12,80	-12,96	-13,11	-13,25	-13,39	-13,50	-13,61	-9,68
27/03/2022 02:35:00	-9,62	-9,78	-9,44	-8,91	-8,47	-8,24	-8,37	-8,81	-9,34	-9,89	-10,55	-11,20	-11,85	-12,28	-12,71	-12,96	-13,20	-13,43	-13,66	-13,81	-13,97	-9,65
27/03/2022 02:40:00	-9,77	-9,63	-8,91	-8,15	-7,79	-7,95	-8,36	-9,14	-9,94	-10,68	-11,45	-12,14	-12,83	-13,23	-13,64	-13,83	-14,03	-14,20	-14,36	-14,48	-14,61	-9,78
27/03/2022 02:45:00	-9,68	-9,91	-9,71	-9,17	-8,80	-8,81	-8,97	-9,26	-9,61	-10,08	-10,60	-11,06	-11,53	-11,78	-12,04	-12,16	-12,29	-12,40	-12,52	-12,63	-12,73	-9,82
27/03/2022 02:50:00	-9,84	-9,76	-9,84	-9,88	-9,64	-9,08	-8,88	-8,82	-8,95	-9,33	-9,84	-10,34	-10,85	-11,21	-11,57	-11,77	-11,97	-12,19	-12,41	-12,59	-12,76	-9,80
27/03/2022 02:55:00	-9,72	-9,46	-9,20	-9,10	-9,25	-9,61	-10,11	-10,67	-11,15	-11,51	-11,84	-12,03	-12,23	-12,24	-12,25	-12,22	-12,19	-12,18	-12,18	-12,22	-12,27	-9,88
27/03/2022 03:00:00	-10,06	-9,89	-9,64	-8,93	-8,33	-8,15	-8,31	-8,79	-9,31	-9,74	-10,29	-10,93	-11,58	-12,05	-12,53	-12,85	-13,17	-13,45	-13,74	-13,92	-14,11	-10,17
27/03/2022 03:05:00	-10,16	-9,72	-8,97	-8,27	-7,94	-8,07	-8,67	-9,48	-10,18	-10,68	-11,20	-11,68	-12,15	-12,41	-12,67	-12,82	-12,98	-13,11	-13,24	-13,35	-13,45	-10,46
27/03/2022 03:10:00	-10,52	-10,15	-9,56	-8,99	-8,71	-8,82	-9,16	-9,60	-10,06	-10,59	-11,13	-11,55	-11,97	-12,17	-12,36	-12,43	-12,50	-12,58	-12,65	-12,73	-12,81	-10,51
27/03/2022 03:15:00	-10,51	-10,21	-9,82	-9,48	-9,26	-9,21	-9,49	-9,87	-10,25	-10,65	-11,09	-11,46	-11,83	-12,02	-12,22	-12,31	-12,41	-12,51	-12,61	-12,71	-12,81	-10,63
27/03/2022 03:20:00	-10,70	-10,46	-9,89	-9,41	-9,17	-9,20	-9,46	-9,91	-10,36	-10,77	-11,19	-11,52	-11,86	-12,00	-12,15	-12,21	-12,27	-12,33	-12,40	-12,48	-12,56	-10,68
27/03/2022 03:25:00	-10,59	-10,20	-9,53	-8,98	-8,73	-8,79	-9,00	-9,49	-10,03	-10,54	-11,08	-11,51	-11,94	-12,15	-12,36	-12,45	-12,53	-12,62	-12,71	-12,80	-12,90	-10,68
27/03/2022 03:30:00	-10,59	-10,33	-9,80	-9,22	-8,87	-8,84	-9,15	-9,64	-10,12	-10,53	-10,97	-11,37	-11,76	-11,98	-12,20	-12,32	-12,44	-12,55	-12,67	-12,77	-12,87	-10,65
27/03/2022 03:35:00	-10,84	-10,46	-9,92	-9,28	-8,90	-8,93	-9,20	-9,58	-10,01	-10,53	-11,10	-11,59	-12,07	-12,33	-12,60	-12,72	-12,84	-12,95	-13,06	-13,16	-13,26	-10,73
27/03/2022 03:40:00	-10,83	-10,33	-9,75	-9,25	-9,04	-9,16	-9,49	-9,95	-10,42	-10,90	-11,38	-11,76	-12,13	-12,30	-12,47	-12,53	-12,59	-12,66	-12,72	-12,80	-12,88	-11,01
27/03/2022 03:45:00	-10,85	-10,38	-9,82	-9,28	-9,04	-9,14	-9,37	-9,83	-10,32	-10,81	-11,32	-11,73	-12,15	-12,36	-12,57	-12,66	-12,75	-12,84	-12,93	-13,02	-13,11	-10,91
27/03/2022 03:50:00	-11,06	-10,41	-9,72	-9,21	-9,00	-9,08	-9,48	-9,99	-10,46	-10,87	-11,28	-11,59	-11,90	-12,03	-12,15	-12,20	-12,25	-12,31	-12,36	-12,44	-12,52	-10,95
27/03/2022 03:55:00	-11,57	-10,88	-10,11	-9,38	-8,95	-8,91	-9,27	-9,72	-10,15	-10,58	-11,02	-11,41	-11,80	-12,01	-12,21	-12,32	-12,43	-12,53	-12,62	-12,72	-12,82	-12,13
27/03/2022 04:00:00	-11,55	-10,77	-10,05	-9,39	-9,03	-9,02	-9,21	-9,72	-10,18	-10,50	-10,84	-11,16	-11,48	-11,65	-11,83	-11,94	-12,05	-12,16	-12,27	-12,38	-12,49	-12,70
27/03/2022 04:05:00	-11,82	-10,99	-10,23	-9,60	-9,27	-9,28	-9,58	-10,03	-10,48	-10,92	-11,38	-11,76	-12,15	-12,34	-12,54	-12,63	-12,73	-12,82	-12,91	-13,01	-13,10	-12,60
27/03/2022 04:10:00	-11,59	-10,81	-9,88	-9,10	-8,68	-8,69	-9,07	-9,74	-10,36	-10,84	-11,35	-11,80	-12,26	-12,52	-12,77	-12,92	-13,07	-13,20	-13,33	-13,44	-13,55	-11,56
27/03/2022 04:15:00	-11,46	-10,27	-9,54	-9,09	-8,91	-9,00	-9,37	-9,81	-10,25	-10,72	-11,19	-11,56	-11,92	-12,10	-12,27	-12,34	-12,41	-12,49	-12,58	-12,67	-12,77	-11,34
27/03/2022 04:20:00	-11,27	-10,28	-9,69	-9,36	-9,23	-9,27	-9,61	-10,02	-10,44	-10,89	-11,36	-11,73	-12,09	-12,27	-12,45	-12,52	-12,60	-12,68	-12,77	-12,87	-12,97	-11,27
27/03/2022 04:25:00	-11,41	-10,59	-9,91	-9,33	-9,05	-9,12	-9,50	-9,99	-10,44	-10,83	-11,24	-11,57	-11,91	-12,07	-12,23	-12,31	-12,40	-12,48	-12,57	-12,66	-12,75	-11,36
27/03/2022 04:30:00	-11,54	-10,93	-9,99	-9,22	-8,75	-8,62	-8,93	-9,40	-9,91	-10,46	-11,04	-11,52	-12,01	-12,27	-12,53	-12,66	-12,78	-12,89	-13,00	-13,10	-13,21	-11,47
27/03/2022 04:35:00	-12,40	-11,49	-10,40	-9,43	-8,82	-8,66	-8,91	-9,37	-9,87	-10,40	-10,96	-11,46	-11,96	-12,25	-12,54	-12,70	-12,85	-12,99	-13,12	-13,23	-13,35	-12,21
27/03/2022 04:40:00	-12,64	-11,29	-10,00	-9,03	-8,53	-8,49	-8,81	-9,36	-9,91	-10,44	-10,97	-11,39	-11,81	-12,03	-12,24	-12,33	-12,43	-12,52	-12,61	-12,70	-12,80	-13,10
27/03/2022 04:45:00	-12,80	-11,09	-9,91	-9,14	-8,77	-8,77	-9,08	-9,59	-10,15	-10,74	-11,35	-11,84	-12,32	-12,58	-12,84	-12,96	-13,07	-13,19	-13,30	-13,41	-13,52	-13,11
27/03/2022 04:50:00	-12,79	-11,22	-10,29	-9,58	-9,22	-9,23	-9,54	-9,97	-10,44	-10,95	-11,50	-11,96	-12,42	-12,68	-12,94	-13,07	-13,20	-13,33	-13,45	-13,57	-13,68	-13,01
27/03/2022 04:55:00	-12,75	-11,29	-10,18	-9,26	-8,87	-9,08	-9,61	-10,28	-10,87	-11,34	-11,80	-12,18	-12,55	-12,73	-12,90	-12,99	-13,08	-13,16	-13,24	-13,33	-13,41	-12,95
27/03/2022 05:00:00	-13,10	-11,70	-10,52	-9,50	-8,94	-8,91	-9,21	-9,78	-10,36	-10,93	-11,53	-12,06	-12,59	-12,90	-13,21	-13,38	-13,55	-13,69	-13,83	-13,95	-14,07	-13,11
27/03/2022 05:05:00	-13,23	-11,42	-10,05	-9,18	-8,75	-8,75	-9,14	-9,82	-10,45	-10,99	-11,53	-11,99	-12,45	-12,71	-12,96	-13,10	-13,24	-13,36	-13,49	-13,60	-13,72	-13,29
27/03/2022 05:10:00	-13,17	-11,32	-10,08	-9,26	-8,96	-9,11	-9,47	-10,10	-10,70	-11,24	-11,77	-12,19	-12,60	-12,81	-13,01	-13,10	-13,19	-13,28	-13,37	-13,46	-13,56	-13,35
27/03/2022 05:15:00	-12,83	-11,19	-10,02	-9,23	-8,93	-9,10	-9,52	-10,18	-10,80	-11,34	-11,88	-12,31	-12,74	-12,95	-13,16	-13,25	-13,34	-13,43	-13,52	-13,61	-13,71	-12,31
27/03/2022 05:20:00	-12,68	-11,14	-10,04	-9,28	-8,97	-9,12	-9,56	-10,10	-10,63	-11,14	-11,64	-12,01	-12,38	-12,54	-12,70	-12,76	-12,82	-12,88	-12,94	-13,02	-13,11	-12,15
27/03/2022 05:25:00	-13,65	-12,19	-10,84	-9,76	-9,18	-9,13	-9,35	-9,79	-10,28	-10,79	-11,30	-11,70	-12,10	-12,29	-12,49	-12,57	-12,65	-12,73	-12,80	-12,89	-12,97	-13,61
27/03/2022 05:30:00	-13,95	-12,70	-11,17	-9,85	-9,06	-8,84	-8,99	-9,49	-10,04	-10,59	-11,17	-11,67	-12,18	-12,47	-12,75	-12,90	-13,05	-13,18	-13,30	-13,41	-13,51	-14,13
27/03/2022 05:35:00	-14,11	-12,73	-11,29	-10,08	-9,30	-9,00	-9,09	-9,61	-10,12	-10,60	-11,11	-11,60	-12,08	-12,38	-12,69	-12,87	-13,05	-13,21	-13,36	-13,49	-13,62	-14,50
27/03/2022 05:40:00	-13,69	-12,16	-10,68	-9,46	-8,77	-8,66	-8,95	-9,53	-10,14	-10,74	-11,36	-11,91	-12,45	-12,76	-13,07	-13,24	-13,40	-13,54	-13,67	-13,79	-13,90	-13,53
27/03/2022 05:45:00	-13,92	-12,34	-10,82	-9,55	-8,90	-8,91	-9,24	-9,89	-10,51	-11,05	-11,59	-12,06	-12,52	-12,77	-13,02	-13,15	-13,28	-13,39	-13,49	-13,59	-13,69	-13,27
27/03/2022 05:50:00	-14,52	-12,64	-11,15	-10,05	-9,43	-9,24	-9,28	-9,67	-10,12	-10,59	-11,08	-11,48	-11,88	-12,09	-12,31	-12,42	-12,53	-12,63	-12,74	-12,84	-12,95	-14,45
27/03/2022 05:55:00	-14,34	-12,12	-10,67	-9,68	-9,21	-9,20	-9,42	-9,95	-10,47	-10,94	-11,42	-11,81	-12,20	-12,41	-12,62	-12,74	-12,85	-12,96	-13,07	-13,17	-13,28	-14,44
27/03/2022 06:00:00	-14,03	-12,24	-10,84	-9,76	-9,10	-8,93	-9,23	-9,74	-10,28	-10,82	-11,39	-11,92	-12,45	-12,78	-13,11	-13,29	-13,48	-13,64	-13,80	-13,93	-14,06	-14,27
27/03/2022 06:05:00	-14,10	-12,30	-10,89	-9,92	-9,40	-9,34	-9,71	-10,33	-10,89	-11,36	-11,83	-12,24	-12,65	-12,87	-13,09	-13,21	-13,34	-13,45	-13,56	-13,67	-13,77	-14,25
27/03/2022 06:10:00	-13,78	-12,13	-10,78	-9,76	-9,27	-9,32	-9,69	-10,27	-10,83	-11,37	-11,90	-12,32	-12,74	-12,94	-13,15	-13,24	-13,33	-13,41	-13,49	-13,58	-13,67	-13,21
27/03/2022 06:15:00	-13,61	-11,89	-10,65	-9,71	-9,33	-9,48	-9,84	-10,41	-10,99	-11,54	-12,09	-12,52	-12,95	-13,15	-13,36	-13,44	-13,53	-13,60	-13,68	-13,77	-13,85	-12,86
27/03/2022 06:20:00	-13,30	-11,73	-10,46	-9,50	-9,01	-8,99	-9,28	-9,83	-10,41	-10,99	-11,59	-12,09	-12,59	-12,86	-13,14	-13,27	-13,40	-13,52	-13,64	-13,75	-13,85	-12,95
27/03/2022 06:25:00	-13,23	-11,83	-10,57	-9,52	-8,90	-8,77	-9,07	-9,61	-10,16	-10,69	-11,25	-11,76	-12,28	-12,58	-12,89	-13,06	-13,23	-13,38	-13,53	-13,65	-13,77	-12,80
27/03/2022 06:30:00	-12,95	-11,58	-10,15	-8,96	-8,31	-8,22	-8,53	-9,16	-9,82	-10,44	-11,10	-11,67	-12,24	-12,57	-12,91	-13,08	-13,26	-13,40	-13,55	-13,67	-13,79	-12,81
27/03/2022 06:35:00	-12,70	-11,03	-9,66	-8,61	-8,09	-8,13	-8,50	-9,07	-9,67	-10,30	-10,94	-11,46	-11,97	-12,25	-12,53	-12,66	-12,79	-12,91	-13,02	-13,13	-13,23	-12,66
27/03/2022 06:40:00	-12,57	-10,93	-9,64	-8,67	-8,24	-8,37	-8,78	-9,45	-10,06	-10,53	-11,00	-11,38	-11,76	-11,95	-12,14	-12,24	-12,35	-12,44	-12,54	-12,63	-12,73	-12,57
27/03/2022 06:45:00	-12,67	-11,61	-10,37	-9,22	-8,46	-8,18	-8,33	-8,73	-9,20	-9,69	-10,23	-10,72	-11,22	-11,52	-11,82	-11,99	-12,17	-12,31	-12,46	-12,59	-12,71	-12,56
27/03/2022 06:50:00	-13,33	-11,80	-10,16	-8,82	-7,99	-7,73	-8,00	-8,54	-9,13	-9,72	-10,34	-10,90	-11,46	-11,79	-12,13	-12,32	-12,51	-12,67	-12,82	-12,95	-13,08	-13,98
27/03/2022 06:55:00	-13,53	-11,90	-10,22	-8,79	-7,96	-7,77	-7,99	-8,50	-9,08	-9,70	-10,34	-10,89	-11,44	-11,76	-12,08	-12,25	-12,42	-12,55	-12,69	-12,80	-12,92	-13,98
27/03/2022 07:00:00	-14,21	-11,98	-10,11	-8,75	-8,02	-7,93	-8,30	-8,95	-9,55	-10,07	-10,58	-11,01	-11,44	-11,67	-11,91	-12,04	-12,18	-12,29	-12,40	-12,51	-12,62	-15,52
27/03/2022 07:05:00	-14,51	-12,18	-10,28	-8,88	-8,07	-7,87	-8,16	-8,67	-9,20	-9,71	-10,23	-10,67	-11,11	-11,37	-11,62	-11,77	-11,92	-12,05	-12,18	-12,29	-12,41	-16,40
27/03/2022 07:10:00	-14,21	-11,92	-9,92	-8,49	-7,75	-7,68	-8,11	-8,83	-9,47	-10,01	-10,52	-10,96	-11,39	-11,61	-11,84	-11,98	-12,11	-12,22	-12,33	-12,43	-12,54	-16,18
27/03/2022 07:15:00	-13,68	-11,76	-9,96	-8,56	-7,75	-7,59	-7,92	-8,55	-9,16	-9,71	-10,28	-10,78	-11,28	-11,58	-11,87	-12,04	-12,22	-12,36	-12,50	-12,62	-12,74	-15,30
27/03/2022 07:20:00	-13,05	-11,43	-9,98	-8,74	-8,03	-7,88	-8,05	-8,56	-9,10	-9,60	-10,13	-10,61	-11,09	-11,39	-11,68	-11,85	-12,02	-12,17	-12,32	-12,44	-12,57	-13,77
27/03/2022 07:25:00	-13,01	-11,38	-10,03	-8,97	-8,33	-8,19	-8,50	-8,97	-9,41	-9,83	-10,25	-10,62	-10,99	-11,20	-11,40	-11,53	-11,66	-11,77	-11,89	-12,00	-12,11	-12,73
27/03/2022 07:30:00	-13,06	-11,27	-9,81	-8,62	-7,95	-7,84	-8,13	-8,73	-9,28	-9,72	-10,18	-10,62	-11,05	-11,32	-11,59	-11,76	-11,94	-12,09	-12,25	-12,37	-12,50	-11,78
27/03/2022 07:35:00	-13,07	-11,36	-9,87	-8,67	-8,00	-7,90	-8,16	-8,76	-9,31	-9,73	-10,17	-10,57	-10,97	-11,20	-11,43	-11,58	-11,74	-11,87	-12,00	-12,12	-12,24	-12,13
27/03/2022 07:40:00	-13,43	-11,59	-10,04	-8,75	-7,99	-7,82	-8,06	-8,54	-9,04	-9,55	-10,07	-10,53	-10,99	-11,26	-11,53	-11,69	-11,85	-11,98	-12,12	-12,24	-12,36	-12,56
27/03/2022 07:45:00	-13,25	-11,21	-9,60	-8,41	-7,85	-7,87	-8,10	-8,64	-9,22	-9,78	-10,32	-10,75	-11,17	-11,39	-11,60	-11,70	-11,80	-11,89	-11,98	-12,08	-12,18	-12,62
27/03/2022 07:50:00	-13,05	-11,15	-9,79	-8,77	-8,20	-8,07	-8,22	-8,61	-9,07	-9,58	-10,11	-10,56	-11,01	-11,26	-11,52	-11,65	-11,79	-11,91	-12,04	-12,16	-12,29	-12,64
27/03/2022 07:55:00	-12,89	-10,93	-9,51	-8,36	-7,77	-7,76	-8,06	-8,49	-9,00	-9,57	-10,16	-10,64	-11,12	-11,38	-11,65	-11,78	-11,90	-12,02	-12,14	-12,25	-12,37	-12,25
27/03/2022 08:00:00	-12,56	-10,79	-9,30	-8,11	-7,43	-7,27	-7,43	-7,91	-8,45	-9,01	-9,60	-10,11	-10,62	-10,92	-11,23	-11,40	-11,57	-11,72	-11,88	-12,01	-12,14	-12,16
27/03/2022 08:05:00	-12,18	-10,57	-8,98	-7,66	-6,92	-6,82	-7,24	-7,86	-8,45	-8,95	-9,45	-9,89	-10,33	-10,58	-10,83	-10,98	-11,13	-11,26	-11,39	-11,50	-11,62	-12,07
27/03/2022 08:10:00	-12,11	-10,53	-9,01	-7,70	-6,90	-6,72	-7,08	-7,61	-8,16	-8,70	-9,26	-9,78	-10,30	-10,61	-10,93	-11,12	-11,31	-11,48	-11,64	-11,77	-11,90	-11,82
27/03/2022 08:15:00	-12,37	-10,63	-9,05	-7,80	-7,08	-6,93	-7,19	-7,71	-8,25	-8,78	-9,32	-9,78	-10,25	-10,51	-10,78	-10,93	-11,09	-11,22	-11,36	-11,48	-11,60	-11,32
27/03/2022 08:20:00	-12,69	-10,79	-9,04	-7,57	-6,73	-6,59	-6,92	-7,50	-8,08	-8,65	-9,22	-9,73	-10,24	-10,54	-10,84	-11,02	-11,21	-11,35	-11,50	-11,63	-11,76	-10,86
27/03/2022 08:25:00	-12,98	-10,91	-8,92	-7,43	-6,62	-6,50	-6,87	-7,55	-8,20	-8,77	-9,32	-9,79	-10,25	-10,51	-10,76	-10,91	-11,06	-11,18	-11,30	-11,41	-11,53	-11,31
27/03/2022 08:30:00	-12,46	-10,62	-8,92	-7,53	-6,76	-6,65	-6,93	-7,40	-7,94	-8,52	-9,11	-9,58	-10,06	-10,32	-10,59	-10,72	-10,86	-10,97	-11,09	-11,20	-11,32	-11,88
27/03/2022 08:35:00	-11,98	-10,36	-8,84	-7,57	-6,88	-6,79	-7,06	-7,66	-8,23	-8,71	-9,20	-9,63	-10,06	-10,30	-10,55	-10,70	-10,85	-10,98	-11,11	-11,23	-11,35	-11,88
27/03/2022 08:40:00	-11,72	-10,34	-8,83	-7,53	-6,78	-6,63	-6,91	-7,55	-8,16	-8,65	-9,15	-9,63	-10,11	-10,40	-10,69	-10,88	-11,07	-11,23	-11,39	-11,52	-11,65	-12,01
27/03/2022 08:45:00	-11,62	-10,24	-8,82	-7,57	-6,86	-6,74	-6,99	-7,53	-8,09	-8,63	-9,19	-9,68	-10,18	-10,46	-10,75	-10,92	-11,09	-11,23	-11,38	-11,50	-11,63	-11,85
27/03/2022 08:50:00	-11,58	-10,33	-8,86	-7,52	-6,73	-6,59	-6,87	-7,43	-8,01	-8,58	-9,17	-9,71	-10,24	-10,56	-10,87	-11,06	-11,24	-11,40	-11,55	-11,67	-11,80	-11,81
27/03/2022 08:55:00	-11,47	-9,97	-8,54	-7,36	-6,70	-6,59	-6,87	-7,37	-7,90	-8,44	-8,99	-9,46	-9,92	-10,19	-10,46	-10,61	-10,76	-10,89	-11,02	-11,14	-11,26	-12,10
27/03/2022 09:00:00	-11,22	-9,53	-8,14	-6,99	-6,47	-6,64	-7,08	-7,73	-8,31	-8,79	-9,24	-9,60	-9,97	-10,14	-10,31	-10,41	-10,51	-10,59	-10,68	-10,78	-10,88	-11,63
27/03/2022 09:05:00	-11,25	-9,41	-7,97	-6,93	-6,43	-6,46	-6,87	-7,51	-8,11	-8,58	-9,05	-9,44	-9,82	-10,03	-10,24	-10,37	-10,50	-10,62	-10,74	-10,85	-10,97	-10,80
27/03/2022 09:10:00	-11,32	-9,52	-8,03	-6,83	-6,23	-6,26	-6,66	-7,28	-7,86	-8,39	-8,92	-9,36	-9,80	-10,05	-10,29	-10,43	-10,57	-10,70	-10,82	-10,94	-11,06	-10,41
27/03/2022 09:15:00	-11,03	-9,33	-7,83	-6,74	-6,29	-6,45	-6,94	-7,62	-8,24	-8,76	-9,25	-9,60	-9,95	-10,10	-10,25	-10,32	-10,39	-10,45	-10,52	-10,60	-10,69	-10,30
27/03/2022 09:20:00	-10,85	-9,25	-7,86	-6,83	-6,30	-6,28	-6,67	-7,22	-7,78	-8,36	-8,93	-9,40	-9,87	-10,13	-10,38	-10,51	-10,65	-10,77	-10,89	-11,01	-11,12	-9,71
27/03/2022 09:25:00	-10,56	-8,92	-7,63	-6,67	-6,27	-6,42	-6,85	-7,42	-7,97	-8,52	-9,04	-9,44	-9,84	-10,03	-10,22	-10,30	-10,39	-10,48	-10,56	-10,66	-10,76	-9,98
27/03/2022 09:30:00	-10,35	-8,85	-7,49	-6,53	-6,16	-6,31	-6,83	-7,57	-8,23	-8,73	-9,19	-9,53	-9,88	-10,03	-10,18	-10,26	-10,35	-10,42	-10,50	-10,59	-10,69	-9,97
27/03/2022 09:35:00	-10,34	-9,24	-7,92	-6,80	-6,23	-6,24	-6,60	-7,20	-7,79	-8,35	-8,89	-9,34	-9,78	-10,01	-10,24	-10,36	-10,48	-10,59	-10,69	-10,79	-10,90	-8,71
27/03/2022 09:40:00	-10,44	-9,48	-8,20	-6,99	-6,35	-6,34	-6,58	-7,14	-7,72	-8,24	-8,76	-9,21	-9,65	-9,89	-10,14	-10,27	-10,41	-10,53	-10,64	-10,75	-10,86	-8,41
27/03/2022 09:45:00	-10,69	-9,27	-7,79	-6,64	-6,03	-6,00	-6,45	-7,10	-7,72	-8,30	-8,86	-9,33	-9,81	-10,07	-10,32	-10,47	-10,61	-10,73	-10,86	-10,97	-11,09	-10,06
27/03/2022 09:50:00	-10,44	-9,08	-7,64	-6,50	-5,93	-5,93	-6,37	-7,07	-7,73	-8,27	-8,80	-9,26	-9,71	-9,96	-10,21	-10,35	-10,50	-10,62	-10,75	-10,86	-10,98	-9,90
27/03/2022 09:55:00	-10,23	-8,96	-7,52	-6,33	-5,79	-5,94	-6,40	-7,19	-7,91	-8,48	-9,03	-9,47	-9,92	-10,15	-10,38	-10,51	-10,64	-10,75	-10,86	-10,96	-11,06	-8,78
27/03/2022 10:00:00	-10,14	-8,89	-7,46	-6,37	-5,87	-5,95	-6,43	-7,15	-7,82	-8,39	-8,93	-9,36	-9,79	-10,00	-10,21	-10,32	-10,43	-10,52	-10,62	-10,72	-10,82	-8,91
27/03/2022 10:05:00	-10,02	-8,81	-7,48	-6,43	-5,95	-6,01	-6,40	-7,04	-7,64	-8,14	-8,62	-9,00	-9,38	-9,55	-9,73	-9,83	-9,92	-10,01	-10,09	-10,19	-10,29	-9,38
27/03/2022 10:10:00	-10,02	-8,99	-7,85	-6,80	-6,23	-6,21	-6,41	-6,92	-7,45	-7,96	-8,47	-8,92	-9,36	-9,62	-9,87	-10,01	-10,16	-10,29	-10,42	-10,54	-10,66	-10,33
27/03/2022 10:15:00	-9,96	-9,13	-7,80	-6,57	-5,93	-5,95	-6,31	-6,96	-7,61	-8,21	-8,80	-9,30	-9,79	-10,06	-10,32	-10,46	-10,60	-10,71	-10,83	-10,93	-11,04	-10,66
27/03/2022 10:20:00	-9,96	-9,02	-7,78	-6,69	-6,06	-5,94	-6,30	-6,86	-7,42	-7,95	-8,51	-9,00	-9,49	-9,78	-10,06	-10,23	-10,40	-10,54	-10,69	-10,81	-10,94	-10,41
27/03/2022 10:25:00	-9,52	-8,77	-7,64	-6,52	-5,88	-5,83	-6,19	-6,79	-7,40	-8,01	-8,64	-9,20	-9,76	-10,10	-10,43	-10,62	-10,82	-10,98	-11,14	-11,27	-11,40	-8,85
27/03/2022 10:30:00	-9,43	-8,16	-7,14	-6,36	-6,07	-6,27	-6,74	-7,36	-7,94	-8,46	-8,97	-9,36	-9,75	-9,93	-10,12	-10,22	-10,31	-10,40	-10,50	-10,60	-10,70	-9,18
27/03/2022 10:35:00	-9,30	-8,17	-7,28	-6,47	-6,03	-6,04	-6,37	-6,84	-7,32	-7,85	-8,41	-8,90	-9,39	-9,68	-9,98	-10,14	-10,31	-10,47	-10,62	-10,76	-10,90	-9,06
27/03/2022 10:40:00	-9,23	-7,93	-6,91	-6,09	-5,78	-6,01	-6,49	-7,17	-7,79	-8,30	-8,80	-9,20	-9,59	-9,80	-10,00	-10,11	-10,22	-10,33	-10,44	-10,55	-10,66	-8,81
27/03/2022 10:45:00	-8,88	-7,63	-6,60	-5,95	-5,74	-5,95	-6,64	-7,36	-7,96	-8,46	-8,93	-9,28	-9,64	-9,79	-9,94	-10,02	-10,11	-10,19	-10,27	-10,36	-10,46	-7,84
27/03/2022 10:50:00	-8,27	-7,41	-6,51	-5,75	-5,43	-5,64	-6,15	-6,86	-7,53	-8,12	-8,71	-9,21	-9,71	-9,99	-10,26	-10,41	-10,56	-10,70	-10,83	-10,96	-11,08	-7,71
27/03/2022 10:55:00	-7,84	-6,60	-5,92	-5,55	-5,59	-5,99	-6,66	-7,43	-8,09	-8,52	-8,91	-9,19	-9,48	-9,60	-9,71	-9,78	-9,85	-9,93	-10,01	-10,11	-10,21	-6,58
27/03/2022 11:00:00	-7,15	-5,88	-5,39	-5,30	-5,56	-6,15	-6,90	-7,70	-8,39	-8,84	-9,26	-9,54	-9,82	-9,91	-10,01	-10,05	-10,09	-10,15	-10,22	-10,31	-10,40	-5,55
27/03/2022 11:05:00	-6,42	-5,44	-5,34	-5,65	-6,14	-6,69	-7,36	-7,98	-8,48	-8,83	-9,14	-9,30	-9,47	-9,47	-9,48	-9,46	-9,45	-9,48	-9,51	-9,59	-9,67	-4,53
27/03/2022 11:10:00	-5,81	-4,94	-4,99	-5,38	-5,94	-6,57	-7,14	-7,68	-8,17	-8,58	-8,96	-9,17	-9,38	-9,41	-9,45	-9,43	-9,42	-9,45	-9,49	-9,58	-9,66	-3,59
27/03/2022 11:15:00	-5,29	-4,80	-4,73	-5,00	-5,53	-6,18	-6,96	-7,68	-8,26	-8,78	-9,25	-9,53	-9,81	-9,86	-9,92	-9,90	-9,88	-9,89	-9,91	-9,98	-10,05	-2,47
27/03/2022 11:20:00	-6,00	-4,79	-4,61	-4,92	-5,43	-6,03	-6,68	-7,33	-7,90	-8,34	-8,75	-9,01	-9,27	-9,35	-9,43	-9,46	-9,48	-9,55	-9,62	-9,72	-9,82	-4,43
27/03/2022 11:25:00	-5,11	-4,35	-4,67	-5,36	-6,04	-6,66	-7,20	-7,65	-8,04	-8,39	-8,73	-8,91	-9,10	-9,13	-9,16	-9,14	-9,13	-9,18	-9,23	-9,32	-9,42	-4,06
27/03/2022 11:30:00	-4,85	-4,09	-4,30	-4,89	-5,59	-6,34	-7,02	-7,63	-8,14	-8,55	-8,93	-9,13	-9,34	-9,36	-9,38	-9,36	-9,34	-9,37	-9,40	-9,49	-9,57	-3,64
27/03/2022 11:35:00	-5,29	-3,95	-4,05	-4,74	-5,59	-6,44	-7,14	-7,75	-8,27	-8,58	-8,81	-8,87	-8,92	-8,84	-8,75	-8,67	-8,59	-8,59	-8,58	-8,65	-8,72	-4,36
27/03/2022 11:40:00	-5,35	-4,42	-4,37	-4,78	-5,35	-5,91	-6,42	-6,90	-7,34	-7,84	-8,32	-8,59	-8,86	-8,94	-9,01	-9,00	-8,99	-9,04	-9,08	-9,18	-9,27	-5,53
27/03/2022 11:45:00	-4,79	-3,77	-3,90	-4,55	-5,30	-5,90	-6,58	-7,15	-7,61	-8,12	-8,60	-8,89	-9,17	-9,25	-9,34	-9,34	-9,33	-9,39	-9,45	-9,55	-9,66	-3,96
27/03/2022 11:50:00	-4,31	-3,78	-3,97	-4,45	-5,06	-5,71	-6,32	-6,95	-7,55	-8,00	-8,44	-8,73	-9,02	-9,12	-9,22	-9,25	-9,29	-9,36	-9,44	-9,54	-9,65	-4,04
27/03/2022 11:55:00	-3,67	-3,71	-4,10	-4,57	-5,05	-5,59	-6,06	-6,55	-7,03	-7,52	-8,02	-8,40	-8,78	-8,95	-9,13	-9,20	-9,27	-9,38	-9,49	-9,61	-9,72	-1,77
27/03/2022 12:00:00	-3,34	-3,50	-3,86	-4,36	-4,93	-5,52	-6,19	-6,76	-7,19	-7,68	-8,15	-8,44	-8,73	-8,81	-8,89	-8,89	-8,89	-8,93	-8,97	-9,05	-9,14	-1,73
27/03/2022 12:05:00	-3,32	-3,33	-3,70	-4,25	-4,89	-5,53	-6,19	-6,81	-7,33	-7,67	-7,99	-8,16	-8,33	-8,34	-8,34	-8,33	-8,31	-8,34	-8,37	-8,45	-8,53	-3,40
27/03/2022 12:10:00	-3,26	-3,27	-3,62	-4,09	-4,63	-5,27	-5,94	-6,59	-7,15	-7,55	-7,94	-8,19	-8,45	-8,53	-8,61	-8,64	-8,67	-8,73	-8,80	-8,90	-8,99	-3,22
27/03/2022 12:15:00	-3,39	-3,24	-3,53	-3,93	-4,40	-5,04	-5,68	-6,34	-6,95	-7,36	-7,75	-8,05	-8,35	-8,47	-8,59	-8,66	-8,73	-8,83	-8,92	-9,04	-9,15	-3,95
27/03/2022 12:20:00	-3,12	-2,94	-3,30	-3,88	-4,53	-5,22	-5,87	-6,53	-7,15	-7,53	-7,90	-8,14	-8,38	-8,45	-8,53	-8,56	-8,59	-8,66	-8,74	-8,84	-8,94	-3,64
27/03/2022 12:25:00	-2,99	-3,01	-3,32	-3,83	-4,39	-4,86	-5,40	-5,92	-6,40	-6,94	-7,50	-7,90	-8,30	-8,48	-8,66	-8,72	-8,79	-8,89	-9,00	-9,12	-9,24	-3,16
27/03/2022 12:30:00	-2,87	-2,89	-3,19	-3,76	-4,41	-4,97	-5,72	-6,39	-6,90	-7,31	-7,68	-7,91	-8,13	-8,17	-8,22	-8,22	-8,22	-8,27	-8,31	-8,40	-8,49	-2,46
27/03/2022 12:35:00	-2,78	-2,79	-3,19	-3,74	-4,32	-4,88	-5,45	-6,01	-6,54	-6,96	-7,37	-7,65	-7,94	-8,05	-8,17	-8,22	-8,26	-8,36	-8,45	-8,56	-8,68	-3,68
27/03/2022 12:40:00	-2,87	-2,68	-2,96	-3,46	-4,09	-4,77	-5,48	-6,15	-6,74	-7,21	-7,65	-7,94	-8,22	-8,32	-8,41	-8,44	-8,46	-8,53	-8,60	-8,70	-8,80	-3,49
27/03/2022 12:45:00	-2,72	-2,65	-2,97	-3,51	-4,08	-4,53	-5,06	-5,57	-6,03	-6,59	-7,17	-7,60	-8,02	-8,23	-8,44	-8,51	-8,59	-8,72	-8,84	-8,97	-9,10	-3,91
27/03/2022 12:50:00	-2,62	-2,60	-3,03	-3,59	-4,17	-4,73	-5,23	-5,75	-6,30	-6,73	-7,17	-7,50	-7,82	-7,97	-8,13	-8,20	-8,27	-8,39	-8,50	-8,63	-8,76	-2,69
27/03/2022 12:55:00	-2,48	-2,42	-2,81	-3,40	-4,05	-4,64	-5,31	-5,92	-6,42	-6,88	-7,32	-7,60	-7,89	-7,99	-8,09	-8,12	-8,14	-8,22	-8,30	-8,40	-8,51	-2,94
27/03/2022 13:00:00	-2,49	-2,34	-2,64	-3,13	-3,75	-4,45	-5,09	-5,75	-6,38	-6,87	-7,34	-7,66	-7,98	-8,11	-8,23	-8,28	-8,33	-8,42	-8,51	-8,62	-8,73	-2,47
27/03/2022 13:05:00	-2,51	-2,16	-2,46	-2,96	-3,53	-4,15	-4,83	-5,49	-6,08	-6,59	-7,10	-7,48	-7,86	-8,04	-8,22	-8,31	-8,41	-8,53	-8,66	-8,79	-8,92	-3,19
27/03/2022 13:10:00	-2,42	-2,22	-2,42	-2,77	-3,34	-4,16	-4,88	-5,67	-6,46	-6,94	-7,38	-7,69	-8,00	-8,12	-8,23	-8,29	-8,35	-8,44	-8,53	-8,63	-8,74	-3,58
27/03/2022 13:15:00	-2,17	-2,04	-2,37	-2,91	-3,58	-4,30	-4,96	-5,56	-6,07	-6,63	-7,17	-7,52	-7,86	-7,99	-8,11	-8,13	-8,14	-8,21	-8,28	-8,38	-8,49	-2,40
27/03/2022 13:20:00	-1,92	-1,75	-2,21	-2,90	-3,63	-4,34	-4,99	-5,56	-6,05	-6,60	-7,15	-7,51	-7,87	-8,02	-8,16	-8,20	-8,24	-8,32	-8,41	-8,53	-8,64	-2,66
27/03/2022 13:25:00	-1,82	-1,82	-2,16	-2,53	-3,00	-3,65	-4,29	-4,97	-5,63	-6,19	-6,75	-7,19	-7,64	-7,87	-8,11	-8,23	-8,36	-8,50	-8,65	-8,79	-8,93	-2,36
27/03/2022 13:30:00	-2,14	-2,42	-2,57	-2,75	-3,12	-3,74	-4,51	-5,26	-5,81	-6,39	-6,95	-7,34	-7,72	-7,87	-8,02	-8,07	-8,12	-8,19	-8,26	-8,35	-8,45	-2,11
27/03/2022 13:35:00	-2,21	-2,24	-2,27	-2,45	-2,94	-3,67	-4,53	-5,41	-6,17	-6,72	-7,22	-7,55	-7,88	-7,98	-8,09	-8,13	-8,16	-8,22	-8,28	-8,37	-8,46	-3,41
27/03/2022 13:40:00	-2,06	-2,00	-2,12	-2,35	-2,81	-3,51	-4,34	-5,22	-6,00	-6,53	-7,03	-7,41	-7,79	-7,96	-8,12	-8,21	-8,30	-8,41	-8,52	-8,64	-8,75	-3,02
27/03/2022 13:45:00	-2,01	-2,14	-2,22	-2,37	-2,72	-3,28	-4,00	-4,79	-5,50	-6,10	-6,70	-7,17	-7,64	-7,87	-8,11	-8,23	-8,35	-8,48	-8,61	-8,74	-8,87	-2,50
27/03/2022 13:50:00	-2,01	-2,22	-2,28	-2,44	-2,78	-3,22	-3,90	-4,66	-5,35	-5,93	-6,52	-6,98	-7,45	-7,69	-7,94	-8,06	-8,19	-8,33	-8,47	-8,61	-8,74	-2,95
27/03/2022 13:55:00	-1,92	-2,23	-2,32	-2,37	-2,58	-2,98	-3,62	-4,41	-5,17	-5,77	-6,39	-6,95	-7,50	-7,83	-8,16	-8,36	-8,55	-8,75	-8,95	-9,11	-9,26	-2,65
27/03/2022 14:00:00	-1,74	-2,06	-2,19	-2,41	-2,84	-3,39	-4,17	-4,95	-5,59	-6,18	-6,76	-7,18	-7,60	-7,78	-7,96	-8,04	-8,11	-8,21	-8,30	-8,41	-8,52	-2,71
27/03/2022 14:05:00	-1,69	-2,03	-2,23	-2,35	-2,63	-3,19	-3,84	-4,54	-5,19	-5,81	-6,44	-6,95	-7,45	-7,72	-7,99	-8,13	-8,26	-8,41	-8,55	-8,69	-8,82	-2,61
27/03/2022 14:10:00	-1,60	-1,92	-2,01	-2,08	-2,36	-2,92	-3,72	-4,57	-5,26	-5,92	-6,58	-7,11	-7,64	-7,91	-8,18	-8,32	-8,45	-8,59	-8,73	-8,86	-8,98	-1,69
27/03/2022 14:15:00	-1,54	-1,77	-2,05	-2,33	-2,71	-3,21	-3,91	-4,63	-5,28	-5,83	-6,39	-6,85	-7,31	-7,56	-7,81	-7,94	-8,08	-8,23	-8,39	-8,53	-8,67	-2,18
27/03/2022 14:20:00	-1,35	-1,72	-1,93	-2,22	-2,65	-3,11	-3,80	-4,51	-5,10	-5,76	-6,45	-6,97	-7,50	-7,78	-8,05	-8,17	-8,29	-8,44	-8,58	-8,71	-8,85	-1,93
27/03/2022 14:25:00	-1,28	-1,67	-2,07	-2,43	-2,74	-3,05	-3,57	-4,16	-4,75	-5,26	-5,83	-6,35	-6,87	-7,20	-7,53	-7,73	-7,93	-8,14	-8,36	-8,54	-8,71	-1,71
27/03/2022 14:30:00	-1,25	-1,48	-1,94	-2,35	-2,74	-3,20	-3,66	-4,20	-4,79	-5,36	-5,98	-6,52	-7,06	-7,39	-7,73	-7,91	-8,10	-8,31	-8,52	-8,69	-8,87	-1,79
27/03/2022 14:35:00	-1,18	-1,41	-1,72	-2,04	-2,45	-3,00	-3,65	-4,36	-5,02	-5,61	-6,21	-6,70	-7,20	-7,47	-7,75	-7,90	-8,04	-8,21	-8,38	-8,53	-8,68	-0,86
27/03/2022 14:40:00	-0,93	-1,57	-1,72	-1,73	-1,88	-2,24	-2,90	-3,69	-4,41	-5,14	-5,92	-6,61	-7,30	-7,73	-8,15	-8,39	-8,62	-8,84	-9,07	-9,24	-9,41	-1,22
27/03/2022 14:45:00	-0,90	-1,24	-1,44	-1,69	-2,13	-2,72	-3,47	-4,25	-4,93	-5,61	-6,29	-6,82	-7,34	-7,61	-7,87	-7,99	-8,11	-8,24	-8,38	-8,51	-8,64	-1,73
27/03/2022 14:50:00	-0,83	-1,12	-1,36	-1,60	-1,99	-2,51	-3,19	-3,97	-4,71	-5,37	-6,05	-6,63	-7,20	-7,53	-7,87	-8,04	-8,22	-8,42	-8,61	-8,77	-8,93	-1,67
27/03/2022 14:55:00	-0,72	-0,86	-1,14	-1,49	-1,98	-2,56	-3,37	-4,20	-4,90	-5,57	-6,25	-6,80	-7,34	-7,65	-7,95	-8,10	-8,25	-8,43	-8,60	-8,75	-8,90	-1,87
27/03/2022 15:00:00	-0,51	-0,62	-0,91	-1,18	-1,60	-2,36	-3,16	-4,00	-4,76	-5,47	-6,20	-6,79	-7,38	-7,71	-8,04	-8,20	-8,37	-8,54	-8,72	-8,87	-9,02	-1,44
27/03/2022 15:05:00	-0,31	-0,65	-0,98	-1,25	-1,61	-2,16	-2,87	-3,67	-4,42	-5,17	-5,97	-6,66	-7,36	-7,78	-8,20	-8,43	-8,65	-8,88	-9,12	-9,29	-9,47	-0,73
27/03/2022 15:10:00	0,18	-0,19	-0,54	-0,99	-1,64	-2,54	-3,40	-4,30	-5,18	-5,80	-6,37	-6,80	-7,22	-7,41	-7,60	-7,69	-7,78	-7,89	-8,00	-8,12	-8,24	0,38
27/03/2022 15:15:00	0,24	-0,24	-0,68	-1,14	-1,64	-2,13	-2,82	-3,62	-4,45	-5,09	-5,75	-6,34	-6,93	-7,30	-7,68	-7,90	-8,12	-8,36	-8,59	-8,78	-8,96	0,36
27/03/2022 15:20:00	0,16	-0,03	-0,54	-1,09	-1,67	-2,32	-3,09	-3,84	-4,46	-5,14	-5,86	-6,44	-7,02	-7,35	-7,68	-7,84	-8,00	-8,19	-8,37	-8,53	-8,69	0,43
27/03/2022 15:25:00	0,25	-0,17	-0,60	-0,97	-1,42	-2,12	-2,96	-3,85	-4,65	-5,29	-5,93	-6,47	-7,02	-7,33	-7,65	-7,82	-8,00	-8,19	-8,38	-8,54	-8,69	0,55
27/03/2022 15:30:00	0,34	-0,07	-0,51	-0,96	-1,44	-1,97	-2,67	-3,44	-4,18	-4,91	-5,70	-6,38	-7,06	-7,48	-7,91	-8,14	-8,36	-8,60	-8,84	-9,03	-9,21	0,22
27/03/2022 15:35:00	0,38	0,09	-0,32	-0,82	-1,45	-2,23	-2,96	-3,74	-4,56	-5,20	-5,82	-6,31	-6,80	-7,06	-7,31	-7,45	-7,58	-7,74	-7,90	-8,04	-8,19	1,44
27/03/2022 15:40:00	0,72	0,15	-0,24	-0,59	-1,01	-1,56	-2,32	-3,18	-3,98	-4,69	-5,41	-6,05	-6,69	-7,08	-7,47	-7,69	-7,92	-8,15	-8,37	-8,55	-8,73	2,16
27/03/2022 15:45:00	0,62	0,21	-0,19	-0,64	-1,17	-1,76	-2,41	-3,12	-3,87	-4,48	-5,09	-5,60	-6,11	-6,41	-6,71	-6,87	-7,04	-7,23	-7,42	-7,59	-7,75	1,36
27/03/2022 15:50:00	0,86	0,45	0,12	-0,24	-0,75	-1,40	-2,24	-3,13	-3,89	-4,67	-5,48	-6,15	-6,82	-7,20	-7,58	-7,77	-7,96	-8,16	-8,36	-8,52	-8,69	1,02
27/03/2022 15:55:00	0,82	0,55	0,11	-0,34	-0,86	-1,58	-2,43	-3,28	-3,98	-4,63	-5,30	-5,85	-6,40	-6,70	-7,00	-7,16	-7,32	-7,49	-7,67	-7,83	-7,98	1,03
27/03/2022 16:00:00	0,98	0,83	0,53	0,13	-0,49	-1,41	-2,39	-3,43	-4,43	-5,06	-5,60	-6,03	-6,47	-6,69	-6,91	-7,05	-7,20	-7,35	-7,50	-7,64	-7,78	0,26
27/03/2022 16:05:00	1,34	0,67	0,30	-0,09	-0,65	-1,32	-2,00	-2,78	-3,65	-4,31	-4,96	-5,48	-6,01	-6,30	-6,59	-6,76	-6,92	-7,10	-7,28	-7,44	-7,60	0,18
27/03/2022 16:10:00	1,47	0,96	0,60	0,26	-0,27	-1,15	-2,12	-3,13	-4,02	-4,72	-5,38	-5,91	-6,44	-6,71	-6,98	-7,13	-7,27	-7,42	-7,58	-7,72	-7,85	1,59
27/03/2022 16:15:00	1,37	0,78	0,22	-0,29	-0,84	-1,49	-2,24	-3,01	-3,71	-4,33	-4,96	-5,49	-6,01	-6,31	-6,61	-6,77	-6,93	-7,12	-7,30	-7,46	-7,62	0,68
27/03/2022 16:20:00	1,28	0,87	0,24	-0,45	-1,10	-1,61	-2,25	-2,86	-3,37	-3,97	-4,63	-5,15	-5,68	-5,99	-6,29	-6,44	-6,60	-6,79	-6,98	-7,15	-7,32	0,65
27/03/2022 16:25:00	1,47	1,14	0,60	-0,05	-0,75	-1,48	-2,30	-3,13	-3,88	-4,54	-5,20	-5,74	-6,27	-6,57	-6,87	-7,03	-7,18	-7,37	-7,55	-7,71	-7,87	1,16
27/03/2022 16:30:00	1,40	0,95	0,52	-0,02	-0,74	-1,61	-2,49	-3,38	-4,20	-4,86	-5,49	-5,95	-6,41	-6,62	-6,83	-6,92	-7,02	-7,14	-7,26	-7,39	-7,52	1,47
27/03/2022 16:35:00	1,27	0,77	0,38	-0,08	-0,71	-1,39	-2,19	-3,00	-3,68	-4,33	-4,99	-5,47	-5,96	-6,20	-6,44	-6,55	-6,65	-6,79	-6,92	-7,06	-7,20	0,86
27/03/2022 16:40:00	1,22	1,08	0,65	0,15	-0,48	-1,19	-2,02	-2,83	-3,49	-4,17	-4,86	-5,40	-5,94	-6,23	-6,52	-6,66	-6,80	-6,97	-7,14	-7,30	-7,45	1,26
27/03/2022 16:45:00	1,26	0,98	0,64	0,22	-0,36	-1,07	-1,95	-2,84	-3,56	-4,20	-4,82	-5,30	-5,78	-6,03	-6,27	-6,40	-6,52	-6,67	-6,82	-6,96	-7,10	0,59
27/03/2022 16:50:00	1,65	1,32	0,98	0,53	-0,13	-0,92	-1,85	-2,79	-3,59	-4,29	-4,98	-5,50	-6,02	-6,28	-6,54	-6,67	-6,80	-6,94	-7,09	-7,23	-7,37	0,56
27/03/2022 16:55:00	1,73	1,43	0,95	0,39	-0,22	-0,83	-1,65	-2,49	-3,21	-3,86	-4,53	-5,09	-5,65	-5,98	-6,32	-6,50	-6,69	-6,90	-7,11	-7,29	-7,46	0,49
27/03/2022 17:00:00	1,84	1,29	0,74	0,25	-0,27	-0,95	-1,74	-2,55	-3,28	-3,89	-4,51	-5,03	-5,54	-5,84	-6,14	-6,31	-6,48	-6,68	-6,87	-7,03	-7,19	0,54
27/03/2022 17:05:00	1,89	1,27	0,80	0,29	-0,32	-0,98	-1,80	-2,66	-3,41	-4,02	-4,62	-5,10	-5,58	-5,83	-6,09	-6,23	-6,37	-6,54	-6,70	-6,85	-7,00	0,46
27/03/2022 17:10:00	1,77	1,38	0,85	0,29	-0,35	-1,05	-1,90	-2,71	-3,31	-3,94	-4,60	-5,10	-5,61	-5,86	-6,12	-6,25	-6,37	-6,52	-6,67	-6,82	-6,97	0,21
27/03/2022 17:15:00	1,76	1,39	0,86	0,27	-0,39	-1,03	-1,77	-2,52	-3,20	-3,82	-4,44	-4,93	-5,43	-5,70	-5,98	-6,13	-6,28	-6,47	-6,65	-6,81	-6,98	0,23
27/03/2022 17:20:00	1,81	1,32	0,75	0,26	-0,22	-0,83	-1,60	-2,39	-3,06	-3,70	-4,37	-4,96	-5,54	-5,90	-6,26	-6,46	-6,66	-6,89	-7,11	-7,29	-7,47	0,65
27/03/2022 17:25:00	1,81	1,32	0,83	0,32	-0,24	-0,85	-1,54	-2,27	-2,94	-3,60	-4,30	-4,87	-5,44	-5,78	-6,11	-6,29	-6,47	-6,67	-6,88	-7,05	-7,22	0,72
27/03/2022 17:30:00	1,97	1,58	1,04	0,51	-0,06	-0,79	-1,67	-2,52	-3,16	-3,79	-4,44	-4,95	-5,47	-5,75	-6,03	-6,18	-6,32	-6,49	-6,66	-6,82	-6,97	0,58
27/03/2022 17:35:00	2,07	1,57	1,06	0,63	0,15	-0,47	-1,18	-1,93	-2,67	-3,35	-4,05	-4,65	-5,26	-5,64	-6,01	-6,23	-6,44	-6,67	-6,91	-7,09	-7,28	0,89
27/03/2022 17:40:00	2,00	1,38	0,93	0,50	-0,03	-0,62	-1,44	-2,29	-3,00	-3,61	-4,22	-4,73	-5,23	-5,51	-5,79	-5,95	-6,11	-6,29	-6,47	-6,63	-6,79	0,76
27/03/2022 17:45:00	1,94	1,56	1,15	0,63	-0,01	-0,66	-1,42	-2,23	-3,02	-3,68	-4,32	-4,85	-5,37	-5,67	-5,97	-6,14	-6,31	-6,50	-6,69	-6,86	-7,03	0,71
27/03/2022 17:50:00	2,00	1,60	1,08	0,53	-0,06	-0,70	-1,44	-2,21	-2,94	-3,61	-4,30	-4,89	-5,47	-5,82	-6,17	-6,37	-6,56	-6,78	-7,00	-7,18	-7,36	0,54
27/03/2022 17:55:00	2,00	1,51	1,05	0,56	0,01	-0,64	-1,38	-2,18	-2,93	-3,60	-4,27	-4,83	-5,40	-5,73	-6,06	-6,25	-6,43	-6,64	-6,85	-7,02	-7,19	0,53
27/03/2022 18:00:00	2,03	1,80	1,35	0,73	-0,03	-0,77	-1,63	-2,47	-3,18	-3,83	-4,46	-4,94	-5,41	-5,65	-5,89	-6,01	-6,13	-6,28	-6,43	-6,58	-6,73	0,59
27/03/2022 18:05:00	2,07	1,75	1,35	0,88	0,30	-0,47	-1,32	-2,19	-2,94	-3,66	-4,39	-4,97	-5,55	-5,88	-6,20	-6,37	-6,54	-6,73	-6,92	-7,08	-7,24	0,89
27/03/2022 18:10:00	2,18	1,64	1,13	0,68	0,20	-0,36	-1,03	-1,75	-2,47	-3,20	-3,99	-4,68	-5,37	-5,80	-6,24	-6,48	-6,72	-6,98	-7,23	-7,43	-7,63	0,58
27/03/2022 18:15:00	2,04	1,49	1,10	0,76	0,30	-0,37	-1,12	-1,93	-2,71	-3,40	-4,09	-4,67	-5,24	-5,58	-5,91	-6,10	-6,29	-6,49	-6,69	-6,86	-7,03	0,70
27/03/2022 18:20:00	2,07	1,73	1,32	0,84	0,24	-0,42	-1,23	-2,08	-2,84	-3,53	-4,22	-4,80	-5,37	-5,70	-6,03	-6,22	-6,40	-6,60	-6,80	-6,98	-7,15	0,71
27/03/2022 18:25:00	2,12	1,66	1,26	0,82	0,25	-0,43	-1,29	-2,20	-3,00	-3,67	-4,33	-4,87	-5,42	-5,73	-6,04	-6,21	-6,39	-6,58	-6,78	-6,94	-7,11	0,63
27/03/2022 18:30:00	2,06	1,64	1,20	0,76	0,23	-0,43	-1,20	-2,02	-2,84	-3,49	-4,12	-4,66	-5,20	-5,53	-5,85	-6,05	-6,25	-6,46	-6,68	-6,85	-7,03	0,91
27/03/2022 18:35:00	1,99	1,64	1,12	0,62	0,11	-0,53	-1,18	-1,86	-2,55	-3,26	-4,04	-4,70	-5,36	-5,77	-6,18	-6,40	-6,63	-6,87	-7,12	-7,32	-7,51	0,85
27/03/2022 18:40:00	1,89	1,56	1,16	0,61	-0,04	-0,63	-1,27	-1,99	-2,76	-3,44	-4,14	-4,72	-5,29	-5,64	-5,98	-6,17	-6,36	-6,58	-6,80	-6,98	-7,17	0,63
27/03/2022 18:45:00	1,91	1,41	0,93	0,46	-0,06	-0,70	-1,38	-2,09	-2,72	-3,38	-4,10	-4,68	-5,25	-5,59	-5,92	-6,09	-6,26	-6,45	-6,65	-6,81	-6,98	0,61
27/03/2022 18:50:00	1,81	1,40	1,02	0,56	-0,04	-0,69	-1,52	-2,39	-3,11	-3,79	-4,49	-5,04	-5,59	-5,89	-6,20	-6,35	-6,51	-6,69	-6,87	-7,03	-7,19	0,36
27/03/2022 18:55:00	1,76	1,30	0,85	0,32	-0,30	-0,87	-1,59	-2,35	-3,07	-3,72	-4,39	-4,94	-5,48	-5,79	-6,10	-6,27	-6,44	-6,63	-6,83	-7,00	-7,16	0,44
27/03/2022 19:00:00	1,59	1,27	0,79	0,28	-0,24	-0,79	-1,45	-2,18	-2,91	-3,56	-4,23	-4,81	-5,40	-5,77	-6,15	-6,37	-6,59	-6,83	-7,07	-7,26	-7,46	0,12
27/03/2022 19:05:00	1,25	0,78	0,41	0,02	-0,44	-0,97	-1,72	-2,54	-3,24	-3,97	-4,74	-5,40	-6,06	-6,46	-6,85	-7,07	-7,28	-7,50	-7,73	-7,91	-8,09	-0,06
27/03/2022 19:10:00	1,12	0,66	0,23	-0,19	-0,66	-1,21	-1,91	-2,67	-3,39	-4,04	-4,72	-5,31	-5,89	-6,25	-6,60	-6,80	-7,00	-7,22	-7,44	-7,61	-7,79	-0,17
27/03/2022 19:15:00	0,67	0,34	-0,06	-0,46	-0,92	-1,55	-2,23	-2,98	-3,72	-4,42	-5,16	-5,80	-6,43	-6,81	-7,19	-7,40	-7,60	-7,83	-8,05	-8,23	-8,40	-0,31
27/03/2022 19:20:00	0,29	-0,06	-0,48	-0,94	-1,43	-1,89	-2,59	-3,34	-4,02	-4,65	-5,32	-5,89	-6,47	-6,82	-7,17	-7,37	-7,57	-7,78	-8,00	-8,18	-8,35	-0,49
27/03/2022 19:25:00	0,26	-0,17	-0,61	-0,99	-1,44	-1,96	-2,63	-3,35	-4,03	-4,70	-5,41	-6,01	-6,61	-6,97	-7,33	-7,52	-7,71	-7,92	-8,13	-8,30	-8,47	-0,60
27/03/2022 19:30:00	-0,21	-0,57	-1,06	-1,60	-2,14	-2,64	-3,26	-3,90	-4,52	-5,12	-5,77	-6,30	-6,84	-7,15	-7,46	-7,63	-7,79	-7,98	-8,17	-8,34	-8,50	-0,72
27/03/2022 19:35:00	-0,41	-0,66	-1,04	-1,51	-2,03	-2,46	-3,18	-3,95	-4,67	-5,25	-5,85	-6,37	-6,89	-7,20	-7,51	-7,70	-7,89	-8,09	-8,30	-8,47	-8,64	-0,87
27/03/2022 19:40:00	-0,86	-1,13	-1,51	-1,94	-2,46	-3,07	-3,76	-4,48	-5,17	-5,76	-6,35	-6,82	-7,30	-7,55	-7,80	-7,93	-8,06	-8,22	-8,37	-8,52	-8,66	-1,01
27/03/2022 19:45:00	-1,18	-1,52	-1,84	-2,12	-2,46	-2,93	-3,57	-4,32	-5,06	-5,74	-6,45	-7,09	-7,72	-8,11	-8,51	-8,72	-8,94	-9,17	-9,39	-9,56	-9,74	-1,19
27/03/2022 19:50:00	-1,30	-1,58	-1,90	-2,29	-2,83	-3,43	-4,06	-4,78	-5,53	-6,15	-6,77	-7,27	-7,76	-8,02	-8,29	-8,42	-8,54	-8,70	-8,85	-8,99	-9,14	-1,35
27/03/2022 19:55:00	-1,39	-1,73	-2,10	-2,41	-2,79	-3,37	-4,01	-4,70	-5,36	-5,95	-6,55	-7,05	-7,55	-7,83	-8,11	-8,26	-8,41	-8,58	-8,75	-8,89	-9,04	-1,38
27/03/2022 20:00:00	-1,47	-1,77	-2,18	-2,66	-3,13	-3,57	-4,04	-4,61	-5,24	-5,78	-6,34	-6,81	-7,29	-7,57	-7,85	-8,01	-8,16	-8,35	-8,53	-8,69	-8,86	-1,51
27/03/2022 20:05:00	-1,69	-1,89	-2,27	-2,67	-3,09	-3,54	-4,15	-4,79	-5,37	-5,96	-6,59	-7,11	-7,63	-7,93	-8,23	-8,38	-8,54	-8,72	-8,90	-9,05	-9,21	-1,61
27/03/2022 20:10:00	-1,78	-1,98	-2,36	-2,69	-3,02	-3,39	-3,97	-4,63	-5,29	-5,85	-6,46	-7,01	-7,57	-7,92	-8,27	-8,48	-8,69	-8,92	-9,14	-9,32	-9,49	-1,74
27/03/2022 20:15:00	-1,88	-2,02	-2,41	-2,84	-3,31	-3,85	-4,38	-4,96	-5,55	-6,06	-6,58	-7,00	-7,42	-7,64	-7,87	-7,98	-8,10	-8,25	-8,40	-8,54	-8,68	-1,88
27/03/2022 20:20:00	-2,03	-2,33	-2,63	-2,91	-3,26	-3,79	-4,40	-5,05	-5,65	-6,17	-6,71	-7,14	-7,58	-7,80	-8,03	-8,15	-8,27	-8,41	-8,55	-8,68	-8,81	-1,99
27/03/2022 20:25:00	-1,97	-2,34	-2,59	-2,84	-3,16	-3,52	-4,06	-4,68	-5,27	-5,85	-6,47	-6,98	-7,50	-7,79	-8,08	-8,24	-8,39	-8,56	-8,73	-8,88	-9,03	-2,01
27/03/2022 20:30:00	-2,21	-2,35	-2,59	-2,91	-3,29	-3,71	-4,24	-4,82	-5,40	-5,96	-6,54	-7,01	-7,48	-7,74	-8,01	-8,14	-8,27	-8,43	-8,59	-8,74	-8,88	-2,24
27/03/2022 20:35:00	-2,27	-2,50	-2,78	-3,02	-3,30	-3,69	-4,23	-4,83	-5,39	-5,93	-6,51	-6,99	-7,48	-7,77	-8,05	-8,21	-8,37	-8,54	-8,72	-8,87	-9,02	-2,21
27/03/2022 20:40:00	-2,35	-2,58	-2,75	-2,99	-3,32	-3,68	-4,18	-4,80	-5,44	-5,99	-6,56	-7,04	-7,52	-7,80	-8,07	-8,23	-8,38	-8,55	-8,72	-8,87	-9,02	-2,34
27/03/2022 20:45:00	-2,52	-2,52	-2,78	-3,22	-3,72	-4,19	-4,66	-5,18	-5,73	-6,23	-6,75	-7,13	-7,51	-7,70	-7,89	-7,98	-8,07	-8,19	-8,32	-8,45	-8,59	-2,47
27/03/2022 20:50:00	-2,51	-2,66	-3,00	-3,34	-3,71	-4,15	-4,60	-5,07	-5,50	-6,00	-6,53	-6,93	-7,33	-7,54	-7,75	-7,84	-7,94	-8,06	-8,19	-8,33	-8,46	-2,56
27/03/2022 20:55:00	-2,64	-2,73	-3,03	-3,31	-3,58	-3,85	-4,40	-4,93	-5,38	-5,89	-6,44	-6,91	-7,38	-7,66	-7,93	-8,08	-8,23	-8,41	-8,58	-8,74	-8,89	-2,66
27/03/2022 21:00:00	-2,73	-2,87	-3,03	-3,25	-3,53	-3,87	-4,30	-4,81	-5,32	-5,91	-6,54	-7,05	-7,57	-7,86	-8,15	-8,29	-8,44	-8,60	-8,77	-8,92	-9,07	-2,72
27/03/2022 21:05:00	-2,90	-2,94	-3,13	-3,33	-3,66	-4,18	-4,69	-5,23	-5,75	-6,28	-6,82	-7,22	-7,62	-7,81	-8,00	-8,09	-8,17	-8,29	-8,40	-8,52	-8,64	-2,87
27/03/2022 21:10:00	-2,90	-3,05	-3,29	-3,55	-3,84	-4,11	-4,61	-5,12	-5,56	-6,04	-6,54	-6,94	-7,34	-7,56	-7,78	-7,89	-8,01	-8,15	-8,29	-8,43	-8,57	-2,87
27/03/2022 21:15:00	-2,96	-2,96	-3,11	-3,32	-3,61	-3,92	-4,41	-4,98	-5,56	-6,04	-6,55	-6,98	-7,40	-7,65	-7,89	-8,03	-8,17	-8,34	-8,50	-8,65	-8,80	-2,97
27/03/2022 21:20:00	-2,95	-2,94	-3,06	-3,23	-3,53	-3,98	-4,54	-5,10	-5,58	-6,14	-6,71	-7,14	-7,57	-7,78	-7,99	-8,09	-8,18	-8,30	-8,41	-8,54	-8,66	-3,04
27/03/2022 21:25:00	-3,11	-2,93	-3,08	-3,31	-3,63	-4,08	-4,58	-5,17	-5,78	-6,23	-6,69	-7,08	-7,46	-7,68	-7,89	-8,01	-8,14	-8,29	-8,44	-8,59	-8,73	-3,09
27/03/2022 21:30:00	-3,20	-3,08	-3,24	-3,46	-3,76	-4,21	-4,75	-5,30	-5,79	-6,22	-6,66	-7,00	-7,34	-7,51	-7,67	-7,76	-7,85	-7,97	-8,08	-8,21	-8,33	-3,14
27/03/2022 21:35:00	-3,20	-3,14	-3,38	-3,57	-3,72	-3,94	-4,24	-4,68	-5,21	-5,63	-6,12	-6,59	-7,06	-7,38	-7,70	-7,90	-8,11	-8,33	-8,56	-8,74	-8,92	-3,21
27/03/2022 21:40:00	-3,26	-3,00	-3,05	-3,24	-3,55	-3,92	-4,47	-5,03	-5,53	-6,06	-6,59	-7,00	-7,40	-7,61	-7,82	-7,93	-8,03	-8,16	-8,29	-8,42	-8,56	-3,23
27/03/2022 21:45:00	-3,22	-3,16	-3,14	-3,13	-3,24	-3,53	-3,98	-4,52	-5,07	-5,69	-6,36	-6,92	-7,49	-7,83	-8,18	-8,36	-8,54	-8,73	-8,93	-9,09	-9,25	-3,26
27/03/2022 21:50:00	-3,34	-3,05	-3,14	-3,35	-3,65	-4,04	-4,43	-4,89	-5,36	-5,85	-6,36	-6,76	-7,15	-7,36	-7,57	-7,67	-7,78	-7,92	-8,06	-8,20	-8,34	-3,28
27/03/2022 21:55:00	-3,28	-3,09	-3,00	-3,14	-3,49	-3,89	-4,39	-4,95	-5,50	-6,01	-6,51	-6,86	-7,21	-7,36	-7,51	-7,57	-7,63	-7,72	-7,82	-7,93	-8,05	-3,31
27/03/2022 22:00:00	-3,43	-3,24	-3,22	-3,34	-3,60	-3,90	-4,44	-5,03	-5,56	-6,01	-6,47	-6,84	-7,20	-7,39	-7,58	-7,69	-7,79	-7,93	-8,06	-8,19	-8,32	-3,36
27/03/2022 22:05:00	-3,32	-3,19	-3,24	-3,28	-3,46	-3,87	-4,39	-4,96	-5,49	-5,92	-6,37	-6,72	-7,07	-7,25	-7,43	-7,53	-7,63	-7,76	-7,88	-8,01	-8,14	-3,36
27/03/2022 22:10:00	-3,36	-3,13	-3,14	-3,23	-3,45	-3,85	-4,34	-4,88	-5,39	-5,92	-6,46	-6,89	-7,32	-7,56	-7,79	-7,91	-8,03	-8,17	-8,31	-8,45	-8,59	-3,39
27/03/2022 22:15:00	-3,41	-3,12	-3,20	-3,40	-3,71	-4,16	-4,64	-5,16	-5,66	-6,08	-6,50	-6,82	-7,14	-7,29	-7,45	-7,53	-7,62	-7,73	-7,85	-7,97	-8,10	-3,39
27/03/2022 22:20:00	-3,40	-3,15	-3,26	-3,52	-3,82	-4,15	-4,64	-5,12	-5,54	-5,96	-6,39	-6,73	-7,06	-7,23	-7,39	-7,49	-7,58	-7,70	-7,83	-7,96	-8,09	-3,47
27/03/2022 22:25:00	-3,43	-3,13	-3,09	-3,30	-3,70	-4,12	-4,51	-5,00	-5,54	-5,99	-6,43	-6,72	-7,02	-7,14	-7,25	-7,30	-7,35	-7,44	-7,54	-7,65	-7,77	-3,48
27/03/2022 22:30:00	-3,52	-3,23	-3,37	-3,51	-3,70	-4,09	-4,48	-4,95	-5,46	-5,79	-6,15	-6,45	-6,75	-6,92	-7,09	-7,21	-7,33	-7,48	-7,63	-7,77	-7,91	-3,58
27/03/2022 22:35:00	-3,63	-3,30	-3,22	-3,14	-3,26	-3,72	-4,41	-5,10	-5,65	-6,12	-6,57	-6,93	-7,29	-7,47	-7,64	-7,75	-7,85	-7,97	-8,09	-8,21	-8,33	-3,64
27/03/2022 22:40:00	-3,60	-3,36	-3,29	-3,34	-3,53	-3,83	-4,28	-4,74	-5,16	-5,65	-6,14	-6,51	-6,87	-7,06	-7,24	-7,33	-7,42	-7,54	-7,65	-7,78	-7,91	-3,61
27/03/2022 22:45:00	-3,73	-3,60	-3,55	-3,54	-3,61	-3,74	-4,23	-4,78	-5,26	-5,69	-6,15	-6,57	-6,98	-7,23	-7,48	-7,64	-7,81	-7,98	-8,15	-8,31	-8,46	-3,72
27/03/2022 22:50:00	-3,82	-3,35	-3,36	-3,51	-3,77	-4,14	-4,47	-4,86	-5,26	-5,80	-6,36	-6,78	-7,20	-7,42	-7,64	-7,74	-7,84	-7,98	-8,12	-8,26	-8,40	-3,77
27/03/2022 22:55:00	-3,80	-3,60	-3,69	-3,81	-3,99	-4,26	-4,62	-5,05	-5,51	-5,89	-6,30	-6,63	-6,97	-7,16	-7,35	-7,46	-7,58	-7,73	-7,87	-8,01	-8,16	-3,88
27/03/2022 23:00:00	-3,84	-3,73	-3,67	-3,64	-3,78	-4,10	-4,61	-5,20	-5,76	-6,17	-6,59	-6,93	-7,27	-7,44	-7,61	-7,72	-7,82	-7,95	-8,07	-8,20	-8,32	-3,91
27/03/2022 23:05:00	-3,83	-3,76	-3,79	-3,79	-3,84	-4,01	-4,30	-4,65	-5,02	-5,51	-6,05	-6,50	-6,96	-7,23	-7,50	-7,65	-7,79	-7,96	-8,13	-8,28	-8,44	-3,98
27/03/2022 23:10:00	-3,91	-3,91	-3,86	-3,87	-3,96	-4,11	-4,36	-4,73	-5,16	-5,61	-6,09	-6,49	-6,88	-7,11	-7,34	-7,46	-7,59	-7,74	-7,90	-8,04	-8,19	-4,03
27/03/2022 23:15:00	-3,97	-3,96	-3,74	-3,50	-3,47	-3,74	-4,03	-4,54	-5,13	-5,57	-6,03	-6,42	-6,82	-7,04	-7,27	-7,41	-7,55	-7,70	-7,85	-7,99	-8,13	-4,09
27/03/2022 23:20:00	-4,13	-3,66	-3,56	-3,51	-3,59	-3,90	-4,30	-4,75	-5,16	-5,61	-6,06	-6,42	-6,79	-6,98	-7,17	-7,29	-7,40	-7,53	-7,66	-7,80	-7,94	-4,22
27/03/2022 23:25:00	-4,27	-3,97	-3,82	-3,75	-3,81	-4,01	-4,37	-4,75	-5,09	-5,57	-6,06	-6,43	-6,81	-7,01	-7,20	-7,30	-7,40	-7,52	-7,65	-7,78	-7,91	-4,29
27/03/2022 23:30:00	-4,46	-4,04	-3,73	-3,57	-3,63	-3,85	-4,30	-4,85	-5,39	-5,87	-6,36	-6,76	-7,16	-7,38	-7,60	-7,72	-7,85	-7,99	-8,13	-8,26	-8,40	-4,46
27/03/2022 23:35:00	-4,73	-4,09	-3,81	-3,61	-3,65	-4,04	-4,49	-5,04	-5,57	-5,96	-6,36	-6,67	-6,99	-7,15	-7,31	-7,41	-7,51	-7,64	-7,76	-7,88	-8,01	-4,70
27/03/2022 23:40:00	-4,55	-4,29	-3,84	-3,44	-3,32	-3,47	-3,85	-4,36	-4,88	-5,53	-6,21	-6,78	-7,34	-7,66	-7,99	-8,15	-8,32	-8,49	-8,65	-8,80	-8,95	-4,97
27/03/2022 23:45:00	-4,88	-4,21	-4,00	-3,95	-4,09	-4,39	-4,79	-5,30	-5,82	-6,14	-6,46	-6,70	-6,95	-7,07	-7,19	-7,28	-7,37	-7,48	-7,60	-7,73	-7,86	-5,08
27/03/2022 23:50:00	-5,12	-4,42	-4,21	-4,13	-4,17	-4,38	-4,76	-5,18	-5,59	-6,01	-6,45	-6,81	-7,17	-7,37	-7,57	-7,69	-7,80	-7,95	-8,09	-8,23	-8,37	-5,13
27/03/2022 23:55:00	-5,23	-4,63	-4,45	-4,34	-4,31	-4,41	-4,62	-4,88	-5,16	-5,62	-6,12	-6,53	-6,94	-7,19	-7,43	-7,56	-7,69	-7,84	-8,00	-8,15	-8,30	-5,23
