FileFormat:0002.2 file with temperature of atmosphere
SN105HE102
local	GMT or Local
0	GMT-Local=[hours]
0	Height[m]
0	0	0	Longitude                [grd]               [min]               [sec]
0	0	0	Latitude                [grd]               [min]               [sec]
N	NS
56,45	Freq[GHz]
0,00	dTemostat[K]
0,150	MessErr[K]
0,248	//[grad/step]
version 14.4.20120406
MTP5HE102F5645K-38.60I70D219217+A1.1
Commentary:
SN105HE102
парабола ДНА = 2,5 град
НЕ102 - ПУ - ХВБ с ЦСД " S "
АЦП - 202 - 09 с контр.U пит.и М
оптопара серии - 2
Т out № 178 пл
БП LPS - 112
End Of Commentary

SYSTEM\summer.dat
data time	0	50	100	150	200	250	300	350	400	450	500	550	600	650	700	750	800	850	900	950	1000	OutsideTemperature
21/08/2019 00:00:00	12,82	13,13	12,88	12,62	12,41	12,11	11,81	11,52	11,25	10,99	10,73	10,47	10,22	9,94	9,67	9,37	9,06	8,75	8,44	8,13	7,81	11,65
21/08/2019 00:05:00	12,80	13,06	12,90	12,69	12,45	12,12	11,79	11,48	11,19	10,90	10,64	10,37	10,11	9,82	9,54	9,22	8,90	8,58	8,26	7,94	7,62	12,39
21/08/2019 00:10:00	12,84	13,07	12,84	12,59	12,37	12,08	11,80	11,54	11,22	10,90	10,58	10,27	9,96	9,65	9,34	9,01	8,69	8,37	8,04	7,71	7,37	12,99
21/08/2019 00:15:00	12,57	12,81	12,71	12,53	12,27	11,95	11,64	11,36	11,05	10,75	10,45	10,15	9,85	9,55	9,25	8,92	8,60	8,28	7,96	7,64	7,32	12,88
21/08/2019 00:20:00	12,51	12,75	12,62	12,46	12,25	11,97	11,73	11,54	11,20	10,86	10,58	10,30	10,01	9,71	9,41	9,09	8,76	8,43	8,10	7,76	7,42	12,33
21/08/2019 00:25:00	12,40	12,81	12,73	12,58	12,38	12,21	11,97	11,66	11,35	11,03	10,72	10,40	10,08	9,76	9,44	9,09	8,75	8,41	8,07	7,72	7,37	11,69
21/08/2019 00:30:00	12,05	12,49	12,39	12,24	12,06	11,76	11,48	11,23	10,94	10,65	10,35	10,05	9,75	9,45	9,15	8,83	8,51	8,19	7,87	7,55	7,23	11,59
21/08/2019 00:35:00	12,17	12,45	12,36	12,23	12,04	11,80	11,54	11,28	11,02	10,72	10,36	10,01	9,66	9,33	9,00	8,67	8,35	8,02	7,70	7,36	7,03	11,90
21/08/2019 00:40:00	12,10	12,45	12,38	12,23	12,00	11,68	11,40	11,18	10,88	10,57	10,30	10,02	9,74	9,45	9,16	8,85	8,53	8,22	7,91	7,60	7,28	12,20
21/08/2019 00:45:00	12,03	12,34	12,33	12,23	12,03	11,76	11,48	11,18	10,91	10,61	10,24	9,89	9,54	9,20	8,86	8,52	8,18	7,86	7,53	7,20	6,86	12,07
21/08/2019 00:50:00	12,01	12,40	12,40	12,28	12,02	11,71	11,40	11,10	10,79	10,49	10,17	9,86	9,54	9,23	8,91	8,58	8,25	7,93	7,62	7,30	6,98	12,24
21/08/2019 00:55:00	12,05	12,42	12,31	12,16	11,99	11,71	11,45	11,22	10,96	10,66	10,29	9,94	9,60	9,27	8,94	8,62	8,30	7,99	7,67	7,35	7,02	11,97
21/08/2019 01:00:00	11,82	12,46	12,48	12,43	12,31	12,07	11,79	11,50	11,20	10,89	10,54	10,19	9,85	9,51	9,17	8,81	8,46	8,12	7,78	7,43	7,08	11,61
21/08/2019 01:05:00	12,10	12,76	12,70	12,51	12,20	11,86	11,52	11,19	10,83	10,47	10,09	9,74	9,39	9,04	8,70	8,36	8,01	7,69	7,36	7,03	6,71	11,52
21/08/2019 01:10:00	11,61	12,40	12,40	12,26	11,99	11,69	11,36	11,00	10,67	10,34	9,96	9,61	9,25	8,91	8,56	8,22	7,87	7,54	7,22	6,89	6,57	11,60
21/08/2019 01:15:00	11,30	12,49	12,54	12,40	12,07	11,67	11,28	10,88	10,53	10,18	9,83	9,50	9,17	8,84	8,51	8,16	7,82	7,50	7,18	6,88	6,58	11,07
21/08/2019 01:20:00	11,55	12,56	12,58	12,42	12,07	11,79	11,45	11,05	10,66	10,29	9,93	9,58	9,24	8,90	8,55	8,20	7,84	7,51	7,17	6,85	6,52	11,19
21/08/2019 01:25:00	11,36	12,27	12,24	12,09	11,84	11,46	11,12	10,81	10,40	10,01	9,66	9,32	8,97	8,63	8,29	7,93	7,58	7,25	6,91	6,59	6,27	11,20
21/08/2019 01:30:00	11,40	12,39	12,31	12,13	11,89	11,51	11,13	10,75	10,40	10,04	9,64	9,27	8,90	8,55	8,20	7,85	7,50	7,17	6,84	6,52	6,20	11,68
21/08/2019 01:35:00	11,30	12,20	12,27	12,16	11,87	11,52	11,17	10,83	10,47	10,09	9,66	9,26	8,85	8,48	8,11	7,75	7,39	7,06	6,73	6,41	6,09	11,42
21/08/2019 01:40:00	11,21	12,16	12,34	12,29	11,98	11,65	11,26	10,84	10,45	10,06	9,65	9,25	8,85	8,46	8,08	7,70	7,31	6,97	6,62	6,29	5,95	11,45
21/08/2019 01:45:00	10,96	11,60	11,73	11,71	11,52	11,31	11,06	10,77	10,45	10,11	9,74	9,38	9,01	8,66	8,30	7,95	7,60	7,26	6,92	6,59	6,25	11,80
21/08/2019 01:50:00	11,20	11,92	12,06	12,07	11,94	11,69	11,41	11,13	10,80	10,46	10,10	9,74	9,38	9,02	8,66	8,30	7,94	7,59	7,25	6,90	6,55	11,75
21/08/2019 01:55:00	11,31	11,99	12,13	12,16	12,07	11,83	11,56	11,26	10,94	10,60	10,26	9,90	9,55	9,19	8,83	8,46	8,09	7,74	7,39	7,03	6,68	11,85
21/08/2019 02:00:00	11,31	12,00	12,11	12,12	12,05	11,84	11,59	11,33	10,98	10,63	10,27	9,90	9,53	9,16	8,80	8,42	8,05	7,70	7,34	6,97	6,61	11,60
21/08/2019 02:05:00	11,25	12,06	12,27	12,33	12,22	12,06	11,81	11,50	11,21	10,90	10,54	10,18	9,81	9,45	9,09	8,73	8,36	8,01	7,66	7,30	6,95	11,08
21/08/2019 02:10:00	11,34	12,28	12,47	12,47	12,26	11,96	11,68	11,42	11,09	10,73	10,31	9,92	9,53	9,16	8,80	8,44	8,08	7,74	7,40	7,06	6,73	11,38
21/08/2019 02:15:00	10,75	11,63	11,98	12,13	12,01	11,85	11,63	11,36	11,06	10,71	10,28	9,86	9,44	9,04	8,65	8,27	7,89	7,53	7,17	6,81	6,45	11,34
21/08/2019 02:20:00	10,70	11,83	12,16	12,25	12,07	11,86	11,59	11,27	11,00	10,69	10,27	9,88	9,48	9,11	8,74	8,38	8,02	7,68	7,34	7,01	6,67	10,85
21/08/2019 02:25:00	10,91	11,80	12,07	12,17	12,07	11,82	11,57	11,32	10,98	10,63	10,27	9,90	9,53	9,16	8,80	8,42	8,05	7,70	7,34	6,99	6,64	10,93
21/08/2019 02:30:00	11,04	11,81	12,06	12,16	12,07	11,84	11,58	11,30	10,98	10,66	10,33	9,98	9,64	9,28	8,93	8,56	8,19	7,83	7,48	7,12	6,77	10,80
21/08/2019 02:35:00	11,18	11,80	12,01	12,08	11,98	11,80	11,56	11,28	10,99	10,68	10,36	10,01	9,67	9,33	8,98	8,62	8,25	7,91	7,56	7,21	6,85	10,86
21/08/2019 02:40:00	11,16	11,99	12,10	12,05	11,84	11,56	11,30	11,04	10,71	10,37	10,03	9,70	9,36	9,03	8,70	8,36	8,02	7,69	7,36	7,03	6,71	10,82
21/08/2019 02:45:00	11,09	11,94	12,01	11,97	11,84	11,65	11,37	11,04	10,74	10,46	10,18	9,88	9,59	9,27	8,96	8,61	8,27	7,93	7,60	7,27	6,93	10,83
21/08/2019 02:50:00	10,94	11,72	11,94	12,00	11,86	11,69	11,43	11,10	10,79	10,47	10,13	9,78	9,43	9,07	8,71	8,35	7,98	7,63	7,28	6,93	6,58	10,72
21/08/2019 02:55:00	10,65	11,60	11,81	11,87	11,80	11,59	11,36	11,13	10,86	10,54	10,16	9,78	9,41	9,06	8,70	8,35	8,00	7,66	7,32	6,98	6,64	10,85
21/08/2019 03:00:00	10,58	11,80	12,08	12,19	12,11	11,84	11,58	11,32	10,98	10,62	10,21	9,82	9,43	9,05	8,67	8,30	7,92	7,57	7,21	6,86	6,51	10,66
21/08/2019 03:05:00	10,76	11,83	12,08	12,14	11,99	11,79	11,53	11,23	10,91	10,57	10,22	9,87	9,51	9,16	8,80	8,44	8,07	7,73	7,38	7,04	6,70	10,83
21/08/2019 03:10:00	10,83	11,99	12,15	12,15	12,00	11,70	11,37	11,03	10,70	10,36	9,99	9,63	9,27	8,91	8,55	8,19	7,82	7,48	7,14	6,80	6,47	11,10
21/08/2019 03:15:00	10,75	11,98	12,23	12,27	12,10	11,84	11,53	11,17	10,80	10,44	10,07	9,70	9,33	8,95	8,58	8,20	7,82	7,46	7,11	6,76	6,41	11,26
21/08/2019 03:20:00	10,95	12,18	12,34	12,32	12,16	11,88	11,54	11,15	10,76	10,38	9,99	9,61	9,22	8,84	8,46	8,07	7,68	7,32	6,96	6,61	6,25	11,38
21/08/2019 03:25:00	11,05	12,03	12,24	12,27	12,13	11,86	11,58	11,29	10,91	10,51	10,12	9,72	9,33	8,94	8,55	8,17	7,79	7,43	7,07	6,71	6,36	11,39
21/08/2019 03:30:00	10,86	12,17	12,40	12,42	12,23	11,92	11,61	11,29	10,86	10,45	10,05	9,66	9,28	8,89	8,51	8,12	7,73	7,37	7,00	6,65	6,30	10,93
21/08/2019 03:35:00	10,76	12,00	12,22	12,29	12,19	12,03	11,71	11,28	10,99	10,65	10,17	9,72	9,28	8,86	8,44	8,05	7,66	7,29	6,92	6,55	6,18	11,20
21/08/2019 03:40:00	10,70	11,89	12,28	12,40	12,22	12,00	11,71	11,37	11,01	10,62	10,18	9,74	9,31	8,90	8,49	8,09	7,70	7,33	6,96	6,60	6,24	10,15
21/08/2019 03:45:00	10,39	11,75	12,09	12,22	12,14	11,94	11,67	11,36	11,02	10,68	10,32	9,96	9,59	9,23	8,86	8,47	8,09	7,73	7,37	7,01	6,65	9,76
21/08/2019 03:50:00	10,47	11,79	12,05	12,14	12,07	11,85	11,61	11,37	11,01	10,64	10,24	9,86	9,48	9,10	8,73	8,35	7,98	7,61	7,25	6,89	6,53	9,80
21/08/2019 03:55:00	10,74	12,02	12,31	12,38	12,21	12,02	11,74	11,39	11,06	10,69	10,24	9,81	9,38	8,98	8,57	8,19	7,81	7,45	7,09	6,73	6,37	10,20
21/08/2019 04:00:00	10,71	11,92	12,25	12,39	12,32	12,06	11,78	11,51	11,13	10,72	10,26	9,82	9,37	8,95	8,53	8,13	7,72	7,35	6,97	6,59	6,22	10,87
21/08/2019 04:05:00	10,60	11,82	12,09	12,17	12,07	11,87	11,59	11,25	10,93	10,59	10,21	9,84	9,46	9,09	8,71	8,34	7,96	7,60	7,24	6,89	6,53	10,86
21/08/2019 04:10:00	10,46	11,70	12,03	12,14	11,99	11,78	11,54	11,26	10,90	10,54	10,17	9,80	9,43	9,06	8,69	8,31	7,94	7,58	7,23	6,87	6,52	10,95
21/08/2019 04:15:00	10,40	11,74	12,11	12,27	12,22	12,02	11,77	11,50	11,11	10,72	10,30	9,88	9,47	9,06	8,65	8,25	7,85	7,47	7,09	6,71	6,34	10,98
21/08/2019 04:20:00	10,45	11,83	12,24	12,44	12,42	12,08	11,80	11,56	11,18	10,78	10,38	9,96	9,55	9,15	8,75	8,35	7,95	7,57	7,20	6,84	6,47	10,84
21/08/2019 04:25:00	10,48	12,08	12,52	12,70	12,60	12,38	12,07	11,71	11,36	10,96	10,47	10,01	9,54	9,11	8,67	8,26	7,85	7,47	7,09	6,71	6,34	10,58
21/08/2019 04:30:00	10,63	12,20	12,60	12,75	12,65	12,32	11,96	11,60	11,26	10,87	10,40	9,95	9,50	9,08	8,66	8,25	7,85	7,48	7,11	6,76	6,40	10,65
21/08/2019 04:35:00	10,73	11,96	12,40	12,63	12,64	12,40	12,12	11,81	11,46	11,04	10,52	10,01	9,50	9,03	8,56	8,13	7,71	7,31	6,91	6,51	6,11	11,28
21/08/2019 04:40:00	10,43	11,95	12,43	12,68	12,69	12,45	12,15	11,81	11,38	10,94	10,54	10,10	9,66	9,23	8,79	8,35	7,90	7,49	7,08	6,68	6,28	10,35
21/08/2019 04:45:00	10,33	12,05	12,53	12,73	12,65	12,44	12,12	11,72	11,30	10,84	10,32	9,81	9,30	8,83	8,35	7,91	7,46	7,05	6,65	6,25	5,85	10,17
21/08/2019 04:50:00	10,54	11,96	12,47	12,69	12,57	12,31	11,98	11,59	11,22	10,81	10,35	9,90	9,44	9,00	8,56	8,14	7,71	7,32	6,94	6,56	6,19	10,36
21/08/2019 04:55:00	10,59	11,96	12,45	12,64	12,48	12,29	11,99	11,62	11,18	10,71	10,23	9,74	9,25	8,79	8,33	7,89	7,45	7,05	6,64	6,25	5,85	10,52
21/08/2019 05:00:00	10,46	11,94	12,41	12,59	12,44	12,13	11,82	11,49	11,09	10,63	10,09	9,58	9,06	8,60	8,13	7,71	7,29	6,91	6,52	6,15	5,77	10,75
21/08/2019 05:05:00	10,45	11,69	12,11	12,30	12,25	11,98	11,69	11,37	11,02	10,63	10,16	9,71	9,25	8,82	8,39	7,98	7,57	7,19	6,81	6,44	6,07	10,57
21/08/2019 05:10:00	10,33	11,91	12,43	12,62	12,43	12,09	11,75	11,42	11,05	10,63	10,16	9,70	9,25	8,82	8,39	7,99	7,58	7,22	6,85	6,51	6,16	10,31
21/08/2019 05:15:00	9,78	11,13	11,65	11,92	11,90	11,68	11,43	11,17	10,86	10,51	10,11	9,70	9,29	8,89	8,49	8,10	7,70	7,34	6,97	6,62	6,26	10,46
21/08/2019 05:20:00	10,05	11,47	11,82	11,93	11,78	11,63	11,34	10,96	10,64	10,29	9,89	9,50	9,10	8,72	8,33	7,95	7,57	7,21	6,86	6,51	6,16	10,26
21/08/2019 05:25:00	10,19	11,41	11,77	11,91	11,83	11,57	11,23	10,85	10,46	10,09	9,75	9,37	9,00	8,61	8,22	7,81	7,41	7,04	6,66	6,30	5,94	10,03
21/08/2019 05:30:00	10,63	11,65	11,69	11,59	11,40	11,10	10,83	10,58	10,24	9,92	9,59	9,28	8,97	8,66	8,35	8,02	7,69	7,38	7,07	6,76	6,45	10,72
21/08/2019 05:35:00	10,64	11,63	11,62	11,48	11,25	10,86	10,50	10,17	9,89	9,57	9,17	8,81	8,46	8,12	7,78	7,46	7,13	6,83	6,53	6,24	5,95	11,39
21/08/2019 05:40:00	10,65	11,35	11,45	11,38	11,13	10,85	10,59	10,34	10,04	9,74	9,42	9,12	8,81	8,51	8,20	7,88	7,56	7,25	6,95	6,65	6,35	11,64
21/08/2019 05:45:00	10,92	11,42	11,33	11,18	10,98	10,71	10,48	10,30	10,05	9,84	9,69	9,52	9,35	9,13	8,92	8,65	8,37	8,10	7,83	7,56	7,29	11,62
21/08/2019 05:50:00	10,70	11,13	11,16	11,08	10,88	10,68	10,52	10,38	10,17	9,99	9,86	9,70	9,55	9,35	9,15	8,88	8,62	8,35	8,09	7,82	7,55	11,47
21/08/2019 05:55:00	10,79	11,23	11,07	10,92	10,82	10,64	10,44	10,23	10,03	9,87	9,76	9,62	9,49	9,29	9,09	8,83	8,56	8,29	8,02	7,73	7,45	11,62
21/08/2019 06:00:00	10,82	11,26	11,25	11,18	11,07	10,92	10,76	10,60	10,34	10,12	9,98	9,80	9,62	9,39	9,16	8,87	8,58	8,28	7,98	7,68	7,37	11,50
21/08/2019 06:05:00	10,80	11,21	11,27	11,26	11,17	10,99	10,81	10,63	10,42	10,22	10,01	9,78	9,55	9,29	9,04	8,74	8,44	8,15	7,85	7,55	7,25	11,60
21/08/2019 06:10:00	10,56	11,23	11,35	11,39	11,35	11,18	10,98	10,77	10,55	10,33	10,09	9,84	9,58	9,31	9,03	8,71	8,40	8,09	7,78	7,46	7,14	11,14
21/08/2019 06:15:00	10,31	11,05	11,20	11,26	11,22	11,10	10,94	10,76	10,53	10,32	10,13	9,91	9,70	9,44	9,18	8,87	8,56	8,25	7,94	7,63	7,32	10,54
21/08/2019 06:20:00	10,24	11,23	11,42	11,45	11,33	11,20	11,02	10,80	10,54	10,28	10,02	9,75	9,49	9,20	8,91	8,59	8,27	7,96	7,65	7,33	7,02	10,40
21/08/2019 06:25:00	10,07	10,97	11,20	11,32	11,32	11,21	11,05	10,87	10,72	10,52	10,25	9,98	9,70	9,42	9,14	8,83	8,52	8,22	7,91	7,60	7,29	10,09
21/08/2019 06:30:00	9,92	10,75	10,94	11,03	11,05	10,94	10,78	10,58	10,37	10,16	9,95	9,72	9,49	9,22	8,95	8,63	8,32	8,00	7,69	7,37	7,05	9,96
21/08/2019 06:35:00	9,90	10,80	10,94	10,94	10,80	10,64	10,44	10,23	9,97	9,73	9,52	9,29	9,07	8,80	8,54	8,24	7,93	7,64	7,34	7,05	6,75	10,10
21/08/2019 06:40:00	9,80	10,56	10,62	10,60	10,50	10,36	10,14	9,87	9,66	9,43	9,17	8,91	8,64	8,36	8,08	7,77	7,46	7,16	6,87	6,57	6,27	10,08
21/08/2019 06:45:00	10,03	10,96	11,24	11,40	11,43	11,33	11,18	10,99	10,70	10,40	10,09	9,76	9,42	9,08	8,74	8,38	8,02	7,67	7,33	6,97	6,61	10,04
21/08/2019 06:50:00	10,01	10,61	10,82	10,94	10,95	10,79	10,63	10,47	10,28	10,04	9,72	9,39	9,07	8,76	8,44	8,12	7,80	7,49	7,17	6,85	6,53	10,03
21/08/2019 06:55:00	9,87	10,20	10,42	10,57	10,64	10,65	10,60	10,51	10,32	10,12	9,88	9,61	9,34	9,06	8,77	8,46	8,15	7,84	7,52	7,18	6,85	10,16
21/08/2019 07:00:00	9,91	10,37	10,58	10,73	10,80	10,76	10,61	10,40	10,26	10,06	9,79	9,50	9,21	8,91	8,60	8,28	7,96	7,64	7,32	6,99	6,66	10,30
21/08/2019 07:05:00	9,98	10,46	10,65	10,72	10,65	10,61	10,48	10,29	10,13	9,90	9,57	9,25	8,93	8,62	8,31	8,00	7,69	7,38	7,08	6,76	6,44	10,42
21/08/2019 07:10:00	10,13	10,56	10,74	10,82	10,74	10,68	10,55	10,36	10,13	9,89	9,63	9,36	9,08	8,79	8,49	8,17	7,85	7,54	7,22	6,90	6,57	10,60
21/08/2019 07:15:00	10,33	10,84	11,09	11,24	11,26	11,16	11,04	10,93	10,70	10,43	10,12	9,79	9,47	9,14	8,82	8,49	8,15	7,82	7,49	7,15	6,81	10,50
21/08/2019 07:20:00	10,39	11,02	11,28	11,45	11,49	11,39	11,26	11,12	10,89	10,63	10,32	10,00	9,68	9,36	9,04	8,70	8,36	8,02	7,68	7,33	6,99	10,35
21/08/2019 07:25:00	10,21	10,93	11,27	11,45	11,43	11,32	11,15	10,95	10,80	10,60	10,30	10,00	9,69	9,39	9,08	8,76	8,43	8,12	7,80	7,48	7,16	10,25
21/08/2019 07:30:00	10,35	11,22	11,59	11,76	11,70	11,56	11,36	11,13	10,89	10,62	10,31	9,98	9,66	9,33	8,99	8,64	8,29	7,96	7,62	7,28	6,94	10,29
21/08/2019 07:35:00	10,23	10,83	11,16	11,39	11,47	11,35	11,26	11,18	10,98	10,73	10,42	10,10	9,78	9,46	9,13	8,80	8,47	8,14	7,81	7,47	7,12	10,24
21/08/2019 07:40:00	10,13	10,92	11,35	11,63	11,76	11,70	11,59	11,45	11,17	10,88	10,57	10,23	9,89	9,53	9,18	8,80	8,42	8,06	7,69	7,31	6,93	10,15
21/08/2019 07:45:00	10,09	10,64	10,97	11,15	11,14	11,09	10,96	10,78	10,60	10,42	10,21	9,97	9,73	9,45	9,18	8,86	8,54	8,22	7,91	7,59	7,26	10,21
21/08/2019 07:50:00	10,31	10,76	11,04	11,22	11,26	11,21	11,09	10,92	10,75	10,51	10,17	9,83	9,48	9,15	8,81	8,48	8,14	7,81	7,48	7,13	6,78	10,32
21/08/2019 07:55:00	10,43	11,01	11,19	11,27	11,24	11,17	11,04	10,87	10,63	10,41	10,24	10,02	9,81	9,54	9,28	8,97	8,65	8,33	8,01	7,69	7,36	10,39
21/08/2019 08:00:00	10,53	11,09	11,18	11,19	11,11	10,96	10,73	10,45	10,25	10,08	9,96	9,79	9,62	9,39	9,16	8,85	8,55	8,25	7,95	7,66	7,36	10,58
21/08/2019 08:05:00	10,62	11,19	11,30	11,33	11,29	11,17	11,04	10,92	10,63	10,38	10,18	9,95	9,72	9,46	9,19	8,87	8,56	8,24	7,93	7,60	7,27	10,63
21/08/2019 08:10:00	10,83	11,19	11,30	11,32	11,24	11,15	11,01	10,84	10,63	10,43	10,24	10,01	9,79	9,54	9,28	8,98	8,68	8,38	8,07	7,76	7,45	10,76
21/08/2019 08:15:00	10,76	11,08	11,15	11,16	11,10	10,97	10,84	10,74	10,56	10,37	10,14	9,91	9,68	9,43	9,17	8,89	8,61	8,32	8,03	7,72	7,42	10,81
21/08/2019 08:20:00	10,95	11,15	11,22	11,22	11,14	10,99	10,83	10,67	10,52	10,34	10,08	9,82	9,56	9,29	9,02	8,74	8,45	8,16	7,87	7,57	7,27	10,84
21/08/2019 08:25:00	11,00	11,26	11,30	11,31	11,28	11,19	11,04	10,84	10,62	10,36	10,04	9,72	9,40	9,08	8,76	8,43	8,11	7,78	7,45	7,11	6,76	10,98
21/08/2019 08:30:00	11,02	11,28	11,45	11,53	11,48	11,48	11,32	11,03	10,89	10,69	10,39	10,07	9,76	9,44	9,13	8,80	8,47	8,14	7,82	7,47	7,13	10,83
21/08/2019 08:35:00	10,87	11,17	11,32	11,32	11,14	11,02	10,83	10,60	10,40	10,16	9,83	9,51	9,19	8,88	8,57	8,26	7,95	7,64	7,34	7,02	6,71	10,88
21/08/2019 08:40:00	10,92	11,04	11,09	11,10	11,05	10,90	10,75	10,61	10,44	10,28	10,12	9,94	9,75	9,52	9,29	9,01	8,72	8,44	8,15	7,85	7,55	10,87
21/08/2019 08:45:00	10,98	11,18	11,17	11,12	11,02	10,88	10,77	10,70	10,55	10,38	10,18	9,98	9,78	9,55	9,33	9,07	8,81	8,54	8,27	7,98	7,69	10,90
21/08/2019 08:50:00	11,01	11,06	11,04	10,98	10,88	10,75	10,61	10,47	10,36	10,24	10,07	9,89	9,71	9,50	9,29	9,04	8,78	8,52	8,25	7,97	7,70	11,00
21/08/2019 08:55:00	11,04	11,12	11,07	10,99	10,88	10,73	10,58	10,45	10,29	10,14	9,99	9,83	9,66	9,45	9,25	8,98	8,72	8,45	8,18	7,90	7,61	11,04
21/08/2019 09:00:00	11,09	11,12	11,10	11,06	10,97	10,85	10,71	10,56	10,37	10,22	10,12	9,97	9,83	9,63	9,42	9,15	8,87	8,59	8,31	8,01	7,72	11,26
21/08/2019 09:05:00	11,24	11,22	11,17	11,11	11,02	10,90	10,81	10,76	10,61	10,45	10,28	10,09	9,91	9,69	9,48	9,22	8,97	8,69	8,42	8,13	7,83	11,31
21/08/2019 09:10:00	11,55	11,45	11,45	11,44	11,39	11,32	11,19	11,03	10,91	10,78	10,60	10,40	10,19	9,96	9,72	9,45	9,17	8,88	8,59	8,28	7,97	11,35
21/08/2019 09:15:00	11,43	11,54	11,56	11,53	11,45	11,32	11,17	11,00	10,88	10,74	10,55	10,35	10,15	9,92	9,69	9,41	9,14	8,86	8,57	8,27	7,98	11,51
21/08/2019 09:20:00	11,52	11,48	11,49	11,46	11,36	11,25	11,11	10,94	10,74	10,56	10,42	10,24	10,05	9,82	9,59	9,30	9,01	8,71	8,42	8,10	7,79	11,65
21/08/2019 09:25:00	11,68	11,64	11,65	11,65	11,63	11,55	11,43	11,31	11,16	10,98	10,72	10,45	10,19	9,91	9,64	9,35	9,05	8,75	8,44	8,11	7,78	11,82
21/08/2019 09:30:00	11,86	11,75	11,66	11,58	11,51	11,40	11,29	11,19	11,00	10,84	10,72	10,56	10,40	10,20	9,99	9,71	9,44	9,15	8,86	8,55	8,24	11,87
21/08/2019 09:35:00	11,97	11,86	11,84	11,82	11,74	11,70	11,61	11,47	11,32	11,16	10,97	10,75	10,54	10,29	10,05	9,77	9,49	9,18	8,88	8,56	8,23	11,99
21/08/2019 09:40:00	12,17	11,97	11,85	11,74	11,60	11,55	11,44	11,28	11,13	10,99	10,85	10,68	10,52	10,31	10,10	9,84	9,57	9,29	9,00	8,70	8,39	12,16
21/08/2019 09:45:00	12,22	11,97	11,85	11,77	11,71	11,69	11,59	11,41	11,19	10,98	10,79	10,56	10,34	10,08	9,82	9,51	9,21	8,88	8,56	8,21	7,86	12,33
21/08/2019 09:50:00	12,30	11,84	11,59	11,45	11,40	11,34	11,23	11,09	10,95	10,82	10,71	10,56	10,41	10,21	10,01	9,75	9,48	9,19	8,91	8,59	8,28	12,53
21/08/2019 09:55:00	12,36	12,05	11,80	11,57	11,35	11,19	11,00	10,80	10,68	10,55	10,35	10,16	9,96	9,75	9,54	9,29	9,05	8,79	8,53	8,25	7,97	12,63
21/08/2019 10:00:00	12,68	12,29	12,06	11,84	11,60	11,40	11,22	11,08	10,87	10,66	10,42	10,18	9,95	9,70	9,45	9,18	8,91	8,63	8,35	8,04	7,74	12,65
21/08/2019 10:05:00	12,81	12,36	12,07	11,80	11,55	11,39	11,22	11,02	10,80	10,60	10,42	10,22	10,02	9,80	9,57	9,30	9,03	8,75	8,46	8,16	7,86	12,57
21/08/2019 10:10:00	12,97	12,58	12,24	11,94	11,68	11,51	11,31	11,08	10,86	10,66	10,47	10,28	10,08	9,86	9,63	9,36	9,09	8,81	8,52	8,22	7,91	12,88
21/08/2019 10:15:00	13,08	12,58	12,22	11,92	11,65	11,40	11,21	11,08	10,83	10,60	10,45	10,28	10,11	9,91	9,70	9,44	9,18	8,90	8,63	8,33	8,04	13,32
21/08/2019 10:20:00	13,18	12,92	12,56	12,19	11,83	11,61	11,34	11,03	10,80	10,60	10,40	10,21	10,01	9,79	9,57	9,30	9,03	8,75	8,48	8,19	7,90	13,34
21/08/2019 10:25:00	13,41	13,05	12,69	12,32	11,98	11,64	11,34	11,07	10,83	10,60	10,36	10,13	9,90	9,65	9,41	9,14	8,86	8,59	8,31	8,02	7,73	13,56
21/08/2019 10:30:00	13,61	13,13	12,72	12,36	12,05	11,68	11,41	11,24	10,97	10,70	10,46	10,22	9,99	9,74	9,49	9,22	8,94	8,66	8,38	8,08	7,78	13,65
21/08/2019 10:35:00	13,55	13,04	12,64	12,28	11,99	11,66	11,38	11,16	10,90	10,64	10,39	10,14	9,89	9,63	9,38	9,09	8,81	8,52	8,23	7,92	7,62	13,49
21/08/2019 10:40:00	13,69	13,25	12,83	12,47	12,19	11,90	11,62	11,34	11,08	10,82	10,50	10,20	9,91	9,62	9,33	9,04	8,74	8,43	8,13	7,81	7,49	13,77
21/08/2019 10:45:00	13,77	13,31	12,94	12,58	12,21	11,84	11,50	11,19	10,91	10,64	10,35	10,07	9,79	9,51	9,23	8,93	8,63	8,34	8,04	7,74	7,44	14,12
21/08/2019 10:50:00	13,87	13,34	12,84	12,38	12,02	11,65	11,31	10,99	10,73	10,50	10,32	10,13	9,94	9,71	9,49	9,22	8,95	8,68	8,40	8,12	7,84	14,05
21/08/2019 10:55:00	14,04	13,42	12,95	12,50	12,09	11,75	11,42	11,09	10,79	10,51	10,27	10,04	9,80	9,55	9,30	9,01	8,72	8,43	8,14	7,84	7,54	14,35
21/08/2019 11:00:00	13,92	13,39	12,98	12,60	12,21	11,92	11,63	11,32	11,03	10,75	10,40	10,08	9,76	9,45	9,15	8,85	8,55	8,24	7,93	7,61	7,29	13,86
21/08/2019 11:05:00	14,03	13,56	13,13	12,76	12,52	12,20	11,84	11,43	11,11	10,81	10,53	10,23	9,93	9,62	9,31	8,98	8,65	8,31	7,98	7,64	7,29	14,08
21/08/2019 11:10:00	14,41	13,89	13,47	13,02	12,53	12,16	11,83	11,50	11,15	10,80	10,48	10,18	9,88	9,59	9,29	8,99	8,68	8,37	8,06	7,75	7,43	15,52
21/08/2019 11:15:00	14,37	13,85	13,43	13,02	12,65	12,33	12,01	11,66	11,36	11,07	10,72	10,39	10,06	9,75	9,43	9,12	8,81	8,49	8,18	7,85	7,52	15,15
21/08/2019 11:20:00	14,65	14,00	13,51	13,10	12,77	12,45	12,12	11,79	11,43	11,06	10,75	10,43	10,11	9,79	9,47	9,14	8,81	8,47	8,13	7,77	7,42	15,89
21/08/2019 11:25:00	14,95	14,15	13,58	13,13	12,83	12,61	12,38	12,11	11,80	11,47	11,21	10,94	10,68	10,40	10,12	9,81	9,51	9,18	8,85	8,49	8,14	16,77
21/08/2019 11:30:00	14,99	14,41	13,93	13,51	13,14	12,82	12,50	12,15	11,80	11,44	11,06	10,69	10,33	9,98	9,64	9,31	8,97	8,63	8,28	7,93	7,57	15,97
21/08/2019 11:35:00	15,19	14,73	14,20	13,67	13,18	12,74	12,31	11,88	11,51	11,14	10,69	10,28	9,87	9,51	9,15	8,81	8,48	8,15	7,81	7,48	7,14	16,74
21/08/2019 11:40:00	15,41	14,62	14,06	13,56	13,10	12,66	12,25	11,88	11,49	11,09	10,73	10,38	10,03	9,69	9,36	9,02	8,69	8,36	8,02	7,68	7,34	16,94
21/08/2019 11:45:00	15,54	14,94	14,41	13,92	13,49	13,01	12,54	12,11	11,74	11,38	10,95	10,56	10,16	9,80	9,44	9,10	8,76	8,42	8,08	7,74	7,39	17,12
21/08/2019 11:50:00	15,64	14,93	14,49	14,02	13,52	13,01	12,52	12,05	11,61	11,18	10,79	10,41	10,02	9,66	9,29	8,93	8,57	8,22	7,87	7,52	7,17	17,22
21/08/2019 11:55:00	15,49	14,75	14,32	13,90	13,46	13,06	12,69	12,32	11,98	11,64	11,24	10,86	10,48	10,14	9,79	9,46	9,13	8,79	8,46	8,11	7,77	16,61
21/08/2019 12:00:00	15,56	14,93	14,43	13,95	13,47	13,07	12,70	12,37	11,92	11,45	11,12	10,78	10,45	10,12	9,78	9,43	9,09	8,73	8,38	8,02	7,66	17,02
21/08/2019 12:05:00	15,55	14,93	14,48	14,06	13,64	13,20	12,76	12,33	11,90	11,47	11,11	10,75	10,39	10,03	9,67	9,31	8,94	8,58	8,22	7,86	7,49	16,52
21/08/2019 12:10:00	15,64	14,89	14,42	13,97	13,54	13,14	12,74	12,34	11,95	11,55	11,10	10,68	10,25	9,87	9,49	9,13	8,77	8,42	8,06	7,70	7,33	16,45
21/08/2019 12:15:00	15,27	14,67	14,25	13,85	13,47	13,09	12,71	12,32	11,95	11,58	11,20	10,83	10,46	10,10	9,75	9,40	9,05	8,70	8,35	7,99	7,63	16,04
21/08/2019 12:20:00	15,23	14,74	14,30	13,87	13,46	13,09	12,71	12,32	11,94	11,56	11,20	10,86	10,51	10,17	9,84	9,49	9,15	8,80	8,46	8,10	7,75	15,66
21/08/2019 12:25:00	15,63	15,16	14,69	14,23	13,77	13,36	12,98	12,62	12,21	11,79	11,48	11,17	10,86	10,54	10,23	9,89	9,55	9,20	8,86	8,51	8,16	15,82
21/08/2019 12:30:00	15,85	15,25	14,74	14,29	13,93	13,53	13,13	12,74	12,35	11,96	11,52	11,12	10,71	10,33	9,95	9,60	9,24	8,87	8,51	8,13	7,76	16,34
21/08/2019 12:35:00	16,09	15,43	14,97	14,51	14,04	13,59	13,16	12,75	12,31	11,86	11,42	11,00	10,58	10,19	9,80	9,43	9,06	8,69	8,33	7,95	7,58	16,21
21/08/2019 12:40:00	15,98	15,41	14,97	14,56	14,15	13,72	13,29	12,86	12,45	12,03	11,66	11,29	10,92	10,55	10,19	9,83	9,46	9,09	8,72	8,35	7,98	16,40
21/08/2019 12:45:00	16,10	15,67	15,23	14,77	14,33	13,85	13,41	13,05	12,65	12,23	11,75	11,31	10,88	10,49	10,10	9,74	9,38	9,02	8,66	8,29	7,93	16,06
21/08/2019 12:50:00	16,10	15,58	15,09	14,64	14,27	13,85	13,41	12,99	12,61	12,25	11,85	11,47	11,09	10,73	10,37	10,01	9,66	9,30	8,94	8,57	8,20	16,75
21/08/2019 12:55:00	15,91	15,44	15,07	14,68	14,24	13,82	13,38	12,93	12,50	12,08	11,68	11,29	10,90	10,52	10,15	9,77	9,39	9,02	8,65	8,28	7,90	16,03
21/08/2019 13:00:00	15,79	15,36	14,94	14,53	14,13	13,66	13,22	12,86	12,46	12,06	11,70	11,35	11,00	10,66	10,32	9,96	9,61	9,26	8,91	8,55	8,19	15,93
21/08/2019 13:05:00	15,79	15,34	14,95	14,57	14,20	13,84	13,45	13,03	12,61	12,19	11,76	11,35	10,93	10,54	10,15	9,77	9,39	9,01	8,63	8,24	7,84	15,92
21/08/2019 13:10:00	15,53	15,20	14,87	14,52	14,12	13,72	13,34	13,00	12,70	12,42	12,06	11,73	11,40	11,08	10,76	10,44	10,12	9,79	9,46	9,13	8,79	15,71
21/08/2019 13:15:00	15,30	14,98	14,67	14,34	14,00	13,72	13,44	13,15	12,94	12,75	12,42	12,12	11,82	11,54	11,25	10,96	10,67	10,36	10,05	9,72	9,39	15,27
21/08/2019 13:20:00	14,35	14,30	14,17	14,04	13,89	13,74	13,56	13,37	13,29	13,26	13,24	13,18	13,12	12,98	12,85	12,60	12,36	12,08	11,81	11,51	11,21	14,75
21/08/2019 13:25:00	14,49	14,54	14,32	14,08	13,83	13,60	13,36	13,10	12,89	12,70	12,49	12,28	12,07	11,83	11,59	11,30	11,01	10,69	10,38	10,05	9,72	14,14
21/08/2019 13:30:00	14,33	14,49	14,33	14,13	13,91	13,65	13,39	13,14	12,90	12,67	12,43	12,20	11,97	11,71	11,45	11,14	10,83	10,51	10,19	9,85	9,52	13,65
21/08/2019 13:35:00	14,33	14,56	14,50	14,36	14,12	13,89	13,61	13,28	12,97	12,67	12,37	12,06	11,75	11,43	11,11	10,76	10,41	10,05	9,69	9,32	8,95	13,74
21/08/2019 13:40:00	14,45	14,64	14,51	14,31	14,02	13,65	13,30	13,00	12,70	12,40	12,10	11,81	11,51	11,21	10,91	10,57	10,24	9,90	9,57	9,22	8,88	13,77
21/08/2019 13:45:00	13,83	14,05	13,97	13,81	13,58	13,32	13,05	12,78	12,53	12,31	12,09	11,87	11,64	11,38	11,13	10,82	10,51	10,19	9,87	9,54	9,21	13,58
21/08/2019 13:50:00	13,49	13,44	13,37	13,27	13,12	12,94	12,75	12,57	12,45	12,35	12,26	12,14	12,01	11,83	11,65	11,39	11,13	10,85	10,56	10,26	9,96	13,04
21/08/2019 13:55:00	13,29	13,47	13,50	13,47	13,33	13,10	12,87	12,66	12,48	12,31	12,12	11,91	11,71	11,46	11,22	10,92	10,62	10,31	10,00	9,68	9,35	12,59
21/08/2019 14:00:00	12,84	13,01	13,03	12,98	12,83	12,72	12,64	12,57	12,46	12,38	12,30	12,21	12,11	11,95	11,79	11,55	11,31	11,04	10,77	10,48	10,18	12,53
21/08/2019 14:05:00	12,69	12,91	12,95	12,90	12,72	12,55	12,34	12,11	11,86	11,63	11,47	11,26	11,06	10,81	10,56	10,24	9,93	9,61	9,29	8,96	8,63	12,56
21/08/2019 14:10:00	12,59	12,90	12,86	12,80	12,74	12,53	12,31	12,11	11,93	11,78	11,68	11,55	11,41	11,21	11,01	10,72	10,43	10,13	9,83	9,52	9,20	12,52
21/08/2019 14:15:00	12,54	12,53	12,61	12,66	12,62	12,47	12,30	12,10	11,91	11,69	11,45	11,18	10,91	10,62	10,33	10,01	9,68	9,35	9,01	8,66	8,31	12,17
21/08/2019 14:20:00	12,12	12,69	12,86	12,90	12,78	12,57	12,30	11,97	11,74	11,48	11,16	10,83	10,50	10,16	9,83	9,48	9,13	8,78	8,44	8,09	7,75	12,03
21/08/2019 14:25:00	12,13	12,93	12,97	12,87	12,64	12,36	12,07	11,77	11,46	11,14	10,77	10,43	10,08	9,74	9,40	9,06	8,72	8,39	8,06	7,72	7,39	12,03
21/08/2019 14:30:00	12,11	12,89	12,83	12,66	12,41	12,08	11,74	11,39	11,04	10,71	10,44	10,15	9,87	9,57	9,26	8,92	8,58	8,25	7,93	7,60	7,28	12,07
21/08/2019 14:35:00	12,29	12,91	12,91	12,76	12,46	12,12	11,77	11,41	11,09	10,81	10,55	10,28	10,01	9,72	9,43	9,10	8,77	8,46	8,14	7,83	7,52	12,15
21/08/2019 14:40:00	12,69	13,04	12,96	12,82	12,59	12,29	11,94	11,55	11,23	10,91	10,60	10,28	9,96	9,63	9,30	8,94	8,59	8,25	7,90	7,56	7,22	12,57
21/08/2019 14:45:00	12,82	13,11	12,99	12,80	12,54	12,21	11,88	11,56	11,24	10,91	10,57	10,24	9,91	9,59	9,26	8,92	8,58	8,25	7,92	7,59	7,25	12,86
21/08/2019 14:50:00	12,78	13,22	13,12	12,93	12,64	12,33	12,03	11,73	11,38	11,02	10,61	10,23	9,86	9,50	9,14	8,80	8,45	8,11	7,78	7,43	7,09	13,50
21/08/2019 14:55:00	12,89	13,56	13,49	13,29	12,99	12,64	12,30	11,98	11,59	11,21	10,87	10,54	10,22	9,88	9,55	9,20	8,85	8,50	8,16	7,82	7,48	13,56
21/08/2019 15:00:00	13,24	13,70	13,66	13,53	13,33	13,08	12,80	12,49	12,10	11,70	11,36	11,01	10,65	10,30	9,94	9,56	9,19	8,81	8,44	8,06	7,68	13,58
21/08/2019 15:05:00	13,30	13,65	13,70	13,61	13,31	13,00	12,68	12,36	12,01	11,64	11,22	10,81	10,40	10,02	9,64	9,27	8,91	8,55	8,19	7,83	7,47	13,83
21/08/2019 15:10:00	13,32	13,37	13,45	13,42	13,18	12,98	12,73	12,43	12,09	11,72	11,28	10,85	10,41	10,01	9,61	9,23	8,85	8,48	8,10	7,72	7,33	13,72
21/08/2019 15:15:00	13,34	13,20	13,04	12,88	12,71	12,47	12,25	12,07	11,79	11,50	11,19	10,89	10,58	10,28	9,97	9,65	9,33	9,00	8,66	8,32	7,97	13,60
21/08/2019 15:20:00	13,22	12,89	12,93	12,97	12,91	12,83	12,71	12,56	12,34	12,06	11,68	11,29	10,91	10,55	10,19	9,85	9,50	9,14	8,78	8,39	8,00	13,52
21/08/2019 15:25:00	13,21	13,20	13,25	13,24	13,10	12,96	12,76	12,51	12,14	11,76	11,45	11,10	10,76	10,40	10,04	9,66	9,27	8,89	8,51	8,11	7,71	13,58
21/08/2019 15:30:00	13,19	12,94	13,03	13,09	13,03	12,91	12,72	12,46	12,22	11,94	11,55	11,16	10,76	10,38	10,01	9,64	9,27	8,90	8,53	8,13	7,74	13,34
21/08/2019 15:35:00	13,26	13,23	13,31	13,29	13,10	13,02	12,84	12,56	12,25	11,92	11,58	11,22	10,87	10,51	10,15	9,79	9,42	9,05	8,68	8,29	7,91	13,87
21/08/2019 15:40:00	13,64	13,27	13,30	13,26	13,06	12,89	12,68	12,41	12,17	11,90	11,55	11,18	10,82	10,47	10,12	9,78	9,44	9,09	8,74	8,37	8,00	14,64
21/08/2019 15:45:00	14,07	13,53	13,31	13,15	13,02	12,78	12,55	12,38	12,04	11,67	11,36	11,02	10,69	10,35	10,01	9,65	9,30	8,94	8,57	8,19	7,80	14,50
21/08/2019 15:50:00	14,56	13,78	13,41	13,11	12,89	12,64	12,38	12,12	11,84	11,54	11,24	10,93	10,62	10,31	10,00	9,68	9,35	9,02	8,68	8,32	7,96	15,24
21/08/2019 15:55:00	14,70	13,99	13,62	13,31	13,02	12,77	12,51	12,24	11,97	11,68	11,23	10,83	10,42	10,07	9,71	9,38	9,06	8,72	8,38	8,02	7,65	16,82
21/08/2019 16:00:00	14,59	14,06	13,64	13,27	12,96	12,74	12,48	12,16	11,85	11,53	11,19	10,86	10,52	10,20	9,88	9,55	9,23	8,89	8,55	8,19	7,83	16,05
21/08/2019 16:05:00	14,70	14,21	13,84	13,53	13,29	12,93	12,61	12,34	11,98	11,60	11,23	10,86	10,49	10,14	9,79	9,44	9,09	8,73	8,37	8,00	7,63	16,30
21/08/2019 16:10:00	14,72	14,28	13,85	13,46	13,17	12,82	12,46	12,11	11,79	11,47	11,11	10,77	10,43	10,10	9,77	9,44	9,10	8,77	8,43	8,08	7,73	15,82
21/08/2019 16:15:00	14,69	14,27	13,91	13,54	13,10	12,76	12,43	12,11	11,79	11,45	11,04	10,67	10,29	9,95	9,61	9,29	8,97	8,64	8,31	7,97	7,63	15,65
21/08/2019 16:20:00	14,57	14,18	13,83	13,50	13,20	12,83	12,46	12,13	11,75	11,38	11,03	10,69	10,35	10,01	9,67	9,32	8,96	8,61	8,26	7,90	7,54	15,07
21/08/2019 16:25:00	14,38	14,23	13,87	13,51	13,18	12,79	12,40	12,00	11,59	11,18	10,85	10,51	10,17	9,83	9,49	9,13	8,77	8,41	8,06	7,70	7,34	14,95
21/08/2019 16:30:00	14,61	14,40	14,05	13,69	13,34	13,05	12,75	12,44	12,07	11,71	11,41	11,10	10,80	10,49	10,18	9,84	9,51	9,17	8,83	8,47	8,12	14,88
21/08/2019 16:35:00	14,63	14,28	13,97	13,66	13,32	13,01	12,69	12,36	12,00	11,63	11,31	10,98	10,66	10,33	10,01	9,66	9,32	8,97	8,62	8,26	7,90	14,86
21/08/2019 16:40:00	14,51	14,28	13,95	13,62	13,28	12,97	12,63	12,23	11,94	11,67	11,31	10,96	10,62	10,29	9,96	9,64	9,31	8,98	8,65	8,31	7,96	14,65
21/08/2019 16:45:00	14,53	14,33	13,98	13,62	13,27	12,98	12,67	12,33	11,97	11,61	11,28	10,95	10,63	10,31	9,98	9,65	9,31	8,96	8,62	8,26	7,91	14,55
21/08/2019 16:50:00	14,56	14,37	14,04	13,69	13,34	12,97	12,61	12,27	11,93	11,59	11,25	10,92	10,59	10,26	9,94	9,61	9,27	8,94	8,60	8,26	7,92	14,61
21/08/2019 16:55:00	14,61	14,37	14,07	13,73	13,32	12,93	12,56	12,24	11,87	11,50	11,19	10,88	10,57	10,25	9,94	9,61	9,27	8,94	8,61	8,27	7,93	14,62
21/08/2019 17:00:00	14,59	14,37	14,06	13,75	13,44	13,09	12,72	12,36	12,03	11,69	11,32	10,97	10,62	10,28	9,94	9,59	9,25	8,90	8,56	8,20	7,85	14,71
21/08/2019 17:05:00	14,69	14,31	13,94	13,59	13,27	12,91	12,56	12,22	11,87	11,53	11,24	10,94	10,64	10,34	10,03	9,69	9,36	9,03	8,69	8,34	8,00	14,64
21/08/2019 17:10:00	14,63	14,35	13,93	13,52	13,15	12,78	12,43	12,12	11,76	11,41	11,12	10,84	10,55	10,26	9,96	9,64	9,32	9,00	8,67	8,33	8,00	14,63
21/08/2019 17:15:00	14,61	14,36	13,98	13,60	13,23	12,86	12,51	12,18	11,88	11,58	11,16	10,79	10,42	10,09	9,75	9,43	9,11	8,79	8,46	8,13	7,79	14,63
21/08/2019 17:20:00	14,62	14,36	13,92	13,48	13,08	12,67	12,30	11,96	11,60	11,26	11,01	10,76	10,50	10,23	9,95	9,64	9,33	9,01	8,70	8,37	8,05	14,73
21/08/2019 17:25:00	14,58	14,23	13,84	13,44	13,00	12,65	12,29	11,91	11,61	11,32	10,99	10,67	10,36	10,06	9,76	9,45	9,14	8,83	8,52	8,20	7,88	14,60
21/08/2019 17:30:00	14,44	14,22	13,86	13,50	13,15	12,78	12,42	12,09	11,78	11,49	11,19	10,90	10,61	10,32	10,03	9,71	9,40	9,09	8,77	8,44	8,12	14,49
21/08/2019 17:35:00	14,45	14,12	13,79	13,46	13,14	12,80	12,48	12,18	11,88	11,59	11,32	11,05	10,77	10,49	10,21	9,90	9,59	9,27	8,95	8,62	8,29	14,47
21/08/2019 17:40:00	14,39	14,11	13,77	13,45	13,16	12,89	12,63	12,36	12,08	11,81	11,56	11,31	11,06	10,79	10,52	10,22	9,92	9,60	9,28	8,94	8,61	14,34
21/08/2019 17:45:00	14,31	14,05	13,77	13,51	13,28	13,04	12,75	12,41	12,17	11,94	11,64	11,35	11,05	10,75	10,46	10,14	9,82	9,49	9,16	8,82	8,47	14,20
21/08/2019 17:50:00	14,21	13,96	13,60	13,25	12,93	12,63	12,34	12,05	11,78	11,54	11,33	11,11	10,90	10,65	10,41	10,12	9,83	9,53	9,23	8,91	8,60	14,24
21/08/2019 17:55:00	14,10	13,92	13,65	13,36	13,08	12,76	12,48	12,27	11,90	11,53	11,32	11,07	10,83	10,56	10,29	9,96	9,63	9,30	8,97	8,62	8,28	14,10
21/08/2019 18:00:00	14,10	13,86	13,59	13,35	13,15	12,90	12,63	12,34	12,01	11,69	11,44	11,17	10,89	10,59	10,29	9,96	9,62	9,27	8,92	8,56	8,20	14,05
21/08/2019 18:05:00	14,03	13,86	13,64	13,40	13,13	12,82	12,57	12,39	12,10	11,82	11,60	11,36	11,13	10,87	10,62	10,31	10,01	9,70	9,39	9,06	8,73	14,04
21/08/2019 18:10:00	14,01	13,80	13,63	13,44	13,20	12,99	12,77	12,54	12,30	12,06	11,80	11,53	11,27	10,99	10,72	10,41	10,10	9,78	9,45	9,11	8,77	13,97
21/08/2019 18:15:00	13,86	13,70	13,51	13,29	13,04	12,88	12,68	12,43	12,23	12,04	11,78	11,53	11,27	11,01	10,75	10,46	10,17	9,86	9,55	9,22	8,89	13,87
21/08/2019 18:20:00	13,80	13,68	13,54	13,39	13,21	12,96	12,73	12,54	12,30	12,05	11,84	11,60	11,37	11,11	10,85	10,55	10,24	9,92	9,60	9,26	8,92	13,79
21/08/2019 18:25:00	13,69	13,53	13,40	13,27	13,14	12,97	12,78	12,57	12,36	12,14	11,85	11,55	11,26	10,97	10,67	10,36	10,05	9,72	9,38	9,03	8,68	13,72
21/08/2019 18:30:00	13,66	13,51	13,36	13,20	13,04	12,87	12,64	12,37	12,17	11,96	11,71	11,45	11,18	10,91	10,63	10,32	10,01	9,69	9,36	9,02	8,68	13,57
21/08/2019 18:35:00	13,55	13,36	13,23	13,07	12,85	12,75	12,63	12,46	12,22	12,00	11,84	11,66	11,48	11,25	11,02	10,73	10,44	10,13	9,81	9,47	9,14	13,50
21/08/2019 18:40:00	13,46	13,37	13,25	13,10	12,88	12,72	12,51	12,25	12,10	11,96	11,78	11,59	11,40	11,17	10,95	10,67	10,39	10,10	9,80	9,49	9,18	13,50
21/08/2019 18:45:00	13,52	13,40	13,20	13,01	12,85	12,62	12,41	12,23	12,08	11,94	11,79	11,62	11,46	11,25	11,05	10,78	10,52	10,23	9,94	9,64	9,34	13,54
21/08/2019 18:50:00	13,54	13,32	13,09	12,86	12,67	12,47	12,29	12,12	11,96	11,83	11,73	11,60	11,47	11,29	11,11	10,86	10,60	10,33	10,05	9,75	9,46	13,44
21/08/2019 18:55:00	13,58	13,33	13,12	12,92	12,73	12,51	12,33	12,19	12,01	11,84	11,72	11,57	11,42	11,23	11,03	10,77	10,51	10,22	9,94	9,63	9,32	13,53
21/08/2019 19:00:00	13,65	13,54	13,36	13,15	12,93	12,74	12,54	12,36	12,12	11,91	11,77	11,61	11,45	11,24	11,02	10,74	10,46	10,15	9,85	9,54	9,22	13,57
21/08/2019 19:05:00	13,68	13,56	13,29	13,07	12,93	12,78	12,59	12,35	12,15	11,98	11,80	11,60	11,40	11,17	10,94	10,65	10,37	10,06	9,74	9,41	9,08	13,84
21/08/2019 19:10:00	13,76	13,49	13,31	13,13	12,93	12,71	12,50	12,34	12,07	11,81	11,68	11,50	11,32	11,10	10,87	10,57	10,27	9,96	9,64	9,31	8,98	14,04
21/08/2019 19:15:00	13,66	13,55	13,34	13,12	12,89	12,66	12,41	12,17	11,95	11,74	11,54	11,33	11,12	10,88	10,64	10,35	10,06	9,75	9,45	9,13	8,81	13,86
21/08/2019 19:20:00	13,91	13,69	13,47	13,27	13,08	12,87	12,63	12,39	12,14	11,91	11,72	11,50	11,29	11,04	10,79	10,48	10,17	9,85	9,53	9,19	8,85	13,85
21/08/2019 19:25:00	13,90	13,65	13,45	13,23	12,97	12,80	12,62	12,42	12,23	12,05	11,85	11,65	11,44	11,21	10,99	10,71	10,43	10,14	9,84	9,52	9,20	13,99
21/08/2019 19:30:00	14,00	13,75	13,49	13,25	13,02	12,75	12,51	12,31	12,08	11,89	11,81	11,69	11,57	11,38	11,19	10,92	10,65	10,36	10,06	9,76	9,45	14,27
21/08/2019 19:35:00	14,09	13,66	13,42	13,24	13,12	13,00	12,87	12,74	12,53	12,31	12,11	11,89	11,66	11,42	11,17	10,87	10,58	10,26	9,93	9,58	9,22	14,77
21/08/2019 19:40:00	14,15	13,82	13,54	13,31	13,16	12,98	12,77	12,52	12,29	12,07	11,90	11,70	11,49	11,25	11,01	10,71	10,41	10,08	9,76	9,42	9,07	14,76
21/08/2019 19:45:00	14,12	13,78	13,54	13,32	13,08	12,93	12,74	12,52	12,34	12,18	11,98	11,77	11,56	11,32	11,09	10,81	10,54	10,24	9,93	9,61	9,29	14,77
21/08/2019 19:50:00	14,10	13,92	13,67	13,41	13,14	12,94	12,73	12,51	12,30	12,10	11,90	11,70	11,50	11,27	11,04	10,76	10,48	10,18	9,88	9,56	9,24	14,93
21/08/2019 19:55:00	14,09	13,84	13,53	13,27	13,11	12,95	12,79	12,63	12,45	12,26	12,02	11,79	11,56	11,32	11,08	10,80	10,53	10,22	9,91	9,58	9,24	15,01
21/08/2019 20:00:00	14,06	13,79	13,58	13,36	13,11	12,92	12,70	12,45	12,29	12,12	11,83	11,56	11,29	11,02	10,76	10,47	10,19	9,89	9,59	9,27	8,94	14,74
21/08/2019 20:05:00	13,95	13,86	13,72	13,57	13,39	13,13	12,86	12,61	12,35	12,07	11,79	11,50	11,20	10,90	10,60	10,27	9,94	9,60	9,26	8,90	8,55	13,93
21/08/2019 20:10:00	13,87	13,93	13,72	13,50	13,27	13,05	12,81	12,54	12,27	12,02	11,80	11,56	11,33	11,07	10,80	10,50	10,19	9,86	9,54	9,20	8,86	13,91
21/08/2019 20:15:00	13,76	13,91	13,80	13,62	13,34	13,09	12,83	12,57	12,27	11,99	11,76	11,51	11,26	10,99	10,72	10,40	10,08	9,75	9,42	9,09	8,75	13,32
21/08/2019 20:20:00	13,69	13,83	13,74	13,58	13,34	13,14	12,92	12,67	12,41	12,14	11,86	11,57	11,29	11,00	10,71	10,39	10,07	9,74	9,41	9,07	8,72	13,07
21/08/2019 20:25:00	13,37	13,51	13,42	13,26	13,02	12,74	12,47	12,22	12,00	11,76	11,43	11,12	10,81	10,51	10,21	9,90	9,59	9,28	8,96	8,64	8,31	13,02
21/08/2019 20:30:00	13,04	13,11	13,03	12,90	12,68	12,45	12,24	12,04	11,78	11,50	11,18	10,87	10,56	10,25	9,95	9,63	9,31	8,99	8,66	8,33	7,99	13,02
21/08/2019 20:35:00	12,95	13,04	12,99	12,89	12,73	12,54	12,30	12,03	11,77	11,50	11,22	10,93	10,63	10,33	10,02	9,69	9,36	9,02	8,68	8,33	7,98	12,70
21/08/2019 20:40:00	12,97	13,03	13,05	12,98	12,76	12,60	12,40	12,18	11,86	11,52	11,18	10,84	10,50	10,16	9,82	9,47	9,12	8,77	8,42	8,05	7,69	12,59
21/08/2019 20:45:00	12,59	12,82	12,83	12,76	12,56	12,34	12,06	11,73	11,47	11,20	10,86	10,52	10,19	9,86	9,52	9,18	8,84	8,50	8,17	7,82	7,48	12,52
21/08/2019 20:50:00	12,55	12,83	12,86	12,79	12,59	12,39	12,16	11,91	11,62	11,30	10,95	10,59	10,24	9,90	9,56	9,22	8,88	8,54	8,20	7,84	7,49	12,40
21/08/2019 20:55:00	12,31	12,55	12,64	12,64	12,50	12,22	11,95	11,71	11,39	11,06	10,72	10,37	10,02	9,67	9,32	8,97	8,61	8,26	7,91	7,55	7,20	12,31
21/08/2019 21:00:00	12,28	12,64	12,75	12,76	12,61	12,41	12,16	11,87	11,61	11,31	10,94	10,57	10,20	9,84	9,48	9,13	8,77	8,42	8,07	7,71	7,35	12,30
21/08/2019 21:05:00	12,38	12,82	12,94	12,91	12,68	12,39	12,10	11,81	11,50	11,16	10,77	10,39	10,01	9,65	9,28	8,93	8,57	8,22	7,88	7,53	7,18	12,19
21/08/2019 21:10:00	12,22	12,85	12,89	12,79	12,53	12,23	11,90	11,55	11,20	10,86	10,54	10,22	9,89	9,56	9,23	8,87	8,52	8,18	7,84	7,50	7,16	12,16
21/08/2019 21:15:00	12,13	12,84	12,91	12,82	12,55	12,26	11,95	11,64	11,31	10,98	10,64	10,31	9,98	9,64	9,31	8,97	8,62	8,29	7,96	7,63	7,30	12,08
21/08/2019 21:20:00	12,13	12,80	12,90	12,85	12,64	12,38	12,07	11,72	11,42	11,10	10,70	10,32	9,94	9,58	9,21	8,85	8,49	8,15	7,80	7,46	7,11	12,07
21/08/2019 21:25:00	12,17	12,79	12,88	12,81	12,58	12,35	12,08	11,77	11,49	11,18	10,74	10,34	9,94	9,57	9,20	8,86	8,51	8,17	7,83	7,49	7,15	12,27
21/08/2019 21:30:00	12,32	13,01	13,10	13,02	12,77	12,45	12,12	11,80	11,44	11,07	10,65	10,25	9,86	9,48	9,10	8,73	8,36	8,01	7,66	7,31	6,96	12,25
21/08/2019 21:35:00	12,28	13,00	13,08	12,99	12,71	12,44	12,13	11,79	11,41	11,04	10,71	10,37	10,03	9,69	9,34	8,98	8,62	8,27	7,92	7,57	7,22	12,15
21/08/2019 21:40:00	12,25	12,96	12,99	12,88	12,64	12,36	12,06	11,72	11,35	11,00	10,67	10,34	10,01	9,67	9,33	8,97	8,61	8,27	7,92	7,57	7,23	12,05
21/08/2019 21:45:00	12,30	12,99	13,07	12,99	12,73	12,43	12,10	11,74	11,38	11,02	10,69	10,36	10,02	9,67	9,33	8,96	8,60	8,25	7,90	7,56	7,21	12,25
21/08/2019 21:50:00	12,20	12,83	12,91	12,88	12,71	12,44	12,15	11,83	11,48	11,12	10,76	10,40	10,04	9,68	9,32	8,95	8,57	8,21	7,85	7,49	7,13	12,02
21/08/2019 21:55:00	11,94	12,61	12,80	12,83	12,68	12,45	12,17	11,86	11,54	11,19	10,79	10,39	9,99	9,60	9,22	8,84	8,47	8,11	7,75	7,38	7,02	11,83
21/08/2019 22:00:00	11,84	12,60	12,68	12,64	12,49	12,31	12,03	11,66	11,33	10,98	10,57	10,16	9,76	9,38	8,99	8,61	8,24	7,87	7,50	7,13	6,76	11,88
21/08/2019 22:05:00	12,03	12,80	12,92	12,88	12,66	12,37	12,06	11,75	11,37	10,98	10,55	10,14	9,73	9,34	8,94	8,57	8,19	7,83	7,47	7,11	6,75	11,84
21/08/2019 22:10:00	11,85	12,67	12,76	12,71	12,49	12,24	11,94	11,61	11,26	10,90	10,50	10,12	9,74	9,37	9,00	8,64	8,27	7,92	7,57	7,21	6,86	11,85
21/08/2019 22:15:00	11,94	12,82	12,84	12,72	12,49	12,14	11,82	11,53	11,14	10,78	10,48	10,17	9,86	9,54	9,22	8,86	8,51	8,17	7,84	7,50	7,17	11,88
21/08/2019 22:20:00	12,05	12,80	12,82	12,69	12,41	12,02	11,65	11,30	11,01	10,69	10,29	9,92	9,55	9,20	8,85	8,52	8,18	7,86	7,54	7,22	6,91	11,94
21/08/2019 22:25:00	12,08	12,86	12,88	12,73	12,42	12,05	11,70	11,36	10,96	10,58	10,24	9,90	9,57	9,22	8,88	8,53	8,17	7,83	7,50	7,17	6,84	12,15
21/08/2019 22:30:00	12,13	13,03	13,03	12,86	12,54	12,15	11,78	11,40	11,02	10,63	10,25	9,88	9,52	9,16	8,80	8,44	8,08	7,75	7,41	7,08	6,75	12,03
21/08/2019 22:35:00	12,29	13,05	13,03	12,88	12,65	12,29	11,92	11,56	11,19	10,81	10,38	9,97	9,57	9,18	8,80	8,43	8,06	7,71	7,36	7,02	6,67	12,27
21/08/2019 22:40:00	12,27	13,14	13,20	13,06	12,68	12,31	11,92	11,52	11,13	10,74	10,29	9,89	9,48	9,09	8,71	8,34	7,97	7,63	7,28	6,95	6,61	12,11
21/08/2019 22:45:00	12,22	12,97	12,91	12,71	12,40	12,00	11,62	11,26	10,85	10,44	10,07	9,71	9,35	9,00	8,64	8,28	7,92	7,58	7,24	6,90	6,57	12,12
21/08/2019 22:50:00	11,97	12,89	12,87	12,72	12,47	12,12	11,73	11,32	10,93	10,54	10,10	9,69	9,28	8,89	8,50	8,13	7,75	7,39	7,04	6,69	6,34	11,95
21/08/2019 22:55:00	12,18	12,94	12,89	12,70	12,38	12,03	11,65	11,25	10,84	10,46	10,14	9,81	9,49	9,15	8,81	8,45	8,09	7,75	7,41	7,07	6,74	11,83
21/08/2019 23:00:00	11,95	12,97	12,96	12,79	12,46	12,16	11,76	11,28	10,90	10,52	10,12	9,74	9,36	8,99	8,61	8,24	7,87	7,52	7,17	6,83	6,49	11,90
21/08/2019 23:05:00	11,61	12,76	12,87	12,77	12,45	12,03	11,64	11,28	10,87	10,46	10,04	9,64	9,24	8,87	8,49	8,12	7,75	7,41	7,06	6,74	6,41	11,85
21/08/2019 23:10:00	11,28	12,39	12,61	12,65	12,49	12,10	11,75	11,42	10,99	10,58	10,20	9,82	9,43	9,04	8,66	8,26	7,86	7,50	7,13	6,78	6,42	11,50
21/08/2019 23:15:00	11,11	12,05	12,39	12,55	12,47	12,27	12,01	11,71	11,32	10,91	10,46	10,01	9,56	9,13	8,70	8,29	7,87	7,48	7,09	6,70	6,31	11,57
21/08/2019 23:20:00	11,11	12,03	12,43	12,62	12,54	12,29	12,01	11,72	11,35	10,93	10,43	9,93	9,44	8,99	8,53	8,12	7,70	7,31	6,92	6,53	6,14	11,73
21/08/2019 23:25:00	11,48	12,36	12,57	12,61	12,48	12,19	11,89	11,59	11,26	10,92	10,57	10,21	9,86	9,50	9,14	8,77	8,40	8,05	7,70	7,35	7,00	11,60
21/08/2019 23:30:00	11,58	12,37	12,64	12,75	12,69	12,49	12,24	11,96	11,68	11,38	11,04	10,69	10,34	9,99	9,63	9,26	8,89	8,54	8,18	7,82	7,45	11,53
21/08/2019 23:35:00	11,51	12,31	12,61	12,74	12,68	12,52	12,30	12,01	11,67	11,31	10,93	10,53	10,13	9,73	9,34	8,94	8,55	8,17	7,79	7,40	7,01	11,50
21/08/2019 23:40:00	11,62	12,51	12,73	12,80	12,71	12,48	12,22	11,96	11,62	11,26	10,89	10,52	10,14	9,77	9,40	9,02	8,64	8,28	7,91	7,54	7,17	11,53
21/08/2019 23:45:00	12,10	12,77	12,86	12,84	12,69	12,46	12,16	11,80	11,48	11,14	10,75	10,36	9,97	9,59	9,21	8,84	8,46	8,10	7,73	7,37	7,00	11,66
21/08/2019 23:50:00	12,30	13,09	12,96	12,76	12,51	12,19	11,85	11,50	11,19	10,87	10,51	10,18	9,84	9,52	9,19	8,85	8,52	8,19	7,86	7,53	7,21	11,33
21/08/2019 23:55:00	12,50	13,05	12,91	12,74	12,59	12,34	12,05	11,72	11,39	11,06	10,72	10,38	10,04	9,71	9,37	9,02	8,67	8,32	7,97	7,61	7,26	12,06
