FileFormat:0002.2 file with temperature of atmosphere
SN105HE102
local	GMT or Local
0	GMT-Local=[hours]
0	Height[m]
0	0	0	Longitude                [grd]               [min]               [sec]
0	0	0	Latitude                [grd]               [min]               [sec]
N	NS
56,45	Freq[GHz]
0,00	dTemostat[K]
0,150	MessErr[K]
0,248	//[grad/step]
version 14.4.20120406
MTP5HE102F5645K-38.60I70D219217+A1.1
Commentary:
SN105HE102
парабола ДНА = 2,5 град
НЕ102 - ПУ - ХВБ с ЦСД " S "
АЦП - 202 - 09 с контр.U пит.и М
оптопара серии - 2
Т out № 178 пл
БП LPS - 112
End Of Commentary

SYSTEM\alaska.dat
data time	0	50	100	150	200	250	300	350	400	450	500	550	600	650	700	750	800	850	900	950	1000	OutsideTemperature
14/03/2020 00:00:00	0,92	1,09	0,99	0,85	0,76	0,75	0,81	0,89	0,93	0,91	0,89	0,93	0,97	1,01	1,05	1,03	1,00	0,90	0,81	0,66	0,51	0,58
14/03/2020 00:05:00	0,84	0,97	0,93	0,87	0,85	0,86	0,94	1,04	1,10	1,06	1,02	1,04	1,05	1,09	1,12	1,09	1,06	0,97	0,88	0,73	0,58	0,60
14/03/2020 00:10:00	0,53	0,73	0,68	0,64	0,64	0,60	0,69	0,77	0,75	0,76	0,79	0,85	0,91	0,97	1,02	0,99	0,96	0,86	0,77	0,62	0,47	0,58
14/03/2020 00:15:00	0,51	0,67	0,72	0,73	0,71	0,65	0,66	0,70	0,70	0,67	0,65	0,70	0,76	0,83	0,90	0,90	0,90	0,83	0,77	0,63	0,50	0,39
14/03/2020 00:20:00	0,44	0,68	0,52	0,35	0,31	0,27	0,33	0,46	0,58	0,61	0,64	0,71	0,78	0,85	0,91	0,90	0,89	0,80	0,72	0,58	0,43	0,45
14/03/2020 00:25:00	0,51	0,65	0,58	0,42	0,31	0,29	0,30	0,37	0,47	0,52	0,58	0,71	0,84	0,96	1,09	1,11	1,13	1,08	1,04	0,91	0,78	0,15
14/03/2020 00:30:00	0,39	0,49	0,36	0,12	-0,01	0,09	0,28	0,48	0,56	0,69	0,83	1,00	1,18	1,30	1,43	1,44	1,44	1,37	1,30	1,15	1,01	0,53
14/03/2020 00:35:00	0,38	0,54	0,39	0,19	0,10	0,16	0,30	0,50	0,66	0,73	0,79	0,91	1,03	1,13	1,23	1,23	1,24	1,17	1,11	0,97	0,83	0,19
14/03/2020 00:40:00	0,37	0,38	0,23	0,12	0,13	0,20	0,36	0,57	0,75	0,82	0,87	0,97	1,07	1,15	1,24	1,23	1,23	1,15	1,08	0,94	0,80	0,11
14/03/2020 00:45:00	0,24	0,31	0,35	0,32	0,32	0,39	0,51	0,62	0,69	0,72	0,76	0,85	0,95	1,04	1,13	1,12	1,12	1,05	0,99	0,85	0,71	0,13
14/03/2020 00:50:00	0,30	0,18	0,11	0,04	0,05	0,15	0,35	0,56	0,69	0,75	0,81	0,91	1,02	1,12	1,21	1,22	1,22	1,15	1,09	0,96	0,82	-0,03
14/03/2020 00:55:00	0,25	0,19	0,12	0,09	0,15	0,25	0,41	0,58	0,72	0,79	0,84	0,94	1,04	1,12	1,21	1,20	1,19	1,12	1,04	0,91	0,77	0,26
14/03/2020 01:00:00	0,14	0,19	-0,03	-0,24	-0,21	0,00	0,31	0,67	0,94	1,00	1,00	1,03	1,06	1,07	1,08	1,04	0,99	0,87	0,76	0,59	0,43	0,04
14/03/2020 01:05:00	0,03	-0,02	-0,19	-0,29	-0,22	-0,04	0,20	0,45	0,61	0,68	0,73	0,79	0,85	0,89	0,92	0,88	0,84	0,73	0,62	0,47	0,31	-0,17
14/03/2020 01:10:00	0,01	-0,05	-0,20	-0,38	-0,41	-0,33	-0,14	0,08	0,25	0,38	0,51	0,68	0,85	0,99	1,12	1,14	1,16	1,11	1,06	0,93	0,80	-0,31
14/03/2020 01:15:00	0,01	-0,15	-0,30	-0,41	-0,34	-0,07	0,29	0,64	0,88	0,94	0,96	1,00	1,05	1,08	1,11	1,08	1,04	0,94	0,83	0,68	0,52	-0,18
14/03/2020 01:20:00	0,16	0,03	-0,21	-0,40	-0,39	-0,28	-0,02	0,29	0,53	0,61	0,66	0,75	0,84	0,91	0,99	0,98	0,98	0,90	0,82	0,68	0,54	-0,06
14/03/2020 01:25:00	0,02	-0,09	-0,25	-0,36	-0,34	-0,18	0,04	0,27	0,42	0,53	0,62	0,73	0,85	0,94	1,03	1,02	1,01	0,93	0,85	0,71	0,57	0,08
14/03/2020 01:30:00	-0,07	-0,05	-0,21	-0,34	-0,30	-0,14	0,08	0,34	0,58	0,65	0,70	0,78	0,86	0,92	0,99	0,97	0,95	0,87	0,78	0,63	0,49	-0,04
14/03/2020 01:35:00	-0,07	0,01	-0,08	-0,20	-0,19	-0,07	0,15	0,36	0,45	0,55	0,65	0,77	0,88	0,96	1,04	1,01	0,99	0,89	0,80	0,65	0,50	-0,18
14/03/2020 01:40:00	-0,06	0,04	-0,09	-0,24	-0,27	-0,16	0,00	0,19	0,33	0,42	0,51	0,63	0,75	0,85	0,94	0,93	0,93	0,85	0,77	0,63	0,49	-0,20
14/03/2020 01:45:00	0,00	0,13	-0,02	-0,16	-0,17	-0,09	0,04	0,21	0,33	0,42	0,51	0,62	0,73	0,82	0,90	0,88	0,87	0,78	0,70	0,55	0,41	-0,01
14/03/2020 01:50:00	-0,07	0,12	-0,17	-0,52	-0,65	-0,57	-0,28	0,07	0,32	0,42	0,50	0,63	0,75	0,85	0,95	0,96	0,97	0,89	0,81	0,67	0,52	0,06
14/03/2020 01:55:00	-0,08	0,10	-0,09	-0,39	-0,57	-0,51	-0,32	-0,09	0,03	0,16	0,30	0,49	0,67	0,82	0,97	0,99	1,02	0,97	0,91	0,78	0,64	-0,21
14/03/2020 02:00:00	-0,30	-0,27	-0,30	-0,13	0,18	0,44	0,68	0,89	1,03	1,00	0,92	0,83	0,74	0,65	0,57	0,45	0,33	0,17	0,01	-0,18	-0,36	-0,21
14/03/2020 02:05:00	-0,37	-0,38	-0,31	-0,19	0,01	0,29	0,56	0,77	0,86	0,89	0,91	0,92	0,94	0,94	0,93	0,86	0,79	0,66	0,54	0,37	0,21	-0,50
14/03/2020 02:10:00	-0,36	0,00	0,04	-0,01	-0,01	0,11	0,27	0,46	0,57	0,62	0,67	0,77	0,86	0,94	1,03	1,02	1,01	0,93	0,86	0,71	0,57	-0,49
14/03/2020 02:15:00	-0,43	-0,38	-0,30	-0,20	-0,05	0,17	0,42	0,64	0,77	0,77	0,74	0,74	0,75	0,76	0,77	0,72	0,67	0,56	0,46	0,30	0,15	-0,40
14/03/2020 02:20:00	-0,33	-0,12	-0,25	-0,37	-0,32	-0,11	0,09	0,33	0,53	0,64	0,72	0,81	0,90	0,96	1,02	0,99	0,95	0,85	0,75	0,59	0,43	-0,76
14/03/2020 02:25:00	-0,49	-0,24	-0,12	-0,12	-0,14	-0,07	0,04	0,14	0,17	0,24	0,33	0,48	0,63	0,76	0,88	0,90	0,92	0,86	0,81	0,68	0,56	-0,77
14/03/2020 02:30:00	-0,33	-0,20	-0,18	-0,16	-0,08	0,08	0,21	0,36	0,48	0,54	0,60	0,69	0,78	0,85	0,92	0,90	0,88	0,79	0,71	0,57	0,43	-0,69
14/03/2020 02:35:00	-0,36	-0,10	-0,03	0,01	0,07	0,14	0,27	0,38	0,40	0,45	0,51	0,59	0,68	0,74	0,81	0,79	0,76	0,67	0,59	0,44	0,30	-0,53
14/03/2020 02:40:00	-0,48	-0,01	-0,07	-0,23	-0,26	-0,10	0,08	0,33	0,53	0,63	0,71	0,82	0,94	1,03	1,12	1,11	1,10	1,01	0,93	0,78	0,63	-0,49
14/03/2020 02:45:00	-0,42	-0,05	-0,10	-0,26	-0,29	-0,17	0,19	0,55	0,74	0,78	0,80	0,88	0,95	1,01	1,07	1,05	1,04	0,95	0,85	0,69	0,54	-0,56
14/03/2020 02:50:00	-0,50	-0,16	-0,13	-0,19	-0,19	-0,11	0,06	0,25	0,37	0,45	0,55	0,69	0,82	0,94	1,05	1,05	1,06	0,99	0,93	0,79	0,65	-0,86
14/03/2020 02:55:00	-0,65	-0,28	-0,22	-0,23	-0,15	0,08	0,34	0,60	0,77	0,78	0,77	0,80	0,82	0,83	0,85	0,80	0,76	0,64	0,53	0,37	0,20	-0,95
14/03/2020 03:00:00	-0,75	-0,28	-0,32	-0,43	-0,41	-0,25	0,03	0,38	0,65	0,72	0,76	0,86	0,96	1,04	1,12	1,12	1,12	1,04	0,96	0,81	0,66	-1,04
14/03/2020 03:05:00	-0,88	-0,38	-0,24	-0,21	-0,20	-0,23	-0,12	0,04	0,17	0,27	0,40	0,60	0,80	0,97	1,15	1,21	1,26	1,24	1,23	1,11	1,00	-1,13
14/03/2020 03:10:00	-0,83	-0,30	-0,16	-0,15	-0,13	0,00	0,11	0,25	0,32	0,44	0,58	0,75	0,92	1,05	1,19	1,19	1,20	1,14	1,08	0,94	0,80	-1,18
14/03/2020 03:15:00	-0,74	-0,34	-0,33	-0,32	-0,19	-0,04	0,24	0,53	0,71	0,77	0,80	0,86	0,92	0,96	1,00	0,96	0,92	0,82	0,71	0,55	0,40	-1,31
14/03/2020 03:20:00	-0,79	-0,33	-0,21	-0,18	-0,13	0,01	0,23	0,46	0,62	0,63	0,62	0,68	0,74	0,79	0,85	0,84	0,83	0,75	0,67	0,52	0,38	-1,28
14/03/2020 03:25:00	-0,89	-0,48	-0,26	-0,09	0,05	0,17	0,26	0,35	0,42	0,41	0,40	0,43	0,47	0,51	0,55	0,53	0,50	0,41	0,32	0,18	0,04	-1,46
14/03/2020 03:30:00	-0,89	-0,45	-0,30	-0,24	-0,17	-0,03	0,09	0,22	0,30	0,36	0,42	0,53	0,63	0,71	0,80	0,79	0,77	0,70	0,62	0,48	0,34	-1,46
14/03/2020 03:35:00	-1,18	-0,73	-0,59	-0,54	-0,50	-0,41	-0,31	-0,17	-0,07	-0,08	-0,09	-0,03	0,03	0,09	0,16	0,16	0,16	0,10	0,03	-0,11	-0,24	-1,41
14/03/2020 03:40:00	-1,41	-0,99	-0,77	-0,63	-0,58	-0,57	-0,51	-0,50	-0,58	-0,57	-0,53	-0,45	-0,37	-0,29	-0,21	-0,22	-0,23	-0,30	-0,37	-0,50	-0,63	-1,46
14/03/2020 03:45:00	-1,33	-0,89	-0,84	-0,78	-0,63	-0,47	-0,28	-0,11	-0,03	0,00	0,01	0,02	0,04	0,04	0,04	-0,02	-0,09	-0,21	-0,34	-0,50	-0,66	-1,36
14/03/2020 03:50:00	-1,40	-1,21	-0,80	-0,48	-0,29	-0,04	-0,04	-0,12	-0,22	-0,32	-0,41	-0,47	-0,53	-0,55	-0,57	-0,64	-0,71	-0,81	-0,92	-1,07	-1,21	-1,22
14/03/2020 03:55:00	-1,40	-0,92	-0,64	-0,54	-0,51	-0,39	-0,37	-0,32	-0,25	-0,32	-0,38	-0,35	-0,33	-0,27	-0,21	-0,21	-0,21	-0,28	-0,34	-0,47	-0,59	-1,27
14/03/2020 04:00:00	-1,25	-0,89	-0,60	-0,39	-0,28	-0,20	-0,26	-0,32	-0,36	-0,40	-0,41	-0,37	-0,33	-0,26	-0,20	-0,22	-0,24	-0,31	-0,38	-0,51	-0,64	-1,37
14/03/2020 04:05:00	-1,21	-0,78	-0,59	-0,44	-0,35	-0,30	-0,39	-0,46	-0,48	-0,52	-0,55	-0,53	-0,51	-0,47	-0,43	-0,45	-0,48	-0,56	-0,65	-0,78	-0,91	-1,14
14/03/2020 04:10:00	-1,19	-0,77	-0,53	-0,39	-0,34	-0,32	-0,33	-0,34	-0,36	-0,42	-0,47	-0,44	-0,41	-0,35	-0,29	-0,30	-0,31	-0,37	-0,44	-0,56	-0,69	-1,23
14/03/2020 04:15:00	-1,12	-0,71	-0,45	-0,22	-0,08	-0,07	0,02	0,02	-0,09	-0,11	-0,11	-0,08	-0,06	-0,02	0,01	-0,03	-0,08	-0,18	-0,27	-0,41	-0,56	-1,11
14/03/2020 04:20:00	-1,10	-0,83	-0,41	-0,04	0,15	0,18	0,07	-0,14	-0,36	-0,49	-0,61	-0,67	-0,74	-0,76	-0,78	-0,84	-0,91	-1,01	-1,11	-1,25	-1,39	-0,99
14/03/2020 04:25:00	-1,39	-1,08	-0,73	-0,40	-0,17	-0,05	-0,01	-0,02	-0,08	-0,19	-0,30	-0,37	-0,44	-0,46	-0,49	-0,55	-0,61	-0,71	-0,82	-0,96	-1,11	-1,27
14/03/2020 04:30:00	-1,51	-1,35	-0,93	-0,50	-0,20	-0,04	0,02	0,01	-0,01	-0,18	-0,37	-0,49	-0,60	-0,65	-0,70	-0,77	-0,83	-0,94	-1,04	-1,18	-1,32	-1,58
14/03/2020 04:35:00	-1,65	-1,27	-0,93	-0,62	-0,45	-0,47	-0,41	-0,39	-0,42	-0,47	-0,50	-0,45	-0,40	-0,33	-0,25	-0,25	-0,25	-0,30	-0,35	-0,47	-0,59	-1,90
14/03/2020 04:40:00	-1,96	-1,45	-1,02	-0,60	-0,31	-0,16	-0,13	-0,13	-0,14	-0,21	-0,28	-0,30	-0,33	-0,33	-0,33	-0,38	-0,44	-0,54	-0,63	-0,78	-0,92	-1,90
14/03/2020 04:45:00	-2,11	-1,47	-0,89	-0,33	0,07	0,30	0,40	0,39	0,29	0,13	-0,03	-0,17	-0,32	-0,41	-0,51	-0,63	-0,74	-0,89	-1,04	-1,21	-1,38	-2,37
14/03/2020 04:50:00	-2,11	-1,31	-0,75	-0,31	-0,04	0,09	0,14	0,12	0,04	-0,07	-0,17	-0,23	-0,28	-0,31	-0,33	-0,39	-0,46	-0,57	-0,68	-0,83	-0,98	-2,34
14/03/2020 04:55:00	-2,18	-1,60	-0,83	-0,09	0,38	0,60	0,60	0,44	0,21	-0,03	-0,28	-0,49	-0,71	-0,85	-1,00	-1,14	-1,28	-1,43	-1,59	-1,76	-1,93	-2,42
14/03/2020 05:00:00	-2,31	-1,48	-0,88	-0,32	0,06	0,23	0,31	0,27	0,13	-0,01	-0,17	-0,31	-0,44	-0,54	-0,64	-0,76	-0,88	-1,03	-1,18	-1,36	-1,53	-2,43
14/03/2020 05:05:00	-2,32	-1,44	-0,65	0,07	0,51	0,68	0,69	0,56	0,36	0,11	-0,15	-0,36	-0,57	-0,71	-0,84	-0,97	-1,11	-1,26	-1,42	-1,59	-1,76	-2,71
14/03/2020 05:10:00	-2,25	-1,60	-0,95	-0,33	0,06	0,15	0,19	0,11	-0,05	-0,14	-0,23	-0,27	-0,31	-0,32	-0,33	-0,40	-0,47	-0,57	-0,66	-0,81	-0,95	-2,43
14/03/2020 05:15:00	-2,14	-1,10	-0,09	0,62	0,82	0,66	0,32	-0,11	-0,48	-0,76	-0,96	-1,03	-1,10	-1,07	-1,03	-1,04	-1,05	-1,09	-1,13	-1,23	-1,34	-2,23
14/03/2020 05:20:00	-2,09	-1,16	-0,37	0,33	0,72	0,78	0,66	0,41	0,14	-0,09	-0,29	-0,46	-0,62	-0,72	-0,82	-0,93	-1,05	-1,19	-1,32	-1,48	-1,64	-2,17
14/03/2020 05:25:00	-2,12	-1,33	-0,51	0,31	0,81	0,97	0,82	0,59	0,41	0,14	-0,12	-0,33	-0,54	-0,67	-0,80	-0,93	-1,05	-1,19	-1,33	-1,49	-1,65	-2,29
14/03/2020 05:30:00	-1,93	-1,10	-0,15	0,66	1,02	1,01	0,73	0,34	0,01	-0,29	-0,54	-0,71	-0,87	-0,94	-1,00	-1,08	-1,15	-1,25	-1,34	-1,47	-1,61	-2,42
14/03/2020 05:35:00	-2,00	-1,45	-0,41	0,61	1,17	1,24	1,06	0,67	0,27	-0,05	-0,35	-0,59	-0,83	-0,96	-1,10	-1,22	-1,35	-1,48	-1,60	-1,75	-1,90	-2,37
14/03/2020 05:40:00	-2,23	-1,24	-0,37	0,36	0,78	0,92	0,88	0,68	0,42	0,14	-0,13	-0,36	-0,59	-0,74	-0,89	-1,03	-1,17	-1,33	-1,49	-1,66	-1,84	-2,44
14/03/2020 05:45:00	-1,91	-1,11	-0,37	0,25	0,58	0,66	0,60	0,46	0,31	0,08	-0,14	-0,28	-0,42	-0,49	-0,55	-0,63	-0,70	-0,81	-0,92	-1,06	-1,21	-2,18
14/03/2020 05:50:00	-1,95	-0,70	0,21	0,86	1,05	0,88	0,54	0,13	-0,22	-0,46	-0,64	-0,72	-0,79	-0,78	-0,77	-0,80	-0,84	-0,90	-0,97	-1,09	-1,21	-2,21
14/03/2020 05:55:00	-1,81	-0,68	0,30	1,08	1,38	1,19	0,92	0,57	0,25	0,01	-0,15	-0,21	-0,28	-0,25	-0,23	-0,26	-0,29	-0,34	-0,39	-0,51	-0,63	-2,41
14/03/2020 06:00:00	-1,86	-0,59	0,20	0,97	1,50	1,59	1,58	1,47	1,32	1,02	0,70	0,41	0,12	-0,09	-0,31	-0,48	-0,66	-0,86	-1,06	-1,26	-1,45	-2,29
14/03/2020 06:05:00	-2,16	-0,77	0,17	0,84	1,08	1,00	0,88	0,64	0,35	0,14	-0,02	-0,09	-0,16	-0,17	-0,18	-0,23	-0,28	-0,37	-0,46	-0,60	-0,74	-3,00
14/03/2020 06:10:00	-2,21	-0,81	-0,16	0,34	0,65	0,80	0,87	0,87	0,78	0,67	0,56	0,48	0,40	0,33	0,26	0,15	0,05	-0,11	-0,26	-0,44	-0,62	-2,17
14/03/2020 06:15:00	-2,23	-0,97	-0,14	0,56	1,02	1,25	1,28	1,18	0,99	0,82	0,63	0,45	0,27	0,13	-0,01	-0,17	-0,32	-0,51	-0,69	-0,88	-1,07	-2,27
14/03/2020 06:20:00	-2,06	-0,65	0,35	1,17	1,52	1,43	1,20	0,85	0,47	0,20	-0,03	-0,19	-0,34	-0,42	-0,50	-0,60	-0,70	-0,82	-0,94	-1,10	-1,25	-2,47
14/03/2020 06:25:00	-2,38	-1,12	0,12	1,21	1,77	1,76	1,48	1,05	0,66	0,37	0,13	-0,05	-0,23	-0,32	-0,41	-0,52	-0,63	-0,75	-0,86	-1,01	-1,15	-2,96
14/03/2020 06:30:00	-2,35	-0,93	0,26	1,25	1,79	1,89	1,75	1,46	1,14	0,76	0,39	0,09	-0,21	-0,40	-0,59	-0,75	-0,91	-1,08	-1,25	-1,42	-1,60	-3,53
14/03/2020 06:35:00	-2,38	-0,93	0,16	1,04	1,45	1,38	1,20	0,90	0,58	0,34	0,14	0,02	-0,10	-0,15	-0,20	-0,28	-0,36	-0,46	-0,57	-0,71	-0,86	-3,58
14/03/2020 06:40:00	-2,64	-1,50	-0,31	0,77	1,41	1,60	1,46	1,15	0,84	0,55	0,28	0,05	-0,19	-0,34	-0,49	-0,64	-0,79	-0,95	-1,10	-1,27	-1,44	-3,22
14/03/2020 06:45:00	-2,94	-1,87	-0,87	0,11	0,75	0,95	0,99	0,87	0,71	0,55	0,39	0,26	0,12	0,04	-0,05	-0,17	-0,29	-0,43	-0,56	-0,72	-0,88	-3,61
14/03/2020 06:50:00	-2,99	-1,90	-0,95	-0,10	0,41	0,57	0,60	0,47	0,28	0,09	-0,10	-0,24	-0,38	-0,47	-0,56	-0,67	-0,79	-0,92	-1,05	-1,21	-1,37	-3,82
14/03/2020 06:55:00	-2,60	-1,76	-0,86	0,02	0,63	0,89	0,95	0,85	0,68	0,50	0,32	0,14	-0,04	-0,17	-0,30	-0,44	-0,58	-0,74	-0,90	-1,07	-1,25	-3,58
14/03/2020 07:00:00	-2,17	-1,17	-0,09	0,92	1,54	1,76	1,67	1,40	1,11	0,74	0,37	0,04	-0,30	-0,53	-0,76	-0,94	-1,13	-1,32	-1,52	-1,70	-1,89	-3,26
14/03/2020 07:05:00	-2,12	-1,28	-0,30	0,62	1,19	1,41	1,36	1,12	0,83	0,54	0,26	-0,01	-0,27	-0,45	-0,63	-0,80	-0,97	-1,15	-1,32	-1,50	-1,68	-3,07
14/03/2020 07:10:00	-2,13	-1,68	-0,96	-0,12	0,55	0,95	1,07	1,02	0,91	0,70	0,44	0,17	-0,10	-0,32	-0,53	-0,73	-0,93	-1,13	-1,34	-1,53	-1,73	-3,24
14/03/2020 07:15:00	-2,17	-1,63	-1,12	-0,49	0,08	0,49	0,69	0,74	0,68	0,55	0,36	0,14	-0,08	-0,28	-0,48	-0,67	-0,87	-1,09	-1,30	-1,51	-1,71	-3,04
14/03/2020 07:20:00	-2,19	-1,75	-1,05	-0,25	0,34	0,66	0,82	0,81	0,72	0,47	0,19	-0,07	-0,33	-0,51	-0,69	-0,85	-1,00	-1,18	-1,35	-1,53	-1,71	-3,28
14/03/2020 07:25:00	-2,17	-1,75	-0,91	0,00	0,60	0,82	0,76	0,57	0,40	0,15	-0,10	-0,30	-0,51	-0,63	-0,76	-0,88	-1,00	-1,14	-1,27	-1,42	-1,58	-3,35
14/03/2020 07:30:00	-2,18	-1,90	-1,28	-0,56	0,04	0,46	0,67	0,69	0,57	0,33	0,05	-0,25	-0,54	-0,77	-1,00	-1,20	-1,40	-1,61	-1,82	-2,02	-2,21	-2,81
14/03/2020 07:35:00	-2,30	-1,74	-1,14	-0,61	-0,24	0,04	0,12	0,10	0,05	-0,17	-0,41	-0,60	-0,79	-0,91	-1,04	-1,15	-1,26	-1,41	-1,55	-1,72	-1,88	-3,04
14/03/2020 07:40:00	-2,24	-1,73	-1,20	-0,67	-0,33	-0,27	-0,23	-0,30	-0,43	-0,62	-0,80	-0,93	-1,06	-1,12	-1,19	-1,27	-1,35	-1,46	-1,57	-1,72	-1,87	-2,64
14/03/2020 07:45:00	-2,19	-1,78	-1,17	-0,56	-0,15	0,08	0,08	-0,04	-0,20	-0,39	-0,60	-0,77	-0,94	-1,04	-1,15	-1,26	-1,38	-1,51	-1,65	-1,81	-1,97	-2,83
14/03/2020 07:50:00	-2,12	-1,46	-0,83	-0,27	0,04	0,12	0,11	-0,04	-0,27	-0,45	-0,62	-0,75	-0,87	-0,94	-1,00	-1,10	-1,19	-1,31	-1,43	-1,58	-1,73	-2,51
14/03/2020 07:55:00	-1,92	-1,38	-0,71	-0,08	0,29	0,35	0,32	0,20	0,07	-0,21	-0,50	-0,69	-0,88	-0,98	-1,07	-1,15	-1,23	-1,34	-1,45	-1,60	-1,74	-2,59
14/03/2020 08:00:00	-1,96	-1,42	-0,76	-0,03	0,49	0,73	0,66	0,45	0,22	-0,06	-0,37	-0,68	-0,99	-1,21	-1,43	-1,62	-1,81	-2,01	-2,21	-2,39	-2,58	-2,14
14/03/2020 08:05:00	-1,96	-1,38	-0,85	-0,40	-0,11	0,07	0,10	0,02	-0,14	-0,34	-0,54	-0,71	-0,88	-0,99	-1,10	-1,22	-1,34	-1,49	-1,64	-1,80	-1,97	-2,51
14/03/2020 08:10:00	-1,83	-1,31	-0,69	-0,06	0,30	0,37	0,27	0,09	-0,08	-0,37	-0,67	-0,89	-1,11	-1,24	-1,36	-1,47	-1,57	-1,70	-1,83	-1,98	-2,14	-2,12
14/03/2020 08:15:00	-1,83	-1,19	-0,70	-0,24	0,08	0,14	0,16	0,04	-0,17	-0,36	-0,56	-0,75	-0,94	-1,07	-1,20	-1,34	-1,48	-1,65	-1,81	-1,99	-2,16	-2,32
14/03/2020 08:20:00	-1,68	-1,38	-0,81	-0,19	0,22	0,34	0,26	0,07	-0,13	-0,31	-0,48	-0,63	-0,78	-0,86	-0,95	-1,05	-1,16	-1,29	-1,42	-1,57	-1,72	-2,11
14/03/2020 08:25:00	-1,74	-1,46	-0,95	-0,39	0,05	0,30	0,39	0,34	0,20	-0,02	-0,28	-0,52	-0,76	-0,94	-1,11	-1,27	-1,42	-1,60	-1,78	-1,96	-2,13	-2,17
14/03/2020 08:30:00	-1,77	-1,46	-0,95	-0,43	-0,05	0,20	0,30	0,23	0,04	-0,18	-0,43	-0,66	-0,90	-1,07	-1,24	-1,39	-1,55	-1,73	-1,91	-2,09	-2,28	-1,96
14/03/2020 08:35:00	-1,82	-1,81	-1,40	-0,82	-0,27	0,16	0,39	0,46	0,41	0,17	-0,15	-0,48	-0,81	-1,06	-1,31	-1,51	-1,71	-1,93	-2,15	-2,34	-2,54	-2,08
14/03/2020 08:40:00	-2,15	-1,85	-1,24	-0,67	-0,32	-0,12	-0,13	-0,23	-0,32	-0,64	-0,96	-1,20	-1,43	-1,56	-1,68	-1,78	-1,87	-1,99	-2,11	-2,26	-2,41	-1,99
14/03/2020 08:45:00	-2,06	-1,80	-1,24	-0,59	-0,14	-0,02	0,02	-0,07	-0,21	-0,46	-0,72	-0,93	-1,15	-1,28	-1,40	-1,52	-1,63	-1,77	-1,90	-2,06	-2,21	-2,10
14/03/2020 08:50:00	-2,12	-1,87	-1,40	-0,82	-0,38	-0,23	-0,22	-0,34	-0,54	-0,72	-0,93	-1,13	-1,33	-1,46	-1,60	-1,74	-1,88	-2,04	-2,19	-2,36	-2,52	-2,10
14/03/2020 08:55:00	-2,15	-1,85	-1,36	-0,84	-0,47	-0,34	-0,28	-0,35	-0,49	-0,71	-0,95	-1,14	-1,34	-1,45	-1,57	-1,68	-1,79	-1,93	-2,06	-2,22	-2,38	-2,10
14/03/2020 09:00:00	-2,06	-1,97	-1,40	-0,73	-0,28	-0,13	-0,16	-0,36	-0,61	-0,85	-1,09	-1,32	-1,54	-1,68	-1,82	-1,95	-2,09	-2,23	-2,38	-2,53	-2,69	-2,16
14/03/2020 09:05:00	-2,09	-2,04	-1,54	-0,95	-0,52	-0,33	-0,29	-0,36	-0,45	-0,70	-0,97	-1,18	-1,40	-1,52	-1,65	-1,75	-1,86	-1,99	-2,11	-2,26	-2,41	-2,26
14/03/2020 09:10:00	-2,06	-1,97	-1,31	-0,58	-0,11	0,06	0,07	-0,06	-0,21	-0,52	-0,85	-1,11	-1,37	-1,51	-1,66	-1,77	-1,88	-2,01	-2,13	-2,28	-2,43	-2,09
14/03/2020 09:15:00	-2,05	-2,01	-1,42	-0,78	-0,35	-0,12	-0,09	-0,26	-0,50	-0,72	-0,95	-1,16	-1,36	-1,50	-1,63	-1,76	-1,90	-2,04	-2,19	-2,35	-2,51	-2,01
14/03/2020 09:20:00	-2,02	-1,78	-1,27	-0,74	-0,42	-0,30	-0,33	-0,48	-0,67	-0,87	-1,07	-1,22	-1,37	-1,46	-1,54	-1,63	-1,72	-1,84	-1,96	-2,10	-2,25	-1,99
14/03/2020 09:25:00	-2,01	-1,66	-1,17	-0,72	-0,51	-0,58	-0,58	-0,71	-0,91	-1,07	-1,21	-1,27	-1,33	-1,32	-1,32	-1,35	-1,39	-1,46	-1,53	-1,66	-1,78	-1,81
14/03/2020 09:30:00	-1,94	-1,79	-1,32	-0,83	-0,56	-0,52	-0,50	-0,58	-0,70	-0,85	-0,99	-1,06	-1,12	-1,12	-1,12	-1,16	-1,20	-1,27	-1,34	-1,46	-1,58	-1,84
14/03/2020 09:35:00	-2,03	-1,86	-1,36	-0,82	-0,47	-0,32	-0,39	-0,55	-0,72	-0,89	-1,06	-1,19	-1,32	-1,39	-1,46	-1,55	-1,64	-1,76	-1,88	-2,02	-2,16	-1,74
14/03/2020 09:40:00	-1,90	-1,76	-1,38	-0,95	-0,63	-0,49	-0,48	-0,58	-0,73	-0,90	-1,09	-1,25	-1,41	-1,51	-1,61	-1,71	-1,82	-1,95	-2,09	-2,24	-2,39	-1,70
14/03/2020 09:45:00	-2,07	-1,96	-1,63	-1,23	-0,92	-0,76	-0,61	-0,58	-0,64	-0,85	-1,08	-1,27	-1,45	-1,56	-1,67	-1,77	-1,87	-2,00	-2,13	-2,28	-2,44	-1,66
14/03/2020 09:50:00	-1,76	-1,80	-1,35	-0,81	-0,45	-0,26	-0,28	-0,44	-0,62	-0,92	-1,25	-1,52	-1,80	-1,97	-2,14	-2,27	-2,40	-2,55	-2,70	-2,86	-3,02	-1,72
14/03/2020 09:55:00	-1,76	-1,76	-1,60	-1,38	-1,14	-0,88	-0,66	-0,51	-0,44	-0,50	-0,60	-0,66	-0,72	-0,76	-0,80	-0,87	-0,93	-1,05	-1,17	-1,32	-1,47	-1,72
14/03/2020 10:00:00	-1,79	-1,67	-1,38	-1,01	-0,73	-0,59	-0,52	-0,58	-0,74	-0,88	-1,03	-1,18	-1,33	-1,42	-1,52	-1,64	-1,75	-1,90	-2,04	-2,20	-2,36	-1,77
14/03/2020 10:05:00	-1,81	-1,78	-1,54	-1,28	-1,11	-1,10	-1,08	-1,09	-1,09	-1,20	-1,31	-1,33	-1,35	-1,32	-1,28	-1,28	-1,29	-1,34	-1,39	-1,51	-1,62	-1,76
14/03/2020 10:10:00	-1,69	-1,62	-1,31	-0,98	-0,76	-0,69	-0,65	-0,66	-0,68	-0,83	-0,97	-1,03	-1,10	-1,10	-1,11	-1,14	-1,17	-1,25	-1,32	-1,45	-1,58	-1,76
14/03/2020 10:15:00	-1,71	-1,47	-0,99	-0,56	-0,38	-0,39	-0,59	-0,89	-1,20	-1,50	-1,79	-2,01	-2,22	-2,33	-2,43	-2,52	-2,61	-2,73	-2,84	-2,98	-3,12	-1,75
14/03/2020 10:20:00	-1,90	-1,90	-1,65	-1,39	-1,21	-1,02	-1,04	-1,07	-1,07	-1,25	-1,44	-1,56	-1,69	-1,74	-1,78	-1,84	-1,89	-1,99	-2,08	-2,22	-2,36	-1,64
14/03/2020 10:25:00	-1,90	-2,01	-1,46	-0,85	-0,47	-0,31	-0,33	-0,53	-0,78	-1,22	-1,70	-2,09	-2,48	-2,72	-2,96	-3,11	-3,26	-3,43	-3,59	-3,75	-3,91	-1,69
14/03/2020 10:30:00	-1,77	-1,86	-1,78	-1,68	-1,59	-1,45	-1,39	-1,36	-1,39	-1,50	-1,62	-1,68	-1,75	-1,77	-1,79	-1,83	-1,88	-1,97	-2,07	-2,21	-2,34	-1,77
14/03/2020 10:35:00	-1,78	-2,05	-2,00	-1,81	-1,61	-1,47	-1,38	-1,37	-1,42	-1,49	-1,57	-1,63	-1,69	-1,72	-1,75	-1,81	-1,88	-1,98	-2,09	-2,23	-2,37	-1,83
14/03/2020 10:40:00	-1,93	-2,27	-2,03	-1,66	-1,39	-1,28	-1,28	-1,37	-1,49	-1,62	-1,75	-1,84	-1,93	-1,95	-1,98	-2,03	-2,09	-2,17	-2,26	-2,38	-2,51	-1,89
14/03/2020 10:45:00	-1,94	-2,13	-1,93	-1,53	-1,12	-0,81	-0,62	-0,55	-0,58	-0,79	-1,06	-1,32	-1,58	-1,77	-1,96	-2,11	-2,27	-2,45	-2,63	-2,81	-2,99	-1,86
14/03/2020 10:50:00	-1,93	-2,24	-2,22	-2,15	-2,05	-1,96	-1,86	-1,83	-1,85	-1,83	-1,81	-1,75	-1,70	-1,63	-1,56	-1,57	-1,58	-1,64	-1,70	-1,82	-1,93	-1,90
14/03/2020 10:55:00	-1,80	-2,21	-2,17	-1,91	-1,59	-1,35	-1,19	-1,10	-1,09	-1,11	-1,17	-1,22	-1,28	-1,32	-1,36	-1,44	-1,52	-1,63	-1,75	-1,90	-2,04	-1,79
14/03/2020 11:00:00	-1,74	-2,17	-2,10	-1,84	-1,54	-1,25	-1,04	-0,90	-0,83	-0,96	-1,14	-1,28	-1,43	-1,52	-1,61	-1,70	-1,79	-1,92	-2,04	-2,19	-2,34	-1,69
14/03/2020 11:05:00	-1,66	-2,09	-2,06	-1,85	-1,55	-1,18	-0,90	-0,80	-0,88	-0,91	-0,99	-1,11	-1,23	-1,35	-1,46	-1,60	-1,74	-1,91	-2,09	-2,26	-2,44	-1,66
14/03/2020 11:10:00	-1,68	-2,13	-2,28	-2,25	-2,10	-1,92	-1,75	-1,64	-1,60	-1,59	-1,61	-1,62	-1,63	-1,63	-1,63	-1,69	-1,74	-1,84	-1,94	-2,08	-2,22	-1,62
14/03/2020 11:15:00	-1,59	-2,03	-2,20	-2,21	-2,07	-1,79	-1,60	-1,39	-1,18	-1,24	-1,35	-1,41	-1,48	-1,50	-1,53	-1,57	-1,62	-1,71	-1,81	-1,95	-2,09	-1,57
14/03/2020 11:20:00	-1,52	-2,09	-2,08	-1,98	-1,89	-1,82	-1,72	-1,67	-1,67	-1,73	-1,78	-1,77	-1,76	-1,70	-1,64	-1,63	-1,62	-1,67	-1,71	-1,82	-1,92	-1,24
14/03/2020 11:25:00	-1,34	-1,94	-2,08	-2,07	-1,96	-1,86	-1,63	-1,47	-1,40	-1,36	-1,32	-1,26	-1,20	-1,12	-1,05	-1,05	-1,06	-1,12	-1,17	-1,29	-1,41	-1,31
14/03/2020 11:30:00	-1,33	-1,82	-2,11	-2,32	-2,37	-2,29	-2,11	-1,89	-1,71	-1,64	-1,58	-1,46	-1,34	-1,22	-1,09	-1,05	-1,01	-1,04	-1,06	-1,17	-1,28	-1,29
14/03/2020 11:35:00	-1,35	-1,80	-2,11	-2,33	-2,35	-2,19	-1,94	-1,68	-1,52	-1,44	-1,38	-1,30	-1,21	-1,13	-1,05	-1,05	-1,05	-1,11	-1,18	-1,31	-1,43	-1,29
14/03/2020 11:40:00	-1,23	-1,78	-2,12	-2,26	-2,19	-2,05	-1,84	-1,65	-1,55	-1,41	-1,29	-1,18	-1,07	-0,99	-0,90	-0,92	-0,94	-1,02	-1,10	-1,23	-1,36	-1,15
14/03/2020 11:45:00	-1,16	-1,71	-2,05	-2,23	-2,19	-1,97	-1,69	-1,41	-1,21	-1,11	-1,05	-0,97	-0,89	-0,82	-0,76	-0,77	-0,79	-0,87	-0,94	-1,08	-1,21	-1,02
14/03/2020 11:50:00	-1,01	-1,60	-1,89	-2,07	-2,13	-2,09	-1,97	-1,81	-1,64	-1,63	-1,62	-1,53	-1,44	-1,33	-1,22	-1,17	-1,13	-1,15	-1,18	-1,28	-1,38	-0,79
14/03/2020 11:55:00	-0,94	-1,47	-1,88	-2,14	-2,16	-1,98	-1,82	-1,65	-1,53	-1,47	-1,45	-1,42	-1,39	-1,36	-1,34	-1,38	-1,42	-1,52	-1,63	-1,77	-1,91	-0,69
14/03/2020 12:00:00	-0,66	-1,17	-1,62	-2,04	-2,27	-2,21	-2,07	-1,89	-1,78	-1,63	-1,47	-1,28	-1,08	-0,92	-0,76	-0,71	-0,67	-0,70	-0,73	-0,84	-0,96	-0,72
14/03/2020 12:05:00	-0,58	-1,21	-1,59	-1,84	-1,89	-1,76	-1,64	-1,47	-1,28	-1,28	-1,31	-1,28	-1,25	-1,20	-1,15	-1,15	-1,15	-1,22	-1,28	-1,41	-1,53	-0,53
14/03/2020 12:10:00	-0,46	-1,05	-1,46	-1,75	-1,85	-1,76	-1,60	-1,42	-1,32	-1,29	-1,30	-1,26	-1,22	-1,17	-1,12	-1,13	-1,14	-1,21	-1,29	-1,42	-1,55	-0,14
14/03/2020 12:15:00	-0,38	-0,76	-1,17	-1,50	-1,63	-1,60	-1,51	-1,36	-1,26	-1,26	-1,28	-1,25	-1,23	-1,19	-1,15	-1,16	-1,18	-1,26	-1,34	-1,48	-1,61	-0,27
14/03/2020 12:20:00	-0,19	-0,65	-1,03	-1,23	-1,25	-1,26	-1,13	-1,01	-0,97	-1,02	-1,11	-1,16	-1,22	-1,24	-1,27	-1,32	-1,38	-1,49	-1,60	-1,75	-1,90	0,23
14/03/2020 12:25:00	-0,07	-0,62	-0,90	-1,08	-1,14	-1,08	-0,97	-0,91	-0,96	-1,03	-1,12	-1,18	-1,24	-1,26	-1,29	-1,35	-1,40	-1,52	-1,63	-1,78	-1,92	0,13
14/03/2020 12:30:00	0,09	-0,41	-0,69	-0,93	-1,08	-1,06	-1,04	-1,03	-1,07	-1,11	-1,14	-1,12	-1,11	-1,07	-1,04	-1,06	-1,08	-1,16	-1,25	-1,38	-1,51	0,34
14/03/2020 12:35:00	0,14	-0,29	-0,60	-0,85	-0,95	-0,91	-0,79	-0,68	-0,67	-0,74	-0,84	-0,89	-0,94	-0,95	-0,97	-1,02	-1,07	-1,18	-1,29	-1,44	-1,59	0,46
14/03/2020 12:40:00	0,40	-0,02	-0,39	-0,73	-0,93	-0,98	-0,97	-0,93	-0,93	-0,93	-0,94	-0,89	-0,84	-0,78	-0,71	-0,72	-0,73	-0,80	-0,87	-1,00	-1,13	0,63
14/03/2020 12:45:00	0,64	0,14	-0,28	-0,65	-0,85	-0,83	-0,80	-0,73	-0,65	-0,69	-0,77	-0,79	-0,81	-0,79	-0,77	-0,80	-0,82	-0,90	-0,99	-1,13	-1,27	0,93
14/03/2020 12:50:00	0,73	0,31	-0,21	-0,66	-0,87	-0,91	-0,93	-0,87	-0,81	-0,83	-0,89	-0,90	-0,91	-0,90	-0,89	-0,92	-0,95	-1,05	-1,15	-1,29	-1,44	1,24
14/03/2020 12:55:00	0,85	0,42	-0,06	-0,45	-0,64	-0,76	-0,79	-0,78	-0,77	-0,79	-0,83	-0,82	-0,81	-0,78	-0,75	-0,78	-0,80	-0,89	-0,98	-1,12	-1,26	1,49
14/03/2020 13:00:00	0,93	0,54	0,04	-0,40	-0,63	-0,65	-0,69	-0,68	-0,70	-0,72	-0,75	-0,76	-0,77	-0,77	-0,76	-0,81	-0,87	-0,98	-1,10	-1,25	-1,40	1,29
14/03/2020 13:05:00	1,00	0,56	0,11	-0,24	-0,40	-0,47	-0,50	-0,48	-0,45	-0,52	-0,62	-0,66	-0,70	-0,70	-0,71	-0,75	-0,79	-0,89	-0,99	-1,13	-1,28	1,25
14/03/2020 13:10:00	1,01	0,62	0,16	-0,19	-0,34	-0,40	-0,39	-0,37	-0,39	-0,50	-0,66	-0,79	-0,91	-0,99	-1,07	-1,15	-1,24	-1,38	-1,52	-1,69	-1,85	1,20
14/03/2020 13:15:00	1,08	0,60	0,21	-0,12	-0,35	-0,52	-0,53	-0,53	-0,61	-0,74	-0,88	-0,94	-1,01	-1,02	-1,03	-1,06	-1,09	-1,19	-1,29	-1,43	-1,57	1,26
14/03/2020 13:20:00	1,14	0,61	0,17	-0,23	-0,46	-0,51	-0,53	-0,56	-0,65	-0,77	-0,91	-1,01	-1,11	-1,16	-1,21	-1,28	-1,35	-1,47	-1,60	-1,76	-1,91	1,31
14/03/2020 13:25:00	1,12	0,67	0,32	0,01	-0,22	-0,34	-0,48	-0,60	-0,72	-0,85	-0,99	-1,07	-1,15	-1,17	-1,19	-1,24	-1,29	-1,39	-1,49	-1,63	-1,78	1,36
14/03/2020 13:30:00	1,07	0,65	0,32	0,05	-0,14	-0,31	-0,42	-0,52	-0,63	-0,75	-0,89	-0,95	-1,02	-1,03	-1,04	-1,07	-1,11	-1,21	-1,30	-1,44	-1,58	1,21
14/03/2020 13:35:00	1,08	0,67	0,45	0,25	0,04	-0,18	-0,41	-0,61	-0,76	-0,91	-1,05	-1,09	-1,13	-1,10	-1,07	-1,08	-1,09	-1,15	-1,21	-1,33	-1,45	1,29
14/03/2020 13:40:00	1,20	0,80	0,49	0,27	0,15	0,04	-0,06	-0,15	-0,23	-0,41	-0,62	-0,77	-0,91	-0,99	-1,06	-1,13	-1,21	-1,33	-1,46	-1,61	-1,76	1,27
14/03/2020 13:45:00	1,31	0,98	0,50	0,11	-0,08	-0,22	-0,25	-0,25	-0,29	-0,43	-0,62	-0,75	-0,88	-0,96	-1,03	-1,11	-1,19	-1,33	-1,47	-1,63	-1,79	1,59
14/03/2020 13:50:00	1,55	1,05	0,60	0,23	-0,02	-0,20	-0,37	-0,51	-0,64	-0,76	-0,87	-0,93	-0,98	-0,99	-1,00	-1,05	-1,10	-1,20	-1,30	-1,45	-1,59	1,79
14/03/2020 13:55:00	1,76	1,25	0,81	0,45	0,15	-0,10	-0,31	-0,50	-0,69	-0,84	-0,98	-1,05	-1,12	-1,13	-1,14	-1,18	-1,22	-1,32	-1,42	-1,55	-1,69	2,11
14/03/2020 14:00:00	1,92	1,37	0,92	0,54	0,22	-0,13	-0,37	-0,59	-0,81	-0,94	-1,02	-1,04	-1,06	-1,02	-0,99	-1,01	-1,02	-1,10	-1,17	-1,30	-1,42	2,16
14/03/2020 14:05:00	1,90	1,41	1,02	0,72	0,55	0,39	0,22	0,05	-0,11	-0,33	-0,60	-0,81	-1,03	-1,15	-1,28	-1,39	-1,49	-1,64	-1,80	-1,96	-2,13	2,44
14/03/2020 14:10:00	1,98	1,59	1,14	0,76	0,50	0,24	0,06	-0,10	-0,29	-0,48	-0,68	-0,82	-0,96	-1,03	-1,10	-1,18	-1,25	-1,38	-1,52	-1,67	-1,83	2,53
14/03/2020 14:15:00	2,00	1,54	1,10	0,76	0,52	0,20	-0,03	-0,22	-0,39	-0,56	-0,72	-0,81	-0,90	-0,93	-0,95	-1,00	-1,05	-1,15	-1,25	-1,40	-1,54	2,38
14/03/2020 14:20:00	2,35	1,84	1,49	1,23	1,05	0,81	0,58	0,34	0,13	-0,14	-0,44	-0,68	-0,91	-1,04	-1,17	-1,28	-1,38	-1,53	-1,68	-1,84	-2,00	2,32
14/03/2020 14:25:00	2,22	1,89	1,55	1,29	1,06	0,77	0,48	0,18	-0,11	-0,31	-0,50	-0,63	-0,77	-0,84	-0,90	-0,99	-1,08	-1,22	-1,35	-1,51	-1,66	2,15
14/03/2020 14:30:00	2,26	1,89	1,55	1,21	0,91	0,60	0,33	0,09	-0,07	-0,27	-0,49	-0,61	-0,72	-0,75	-0,77	-0,81	-0,85	-0,94	-1,03	-1,17	-1,30	2,02
14/03/2020 14:35:00	2,25	1,90	1,57	1,26	0,99	0,74	0,52	0,26	-0,08	-0,32	-0,53	-0,70	-0,88	-0,98	-1,08	-1,19	-1,30	-1,46	-1,61	-1,78	-1,95	1,97
14/03/2020 14:40:00	2,29	1,92	1,54	1,13	0,78	0,52	0,26	0,03	-0,15	-0,41	-0,70	-0,89	-1,08	-1,17	-1,26	-1,33	-1,40	-1,52	-1,64	-1,79	-1,95	2,13
14/03/2020 14:45:00	2,25	2,04	1,66	1,13	0,59	0,21	-0,13	-0,40	-0,67	-0,87	-1,05	-1,11	-1,18	-1,16	-1,14	-1,14	-1,15	-1,23	-1,30	-1,43	-1,56	2,30
14/03/2020 14:50:00	2,33	2,10	1,68	1,18	0,72	0,35	0,03	-0,22	-0,43	-0,70	-0,99	-1,15	-1,32	-1,38	-1,43	-1,48	-1,52	-1,62	-1,73	-1,87	-2,02	2,39
14/03/2020 14:55:00	2,47	2,05	1,62	1,15	0,68	0,26	-0,07	-0,33	-0,52	-0,83	-1,16	-1,34	-1,53	-1,57	-1,62	-1,64	-1,66	-1,74	-1,82	-1,96	-2,09	2,61
14/03/2020 15:00:00	2,38	1,93	1,43	0,94	0,56	0,26	0,04	-0,15	-0,37	-0,60	-0,85	-1,02	-1,20	-1,28	-1,36	-1,43	-1,51	-1,64	-1,77	-1,92	-2,08	2,51
14/03/2020 15:05:00	2,31	1,96	1,45	0,83	0,25	-0,17	-0,54	-0,83	-1,05	-1,20	-1,30	-1,30	-1,29	-1,22	-1,14	-1,12	-1,10	-1,15	-1,20	-1,32	-1,44	2,43
14/03/2020 15:10:00	2,38	1,95	1,52	1,11	0,71	0,14	-0,26	-0,63	-1,00	-1,27	-1,50	-1,63	-1,75	-1,78	-1,80	-1,83	-1,87	-1,95	-2,04	-2,16	-2,29	2,63
14/03/2020 15:15:00	2,68	2,14	1,68	1,26	0,89	0,64	0,29	-0,05	-0,29	-0,55	-0,83	-1,03	-1,23	-1,33	-1,43	-1,51	-1,60	-1,73	-1,86	-2,02	-2,17	2,60
14/03/2020 15:20:00	2,64	2,14	1,72	1,35	1,03	0,62	0,22	-0,15	-0,47	-0,72	-0,96	-1,12	-1,28	-1,34	-1,41	-1,48	-1,55	-1,66	-1,78	-1,92	-2,07	2,68
14/03/2020 15:25:00	2,72	2,24	1,74	1,27	0,86	0,43	0,11	-0,15	-0,40	-0,66	-0,92	-1,08	-1,23	-1,29	-1,34	-1,39	-1,43	-1,54	-1,64	-1,78	-1,92	2,57
14/03/2020 15:30:00	2,66	2,18	1,79	1,44	1,09	0,59	0,15	-0,25	-0,60	-0,89	-1,17	-1,34	-1,51	-1,57	-1,62	-1,68	-1,73	-1,83	-1,93	-2,06	-2,20	2,66
14/03/2020 15:35:00	2,69	2,27	1,83	1,34	0,89	0,51	0,17	-0,14	-0,40	-0,68	-0,96	-1,14	-1,31	-1,38	-1,44	-1,50	-1,55	-1,66	-1,77	-1,92	-2,06	2,68
14/03/2020 15:40:00	2,71	2,37	1,96	1,50	1,01	0,58	0,14	-0,25	-0,57	-0,88	-1,18	-1,37	-1,55	-1,62	-1,68	-1,73	-1,78	-1,89	-1,99	-2,13	-2,27	2,73
14/03/2020 15:45:00	2,73	2,54	2,03	1,38	0,76	0,28	-0,14	-0,45	-0,67	-0,92	-1,17	-1,28	-1,39	-1,39	-1,39	-1,39	-1,40	-1,47	-1,55	-1,68	-1,81	2,81
14/03/2020 15:50:00	2,81	2,55	2,05	1,52	1,09	0,74	0,38	0,06	-0,18	-0,43	-0,70	-0,88	-1,07	-1,16	-1,25	-1,33	-1,41	-1,54	-1,68	-1,84	-2,00	2,61
14/03/2020 15:55:00	2,66	2,37	2,00	1,58	1,15	0,69	0,20	-0,24	-0,54	-0,80	-1,05	-1,18	-1,32	-1,35	-1,37	-1,41	-1,45	-1,53	-1,62	-1,75	-1,89	2,68
14/03/2020 16:00:00	2,82	2,48	2,14	1,77	1,34	0,82	0,36	-0,05	-0,44	-0,73	-0,99	-1,13	-1,27	-1,30	-1,33	-1,37	-1,41	-1,50	-1,59	-1,72	-1,86	2,77
14/03/2020 16:05:00	2,88	2,61	2,25	1,85	1,45	1,02	0,55	0,11	-0,23	-0,56	-0,88	-1,11	-1,33	-1,44	-1,54	-1,62	-1,70	-1,83	-1,95	-2,10	-2,26	3,05
14/03/2020 16:10:00	3,01	2,73	2,31	1,84	1,38	0,96	0,52	0,12	-0,18	-0,45	-0,70	-0,86	-1,01	-1,06	-1,11	-1,17	-1,22	-1,33	-1,44	-1,58	-1,73	3,41
14/03/2020 16:15:00	3,14	2,86	2,47	2,01	1,54	1,08	0,65	0,22	-0,22	-0,52	-0,78	-0,96	-1,15	-1,23	-1,31	-1,40	-1,48	-1,62	-1,75	-1,91	-2,06	3,75
14/03/2020 16:20:00	3,35	3,03	2,67	2,23	1,72	1,23	0,69	0,20	-0,14	-0,50	-0,87	-1,10	-1,33	-1,42	-1,50	-1,55	-1,60	-1,70	-1,81	-1,95	-2,09	4,03
14/03/2020 16:25:00	3,46	3,09	2,72	2,29	1,79	1,28	0,71	0,15	-0,32	-0,62	-0,85	-1,00	-1,14	-1,18	-1,22	-1,27	-1,33	-1,44	-1,54	-1,68	-1,82	3,92
14/03/2020 16:30:00	3,37	3,08	2,67	2,17	1,65	1,19	0,70	0,26	-0,08	-0,36	-0,63	-0,78	-0,93	-0,97	-1,02	-1,06	-1,11	-1,21	-1,31	-1,45	-1,59	3,78
14/03/2020 16:35:00	3,36	3,06	2,74	2,34	1,89	1,43	0,95	0,49	0,12	-0,24	-0,61	-0,86	-1,10	-1,21	-1,31	-1,39	-1,46	-1,58	-1,70	-1,85	-2,00	3,56
14/03/2020 16:40:00	3,51	3,12	2,75	2,34	1,93	1,56	1,08	0,62	0,28	-0,02	-0,32	-0,52	-0,72	-0,81	-0,91	-0,99	-1,07	-1,20	-1,33	-1,48	-1,63	3,51
14/03/2020 16:45:00	3,54	3,15	2,84	2,52	2,16	1,72	1,25	0,79	0,40	0,04	-0,31	-0,56	-0,81	-0,93	-1,05	-1,14	-1,24	-1,37	-1,50	-1,66	-1,82	3,55
14/03/2020 16:50:00	3,41	3,24	2,84	2,45	2,11	1,71	1,27	0,84	0,45	0,08	-0,30	-0,62	-0,94	-1,14	-1,34	-1,49	-1,65	-1,84	-2,04	-2,22	-2,41	3,20
14/03/2020 16:55:00	3,24	2,96	2,63	2,28	1,90	1,47	1,09	0,72	0,35	-0,02	-0,40	-0,67	-0,94	-1,08	-1,22	-1,32	-1,42	-1,57	-1,72	-1,88	-2,05	3,19
14/03/2020 17:00:00	3,09	2,89	2,61	2,22	1,77	1,35	0,92	0,50	0,07	-0,31	-0,69	-0,95	-1,22	-1,36	-1,50	-1,60	-1,70	-1,84	-1,99	-2,15	-2,32	3,14
14/03/2020 17:05:00	3,04	2,79	2,45	2,12	1,83	1,48	1,10	0,70	0,33	-0,03	-0,40	-0,71	-1,02	-1,21	-1,39	-1,54	-1,68	-1,86	-2,04	-2,22	-2,40	3,08
14/03/2020 17:10:00	3,14	2,97	2,63	2,23	1,79	1,28	0,74	0,22	-0,24	-0,59	-0,90	-1,12	-1,34	-1,45	-1,55	-1,65	-1,74	-1,88	-2,01	-2,17	-2,33	3,40
14/03/2020 17:15:00	3,34	3,21	2,79	2,29	1,81	1,30	0,87	0,49	0,13	-0,20	-0,51	-0,71	-0,92	-1,01	-1,11	-1,18	-1,26	-1,39	-1,52	-1,68	-1,84	3,41
14/03/2020 17:20:00	3,20	3,03	2,66	2,27	1,88	1,38	0,92	0,48	0,09	-0,28	-0,65	-0,92	-1,20	-1,34	-1,49	-1,60	-1,70	-1,86	-2,01	-2,17	-2,34	3,15
14/03/2020 17:25:00	3,11	2,84	2,46	2,04	1,62	1,21	0,75	0,29	-0,14	-0,46	-0,74	-0,96	-1,17	-1,28	-1,40	-1,50	-1,61	-1,76	-1,91	-2,08	-2,24	3,06
14/03/2020 17:30:00	3,08	2,77	2,41	2,00	1,57	1,16	0,74	0,34	0,01	-0,36	-0,75	-1,02	-1,29	-1,43	-1,56	-1,65	-1,74	-1,88	-2,02	-2,18	-2,33	3,02
14/03/2020 17:35:00	2,91	2,57	2,32	2,07	1,73	1,25	0,74	0,23	-0,20	-0,60	-0,99	-1,27	-1,56	-1,69	-1,83	-1,92	-2,01	-2,14	-2,27	-2,42	-2,57	2,93
14/03/2020 17:40:00	3,00	2,83	2,52	2,16	1,74	1,21	0,68	0,19	-0,22	-0,57	-0,90	-1,11	-1,33	-1,42	-1,50	-1,57	-1,64	-1,76	-1,88	-2,02	-2,17	2,97
14/03/2020 17:45:00	2,99	2,63	2,21	1,80	1,43	1,05	0,65	0,28	-0,01	-0,29	-0,58	-0,78	-0,98	-1,08	-1,17	-1,25	-1,33	-1,46	-1,59	-1,74	-1,90	2,78
14/03/2020 17:50:00	2,74	2,51	2,17	1,82	1,44	0,96	0,54	0,16	-0,19	-0,52	-0,84	-1,06	-1,27	-1,37	-1,46	-1,53	-1,60	-1,72	-1,84	-1,99	-2,14	2,69
14/03/2020 17:55:00	2,64	2,42	2,07	1,67	1,29	0,98	0,67	0,37	0,08	-0,21	-0,51	-0,71	-0,92	-1,02	-1,13	-1,22	-1,31	-1,45	-1,59	-1,76	-1,92	2,75
14/03/2020 18:00:00	2,72	2,48	2,12	1,69	1,25	0,85	0,46	0,10	-0,22	-0,50	-0,77	-0,93	-1,10	-1,16	-1,22	-1,28	-1,34	-1,46	-1,57	-1,72	-1,87	2,85
14/03/2020 18:05:00	2,92	2,72	2,39	2,00	1,58	1,08	0,62	0,22	-0,08	-0,38	-0,66	-0,81	-0,97	-1,01	-1,05	-1,09	-1,13	-1,22	-1,31	-1,45	-1,59	2,90
14/03/2020 18:10:00	2,97	2,68	2,28	1,89	1,54	1,13	0,79	0,46	0,15	-0,16	-0,48	-0,70	-0,93	-1,05	-1,17	-1,27	-1,37	-1,51	-1,65	-1,82	-1,98	2,98
14/03/2020 18:15:00	2,96	2,60	2,27	1,95	1,65	1,34	0,99	0,63	0,31	-0,01	-0,32	-0,57	-0,81	-0,95	-1,09	-1,20	-1,31	-1,47	-1,63	-1,79	-1,96	3,03
14/03/2020 18:20:00	3,04	2,76	2,46	2,11	1,70	1,28	0,85	0,44	0,10	-0,19	-0,44	-0,59	-0,74	-0,79	-0,84	-0,89	-0,94	-1,05	-1,15	-1,29	-1,44	3,06
14/03/2020 18:25:00	2,99	2,72	2,43	2,10	1,71	1,29	0,84	0,44	0,13	-0,16	-0,44	-0,61	-0,77	-0,82	-0,87	-0,92	-0,97	-1,07	-1,16	-1,30	-1,44	2,96
14/03/2020 18:30:00	2,90	2,65	2,40	2,07	1,64	1,17	0,71	0,30	-0,02	-0,27	-0,49	-0,57	-0,66	-0,64	-0,62	-0,63	-0,63	-0,70	-0,76	-0,88	-1,00	2,63
14/03/2020 18:35:00	2,72	2,45	2,22	1,93	1,58	1,18	0,72	0,28	-0,04	-0,32	-0,59	-0,76	-0,92	-0,97	-1,01	-1,06	-1,11	-1,21	-1,31	-1,44	-1,58	2,62
14/03/2020 18:40:00	2,54	2,47	2,23	1,92	1,58	1,28	0,85	0,41	0,05	-0,29	-0,64	-0,91	-1,18	-1,34	-1,49	-1,62	-1,74	-1,90	-2,07	-2,24	-2,41	2,45
14/03/2020 18:45:00	2,58	2,42	2,17	1,87	1,53	1,13	0,77	0,43	0,08	-0,25	-0,57	-0,80	-1,02	-1,12	-1,23	-1,31	-1,39	-1,53	-1,66	-1,81	-1,97	2,38
14/03/2020 18:50:00	2,34	2,32	2,09	1,77	1,41	1,05	0,67	0,29	-0,08	-0,41	-0,72	-0,95	-1,17	-1,29	-1,40	-1,50	-1,59	-1,74	-1,88	-2,04	-2,20	2,26
14/03/2020 18:55:00	2,13	2,16	1,98	1,71	1,37	0,99	0,58	0,19	-0,12	-0,44	-0,76	-0,97	-1,18	-1,27	-1,36	-1,43	-1,51	-1,63	-1,75	-1,90	-2,05	2,21
14/03/2020 19:00:00	2,11	2,12	1,89	1,61	1,30	0,92	0,52	0,13	-0,20	-0,49	-0,78	-0,98	-1,17	-1,27	-1,37	-1,45	-1,54	-1,67	-1,80	-1,96	-2,12	2,15
14/03/2020 19:05:00	1,99	1,90	1,65	1,37	1,10	0,82	0,53	0,24	-0,07	-0,40	-0,74	-1,01	-1,28	-1,44	-1,60	-1,71	-1,83	-1,99	-2,16	-2,33	-2,50	2,06
14/03/2020 19:10:00	2,00	1,95	1,74	1,43	1,01	0,61	0,20	-0,19	-0,56	-0,84	-1,08	-1,21	-1,34	-1,37	-1,40	-1,44	-1,48	-1,58	-1,67	-1,81	-1,95	1,91
14/03/2020 19:15:00	1,80	1,78	1,56	1,27	0,93	0,46	0,06	-0,34	-0,75	-1,03	-1,27	-1,42	-1,58	-1,64	-1,70	-1,77	-1,84	-1,95	-2,07	-2,22	-2,36	1,84
14/03/2020 19:20:00	1,76	1,72	1,53	1,22	0,86	0,40	0,00	-0,40	-0,81	-1,09	-1,32	-1,46	-1,60	-1,64	-1,68	-1,74	-1,80	-1,90	-2,01	-2,15	-2,29	1,90
14/03/2020 19:25:00	1,79	1,85	1,56	1,11	0,65	0,27	-0,03	-0,32	-0,69	-0,94	-1,16	-1,30	-1,44	-1,49	-1,55	-1,62	-1,68	-1,81	-1,93	-2,09	-2,25	1,81
14/03/2020 19:30:00	1,72	1,72	1,50	1,19	0,83	0,44	0,07	-0,28	-0,60	-0,90	-1,18	-1,36	-1,53	-1,60	-1,67	-1,73	-1,80	-1,91	-2,02	-2,17	-2,32	1,70
14/03/2020 19:35:00	1,56	1,60	1,34	1,01	0,67	0,33	-0,03	-0,34	-0,60	-0,82	-1,01	-1,12	-1,22	-1,25	-1,28	-1,33	-1,38	-1,49	-1,59	-1,74	-1,88	1,57
14/03/2020 19:40:00	1,53	1,59	1,38	1,04	0,66	0,28	-0,08	-0,40	-0,68	-0,92	-1,14	-1,25	-1,37	-1,39	-1,42	-1,46	-1,49	-1,59	-1,68	-1,82	-1,96	1,56
14/03/2020 19:45:00	1,46	1,52	1,33	1,00	0,63	0,28	0,00	-0,24	-0,44	-0,65	-0,83	-0,91	-0,98	-0,97	-0,95	-0,97	-0,98	-1,06	-1,13	-1,26	-1,39	1,43
14/03/2020 19:50:00	1,57	1,50	1,23	0,88	0,53	0,26	-0,03	-0,28	-0,47	-0,63	-0,76	-0,81	-0,86	-0,84	-0,83	-0,85	-0,88	-0,96	-1,04	-1,18	-1,31	1,48
14/03/2020 19:55:00	1,53	1,55	1,30	0,92	0,52	0,17	-0,15	-0,38	-0,50	-0,67	-0,84	-0,87	-0,90	-0,85	-0,80	-0,78	-0,76	-0,81	-0,86	-0,97	-1,09	1,24
14/03/2020 20:00:00	1,41	1,36	1,24	0,99	0,68	0,39	0,07	-0,22	-0,43	-0,61	-0,76	-0,81	-0,85	-0,82	-0,79	-0,80	-0,81	-0,87	-0,93	-1,06	-1,18	1,24
14/03/2020 20:05:00	1,44	1,43	1,17	0,83	0,55	0,35	0,22	0,12	-0,03	-0,17	-0,31	-0,39	-0,46	-0,48	-0,50	-0,55	-0,60	-0,71	-0,82	-0,97	-1,13	1,28
14/03/2020 20:10:00	1,36	1,38	1,04	0,63	0,36	0,27	0,25	0,27	0,21	0,06	-0,12	-0,24	-0,36	-0,43	-0,50	-0,58	-0,65	-0,79	-0,94	-1,11	-1,28	1,21
14/03/2020 20:15:00	1,24	1,19	1,02	0,82	0,61	0,40	0,14	-0,13	-0,41	-0,62	-0,82	-0,97	-1,11	-1,18	-1,25	-1,33	-1,41	-1,54	-1,67	-1,83	-1,98	1,22
14/03/2020 20:20:00	1,28	1,22	0,89	0,48	0,12	-0,18	-0,40	-0,55	-0,67	-0,80	-0,90	-0,92	-0,93	-0,88	-0,84	-0,84	-0,84	-0,91	-0,98	-1,10	-1,23	1,25
14/03/2020 20:25:00	1,20	1,21	0,96	0,60	0,27	0,09	-0,11	-0,27	-0,41	-0,60	-0,79	-0,90	-1,00	-1,03	-1,06	-1,10	-1,14	-1,25	-1,35	-1,50	-1,65	1,29
14/03/2020 20:30:00	1,27	1,12	0,86	0,54	0,24	0,03	-0,21	-0,45	-0,68	-0,80	-0,89	-0,93	-0,96	-0,95	-0,94	-0,98	-1,03	-1,12	-1,22	-1,36	-1,51	1,33
14/03/2020 20:35:00	1,33	1,22	0,91	0,63	0,42	0,20	0,05	-0,08	-0,20	-0,35	-0,51	-0,61	-0,70	-0,74	-0,77	-0,83	-0,89	-1,00	-1,11	-1,26	-1,41	1,34
14/03/2020 20:40:00	1,28	1,11	0,86	0,57	0,33	0,10	0,01	-0,09	-0,28	-0,43	-0,58	-0,65	-0,73	-0,75	-0,77	-0,82	-0,87	-0,98	-1,09	-1,24	-1,39	1,28
14/03/2020 20:45:00	1,29	1,18	0,88	0,62	0,40	0,17	-0,04	-0,23	-0,43	-0,59	-0,75	-0,84	-0,94	-0,98	-1,03	-1,09	-1,16	-1,28	-1,40	-1,55	-1,70	1,28
14/03/2020 20:50:00	1,22	1,25	0,94	0,55	0,21	-0,02	-0,25	-0,44	-0,61	-0,72	-0,80	-0,82	-0,83	-0,81	-0,79	-0,82	-0,85	-0,94	-1,03	-1,17	-1,32	1,24
14/03/2020 20:55:00	1,28	1,15	0,95	0,68	0,39	0,13	-0,22	-0,53	-0,77	-0,92	-1,04	-1,08	-1,13	-1,11	-1,08	-1,11	-1,13	-1,21	-1,29	-1,42	-1,55	1,28
14/03/2020 21:00:00	1,30	1,13	0,94	0,66	0,34	0,13	-0,13	-0,39	-0,65	-0,84	-1,01	-1,10	-1,19	-1,21	-1,24	-1,28	-1,33	-1,43	-1,53	-1,67	-1,81	1,37
14/03/2020 21:05:00	1,24	1,07	0,74	0,48	0,33	0,15	0,04	-0,06	-0,19	-0,39	-0,63	-0,82	-1,00	-1,11	-1,22	-1,31	-1,41	-1,56	-1,71	-1,87	-2,04	1,28
14/03/2020 21:10:00	1,24	1,14	0,85	0,46	0,05	-0,31	-0,61	-0,84	-1,02	-1,18	-1,32	-1,35	-1,37	-1,32	-1,27	-1,26	-1,24	-1,30	-1,35	-1,47	-1,59	1,25
14/03/2020 21:15:00	1,26	1,17	0,90	0,57	0,23	-0,12	-0,42	-0,71	-0,99	-1,19	-1,36	-1,44	-1,52	-1,53	-1,54	-1,58	-1,61	-1,71	-1,80	-1,93	-2,07	1,26
14/03/2020 21:20:00	1,26	1,25	1,01	0,71	0,41	0,06	-0,26	-0,54	-0,78	-1,03	-1,28	-1,43	-1,58	-1,64	-1,69	-1,75	-1,80	-1,91	-2,01	-2,16	-2,30	1,26
14/03/2020 21:25:00	1,27	1,19	0,98	0,71	0,41	0,09	-0,24	-0,61	-1,02	-1,26	-1,48	-1,64	-1,80	-1,89	-1,97	-2,06	-2,15	-2,29	-2,42	-2,58	-2,73	1,25
14/03/2020 21:30:00	1,33	1,15	0,90	0,63	0,37	0,11	-0,21	-0,51	-0,74	-0,94	-1,12	-1,22	-1,33	-1,36	-1,39	-1,44	-1,50	-1,60	-1,70	-1,84	-1,98	1,29
14/03/2020 21:35:00	1,30	1,23	0,98	0,62	0,24	-0,19	-0,49	-0,76	-1,04	-1,29	-1,51	-1,62	-1,73	-1,74	-1,75	-1,78	-1,81	-1,89	-1,97	-2,10	-2,23	1,36
14/03/2020 21:40:00	1,41	1,12	0,94	0,75	0,52	0,19	-0,14	-0,48	-0,79	-1,08	-1,37	-1,57	-1,77	-1,85	-1,93	-2,00	-2,07	-2,18	-2,29	-2,43	-2,57	1,32
14/03/2020 21:45:00	1,52	1,35	0,98	0,57	0,23	-0,03	-0,31	-0,54	-0,69	-0,93	-1,19	-1,35	-1,51	-1,58	-1,65	-1,71	-1,77	-1,88	-2,00	-2,15	-2,30	1,33
14/03/2020 21:50:00	1,48	1,35	1,00	0,55	0,13	-0,21	-0,57	-0,89	-1,14	-1,30	-1,41	-1,45	-1,49	-1,47	-1,44	-1,47	-1,49	-1,57	-1,65	-1,78	-1,92	1,53
14/03/2020 21:55:00	1,49	1,51	1,15	0,62	0,06	-0,42	-0,83	-1,15	-1,38	-1,58	-1,74	-1,76	-1,79	-1,72	-1,66	-1,63	-1,60	-1,64	-1,69	-1,80	-1,91	1,55
14/03/2020 22:00:00	1,48	1,37	1,00	0,60	0,30	0,06	-0,17	-0,36	-0,53	-0,74	-0,97	-1,13	-1,29	-1,37	-1,45	-1,53	-1,61	-1,75	-1,88	-2,04	-2,20	1,52
14/03/2020 22:05:00	1,54	1,38	1,01	0,59	0,24	-0,04	-0,28	-0,49	-0,69	-0,85	-0,99	-1,07	-1,14	-1,16	-1,17	-1,22	-1,27	-1,38	-1,48	-1,63	-1,78	1,56
14/03/2020 22:10:00	1,59	1,33	0,92	0,44	0,02	-0,25	-0,48	-0,65	-0,80	-0,99	-1,19	-1,28	-1,37	-1,38	-1,39	-1,41	-1,43	-1,52	-1,61	-1,75	-1,89	1,58
14/03/2020 22:15:00	1,52	1,22	0,88	0,54	0,26	0,02	-0,10	-0,23	-0,43	-0,61	-0,79	-0,90	-1,01	-1,06	-1,10	-1,16	-1,22	-1,33	-1,45	-1,60	-1,75	1,40
14/03/2020 22:20:00	1,24	1,04	0,78	0,48	0,20	0,05	-0,10	-0,29	-0,59	-0,76	-0,90	-1,00	-1,11	-1,16	-1,22	-1,30	-1,39	-1,53	-1,66	-1,83	-1,99	1,31
14/03/2020 22:25:00	1,25	1,11	0,74	0,30	-0,10	-0,45	-0,73	-0,93	-1,07	-1,22	-1,36	-1,39	-1,42	-1,37	-1,33	-1,32	-1,31	-1,37	-1,43	-1,55	-1,67	1,19
14/03/2020 22:30:00	1,19	1,10	0,86	0,47	0,06	-0,24	-0,55	-0,79	-0,94	-1,20	-1,46	-1,58	-1,71	-1,72	-1,74	-1,75	-1,76	-1,83	-1,90	-2,03	-2,15	1,26
14/03/2020 22:35:00	1,26	1,05	0,77	0,49	0,19	-0,17	-0,46	-0,71	-0,93	-1,16	-1,38	-1,50	-1,61	-1,64	-1,66	-1,69	-1,72	-1,80	-1,89	-2,02	-2,15	1,21
14/03/2020 22:40:00	1,16	0,98	0,62	0,26	0,00	-0,16	-0,34	-0,49	-0,60	-0,77	-0,95	-1,07	-1,19	-1,24	-1,30	-1,36	-1,42	-1,54	-1,66	-1,81	-1,97	1,21
14/03/2020 22:45:00	1,20	0,98	0,65	0,33	0,16	0,17	0,19	0,23	0,20	0,02	-0,21	-0,39	-0,57	-0,69	-0,80	-0,90	-1,00	-1,16	-1,32	-1,50	-1,68	1,14
14/03/2020 22:50:00	1,20	1,00	0,71	0,47	0,35	0,29	0,31	0,33	0,25	0,12	-0,04	-0,15	-0,27	-0,34	-0,42	-0,50	-0,59	-0,73	-0,88	-1,04	-1,21	1,23
14/03/2020 22:55:00	1,27	1,12	0,77	0,42	0,19	-0,01	-0,14	-0,22	-0,28	-0,42	-0,57	-0,65	-0,73	-0,76	-0,78	-0,82	-0,87	-0,97	-1,07	-1,22	-1,37	1,28
14/03/2020 23:00:00	1,26	1,33	0,86	0,23	-0,25	-0,46	-0,49	-0,45	-0,50	-0,50	-0,49	-0,41	-0,33	-0,24	-0,16	-0,15	-0,14	-0,22	-0,30	-0,44	-0,58	1,31
14/03/2020 23:05:00	1,46	1,20	0,86	0,52	0,27	0,08	0,08	0,14	0,16	0,05	-0,07	-0,09	-0,12	-0,09	-0,06	-0,07	-0,07	-0,15	-0,22	-0,36	-0,49	1,45
14/03/2020 23:10:00	1,46	1,20	0,81	0,44	0,25	0,27	0,36	0,49	0,54	0,52	0,46	0,44	0,42	0,42	0,41	0,36	0,32	0,20	0,08	-0,08	-0,24	1,40
14/03/2020 23:15:00	1,43	1,18	0,79	0,41	0,16	0,01	-0,03	-0,01	-0,01	-0,05	-0,10	-0,08	-0,05	0,00	0,05	0,04	0,03	-0,05	-0,12	-0,26	-0,40	1,36
14/03/2020 23:20:00	1,44	1,27	0,84	0,48	0,34	0,36	0,41	0,51	0,59	0,47	0,27	0,13	-0,02	-0,13	-0,23	-0,33	-0,43	-0,59	-0,75	-0,93	-1,11	1,40
14/03/2020 23:25:00	1,48	1,15	0,82	0,51	0,34	0,32	0,35	0,39	0,33	0,27	0,19	0,15	0,12	0,10	0,08	0,02	-0,04	-0,17	-0,29	-0,45	-0,61	1,46
14/03/2020 23:30:00	1,50	1,29	0,95	0,60	0,37	0,28	0,28	0,35	0,40	0,37	0,33	0,36	0,40	0,46	0,52	0,51	0,51	0,44	0,36	0,22	0,09	1,50
14/03/2020 23:35:00	1,45	1,20	0,80	0,43	0,24	0,22	0,20	0,22	0,27	0,22	0,15	0,12	0,10	0,09	0,09	0,04	-0,01	-0,12	-0,24	-0,39	-0,55	1,49
14/03/2020 23:40:00	1,42	1,16	0,88	0,59	0,41	0,41	0,30	0,22	0,19	0,10	-0,01	-0,07	-0,13	-0,15	-0,17	-0,22	-0,27	-0,39	-0,50	-0,65	-0,80	1,38
14/03/2020 23:45:00	1,42	1,34	0,98	0,53	0,19	0,14	0,11	0,18	0,30	0,25	0,18	0,20	0,23	0,29	0,35	0,36	0,37	0,30	0,23	0,10	-0,04	1,38
14/03/2020 23:50:00	1,45	1,39	1,05	0,71	0,58	0,65	0,79	0,93	0,95	0,84	0,66	0,52	0,37	0,26	0,14	0,03	-0,09	-0,26	-0,44	-0,63	-0,83	1,46
14/03/2020 23:55:00	1,55	1,34	1,05	0,77	0,62	0,63	0,65	0,67	0,64	0,51	0,33	0,19	0,06	-0,02	-0,10	-0,19	-0,28	-0,43	-0,58	-0,75	-0,92	1,51
