FileFormat:0002.2 file with temperature of atmosphere
SN105HE102
local	GMT or Local
0	GMT-Local=[hours]
0	Height[m]
0	0	0	Longitude                [grd]               [min]               [sec]
0	0	0	Latitude                [grd]               [min]               [sec]
N	NS
56,45	Freq[GHz]
0,00	dTemostat[K]
0,150	MessErr[K]
0,248	//[grad/step]
version 14.4.20120406
MTP5HE102F5645K-38.60I70D219217+A1.1
Commentary:
SN105HE102
парабола ДНА = 2,5 град
НЕ102 - ПУ - ХВБ с ЦСД " S "
АЦП - 202 - 09 с контр.U пит.и М
оптопара серии - 2
Т out № 178 пл
БП LPS - 112
End Of Commentary

SYSTEM\summer.dat
data time	0	50	100	150	200	250	300	350	400	450	500	550	600	650	700	750	800	850	900	950	1000	OutsideTemperature
23/04/2020 00:00:00	19,68	21,62	22,32	22,67	22,57	22,42	22,20	21,91	21,61	21,31	21,00	20,67	20,35	19,98	19,61	19,17	18,73	18,24	17,75	17,24	16,73	18,88
23/04/2020 00:05:00	19,59	21,39	22,06	22,47	22,51	22,43	22,26	22,04	21,80	21,56	21,26	20,95	20,63	20,27	19,91	19,48	19,04	18,54	18,05	17,52	17,00	18,88
23/04/2020 00:10:00	19,75	21,40	22,09	22,51	22,51	22,40	22,19	21,91	21,64	21,38	21,11	20,80	20,49	20,13	19,78	19,33	18,88	18,39	17,89	17,37	16,85	18,67
23/04/2020 00:15:00	19,72	21,45	22,16	22,58	22,60	22,50	22,31	22,05	21,78	21,51	21,15	20,78	20,41	20,01	19,62	19,16	18,70	18,20	17,69	17,15	16,62	18,85
23/04/2020 00:20:00	19,75	21,28	21,94	22,37	22,43	22,37	22,23	22,06	21,82	21,52	21,19	20,84	20,49	20,11	19,72	19,28	18,83	18,32	17,81	17,27	16,72	18,71
23/04/2020 00:25:00	19,78	21,33	21,97	22,39	22,52	22,47	22,30	22,03	21,79	21,57	21,23	20,87	20,50	20,10	19,71	19,26	18,80	18,29	17,78	17,24	16,69	18,69
23/04/2020 00:30:00	19,59	21,21	21,90	22,36	22,42	22,35	22,19	21,96	21,72	21,48	21,20	20,88	20,56	20,20	19,84	19,40	18,96	18,46	17,96	17,42	16,89	18,52
23/04/2020 00:35:00	19,74	21,25	21,89	22,31	22,40	22,34	22,18	21,95	21,70	21,44	21,12	20,76	20,41	20,02	19,64	19,18	18,73	18,22	17,71	17,16	16,61	18,51
23/04/2020 00:40:00	19,42	20,69	21,34	21,78	21,88	21,86	21,74	21,58	21,40	21,19	20,89	20,56	20,23	19,87	19,52	19,09	18,66	18,18	17,69	17,16	16,64	18,54
23/04/2020 00:45:00	19,48	20,73	21,30	21,70	21,80	21,77	21,64	21,45	21,23	20,98	20,77	20,50	20,23	19,90	19,57	19,14	18,72	18,23	17,74	17,21	16,68	18,57
23/04/2020 00:50:00	19,43	20,80	21,40	21,80	21,86	21,81	21,68	21,50	21,25	20,97	20,72	20,43	20,14	19,79	19,45	19,01	18,58	18,08	17,59	17,06	16,53	18,40
23/04/2020 00:55:00	19,61	20,92	21,41	21,70	21,65	21,58	21,45	21,22	20,96	20,68	20,46	20,21	19,96	19,64	19,33	18,91	18,49	18,02	17,54	17,03	16,52	18,86
23/04/2020 01:00:00	19,78	20,75	21,12	21,39	21,47	21,49	21,42	21,23	21,01	20,77	20,59	20,35	20,12	19,82	19,51	19,11	18,70	18,21	17,73	17,20	16,67	19,05
23/04/2020 01:05:00	19,77	20,92	21,30	21,55	21,60	21,50	21,32	21,16	20,95	20,70	20,47	20,21	19,94	19,63	19,32	18,91	18,50	18,03	17,56	17,05	16,54	19,19
23/04/2020 01:10:00	19,76	20,93	21,42	21,73	21,77	21,72	21,59	21,39	21,14	20,88	20,63	20,34	20,05	19,71	19,37	18,94	18,52	18,03	17,54	17,02	16,49	19,30
23/04/2020 01:15:00	19,66	21,01	21,53	21,85	21,86	21,78	21,63	21,40	21,15	20,90	20,66	20,39	20,11	19,78	19,45	19,03	18,61	18,13	17,64	17,13	16,61	19,19
23/04/2020 01:20:00	19,79	20,80	21,30	21,66	21,71	21,69	21,57	21,37	21,14	20,89	20,66	20,38	20,11	19,77	19,44	19,01	18,59	18,10	17,61	17,08	16,55	19,19
23/04/2020 01:25:00	19,49	20,60	21,14	21,53	21,62	21,60	21,52	21,40	21,25	21,10	20,82	20,51	20,20	19,87	19,54	19,14	18,74	18,27	17,80	17,28	16,77	18,99
23/04/2020 01:30:00	19,47	20,68	21,21	21,58	21,69	21,67	21,57	21,44	21,28	21,11	20,88	20,61	20,34	20,02	19,71	19,31	18,91	18,44	17,97	17,46	16,95	18,70
23/04/2020 01:35:00	19,15	20,44	20,96	21,33	21,42	21,37	21,23	21,02	20,83	20,67	20,48	20,26	20,03	19,73	19,43	19,03	18,63	18,17	17,71	17,21	16,71	18,42
23/04/2020 01:40:00	19,21	20,50	21,11	21,54	21,67	21,67	21,58	21,46	21,25	20,98	20,76	20,48	20,21	19,88	19,54	19,12	18,69	18,20	17,71	17,17	16,64	18,46
23/04/2020 01:45:00	19,36	20,63	21,18	21,59	21,78	21,80	21,71	21,52	21,31	21,08	20,79	20,46	20,13	19,76	19,40	18,96	18,52	18,01	17,51	16,96	16,41	18,34
23/04/2020 01:50:00	19,32	20,53	21,17	21,66	21,83	21,87	21,80	21,66	21,47	21,25	21,00	20,71	20,41	20,06	19,72	19,28	18,85	18,35	17,85	17,31	16,77	18,51
23/04/2020 01:55:00	19,35	20,48	21,10	21,57	21,73	21,80	21,75	21,58	21,36	21,11	20,90	20,64	20,37	20,04	19,70	19,27	18,83	18,32	17,82	17,27	16,72	18,72
23/04/2020 02:00:00	19,24	20,47	21,18	21,74	22,00	22,08	22,04	21,89	21,68	21,41	21,13	20,80	20,46	20,08	19,69	19,23	18,77	18,24	17,71	17,13	16,56	18,57
23/04/2020 02:05:00	19,23	20,51	21,40	22,06	22,23	22,26	22,19	22,01	21,78	21,50	21,10	20,66	20,22	19,77	19,32	18,84	18,35	17,81	17,27	16,69	16,10	17,96
23/04/2020 02:10:00	18,84	20,27	21,08	21,67	21,86	21,89	21,82	21,70	21,50	21,24	20,95	20,62	20,28	19,91	19,53	19,08	18,63	18,12	17,61	17,06	16,50	17,32
23/04/2020 02:15:00	18,46	19,75	20,54	21,14	21,40	21,47	21,44	21,39	21,25	21,04	20,80	20,50	20,20	19,86	19,52	19,09	18,66	18,17	17,67	17,14	16,60	16,72
23/04/2020 02:20:00	17,92	19,35	20,20	20,92	21,31	21,42	21,41	21,38	21,26	21,09	20,86	20,57	20,28	19,93	19,58	19,15	18,71	18,21	17,70	17,15	16,60	15,87
23/04/2020 02:25:00	18,14	19,56	20,42	21,08	21,36	21,55	21,61	21,52	21,38	21,22	20,94	20,62	20,29	19,93	19,57	19,14	18,70	18,20	17,69	17,14	16,58	15,71
23/04/2020 02:30:00	18,17	19,64	20,54	21,20	21,41	21,47	21,43	21,31	21,15	20,96	20,71	20,41	20,10	19,75	19,40	18,96	18,52	18,03	17,54	17,01	16,47	15,23
23/04/2020 02:35:00	18,09	19,75	20,60	21,23	21,48	21,56	21,52	21,37	21,22	21,05	20,83	20,56	20,28	19,95	19,62	19,19	18,76	18,26	17,77	17,24	16,71	14,32
23/04/2020 02:40:00	18,17	19,76	20,67	21,31	21,45	21,52	21,49	21,37	21,16	20,89	20,68	20,41	20,14	19,79	19,45	19,01	18,57	18,07	17,57	17,03	16,50	15,74
23/04/2020 02:45:00	18,09	19,57	20,41	21,03	21,27	21,37	21,37	21,31	21,19	21,03	20,76	20,45	20,15	19,80	19,46	19,04	18,62	18,13	17,65	17,12	16,59	16,24
23/04/2020 02:50:00	17,97	19,56	20,47	21,16	21,45	21,60	21,62	21,50	21,31	21,09	20,82	20,50	20,18	19,80	19,43	18,98	18,52	18,00	17,48	16,92	16,35	15,74
23/04/2020 02:55:00	17,88	19,47	20,32	20,96	21,24	21,40	21,43	21,35	21,21	21,03	20,79	20,49	20,19	19,85	19,50	19,07	18,64	18,14	17,65	17,10	16,56	16,26
23/04/2020 03:00:00	17,75	19,33	20,24	20,96	21,28	21,37	21,37	21,33	21,24	21,11	20,90	20,64	20,38	20,06	19,74	19,32	18,90	18,42	17,94	17,42	16,89	14,34
23/04/2020 03:05:00	17,75	19,38	20,35	21,09	21,48	21,61	21,61	21,56	21,44	21,29	20,97	20,62	20,26	19,88	19,49	19,05	18,60	18,09	17,58	17,03	16,47	15,34
23/04/2020 03:10:00	17,61	19,35	20,28	20,96	21,29	21,42	21,42	21,33	21,20	21,05	20,84	20,57	20,31	19,98	19,65	19,22	18,79	18,30	17,81	17,27	16,74	15,67
23/04/2020 03:15:00	17,39	19,10	20,13	20,90	21,22	21,37	21,42	21,42	21,34	21,21	20,98	20,70	20,42	20,09	19,76	19,35	18,93	18,45	17,97	17,44	16,92	14,65
23/04/2020 03:20:00	17,11	18,95	20,00	20,81	21,22	21,47	21,59	21,59	21,53	21,44	21,15	20,82	20,50	20,14	19,78	19,36	18,94	18,44	17,94	17,39	16,84	13,44
23/04/2020 03:25:00	17,16	19,11	20,17	20,99	21,42	21,58	21,61	21,59	21,49	21,34	21,09	20,78	20,48	20,12	19,77	19,33	18,89	18,38	17,88	17,33	16,78	13,89
23/04/2020 03:30:00	17,21	19,01	20,10	20,94	21,35	21,55	21,61	21,58	21,47	21,30	21,07	20,77	20,47	20,11	19,76	19,32	18,87	18,36	17,85	17,30	16,75	15,12
23/04/2020 03:35:00	17,09	18,87	19,77	20,45	20,79	20,96	21,02	21,01	20,94	20,83	20,65	20,43	20,20	19,90	19,61	19,21	18,82	18,35	17,88	17,37	16,85	14,70
23/04/2020 03:40:00	17,13	18,95	20,06	20,90	21,25	21,46	21,56	21,56	21,44	21,26	20,98	20,65	20,32	19,95	19,58	19,14	18,69	18,18	17,67	17,12	16,56	14,10
23/04/2020 03:45:00	17,20	19,25	20,18	20,88	21,25	21,36	21,33	21,25	21,11	20,94	20,75	20,49	20,24	19,91	19,59	19,16	18,73	18,23	17,74	17,21	16,68	14,00
23/04/2020 03:50:00	17,40	19,08	20,06	20,80	21,13	21,23	21,21	21,13	21,04	20,92	20,64	20,33	20,01	19,66	19,30	18,88	18,45	17,96	17,47	16,95	16,42	14,78
23/04/2020 03:55:00	17,34	19,08	20,13	20,94	21,34	21,45	21,45	21,41	21,27	21,08	20,89	20,62	20,35	20,01	19,67	19,22	18,78	18,27	17,77	17,22	16,68	13,68
23/04/2020 04:00:00	17,48	19,10	20,11	20,86	21,16	21,32	21,35	21,26	21,15	21,02	20,81	20,53	20,25	19,92	19,58	19,16	18,73	18,24	17,75	17,22	16,69	14,71
23/04/2020 04:05:00	17,42	19,29	20,37	21,20	21,62	21,80	21,82	21,73	21,58	21,39	21,14	20,82	20,50	20,12	19,75	19,28	18,82	18,29	17,77	17,20	16,63	15,57
23/04/2020 04:10:00	17,46	19,40	20,54	21,36	21,70	21,86	21,90	21,85	21,73	21,58	21,24	20,87	20,51	20,12	19,72	19,27	18,82	18,31	17,80	17,25	16,69	15,86
23/04/2020 04:15:00	17,39	19,27	20,40	21,26	21,66	21,88	21,96	21,94	21,79	21,56	21,28	20,94	20,60	20,21	19,82	19,36	18,89	18,36	17,83	17,25	16,67	15,59
23/04/2020 04:20:00	17,34	19,22	20,38	21,27	21,69	21,88	21,94	21,90	21,74	21,50	21,24	20,90	20,57	20,18	19,79	19,32	18,84	18,31	17,77	17,19	16,61	15,28
23/04/2020 04:25:00	17,38	19,34	20,48	21,33	21,70	21,91	21,98	21,93	21,82	21,66	21,39	21,07	20,75	20,38	20,01	19,57	19,12	18,60	18,09	17,53	16,97	15,45
23/04/2020 04:30:00	17,40	19,21	20,36	21,28	21,78	22,02	22,10	22,10	22,00	21,83	21,54	21,19	20,84	20,45	20,05	19,59	19,13	18,59	18,06	17,47	16,89	15,32
23/04/2020 04:35:00	17,06	18,89	20,01	20,90	21,30	21,53	21,62	21,60	21,52	21,41	21,16	20,85	20,54	20,18	19,83	19,39	18,96	18,45	17,94	17,39	16,84	14,75
23/04/2020 04:40:00	16,91	18,92	20,12	21,04	21,44	21,63	21,71	21,73	21,66	21,54	21,33	21,06	20,78	20,45	20,12	19,69	19,26	18,76	18,27	17,73	17,19	15,00
23/04/2020 04:45:00	17,27	19,06	20,25	21,19	21,63	21,93	22,09	22,10	22,03	21,89	21,62	21,29	20,97	20,59	20,22	19,77	19,33	18,80	18,28	17,70	17,13	15,60
23/04/2020 04:50:00	17,33	19,01	20,11	21,05	21,64	21,89	21,96	21,94	21,89	21,81	21,59	21,30	21,01	20,66	20,31	19,86	19,41	18,89	18,37	17,79	17,22	15,48
23/04/2020 04:55:00	17,46	19,17	20,35	21,31	21,85	22,23	22,42	22,41	22,33	22,18	21,88	21,52	21,17	20,77	20,37	19,90	19,43	18,88	18,33	17,72	17,11	15,09
23/04/2020 05:00:00	17,45	19,37	20,61	21,60	22,07	22,27	22,33	22,31	22,17	21,96	21,64	21,25	20,87	20,45	20,03	19,54	19,05	18,50	17,95	17,36	16,76	14,91
23/04/2020 05:05:00	17,58	19,05	20,07	20,93	21,41	21,68	21,80	21,78	21,74	21,67	21,44	21,15	20,86	20,52	20,18	19,75	19,32	18,81	18,30	17,74	17,18	14,80
23/04/2020 05:10:00	16,89	18,43	19,51	20,45	21,04	21,35	21,52	21,64	21,61	21,52	21,42	21,22	21,02	20,74	20,45	20,03	19,61	19,11	18,61	18,06	17,50	14,47
23/04/2020 05:15:00	17,09	18,64	19,86	20,87	21,39	21,74	21,95	22,04	21,98	21,81	21,57	21,24	20,92	20,55	20,17	19,72	19,27	18,73	18,20	17,60	17,01	14,83
23/04/2020 05:20:00	17,43	18,85	19,89	20,77	21,28	21,60	21,78	21,86	21,83	21,74	21,53	21,26	20,99	20,66	20,33	19,91	19,48	18,98	18,47	17,91	17,34	14,59
23/04/2020 05:25:00	17,51	19,02	20,24	21,27	21,81	22,11	22,25	22,30	22,25	22,14	21,85	21,50	21,15	20,76	20,37	19,91	19,45	18,92	18,38	17,79	17,20	15,69
23/04/2020 05:30:00	17,73	19,00	20,06	20,97	21,49	21,83	22,01	22,07	22,04	21,94	21,69	21,37	21,05	20,69	20,32	19,89	19,45	18,93	18,41	17,82	17,24	16,14
23/04/2020 05:35:00	17,60	18,99	20,07	20,95	21,37	21,60	21,68	21,64	21,56	21,45	21,27	21,01	20,74	20,41	20,07	19,64	19,20	18,70	18,19	17,64	17,09	15,66
23/04/2020 05:40:00	17,67	18,84	19,76	20,56	21,03	21,31	21,43	21,42	21,39	21,33	21,16	20,91	20,66	20,34	20,03	19,62	19,20	18,71	18,22	17,67	17,12	15,71
23/04/2020 05:45:00	17,17	18,27	19,02	19,70	20,16	20,48	20,67	20,75	20,78	20,80	20,70	20,54	20,38	20,14	19,89	19,54	19,18	18,73	18,28	17,77	17,26	15,14
23/04/2020 05:50:00	16,83	17,89	18,61	19,27	19,77	20,07	20,29	20,49	20,56	20,61	20,71	20,70	20,70	20,56	20,42	20,11	19,80	19,39	18,98	18,51	18,03	14,65
23/04/2020 05:55:00	17,13	18,18	19,07	19,88	20,44	20,85	21,11	21,22	21,28	21,31	21,19	21,00	20,80	20,53	20,27	19,89	19,52	19,05	18,58	18,04	17,50	14,17
23/04/2020 06:00:00	17,68	18,56	19,55	20,45	20,99	21,41	21,66	21,77	21,85	21,91	21,67	21,38	21,09	20,77	20,44	20,05	19,66	19,17	18,69	18,13	17,57	15,90
23/04/2020 06:05:00	17,62	18,65	19,81	20,85	21,44	21,81	22,03	22,20	22,21	22,11	21,85	21,52	21,19	20,82	20,45	20,01	19,57	19,04	18,52	17,92	17,33	16,03
23/04/2020 06:10:00	17,60	19,10	20,49	21,66	22,29	22,70	22,91	22,97	22,84	22,57	22,37	22,03	21,70	21,29	20,88	20,37	19,86	19,27	18,68	18,03	17,38	16,09
23/04/2020 06:15:00	17,67	19,17	20,47	21,54	22,07	22,39	22,55	22,59	22,48	22,26	21,97	21,60	21,22	20,81	20,39	19,90	19,41	18,84	18,28	17,66	17,04	16,18
23/04/2020 06:20:00	17,47	18,66	19,91	20,97	21,46	21,74	21,86	21,89	21,84	21,72	21,49	21,17	20,84	20,47	20,09	19,64	19,18	18,66	18,13	17,55	16,97	15,89
23/04/2020 06:25:00	17,70	19,21	20,42	21,42	21,95	22,33	22,53	22,57	22,49	22,32	22,04	21,68	21,32	20,92	20,53	20,05	19,58	19,03	18,48	17,87	17,26	16,06
23/04/2020 06:30:00	17,83	19,24	20,71	21,93	22,49	22,81	22,97	23,06	22,94	22,68	22,31	21,85	21,40	20,92	20,45	19,93	19,40	18,81	18,22	17,58	16,93	16,48
23/04/2020 06:35:00	18,01	19,24	20,64	21,85	22,47	22,87	23,10	23,23	23,18	23,01	22,69	22,29	21,88	21,45	21,01	20,52	20,02	19,45	18,87	18,22	17,58	16,65
23/04/2020 06:40:00	18,19	19,31	20,68	21,91	22,55	22,90	23,04	23,07	22,95	22,70	22,28	21,77	21,26	20,75	20,23	19,69	19,14	18,52	17,91	17,23	16,54	16,94
23/04/2020 06:45:00	18,08	19,40	20,81	22,03	22,69	23,08	23,26	23,27	23,17	22,97	22,58	22,10	21,62	21,12	20,63	20,10	19,56	18,96	18,35	17,67	17,00	17,06
23/04/2020 06:50:00	18,24	19,15	20,45	21,58	22,10	22,47	22,72	22,94	22,90	22,69	22,43	22,08	21,73	21,34	20,94	20,47	20,01	19,46	18,90	18,28	17,66	17,12
23/04/2020 06:55:00	18,20	19,32	20,68	21,84	22,39	22,73	22,88	22,90	22,80	22,60	22,26	21,83	21,40	20,94	20,49	19,98	19,46	18,88	18,30	17,66	17,02	17,40
23/04/2020 07:00:00	18,25	19,39	20,71	21,84	22,42	22,81	23,02	23,06	23,02	22,90	22,56	22,14	21,72	21,28	20,84	20,35	19,87	19,30	18,74	18,10	17,47	17,25
23/04/2020 07:05:00	18,33	19,62	21,03	22,26	22,94	23,31	23,46	23,48	23,34	23,07	22,61	22,07	21,53	20,99	20,45	19,89	19,33	18,70	18,07	17,37	16,68	17,48
23/04/2020 07:10:00	18,42	19,46	20,72	21,88	22,61	23,02	23,23	23,36	23,32	23,15	22,81	22,39	21,96	21,51	21,06	20,56	20,05	19,46	18,87	18,20	17,53	17,34
23/04/2020 07:15:00	18,50	19,77	21,45	22,85	23,40	23,75	23,87	23,78	23,63	23,39	22,92	22,35	21,78	21,22	20,66	20,08	19,50	18,87	18,23	17,54	16,85	17,52
23/04/2020 07:20:00	18,46	19,33	20,54	21,68	22,48	23,04	23,35	23,41	23,38	23,25	22,96	22,55	22,15	21,71	21,27	20,77	20,26	19,66	19,06	18,38	17,69	17,77
23/04/2020 07:25:00	18,39	19,11	20,21	21,23	21,80	22,18	22,43	22,62	22,69	22,67	22,49	22,22	21,95	21,63	21,31	20,90	20,49	19,98	19,48	18,89	18,31	17,85
23/04/2020 07:30:00	18,49	19,61	21,07	22,34	23,01	23,43	23,64	23,70	23,60	23,37	22,96	22,46	21,96	21,45	20,94	20,40	19,85	19,23	18,61	17,92	17,23	17,80
23/04/2020 07:35:00	18,54	19,66	21,17	22,52	23,27	23,73	23,93	23,93	23,83	23,63	23,18	22,63	22,07	21,53	20,98	20,41	19,84	19,20	18,56	17,84	17,13	17,97
23/04/2020 07:40:00	18,54	19,46	20,84	22,09	22,82	23,24	23,46	23,60	23,60	23,49	23,07	22,57	22,08	21,60	21,11	20,60	20,10	19,50	18,91	18,24	17,57	17,82
23/04/2020 07:45:00	18,66	19,59	21,03	22,30	22,93	23,36	23,59	23,64	23,54	23,30	22,90	22,40	21,90	21,39	20,88	20,33	19,79	19,17	18,55	17,86	17,16	17,94
23/04/2020 07:50:00	18,69	19,57	21,00	22,27	22,93	23,34	23,55	23,63	23,55	23,34	22,99	22,53	22,08	21,60	21,12	20,59	20,06	19,45	18,84	18,16	17,48	17,96
23/04/2020 07:55:00	18,89	19,61	20,90	22,08	22,70	23,09	23,30	23,36	23,30	23,11	22,74	22,29	21,83	21,35	20,88	20,36	19,85	19,25	18,65	17,98	17,31	18,22
23/04/2020 08:00:00	18,87	19,38	20,48	21,48	22,00	22,38	22,61	22,75	22,75	22,65	22,42	22,09	21,77	21,40	21,03	20,59	20,15	19,62	19,08	18,48	17,87	18,31
23/04/2020 08:05:00	18,78	19,29	20,44	21,55	22,22	22,69	22,97	23,10	23,08	22,94	22,63	22,22	21,82	21,38	20,95	20,47	19,98	19,40	18,82	18,16	17,50	18,12
23/04/2020 08:10:00	18,46	19,15	20,33	21,39	21,93	22,28	22,48	22,57	22,50	22,29	22,02	21,66	21,29	20,88	20,46	19,98	19,50	18,93	18,37	17,74	17,10	18,17
23/04/2020 08:15:00	18,54	19,11	20,17	21,17	21,78	22,23	22,48	22,56	22,57	22,52	22,20	21,80	21,41	21,00	20,59	20,13	19,68	19,13	18,58	17,95	17,32	18,29
23/04/2020 08:20:00	18,32	18,78	19,69	20,57	21,08	21,51	21,80	21,92	21,92	21,82	21,70	21,47	21,25	20,94	20,64	20,23	19,81	19,30	18,79	18,21	17,62	18,27
23/04/2020 08:25:00	18,36	18,74	19,69	20,61	21,18	21,57	21,82	22,01	21,99	21,83	21,57	21,22	20,88	20,50	20,12	19,68	19,24	18,70	18,16	17,55	16,93	18,34
23/04/2020 08:30:00	18,41	18,83	19,71	20,59	21,19	21,56	21,77	21,89	21,93	21,90	21,69	21,40	21,10	20,77	20,43	20,01	19,60	19,09	18,58	17,99	17,40	18,51
23/04/2020 08:35:00	18,59	18,87	19,71	20,54	21,05	21,41	21,63	21,74	21,73	21,65	21,48	21,22	20,96	20,64	20,32	19,91	19,49	18,98	18,47	17,89	17,31	18,61
23/04/2020 08:40:00	18,57	19,00	19,85	20,64	21,10	21,47	21,70	21,80	21,80	21,73	21,56	21,30	21,04	20,73	20,42	20,01	19,61	19,11	18,61	18,04	17,47	18,62
23/04/2020 08:45:00	18,77	18,99	19,84	20,72	21,28	21,67	21,92	22,08	22,09	21,99	21,79	21,50	21,20	20,86	20,52	20,09	19,67	19,15	18,62	18,02	17,42	18,79
23/04/2020 08:50:00	18,80	19,03	19,91	20,82	21,41	21,82	22,05	22,13	22,10	21,97	21,75	21,42	21,09	20,71	20,34	19,88	19,43	18,88	18,34	17,71	17,09	18,91
23/04/2020 08:55:00	18,91	19,04	19,68	20,34	20,77	21,06	21,22	21,29	21,36	21,43	21,32	21,12	20,93	20,67	20,42	20,06	19,71	19,26	18,80	18,28	17,76	19,09
23/04/2020 09:00:00	19,02	19,13	19,94	20,73	21,14	21,49	21,69	21,74	21,69	21,57	21,34	21,03	20,72	20,37	20,01	19,58	19,15	18,63	18,11	17,52	16,93	19,31
23/04/2020 09:05:00	19,15	19,24	20,09	20,91	21,31	21,66	21,85	21,84	21,76	21,61	21,37	21,04	20,70	20,33	19,95	19,50	19,05	18,52	17,99	17,38	16,78	19,24
23/04/2020 09:10:00	19,27	19,39	20,25	21,06	21,40	21,76	22,01	22,09	22,01	21,80	21,45	21,03	20,62	20,20	19,78	19,32	18,87	18,32	17,78	17,15	16,53	19,62
23/04/2020 09:15:00	19,33	19,20	19,85	20,52	20,87	21,34	21,71	21,89	21,91	21,82	21,62	21,36	21,09	20,78	20,47	20,09	19,71	19,21	18,72	18,13	17,55	19,64
23/04/2020 09:20:00	19,46	19,26	19,71	20,36	21,03	21,57	21,92	22,03	22,06	22,03	21,82	21,52	21,21	20,87	20,53	20,13	19,72	19,18	18,65	18,02	17,39	19,71
23/04/2020 09:25:00	19,54	19,32	19,82	20,44	20,93	21,26	21,47	21,58	21,57	21,47	21,27	20,98	20,70	20,37	20,04	19,64	19,24	18,73	18,22	17,63	17,04	19,89
23/04/2020 09:30:00	19,68	19,42	19,74	20,17	20,50	20,80	21,00	21,12	21,16	21,16	21,12	20,99	20,87	20,67	20,46	20,13	19,81	19,37	18,93	18,41	17,89	19,94
23/04/2020 09:35:00	19,80	19,50	19,78	20,20	20,59	20,89	21,08	21,17	21,19	21,15	21,10	20,96	20,82	20,60	20,38	20,03	19,69	19,23	18,77	18,23	17,69	20,02
23/04/2020 09:40:00	19,99	19,73	20,06	20,49	20,83	21,10	21,26	21,28	21,23	21,12	20,97	20,73	20,49	20,20	19,91	19,52	19,14	18,65	18,16	17,60	17,04	20,35
23/04/2020 09:45:00	20,11	19,83	20,19	20,66	20,97	21,17	21,28	21,36	21,36	21,31	21,09	20,81	20,53	20,22	19,91	19,54	19,17	18,70	18,22	17,68	17,13	20,42
23/04/2020 09:50:00	20,27	20,04	20,20	20,45	20,66	20,79	20,84	20,79	20,69	20,55	20,43	20,23	20,04	19,78	19,51	19,14	18,77	18,31	17,85	17,32	16,79	20,95
23/04/2020 09:55:00	20,45	20,01	20,02	20,17	20,37	20,52	20,61	20,68	20,68	20,63	20,57	20,45	20,33	20,14	19,94	19,63	19,32	18,90	18,47	17,98	17,48	20,94
23/04/2020 10:00:00	20,56	20,25	20,42	20,71	20,96	21,14	21,22	21,21	21,15	21,03	20,88	20,67	20,46	20,19	19,92	19,55	19,18	18,70	18,23	17,69	17,15	21,11
23/04/2020 10:05:00	20,74	20,35	20,39	20,52	20,66	20,83	20,96	21,00	20,99	20,96	20,92	20,82	20,71	20,53	20,35	20,04	19,74	19,32	18,90	18,41	17,92	21,46
23/04/2020 10:10:00	20,94	20,55	20,53	20,60	20,68	20,76	20,79	20,80	20,77	20,74	20,69	20,57	20,46	20,27	20,09	19,79	19,48	19,07	18,67	18,19	17,72	21,59
23/04/2020 10:15:00	21,06	20,75	20,74	20,81	20,85	20,89	20,88	20,84	20,80	20,77	20,66	20,50	20,35	20,13	19,92	19,61	19,29	18,88	18,47	17,99	17,52	21,77
23/04/2020 10:20:00	21,35	20,92	20,76	20,75	20,85	20,94	20,97	20,94	20,94	20,99	20,95	20,85	20,75	20,58	20,41	20,12	19,84	19,44	19,04	18,57	18,10	22,19
23/04/2020 10:25:00	21,52	21,19	21,27	21,44	21,57	21,63	21,60	21,50	21,37	21,21	21,07	20,87	20,67	20,40	20,13	19,75	19,38	18,91	18,44	17,90	17,37	22,52
23/04/2020 10:30:00	21,74	21,40	21,18	21,10	21,19	21,22	21,19	21,14	21,08	21,03	20,89	20,70	20,52	20,29	20,06	19,74	19,42	18,99	18,56	18,07	17,57	22,94
23/04/2020 10:35:00	21,92	21,44	21,14	20,94	20,85	20,80	20,76	20,70	20,61	20,52	20,47	20,38	20,30	20,14	19,97	19,68	19,40	19,00	18,61	18,15	17,69	23,01
23/04/2020 10:40:00	21,92	21,57	21,29	21,12	21,11	21,10	21,05	20,94	20,83	20,74	20,71	20,63	20,56	20,39	20,22	19,92	19,61	19,20	18,79	18,32	17,85	22,74
23/04/2020 10:45:00	22,23	21,77	21,44	21,21	21,07	21,00	20,93	20,87	20,78	20,68	20,63	20,56	20,48	20,33	20,17	19,89	19,60	19,21	18,82	18,37	17,92	23,23
23/04/2020 10:50:00	22,38	21,93	21,57	21,29	21,18	21,12	21,05	20,96	20,86	20,77	20,73	20,67	20,60	20,45	20,30	20,02	19,73	19,34	18,95	18,50	18,04	23,96
23/04/2020 10:55:00	22,51	22,02	21,55	21,17	20,95	20,81	20,70	20,55	20,42	20,32	20,33	20,31	20,29	20,17	20,05	19,78	19,51	19,13	18,76	18,33	17,91	24,28
23/04/2020 11:00:00	22,73	22,21	21,72	21,32	21,02	20,81	20,63	20,46	20,31	20,21	20,25	20,26	20,26	20,16	20,06	19,80	19,54	19,18	18,83	18,42	18,01	24,25
23/04/2020 11:05:00	22,89	22,46	22,10	21,77	21,47	21,21	20,95	20,70	20,48	20,33	20,24	20,13	20,01	19,83	19,64	19,33	19,01	18,62	18,23	17,79	17,36	24,48
23/04/2020 11:10:00	23,07	22,65	22,31	22,05	21,84	21,65	21,46	21,31	21,13	20,93	20,77	20,59	20,42	20,19	19,96	19,62	19,29	18,87	18,44	17,96	17,48	24,60
23/04/2020 11:15:00	23,26	22,88	22,44	22,10	21,96	21,83	21,71	21,59	21,47	21,33	21,20	21,05	20,90	20,70	20,49	20,18	19,88	19,46	19,04	18,56	18,08	25,24
23/04/2020 11:20:00	23,33	22,97	22,58	22,25	21,99	21,79	21,61	21,42	21,25	21,11	20,98	20,83	20,67	20,46	20,25	19,94	19,63	19,22	18,81	18,35	17,89	24,97
23/04/2020 11:25:00	23,54	23,06	22,57	22,15	21,89	21,63	21,36	21,15	21,00	20,91	20,83	20,71	20,59	20,41	20,23	19,94	19,66	19,27	18,89	18,46	18,02	25,01
23/04/2020 11:30:00	23,65	23,19	22,69	22,23	21,84	21,52	21,25	21,04	20,85	20,70	20,60	20,49	20,38	20,20	20,03	19,74	19,45	19,07	18,69	18,26	17,84	26,09
23/04/2020 11:35:00	23,56	23,16	22,70	22,28	21,95	21,65	21,36	21,09	20,88	20,73	20,61	20,46	20,32	20,12	19,92	19,61	19,30	18,90	18,51	18,07	17,63	25,18
23/04/2020 11:40:00	24,01	23,47	22,95	22,50	22,18	21,84	21,49	21,25	21,03	20,82	20,68	20,54	20,40	20,19	19,99	19,67	19,35	18,94	18,53	18,08	17,63	25,76
23/04/2020 11:45:00	24,00	23,78	23,35	22,90	22,48	22,08	21,69	21,38	21,09	20,85	20,66	20,47	20,28	20,04	19,80	19,47	19,13	18,71	18,30	17,85	17,40	26,25
23/04/2020 11:50:00	24,23	23,75	23,25	22,81	22,47	22,15	21,83	21,48	21,20	21,02	20,85	20,66	20,46	20,22	19,98	19,64	19,30	18,88	18,46	17,99	17,52	25,89
23/04/2020 11:55:00	24,39	23,95	23,40	22,86	22,41	22,05	21,74	21,47	21,24	21,05	20,91	20,77	20,62	20,43	20,23	19,92	19,62	19,23	18,84	18,40	17,97	26,37
23/04/2020 12:00:00	24,36	23,97	23,48	23,01	22,60	22,24	21,89	21,59	21,30	21,03	20,82	20,61	20,40	20,14	19,89	19,54	19,19	18,77	18,34	17,87	17,40	27,14
23/04/2020 12:05:00	24,48	24,07	23,53	23,01	22,58	22,21	21,88	21,51	21,20	20,95	20,80	20,65	20,50	20,28	20,06	19,73	19,39	18,97	18,56	18,10	17,65	25,98
23/04/2020 12:10:00	24,52	24,05	23,64	23,29	22,92	22,61	22,32	22,01	21,73	21,49	21,26	21,01	20,76	20,49	20,21	19,84	19,48	19,04	18,59	18,10	17,61	26,29
23/04/2020 12:15:00	24,54	24,04	23,58	23,15	22,78	22,44	22,11	21,80	21,51	21,26	21,05	20,83	20,62	20,36	20,10	19,74	19,39	18,96	18,52	18,04	17,56	26,57
23/04/2020 12:20:00	24,77	24,33	23,88	23,42	22,93	22,55	22,22	21,83	21,48	21,19	20,95	20,70	20,45	20,17	19,89	19,53	19,16	18,72	18,28	17,80	17,32	26,90
23/04/2020 12:25:00	24,92	24,55	24,04	23,53	23,07	22,67	22,30	21,92	21,59	21,35	21,08	20,79	20,50	20,20	19,90	19,54	19,18	18,74	18,30	17,82	17,34	26,83
23/04/2020 12:30:00	24,79	24,34	23,86	23,40	22,93	22,53	22,16	21,86	21,58	21,32	21,11	20,90	20,69	20,44	20,19	19,85	19,51	19,09	18,67	18,21	17,75	26,97
23/04/2020 12:35:00	25,05	24,71	24,24	23,76	23,29	22,90	22,56	22,17	21,79	21,41	21,17	20,95	20,74	20,46	20,19	19,81	19,43	18,97	18,51	18,02	17,52	26,97
23/04/2020 12:40:00	25,11	24,79	24,32	23,85	23,42	23,01	22,60	22,23	21,88	21,56	21,31	21,08	20,84	20,56	20,28	19,91	19,53	19,08	18,63	18,14	17,65	27,06
23/04/2020 12:45:00	25,20	24,83	24,35	23,90	23,45	23,08	22,74	22,34	22,00	21,72	21,47	21,22	20,97	20,68	20,39	20,02	19,65	19,20	18,74	18,25	17,76	27,28
23/04/2020 12:50:00	25,40	24,97	24,48	24,00	23,51	23,10	22,74	22,38	22,03	21,67	21,39	21,13	20,86	20,56	20,27	19,89	19,51	19,05	18,59	18,09	17,59	28,20
23/04/2020 12:55:00	25,66	25,35	24,86	24,34	23,77	23,28	22,84	22,45	22,07	21,70	21,44	21,21	20,98	20,70	20,42	20,05	19,67	19,23	18,78	18,30	17,82	28,77
23/04/2020 13:00:00	25,95	25,62	25,12	24,63	24,19	23,73	23,26	22,83	22,41	22,03	21,66	21,30	20,94	20,57	20,21	19,79	19,37	18,87	18,38	17,85	17,32	28,37
23/04/2020 13:05:00	25,86	25,43	25,00	24,59	24,14	23,73	23,33	22,93	22,57	22,27	21,95	21,62	21,28	20,94	20,60	20,20	19,80	19,33	18,85	18,33	17,82	28,28
23/04/2020 13:10:00	25,80	25,58	25,14	24,70	24,26	23,86	23,48	23,08	22,69	22,33	22,02	21,72	21,41	21,08	20,75	20,35	19,94	19,46	18,97	18,45	17,92	28,15
23/04/2020 13:15:00	26,12	25,60	25,07	24,58	24,17	23,78	23,38	23,01	22,65	22,31	22,00	21,69	21,38	21,05	20,72	20,33	19,93	19,45	18,96	18,43	17,91	28,55
23/04/2020 13:20:00	25,95	25,53	25,08	24,63	24,18	23,73	23,30	22,93	22,59	22,29	21,99	21,66	21,34	21,01	20,68	20,30	19,91	19,44	18,98	18,47	17,97	28,43
23/04/2020 13:25:00	25,96	25,70	25,25	24,76	24,23	23,77	23,34	22,90	22,50	22,20	21,93	21,66	21,38	21,08	20,78	20,39	20,01	19,55	19,09	18,60	18,11	28,51
23/04/2020 13:30:00	26,29	25,88	25,34	24,79	24,28	23,83	23,42	22,93	22,51	22,25	21,99	21,72	21,45	21,15	20,85	20,46	20,08	19,62	19,16	18,67	18,17	28,91
23/04/2020 13:35:00	26,41	25,96	25,43	24,96	24,56	24,16	23,74	23,32	22,91	22,52	22,20	21,89	21,58	21,24	20,90	20,48	20,06	19,56	19,06	18,51	17,97	29,36
23/04/2020 13:40:00	26,33	26,02	25,50	25,00	24,53	24,08	23,64	23,21	22,83	22,51	22,18	21,84	21,50	21,15	20,81	20,41	20,00	19,52	19,04	18,52	18,00	29,25
23/04/2020 13:45:00	26,47	26,10	25,56	25,02	24,53	24,11	23,72	23,33	22,98	22,69	22,40	22,09	21,79	21,47	21,15	20,78	20,40	19,93	19,47	18,96	18,45	28,94
23/04/2020 13:50:00	26,73	26,28	25,74	25,22	24,67	24,21	23,80	23,44	23,09	22,74	22,46	22,19	21,93	21,64	21,34	20,96	20,58	20,12	19,65	19,14	18,64	29,05
23/04/2020 13:55:00	26,59	26,16	25,74	25,31	24,77	24,28	23,83	23,43	23,04	22,62	22,30	22,02	21,74	21,42	21,10	20,69	20,28	19,80	19,31	18,79	18,28	28,99
23/04/2020 14:00:00	26,64	26,23	25,71	25,23	24,76	24,33	23,91	23,54	23,17	22,76	22,43	22,13	21,82	21,49	21,16	20,75	20,34	19,84	19,35	18,81	18,28	29,61
23/04/2020 14:05:00	26,68	26,23	25,74	25,26	24,74	24,33	23,98	23,52	23,12	22,80	22,48	22,16	21,83	21,49	21,16	20,75	20,35	19,86	19,38	18,85	18,32	29,17
23/04/2020 14:10:00	26,76	26,28	25,71	25,19	24,76	24,33	23,91	23,50	23,11	22,79	22,46	22,13	21,80	21,46	21,11	20,71	20,30	19,81	19,32	18,79	18,25	29,34
23/04/2020 14:15:00	26,79	26,42	25,94	25,45	25,00	24,56	24,13	23,74	23,36	22,99	22,68	22,39	22,10	21,78	21,46	21,05	20,64	20,16	19,67	19,14	18,61	29,84
23/04/2020 14:20:00	26,87	26,43	25,94	25,46	24,96	24,53	24,15	23,73	23,34	22,99	22,66	22,32	21,98	21,64	21,29	20,88	20,47	19,98	19,49	18,95	18,42	30,03
23/04/2020 14:25:00	26,45	26,20	25,82	25,41	24,96	24,51	24,07	23,64	23,23	22,83	22,53	22,25	21,97	21,65	21,33	20,91	20,49	20,00	19,51	18,98	18,45	28,68
23/04/2020 14:30:00	26,50	26,21	25,84	25,47	25,09	24,69	24,26	23,93	23,59	23,24	22,88	22,50	22,13	21,76	21,39	20,97	20,55	20,04	19,54	18,99	18,44	28,85
23/04/2020 14:35:00	26,56	26,28	25,85	25,44	25,02	24,57	24,11	23,69	23,29	22,95	22,63	22,31	22,00	21,66	21,31	20,90	20,48	19,99	19,49	18,96	18,43	29,81
23/04/2020 14:40:00	26,74	26,42	25,90	25,38	24,95	24,53	24,09	23,68	23,31	22,99	22,66	22,31	21,96	21,61	21,26	20,86	20,45	19,97	19,48	18,94	18,41	29,00
23/04/2020 14:45:00	26,68	26,29	25,84	25,40	24,87	24,40	23,97	23,59	23,24	22,92	22,63	22,36	22,08	21,77	21,47	21,08	20,69	20,23	19,76	19,25	18,75	28,93
23/04/2020 14:50:00	26,70	26,44	25,94	25,46	25,02	24,61	24,21	23,77	23,37	23,04	22,74	22,43	22,13	21,80	21,48	21,07	20,66	20,17	19,67	19,14	18,61	28,96
23/04/2020 14:55:00	26,70	26,38	25,93	25,45	24,99	24,54	24,10	23,67	23,28	22,92	22,65	22,39	22,14	21,83	21,53	21,13	20,73	20,25	19,77	19,25	18,74	29,44
23/04/2020 15:00:00	26,70	26,28	25,84	25,43	25,05	24,66	24,26	23,86	23,49	23,16	22,85	22,53	22,22	21,88	21,54	21,13	20,71	20,21	19,72	19,17	18,63	29,46
23/04/2020 15:05:00	26,84	26,49	25,98	25,50	25,09	24,67	24,25	23,88	23,52	23,18	22,86	22,55	22,23	21,90	21,56	21,16	20,75	20,26	19,77	19,23	18,69	29,31
23/04/2020 15:10:00	26,96	26,66	26,16	25,65	25,17	24,70	24,24	23,84	23,45	23,05	22,73	22,45	22,16	21,84	21,52	21,11	20,70	20,21	19,72	19,19	18,66	29,47
23/04/2020 15:15:00	26,91	26,58	26,14	25,71	25,26	24,84	24,41	23,99	23,59	23,20	22,85	22,53	22,21	21,86	21,51	21,08	20,66	20,15	19,64	19,10	18,55	29,33
23/04/2020 15:20:00	26,83	26,49	26,09	25,72	25,31	24,90	24,47	24,04	23,65	23,33	23,04	22,74	22,44	22,11	21,77	21,36	20,94	20,45	19,95	19,41	18,88	29,24
23/04/2020 15:25:00	26,85	26,47	26,03	25,61	25,19	24,78	24,39	24,07	23,74	23,38	23,07	22,78	22,48	22,16	21,84	21,43	21,03	20,54	20,05	19,51	18,97	29,59
23/04/2020 15:30:00	26,72	26,49	26,13	25,75	25,28	24,87	24,50	24,10	23,71	23,34	23,03	22,75	22,46	22,13	21,81	21,39	20,98	20,48	19,99	19,45	18,92	29,22
23/04/2020 15:35:00	26,75	26,54	26,14	25,73	25,33	24,90	24,47	24,07	23,67	23,24	22,90	22,59	22,28	21,93	21,59	21,15	20,72	20,21	19,69	19,14	18,58	29,32
23/04/2020 15:40:00	26,69	26,46	26,05	25,64	25,18	24,74	24,31	23,92	23,55	23,21	22,91	22,63	22,34	22,03	21,71	21,30	20,90	20,41	19,93	19,40	18,88	29,18
23/04/2020 15:45:00	26,94	26,49	26,02	25,56	25,09	24,69	24,33	23,97	23,63	23,32	23,02	22,72	22,41	22,09	21,77	21,38	20,99	20,51	20,03	19,50	18,97	29,43
23/04/2020 15:50:00	26,48	26,38	26,04	25,67	25,23	24,84	24,49	24,04	23,63	23,29	23,00	22,71	22,43	22,10	21,78	21,36	20,95	20,45	19,95	19,42	18,88	28,62
23/04/2020 15:55:00	26,61	26,42	26,08	25,73	25,34	24,94	24,53	24,12	23,73	23,40	23,08	22,74	22,41	22,06	21,70	21,28	20,86	20,35	19,85	19,30	18,75	28,70
23/04/2020 16:00:00	26,62	26,48	26,12	25,75	25,36	24,95	24,53	24,16	23,80	23,44	23,12	22,81	22,49	22,15	21,81	21,40	20,98	20,48	19,98	19,43	18,89	28,96
23/04/2020 16:05:00	26,79	26,42	26,02	25,62	25,17	24,80	24,47	24,08	23,73	23,42	23,14	22,85	22,56	22,24	21,93	21,53	21,13	20,64	20,15	19,62	19,09	29,51
23/04/2020 16:10:00	26,82	26,49	26,12	25,76	25,38	24,99	24,59	24,17	23,78	23,43	23,11	22,79	22,48	22,13	21,78	21,36	20,93	20,42	19,91	19,36	18,81	29,05
23/04/2020 16:15:00	26,78	26,54	26,13	25,73	25,33	24,95	24,59	24,18	23,80	23,47	23,17	22,87	22,57	22,24	21,91	21,49	21,08	20,58	20,08	19,53	18,99	29,15
23/04/2020 16:20:00	26,71	26,53	26,15	25,73	25,28	24,86	24,47	24,06	23,67	23,29	22,99	22,73	22,46	22,15	21,84	21,43	21,01	20,52	20,03	19,49	18,96	29,34
23/04/2020 16:25:00	26,66	26,62	26,21	25,77	25,40	24,98	24,52	24,11	23,72	23,37	23,09	22,81	22,54	22,22	21,90	21,49	21,08	20,58	20,08	19,55	19,02	28,98
23/04/2020 16:30:00	26,83	26,67	26,27	25,84	25,34	24,89	24,49	24,11	23,76	23,41	23,10	22,80	22,50	22,18	21,86	21,46	21,06	20,58	20,09	19,57	19,04	29,26
23/04/2020 16:35:00	26,95	26,92	26,57	26,19	25,78	25,36	24,94	24,51	24,10	23,71	23,39	23,08	22,77	22,43	22,08	21,65	21,22	20,70	20,19	19,63	19,08	29,10
23/04/2020 16:40:00	27,06	26,81	26,43	26,02	25,62	25,22	24,83	24,46	24,08	23,67	23,37	23,12	22,87	22,56	22,25	21,83	21,41	20,91	20,40	19,86	19,31	29,13
23/04/2020 16:45:00	26,94	26,84	26,47	26,06	25,61	25,21	24,85	24,45	24,06	23,68	23,38	23,10	22,81	22,49	22,17	21,75	21,33	20,83	20,33	19,78	19,24	29,21
23/04/2020 16:50:00	26,97	26,81	26,47	26,10	25,69	25,28	24,87	24,50	24,14	23,79	23,47	23,16	22,85	22,51	22,18	21,76	21,34	20,84	20,34	19,80	19,25	29,11
23/04/2020 16:55:00	26,78	26,82	26,51	26,16	25,75	25,35	24,97	24,57	24,19	23,83	23,53	23,24	22,96	22,63	22,31	21,89	21,47	20,96	20,46	19,92	19,37	29,05
23/04/2020 17:00:00	26,87	26,79	26,46	26,12	25,71	25,29	24,88	24,54	24,19	23,83	23,51	23,19	22,88	22,54	22,20	21,78	21,36	20,86	20,36	19,81	19,27	28,46
23/04/2020 17:05:00	27,01	26,81	26,49	26,15	25,74	25,34	24,93	24,53	24,16	23,83	23,52	23,20	22,89	22,55	22,21	21,79	21,37	20,86	20,36	19,81	19,27	29,12
23/04/2020 17:10:00	26,95	26,96	26,61	26,19	25,75	25,35	24,98	24,56	24,17	23,82	23,50	23,19	22,88	22,54	22,20	21,79	21,37	20,86	20,36	19,81	19,27	29,24
23/04/2020 17:15:00	27,03	26,86	26,52	26,17	25,75	25,35	24,97	24,59	24,23	23,90	23,60	23,31	23,02	22,69	22,37	21,95	21,54	21,04	20,54	20,00	19,46	29,02
23/04/2020 17:20:00	27,04	26,83	26,48	26,13	25,73	25,38	25,04	24,65	24,28	23,95	23,67	23,38	23,10	22,78	22,45	22,04	21,63	21,12	20,62	20,07	19,52	29,16
23/04/2020 17:25:00	26,95	26,85	26,48	26,13	25,79	25,44	25,08	24,66	24,27	23,94	23,64	23,32	23,01	22,67	22,32	21,90	21,47	20,95	20,43	19,87	19,30	29,16
23/04/2020 17:30:00	26,83	26,81	26,49	26,12	25,72	25,31	24,89	24,54	24,20	23,88	23,55	23,20	22,86	22,51	22,16	21,75	21,34	20,84	20,34	19,79	19,25	28,89
23/04/2020 17:35:00	26,67	26,70	26,41	26,09	25,71	25,32	24,92	24,51	24,12	23,75	23,47	23,19	22,92	22,59	22,27	21,85	21,42	20,91	20,40	19,86	19,31	28,52
23/04/2020 17:40:00	26,89	26,87	26,66	26,39	26,01	25,63	25,26	24,93	24,60	24,22	23,93	23,66	23,38	23,06	22,75	22,33	21,91	21,40	20,89	20,34	19,79	28,46
23/04/2020 17:45:00	26,89	27,04	26,76	26,37	25,93	25,52	25,13	24,71	24,32	23,94	23,65	23,40	23,15	22,85	22,54	22,13	21,71	21,21	20,71	20,18	19,64	28,25
23/04/2020 17:50:00	26,90	27,00	26,73	26,40	25,94	25,53	25,16	24,75	24,37	24,04	23,76	23,49	23,22	22,91	22,60	22,19	21,78	21,29	20,79	20,26	19,73	28,56
23/04/2020 17:55:00	26,82	27,00	26,69	26,32	25,99	25,58	25,11	24,68	24,30	24,01	23,73	23,43	23,13	22,80	22,47	22,05	21,63	21,13	20,63	20,09	19,55	28,20
23/04/2020 18:00:00	26,78	26,91	26,62	26,29	25,92	25,54	25,15	24,75	24,37	24,04	23,77	23,52	23,27	22,96	22,65	22,24	21,82	21,32	20,82	20,28	19,74	28,25
23/04/2020 18:05:00	26,73	26,85	26,58	26,25	25,89	25,51	25,13	24,76	24,41	24,06	23,76	23,47	23,18	22,85	22,52	22,10	21,69	21,18	20,67	20,12	19,57	28,13
23/04/2020 18:10:00	26,67	26,88	26,63	26,33	25,93	25,53	25,13	24,78	24,42	24,02	23,70	23,39	23,09	22,75	22,41	21,99	21,56	21,05	20,53	19,98	19,42	28,10
23/04/2020 18:15:00	26,65	26,79	26,51	26,19	25,82	25,45	25,06	24,67	24,30	23,98	23,67	23,36	23,04	22,70	22,36	21,94	21,51	21,01	20,50	19,95	19,40	28,00
23/04/2020 18:20:00	26,66	26,74	26,42	26,04	25,64	25,27	24,92	24,53	24,18	23,88	23,63	23,38	23,13	22,83	22,53	22,14	21,74	21,26	20,77	20,24	19,71	27,76
23/04/2020 18:25:00	26,36	26,76	26,56	26,28	25,88	25,51	25,15	24,75	24,37	24,00	23,70	23,42	23,13	22,80	22,47	22,04	21,62	21,10	20,59	20,04	19,49	27,92
23/04/2020 18:30:00	26,56	26,75	26,48	26,15	25,75	25,38	25,03	24,63	24,25	23,88	23,59	23,31	23,04	22,72	22,39	21,97	21,55	21,05	20,54	19,99	19,45	27,76
23/04/2020 18:35:00	26,46	26,60	26,35	26,06	25,74	25,38	25,00	24,65	24,33	24,03	23,77	23,52	23,26	22,95	22,65	22,25	21,84	21,35	20,85	20,31	19,78	27,60
23/04/2020 18:40:00	26,52	26,68	26,46	26,19	25,85	25,49	25,12	24,73	24,39	24,12	23,81	23,47	23,13	22,78	22,43	22,01	21,59	21,09	20,58	20,04	19,49	28,03
23/04/2020 18:45:00	26,36	26,60	26,38	26,08	25,62	25,24	24,92	24,55	24,20	23,85	23,57	23,29	23,02	22,71	22,39	21,98	21,58	21,08	20,59	20,06	19,52	27,66
23/04/2020 18:50:00	26,45	26,61	26,37	26,06	25,66	25,25	24,82	24,48	24,14	23,77	23,47	23,20	22,92	22,60	22,28	21,87	21,46	20,96	20,46	19,93	19,39	27,85
23/04/2020 18:55:00	26,35	26,63	26,36	26,01	25,66	25,32	24,97	24,59	24,24	23,92	23,61	23,30	22,99	22,65	22,32	21,90	21,49	20,98	20,47	19,93	19,38	27,40
23/04/2020 19:00:00	26,45	26,52	26,29	26,00	25,63	25,25	24,87	24,50	24,15	23,79	23,51	23,24	22,98	22,66	22,35	21,93	21,51	21,01	20,51	19,97	19,42	27,48
23/04/2020 19:05:00	26,26	26,46	26,22	25,91	25,54	25,15	24,75	24,33	23,97	23,68	23,42	23,14	22,86	22,54	22,22	21,81	21,40	20,92	20,43	19,90	19,37	27,68
23/04/2020 19:10:00	26,19	26,32	26,09	25,81	25,49	25,18	24,84	24,48	24,15	23,84	23,62	23,39	23,17	22,88	22,60	22,19	21,79	21,30	20,80	20,27	19,73	27,63
23/04/2020 19:15:00	26,32	26,36	26,07	25,77	25,43	25,12	24,82	24,47	24,14	23,86	23,61	23,33	23,06	22,75	22,44	22,04	21,64	21,15	20,65	20,11	19,57	27,58
23/04/2020 19:20:00	26,25	26,34	26,11	25,89	25,67	25,37	25,00	24,66	24,33	24,00	23,71	23,41	23,11	22,77	22,43	22,00	21,57	21,05	20,52	19,95	19,38	27,35
23/04/2020 19:25:00	26,18	26,40	26,16	25,86	25,45	25,10	24,79	24,39	24,03	23,72	23,46	23,20	22,94	22,64	22,33	21,93	21,52	21,03	20,54	20,00	19,47	27,29
23/04/2020 19:30:00	26,19	26,41	26,11	25,78	25,47	25,11	24,70	24,31	23,98	23,73	23,48	23,21	22,95	22,64	22,34	21,94	21,54	21,05	20,56	20,03	19,50	27,01
23/04/2020 19:35:00	26,15	26,36	26,14	25,85	25,48	25,12	24,75	24,34	23,97	23,69	23,40	23,10	22,80	22,47	22,14	21,72	21,31	20,82	20,32	19,78	19,25	27,04
23/04/2020 19:40:00	26,03	26,22	26,00	25,72	25,34	25,01	24,70	24,30	23,95	23,66	23,40	23,13	22,86	22,55	22,24	21,83	21,43	20,94	20,45	19,92	19,38	27,03
23/04/2020 19:45:00	26,03	26,24	26,02	25,73	25,32	24,94	24,59	24,30	24,01	23,71	23,41	23,09	22,77	22,44	22,11	21,72	21,32	20,84	20,35	19,83	19,30	26,74
23/04/2020 19:50:00	25,90	26,23	26,03	25,74	25,40	25,00	24,57	24,25	23,93	23,58	23,29	23,01	22,73	22,41	22,10	21,69	21,28	20,78	20,29	19,76	19,23	26,79
23/04/2020 19:55:00	25,98	26,14	25,87	25,57	25,28	24,96	24,62	24,27	23,95	23,64	23,38	23,13	22,88	22,57	22,27	21,86	21,46	20,96	20,46	19,92	19,38	26,43
23/04/2020 20:00:00	25,83	26,13	25,92	25,64	25,34	25,02	24,66	24,30	23,97	23,67	23,38	23,08	22,79	22,46	22,13	21,71	21,30	20,80	20,30	19,75	19,21	26,66
23/04/2020 20:05:00	25,82	26,07	25,88	25,65	25,27	24,91	24,56	24,23	23,91	23,59	23,28	22,98	22,67	22,34	22,01	21,60	21,19	20,69	20,19	19,65	19,12	26,49
23/04/2020 20:10:00	25,72	26,02	25,84	25,59	25,26	24,90	24,52	24,17	23,83	23,50	23,25	23,00	22,75	22,45	22,14	21,73	21,33	20,83	20,34	19,82	19,29	26,58
23/04/2020 20:15:00	25,70	26,08	25,87	25,57	25,22	24,84	24,44	24,08	23,73	23,38	23,11	22,85	22,59	22,28	21,98	21,57	21,16	20,66	20,17	19,64	19,12	26,61
23/04/2020 20:20:00	25,65	26,00	25,77	25,47	25,08	24,69	24,30	23,93	23,60	23,30	23,05	22,79	22,54	22,25	21,95	21,56	21,16	20,69	20,21	19,70	19,19	26,03
23/04/2020 20:25:00	25,62	25,81	25,65	25,48	25,17	24,83	24,46	24,14	23,80	23,43	23,12	22,82	22,52	22,19	21,85	21,42	20,99	20,47	19,96	19,41	18,86	26,36
23/04/2020 20:30:00	25,55	25,68	25,48	25,24	24,91	24,60	24,29	24,00	23,72	23,45	23,19	22,90	22,62	22,31	22,00	21,61	21,22	20,74	20,26	19,73	19,20	26,09
23/04/2020 20:35:00	25,47	25,64	25,43	25,19	24,89	24,61	24,34	24,01	23,68	23,36	23,11	22,86	22,60	22,30	22,00	21,59	21,18	20,69	20,19	19,65	19,10	26,33
23/04/2020 20:40:00	25,43	25,72	25,55	25,28	24,91	24,56	24,20	23,83	23,49	23,20	22,92	22,64	22,36	22,05	21,73	21,33	20,93	20,45	19,96	19,44	18,92	26,16
23/04/2020 20:45:00	25,20	25,57	25,46	25,27	24,94	24,58	24,20	23,82	23,48	23,22	22,97	22,69	22,41	22,09	21,78	21,37	20,96	20,48	20,00	19,48	18,97	26,02
23/04/2020 20:50:00	25,30	25,55	25,39	25,15	24,86	24,53	24,18	23,84	23,52	23,21	22,93	22,64	22,35	22,03	21,70	21,30	20,89	20,39	19,90	19,37	18,84	26,24
23/04/2020 20:55:00	25,28	25,52	25,40	25,18	24,79	24,45	24,13	23,77	23,43	23,12	22,87	22,63	22,38	22,08	21,78	21,38	20,98	20,50	20,02	19,51	18,99	25,80
23/04/2020 21:00:00	25,23	25,47	25,31	25,11	24,81	24,48	24,13	23,77	23,43	23,10	22,84	22,59	22,34	22,03	21,72	21,31	20,90	20,40	19,91	19,38	18,84	26,16
23/04/2020 21:05:00	25,22	25,40	25,27	25,06	24,73	24,42	24,12	23,80	23,49	23,21	22,93	22,64	22,35	22,03	21,70	21,30	20,90	20,42	19,94	19,41	18,88	25,78
23/04/2020 21:10:00	25,16	25,27	25,08	24,87	24,63	24,38	24,12	23,85	23,58	23,30	23,05	22,78	22,52	22,22	21,91	21,52	21,12	20,63	20,14	19,60	19,06	25,68
23/04/2020 21:15:00	25,01	25,43	25,31	25,10	24,77	24,49	24,22	23,87	23,54	23,23	22,94	22,65	22,36	22,04	21,72	21,31	20,90	20,40	19,91	19,37	18,83	25,46
23/04/2020 21:20:00	25,12	25,40	25,26	25,02	24,67	24,32	23,96	23,60	23,28	23,00	22,75	22,48	22,22	21,92	21,61	21,22	20,82	20,35	19,88	19,36	18,85	25,67
23/04/2020 21:25:00	25,11	25,41	25,21	24,95	24,65	24,32	23,97	23,60	23,27	23,03	22,79	22,53	22,26	21,95	21,65	21,26	20,86	20,38	19,91	19,39	18,87	26,11
23/04/2020 21:30:00	25,08	25,31	25,13	24,89	24,59	24,28	23,96	23,67	23,35	22,98	22,67	22,39	22,10	21,77	21,44	21,03	20,61	20,11	19,62	19,07	18,53	25,83
23/04/2020 21:35:00	24,92	25,20	25,05	24,83	24,56	24,26	23,93	23,61	23,29	22,98	22,68	22,38	22,08	21,75	21,42	21,01	20,59	20,10	19,60	19,07	18,53	25,73
23/04/2020 21:40:00	24,82	25,06	24,98	24,82	24,51	24,21	23,90	23,56	23,22	22,87	22,57	22,27	21,97	21,63	21,30	20,87	20,45	19,95	19,45	18,91	18,37	25,88
23/04/2020 21:45:00	24,63	25,03	24,89	24,67	24,39	24,03	23,64	23,29	22,97	22,69	22,44	22,19	21,94	21,64	21,34	20,95	20,55	20,07	19,60	19,09	18,58	25,33
23/04/2020 21:50:00	24,69	25,04	24,88	24,67	24,41	24,09	23,72	23,40	23,08	22,78	22,51	22,24	21,97	21,65	21,34	20,93	20,52	20,04	19,55	19,02	18,50	25,53
23/04/2020 21:55:00	24,71	25,05	24,83	24,55	24,29	23,97	23,61	23,28	22,97	22,69	22,48	22,27	22,05	21,78	21,50	21,11	20,72	20,25	19,78	19,27	18,76	25,18
23/04/2020 22:00:00	24,73	24,98	24,80	24,58	24,30	24,02	23,72	23,40	23,08	22,77	22,51	22,25	21,99	21,69	21,38	20,98	20,57	20,08	19,60	19,07	18,53	25,61
23/04/2020 22:05:00	24,74	24,88	24,71	24,52	24,29	24,00	23,66	23,34	23,05	22,80	22,51	22,19	21,87	21,53	21,19	20,78	20,38	19,89	19,40	18,87	18,34	25,09
23/04/2020 22:10:00	24,44	24,81	24,71	24,55	24,28	23,98	23,63	23,28	22,94	22,62	22,32	22,01	21,71	21,37	21,02	20,60	20,18	19,68	19,19	18,65	18,11	24,96
23/04/2020 22:15:00	24,39	24,76	24,64	24,45	24,15	23,87	23,58	23,22	22,89	22,59	22,30	22,01	21,71	21,38	21,05	20,64	20,23	19,74	19,25	18,72	18,19	24,98
23/04/2020 22:20:00	24,32	24,74	24,54	24,28	24,04	23,74	23,39	23,02	22,69	22,44	22,17	21,88	21,60	21,28	20,96	20,56	20,16	19,68	19,20	18,68	18,17	24,63
23/04/2020 22:25:00	24,25	24,85	24,73	24,50	24,12	23,71	23,30	22,92	22,52	22,11	21,74	21,38	21,02	20,65	20,28	19,84	19,41	18,91	18,41	17,87	17,34	24,58
23/04/2020 22:30:00	24,14	24,45	24,31	24,12	23,88	23,58	23,26	22,94	22,63	22,36	22,01	21,65	21,28	20,92	20,55	20,14	19,72	19,23	18,74	18,21	17,67	24,44
23/04/2020 22:35:00	23,94	24,37	24,30	24,11	23,75	23,37	22,97	22,57	22,19	21,83	21,51	21,19	20,86	20,51	20,16	19,74	19,31	18,83	18,34	17,83	17,31	23,91
23/04/2020 22:40:00	23,57	24,13	24,10	23,96	23,68	23,37	23,04	22,67	22,31	21,97	21,60	21,23	20,86	20,48	20,10	19,67	19,24	18,73	18,23	17,70	17,16	23,84
23/04/2020 22:45:00	23,55	24,04	23,90	23,64	23,32	22,98	22,62	22,22	21,82	21,44	21,11	20,79	20,46	20,11	19,76	19,33	18,91	18,42	17,93	17,40	16,88	23,96
23/04/2020 22:50:00	23,66	23,88	23,71	23,50	23,18	22,82	22,46	22,15	21,83	21,52	21,23	20,94	20,66	20,34	20,02	19,62	19,23	18,76	18,29	17,79	17,29	24,16
23/04/2020 22:55:00	23,58	23,97	23,82	23,55	23,20	22,86	22,51	22,14	21,78	21,45	21,10	20,76	20,41	20,05	19,69	19,28	18,87	18,40	17,92	17,41	16,90	24,28
23/04/2020 23:00:00	23,68	23,93	23,69	23,38	23,03	22,67	22,32	21,99	21,65	21,28	20,98	20,69	20,40	20,08	19,76	19,36	18,96	18,49	18,02	17,52	17,01	24,28
23/04/2020 23:05:00	23,65	23,82	23,61	23,31	22,90	22,51	22,13	21,79	21,46	21,13	20,85	20,57	20,29	19,98	19,68	19,29	18,91	18,46	18,01	17,52	17,04	24,01
23/04/2020 23:10:00	23,47	23,82	23,57	23,25	22,90	22,52	22,11	21,69	21,30	20,96	20,64	20,32	20,01	19,67	19,33	18,92	18,51	18,03	17,56	17,06	16,56	24,00
23/04/2020 23:15:00	23,30	23,61	23,36	23,04	22,59	22,18	21,77	21,37	21,04	20,78	20,47	20,17	19,86	19,54	19,22	18,84	18,46	18,02	17,58	17,11	16,65	24,03
23/04/2020 23:20:00	23,36	23,41	23,08	22,73	22,42	22,03	21,61	21,33	21,02	20,69	20,43	20,17	19,92	19,63	19,34	18,96	18,58	18,14	17,69	17,21	16,73	23,78
23/04/2020 23:25:00	23,19	23,33	23,10	22,76	22,30	21,87	21,46	21,10	20,77	20,48	20,18	19,89	19,60	19,29	18,99	18,62	18,24	17,81	17,38	16,93	16,47	23,16
23/04/2020 23:30:00	23,16	23,11	22,83	22,54	22,22	21,90	21,57	21,24	20,92	20,61	20,38	20,15	19,91	19,63	19,35	18,97	18,59	18,14	17,69	17,20	16,72	23,57
23/04/2020 23:35:00	22,99	23,17	22,83	22,45	22,08	21,69	21,31	20,92	20,59	20,34	20,15	19,95	19,76	19,51	19,25	18,90	18,54	18,12	17,70	17,25	16,79	23,33
23/04/2020 23:40:00	22,80	23,00	22,80	22,52	22,13	21,79	21,45	21,08	20,74	20,44	20,12	19,80	19,48	19,14	18,81	18,42	18,03	17,58	17,13	16,64	16,16	23,08
23/04/2020 23:45:00	22,88	23,00	22,71	22,37	22,01	21,61	21,19	20,85	20,54	20,26	19,98	19,71	19,43	19,13	18,83	18,46	18,08	17,65	17,22	16,76	16,29	23,24
23/04/2020 23:50:00	22,72	22,84	22,57	22,24	21,86	21,48	21,09	20,69	20,34	20,03	19,74	19,44	19,15	18,83	18,51	18,13	17,74	17,30	16,85	16,38	15,90	23,22
23/04/2020 23:55:00	22,62	22,76	22,45	22,10	21,75	21,42	21,09	20,72	20,35	19,99	19,71	19,43	19,15	18,83	18,52	18,13	17,73	17,28	16,82	16,33	15,84	22,87
