FileFormat:0002.2 file with temperature of atmosphere
SN105HE102 RTK
local	GMT or Local
0	GMT-Local=[hours]
20	Height[m]
0	0	0	Longitude                [grd]               [min]               [sec]
0	0	0	Latitude                [grd]               [min]               [sec]
N	NS
56,45	Freq[GHz]
0,00	dTemostat[K]
0,150	MessErr[K]
0,248	//[grad/step]
version 14.4.20120406
MTP5HE102F5645K-38.60I70D222917+A1.1
Commentary:
SN105HE102
парабола ДНА = 2,5 град
НЕ102 - ПУ - ХВБ с ЦСД " S "
АЦП - 202 - 09 с контр.U пит.и М
оптопара серии - 2
Т out № 178 пл
БП LPS - 112
End Of Commentary

SYSTEM\summer.dat
data time	0	50	100	150	200	250	300	350	400	450	500	550	600	650	700	750	800	850	900	950	1000	OutsideTemperature
24/07/2022 00:00:00	15,29	15,45	15,54	15,61	15,61	15,48	15,30	15,11	14,77	14,38	13,96	13,53	13,11	12,69	12,28	11,87	11,45	11,01	10,58	10,11	9,64	15,21
24/07/2022 00:05:00	15,18	15,29	15,38	15,48	15,56	15,40	15,23	15,12	14,89	14,58	14,09	13,63	13,16	12,74	12,32	11,93	11,54	11,12	10,71	10,25	9,80	15,20
24/07/2022 00:10:00	15,35	15,42	15,48	15,57	15,67	15,56	15,40	15,23	14,97	14,66	14,25	13,84	13,43	13,03	12,63	12,23	11,84	11,41	10,98	10,51	10,05	15,17
24/07/2022 00:15:00	15,18	15,34	15,46	15,55	15,56	15,44	15,27	15,08	14,77	14,39	13,96	13,52	13,09	12,67	12,25	11,84	11,43	10,99	10,56	10,10	9,63	15,17
24/07/2022 00:20:00	15,23	15,34	15,49	15,58	15,55	15,49	15,34	15,11	14,77	14,36	13,96	13,53	13,10	12,69	12,27	11,85	11,43	10,98	10,54	10,07	9,60	15,18
24/07/2022 00:25:00	15,19	15,32	15,43	15,53	15,56	15,42	15,21	14,99	14,70	14,38	14,03	13,64	13,26	12,88	12,50	12,10	11,70	11,28	10,86	10,41	9,96	15,14
24/07/2022 00:30:00	15,36	15,52	15,65	15,72	15,68	15,57	15,36	15,06	14,77	14,45	14,07	13,67	13,27	12,87	12,48	12,08	11,67	11,25	10,82	10,38	9,93	15,21
24/07/2022 00:35:00	15,20	15,43	15,62	15,78	15,84	15,76	15,61	15,39	15,11	14,78	14,31	13,84	13,37	12,93	12,49	12,07	11,65	11,21	10,76	10,29	9,81	15,17
24/07/2022 00:40:00	15,23	15,41	15,55	15,65	15,61	15,56	15,45	15,26	14,96	14,60	14,16	13,73	13,29	12,88	12,46	12,06	11,65	11,22	10,78	10,32	9,85	15,15
24/07/2022 00:45:00	15,34	15,50	15,64	15,74	15,70	15,56	15,36	15,14	14,85	14,50	14,06	13,62	13,18	12,77	12,35	11,95	11,54	11,11	10,69	10,23	9,78	15,36
24/07/2022 00:50:00	15,46	15,72	15,97	16,12	16,03	15,91	15,71	15,41	15,12	14,80	14,26	13,75	13,23	12,77	12,31	11,89	11,47	11,03	10,59	10,13	9,67	15,33
24/07/2022 00:55:00	15,49	15,98	16,19	16,27	16,15	15,96	15,67	15,29	14,89	14,45	13,98	13,50	13,02	12,56	12,11	11,65	11,20	10,75	10,29	9,82	9,35	15,22
24/07/2022 01:00:00	15,54	16,03	16,18	16,18	16,03	15,84	15,59	15,26	14,85	14,39	13,99	13,56	13,14	12,72	12,30	11,87	11,44	10,99	10,55	10,10	9,64	15,35
24/07/2022 01:05:00	15,42	16,06	16,35	16,49	16,39	16,16	15,87	15,54	15,16	14,73	14,12	13,55	12,97	12,46	11,95	11,49	11,03	10,57	10,10	9,62	9,14	15,42
24/07/2022 01:10:00	15,38	15,73	15,93	16,10	16,19	16,06	15,85	15,62	15,25	14,79	14,31	13,82	13,32	12,85	12,37	11,91	11,45	10,98	10,50	9,99	9,49	15,34
24/07/2022 01:15:00	15,25	15,66	15,90	16,07	16,09	15,93	15,68	15,35	14,98	14,55	14,07	13,58	13,08	12,60	12,13	11,67	11,21	10,74	10,28	9,79	9,30	15,18
24/07/2022 01:20:00	15,43	15,95	16,21	16,31	16,15	15,90	15,60	15,24	14,79	14,29	13,84	13,38	12,91	12,45	11,99	11,53	11,07	10,61	10,15	9,68	9,21	15,20
24/07/2022 01:25:00	15,13	15,54	15,80	15,99	16,05	15,95	15,75	15,46	15,13	14,74	14,19	13,65	13,11	12,61	12,12	11,67	11,21	10,74	10,27	9,78	9,28	15,06
24/07/2022 01:30:00	14,92	15,35	15,71	15,96	15,99	15,98	15,85	15,58	15,21	14,78	14,27	13,75	13,23	12,74	12,26	11,79	11,32	10,84	10,36	9,86	9,35	14,83
24/07/2022 01:35:00	14,69	15,07	15,41	15,68	15,79	15,71	15,55	15,35	15,06	14,69	14,16	13,64	13,11	12,63	12,15	11,71	11,27	10,81	10,35	9,86	9,37	14,72
24/07/2022 01:40:00	14,55	15,17	15,53	15,79	15,91	15,83	15,67	15,44	15,13	14,74	14,25	13,75	13,25	12,78	12,31	11,86	11,42	10,95	10,49	10,00	9,51	14,59
24/07/2022 01:45:00	14,62	15,16	15,62	15,96	16,02	15,90	15,72	15,53	15,21	14,80	14,27	13,75	13,22	12,73	12,25	11,79	11,34	10,87	10,41	9,92	9,43	14,34
24/07/2022 01:50:00	14,52	15,14	15,62	15,91	15,89	15,77	15,57	15,31	14,96	14,54	14,00	13,46	12,92	12,43	11,94	11,48	11,02	10,56	10,09	9,61	9,13	14,42
24/07/2022 01:55:00	14,56	14,92	15,27	15,54	15,66	15,70	15,58	15,28	14,97	14,59	14,04	13,48	12,93	12,42	11,92	11,45	10,99	10,51	10,03	9,51	9,00	14,32
24/07/2022 02:00:00	14,54	14,95	15,27	15,47	15,46	15,33	15,14	14,90	14,55	14,15	13,76	13,34	12,92	12,50	12,08	11,65	11,22	10,78	10,34	9,88	9,43	14,60
24/07/2022 02:05:00	14,43	15,14	15,55	15,75	15,63	15,51	15,31	15,03	14,59	14,11	13,72	13,29	12,87	12,43	12,00	11,55	11,10	10,64	10,19	9,72	9,25	14,76
24/07/2022 02:10:00	14,68	15,24	15,64	15,88	15,83	15,76	15,60	15,33	14,93	14,45	13,89	13,34	12,79	12,28	11,77	11,30	10,83	10,36	9,88	9,38	8,88	15,09
24/07/2022 02:15:00	14,65	15,43	15,69	15,82	15,76	15,54	15,24	14,88	14,52	14,12	13,59	13,08	12,57	12,09	11,62	11,18	10,73	10,29	9,84	9,38	8,93	15,19
24/07/2022 02:20:00	14,54	15,09	15,45	15,69	15,73	15,59	15,33	14,99	14,56	14,08	13,57	13,04	12,50	11,99	11,49	11,00	10,51	10,02	9,54	9,03	8,53	15,33
24/07/2022 02:25:00	14,86	15,66	16,00	16,16	16,03	15,82	15,59	15,33	14,93	14,46	13,93	13,42	12,90	12,43	11,95	11,50	11,06	10,61	10,15	9,69	9,22	15,37
24/07/2022 02:30:00	15,06	15,57	16,01	16,33	16,42	16,29	16,10	15,90	15,54	15,07	14,46	13,85	13,24	12,70	12,16	11,68	11,20	10,71	10,21	9,69	9,18	15,32
24/07/2022 02:35:00	14,88	15,35	15,64	15,81	15,74	15,62	15,44	15,22	14,87	14,45	13,97	13,49	13,01	12,56	12,11	11,67	11,24	10,80	10,35	9,88	9,42	15,04
24/07/2022 02:40:00	14,42	15,03	15,39	15,60	15,56	15,46	15,31	15,12	14,78	14,38	13,96	13,53	13,09	12,67	12,25	11,83	11,41	10,98	10,54	10,08	9,63	14,46
24/07/2022 02:45:00	14,39	15,14	15,59	15,90	15,97	15,94	15,80	15,53	15,17	14,74	14,19	13,64	13,09	12,58	12,07	11,60	11,13	10,65	10,17	9,66	9,15	14,40
24/07/2022 02:50:00	14,76	15,17	15,53	15,79	15,83	15,75	15,59	15,37	14,99	14,54	14,13	13,68	13,23	12,79	12,34	11,89	11,43	10,97	10,50	10,01	9,52	14,60
24/07/2022 02:55:00	15,03	15,41	15,73	15,95	15,96	15,75	15,50	15,27	14,93	14,52	14,10	13,65	13,21	12,77	12,34	11,90	11,46	11,02	10,57	10,11	9,65	15,27
24/07/2022 03:00:00	14,87	15,33	15,62	15,80	15,76	15,72	15,58	15,33	14,95	14,50	14,02	13,52	13,02	12,55	12,09	11,64	11,19	10,72	10,26	9,77	9,27	15,45
24/07/2022 03:05:00	14,87	15,31	15,55	15,73	15,76	15,64	15,50	15,35	14,98	14,52	14,11	13,68	13,24	12,81	12,38	11,95	11,52	11,06	10,61	10,12	9,64	15,07
24/07/2022 03:10:00	15,04	15,30	15,45	15,56	15,58	15,55	15,39	15,08	14,74	14,36	13,91	13,44	12,97	12,52	12,08	11,64	11,21	10,75	10,30	9,81	9,33	15,30
24/07/2022 03:15:00	15,04	15,20	15,39	15,54	15,56	15,50	15,31	14,98	14,67	14,32	13,92	13,48	13,05	12,62	12,20	11,77	11,34	10,89	10,44	9,97	9,50	15,30
24/07/2022 03:20:00	15,03	15,07	15,23	15,37	15,36	15,26	15,06	14,77	14,50	14,20	13,78	13,35	12,92	12,51	12,10	11,69	11,28	10,85	10,43	9,97	9,52	15,30
24/07/2022 03:25:00	14,90	15,08	15,23	15,29	15,15	14,98	14,75	14,45	14,15	13,82	13,41	13,00	12,58	12,19	11,79	11,39	11,00	10,59	10,19	9,76	9,34	15,08
24/07/2022 03:30:00	14,81	14,80	14,85	14,90	14,89	14,83	14,69	14,48	14,18	13,85	13,51	13,14	12,78	12,41	12,04	11,65	11,26	10,84	10,43	9,99	9,54	15,01
24/07/2022 03:35:00	14,71	14,67	14,69	14,72	14,73	14,58	14,39	14,19	13,94	13,65	13,26	12,87	12,48	12,10	11,73	11,35	10,97	10,58	10,18	9,76	9,33	14,65
24/07/2022 03:40:00	14,45	14,35	14,45	14,56	14,63	14,60	14,49	14,33	14,13	13,89	13,54	13,17	12,81	12,45	12,09	11,72	11,36	10,96	10,57	10,14	9,71	14,55
24/07/2022 03:45:00	14,14	14,34	14,41	14,49	14,58	14,54	14,45	14,31	14,12	13,88	13,50	13,13	12,76	12,40	12,05	11,69	11,33	10,94	10,55	10,12	9,70	14,34
24/07/2022 03:50:00	14,10	14,15	14,34	14,53	14,65	14,72	14,69	14,57	14,32	14,00	13,59	13,17	12,74	12,34	11,93	11,53	11,14	10,71	10,28	9,81	9,34	14,24
24/07/2022 03:55:00	14,20	14,40	14,56	14,71	14,77	14,65	14,53	14,43	14,15	13,81	13,45	13,07	12,70	12,32	11,95	11,56	11,18	10,77	10,36	9,92	9,48	14,24
24/07/2022 04:00:00	14,20	14,15	14,25	14,35	14,40	14,34	14,24	14,11	13,87	13,58	13,24	12,88	12,52	12,16	11,80	11,44	11,07	10,67	10,28	9,85	9,42	14,15
24/07/2022 04:05:00	14,15	14,13	14,25	14,41	14,57	14,60	14,58	14,52	14,35	14,11	13,75	13,38	13,01	12,65	12,29	11,94	11,58	11,18	10,78	10,34	9,89	14,10
24/07/2022 04:10:00	14,31	14,32	14,61	14,85	14,95	14,93	14,80	14,55	14,32	14,04	13,67	13,27	12,86	12,46	12,06	11,66	11,25	10,82	10,40	9,94	9,49	14,19
24/07/2022 04:15:00	14,32	14,29	14,49	14,70	14,85	14,95	14,89	14,66	14,43	14,15	13,74	13,30	12,86	12,44	12,03	11,62	11,21	10,77	10,33	9,85	9,37	14,04
24/07/2022 04:20:00	14,08	14,19	14,24	14,24	14,16	14,07	13,93	13,74	13,53	13,30	13,00	12,69	12,38	12,07	11,75	11,42	11,08	10,72	10,36	9,98	9,59	14,04
24/07/2022 04:25:00	14,04	14,15	14,26	14,40	14,57	14,55	14,41	14,17	13,97	13,75	13,42	13,07	12,71	12,35	11,99	11,61	11,23	10,83	10,42	9,98	9,54	13,91
24/07/2022 04:30:00	14,13	14,12	14,24	14,41	14,58	14,59	14,50	14,33	14,16	13,92	13,48	13,05	12,62	12,22	11,81	11,43	11,05	10,64	10,23	9,78	9,33	13,97
24/07/2022 04:35:00	13,98	13,98	14,07	14,20	14,31	14,29	14,20	14,08	13,83	13,54	13,22	12,88	12,53	12,18	11,83	11,45	11,08	10,67	10,27	9,83	9,39	14,03
24/07/2022 04:40:00	13,80	13,87	14,02	14,13	14,14	14,14	14,06	13,89	13,66	13,36	12,96	12,55	12,14	11,76	11,38	11,00	10,63	10,23	9,83	9,39	8,96	13,90
24/07/2022 04:45:00	13,38	13,50	13,58	13,68	13,75	13,72	13,61	13,40	13,14	12,84	12,45	12,05	11,66	11,27	10,88	10,50	10,12	9,71	9,31	8,88	8,44	13,34
24/07/2022 04:50:00	13,09	13,28	13,38	13,41	13,34	13,32	13,20	12,96	12,77	12,53	12,08	11,66	11,23	10,85	10,47	10,13	9,78	9,41	9,04	8,65	8,26	13,12
24/07/2022 04:55:00	13,11	13,16	13,14	13,10	13,00	12,83	12,62	12,39	12,09	11,74	11,32	10,90	10,49	10,10	9,72	9,35	8,98	8,61	8,24	7,85	7,45	13,03
24/07/2022 05:00:00	12,91	13,08	12,97	12,78	12,51	12,33	12,10	11,80	11,44	11,09	10,80	10,50	10,20	9,88	9,56	9,22	8,88	8,53	8,19	7,83	7,48	12,86
24/07/2022 05:05:00	12,91	12,74	12,52	12,33	12,19	11,97	11,75	11,52	11,19	10,85	10,56	10,25	9,94	9,62	9,30	8,96	8,62	8,27	7,93	7,56	7,20	12,90
24/07/2022 05:10:00	13,01	12,66	12,34	12,04	11,75	11,47	11,18	10,88	10,59	10,31	10,07	9,81	9,55	9,28	9,00	8,70	8,40	8,09	7,79	7,47	7,16	13,79
24/07/2022 05:15:00	13,08	12,72	12,38	12,07	11,82	11,64	11,38	11,03	10,78	10,57	10,38	10,17	9,96	9,72	9,47	9,18	8,88	8,58	8,28	7,96	7,65	13,70
24/07/2022 05:20:00	13,21	13,05	12,71	12,41	12,20	11,92	11,65	11,41	11,16	10,94	10,74	10,54	10,33	10,10	9,86	9,58	9,30	9,00	8,71	8,40	8,10	13,55
24/07/2022 05:25:00	13,11	12,77	12,57	12,42	12,33	12,25	12,13	11,99	11,75	11,50	11,32	11,11	10,89	10,64	10,39	10,09	9,79	9,46	9,13	8,78	8,43	13,37
24/07/2022 05:30:00	13,25	12,97	12,80	12,68	12,59	12,58	12,48	12,31	12,19	12,10	12,04	11,93	11,82	11,65	11,47	11,21	10,95	10,66	10,37	10,05	9,73	13,25
24/07/2022 05:35:00	13,08	12,97	12,87	12,77	12,65	12,51	12,44	12,44	12,37	12,31	12,29	12,24	12,20	12,08	11,96	11,74	11,53	11,27	11,02	10,74	10,47	13,08
24/07/2022 05:40:00	12,96	12,89	12,81	12,72	12,61	12,54	12,42	12,27	12,12	12,03	12,05	12,01	11,97	11,83	11,70	11,44	11,18	10,90	10,62	10,32	10,01	12,94
24/07/2022 05:45:00	12,92	12,66	12,56	12,45	12,32	12,29	12,23	12,15	12,09	12,07	12,12	12,12	12,12	12,02	11,93	11,71	11,50	11,25	11,00	10,72	10,44	12,90
24/07/2022 05:50:00	12,77	12,73	12,54	12,38	12,27	12,16	12,04	11,92	11,91	11,93	11,93	11,91	11,88	11,78	11,68	11,48	11,28	11,05	10,81	10,55	10,30	12,79
24/07/2022 05:55:00	12,86	12,64	12,52	12,45	12,40	12,38	12,32	12,24	12,16	12,09	12,02	11,91	11,81	11,64	11,48	11,24	10,99	10,71	10,43	10,12	9,81	12,80
24/07/2022 06:00:00	12,79	12,59	12,45	12,34	12,24	12,11	12,02	11,99	11,94	11,90	11,86	11,80	11,74	11,61	11,48	11,27	11,05	10,80	10,56	10,28	10,01	12,80
24/07/2022 06:05:00	12,95	12,71	12,58	12,43	12,21	12,12	12,03	11,94	11,84	11,76	11,69	11,59	11,50	11,35	11,20	10,97	10,75	10,49	10,23	9,95	9,67	12,99
24/07/2022 06:10:00	12,96	12,61	12,45	12,33	12,26	12,11	12,04	12,08	12,03	11,98	11,96	11,90	11,85	11,73	11,61	11,40	11,19	10,94	10,70	10,42	10,15	12,95
24/07/2022 06:15:00	12,80	12,53	12,34	12,18	12,06	12,02	11,93	11,80	11,81	11,84	11,82	11,77	11,72	11,61	11,50	11,30	11,10	10,86	10,62	10,35	10,09	12,85
24/07/2022 06:20:00	12,92	12,74	12,55	12,33	12,06	11,92	11,79	11,66	11,59	11,56	11,56	11,54	11,51	11,41	11,31	11,11	10,91	10,68	10,45	10,21	9,96	12,90
24/07/2022 06:25:00	12,89	12,73	12,61	12,44	12,24	12,08	11,91	11,75	11,69	11,68	11,73	11,74	11,74	11,65	11,56	11,35	11,14	10,91	10,67	10,42	10,18	12,89
24/07/2022 06:30:00	12,84	12,63	12,46	12,27	12,05	11,85	11,70	11,62	11,51	11,47	11,53	11,54	11,55	11,47	11,39	11,18	10,98	10,75	10,52	10,27	10,02	12,82
24/07/2022 06:35:00	12,81	12,50	12,39	12,28	12,16	12,05	11,95	11,87	11,87	11,88	11,84	11,77	11,71	11,58	11,46	11,25	11,05	10,81	10,57	10,31	10,05	12,88
24/07/2022 06:40:00	12,76	12,52	12,37	12,23	12,10	11,96	11,85	11,79	11,64	11,52	11,51	11,45	11,39	11,26	11,12	10,88	10,64	10,37	10,11	9,82	9,53	12,84
24/07/2022 06:45:00	12,78	12,64	12,50	12,34	12,14	12,07	11,94	11,76	11,65	11,57	11,51	11,41	11,32	11,17	11,01	10,77	10,53	10,26	10,00	9,71	9,42	12,84
24/07/2022 06:50:00	12,93	12,62	12,42	12,23	12,03	11,92	11,77	11,59	11,48	11,41	11,34	11,24	11,14	10,98	10,83	10,59	10,35	10,10	9,84	9,56	9,28	12,90
24/07/2022 06:55:00	12,97	12,80	12,57	12,35	12,18	11,96	11,78	11,63	11,49	11,36	11,27	11,15	11,04	10,87	10,70	10,45	10,21	9,94	9,68	9,39	9,11	12,90
24/07/2022 07:00:00	12,93	12,63	12,45	12,28	12,09	11,95	11,81	11,68	11,53	11,41	11,35	11,25	11,15	10,98	10,82	10,58	10,33	10,06	9,79	9,50	9,21	12,87
24/07/2022 07:05:00	12,81	12,65	12,49	12,35	12,24	12,07	11,86	11,61	11,45	11,33	11,24	11,11	10,98	10,78	10,59	10,31	10,04	9,75	9,46	9,15	8,85	12,93
24/07/2022 07:10:00	12,91	12,84	12,66	12,45	12,21	11,99	11,75	11,52	11,37	11,25	11,16	11,04	10,92	10,75	10,58	10,33	10,08	9,81	9,55	9,27	9,00	13,09
24/07/2022 07:15:00	13,05	12,85	12,69	12,50	12,28	12,09	11,90	11,71	11,50	11,33	11,22	11,07	10,92	10,73	10,53	10,25	9,98	9,70	9,41	9,11	8,81	13,10
24/07/2022 07:20:00	13,09	12,92	12,74	12,56	12,38	12,17	11,93	11,69	11,50	11,35	11,25	11,11	10,98	10,78	10,58	10,31	10,03	9,74	9,46	9,16	8,86	13,05
24/07/2022 07:25:00	13,08	12,84	12,69	12,59	12,50	12,34	12,14	11,94	11,75	11,58	11,44	11,25	11,07	10,84	10,61	10,32	10,03	9,72	9,41	9,08	8,75	13,02
24/07/2022 07:30:00	13,14	12,92	12,72	12,54	12,36	12,19	12,02	11,88	11,70	11,53	11,41	11,27	11,12	10,93	10,73	10,47	10,20	9,92	9,63	9,32	9,02	13,12
24/07/2022 07:35:00	13,13	12,98	12,85	12,70	12,53	12,36	12,20	12,06	11,83	11,63	11,54	11,41	11,27	11,08	10,88	10,60	10,32	10,02	9,72	9,41	9,09	13,08
24/07/2022 07:40:00	13,04	12,79	12,55	12,33	12,12	11,92	11,77	11,70	11,62	11,55	11,49	11,41	11,34	11,21	11,08	10,87	10,66	10,42	10,18	9,92	9,66	13,13
24/07/2022 07:45:00	13,18	12,86	12,61	12,39	12,21	12,03	11,85	11,68	11,60	11,55	11,48	11,39	11,30	11,16	11,01	10,79	10,56	10,31	10,06	9,79	9,52	13,11
24/07/2022 07:50:00	13,05	12,80	12,64	12,48	12,29	12,17	12,04	11,90	11,76	11,66	11,63	11,56	11,49	11,35	11,21	10,96	10,72	10,45	10,18	9,89	9,61	13,01
24/07/2022 07:55:00	13,09	12,83	12,68	12,51	12,27	12,06	11,89	11,77	11,58	11,41	11,32	11,19	11,07	10,89	10,71	10,45	10,20	9,92	9,65	9,36	9,07	13,12
24/07/2022 08:00:00	13,10	12,88	12,59	12,34	12,18	11,97	11,77	11,61	11,47	11,37	11,34	11,28	11,22	11,08	10,94	10,71	10,47	10,21	9,95	9,67	9,40	13,18
24/07/2022 08:05:00	13,20	12,94	12,71	12,51	12,31	12,06	11,88	11,79	11,68	11,60	11,58	11,54	11,49	11,37	11,24	11,03	10,81	10,56	10,32	10,06	9,80	13,14
24/07/2022 08:10:00	13,23	12,92	12,71	12,51	12,28	12,12	11,96	11,80	11,65	11,55	11,60	11,59	11,57	11,46	11,35	11,12	10,88	10,63	10,37	10,09	9,82	13,37
24/07/2022 08:15:00	13,30	13,02	12,80	12,58	12,34	12,23	12,09	11,92	11,79	11,72	11,74	11,72	11,69	11,58	11,46	11,23	11,00	10,75	10,49	10,22	9,94	13,14
24/07/2022 08:20:00	13,26	12,97	12,77	12,60	12,45	12,28	12,12	12,01	11,84	11,73	11,73	11,69	11,64	11,50	11,37	11,12	10,87	10,60	10,33	10,04	9,74	13,27
24/07/2022 08:25:00	13,33	13,13	12,97	12,82	12,66	12,44	12,28	12,20	12,07	11,96	11,89	11,79	11,70	11,54	11,38	11,14	10,90	10,64	10,37	10,08	9,80	13,50
24/07/2022 08:30:00	13,36	13,11	12,94	12,78	12,61	12,39	12,23	12,17	12,15	12,21	12,43	12,57	12,71	12,71	12,71	12,54	12,37	12,16	11,96	11,74	11,52	13,16
24/07/2022 08:35:00	13,15	13,06	12,91	12,72	12,49	12,20	11,97	11,80	11,66	11,55	11,48	11,38	11,28	11,13	10,97	10,73	10,49	10,23	9,97	9,71	9,44	13,17
24/07/2022 08:40:00	13,17	12,92	12,66	12,44	12,24	12,08	11,93	11,81	11,72	11,66	11,62	11,56	11,49	11,37	11,24	11,02	10,80	10,56	10,31	10,04	9,77	13,12
24/07/2022 08:45:00	13,15	12,99	12,78	12,59	12,42	12,22	11,99	11,76	11,66	11,60	11,54	11,44	11,35	11,19	11,04	10,80	10,55	10,29	10,03	9,76	9,48	13,14
24/07/2022 08:50:00	13,16	12,92	12,76	12,63	12,51	12,42	12,30	12,19	12,15	12,14	12,08	12,00	11,91	11,77	11,63	11,41	11,19	10,94	10,68	10,40	10,12	12,86
24/07/2022 08:55:00	12,89	12,64	12,52	12,42	12,34	12,22	12,15	12,17	12,10	12,05	12,05	12,01	11,97	11,86	11,75	11,53	11,32	11,07	10,82	10,54	10,26	12,87
24/07/2022 09:00:00	12,81	12,48	12,35	12,24	12,12	11,99	11,90	11,90	11,81	11,75	11,80	11,80	11,80	11,70	11,61	11,39	11,18	10,93	10,69	10,42	10,14	12,84
24/07/2022 09:05:00	12,69	12,56	12,36	12,16	11,97	11,82	11,68	11,55	11,45	11,40	11,46	11,47	11,48	11,40	11,31	11,09	10,88	10,64	10,40	10,15	9,89	12,82
24/07/2022 09:10:00	12,81	12,56	12,38	12,21	12,05	11,87	11,71	11,60	11,51	11,44	11,39	11,30	11,22	11,08	10,93	10,71	10,48	10,23	9,98	9,71	9,44	13,00
24/07/2022 09:15:00	13,07	12,94	12,70	12,46	12,22	12,11	12,00	11,88	11,81	11,75	11,65	11,55	11,45	11,30	11,16	10,95	10,74	10,50	10,25	9,99	9,72	13,09
24/07/2022 09:20:00	13,18	12,86	12,65	12,45	12,22	12,07	11,88	11,63	11,51	11,42	11,33	11,22	11,10	10,93	10,76	10,51	10,26	9,99	9,73	9,44	9,16	13,13
24/07/2022 09:25:00	13,21	12,96	12,68	12,43	12,22	12,05	11,86	11,66	11,43	11,24	11,16	11,04	10,92	10,73	10,55	10,28	10,01	9,72	9,43	9,13	8,82	13,52
24/07/2022 09:30:00	13,10	12,87	12,65	12,46	12,30	12,14	11,96	11,78	11,61	11,46	11,36	11,23	11,10	10,91	10,72	10,46	10,19	9,91	9,62	9,32	9,01	13,22
24/07/2022 09:35:00	13,29	13,01	12,72	12,49	12,34	12,13	11,95	11,80	11,71	11,63	11,51	11,38	11,24	11,07	10,90	10,67	10,44	10,17	9,91	9,63	9,35	13,52
24/07/2022 09:40:00	13,50	13,15	12,93	12,72	12,49	12,33	12,22	12,17	12,12	12,11	12,15	12,16	12,17	12,10	12,02	11,83	11,64	11,42	11,19	10,94	10,69	13,70
24/07/2022 09:45:00	13,60	13,33	12,94	12,61	12,40	12,18	11,99	11,84	11,74	11,68	11,65	11,60	11,55	11,43	11,31	11,10	10,89	10,65	10,41	10,15	9,89	13,82
24/07/2022 09:50:00	13,81	13,50	13,21	12,93	12,65	12,43	12,19	11,93	11,75	11,61	11,49	11,36	11,22	11,03	10,84	10,58	10,32	10,05	9,77	9,48	9,18	14,15
24/07/2022 09:55:00	13,84	13,58	13,27	12,96	12,61	12,29	12,02	11,80	11,60	11,42	11,27	11,11	10,95	10,75	10,56	10,30	10,05	9,78	9,51	9,23	8,95	14,01
24/07/2022 10:00:00	14,19	13,72	13,30	12,94	12,71	12,44	12,21	12,02	11,72	11,43	11,30	11,13	10,96	10,74	10,52	10,24	9,95	9,64	9,33	9,01	8,68	14,63
24/07/2022 10:05:00	14,11	13,74	13,34	12,98	12,66	12,31	11,99	11,74	11,53	11,35	11,15	10,96	10,77	10,55	10,33	10,07	9,81	9,53	9,26	8,97	8,68	14,26
24/07/2022 10:10:00	14,22	13,80	13,47	13,13	12,74	12,43	12,14	11,88	11,58	11,28	10,95	10,64	10,34	10,04	9,74	9,43	9,13	8,82	8,51	8,18	7,86	14,36
24/07/2022 10:15:00	14,19	13,76	13,34	12,95	12,61	12,34	12,07	11,77	11,50	11,25	11,02	10,79	10,56	10,31	10,06	9,77	9,49	9,19	8,89	8,57	8,26	14,16
24/07/2022 10:20:00	14,29	13,74	13,36	12,99	12,58	12,27	11,99	11,73	11,44	11,16	10,88	10,62	10,35	10,08	9,81	9,52	9,23	8,93	8,63	8,32	8,00	14,22
24/07/2022 10:25:00	14,28	13,86	13,45	13,03	12,61	12,34	12,04	11,68	11,37	11,10	10,83	10,58	10,32	10,05	9,78	9,48	9,18	8,87	8,57	8,25	7,93	14,45
24/07/2022 10:30:00	14,54	14,07	13,57	13,11	12,74	12,38	12,03	11,69	11,39	11,09	10,79	10,51	10,22	9,93	9,65	9,35	9,04	8,73	8,42	8,10	7,78	14,56
24/07/2022 10:35:00	14,60	14,18	13,70	13,31	13,10	12,71	12,33	11,99	11,68	11,37	10,99	10,64	10,29	9,95	9,61	9,28	8,95	8,61	8,27	7,92	7,56	14,84
24/07/2022 10:40:00	14,79	14,39	13,92	13,46	13,05	12,62	12,20	11,82	11,48	11,15	10,83	10,52	10,22	9,91	9,61	9,29	8,97	8,66	8,34	8,02	7,70	15,17
24/07/2022 10:45:00	14,79	14,40	13,94	13,49	13,09	12,63	12,21	11,87	11,51	11,17	10,89	10,61	10,33	10,04	9,75	9,43	9,12	8,80	8,49	8,16	7,84	15,19
24/07/2022 10:50:00	15,02	14,58	14,12	13,66	13,24	12,81	12,40	12,01	11,63	11,26	10,97	10,69	10,40	10,10	9,80	9,47	9,14	8,81	8,48	8,15	7,82	15,18
24/07/2022 10:55:00	15,00	14,61	14,12	13,61	13,10	12,66	12,25	11,87	11,50	11,16	10,87	10,60	10,32	10,04	9,76	9,45	9,14	8,84	8,53	8,22	7,91	15,13
24/07/2022 11:00:00	15,21	14,72	14,24	13,79	13,39	12,95	12,54	12,16	11,74	11,33	11,06	10,77	10,48	10,17	9,86	9,52	9,18	8,83	8,49	8,14	7,79	15,32
24/07/2022 11:05:00	15,33	14,97	14,52	14,06	13,61	13,15	12,72	12,31	11,86	11,40	11,03	10,67	10,31	9,95	9,60	9,24	8,87	8,52	8,16	7,80	7,44	16,19
24/07/2022 11:10:00	15,49	15,05	14,54	14,03	13,55	13,08	12,62	12,18	11,76	11,36	11,01	10,67	10,34	10,01	9,68	9,33	8,99	8,65	8,32	7,98	7,64	16,31
24/07/2022 11:15:00	15,46	15,15	14,77	14,34	13,84	13,35	12,87	12,37	11,89	11,43	11,05	10,67	10,30	9,93	9,56	9,18	8,80	8,43	8,07	7,71	7,35	15,55
24/07/2022 11:20:00	15,60	15,23	14,75	14,26	13,75	13,25	12,76	12,30	11,85	11,40	10,93	10,50	10,07	9,68	9,28	8,91	8,55	8,19	7,83	7,47	7,11	15,52
24/07/2022 11:25:00	15,73	15,28	14,79	14,33	13,92	13,45	13,01	12,60	12,22	11,83	11,29	10,81	10,34	9,92	9,51	9,15	8,79	8,43	8,07	7,70	7,33	15,82
24/07/2022 11:30:00	15,77	15,27	14,88	14,48	14,05	13,55	13,06	12,59	12,19	11,79	11,28	10,81	10,34	9,92	9,50	9,12	8,74	8,38	8,01	7,64	7,27	15,91
24/07/2022 11:35:00	15,69	15,42	14,94	14,47	14,02	13,63	13,22	12,74	12,25	11,76	11,32	10,90	10,48	10,08	9,68	9,29	8,90	8,52	8,13	7,73	7,34	16,01
24/07/2022 11:40:00	15,94	15,67	15,18	14,66	14,14	13,65	13,16	12,65	12,22	11,82	11,38	10,97	10,57	10,20	9,82	9,46	9,10	8,75	8,40	8,04	7,69	16,39
24/07/2022 11:45:00	16,15	15,80	15,32	14,80	14,24	13,66	13,12	12,63	12,15	11,69	11,25	10,84	10,43	10,04	9,66	9,29	8,92	8,56	8,20	7,85	7,49	16,11
24/07/2022 11:50:00	16,31	15,78	15,25	14,71	14,19	13,69	13,20	12,71	12,22	11,74	11,41	11,08	10,74	10,40	10,06	9,69	9,32	8,96	8,60	8,24	7,88	16,25
24/07/2022 11:55:00	16,16	15,73	15,26	14,77	14,29	13,84	13,49	13,29	13,06	12,84	12,72	12,60	12,48	12,31	12,15	11,90	11,66	11,40	11,13	10,85	10,57	16,04
24/07/2022 12:00:00	15,53	15,26	14,96	14,70	14,47	14,32	14,16	13,96	13,74	13,53	13,33	13,11	12,90	12,66	12,42	12,13	11,84	11,51	11,17	10,82	10,46	15,85
24/07/2022 12:05:00	15,66	15,35	15,03	14,71	14,41	14,17	13,93	13,69	13,39	13,07	12,70	12,36	12,01	11,68	11,36	11,02	10,69	10,34	9,98	9,60	9,22	15,74
24/07/2022 12:10:00	15,95	15,67	15,29	14,92	14,56	14,17	13,79	13,46	13,14	12,83	12,49	12,16	11,84	11,52	11,20	10,87	10,54	10,20	9,86	9,51	9,15	15,85
24/07/2022 12:15:00	16,05	15,82	15,42	15,00	14,58	14,23	13,88	13,51	13,12	12,74	12,38	12,03	11,68	11,35	11,01	10,66	10,31	9,95	9,59	9,21	8,84	16,07
24/07/2022 12:20:00	16,15	15,88	15,55	15,20	14,79	14,35	13,93	13,56	13,20	12,84	12,40	12,00	11,60	11,24	10,87	10,51	10,15	9,79	9,43	9,06	8,69	16,42
24/07/2022 12:25:00	16,09	15,80	15,43	15,04	14,66	14,25	13,86	13,51	13,10	12,69	12,28	11,90	11,51	11,14	10,78	10,41	10,05	9,67	9,30	8,92	8,54	16,15
24/07/2022 12:30:00	16,10	15,89	15,50	15,12	14,81	14,35	13,89	13,47	13,07	12,68	12,26	11,86	11,45	11,07	10,69	10,31	9,93	9,56	9,18	8,79	8,41	16,16
24/07/2022 12:35:00	16,04	15,67	15,30	14,90	14,45	14,03	13,62	13,22	12,82	12,43	12,12	11,81	11,50	11,18	10,86	10,51	10,16	9,81	9,45	9,10	8,74	16,24
24/07/2022 12:40:00	16,01	15,58	15,15	14,73	14,32	14,00	13,68	13,35	13,13	12,96	12,73	12,51	12,29	12,05	11,82	11,54	11,27	10,97	10,67	10,36	10,04	16,10
24/07/2022 12:45:00	16,01	15,68	15,28	14,90	14,54	14,16	13,82	13,55	13,35	13,20	13,21	13,18	13,14	13,02	12,90	12,65	12,40	12,13	11,86	11,58	11,29	15,98
24/07/2022 12:50:00	16,46	16,30	15,90	15,48	15,06	14,60	14,20	13,91	13,61	13,35	13,15	12,95	12,76	12,53	12,30	12,01	11,71	11,40	11,09	10,77	10,46	16,92
24/07/2022 12:55:00	16,52	16,39	16,07	15,69	15,28	14,85	14,45	14,11	13,72	13,33	13,03	12,72	12,41	12,10	11,78	11,43	11,08	10,73	10,37	10,00	9,63	16,91
24/07/2022 13:00:00	16,86	16,47	16,05	15,64	15,20	14,77	14,37	14,00	13,62	13,26	12,98	12,69	12,41	12,11	11,81	11,47	11,13	10,77	10,42	10,06	9,70	17,21
24/07/2022 13:05:00	17,04	16,74	16,28	15,79	15,31	14,83	14,41	14,09	13,70	13,29	12,94	12,62	12,29	11,97	11,65	11,31	10,97	10,62	10,27	9,91	9,55	17,68
24/07/2022 13:10:00	17,12	16,86	16,36	15,82	15,29	14,78	14,30	13,85	13,44	13,06	12,67	12,32	11,97	11,63	11,29	10,95	10,60	10,25	9,90	9,54	9,19	18,47
24/07/2022 13:15:00	17,07	16,75	16,24	15,72	15,19	14,72	14,27	13,83	13,39	12,96	12,55	12,18	11,80	11,45	11,09	10,73	10,37	10,00	9,63	9,26	8,88	17,66
24/07/2022 13:20:00	17,22	16,80	16,32	15,82	15,32	14,78	14,26	13,79	13,34	12,91	12,53	12,17	11,81	11,45	11,10	10,73	10,36	9,99	9,62	9,25	8,88	17,41
24/07/2022 13:25:00	17,16	16,84	16,29	15,74	15,23	14,68	14,13	13,61	13,15	12,72	12,26	11,83	11,40	11,01	10,61	10,24	9,86	9,48	9,10	8,73	8,35	17,21
24/07/2022 13:30:00	16,68	16,11	15,50	14,91	14,36	13,87	13,45	13,13	12,86	12,62	12,24	11,93	11,61	11,33	11,05	10,77	10,49	10,20	9,90	9,60	9,29	16,94
24/07/2022 13:35:00	16,16	15,91	15,54	15,15	14,74	14,33	13,94	13,58	13,29	13,06	12,88	12,69	12,49	12,26	12,03	11,74	11,44	11,13	10,82	10,50	10,18	16,35
24/07/2022 13:40:00	16,18	15,96	15,64	15,30	14,94	14,57	14,20	13,83	13,54	13,29	13,05	12,81	12,57	12,30	12,03	11,72	11,40	11,07	10,74	10,39	10,05	16,44
24/07/2022 13:45:00	15,97	15,68	15,41	15,10	14,78	14,47	14,17	13,89	13,75	13,71	13,79	13,81	13,84	13,76	13,67	13,44	13,21	12,95	12,69	12,42	12,15	16,59
24/07/2022 13:50:00	16,10	15,83	15,54	15,25	14,95	14,64	14,29	13,91	13,54	13,20	12,98	12,72	12,47	12,17	11,88	11,52	11,17	10,80	10,44	10,06	9,68	16,27
24/07/2022 13:55:00	16,08	15,89	15,58	15,21	14,76	14,44	14,10	13,70	13,33	12,99	12,75	12,49	12,23	11,95	11,66	11,33	10,99	10,65	10,30	9,95	9,59	16,02
24/07/2022 14:00:00	16,08	15,71	15,38	15,04	14,65	14,32	13,99	13,64	13,26	12,89	12,64	12,38	12,11	11,82	11,52	11,18	10,83	10,47	10,12	9,75	9,38	16,12
24/07/2022 14:05:00	16,03	15,67	15,26	14,88	14,55	14,27	13,97	13,61	13,32	13,06	12,77	12,49	12,21	11,92	11,63	11,31	10,99	10,65	10,31	9,95	9,59	15,95
24/07/2022 14:10:00	16,18	15,85	15,48	15,08	14,65	14,16	13,69	13,29	12,88	12,47	12,19	11,90	11,61	11,30	10,99	10,64	10,28	9,93	9,58	9,23	8,87	16,15
24/07/2022 14:15:00	16,27	15,96	15,55	15,08	14,55	14,09	13,69	13,35	13,00	12,67	12,30	11,96	11,63	11,32	11,01	10,69	10,37	10,04	9,72	9,39	9,05	16,54
24/07/2022 14:20:00	16,21	15,83	15,39	14,94	14,46	14,04	13,63	13,21	12,84	12,49	12,08	11,71	11,34	11,00	10,65	10,31	9,96	9,62	9,27	8,91	8,55	16,41
24/07/2022 14:25:00	16,06	15,70	15,21	14,75	14,37	13,99	13,62	13,26	12,93	12,63	12,34	12,07	11,79	11,51	11,22	10,90	10,58	10,25	9,92	9,57	9,22	16,20
24/07/2022 14:30:00	15,85	15,57	15,20	14,83	14,47	14,06	13,64	13,21	12,91	12,65	12,26	11,91	11,55	11,22	10,88	10,55	10,21	9,87	9,53	9,18	8,83	16,01
24/07/2022 14:35:00	15,97	15,57	15,11	14,67	14,27	13,96	13,63	13,24	12,99	12,81	12,58	12,37	12,15	11,91	11,67	11,38	11,10	10,79	10,49	10,17	9,85	16,38
24/07/2022 14:40:00	16,06	15,70	15,24	14,85	14,57	14,29	13,98	13,63	13,31	13,00	12,71	12,41	12,12	11,82	11,51	11,18	10,84	10,49	10,13	9,75	9,37	16,51
24/07/2022 14:45:00	16,37	15,93	15,54	15,19	14,91	14,46	14,00	13,59	13,19	12,80	12,52	12,21	11,89	11,56	11,23	10,86	10,49	10,11	9,74	9,35	8,97	16,87
24/07/2022 14:50:00	16,45	16,16	15,77	15,40	15,10	14,71	14,34	14,02	13,61	13,15	12,67	12,22	11,77	11,36	10,95	10,56	10,17	9,77	9,37	8,95	8,54	17,77
24/07/2022 14:55:00	16,90	16,56	16,18	15,77	15,30	14,84	14,38	13,92	13,46	12,99	12,53	12,09	11,65	11,25	10,84	10,44	10,05	9,66	9,26	8,86	8,47	17,62
24/07/2022 15:00:00	17,02	16,71	16,21	15,68	15,13	14,65	14,20	13,75	13,30	12,85	12,38	11,96	11,54	11,16	10,77	10,40	10,03	9,65	9,28	8,90	8,52	17,67
24/07/2022 15:05:00	17,13	16,62	16,09	15,60	15,15	14,67	14,20	13,77	13,30	12,80	12,33	11,89	11,44	11,03	10,62	10,23	9,84	9,44	9,05	8,64	8,24	17,25
24/07/2022 15:10:00	16,73	16,31	15,94	15,59	15,26	14,89	14,49	14,03	13,42	12,72	12,03	11,37	10,71	10,14	9,57	9,07	8,58	8,09	7,60	7,10	6,60	16,97
24/07/2022 15:15:00	15,39	14,92	14,53	14,07	13,52	13,08	12,67	12,27	11,89	11,53	11,19	10,86	10,53	10,21	9,89	9,57	9,24	8,92	8,60	8,27	7,95	15,53
24/07/2022 15:20:00	14,20	14,13	14,05	13,93	13,73	13,47	13,22	12,99	12,67	12,31	11,95	11,58	11,22	10,87	10,51	10,15	9,79	9,43	9,06	8,68	8,29	14,57
24/07/2022 15:25:00	14,30	14,16	14,04	13,87	13,61	13,36	13,09	12,81	12,49	12,15	11,83	11,50	11,18	10,85	10,52	10,17	9,82	9,47	9,11	8,74	8,37	14,22
24/07/2022 15:30:00	14,14	13,97	13,79	13,58	13,32	13,17	13,00	12,78	12,51	12,24	11,97	11,70	11,43	11,15	10,87	10,56	10,24	9,91	9,58	9,22	8,87	14,34
24/07/2022 15:35:00	14,46	14,31	14,07	13,85	13,64	13,39	13,11	12,83	12,57	12,32	12,01	11,70	11,39	11,09	10,78	10,46	10,13	9,80	9,46	9,11	8,75	14,37
24/07/2022 15:40:00	14,44	14,17	13,96	13,74	13,48	13,28	13,09	12,91	12,71	12,50	12,20	11,91	11,63	11,35	11,08	10,79	10,50	10,18	9,87	9,53	9,19	14,50
24/07/2022 15:45:00	14,47	14,32	14,14	13,96	13,77	13,53	13,26	12,95	12,70	12,47	12,18	11,89	11,59	11,29	10,99	10,66	10,34	10,00	9,65	9,30	8,94	15,06
24/07/2022 15:50:00	14,61	14,32	14,11	13,89	13,64	13,41	13,15	12,87	12,57	12,28	12,01	11,73	11,44	11,14	10,84	10,51	10,18	9,83	9,49	9,13	8,76	14,99
24/07/2022 15:55:00	14,67	14,53	14,27	14,01	13,75	13,53	13,30	13,05	12,69	12,31	11,98	11,64	11,31	10,98	10,64	10,29	9,94	9,58	9,21	8,83	8,45	15,08
24/07/2022 16:00:00	15,00	14,63	14,34	14,05	13,76	13,46	13,16	12,87	12,58	12,28	11,93	11,59	11,26	10,93	10,61	10,28	9,95	9,61	9,27	8,92	8,56	15,62
24/07/2022 16:05:00	15,13	14,86	14,57	14,24	13,88	13,47	13,10	12,77	12,45	12,12	11,77	11,43	11,10	10,77	10,45	10,11	9,78	9,45	9,11	8,77	8,43	15,49
24/07/2022 16:10:00	15,58	15,10	14,84	14,59	14,30	13,97	13,64	13,31	12,98	12,63	12,17	11,74	11,30	10,91	10,52	10,15	9,78	9,41	9,03	8,64	8,25	16,70
24/07/2022 16:15:00	15,81	15,49	14,98	14,50	14,11	13,78	13,45	13,08	12,69	12,30	11,93	11,57	11,22	10,88	10,54	10,20	9,85	9,49	9,13	8,76	8,38	16,82
24/07/2022 16:20:00	15,78	15,32	14,81	14,34	13,93	13,51	13,11	12,72	12,35	11,98	11,60	11,25	10,89	10,55	10,21	9,87	9,53	9,19	8,84	8,49	8,13	15,70
24/07/2022 16:25:00	15,74	15,41	14,91	14,38	13,80	13,24	12,74	12,30	11,85	11,39	10,99	10,61	10,24	9,89	9,53	9,18	8,83	8,49	8,15	7,81	7,48	15,74
24/07/2022 16:30:00	15,61	15,15	14,62	14,09	13,58	13,09	12,62	12,15	11,81	11,52	11,13	10,78	10,43	10,10	9,78	9,46	9,14	8,83	8,51	8,19	7,87	15,50
24/07/2022 16:35:00	15,49	15,13	14,63	14,16	13,75	13,39	13,05	12,71	12,35	11,99	11,61	11,25	10,90	10,57	10,24	9,91	9,58	9,24	8,90	8,55	8,19	15,63
24/07/2022 16:40:00	15,66	15,22	14,77	14,28	13,73	13,23	12,74	12,27	11,85	11,45	11,03	10,64	10,25	9,88	9,52	9,17	8,82	8,48	8,13	7,79	7,45	16,24
24/07/2022 16:45:00	15,83	15,32	14,77	14,26	13,82	13,27	12,75	12,28	11,83	11,39	11,02	10,65	10,29	9,93	9,58	9,21	8,85	8,49	8,14	7,79	7,43	16,51
24/07/2022 16:50:00	16,06	15,62	14,98	14,33	13,75	13,20	12,68	12,19	11,70	11,23	10,88	10,55	10,22	9,89	9,56	9,21	8,86	8,52	8,18	7,85	7,51	16,86
24/07/2022 16:55:00	15,86	15,46	14,89	14,29	13,70	13,23	12,76	12,24	11,74	11,27	10,90	10,55	10,20	9,86	9,51	9,15	8,79	8,44	8,08	7,73	7,38	16,09
24/07/2022 17:00:00	15,58	15,09	14,51	13,94	13,41	12,98	12,60	12,23	11,84	11,47	11,23	11,00	10,77	10,51	10,25	9,95	9,64	9,33	9,02	8,70	8,38	15,73
24/07/2022 17:05:00	15,78	15,20	14,58	14,04	13,68	13,35	12,99	12,54	12,17	11,84	11,51	11,19	10,86	10,54	10,22	9,89	9,55	9,20	8,85	8,49	8,13	16,27
24/07/2022 17:10:00	15,87	15,21	14,75	14,34	14,00	13,69	13,34	12,95	12,54	12,11	11,63	11,18	10,73	10,32	9,91	9,53	9,15	8,76	8,37	7,97	7,56	16,42
24/07/2022 17:15:00	16,20	15,74	15,17	14,59	14,01	13,46	12,97	12,58	12,12	11,64	11,30	10,97	10,65	10,33	10,00	9,66	9,32	8,98	8,65	8,31	7,97	17,12
24/07/2022 17:20:00	16,22	15,71	15,01	14,39	13,94	13,41	12,89	12,37	11,93	11,53	11,19	10,86	10,54	10,21	9,88	9,53	9,18	8,83	8,49	8,14	7,79	17,20
24/07/2022 17:25:00	16,24	15,85	15,23	14,60	13,99	13,40	12,83	12,25	11,79	11,38	10,93	10,52	10,11	9,74	9,37	9,01	8,66	8,32	7,97	7,64	7,30	16,94
24/07/2022 17:30:00	16,24	15,64	15,11	14,61	14,15	13,59	13,05	12,56	12,09	11,62	11,20	10,79	10,38	9,99	9,61	9,22	8,84	8,47	8,10	7,73	7,36	17,38
24/07/2022 17:35:00	16,32	15,73	15,19	14,67	14,17	13,63	13,09	12,57	12,09	11,63	11,20	10,78	10,37	9,97	9,58	9,20	8,82	8,45	8,08	7,71	7,34	17,17
24/07/2022 17:40:00	16,52	15,95	15,39	14,76	14,05	13,38	12,77	12,24	11,77	11,34	10,96	10,61	10,26	9,92	9,59	9,24	8,90	8,58	8,26	7,95	7,64	17,81
24/07/2022 17:45:00	16,42	15,81	15,22	14,64	14,16	13,58	13,02	12,54	12,08	11,62	11,19	10,78	10,37	9,99	9,61	9,24	8,88	8,52	8,16	7,80	7,44	17,81
24/07/2022 17:50:00	16,26	15,82	15,25	14,64	13,97	13,40	12,87	12,37	11,91	11,48	11,07	10,69	10,31	9,96	9,61	9,26	8,92	8,59	8,26	7,93	7,60	17,87
24/07/2022 17:55:00	16,21	15,82	15,28	14,70	14,10	13,58	13,07	12,51	12,01	11,53	11,10	10,69	10,29	9,90	9,52	9,15	8,77	8,41	8,04	7,68	7,32	17,28
24/07/2022 18:00:00	16,16	15,71	15,12	14,52	13,95	13,47	13,00	12,51	12,03	11,54	11,08	10,66	10,24	9,85	9,46	9,09	8,72	8,36	7,99	7,62	7,26	16,84
24/07/2022 18:05:00	15,98	15,81	15,19	14,57	14,03	13,42	12,82	12,25	11,76	11,31	10,84	10,42	9,99	9,60	9,21	8,84	8,46	8,11	7,75	7,40	7,06	16,16
24/07/2022 18:10:00	16,03	15,60	15,10	14,57	13,96	13,39	12,84	12,30	11,82	11,36	10,89	10,46	10,02	9,63	9,23	8,86	8,48	8,13	7,77	7,42	7,06	16,37
24/07/2022 18:15:00	16,07	15,52	15,00	14,51	14,05	13,52	13,02	12,58	12,13	11,66	11,13	10,65	10,17	9,75	9,32	8,94	8,55	8,18	7,81	7,43	7,05	16,70
24/07/2022 18:20:00	16,21	15,74	15,15	14,57	14,03	13,39	12,81	12,33	11,84	11,36	10,99	10,64	10,28	9,93	9,58	9,22	8,86	8,51	8,16	7,82	7,48	16,27
24/07/2022 18:25:00	16,22	15,93	15,37	14,74	14,10	13,51	12,98	12,48	11,97	11,46	11,00	10,59	10,17	9,79	9,41	9,04	8,67	8,32	7,97	7,62	7,27	16,56
24/07/2022 18:30:00	16,30	15,87	15,30	14,71	14,12	13,54	13,00	12,49	12,00	11,52	11,00	10,53	10,06	9,64	9,23	8,85	8,48	8,11	7,75	7,39	7,03	16,77
24/07/2022 18:35:00	16,27	15,85	15,33	14,75	14,09	13,50	12,92	12,35	11,85	11,37	10,88	10,42	9,97	9,56	9,16	8,78	8,40	8,04	7,69	7,34	6,99	16,59
24/07/2022 18:40:00	16,42	15,94	15,39	14,80	14,20	13,59	13,04	12,56	12,07	11,56	11,09	10,66	10,23	9,84	9,45	9,08	8,70	8,35	7,99	7,64	7,28	17,78
24/07/2022 18:45:00	16,66	16,14	15,53	14,92	14,36	13,74	13,14	12,60	12,06	11,53	11,09	10,66	10,24	9,84	9,44	9,05	8,66	8,29	7,92	7,55	7,18	18,04
24/07/2022 18:50:00	16,80	16,43	15,94	15,37	14,67	13,94	13,24	12,59	12,02	11,48	10,90	10,38	9,85	9,38	8,92	8,50	8,09	7,71	7,33	6,96	6,60	18,26
24/07/2022 18:55:00	16,62	16,31	15,75	15,17	14,62	14,03	13,44	12,83	12,28	11,75	11,16	10,63	10,10	9,63	9,16	8,74	8,32	7,92	7,52	7,13	6,73	17,21
24/07/2022 19:00:00	16,44	16,17	15,61	15,00	14,35	13,80	13,25	12,63	12,05	11,48	11,04	10,61	10,18	9,77	9,36	8,96	8,56	8,17	7,79	7,41	7,03	16,60
24/07/2022 19:05:00	16,45	16,04	15,53	14,98	14,39	13,79	13,20	12,62	12,09	11,59	11,09	10,62	10,15	9,72	9,29	8,89	8,50	8,12	7,75	7,38	7,01	16,44
24/07/2022 19:10:00	16,38	15,98	15,42	14,84	14,23	13,64	13,07	12,50	12,00	11,52	11,10	10,71	10,31	9,93	9,55	9,18	8,81	8,45	8,09	7,74	7,39	16,39
24/07/2022 19:15:00	16,21	15,87	15,34	14,79	14,22	13,72	13,22	12,68	12,16	11,65	11,21	10,78	10,36	9,96	9,56	9,17	8,78	8,40	8,03	7,65	7,27	16,35
24/07/2022 19:20:00	16,29	16,00	15,50	14,97	14,45	13,85	13,28	12,76	12,19	11,62	11,20	10,78	10,36	9,96	9,55	9,14	8,74	8,35	7,96	7,57	7,19	16,38
24/07/2022 19:25:00	16,34	15,95	15,47	14,94	14,35	13,77	13,25	12,79	12,29	11,76	11,28	10,84	10,39	9,99	9,58	9,20	8,82	8,45	8,08	7,71	7,34	16,69
24/07/2022 19:30:00	16,43	16,03	15,46	14,86	14,28	13,74	13,22	12,71	12,22	11,74	11,28	10,86	10,44	10,06	9,67	9,30	8,93	8,56	8,20	7,84	7,48	16,47
24/07/2022 19:35:00	16,35	15,97	15,45	14,88	14,24	13,69	13,18	12,69	12,20	11,72	11,27	10,86	10,45	10,07	9,69	9,32	8,95	8,60	8,24	7,89	7,54	16,59
24/07/2022 19:40:00	16,34	15,92	15,39	14,83	14,25	13,65	13,10	12,64	12,19	11,75	11,27	10,84	10,41	10,03	9,64	9,29	8,93	8,58	8,23	7,89	7,54	16,42
24/07/2022 19:45:00	16,26	15,98	15,42	14,80	14,16	13,59	13,09	12,62	12,14	11,67	11,23	10,84	10,45	10,09	9,73	9,38	9,02	8,68	8,34	8,00	7,65	16,41
24/07/2022 19:50:00	16,26	15,79	15,29	14,77	14,21	13,68	13,18	12,70	12,22	11,73	11,29	10,87	10,45	10,06	9,67	9,29	8,92	8,55	8,18	7,81	7,45	16,35
24/07/2022 19:55:00	16,41	15,96	15,46	14,91	14,32	13,76	13,22	12,70	12,20	11,70	11,27	10,85	10,44	10,05	9,66	9,28	8,90	8,54	8,17	7,81	7,45	16,27
24/07/2022 20:00:00	16,23	15,86	15,35	14,82	14,27	13,73	13,20	12,67	12,22	11,81	11,37	10,96	10,55	10,17	9,79	9,43	9,06	8,71	8,35	8,00	7,65	15,90
24/07/2022 20:05:00	16,29	15,75	15,28	14,80	14,27	13,76	13,26	12,75	12,26	11,78	11,36	10,95	10,53	10,14	9,75	9,37	8,98	8,61	8,23	7,86	7,48	16,07
24/07/2022 20:10:00	16,29	15,77	15,27	14,72	14,15	13,66	13,18	12,69	12,21	11,75	11,38	11,01	10,65	10,29	9,94	9,57	9,21	8,85	8,50	8,14	7,79	15,97
24/07/2022 20:15:00	16,21	15,65	15,18	14,72	14,22	13,78	13,34	12,86	12,39	11,91	11,47	11,05	10,62	10,22	9,82	9,44	9,05	8,67	8,29	7,91	7,52	15,80
24/07/2022 20:20:00	16,09	15,67	15,15	14,61	14,06	13,66	13,24	12,75	12,26	11,77	11,42	11,08	10,73	10,38	10,03	9,66	9,29	8,93	8,56	8,19	7,82	15,58
24/07/2022 20:25:00	16,00	15,62	15,13	14,63	14,10	13,65	13,22	12,77	12,35	11,93	11,43	10,99	10,54	10,15	9,75	9,39	9,03	8,67	8,31	7,94	7,58	15,46
24/07/2022 20:30:00	15,67	15,28	14,79	14,27	13,74	13,18	12,70	12,36	11,88	11,38	10,99	10,62	10,26	9,91	9,55	9,20	8,84	8,50	8,15	7,80	7,46	15,35
24/07/2022 20:35:00	15,30	14,94	14,42	13,91	13,41	12,97	12,52	12,03	11,61	11,20	10,74	10,32	9,91	9,52	9,14	8,79	8,43	8,08	7,73	7,37	7,02	15,23
24/07/2022 20:40:00	15,15	14,79	14,31	13,80	13,27	12,79	12,36	11,97	11,50	11,02	10,64	10,28	9,92	9,57	9,22	8,87	8,52	8,18	7,83	7,49	7,14	15,12
24/07/2022 20:45:00	15,01	14,70	14,25	13,78	13,31	12,79	12,30	11,86	11,44	11,03	10,62	10,23	9,84	9,48	9,12	8,77	8,42	8,08	7,74	7,40	7,06	14,95
24/07/2022 20:50:00	14,94	14,50	14,06	13,60	13,14	12,73	12,28	11,78	11,37	10,99	10,60	10,22	9,84	9,48	9,12	8,77	8,41	8,07	7,72	7,37	7,03	14,96
24/07/2022 20:55:00	15,01	14,59	14,16	13,76	13,39	12,99	12,58	12,16	11,76	11,36	10,94	10,53	10,12	9,75	9,37	9,01	8,64	8,28	7,93	7,56	7,19	14,82
24/07/2022 21:00:00	14,73	14,40	14,00	13,57	13,08	12,72	12,33	11,87	11,52	11,19	10,76	10,38	10,00	9,64	9,29	8,95	8,62	8,28	7,95	7,61	7,28	14,74
24/07/2022 21:05:00	14,62	14,40	14,05	13,68	13,29	12,83	12,39	11,97	11,61	11,26	10,81	10,39	9,98	9,60	9,23	8,88	8,53	8,19	7,85	7,50	7,16	14,61
24/07/2022 21:10:00	14,56	14,34	14,03	13,71	13,36	12,97	12,60	12,25	11,88	11,47	10,98	10,53	10,09	9,69	9,29	8,92	8,56	8,20	7,84	7,47	7,10	14,54
24/07/2022 21:15:00	14,46	14,06	13,67	13,29	12,90	12,58	12,26	11,91	11,54	11,17	10,82	10,49	10,15	9,82	9,49	9,15	8,82	8,48	8,14	7,79	7,44	14,44
24/07/2022 21:20:00	14,31	13,87	13,50	13,12	12,72	12,34	11,96	11,56	11,22	10,89	10,53	10,19	9,84	9,51	9,18	8,85	8,51	8,19	7,86	7,53	7,20	14,36
24/07/2022 21:25:00	14,33	14,07	13,65	13,24	12,83	12,43	12,05	11,68	11,30	10,93	10,61	10,30	9,99	9,68	9,37	9,04	8,71	8,38	8,05	7,71	7,38	14,34
24/07/2022 21:30:00	14,25	13,93	13,63	13,35	13,06	12,76	12,42	12,02	11,67	11,32	10,89	10,48	10,07	9,69	9,31	8,95	8,59	8,23	7,87	7,49	7,12	14,24
24/07/2022 21:35:00	14,04	13,90	13,62	13,38	13,21	12,97	12,68	12,36	11,98	11,58	11,14	10,71	10,29	9,89	9,49	9,11	8,73	8,34	7,96	7,56	7,16	14,13
24/07/2022 21:40:00	14,06	13,80	13,50	13,25	13,07	12,80	12,48	12,12	11,83	11,52	11,10	10,71	10,31	9,94	9,57	9,22	8,87	8,51	8,15	7,78	7,41	14,02
24/07/2022 21:45:00	14,05	13,76	13,59	13,42	13,22	13,05	12,81	12,49	12,13	11,74	11,28	10,83	10,38	9,97	9,56	9,18	8,79	8,41	8,02	7,61	7,20	13,97
24/07/2022 21:50:00	14,00	13,91	13,78	13,63	13,45	13,09	12,75	12,46	12,06	11,62	11,18	10,74	10,30	9,89	9,47	9,08	8,69	8,30	7,92	7,52	7,12	13,95
24/07/2022 21:55:00	13,99	14,02	13,80	13,60	13,46	13,19	12,88	12,54	12,20	11,82	11,36	10,92	10,47	10,07	9,66	9,28	8,90	8,52	8,13	7,74	7,34	14,01
24/07/2022 22:00:00	14,07	14,05	13,82	13,60	13,41	13,10	12,79	12,49	12,16	11,77	11,22	10,72	10,22	9,79	9,36	8,99	8,61	8,24	7,86	7,47	7,08	14,03
24/07/2022 22:05:00	14,01	13,93	13,71	13,48	13,24	13,02	12,74	12,39	12,00	11,62	11,28	10,93	10,58	10,22	9,87	9,50	9,13	8,76	8,39	8,00	7,62	14,02
24/07/2022 22:10:00	14,02	13,94	13,82	13,63	13,33	13,04	12,76	12,49	12,10	11,67	11,24	10,83	10,41	10,02	9,64	9,26	8,89	8,52	8,15	7,77	7,39	14,05
24/07/2022 22:15:00	14,02	13,83	13,67	13,50	13,30	13,10	12,85	12,55	12,29	12,01	11,55	11,13	10,71	10,33	9,96	9,61	9,26	8,91	8,55	8,17	7,80	13,99
24/07/2022 22:20:00	13,97	13,92	13,79	13,60	13,32	13,07	12,79	12,47	12,13	11,77	11,37	10,98	10,60	10,23	9,86	9,50	9,14	8,78	8,42	8,05	7,68	13,95
24/07/2022 22:25:00	13,91	13,72	13,67	13,56	13,29	13,05	12,75	12,39	12,07	11,72	11,28	10,85	10,42	10,02	9,62	9,25	8,87	8,50	8,13	7,75	7,37	13,72
24/07/2022 22:30:00	13,85	13,79	13,60	13,42	13,25	13,01	12,74	12,43	12,14	11,82	11,37	10,96	10,54	10,16	9,78	9,43	9,07	8,71	8,34	7,97	7,59	13,77
24/07/2022 22:35:00	13,63	13,60	13,44	13,26	13,05	12,82	12,54	12,21	11,90	11,58	11,21	10,84	10,47	10,12	9,77	9,42	9,06	8,71	8,35	7,99	7,62	13,71
24/07/2022 22:40:00	13,84	13,62	13,59	13,53	13,41	13,24	13,04	12,82	12,55	12,22	11,79	11,37	10,95	10,57	10,18	9,82	9,46	9,09	8,71	8,32	7,92	13,68
24/07/2022 22:45:00	13,68	13,55	13,64	13,66	13,53	13,33	13,03	12,63	12,36	12,04	11,53	11,03	10,54	10,10	9,65	9,25	8,85	8,46	8,07	7,66	7,26	13,57
24/07/2022 22:50:00	13,52	13,49	13,50	13,45	13,31	13,14	12,93	12,69	12,39	12,06	11,67	11,29	10,90	10,53	10,17	9,80	9,44	9,07	8,69	8,30	7,92	13,49
24/07/2022 22:55:00	13,44	13,70	13,85	13,90	13,83	13,56	13,27	12,97	12,57	12,12	11,69	11,25	10,80	10,37	9,94	9,52	9,09	8,67	8,26	7,83	7,41	13,40
24/07/2022 23:00:00	13,36	13,60	13,67	13,68	13,58	13,38	13,12	12,82	12,47	12,10	11,71	11,31	10,91	10,52	10,12	9,73	9,34	8,94	8,55	8,15	7,74	13,38
24/07/2022 23:05:00	13,32	13,33	13,38	13,40	13,33	13,20	12,98	12,67	12,40	12,10	11,68	11,26	10,83	10,44	10,04	9,66	9,29	8,90	8,52	8,12	7,72	13,20
24/07/2022 23:10:00	13,15	13,42	13,44	13,38	13,19	12,94	12,67	12,40	12,06	11,70	11,28	10,88	10,47	10,09	9,70	9,33	8,96	8,60	8,23	7,85	7,48	13,25
24/07/2022 23:15:00	13,09	13,34	13,45	13,47	13,33	13,13	12,84	12,47	12,11	11,73	11,34	10,93	10,51	10,11	9,71	9,30	8,90	8,50	8,11	7,71	7,31	13,24
24/07/2022 23:20:00	13,23	13,26	13,37	13,46	13,46	13,38	13,17	12,83	12,48	12,10	11,69	11,25	10,81	10,38	9,95	9,53	9,11	8,68	8,26	7,82	7,37	13,07
24/07/2022 23:25:00	13,21	13,54	13,58	13,55	13,45	13,23	12,91	12,51	12,21	11,86	11,37	10,90	10,43	10,00	9,57	9,17	8,77	8,38	7,99	7,59	7,19	12,89
24/07/2022 23:30:00	13,02	13,35	13,42	13,32	13,00	12,72	12,40	12,04	11,66	11,24	10,76	10,30	9,84	9,43	9,01	8,62	8,24	7,87	7,50	7,13	6,76	12,87
24/07/2022 23:35:00	12,95	13,10	13,22	13,31	13,29	13,16	12,94	12,63	12,26	11,82	11,33	10,83	10,33	9,87	9,40	8,97	8,54	8,12	7,69	7,25	6,80	12,87
24/07/2022 23:40:00	13,01	13,14	13,34	13,43	13,31	13,14	12,88	12,55	12,21	11,80	11,26	10,73	10,20	9,72	9,25	8,83	8,41	8,00	7,59	7,17	6,75	12,92
24/07/2022 23:45:00	13,06	13,07	13,04	12,98	12,85	12,62	12,36	12,08	11,71	11,30	10,91	10,50	10,09	9,70	9,30	8,91	8,53	8,14	7,76	7,37	6,97	12,97
24/07/2022 23:50:00	13,02	12,88	12,75	12,69	12,70	12,58	12,41	12,20	11,84	11,43	10,98	10,52	10,07	9,65	9,23	8,84	8,44	8,04	7,64	7,21	6,78	13,00
24/07/2022 23:55:00	12,74	12,77	12,77	12,77	12,72	12,60	12,37	12,04	11,68	11,30	10,91	10,49	10,08	9,67	9,26	8,86	8,46	8,06	7,66	7,24	6,83	12,98
