FileFormat:0002.2 file with temperature of atmosphere
SN105HE102
local	GMT or Local
0	GMT-Local=[hours]
0	Height[m]
0	0	0	Longitude                [grd]               [min]               [sec]
0	0	0	Latitude                [grd]               [min]               [sec]
N	NS
56,45	Freq[GHz]
0,00	dTemostat[K]
0,150	MessErr[K]
0,248	//[grad/step]
version 14.4.20120406
MTP5HE102F5645K-38.60I70D219217+A1.1
Commentary:
SN105HE102
парабола ДНА = 2,5 град
НЕ102 - ПУ - ХВБ с ЦСД " S "
АЦП - 202 - 09 с контр.U пит.и М
оптопара серии - 2
Т out № 178 пл
БП LPS - 112
End Of Commentary

SYSTEM\summer.dat
data time	0	50	100	150	200	250	300	350	400	450	500	550	600	650	700	750	800	850	900	950	1000	OutsideTemperature
13/04/2020 00:00:00	6,70	7,40	7,61	7,69	7,63	7,39	7,16	6,92	6,56	6,22	5,87	5,50	5,13	4,77	4,41	4,07	3,72	3,42	3,12	2,84	2,55	6,44
13/04/2020 00:05:00	6,58	7,27	7,54	7,62	7,51	7,38	7,14	6,85	6,56	6,25	5,90	5,53	5,17	4,82	4,47	4,13	3,80	3,51	3,22	2,94	2,66	6,42
13/04/2020 00:10:00	6,56	7,23	7,47	7,58	7,55	7,36	7,13	6,88	6,67	6,33	5,87	5,44	5,00	4,62	4,24	3,91	3,58	3,29	3,01	2,73	2,45	6,32
13/04/2020 00:15:00	6,51	7,35	7,52	7,58	7,54	7,37	7,11	6,80	6,49	6,17	5,85	5,50	5,15	4,80	4,46	4,12	3,77	3,48	3,18	2,90	2,61	6,06
13/04/2020 00:20:00	6,49	7,26	7,50	7,59	7,51	7,34	7,12	6,86	6,54	6,21	5,84	5,47	5,09	4,73	4,37	4,04	3,70	3,40	3,11	2,83	2,55	6,12
13/04/2020 00:25:00	6,40	7,20	7,44	7,57	7,56	7,45	7,25	6,98	6,67	6,31	5,91	5,51	5,10	4,72	4,33	3,98	3,62	3,31	3,00	2,70	2,40	6,16
13/04/2020 00:30:00	6,35	7,11	7,42	7,55	7,48	7,29	7,08	6,83	6,47	6,13	5,80	5,44	5,08	4,72	4,36	4,00	3,65	3,35	3,05	2,76	2,47	6,05
13/04/2020 00:35:00	6,22	7,09	7,38	7,53	7,50	7,31	7,13	6,92	6,60	6,24	5,85	5,45	5,05	4,68	4,30	3,96	3,62	3,32	3,02	2,74	2,45	6,00
13/04/2020 00:40:00	6,23	7,22	7,49	7,59	7,50	7,32	7,07	6,79	6,45	6,10	5,72	5,33	4,95	4,58	4,21	3,86	3,51	3,22	2,92	2,64	2,35	5,93
13/04/2020 00:45:00	6,16	7,16	7,49	7,66	7,64	7,42	7,16	6,86	6,54	6,19	5,79	5,39	4,99	4,60	4,21	3,85	3,49	3,18	2,87	2,58	2,28	5,92
13/04/2020 00:50:00	6,14	6,99	7,31	7,48	7,50	7,36	7,15	6,90	6,58	6,25	5,88	5,49	5,10	4,72	4,34	3,99	3,63	3,32	3,01	2,71	2,41	5,67
13/04/2020 00:55:00	5,98	6,81	7,16	7,40	7,49	7,35	7,14	6,90	6,66	6,31	5,87	5,44	5,00	4,60	4,20	3,84	3,49	3,18	2,87	2,56	2,26	5,83
13/04/2020 01:00:00	5,87	6,64	6,95	7,15	7,21	7,10	6,92	6,68	6,37	6,09	5,79	5,46	5,12	4,78	4,43	4,08	3,73	3,43	3,13	2,83	2,53	5,69
13/04/2020 01:05:00	5,71	6,49	6,86	7,06	7,07	6,97	6,78	6,56	6,30	6,02	5,70	5,35	5,01	4,67	4,32	3,99	3,66	3,37	3,08	2,80	2,52	5,76
13/04/2020 01:10:00	5,73	6,38	6,81	7,05	7,10	7,02	6,86	6,67	6,42	6,13	5,79	5,42	5,06	4,70	4,34	4,00	3,67	3,37	3,08	2,79	2,50	5,50
13/04/2020 01:15:00	5,65	6,42	6,77	7,00	7,08	7,02	6,87	6,66	6,37	6,07	5,73	5,36	5,00	4,64	4,27	3,93	3,58	3,27	2,97	2,67	2,37	5,23
13/04/2020 01:20:00	5,59	6,36	6,75	6,99	7,05	6,89	6,72	6,53	6,34	6,05	5,67	5,29	4,91	4,55	4,20	3,88	3,55	3,27	3,00	2,73	2,46	5,16
13/04/2020 01:25:00	5,50	6,24	6,59	6,82	6,89	6,86	6,77	6,62	6,37	6,08	5,75	5,40	5,05	4,71	4,37	4,04	3,72	3,43	3,14	2,85	2,56	5,10
13/04/2020 01:30:00	5,34	6,26	6,63	6,85	6,92	6,86	6,72	6,51	6,18	5,89	5,59	5,26	4,93	4,58	4,24	3,89	3,54	3,24	2,94	2,64	2,34	5,15
13/04/2020 01:35:00	5,37	6,22	6,61	6,87	7,00	6,99	6,86	6,67	6,47	6,18	5,79	5,41	5,02	4,65	4,29	3,95	3,62	3,32	3,03	2,73	2,44	5,05
13/04/2020 01:40:00	5,30	6,23	6,65	6,88	6,89	6,88	6,80	6,66	6,35	6,03	5,67	5,30	4,93	4,58	4,22	3,89	3,56	3,27	2,97	2,68	2,40	5,03
13/04/2020 01:45:00	5,24	6,19	6,58	6,84	6,95	6,86	6,72	6,53	6,25	5,97	5,64	5,29	4,94	4,59	4,24	3,89	3,55	3,25	2,96	2,67	2,38	4,73
13/04/2020 01:50:00	5,20	6,13	6,57	6,84	6,93	6,88	6,78	6,63	6,37	6,06	5,69	5,31	4,93	4,56	4,20	3,86	3,53	3,23	2,94	2,65	2,35	4,71
13/04/2020 01:55:00	5,15	6,17	6,64	6,93	7,01	6,90	6,76	6,58	6,31	6,01	5,67	5,31	4,94	4,59	4,23	3,89	3,55	3,25	2,95	2,67	2,38	4,53
13/04/2020 02:00:00	5,26	6,09	6,51	6,76	6,83	6,72	6,57	6,39	6,15	5,87	5,53	5,18	4,82	4,47	4,13	3,80	3,46	3,18	2,90	2,62	2,34	4,55
13/04/2020 02:05:00	5,25	6,06	6,54	6,81	6,86	6,81	6,62	6,38	6,15	5,88	5,57	5,23	4,88	4,53	4,19	3,84	3,50	3,21	2,92	2,63	2,35	4,61
13/04/2020 02:10:00	5,10	6,05	6,40	6,64	6,75	6,69	6,53	6,33	6,15	5,91	5,62	5,31	4,99	4,68	4,36	4,04	3,73	3,45	3,18	2,91	2,64	4,46
13/04/2020 02:15:00	5,20	6,04	6,47	6,78	6,96	6,90	6,77	6,59	6,35	6,05	5,68	5,29	4,90	4,53	4,15	3,80	3,45	3,14	2,83	2,53	2,22	4,43
13/04/2020 02:20:00	5,17	6,10	6,56	6,78	6,77	6,71	6,57	6,39	6,13	5,86	5,55	5,22	4,89	4,56	4,23	3,91	3,58	3,31	3,03	2,76	2,50	4,33
13/04/2020 02:25:00	5,15	6,06	6,48	6,76	6,88	6,83	6,60	6,33	6,16	5,92	5,62	5,29	4,96	4,62	4,28	3,94	3,60	3,31	3,02	2,74	2,46	4,30
13/04/2020 02:30:00	5,09	6,09	6,53	6,80	6,88	6,79	6,66	6,49	6,27	6,00	5,67	5,33	4,99	4,65	4,32	3,99	3,67	3,39	3,11	2,83	2,56	4,41
13/04/2020 02:35:00	5,03	5,98	6,48	6,80	6,91	6,88	6,74	6,55	6,33	6,08	5,77	5,44	5,10	4,76	4,42	4,08	3,75	3,46	3,16	2,88	2,59	3,86
13/04/2020 02:40:00	4,93	5,96	6,43	6,71	6,78	6,67	6,53	6,36	6,17	5,91	5,58	5,24	4,90	4,57	4,23	3,92	3,60	3,33	3,06	2,80	2,54	4,36
13/04/2020 02:45:00	4,96	5,90	6,44	6,74	6,77	6,74	6,61	6,43	6,19	5,93	5,63	5,30	4,96	4,63	4,29	3,96	3,63	3,35	3,06	2,79	2,51	4,33
13/04/2020 02:50:00	4,92	5,76	6,34	6,67	6,74	6,74	6,66	6,52	6,32	6,04	5,67	5,29	4,91	4,55	4,20	3,87	3,54	3,26	2,97	2,70	2,42	4,15
13/04/2020 02:55:00	4,85	5,83	6,29	6,62	6,80	6,75	6,67	6,54	6,30	6,05	5,75	5,42	5,10	4,76	4,43	4,10	3,77	3,48	3,18	2,90	2,61	4,02
13/04/2020 03:00:00	4,81	5,78	6,26	6,59	6,74	6,71	6,65	6,56	6,37	6,10	5,76	5,40	5,05	4,71	4,37	4,06	3,74	3,46	3,18	2,91	2,63	4,10
13/04/2020 03:05:00	4,77	5,73	6,30	6,63	6,69	6,65	6,57	6,44	6,23	5,98	5,68	5,36	5,04	4,71	4,39	4,07	3,75	3,48	3,20	2,93	2,66	4,00
13/04/2020 03:10:00	4,80	5,78	6,32	6,66	6,76	6,77	6,65	6,47	6,29	6,01	5,66	5,30	4,93	4,58	4,22	3,89	3,56	3,27	2,99	2,70	2,42	3,93
13/04/2020 03:15:00	4,74	5,69	6,29	6,63	6,72	6,74	6,60	6,40	6,22	5,97	5,66	5,32	4,98	4,63	4,29	3,96	3,62	3,34	3,05	2,77	2,49	4,48
13/04/2020 03:20:00	4,79	5,59	6,10	6,45	6,62	6,67	6,57	6,41	6,30	6,08	5,76	5,42	5,08	4,75	4,42	4,10	3,79	3,51	3,23	2,96	2,68	4,18
13/04/2020 03:25:00	4,63	5,44	6,01	6,45	6,72	6,77	6,75	6,66	6,48	6,24	5,93	5,58	5,24	4,89	4,54	4,21	3,87	3,57	3,27	2,96	2,66	3,85
13/04/2020 03:30:00	4,62	5,36	5,84	6,25	6,55	6,58	6,54	6,44	6,27	6,06	5,79	5,48	5,17	4,84	4,51	4,19	3,86	3,56	3,27	2,97	2,67	4,23
13/04/2020 03:35:00	4,59	5,33	5,93	6,38	6,63	6,71	6,68	6,58	6,40	6,19	5,92	5,60	5,28	4,95	4,62	4,29	3,95	3,65	3,36	3,05	2,75	3,74
13/04/2020 03:40:00	4,54	5,35	5,95	6,40	6,68	6,77	6,73	6,64	6,49	6,25	5,91	5,54	5,17	4,81	4,45	4,12	3,78	3,48	3,18	2,88	2,57	3,76
13/04/2020 03:45:00	4,39	5,32	5,94	6,38	6,63	6,75	6,67	6,54	6,45	6,23	5,90	5,56	5,21	4,87	4,53	4,20	3,88	3,59	3,30	3,01	2,72	3,52
13/04/2020 03:50:00	4,40	5,18	5,81	6,30	6,61	6,76	6,76	6,70	6,63	6,39	6,02	5,64	5,26	4,91	4,55	4,23	3,91	3,61	3,32	3,02	2,72	3,53
13/04/2020 03:55:00	4,34	5,20	5,85	6,32	6,57	6,68	6,69	6,63	6,40	6,18	5,91	5,60	5,28	4,94	4,61	4,27	3,93	3,62	3,32	3,01	2,70	3,30
13/04/2020 04:00:00	4,31	5,17	5,86	6,35	6,61	6,65	6,60	6,50	6,34	6,13	5,86	5,53	5,21	4,87	4,54	4,20	3,86	3,56	3,27	2,97	2,68	3,31
13/04/2020 04:05:00	4,25	5,24	6,01	6,55	6,84	6,92	6,89	6,79	6,59	6,30	5,93	5,51	5,10	4,70	4,31	3,94	3,57	3,25	2,93	2,60	2,28	3,61
13/04/2020 04:10:00	4,28	5,12	5,81	6,30	6,57	6,68	6,64	6,52	6,36	6,13	5,82	5,47	5,11	4,76	4,40	4,06	3,71	3,41	3,10	2,80	2,49	3,66
13/04/2020 04:15:00	4,16	5,04	5,63	6,11	6,43	6,54	6,54	6,47	6,33	6,10	5,79	5,45	5,10	4,76	4,41	4,09	3,76	3,46	3,16	2,86	2,56	3,68
13/04/2020 04:20:00	4,10	4,98	5,77	6,33	6,63	6,73	6,72	6,66	6,55	6,31	5,95	5,57	5,19	4,82	4,46	4,12	3,78	3,48	3,18	2,88	2,58	3,30
13/04/2020 04:25:00	4,06	4,94	5,69	6,19	6,42	6,54	6,55	6,47	6,24	6,02	5,76	5,44	5,11	4,77	4,43	4,09	3,74	3,44	3,14	2,83	2,53	3,33
13/04/2020 04:30:00	4,06	4,79	5,54	6,09	6,39	6,53	6,53	6,46	6,36	6,12	5,77	5,39	5,01	4,65	4,29	3,95	3,61	3,31	3,01	2,71	2,41	3,05
13/04/2020 04:35:00	3,96	4,86	5,57	6,10	6,41	6,48	6,46	6,38	6,20	6,00	5,74	5,42	5,10	4,77	4,43	4,08	3,74	3,44	3,13	2,83	2,52	3,05
13/04/2020 04:40:00	3,96	4,74	5,45	5,94	6,18	6,25	6,25	6,21	6,16	5,98	5,71	5,41	5,11	4,80	4,50	4,20	3,91	3,64	3,38	3,12	2,86	3,07
13/04/2020 04:45:00	4,03	4,80	5,39	5,85	6,15	6,19	6,24	6,24	6,10	5,93	5,69	5,42	5,14	4,85	4,56	4,25	3,95	3,68	3,41	3,14	2,86	2,96
13/04/2020 04:50:00	3,93	4,83	5,61	6,15	6,42	6,47	6,52	6,52	6,39	6,13	5,76	5,38	5,00	4,64	4,28	3,96	3,64	3,35	3,07	2,78	2,49	3,10
13/04/2020 04:55:00	3,96	4,80	5,54	6,09	6,41	6,54	6,51	6,43	6,35	6,14	5,83	5,48	5,13	4,79	4,44	4,11	3,78	3,48	3,19	2,89	2,60	2,97
13/04/2020 05:00:00	3,87	4,80	5,58	6,13	6,42	6,51	6,50	6,43	6,25	6,06	5,83	5,53	5,23	4,91	4,58	4,24	3,90	3,60	3,30	3,00	2,70	2,94
13/04/2020 05:05:00	3,90	4,68	5,45	6,06	6,45	6,57	6,56	6,49	6,33	6,13	5,84	5,49	5,13	4,77	4,41	4,05	3,69	3,37	3,06	2,73	2,41	3,06
13/04/2020 05:10:00	3,77	4,75	5,53	6,06	6,32	6,47	6,50	6,45	6,29	6,06	5,76	5,41	5,07	4,72	4,38	4,05	3,71	3,42	3,12	2,82	2,53	3,10
13/04/2020 05:15:00	3,76	4,66	5,40	5,97	6,33	6,47	6,53	6,52	6,38	6,17	5,86	5,52	5,18	4,83	4,49	4,16	3,83	3,53	3,23	2,93	2,62	3,05
13/04/2020 05:20:00	3,73	4,61	5,39	6,01	6,41	6,49	6,56	6,58	6,44	6,23	5,94	5,60	5,26	4,92	4,58	4,24	3,91	3,61	3,30	3,00	2,69	2,56
13/04/2020 05:25:00	3,77	4,60	5,36	5,93	6,27	6,40	6,44	6,41	6,29	6,08	5,77	5,43	5,08	4,73	4,39	4,06	3,73	3,43	3,14	2,84	2,54	2,80
13/04/2020 05:30:00	3,68	4,48	5,28	5,88	6,26	6,40	6,41	6,36	6,27	6,08	5,80	5,47	5,14	4,80	4,45	4,12	3,78	3,48	3,18	2,88	2,57	2,86
13/04/2020 05:35:00	3,66	4,39	5,21	5,88	6,33	6,46	6,56	6,60	6,49	6,27	5,96	5,59	5,22	4,86	4,50	4,16	3,82	3,51	3,21	2,89	2,57	2,73
13/04/2020 05:40:00	3,55	4,20	5,12	5,82	6,27	6,49	6,60	6,63	6,53	6,33	6,04	5,69	5,33	4,98	4,62	4,28	3,93	3,62	3,31	2,98	2,66	2,57
13/04/2020 05:45:00	3,56	4,19	5,17	5,89	6,30	6,55	6,64	6,65	6,52	6,30	5,97	5,57	5,18	4,80	4,42	4,06	3,70	3,38	3,06	2,73	2,39	2,86
13/04/2020 05:50:00	3,45	4,28	5,14	5,79	6,20	6,41	6,52	6,55	6,44	6,26	6,00	5,68	5,35	5,02	4,69	4,36	4,04	3,74	3,44	3,13	2,82	2,23
13/04/2020 05:55:00	3,45	4,16	5,06	5,75	6,21	6,52	6,63	6,65	6,59	6,36	6,01	5,62	5,22	4,85	4,47	4,13	3,79	3,47	3,16	2,83	2,50	2,50
13/04/2020 06:00:00	3,45	4,17	5,02	5,71	6,18	6,38	6,49	6,52	6,41	6,27	6,06	5,77	5,47	5,16	4,84	4,50	4,17	3,86	3,56	3,24	2,93	2,51
13/04/2020 06:05:00	3,40	4,26	5,22	5,94	6,39	6,67	6,76	6,74	6,59	6,35	6,01	5,61	5,20	4,81	4,41	4,04	3,67	3,34	3,00	2,66	2,31	2,51
13/04/2020 06:10:00	3,40	4,23	5,16	5,92	6,43	6,67	6,81	6,86	6,77	6,50	6,09	5,65	5,21	4,80	4,39	4,04	3,68	3,36	3,03	2,69	2,35	2,25
13/04/2020 06:15:00	3,30	4,15	5,08	5,82	6,32	6,56	6,68	6,72	6,64	6,38	5,99	5,56	5,13	4,73	4,34	3,99	3,64	3,32	3,00	2,66	2,33	2,11
13/04/2020 06:20:00	3,30	4,22	5,22	5,97	6,43	6,64	6,70	6,68	6,53	6,30	5,95	5,54	5,13	4,73	4,33	3,95	3,58	3,24	2,91	2,57	2,23	2,08
13/04/2020 06:25:00	3,32	4,21	5,22	5,98	6,45	6,59	6,66	6,65	6,50	6,25	5,87	5,44	5,01	4,60	4,19	3,81	3,43	3,10	2,77	2,42	2,08	2,06
13/04/2020 06:30:00	3,29	4,16	5,12	5,86	6,34	6,56	6,65	6,65	6,52	6,27	5,91	5,50	5,09	4,69	4,29	3,92	3,56	3,23	2,90	2,56	2,22	1,96
13/04/2020 06:35:00	3,23	4,18	5,11	5,84	6,31	6,43	6,50	6,50	6,33	6,11	5,79	5,41	5,03	4,65	4,26	3,90	3,53	3,20	2,88	2,55	2,21	2,01
13/04/2020 06:40:00	3,28	4,18	5,04	5,71	6,13	6,32	6,39	6,37	6,22	6,00	5,70	5,34	4,98	4,62	4,25	3,90	3,54	3,23	2,91	2,59	2,26	2,03
13/04/2020 06:45:00	3,27	4,16	5,16	5,94	6,45	6,73	6,79	6,75	6,61	6,34	5,94	5,48	5,02	4,59	4,16	3,76	3,37	3,02	2,67	2,31	1,95	2,10
13/04/2020 06:50:00	3,24	4,16	5,21	5,96	6,39	6,72	6,77	6,71	6,57	6,31	5,91	5,47	5,02	4,59	4,17	3,78	3,40	3,05	2,71	2,36	2,00	2,18
13/04/2020 06:55:00	3,17	4,07	5,16	5,98	6,47	6,69	6,76	6,73	6,57	6,33	5,99	5,56	5,14	4,73	4,31	3,92	3,53	3,18	2,83	2,48	2,12	1,94
13/04/2020 07:00:00	3,22	4,07	5,06	5,84	6,37	6,64	6,73	6,73	6,56	6,35	6,04	5,65	5,26	4,86	4,47	4,08	3,70	3,36	3,01	2,66	2,30	2,17
13/04/2020 07:05:00	3,17	4,01	5,09	5,93	6,48	6,81	6,92	6,91	6,75	6,48	6,09	5,62	5,16	4,72	4,28	3,88	3,48	3,12	2,75	2,38	2,00	2,12
13/04/2020 07:10:00	3,17	4,16	5,31	6,12	6,57	6,81	6,84	6,79	6,68	6,39	5,95	5,46	4,97	4,52	4,07	3,68	3,28	2,94	2,59	2,24	1,89	2,13
13/04/2020 07:15:00	3,11	4,14	5,26	6,06	6,52	6,79	6,89	6,90	6,78	6,50	6,07	5,61	5,15	4,72	4,29	3,91	3,54	3,20	2,86	2,52	2,17	2,21
13/04/2020 07:20:00	3,15	4,00	5,16	6,02	6,53	6,80	6,89	6,88	6,71	6,41	5,96	5,46	4,96	4,49	4,03	3,62	3,21	2,85	2,48	2,11	1,74	2,33
13/04/2020 07:25:00	3,15	4,03	5,22	6,07	6,56	6,84	6,88	6,82	6,69	6,45	6,08	5,63	5,18	4,75	4,31	3,91	3,51	3,15	2,80	2,43	2,07	2,16
13/04/2020 07:30:00	3,18	3,96	5,08	5,93	6,45	6,70	6,81	6,82	6,68	6,44	6,07	5,63	5,20	4,77	4,35	3,96	3,57	3,22	2,87	2,52	2,16	2,55
13/04/2020 07:35:00	3,23	4,03	5,18	6,00	6,46	6,76	6,83	6,77	6,58	6,35	6,00	5,57	5,14	4,71	4,28	3,88	3,47	3,11	2,75	2,39	2,02	2,80
13/04/2020 07:40:00	3,25	3,97	4,93	5,69	6,20	6,46	6,57	6,60	6,50	6,31	6,02	5,65	5,28	4,92	4,55	4,19	3,84	3,52	3,19	2,86	2,52	3,08
13/04/2020 07:45:00	3,35	4,01	4,93	5,69	6,22	6,49	6,61	6,66	6,62	6,40	6,04	5,64	5,23	4,85	4,47	4,12	3,78	3,46	3,14	2,81	2,48	3,10
13/04/2020 07:50:00	3,37	4,00	5,05	5,86	6,38	6,57	6,67	6,70	6,62	6,41	6,05	5,64	5,23	4,83	4,43	4,06	3,70	3,37	3,04	2,71	2,37	3,33
13/04/2020 07:55:00	3,39	3,89	4,81	5,54	6,04	6,32	6,45	6,52	6,53	6,33	5,98	5,59	5,20	4,84	4,48	4,15	3,82	3,53	3,23	2,91	2,60	3,35
13/04/2020 08:00:00	3,45	3,99	4,84	5,57	6,09	6,32	6,45	6,50	6,40	6,21	5,93	5,57	5,22	4,86	4,50	4,15	3,81	3,49	3,17	2,84	2,50	3,51
13/04/2020 08:05:00	3,55	3,87	4,79	5,53	6,05	6,39	6,52	6,57	6,52	6,34	6,04	5,66	5,29	4,93	4,56	4,22	3,87	3,55	3,23	2,90	2,56	3,63
13/04/2020 08:10:00	3,72	4,04	4,88	5,61	6,16	6,40	6,51	6,56	6,56	6,42	6,15	5,81	5,48	5,14	4,80	4,47	4,14	3,84	3,54	3,21	2,89	3,71
13/04/2020 08:15:00	3,80	3,90	4,74	5,48	6,05	6,33	6,53	6,66	6,68	6,53	6,24	5,90	5,55	5,21	4,88	4,57	4,25	3,96	3,66	3,34	3,02	3,85
13/04/2020 08:20:00	3,97	3,99	4,82	5,47	5,87	6,14	6,34	6,47	6,47	6,32	6,05	5,73	5,41	5,10	4,79	4,49	4,20	3,93	3,65	3,36	3,06	3,92
13/04/2020 08:25:00	4,01	4,14	4,92	5,57	6,03	6,22	6,36	6,43	6,39	6,23	5,96	5,62	5,29	4,96	4,62	4,31	3,99	3,70	3,41	3,10	2,79	4,11
13/04/2020 08:30:00	4,12	4,15	4,96	5,68	6,22	6,49	6,66	6,76	6,73	6,62	6,41	6,11	5,81	5,50	5,18	4,86	4,54	4,24	3,94	3,61	3,28	4,24
13/04/2020 08:35:00	4,32	4,43	5,25	5,91	6,36	6,59	6,77	6,87	6,78	6,63	6,39	6,07	5,75	5,43	5,10	4,78	4,45	4,15	3,85	3,53	3,20	4,33
13/04/2020 08:40:00	4,37	4,60	5,47	6,17	6,65	7,00	7,11	7,11	7,02	6,85	6,56	6,20	5,83	5,46	5,09	4,74	4,38	4,04	3,71	3,35	3,00	4,48
13/04/2020 08:45:00	4,49	4,73	5,61	6,33	6,84	7,18	7,29	7,28	7,13	6,96	6,70	6,34	5,99	5,61	5,24	4,86	4,49	4,14	3,78	3,41	3,04	4,46
13/04/2020 08:50:00	4,61	4,89	5,85	6,52	6,83	6,98	7,04	7,02	6,87	6,65	6,35	5,96	5,58	5,21	4,83	4,47	4,10	3,78	3,46	3,13	2,80	4,71
13/04/2020 08:55:00	4,81	4,98	5,94	6,71	7,20	7,30	7,35	7,33	7,19	6,93	6,53	6,07	5,60	5,16	4,72	4,32	3,93	3,57	3,21	2,84	2,47	5,02
13/04/2020 09:00:00	4,93	4,94	5,89	6,59	6,95	7,17	7,25	7,24	7,08	6,84	6,51	6,10	5,69	5,29	4,89	4,51	4,13	3,79	3,45	3,09	2,73	5,18
13/04/2020 09:05:00	5,03	5,05	5,86	6,47	6,83	7,08	7,15	7,13	7,04	6,82	6,47	6,08	5,68	5,29	4,91	4,56	4,21	3,88	3,56	3,22	2,87	5,33
13/04/2020 09:10:00	5,17	5,00	5,63	6,19	6,62	6,90	7,04	7,10	7,03	6,85	6,57	6,23	5,89	5,55	5,22	4,89	4,57	4,26	3,95	3,62	3,28	5,63
13/04/2020 09:15:00	5,36	5,22	5,97	6,50	6,77	6,92	6,99	7,00	6,90	6,68	6,37	6,00	5,63	5,28	4,92	4,59	4,27	3,97	3,67	3,35	3,03	5,76
13/04/2020 09:20:00	5,44	5,31	5,88	6,35	6,67	6,91	6,99	6,97	6,87	6,69	6,43	6,11	5,79	5,46	5,14	4,82	4,49	4,19	3,89	3,56	3,24	5,83
13/04/2020 09:25:00	5,63	5,47	5,93	6,32	6,58	6,95	7,05	7,04	6,98	6,78	6,44	6,07	5,71	5,37	5,04	4,74	4,43	4,14	3,85	3,53	3,20	6,35
13/04/2020 09:30:00	5,86	5,53	5,89	6,22	6,47	6,57	6,63	6,65	6,55	6,39	6,16	5,89	5,61	5,32	5,04	4,76	4,47	4,20	3,93	3,64	3,35	6,75
13/04/2020 09:35:00	6,01	5,78	6,10	6,32	6,40	6,44	6,42	6,36	6,31	6,17	5,96	5,71	5,47	5,21	4,96	4,70	4,44	4,20	3,96	3,71	3,46	6,36
13/04/2020 09:40:00	6,17	5,89	6,06	6,25	6,43	6,50	6,56	6,60	6,54	6,39	6,15	5,90	5,65	5,40	5,15	4,90	4,65	4,41	4,17	3,91	3,65	6,43
13/04/2020 09:45:00	6,37	6,02	6,14	6,30	6,48	6,66	6,73	6,74	6,66	6,50	6,27	6,02	5,77	5,51	5,25	5,00	4,74	4,49	4,23	3,95	3,68	7,13
13/04/2020 09:50:00	6,63	6,05	6,08	6,15	6,24	6,40	6,47	6,48	6,32	6,17	6,04	5,86	5,67	5,46	5,24	4,99	4,74	4,49	4,24	3,97	3,70	6,97
13/04/2020 09:55:00	6,79	6,35	6,41	6,53	6,66	6,51	6,39	6,27	6,10	5,92	5,73	5,48	5,24	4,97	4,70	4,41	4,12	3,86	3,59	3,33	3,06	7,58
13/04/2020 10:00:00	7,04	6,61	6,53	6,45	6,35	6,22	6,08	5,95	5,86	5,68	5,44	5,20	4,96	4,72	4,49	4,25	4,02	3,81	3,60	3,38	3,17	7,40
13/04/2020 10:05:00	7,19	6,60	6,46	6,40	6,40	6,28	6,15	6,01	5,91	5,79	5,63	5,45	5,26	5,05	4,84	4,60	4,36	4,14	3,92	3,70	3,47	8,07
13/04/2020 10:10:00	7,26	6,82	6,67	6,55	6,48	6,40	6,26	6,08	5,91	5,71	5,50	5,27	5,03	4,79	4,54	4,29	4,03	3,80	3,56	3,32	3,08	7,48
13/04/2020 10:15:00	7,41	7,06	6,88	6,77	6,72	6,51	6,29	6,07	5,85	5,65	5,45	5,21	4,98	4,72	4,46	4,19	3,91	3,67	3,42	3,17	2,93	8,46
13/04/2020 10:20:00	7,51	7,11	6,92	6,74	6,58	6,36	6,17	6,00	5,87	5,67	5,42	5,17	4,92	4,68	4,44	4,21	3,98	3,77	3,56	3,35	3,14	8,38
13/04/2020 10:25:00	7,72	7,30	6,95	6,67	6,49	6,27	6,07	5,90	5,74	5,61	5,50	5,37	5,24	5,08	4,91	4,70	4,49	4,30	4,11	3,91	3,72	9,11
13/04/2020 10:30:00	7,93	7,40	7,14	6,95	6,80	6,59	6,43	6,31	6,10	5,89	5,66	5,42	5,19	4,95	4,71	4,47	4,23	4,01	3,78	3,55	3,33	8,93
13/04/2020 10:35:00	8,02	7,53	7,13	6,83	6,65	6,37	6,18	6,05	5,89	5,73	5,57	5,41	5,25	5,07	4,89	4,68	4,47	4,28	4,09	3,90	3,70	8,86
13/04/2020 10:40:00	8,22	7,58	7,29	7,03	6,77	6,52	6,32	6,13	5,88	5,67	5,49	5,29	5,09	4,87	4,65	4,41	4,17	3,95	3,73	3,51	3,29	9,43
13/04/2020 10:45:00	8,40	7,98	7,55	7,18	6,90	6,75	6,54	6,30	6,10	5,87	5,60	5,35	5,10	4,86	4,62	4,39	4,16	3,94	3,72	3,50	3,28	9,63
13/04/2020 10:50:00	8,68	8,11	7,68	7,29	6,95	6,71	6,43	6,13	5,89	5,65	5,43	5,21	4,98	4,75	4,52	4,27	4,03	3,81	3,59	3,38	3,16	9,98
13/04/2020 10:55:00	8,74	8,27	7,79	7,40	7,11	6,80	6,55	6,33	6,01	5,73	5,49	5,25	5,01	4,77	4,52	4,27	4,02	3,79	3,56	3,33	3,10	9,40
13/04/2020 11:00:00	8,93	8,37	7,89	7,46	7,10	6,75	6,45	6,19	5,94	5,70	5,47	5,25	5,03	4,81	4,59	4,35	4,12	3,91	3,71	3,50	3,30	9,97
13/04/2020 11:05:00	8,98	8,49	8,08	7,69	7,32	6,88	6,53	6,23	5,93	5,67	5,48	5,28	5,08	4,86	4,63	4,38	4,13	3,91	3,69	3,49	3,28	9,67
13/04/2020 11:10:00	9,23	8,69	8,28	7,90	7,56	7,10	6,78	6,56	6,20	5,86	5,53	5,21	4,90	4,61	4,32	4,04	3,77	3,53	3,29	3,05	2,82	11,45
13/04/2020 11:15:00	9,35	8,71	8,20	7,74	7,35	6,99	6,68	6,39	6,10	5,83	5,59	5,36	5,13	4,89	4,65	4,41	4,16	3,94	3,72	3,50	3,29	10,23
13/04/2020 11:20:00	9,42	8,86	8,34	7,84	7,36	7,01	6,68	6,39	6,14	5,90	5,69	5,49	5,28	5,08	4,87	4,65	4,42	4,23	4,03	3,84	3,66	11,05
13/04/2020 11:25:00	9,57	9,03	8,54	8,08	7,66	7,27	6,91	6,57	6,24	5,95	5,72	5,49	5,25	5,01	4,76	4,50	4,23	4,00	3,77	3,55	3,32	11,61
13/04/2020 11:30:00	9,64	9,16	8,69	8,24	7,80	7,40	7,02	6,65	6,38	6,08	5,73	5,41	5,10	4,81	4,52	4,26	3,99	3,77	3,54	3,32	3,10	12,44
13/04/2020 11:35:00	9,81	9,25	8,72	8,23	7,79	7,39	7,05	6,77	6,44	6,14	5,87	5,62	5,37	5,12	4,87	4,62	4,37	4,14	3,91	3,69	3,47	12,12
13/04/2020 11:40:00	9,88	9,47	8,94	8,39	7,84	7,36	6,91	6,49	6,10	5,80	5,59	5,38	5,17	4,93	4,70	4,43	4,16	3,94	3,71	3,51	3,30	11,24
13/04/2020 11:45:00	9,95	9,25	8,79	8,33	7,84	7,50	7,17	6,85	6,54	6,22	5,90	5,60	5,30	5,02	4,74	4,48	4,21	3,98	3,74	3,51	3,28	11,02
13/04/2020 11:50:00	9,99	9,44	8,86	8,32	7,87	7,52	7,15	6,77	6,52	6,25	5,97	5,72	5,46	5,22	4,97	4,73	4,48	4,26	4,04	3,83	3,61	10,93
13/04/2020 11:55:00	10,07	9,66	9,02	8,40	7,84	7,37	6,99	6,67	6,35	6,09	5,90	5,73	5,56	5,37	5,18	4,96	4,74	4,54	4,35	4,17	3,99	11,22
13/04/2020 12:00:00	10,24	9,58	9,09	8,63	8,20	7,74	7,38	7,11	6,76	6,43	6,15	5,88	5,61	5,34	5,08	4,81	4,54	4,31	4,07	3,84	3,61	11,44
13/04/2020 12:05:00	10,25	9,72	9,11	8,53	8,00	7,62	7,22	6,81	6,47	6,18	5,96	5,74	5,52	5,29	5,06	4,81	4,55	4,33	4,10	3,89	3,67	12,17
13/04/2020 12:10:00	10,25	9,59	9,01	8,45	7,94	7,52	7,16	6,86	6,57	6,34	6,20	6,06	5,92	5,75	5,57	5,35	5,13	4,93	4,73	4,54	4,35	11,62
13/04/2020 12:15:00	10,28	9,87	9,35	8,79	8,21	7,73	7,34	7,00	6,63	6,29	5,99	5,73	5,46	5,20	4,95	4,69	4,43	4,21	3,99	3,78	3,57	11,33
13/04/2020 12:20:00	10,49	9,88	9,41	8,93	8,42	8,00	7,61	7,23	6,97	6,67	6,29	5,95	5,61	5,32	5,02	4,76	4,50	4,26	4,03	3,81	3,59	11,81
13/04/2020 12:25:00	10,55	9,89	9,36	8,82	8,26	7,79	7,39	7,06	6,66	6,36	6,21	6,04	5,88	5,67	5,46	5,20	4,95	4,72	4,50	4,29	4,08	13,28
13/04/2020 12:30:00	10,67	10,09	9,57	9,06	8,57	8,14	7,73	7,32	6,91	6,60	6,47	6,29	6,12	5,90	5,68	5,39	5,11	4,86	4,62	4,38	4,14	13,59
13/04/2020 12:35:00	10,60	10,23	9,67	9,09	8,53	8,05	7,62	7,23	6,84	6,50	6,25	6,01	5,77	5,52	5,27	5,00	4,73	4,50	4,27	4,05	3,83	12,24
13/04/2020 12:40:00	10,83	10,07	9,60	9,13	8,62	8,21	7,87	7,60	7,28	6,96	6,62	6,32	6,01	5,73	5,45	5,19	4,93	4,69	4,46	4,23	3,99	13,27
13/04/2020 12:45:00	10,81	10,40	9,96	9,49	8,97	8,42	7,95	7,53	7,10	6,69	6,31	5,95	5,59	5,25	4,92	4,60	4,29	4,02	3,75	3,50	3,24	12,29
13/04/2020 12:50:00	11,01	10,35	9,79	9,25	8,76	8,26	7,82	7,43	7,16	6,87	6,52	6,22	5,91	5,63	5,35	5,09	4,83	4,60	4,37	4,15	3,93	13,01
13/04/2020 12:55:00	11,05	10,35	9,67	9,06	8,57	8,10	7,71	7,37	6,99	6,66	6,44	6,22	6,00	5,77	5,53	5,27	5,01	4,78	4,54	4,31	4,08	12,47
13/04/2020 13:00:00	11,18	10,49	9,97	9,52	9,15	8,67	8,26	7,90	7,49	7,09	6,75	6,41	6,07	5,74	5,41	5,10	4,78	4,50	4,21	3,93	3,65	12,64
13/04/2020 13:05:00	11,14	10,55	10,05	9,53	8,99	8,59	8,20	7,82	7,46	7,11	6,78	6,47	6,16	5,87	5,58	5,30	5,01	4,76	4,51	4,26	4,02	12,59
13/04/2020 13:10:00	11,15	10,62	10,20	9,75	9,26	8,75	8,31	7,93	7,55	7,15	6,71	6,31	5,91	5,56	5,21	4,90	4,59	4,32	4,05	3,79	3,53	12,73
13/04/2020 13:15:00	11,20	10,42	9,89	9,39	8,90	8,50	8,12	7,75	7,40	7,07	6,79	6,51	6,22	5,95	5,67	5,39	5,11	4,86	4,60	4,35	4,10	13,03
13/04/2020 13:20:00	11,27	10,75	10,18	9,68	9,28	8,87	8,46	8,06	7,65	7,30	7,04	6,77	6,50	6,22	5,93	5,63	5,32	5,05	4,77	4,50	4,23	12,53
13/04/2020 13:25:00	11,20	10,66	10,04	9,46	8,95	8,55	8,22	7,93	7,58	7,26	6,97	6,71	6,44	6,19	5,94	5,68	5,43	5,19	4,96	4,72	4,48	13,32
13/04/2020 13:30:00	11,24	10,64	10,04	9,49	9,00	8,55	8,15	7,80	7,47	7,17	6,87	6,60	6,33	6,07	5,81	5,55	5,29	5,05	4,81	4,57	4,34	12,54
13/04/2020 13:35:00	11,40	10,76	10,21	9,69	9,22	8,79	8,42	8,08	7,77	7,45	7,12	6,82	6,52	6,24	5,96	5,69	5,42	5,17	4,92	4,68	4,43	13,58
13/04/2020 13:40:00	11,45	10,96	10,45	9,91	9,32	8,85	8,38	7,90	7,55	7,21	6,87	6,55	6,24	5,94	5,64	5,35	5,06	4,81	4,56	4,32	4,08	13,71
13/04/2020 13:45:00	11,50	10,72	10,25	9,78	9,29	8,96	8,63	8,30	8,00	7,67	7,31	6,97	6,64	6,34	6,04	5,76	5,48	5,22	4,96	4,70	4,44	14,22
13/04/2020 13:50:00	11,73	11,04	10,38	9,75	9,22	8,78	8,36	7,94	7,59	7,29	7,03	6,78	6,54	6,29	6,04	5,77	5,51	5,26	5,02	4,78	4,55	13,52
13/04/2020 13:55:00	11,72	11,14	10,55	10,01	9,55	9,05	8,62	8,23	7,87	7,51	7,19	6,88	6,58	6,29	5,99	5,70	5,41	5,15	4,89	4,64	4,38	13,41
13/04/2020 14:00:00	11,87	11,35	10,81	10,21	9,54	9,09	8,66	8,25	7,86	7,51	7,20	6,92	6,63	6,36	6,09	5,82	5,54	5,29	5,05	4,81	4,58	13,65
13/04/2020 14:05:00	11,83	11,44	10,93	10,40	9,85	9,41	9,00	8,60	8,17	7,73	7,25	6,83	6,41	6,04	5,67	5,35	5,03	4,74	4,45	4,17	3,89	14,74
13/04/2020 14:10:00	11,94	11,65	11,19	10,71	10,21	9,65	9,18	8,79	8,39	7,97	7,50	7,08	6,65	6,29	5,92	5,60	5,29	5,00	4,72	4,44	4,17	14,68
13/04/2020 14:15:00	12,01	11,35	10,77	10,25	9,81	9,47	9,12	8,74	8,41	8,05	7,60	7,20	6,80	6,46	6,11	5,81	5,51	5,23	4,94	4,66	4,37	14,02
13/04/2020 14:20:00	11,89	11,55	11,02	10,46	9,91	9,39	8,85	8,30	7,89	7,53	7,26	6,99	6,72	6,43	6,14	5,83	5,52	5,24	4,97	4,72	4,46	14,45
13/04/2020 14:25:00	12,11	11,59	11,19	10,80	10,38	9,91	9,48	9,08	8,68	8,26	7,81	7,39	6,97	6,59	6,22	5,88	5,54	5,23	4,92	4,61	4,31	14,87
13/04/2020 14:30:00	12,01	11,52	11,00	10,49	10,00	9,57	9,15	8,75	8,36	7,99	7,67	7,36	7,05	6,75	6,45	6,14	5,84	5,56	5,29	5,01	4,74	13,82
13/04/2020 14:35:00	12,26	11,60	11,11	10,60	10,05	9,60	9,14	8,67	8,27	7,90	7,56	7,23	6,89	6,58	6,26	5,94	5,63	5,35	5,07	4,79	4,52	14,27
13/04/2020 14:40:00	12,10	11,42	10,89	10,41	9,99	9,56	9,13	8,70	8,33	7,99	7,69	7,39	7,08	6,78	6,48	6,17	5,86	5,58	5,29	5,01	4,74	14,85
13/04/2020 14:45:00	12,23	11,75	11,26	10,74	10,17	9,68	9,26	8,87	8,48	8,08	7,63	7,24	6,84	6,49	6,15	5,84	5,54	5,26	4,98	4,71	4,44	14,17
13/04/2020 14:50:00	12,15	11,82	11,34	10,86	10,43	9,97	9,53	9,08	8,64	8,21	7,82	7,44	7,07	6,71	6,36	6,02	5,68	5,36	5,05	4,75	4,44	13,87
13/04/2020 14:55:00	12,46	11,86	11,45	11,01	10,52	10,11	9,72	9,32	8,88	8,40	7,86	7,37	6,88	6,46	6,03	5,68	5,33	5,00	4,68	4,35	4,02	14,58
13/04/2020 15:00:00	12,39	11,95	11,44	10,95	10,51	10,11	9,72	9,33	8,88	8,41	7,91	7,45	7,00	6,60	6,20	5,85	5,50	5,18	4,85	4,53	4,20	14,09
13/04/2020 15:05:00	12,44	11,89	11,50	11,16	10,84	10,49	10,11	9,69	9,30	8,85	8,24	7,69	7,14	6,67	6,21	5,83	5,46	5,11	4,75	4,39	4,04	15,13
13/04/2020 15:10:00	12,48	11,90	11,38	10,82	10,23	9,72	9,26	8,84	8,40	7,97	7,59	7,24	6,88	6,55	6,22	5,90	5,59	5,31	5,02	4,75	4,47	14,49
13/04/2020 15:15:00	12,71	12,11	11,63	11,11	10,54	10,05	9,60	9,17	8,72	8,25	7,81	7,40	6,99	6,62	6,25	5,91	5,58	5,27	4,97	4,67	4,37	14,54
13/04/2020 15:20:00	12,70	12,16	11,68	11,21	10,72	10,26	9,77	9,26	8,83	8,41	8,02	7,63	7,25	6,88	6,52	6,17	5,83	5,51	5,20	4,89	4,58	14,92
13/04/2020 15:25:00	12,68	12,22	11,76	11,33	10,93	10,46	9,98	9,50	9,11	8,66	8,03	7,48	6,93	6,47	6,01	5,64	5,28	4,94	4,60	4,27	3,94	15,35
13/04/2020 15:30:00	12,69	12,29	11,77	11,20	10,59	9,97	9,44	9,01	8,59	8,18	7,79	7,44	7,08	6,76	6,43	6,13	5,82	5,55	5,27	5,01	4,76	15,40
13/04/2020 15:35:00	12,77	12,26	11,79	11,32	10,86	10,40	9,95	9,49	9,06	8,61	8,18	7,76	7,35	6,97	6,59	6,24	5,89	5,57	5,25	4,94	4,62	14,14
13/04/2020 15:40:00	12,87	12,24	11,72	11,26	10,86	10,38	9,97	9,62	9,14	8,64	8,21	7,79	7,37	6,99	6,61	6,25	5,90	5,56	5,23	4,90	4,57	15,22
13/04/2020 15:45:00	12,90	12,23	11,75	11,32	10,92	10,52	10,07	9,57	9,14	8,69	8,21	7,75	7,28	6,87	6,45	6,08	5,71	5,37	5,02	4,68	4,34	15,21
13/04/2020 15:50:00	12,87	12,21	11,72	11,25	10,79	10,37	9,95	9,50	9,08	8,67	8,32	7,97	7,62	7,29	6,95	6,61	6,28	5,96	5,65	5,34	5,03	15,85
13/04/2020 15:55:00	12,95	12,59	12,08	11,57	11,09	10,63	10,16	9,68	9,25	8,80	8,34	7,91	7,48	7,10	6,71	6,36	6,01	5,69	5,37	5,05	4,73	17,16
13/04/2020 16:00:00	12,95	12,35	11,97	11,58	11,16	10,81	10,41	9,95	9,45	8,93	8,43	7,94	7,46	7,02	6,58	6,18	5,79	5,42	5,06	4,69	4,32	15,17
13/04/2020 16:05:00	12,85	12,38	11,90	11,47	11,11	10,64	10,16	9,67	9,24	8,81	8,34	7,90	7,45	7,05	6,64	6,27	5,91	5,57	5,23	4,90	4,56	15,34
13/04/2020 16:10:00	13,00	12,50	11,98	11,43	10,86	10,41	9,95	9,47	9,04	8,60	8,12	7,68	7,25	6,87	6,49	6,15	5,81	5,50	5,19	4,89	4,58	15,02
13/04/2020 16:15:00	12,92	12,59	12,10	11,54	10,91	10,45	9,98	9,49	9,04	8,60	8,14	7,72	7,30	6,93	6,56	6,23	5,90	5,59	5,29	4,99	4,70	15,23
13/04/2020 16:20:00	13,00	12,52	12,05	11,62	11,26	10,75	10,26	9,79	9,36	8,91	8,41	7,94	7,47	7,05	6,63	6,26	5,89	5,55	5,21	4,87	4,54	14,63
13/04/2020 16:25:00	12,86	12,58	12,13	11,65	11,17	10,68	10,21	9,73	9,25	8,77	8,29	7,84	7,39	6,99	6,58	6,22	5,85	5,52	5,18	4,86	4,53	14,90
13/04/2020 16:30:00	12,81	12,34	11,81	11,30	10,83	10,33	9,88	9,47	9,09	8,70	8,29	7,92	7,54	7,20	6,87	6,55	6,23	5,94	5,65	5,36	5,07	14,32
13/04/2020 16:35:00	12,76	12,46	12,05	11,58	11,04	10,62	10,20	9,75	9,24	8,73	8,26	7,83	7,39	6,99	6,59	6,22	5,85	5,52	5,18	4,85	4,52	14,44
13/04/2020 16:40:00	12,74	12,51	12,03	11,52	11,00	10,48	9,99	9,50	9,09	8,67	8,21	7,80	7,39	7,02	6,65	6,32	5,98	5,68	5,38	5,08	4,79	14,88
13/04/2020 16:45:00	12,65	12,34	11,89	11,43	10,96	10,52	10,08	9,63	9,20	8,76	8,26	7,80	7,35	6,95	6,55	6,20	5,85	5,53	5,20	4,88	4,56	15,09
13/04/2020 16:50:00	12,70	12,33	11,90	11,45	10,97	10,49	10,01	9,49	9,06	8,63	8,15	7,70	7,26	6,86	6,46	6,11	5,75	5,42	5,10	4,78	4,47	14,72
13/04/2020 16:55:00	12,68	12,31	11,87	11,41	10,93	10,47	10,01	9,55	9,08	8,62	8,20	7,80	7,39	7,02	6,64	6,29	5,93	5,60	5,28	4,96	4,64	14,42
13/04/2020 17:00:00	12,78	12,43	11,93	11,44	11,03	10,53	10,04	9,58	9,10	8,63	8,21	7,81	7,41	7,03	6,65	6,29	5,92	5,59	5,26	4,94	4,61	14,47
13/04/2020 17:05:00	12,60	12,30	11,86	11,41	10,95	10,44	9,98	9,57	9,12	8,68	8,24	7,82	7,41	7,04	6,66	6,32	5,97	5,66	5,34	5,03	4,72	14,17
13/04/2020 17:10:00	12,32	12,27	11,91	11,49	11,03	10,50	10,01	9,55	9,11	8,67	8,22	7,81	7,39	7,01	6,63	6,27	5,92	5,60	5,29	4,98	4,68	14,32
13/04/2020 17:15:00	12,39	12,18	11,81	11,39	10,91	10,45	10,02	9,60	9,15	8,70	8,23	7,79	7,36	6,97	6,58	6,23	5,88	5,56	5,24	4,92	4,61	14,14
13/04/2020 17:20:00	12,30	12,10	11,73	11,33	10,90	10,50	10,10	9,70	9,25	8,79	8,33	7,91	7,48	7,09	6,70	6,34	5,99	5,66	5,33	5,00	4,67	13,72
13/04/2020 17:25:00	12,22	12,20	11,85	11,45	11,02	10,55	10,10	9,69	9,21	8,73	8,29	7,88	7,47	7,09	6,70	6,34	5,98	5,64	5,31	4,99	4,67	13,84
13/04/2020 17:30:00	12,21	12,13	11,79	11,41	11,00	10,54	10,13	9,76	9,28	8,78	8,30	7,84	7,39	6,98	6,57	6,21	5,84	5,50	5,16	4,83	4,50	13,82
13/04/2020 17:35:00	12,53	12,38	12,08	11,72	11,26	10,89	10,48	10,01	9,61	9,17	8,67	8,20	7,73	7,32	6,91	6,55	6,19	5,86	5,52	5,19	4,86	13,81
13/04/2020 17:40:00	12,85	12,76	12,38	11,98	11,55	11,15	10,72	10,27	9,84	9,41	8,94	8,51	8,08	7,69	7,30	6,94	6,59	6,25	5,91	5,58	5,25	13,90
13/04/2020 17:45:00	12,91	12,74	12,31	11,86	11,45	11,05	10,65	10,25	9,78	9,33	8,98	8,63	8,28	7,93	7,59	7,24	6,89	6,56	6,23	5,90	5,57	13,99
13/04/2020 17:50:00	12,81	12,70	12,38	12,03	11,64	11,22	10,79	10,36	9,94	9,50	9,02	8,58	8,13	7,73	7,32	6,96	6,59	6,25	5,91	5,57	5,23	13,83
13/04/2020 17:55:00	12,83	12,71	12,32	11,94	11,58	11,16	10,72	10,26	9,85	9,44	8,99	8,57	8,16	7,77	7,38	7,02	6,66	6,33	5,99	5,65	5,32	14,01
13/04/2020 18:00:00	12,78	12,70	12,33	11,97	11,62	11,23	10,81	10,35	9,96	9,54	9,03	8,56	8,09	7,68	7,27	6,90	6,54	6,19	5,85	5,50	5,15	14,02
13/04/2020 18:05:00	12,81	12,70	12,36	11,99	11,58	11,16	10,75	10,34	9,89	9,44	9,00	8,59	8,17	7,79	7,41	7,04	6,68	6,34	6,00	5,67	5,33	13,80
13/04/2020 18:10:00	12,77	12,65	12,30	11,96	11,61	11,17	10,73	10,30	9,88	9,46	9,04	8,63	8,23	7,85	7,47	7,10	6,74	6,40	6,06	5,72	5,39	14,02
13/04/2020 18:15:00	12,79	12,69	12,29	11,92	11,61	11,18	10,75	10,33	9,92	9,50	9,04	8,61	8,18	7,79	7,40	7,04	6,67	6,33	5,99	5,65	5,31	13,61
13/04/2020 18:20:00	12,75	12,63	12,33	12,00	11,63	11,22	10,82	10,43	10,01	9,57	9,07	8,61	8,15	7,74	7,33	6,96	6,60	6,25	5,91	5,57	5,22	13,88
13/04/2020 18:25:00	12,69	12,71	12,33	11,93	11,53	11,12	10,69	10,23	9,82	9,42	9,00	8,60	8,21	7,84	7,48	7,13	6,78	6,45	6,12	5,80	5,47	13,66
13/04/2020 18:30:00	12,62	12,64	12,37	12,03	11,60	11,19	10,77	10,32	9,90	9,47	8,97	8,51	8,05	7,64	7,23	6,87	6,50	6,16	5,82	5,49	5,16	13,64
13/04/2020 18:35:00	12,94	12,92	12,59	12,26	11,95	11,48	11,04	10,67	10,29	9,88	9,39	8,94	8,50	8,10	7,70	7,34	6,99	6,65	6,32	5,98	5,65	13,60
13/04/2020 18:40:00	12,87	12,89	12,56	12,21	11,85	11,47	11,06	10,63	10,24	9,85	9,44	9,05	8,67	8,30	7,94	7,59	7,23	6,90	6,57	6,23	5,90	13,39
13/04/2020 18:45:00	13,14	13,24	12,94	12,60	12,22	11,78	11,36	10,94	10,48	10,03	9,64	9,25	8,87	8,49	8,12	7,75	7,38	7,03	6,68	6,34	6,00	13,21
13/04/2020 18:50:00	13,31	13,34	13,06	12,74	12,37	11,97	11,55	11,12	10,73	10,33	9,86	9,43	8,99	8,60	8,20	7,84	7,48	7,13	6,79	6,44	6,10	13,15
13/04/2020 18:55:00	13,14	13,15	12,86	12,50	12,07	11,72	11,35	10,96	10,58	10,19	9,79	9,42	9,04	8,69	8,34	8,00	7,66	7,33	7,01	6,68	6,35	13,06
13/04/2020 19:00:00	13,05	13,14	12,86	12,51	12,10	11,67	11,26	10,87	10,45	10,02	9,58	9,18	8,77	8,39	8,01	7,66	7,30	6,97	6,63	6,30	5,97	13,02
13/04/2020 19:05:00	12,92	13,13	12,87	12,55	12,20	11,76	11,32	10,90	10,51	10,12	9,68	9,27	8,87	8,49	8,12	7,76	7,40	7,06	6,73	6,39	6,06	12,85
13/04/2020 19:10:00	12,85	12,95	12,67	12,35	12,02	11,64	11,24	10,82	10,45	10,07	9,62	9,21	8,80	8,42	8,04	7,68	7,33	6,99	6,66	6,32	5,98	12,79
13/04/2020 19:15:00	12,71	12,96	12,73	12,43	12,07	11,68	11,27	10,85	10,42	10,00	9,61	9,23	8,86	8,49	8,12	7,76	7,39	7,05	6,70	6,36	6,02	12,73
13/04/2020 19:20:00	12,81	12,86	12,62	12,36	12,06	11,64	11,24	10,85	10,46	10,05	9,59	9,16	8,73	8,34	7,95	7,58	7,21	6,87	6,52	6,18	5,83	12,72
13/04/2020 19:25:00	12,74	12,93	12,76	12,50	12,13	11,73	11,33	10,91	10,52	10,11	9,62	9,17	8,72	8,32	7,91	7,55	7,18	6,83	6,49	6,15	5,81	12,60
13/04/2020 19:30:00	12,68	12,81	12,65	12,42	12,08	11,66	11,26	10,87	10,49	10,09	9,67	9,27	8,86	8,48	8,11	7,74	7,38	7,05	6,71	6,37	6,04	12,48
13/04/2020 19:35:00	12,62	12,81	12,64	12,39	12,04	11,68	11,30	10,91	10,48	10,04	9,62	9,22	8,82	8,44	8,05	7,68	7,31	6,96	6,60	6,26	5,91	12,34
13/04/2020 19:40:00	12,49	12,84	12,70	12,46	12,11	11,70	11,31	10,96	10,57	10,15	9,67	9,23	8,79	8,39	7,99	7,63	7,27	6,93	6,59	6,26	5,92	12,30
13/04/2020 19:45:00	12,23	12,56	12,36	12,09	11,73	11,36	10,98	10,60	10,20	9,81	9,40	9,02	8,64	8,28	7,91	7,56	7,21	6,88	6,55	6,23	5,90	12,15
13/04/2020 19:50:00	12,16	12,48	12,37	12,15	11,80	11,54	11,20	10,78	10,38	9,97	9,50	9,06	8,62	8,22	7,81	7,44	7,07	6,72	6,36	6,01	5,66	12,12
13/04/2020 19:55:00	12,12	12,48	12,42	12,21	11,83	11,48	11,08	10,64	10,25	9,85	9,38	8,94	8,50	8,10	7,70	7,33	6,96	6,62	6,28	5,94	5,61	12,05
13/04/2020 20:00:00	12,06	12,53	12,41	12,18	11,83	11,45	11,04	10,59	10,21	9,81	9,35	8,93	8,50	8,11	7,72	7,35	6,99	6,65	6,31	5,98	5,64	11,92
13/04/2020 20:05:00	11,96	12,48	12,37	12,15	11,85	11,46	11,08	10,72	10,29	9,85	9,38	8,95	8,51	8,11	7,71	7,34	6,96	6,61	6,26	5,92	5,57	11,94
13/04/2020 20:10:00	11,95	12,49	12,30	12,05	11,80	11,38	10,97	10,57	10,17	9,76	9,36	8,97	8,59	8,22	7,84	7,48	7,12	6,78	6,43	6,10	5,77	12,08
13/04/2020 20:15:00	11,92	12,53	12,34	12,05	11,73	11,36	10,97	10,55	10,12	9,70	9,30	8,91	8,53	8,16	7,79	7,43	7,07	6,72	6,38	6,05	5,72	11,92
13/04/2020 20:20:00	11,94	12,41	12,30	12,07	11,72	11,33	10,95	10,58	10,16	9,74	9,30	8,90	8,49	8,11	7,73	7,36	7,00	6,67	6,33	6,00	5,67	11,75
13/04/2020 20:25:00	11,86	12,38	12,28	12,05	11,70	11,33	10,97	10,61	10,21	9,81	9,44	9,08	8,73	8,38	8,03	7,68	7,33	7,01	6,68	6,36	6,04	11,82
13/04/2020 20:30:00	11,76	12,47	12,44	12,25	11,90	11,52	11,13	10,72	10,27	9,82	9,41	9,01	8,61	8,22	7,83	7,45	7,08	6,73	6,38	6,04	5,70	11,75
13/04/2020 20:35:00	11,82	12,21	12,16	12,00	11,69	11,42	11,10	10,72	10,34	9,95	9,53	9,12	8,72	8,34	7,96	7,59	7,23	6,88	6,54	6,20	5,85	11,53
13/04/2020 20:40:00	11,59	12,08	12,01	11,79	11,43	11,11	10,76	10,37	10,03	9,69	9,31	8,95	8,59	8,25	7,91	7,57	7,24	6,93	6,61	6,30	6,00	11,54
13/04/2020 20:45:00	11,46	12,10	12,10	11,93	11,59	11,27	10,91	10,52	10,13	9,72	9,28	8,86	8,44	8,05	7,67	7,30	6,93	6,60	6,26	5,93	5,60	11,42
13/04/2020 20:50:00	11,35	11,99	11,96	11,82	11,58	11,32	11,00	10,64	10,24	9,84	9,44	9,05	8,67	8,29	7,91	7,54	7,17	6,82	6,47	6,12	5,77	11,23
13/04/2020 20:55:00	11,30	11,98	12,05	11,97	11,72	11,45	11,12	10,74	10,37	9,96	9,49	9,05	8,60	8,19	7,78	7,40	7,02	6,66	6,31	5,95	5,60	11,25
13/04/2020 21:00:00	11,34	11,94	11,98	11,88	11,62	11,27	10,93	10,60	10,17	9,76	9,38	9,00	8,62	8,24	7,87	7,49	7,12	6,77	6,43	6,09	5,75	11,20
13/04/2020 21:05:00	11,23	11,94	11,98	11,87	11,59	11,30	10,94	10,51	10,16	9,79	9,36	8,94	8,53	8,14	7,75	7,38	7,01	6,67	6,33	6,00	5,66	11,28
13/04/2020 21:10:00	11,22	11,92	12,02	11,94	11,66	11,34	10,97	10,56	10,19	9,80	9,37	8,96	8,54	8,15	7,76	7,38	7,00	6,66	6,31	5,98	5,64	11,06
13/04/2020 21:15:00	11,07	11,80	11,88	11,82	11,58	11,22	10,87	10,53	10,12	9,71	9,29	8,89	8,48	8,09	7,70	7,32	6,95	6,60	6,25	5,92	5,58	11,03
13/04/2020 21:20:00	11,11	11,78	11,85	11,77	11,53	11,26	10,95	10,62	10,24	9,84	9,42	9,01	8,60	8,21	7,82	7,45	7,08	6,74	6,39	6,05	5,71	11,07
13/04/2020 21:25:00	11,03	11,64	11,79	11,79	11,60	11,35	11,04	10,70	10,36	9,97	9,52	9,08	8,64	8,23	7,82	7,44	7,07	6,71	6,36	6,00	5,65	10,95
13/04/2020 21:30:00	10,95	11,74	11,84	11,80	11,61	11,38	11,05	10,66	10,31	9,93	9,49	9,07	8,65	8,25	7,85	7,47	7,09	6,74	6,38	6,03	5,68	10,96
13/04/2020 21:35:00	10,93	11,62	11,75	11,75	11,61	11,33	11,02	10,69	10,33	9,94	9,48	9,03	8,59	8,17	7,76	7,38	6,99	6,64	6,28	5,92	5,57	10,70
13/04/2020 21:40:00	10,88	11,56	11,72	11,71	11,47	11,26	11,00	10,69	10,33	9,94	9,53	9,12	8,72	8,34	7,95	7,58	7,21	6,87	6,52	6,18	5,83	10,87
13/04/2020 21:45:00	10,81	11,60	11,75	11,75	11,61	11,34	11,03	10,70	10,33	9,93	9,47	9,02	8,58	8,16	7,75	7,36	6,98	6,62	6,25	5,90	5,54	10,70
13/04/2020 21:50:00	10,78	11,59	11,76	11,76	11,60	11,28	10,97	10,66	10,25	9,84	9,43	9,02	8,61	8,21	7,82	7,43	7,05	6,69	6,33	5,98	5,63	10,62
13/04/2020 21:55:00	10,67	11,43	11,61	11,63	11,47	11,21	10,95	10,67	10,34	9,96	9,50	9,07	8,63	8,24	7,84	7,47	7,10	6,76	6,42	6,07	5,73	10,65
13/04/2020 22:00:00	10,70	11,46	11,65	11,67	11,49	11,25	10,95	10,60	10,24	9,85	9,43	9,01	8,59	8,20	7,80	7,42	7,03	6,68	6,32	5,97	5,62	10,55
13/04/2020 22:05:00	10,65	11,56	11,73	11,73	11,55	11,27	10,98	10,68	10,25	9,84	9,45	9,06	8,67	8,29	7,90	7,52	7,13	6,78	6,42	6,07	5,72	10,59
13/04/2020 22:10:00	10,56	11,61	11,90	11,96	11,77	11,43	11,10	10,79	10,38	9,95	9,48	9,03	8,57	8,15	7,73	7,33	6,94	6,58	6,21	5,86	5,51	10,49
13/04/2020 22:15:00	10,66	11,59	11,81	11,85	11,69	11,42	11,09	10,71	10,37	9,97	9,48	9,02	8,55	8,12	7,70	7,31	6,92	6,55	6,19	5,84	5,48	10,43
13/04/2020 22:20:00	10,66	11,68	11,82	11,78	11,55	11,22	10,85	10,45	10,09	9,70	9,28	8,88	8,47	8,08	7,69	7,32	6,94	6,59	6,25	5,92	5,58	10,67
13/04/2020 22:25:00	10,71	11,54	11,71	11,73	11,55	11,27	10,97	10,65	10,21	9,78	9,39	8,99	8,59	8,20	7,80	7,41	7,01	6,65	6,28	5,92	5,56	10,57
13/04/2020 22:30:00	10,59	11,58	11,74	11,76	11,63	11,31	10,96	10,59	10,19	9,78	9,38	8,96	8,55	8,15	7,75	7,35	6,96	6,59	6,23	5,87	5,52	10,54
13/04/2020 22:35:00	10,61	11,37	11,59	11,64	11,48	11,23	10,94	10,61	10,19	9,77	9,35	8,92	8,49	8,08	7,67	7,27	6,87	6,50	6,13	5,76	5,39	10,53
13/04/2020 22:40:00	10,49	11,48	11,66	11,67	11,51	11,23	10,92	10,58	10,20	9,79	9,35	8,92	8,49	8,09	7,69	7,30	6,92	6,56	6,20	5,85	5,50	10,39
13/04/2020 22:45:00	10,47	11,42	11,54	11,55	11,44	11,16	10,85	10,52	10,16	9,78	9,35	8,94	8,52	8,13	7,74	7,36	6,98	6,63	6,27	5,92	5,57	10,38
13/04/2020 22:50:00	10,47	11,28	11,56	11,63	11,45	11,21	10,94	10,63	10,22	9,80	9,38	8,95	8,52	8,11	7,70	7,31	6,91	6,55	6,18	5,82	5,46	10,53
13/04/2020 22:55:00	10,43	11,31	11,52	11,57	11,44	11,16	10,86	10,53	10,15	9,74	9,28	8,83	8,38	7,96	7,54	7,14	6,75	6,39	6,02	5,67	5,31	10,37
13/04/2020 23:00:00	10,24	11,24	11,47	11,53	11,40	11,19	10,94	10,67	10,27	9,85	9,40	8,97	8,53	8,12	7,71	7,32	6,94	6,57	6,21	5,85	5,48	10,12
13/04/2020 23:05:00	10,19	11,17	11,52	11,64	11,51	11,29	11,00	10,67	10,30	9,89	9,41	8,93	8,46	8,03	7,59	7,19	6,79	6,42	6,05	5,68	5,32	10,10
13/04/2020 23:10:00	10,14	11,05	11,43	11,58	11,45	11,26	10,99	10,66	10,32	9,93	9,47	9,02	8,56	8,14	7,72	7,32	6,92	6,56	6,19	5,83	5,46	10,00
13/04/2020 23:15:00	9,93	10,90	11,29	11,44	11,31	11,08	10,82	10,54	10,22	9,84	9,37	8,92	8,47	8,05	7,64	7,25	6,87	6,52	6,17	5,82	5,47	10,14
13/04/2020 23:20:00	9,89	11,01	11,33	11,47	11,41	11,23	10,96	10,61	10,30	9,93	9,48	9,04	8,59	8,18	7,76	7,37	6,98	6,61	6,25	5,89	5,53	9,90
13/04/2020 23:25:00	9,84	10,77	11,05	11,21	11,23	11,07	10,83	10,51	10,18	9,83	9,42	9,01	8,59	8,19	7,78	7,39	6,99	6,62	6,25	5,88	5,51	9,97
13/04/2020 23:30:00	9,78	10,51	10,81	10,97	10,96	10,89	10,73	10,51	10,19	9,85	9,49	9,10	8,72	8,35	7,97	7,60	7,22	6,87	6,51	6,14	5,78	9,75
13/04/2020 23:35:00	9,70	10,50	10,85	11,06	11,10	11,03	10,87	10,65	10,35	10,02	9,62	9,21	8,81	8,41	8,02	7,64	7,26	6,90	6,53	6,16	5,79	9,79
13/04/2020 23:40:00	9,60	10,68	11,13	11,36	11,32	11,16	10,99	10,80	10,46	10,08	9,62	9,18	8,73	8,32	7,90	7,52	7,13	6,77	6,41	6,05	5,69	9,58
13/04/2020 23:45:00	9,52	10,74	11,18	11,39	11,34	11,19	10,98	10,72	10,39	10,02	9,57	9,13	8,69	8,28	7,87	7,48	7,09	6,73	6,37	6,01	5,65	9,38
13/04/2020 23:50:00	9,48	10,78	11,31	11,55	11,45	11,33	11,12	10,85	10,48	10,07	9,62	9,16	8,71	8,28	7,85	7,45	7,05	6,67	6,30	5,93	5,56	9,43
13/04/2020 23:55:00	9,57	10,89	11,38	11,61	11,55	11,35	11,11	10,83	10,46	10,06	9,64	9,21	8,78	8,36	7,95	7,54	7,14	6,76	6,39	6,03	5,66	9,22
