FileFormat:0002.2 file with temperature of atmosphere
SN105HE102 RTK
local	GMT or Local
0	GMT-Local=[hours]
20	Height[m]
0	0	0	Longitude                [grd]               [min]               [sec]
0	0	0	Latitude                [grd]               [min]               [sec]
N	NS
56,45	Freq[GHz]
0,00	dTemostat[K]
0,150	MessErr[K]
0,248	//[grad/step]
version 14.4.20120406
MTP5HE102F5645K-38.60I70D222917+A1.1
Commentary:
SN105HE102
парабола ДНА = 2,5 град
НЕ102 - ПУ - ХВБ с ЦСД " S "
АЦП - 202 - 09 с контр.U пит.и М
оптопара серии - 2
Т out № 178 пл
БП LPS - 112
End Of Commentary

SYSTEM\summer.dat
data time	0	50	100	150	200	250	300	350	400	450	500	550	600	650	700	750	800	850	900	950	1000	OutsideTemperature
23/08/2022 00:00:00	10,81	12,00	12,22	12,25	12,05	11,84	11,47	10,95	10,40	9,87	9,36	8,85	8,34	7,85	7,36	6,89	6,42	6,00	5,57	5,16	4,74	10,96
23/08/2022 00:05:00	10,96	12,38	12,65	12,65	12,37	12,08	11,65	11,11	10,60	10,06	9,47	8,91	8,34	7,83	7,32	6,86	6,41	5,99	5,58	5,18	4,79	10,90
23/08/2022 00:10:00	10,78	12,20	12,44	12,43	12,17	11,82	11,39	10,87	10,42	9,91	9,29	8,71	8,14	7,63	7,12	6,69	6,25	5,85	5,46	5,09	4,71	10,87
23/08/2022 00:15:00	10,79	12,33	12,72	12,83	12,65	12,25	11,80	11,30	10,79	10,23	9,59	8,98	8,38	7,83	7,29	6,82	6,34	5,91	5,49	5,09	4,68	10,93
23/08/2022 00:20:00	10,73	12,22	12,55	12,64	12,48	12,15	11,74	11,27	10,77	10,25	9,69	9,15	8,60	8,10	7,60	7,14	6,68	6,26	5,85	5,45	5,05	11,07
23/08/2022 00:25:00	11,08	12,69	12,95	12,95	12,70	12,24	11,79	11,33	10,80	10,24	9,61	9,03	8,46	7,94	7,42	6,97	6,52	6,11	5,70	5,32	4,93	11,18
23/08/2022 00:30:00	10,81	12,42	12,93	13,15	13,07	12,78	12,43	12,05	11,63	11,12	10,46	9,84	9,22	8,68	8,14	7,68	7,22	6,80	6,38	5,97	5,56	10,98
23/08/2022 00:35:00	10,67	11,64	12,33	12,80	12,94	12,89	12,73	12,49	12,08	11,57	10,96	10,34	9,73	9,17	8,61	8,12	7,63	7,17	6,70	6,23	5,75	10,70
23/08/2022 00:40:00	10,66	11,90	12,51	12,89	12,96	12,85	12,64	12,35	11,97	11,50	10,89	10,30	9,70	9,17	8,64	8,17	7,71	7,27	6,83	6,38	5,93	10,69
23/08/2022 00:45:00	10,57	11,76	12,68	13,27	13,39	13,24	13,03	12,78	12,29	11,74	11,11	10,45	9,80	9,21	8,62	8,09	7,56	7,08	6,59	6,10	5,62	10,53
23/08/2022 00:50:00	10,39	12,01	12,74	13,12	13,09	12,85	12,51	12,09	11,65	11,16	10,58	10,00	9,41	8,88	8,34	7,85	7,37	6,93	6,49	6,06	5,63	10,40
23/08/2022 00:55:00	10,32	11,95	12,57	12,92	12,97	12,81	12,49	12,07	11,70	11,24	10,65	10,06	9,48	8,95	8,42	7,94	7,47	7,03	6,60	6,17	5,74	10,34
23/08/2022 01:00:00	10,29	11,97	12,70	13,10	13,10	12,87	12,58	12,23	11,80	11,30	10,70	10,11	9,52	8,99	8,45	7,97	7,49	7,05	6,61	6,19	5,76	10,40
23/08/2022 01:05:00	10,34	12,09	12,78	13,13	13,08	12,82	12,47	12,06	11,65	11,12	10,40	9,72	9,04	8,46	7,88	7,39	6,90	6,46	6,02	5,59	5,17	10,35
23/08/2022 01:10:00	10,24	12,13	12,90	13,31	13,29	13,11	12,76	12,27	11,84	11,34	10,73	10,12	9,51	8,95	8,39	7,89	7,39	6,93	6,48	6,04	5,60	10,32
23/08/2022 01:15:00	10,02	11,54	12,36	12,92	13,13	13,06	12,85	12,55	12,08	11,53	10,91	10,27	9,62	9,04	8,45	7,92	7,39	6,90	6,41	5,92	5,42	10,08
23/08/2022 01:20:00	10,03	11,47	12,29	12,85	13,05	12,94	12,78	12,57	12,15	11,61	10,90	10,21	9,52	8,92	8,33	7,82	7,32	6,84	6,37	5,89	5,41	10,11
23/08/2022 01:25:00	10,06	11,54	12,53	13,17	13,35	13,20	12,97	12,68	12,22	11,62	10,86	10,11	9,35	8,70	8,04	7,49	6,94	6,44	5,94	5,44	4,94	10,03
23/08/2022 01:30:00	9,91	11,72	12,65	13,24	13,40	13,30	13,03	12,62	12,23	11,69	10,93	10,19	9,45	8,81	8,17	7,63	7,10	6,61	6,12	5,63	5,15	9,92
23/08/2022 01:35:00	9,91	11,55	12,47	13,10	13,40	13,36	13,18	12,89	12,51	11,96	11,17	10,40	9,64	8,98	8,33	7,80	7,26	6,76	6,26	5,75	5,25	9,87
23/08/2022 01:40:00	9,81	11,25	12,36	13,15	13,49	13,39	13,17	12,88	12,50	11,97	11,25	10,52	9,78	9,13	8,49	7,93	7,38	6,87	6,36	5,84	5,33	9,87
23/08/2022 01:45:00	9,71	11,21	12,17	12,82	13,05	13,05	12,84	12,50	12,22	11,80	11,17	10,53	9,89	9,32	8,76	8,26	7,76	7,30	6,84	6,37	5,90	9,78
23/08/2022 01:50:00	9,56	11,03	12,10	12,79	12,98	12,98	12,85	12,64	12,26	11,81	11,28	10,72	10,15	9,62	9,09	8,60	8,10	7,64	7,18	6,72	6,25	9,69
23/08/2022 01:55:00	9,63	11,41	12,42	13,07	13,30	13,29	13,12	12,83	12,47	11,99	11,35	10,71	10,06	9,49	8,91	8,40	7,89	7,42	6,94	6,47	5,99	9,60
23/08/2022 02:00:00	9,54	11,57	12,50	13,10	13,32	13,18	12,94	12,62	12,15	11,60	10,93	10,26	9,59	8,99	8,38	7,85	7,32	6,83	6,34	5,86	5,37	9,44
23/08/2022 02:05:00	9,35	11,06	12,20	12,98	13,30	13,18	12,99	12,74	12,36	11,85	11,19	10,51	9,83	9,22	8,61	8,07	7,54	7,05	6,56	6,07	5,58	9,42
23/08/2022 02:10:00	9,63	11,22	12,33	13,08	13,36	13,25	13,05	12,77	12,36	11,86	11,23	10,56	9,90	9,30	8,70	8,16	7,62	7,13	6,64	6,15	5,65	9,57
23/08/2022 02:15:00	9,46	11,10	12,00	12,64	12,96	12,98	12,87	12,67	12,33	11,91	11,37	10,81	10,25	9,72	9,20	8,72	8,24	7,78	7,32	6,85	6,38	9,48
23/08/2022 02:20:00	9,41	11,18	12,13	12,78	13,04	13,01	12,81	12,50	12,16	11,71	11,10	10,48	9,85	9,29	8,72	8,22	7,72	7,25	6,78	6,31	5,84	9,27
23/08/2022 02:25:00	9,27	11,06	12,03	12,69	12,95	12,84	12,66	12,42	12,02	11,53	10,91	10,28	9,65	9,08	8,50	8,00	7,49	7,02	6,55	6,09	5,62	9,22
23/08/2022 02:30:00	9,27	10,88	11,96	12,71	13,04	13,05	12,93	12,73	12,33	11,81	11,15	10,46	9,78	9,17	8,56	8,04	7,51	7,01	6,52	6,01	5,51	9,19
23/08/2022 02:35:00	9,19	10,91	11,91	12,57	12,79	12,77	12,62	12,37	11,91	11,38	10,74	10,08	9,43	8,84	8,24	7,72	7,19	6,71	6,22	5,73	5,24	9,28
23/08/2022 02:40:00	9,23	10,88	11,84	12,52	12,85	12,79	12,60	12,33	11,93	11,43	10,81	10,16	9,51	8,93	8,34	7,81	7,29	6,80	6,32	5,83	5,34	9,22
23/08/2022 02:45:00	8,79	10,55	11,58	12,29	12,60	12,62	12,54	12,39	12,04	11,57	10,96	10,34	9,72	9,16	8,61	8,12	7,63	7,17	6,70	6,23	5,76	8,92
23/08/2022 02:50:00	8,92	10,51	11,37	11,95	12,17	12,25	12,18	12,01	11,74	11,38	10,90	10,40	9,91	9,45	8,98	8,55	8,12	7,70	7,28	6,86	6,43	8,87
23/08/2022 02:55:00	9,06	10,82	11,95	12,71	13,02	13,03	12,88	12,61	12,32	11,86	11,19	10,52	9,84	9,25	8,65	8,14	7,63	7,16	6,69	6,21	5,73	9,04
23/08/2022 03:00:00	9,06	11,33	12,39	13,05	13,24	13,13	12,93	12,64	12,19	11,67	11,02	10,37	9,72	9,13	8,55	8,03	7,50	7,03	6,55	6,08	5,61	9,03
23/08/2022 03:05:00	8,80	11,44	12,59	13,24	13,33	13,14	12,88	12,57	12,02	11,45	10,84	10,22	9,60	9,02	8,44	7,90	7,36	6,88	6,40	5,94	5,48	8,78
23/08/2022 03:10:00	8,93	11,71	12,75	13,33	13,40	13,26	13,00	12,63	12,12	11,55	10,90	10,26	9,61	9,03	8,44	7,91	7,39	6,91	6,43	5,97	5,51	8,47
23/08/2022 03:15:00	9,10	11,74	12,62	13,11	13,20	12,96	12,67	12,33	11,88	11,34	10,68	10,05	9,41	8,85	8,28	7,79	7,29	6,84	6,39	5,96	5,52	8,33
23/08/2022 03:20:00	8,83	11,09	12,12	12,79	13,06	13,06	12,92	12,67	12,26	11,77	11,18	10,57	9,97	9,41	8,86	8,35	7,84	7,37	6,90	6,42	5,95	7,92
23/08/2022 03:25:00	8,38	10,34	11,27	11,94	12,29	12,33	12,27	12,12	11,79	11,36	10,77	10,19	9,61	9,08	8,55	8,08	7,61	7,17	6,72	6,26	5,81	7,88
23/08/2022 03:30:00	7,80	10,04	11,10	11,82	12,15	12,14	12,00	11,77	11,40	10,98	10,47	9,93	9,39	8,87	8,35	7,86	7,37	6,92	6,47	6,02	5,57	8,02
23/08/2022 03:35:00	7,81	9,93	10,91	11,54	11,76	11,74	11,58	11,31	10,99	10,57	10,01	9,45	8,88	8,37	7,85	7,38	6,92	6,49	6,06	5,64	5,22	7,83
23/08/2022 03:40:00	8,00	9,71	10,90	11,78	12,26	12,31	12,19	11,95	11,57	11,13	10,58	9,98	9,37	8,79	8,22	7,68	7,14	6,64	6,15	5,65	5,15	8,21
23/08/2022 03:45:00	8,19	10,12	11,38	12,20	12,50	12,57	12,50	12,33	11,95	11,46	10,82	10,17	9,52	8,94	8,35	7,84	7,32	6,85	6,37	5,89	5,41	8,25
23/08/2022 03:50:00	7,95	10,10	11,37	12,24	12,64	12,67	12,55	12,32	12,02	11,59	10,97	10,34	9,71	9,13	8,56	8,05	7,53	7,06	6,59	6,12	5,64	7,67
23/08/2022 03:55:00	7,61	10,11	11,33	12,11	12,38	12,33	12,11	11,80	11,43	10,94	10,32	9,68	9,03	8,45	7,87	7,35	6,83	6,36	5,90	5,45	4,99	7,58
23/08/2022 04:00:00	7,44	9,97	11,18	11,93	12,16	12,23	12,06	11,74	11,39	10,92	10,28	9,65	9,01	8,44	7,87	7,36	6,85	6,39	5,93	5,48	5,03	7,50
23/08/2022 04:05:00	7,40	9,87	11,08	11,87	12,17	12,15	11,99	11,74	11,42	10,96	10,32	9,68	9,05	8,48	7,91	7,41	6,91	6,46	6,01	5,57	5,12	7,28
23/08/2022 04:10:00	7,40	9,54	10,71	11,56	12,04	12,09	12,00	11,80	11,53	11,12	10,55	9,96	9,37	8,82	8,28	7,78	7,29	6,83	6,37	5,91	5,45	7,32
23/08/2022 04:15:00	7,27	9,42	10,79	11,72	12,10	12,24	12,21	12,07	11,74	11,32	10,76	10,17	9,58	9,03	8,48	7,98	7,47	7,01	6,54	6,08	5,61	7,30
23/08/2022 04:20:00	7,33	9,55	10,91	11,88	12,38	12,52	12,46	12,26	11,96	11,51	10,89	10,23	9,58	8,99	8,39	7,87	7,34	6,85	6,36	5,87	5,37	7,29
23/08/2022 04:25:00	7,25	9,58	11,09	12,07	12,43	12,53	12,41	12,15	11,76	11,26	10,61	9,93	9,25	8,62	8,00	7,44	6,88	6,38	5,88	5,38	4,88	7,17
23/08/2022 04:30:00	7,02	9,02	10,48	11,56	12,16	12,33	12,38	12,31	11,90	11,42	10,81	10,15	9,49	8,87	8,26	7,71	7,16	6,64	6,12	5,59	5,06	7,01
23/08/2022 04:35:00	6,99	8,93	10,30	11,31	11,89	12,10	12,18	12,15	11,84	11,45	10,96	10,40	9,85	9,32	8,79	8,29	7,79	7,32	6,84	6,35	5,86	7,02
23/08/2022 04:40:00	7,12	9,23	10,65	11,65	12,17	12,34	12,35	12,23	11,84	11,39	10,85	10,25	9,65	9,08	8,51	7,97	7,44	6,94	6,45	5,94	5,43	7,06
23/08/2022 04:45:00	6,89	9,15	10,42	11,39	12,00	12,18	12,20	12,10	11,81	11,42	10,90	10,33	9,76	9,22	8,69	8,19	7,69	7,21	6,73	6,25	5,76	7,00
23/08/2022 04:50:00	6,84	9,06	10,54	11,55	12,01	12,23	12,24	12,10	11,83	11,40	10,79	10,16	9,52	8,95	8,37	7,86	7,35	6,88	6,40	5,92	5,44	6,84
23/08/2022 04:55:00	6,80	8,99	10,39	11,38	11,89	12,06	12,07	11,98	11,79	11,45	10,96	10,43	9,90	9,40	8,90	8,43	7,96	7,52	7,07	6,63	6,18	6,73
23/08/2022 05:00:00	6,76	8,84	10,40	11,54	12,16	12,41	12,42	12,29	12,02	11,66	11,17	10,60	10,03	9,47	8,92	8,39	7,86	7,37	6,87	6,37	5,86	6,75
23/08/2022 05:05:00	6,74	8,71	10,35	11,56	12,20	12,46	12,57	12,56	12,26	11,86	11,30	10,68	10,06	9,48	8,90	8,37	7,84	7,34	6,83	6,32	5,80	6,62
23/08/2022 05:10:00	6,77	8,66	10,13	11,30	12,08	12,36	12,50	12,54	12,41	12,04	11,40	10,75	10,10	9,52	8,94	8,45	7,96	7,49	7,01	6,51	6,00	6,67
23/08/2022 05:15:00	6,63	8,65	10,13	11,23	11,86	12,16	12,24	12,18	11,96	11,64	11,17	10,63	10,10	9,58	9,06	8,56	8,07	7,60	7,13	6,64	6,15	6,61
23/08/2022 05:20:00	6,61	8,61	10,06	11,19	11,91	12,20	12,23	12,12	11,93	11,62	11,15	10,61	10,07	9,54	9,01	8,50	7,99	7,51	7,02	6,53	6,03	6,56
23/08/2022 05:25:00	6,47	8,44	10,00	11,18	11,91	12,28	12,41	12,39	12,15	11,81	11,32	10,76	10,20	9,66	9,12	8,60	8,09	7,59	7,10	6,59	6,07	6,85
23/08/2022 05:30:00	6,37	8,39	9,90	11,09	11,88	12,20	12,31	12,30	12,11	11,78	11,28	10,71	10,14	9,60	9,06	8,55	8,05	7,56	7,08	6,57	6,06	6,48
23/08/2022 05:35:00	6,32	8,15	9,64	10,76	11,42	11,74	11,90	11,95	11,82	11,55	11,10	10,60	10,10	9,62	9,14	8,69	8,23	7,80	7,36	6,90	6,44	6,38
23/08/2022 05:40:00	6,35	8,07	9,56	10,76	11,55	11,91	12,11	12,18	11,99	11,70	11,27	10,76	10,25	9,75	9,25	8,76	8,28	7,81	7,34	6,84	6,34	6,35
23/08/2022 05:45:00	6,40	8,08	9,49	10,57	11,25	11,69	11,86	11,87	11,69	11,46	11,13	10,70	10,27	9,82	9,38	8,92	8,46	8,01	7,56	7,08	6,60	6,34
23/08/2022 05:50:00	6,33	8,10	9,55	10,70	11,46	11,88	12,06	12,10	12,03	11,74	11,23	10,68	10,12	9,61	9,10	8,64	8,18	7,73	7,27	6,79	6,30	6,33
23/08/2022 05:55:00	6,32	7,99	9,39	10,49	11,18	11,61	11,80	11,86	11,73	11,50	11,14	10,71	10,27	9,83	9,38	8,94	8,50	8,06	7,62	7,16	6,69	6,24
23/08/2022 06:00:00	6,27	8,11	9,60	10,75	11,45	11,88	12,05	12,08	12,02	11,73	11,20	10,64	10,07	9,56	9,05	8,59	8,14	7,69	7,24	6,77	6,30	6,26
23/08/2022 06:05:00	6,17	8,18	9,72	10,88	11,60	11,97	12,07	12,02	11,86	11,59	11,20	10,71	10,23	9,74	9,25	8,76	8,27	7,81	7,34	6,86	6,37	6,15
23/08/2022 06:10:00	6,06	7,79	9,34	10,55	11,33	11,67	11,83	11,86	11,72	11,46	11,06	10,57	10,08	9,59	9,11	8,63	8,15	7,69	7,23	6,74	6,26	6,11
23/08/2022 06:15:00	6,08	7,93	9,32	10,53	11,46	11,83	12,03	12,11	11,99	11,73	11,32	10,83	10,33	9,84	9,36	8,88	8,41	7,94	7,48	6,98	6,48	6,18
23/08/2022 06:20:00	6,03	7,96	9,53	10,81	11,72	12,16	12,35	12,39	12,33	12,01	11,45	10,83	10,22	9,66	9,10	8,61	8,12	7,64	7,16	6,64	6,13	6,34
23/08/2022 06:25:00	5,97	7,90	9,54	10,82	11,63	12,08	12,25	12,27	12,19	11,91	11,42	10,86	10,31	9,78	9,26	8,77	8,28	7,81	7,34	6,84	6,34	6,35
23/08/2022 06:30:00	5,97	7,88	9,42	10,66	11,54	12,00	12,18	12,21	12,11	11,85	11,39	10,87	10,34	9,83	9,31	8,83	8,35	7,87	7,40	6,89	6,39	6,07
23/08/2022 06:35:00	5,92	7,71	9,29	10,59	11,50	11,97	12,19	12,25	12,11	11,85	11,42	10,90	10,38	9,86	9,35	8,86	8,36	7,87	7,39	6,87	6,35	6,00
23/08/2022 06:40:00	5,92	7,73	9,39	10,68	11,51	12,02	12,26	12,33	12,18	11,92	11,50	10,98	10,47	9,97	9,46	8,97	8,48	8,00	7,52	7,01	6,49	6,00
23/08/2022 06:45:00	5,93	7,67	9,37	10,67	11,47	11,98	12,20	12,26	12,19	11,97	11,57	11,08	10,60	10,11	9,63	9,16	8,69	8,22	7,76	7,27	6,78	5,91
23/08/2022 06:50:00	6,00	7,75	9,35	10,62	11,47	11,91	12,15	12,25	12,14	11,88	11,45	10,93	10,42	9,92	9,42	8,95	8,47	8,01	7,54	7,05	6,55	5,94
23/08/2022 06:55:00	5,88	7,52	9,08	10,35	11,24	11,71	11,96	12,08	12,01	11,79	11,40	10,92	10,44	9,96	9,49	9,03	8,57	8,11	7,65	7,16	6,66	5,98
23/08/2022 07:00:00	6,05	7,40	8,94	10,21	11,11	11,63	11,91	12,05	12,00	11,79	11,41	10,93	10,45	9,98	9,52	9,06	8,61	8,15	7,70	7,20	6,71	6,18
23/08/2022 07:05:00	6,21	7,57	9,23	10,59	11,50	11,92	12,20	12,37	12,24	11,98	11,57	11,05	10,54	10,03	9,52	9,04	8,55	8,07	7,59	7,07	6,55	6,13
23/08/2022 07:10:00	6,07	7,47	9,07	10,38	11,26	11,79	12,11	12,29	12,16	11,90	11,48	10,96	10,45	9,95	9,45	8,98	8,51	8,03	7,56	7,04	6,52	6,49
23/08/2022 07:15:00	6,15	7,44	8,96	10,25	11,21	11,73	12,01	12,15	12,18	11,98	11,53	11,02	10,50	10,02	9,53	9,08	8,63	8,18	7,72	7,23	6,73	6,28
23/08/2022 07:20:00	6,21	7,33	8,87	10,16	11,07	11,61	11,95	12,16	12,07	11,87	11,51	11,05	10,58	10,12	9,66	9,20	8,75	8,29	7,83	7,33	6,82	6,66
23/08/2022 07:25:00	6,21	7,18	8,77	10,10	11,05	11,63	11,98	12,17	12,14	11,92	11,48	10,95	10,43	9,93	9,43	8,97	8,51	8,04	7,58	7,06	6,55	6,81
23/08/2022 07:30:00	6,27	7,46	8,96	10,23	11,16	11,60	11,92	12,11	11,96	11,76	11,46	11,04	10,62	10,17	9,73	9,26	8,80	8,33	7,87	7,36	6,86	6,64
23/08/2022 07:35:00	6,35	7,45	8,87	10,03	10,83	11,37	11,70	11,90	11,88	11,71	11,37	10,95	10,52	10,11	9,69	9,28	8,87	8,45	8,02	7,56	7,09	7,09
23/08/2022 07:40:00	6,89	7,85	9,23	10,39	11,22	11,64	11,96	12,18	12,09	11,88	11,51	11,06	10,61	10,17	9,73	9,30	8,87	8,43	7,99	7,50	7,02	7,13
23/08/2022 07:45:00	6,90	7,80	9,18	10,38	11,25	11,76	12,03	12,16	12,18	12,00	11,60	11,12	10,65	10,19	9,73	9,29	8,86	8,41	7,97	7,48	6,99	7,09
23/08/2022 07:50:00	6,93	7,79	9,24	10,45	11,30	11,82	12,12	12,28	12,24	12,04	11,65	11,17	10,69	10,23	9,77	9,32	8,88	8,42	7,97	7,48	6,98	7,05
23/08/2022 07:55:00	6,95	7,85	9,22	10,40	11,27	11,71	11,97	12,12	12,12	11,97	11,66	11,24	10,83	10,41	9,99	9,56	9,14	8,70	8,27	7,79	7,32	7,05
23/08/2022 08:00:00	7,11	8,03	9,48	10,69	11,52	12,12	12,48	12,69	12,60	12,37	11,96	11,47	10,97	10,50	10,02	9,58	9,13	8,66	8,20	7,68	7,17	7,15
23/08/2022 08:05:00	7,22	8,11	9,59	10,85	11,78	12,24	12,45	12,50	12,42	12,21	11,85	11,36	10,87	10,38	9,89	9,40	8,91	8,43	7,94	7,41	6,89	7,46
23/08/2022 08:10:00	7,20	8,21	9,67	10,86	11,65	12,08	12,32	12,43	12,38	12,19	11,85	11,41	10,96	10,52	10,07	9,63	9,18	8,73	8,29	7,80	7,32	7,17
23/08/2022 08:15:00	7,33	8,25	9,73	10,99	11,89	12,33	12,55	12,64	12,70	12,52	12,07	11,54	11,02	10,53	10,04	9,59	9,14	8,68	8,23	7,73	7,23	7,40
23/08/2022 08:20:00	7,47	8,42	9,72	10,98	12,09	12,59	12,86	12,99	12,92	12,65	12,15	11,57	10,99	10,44	9,90	9,40	8,91	8,40	7,88	7,32	6,75	7,55
23/08/2022 08:25:00	7,50	8,53	9,84	10,99	11,88	12,37	12,59	12,65	12,55	12,31	11,90	11,40	10,90	10,41	9,92	9,44	8,97	8,48	8,00	7,47	6,95	7,74
23/08/2022 08:30:00	7,72	8,64	10,01	11,26	12,28	12,69	12,93	13,04	12,90	12,60	12,09	11,50	10,90	10,34	9,79	9,27	8,76	8,25	7,73	7,17	6,60	7,98
23/08/2022 08:35:00	7,66	8,78	10,12	11,30	12,22	12,60	12,76	12,78	12,67	12,41	11,98	11,46	10,93	10,42	9,90	9,41	8,91	8,42	7,93	7,40	6,87	8,18
23/08/2022 08:40:00	7,79	8,62	9,93	11,14	12,13	12,65	12,89	12,96	12,93	12,72	12,31	11,80	11,29	10,79	10,30	9,82	9,34	8,85	8,36	7,82	7,28	8,14
23/08/2022 08:45:00	7,83	8,72	10,08	11,17	11,85	12,41	12,69	12,80	12,78	12,59	12,19	11,72	11,25	10,80	10,36	9,93	9,51	9,07	8,63	8,15	7,67	8,20
23/08/2022 08:50:00	7,85	8,98	10,34	11,46	12,22	12,48	12,60	12,61	12,51	12,28	11,89	11,41	10,93	10,45	9,97	9,50	9,03	8,57	8,11	7,63	7,14	7,83
23/08/2022 08:55:00	7,96	8,89	10,26	11,38	12,10	12,46	12,61	12,63	12,49	12,23	11,84	11,35	10,86	10,37	9,88	9,40	8,93	8,45	7,98	7,48	6,97	7,74
23/08/2022 09:00:00	8,08	8,77	10,05	11,16	11,94	12,33	12,62	12,81	12,71	12,50	12,15	11,71	11,27	10,83	10,39	9,96	9,52	9,07	8,63	8,13	7,64	7,99
23/08/2022 09:05:00	8,15	8,94	10,36	11,51	12,22	12,63	12,84	12,91	12,79	12,54	12,14	11,63	11,13	10,65	10,16	9,69	9,21	8,74	8,27	7,76	7,25	8,15
23/08/2022 09:10:00	8,23	8,95	10,32	11,41	12,05	12,48	12,70	12,76	12,63	12,38	11,98	11,49	11,00	10,52	10,04	9,58	9,12	8,66	8,20	7,70	7,20	8,18
23/08/2022 09:15:00	8,32	9,18	10,42	11,43	12,09	12,36	12,48	12,50	12,34	12,12	11,82	11,41	11,00	10,57	10,14	9,68	9,23	8,78	8,33	7,85	7,37	8,45
23/08/2022 09:20:00	8,46	9,10	10,43	11,44	11,94	12,34	12,54	12,60	12,39	12,09	11,67	11,17	10,66	10,18	9,69	9,23	8,77	8,31	7,84	7,35	6,85	8,32
23/08/2022 09:25:00	8,58	9,39	10,51	11,46	12,14	12,33	12,49	12,61	12,47	12,19	11,74	11,23	10,72	10,25	9,78	9,34	8,90	8,46	8,02	7,54	7,06	8,36
23/08/2022 09:30:00	8,62	9,30	10,41	11,39	12,12	12,43	12,59	12,65	12,55	12,32	11,92	11,44	10,96	10,50	10,04	9,60	9,15	8,70	8,25	7,76	7,27	8,35
23/08/2022 09:35:00	8,59	9,47	10,64	11,61	12,27	12,66	12,87	12,97	12,82	12,52	12,05	11,51	10,98	10,49	10,00	9,54	9,09	8,63	8,17	7,67	7,16	8,37
23/08/2022 09:40:00	8,48	9,25	10,38	11,36	12,10	12,43	12,60	12,67	12,48	12,19	11,76	11,25	10,74	10,24	9,75	9,28	8,81	8,34	7,87	7,36	6,84	8,58
23/08/2022 09:45:00	8,47	9,31	10,54	11,54	12,18	12,48	12,57	12,53	12,39	12,10	11,63	11,09	10,54	10,03	9,52	9,04	8,57	8,10	7,63	7,13	6,63	8,54
23/08/2022 09:50:00	8,56	9,39	10,58	11,53	12,07	12,32	12,42	12,42	12,25	11,98	11,59	11,12	10,65	10,18	9,72	9,27	8,82	8,37	7,93	7,45	6,98	8,48
23/08/2022 09:55:00	8,82	9,80	10,72	11,56	12,25	12,57	12,66	12,59	12,37	12,06	11,64	11,15	10,65	10,16	9,67	9,20	8,72	8,24	7,76	7,25	6,74	8,88
23/08/2022 10:00:00	9,02	10,14	11,25	12,05	12,42	12,58	12,55	12,38	12,12	11,78	11,34	10,84	10,33	9,84	9,35	8,87	8,39	7,93	7,48	7,00	6,53	9,72
23/08/2022 10:05:00	9,35	10,17	11,23	12,09	12,60	12,67	12,66	12,60	12,34	11,97	11,48	10,93	10,38	9,86	9,34	8,85	8,37	7,90	7,43	6,94	6,44	10,56
23/08/2022 10:10:00	9,93	10,58	11,40	12,08	12,51	12,63	12,59	12,43	12,10	11,70	11,25	10,73	10,20	9,69	9,18	8,69	8,20	7,73	7,25	6,75	6,25	10,88
23/08/2022 10:15:00	10,17	10,74	11,48	12,11	12,54	12,54	12,46	12,33	12,06	11,71	11,28	10,79	10,30	9,82	9,34	8,88	8,42	7,97	7,52	7,05	6,58	10,85
23/08/2022 10:20:00	10,41	10,93	11,60	12,14	12,44	12,51	12,48	12,37	12,11	11,76	11,29	10,79	10,30	9,83	9,36	8,92	8,49	8,06	7,62	7,17	6,71	10,72
23/08/2022 10:25:00	10,82	11,16	11,77	12,22	12,39	12,40	12,29	12,08	11,79	11,43	11,00	10,52	10,04	9,58	9,12	8,68	8,25	7,82	7,40	6,95	6,51	11,44
23/08/2022 10:30:00	10,99	11,39	11,78	12,12	12,33	12,29	12,15	11,95	11,69	11,37	10,97	10,53	10,09	9,67	9,24	8,83	8,42	8,01	7,61	7,18	6,76	11,42
23/08/2022 10:35:00	11,24	11,66	12,09	12,44	12,64	12,60	12,46	12,24	11,89	11,48	11,04	10,55	10,06	9,59	9,12	8,67	8,23	7,79	7,35	6,90	6,44	11,96
23/08/2022 10:40:00	11,68	12,12	12,41	12,55	12,47	12,29	12,04	11,74	11,34	10,91	10,51	10,08	9,65	9,23	8,81	8,39	7,97	7,57	7,17	6,76	6,36	12,42
23/08/2022 10:45:00	12,08	12,43	12,66	12,80	12,81	12,51	12,19	11,88	11,43	10,94	10,43	9,90	9,37	8,88	8,39	7,93	7,48	7,05	6,62	6,18	5,75	12,69
23/08/2022 10:50:00	12,55	12,58	12,66	12,65	12,50	12,21	11,87	11,49	11,10	10,67	10,21	9,73	9,26	8,81	8,37	7,96	7,54	7,15	6,76	6,36	5,97	13,45
23/08/2022 10:55:00	12,87	12,90	12,92	12,83	12,58	12,30	11,93	11,46	11,03	10,59	10,17	9,73	9,29	8,86	8,44	8,02	7,60	7,21	6,82	6,43	6,04	13,84
23/08/2022 11:00:00	13,21	13,18	13,05	12,83	12,49	12,15	11,78	11,37	11,03	10,67	10,26	9,85	9,45	9,08	8,71	8,35	7,99	7,65	7,30	6,96	6,62	15,34
23/08/2022 11:05:00	13,60	13,24	13,01	12,77	12,47	12,22	11,94	11,61	11,19	10,75	10,34	9,92	9,51	9,12	8,72	8,35	7,97	7,60	7,23	6,84	6,46	14,79
23/08/2022 11:10:00	13,97	13,90	13,63	13,32	12,96	12,50	12,02	11,55	11,07	10,58	10,13	9,69	9,24	8,82	8,41	8,00	7,60	7,22	6,84	6,47	6,10	15,84
23/08/2022 11:15:00	14,02	13,90	13,64	13,30	12,86	12,35	11,86	11,41	10,92	10,43	9,97	9,53	9,08	8,67	8,26	7,87	7,47	7,11	6,75	6,39	6,03	16,24
23/08/2022 11:20:00	14,39	14,21	13,86	13,44	12,95	12,44	11,93	11,42	10,96	10,52	10,08	9,67	9,25	8,86	8,47	8,10	7,73	7,38	7,03	6,69	6,35	16,21
23/08/2022 11:25:00	14,70	14,44	14,02	13,55	13,03	12,48	11,91	11,33	10,82	10,32	9,89	9,46	9,04	8,63	8,23	7,84	7,44	7,08	6,72	6,37	6,01	16,62
23/08/2022 11:30:00	14,88	14,62	14,10	13,58	13,12	12,59	12,03	11,46	10,95	10,46	10,03	9,61	9,19	8,79	8,39	8,00	7,61	7,25	6,88	6,52	6,16	16,42
23/08/2022 11:35:00	15,26	14,93	14,44	13,87	13,25	12,59	11,94	11,30	10,72	10,17	9,70	9,25	8,80	8,37	7,95	7,55	7,14	6,78	6,41	6,07	5,72	16,57
23/08/2022 11:40:00	15,36	14,89	14,41	13,89	13,28	12,70	12,11	11,47	10,94	10,44	9,94	9,47	8,99	8,56	8,13	7,73	7,33	6,96	6,60	6,24	5,88	16,33
23/08/2022 11:45:00	15,32	14,73	14,20	13,69	13,16	12,68	12,18	11,64	11,16	10,68	10,12	9,60	9,08	8,63	8,18	7,79	7,40	7,02	6,65	6,27	5,90	16,42
23/08/2022 11:50:00	15,49	15,23	14,54	13,84	13,25	12,57	11,91	11,30	10,74	10,22	9,82	9,43	9,05	8,67	8,30	7,92	7,55	7,20	6,86	6,53	6,20	16,46
23/08/2022 11:55:00	15,74	15,24	14,62	13,99	13,38	12,78	12,17	11,54	11,03	10,55	10,04	9,56	9,09	8,67	8,25	7,86	7,48	7,12	6,77	6,42	6,07	16,85
23/08/2022 12:00:00	15,62	15,31	14,83	14,24	13,52	12,87	12,26	11,68	11,07	10,45	9,97	9,51	9,05	8,62	8,20	7,79	7,39	7,02	6,65	6,29	5,94	16,37
23/08/2022 12:05:00	15,91	15,41	14,87	14,32	13,81	13,15	12,51	11,96	11,45	10,94	10,42	9,94	9,46	9,03	8,59	8,20	7,80	7,43	7,06	6,70	6,34	17,40
23/08/2022 12:10:00	15,95	15,48	14,97	14,42	13,82	13,19	12,57	11,98	11,42	10,87	10,27	9,72	9,17	8,69	8,21	7,79	7,38	6,99	6,61	6,23	5,86	16,86
23/08/2022 12:15:00	16,03	15,70	15,21	14,67	14,05	13,39	12,76	12,17	11,48	10,75	10,24	9,72	9,21	8,73	8,26	7,80	7,35	6,93	6,51	6,11	5,71	16,82
23/08/2022 12:20:00	16,26	15,75	15,08	14,39	13,70	13,04	12,43	11,85	11,30	10,75	10,22	9,74	9,26	8,83	8,41	8,02	7,64	7,28	6,92	6,57	6,21	17,22
23/08/2022 12:25:00	16,22	15,93	15,26	14,58	13,99	13,31	12,65	12,01	11,43	10,87	10,28	9,74	9,21	8,74	8,27	7,86	7,45	7,06	6,68	6,31	5,93	16,92
23/08/2022 12:30:00	16,38	15,91	15,33	14,76	14,23	13,45	12,72	12,14	11,58	11,02	10,40	9,84	9,27	8,78	8,29	7,87	7,45	7,06	6,68	6,30	5,93	17,49
23/08/2022 12:35:00	16,44	15,92	15,34	14,73	14,11	13,45	12,80	12,16	11,61	11,09	10,50	9,97	9,43	8,96	8,50	8,09	7,68	7,30	6,92	6,55	6,18	17,33
23/08/2022 12:40:00	16,41	15,87	15,28	14,65	13,98	13,32	12,68	12,03	11,45	10,88	10,38	9,90	9,43	8,99	8,56	8,15	7,74	7,36	6,99	6,62	6,26	16,94
23/08/2022 12:45:00	16,39	15,90	15,36	14,79	14,18	13,54	12,93	12,34	11,75	11,14	10,55	10,00	9,45	8,96	8,48	8,05	7,62	7,22	6,82	6,43	6,03	17,09
23/08/2022 12:50:00	16,34	15,93	15,36	14,75	14,12	13,43	12,81	12,29	11,76	11,23	10,76	10,32	9,88	9,48	9,08	8,70	8,32	7,96	7,60	7,25	6,90	17,94
23/08/2022 12:55:00	16,55	16,34	15,84	15,28	14,68	13,91	13,13	12,39	11,71	11,03	10,34	9,69	9,05	8,49	7,93	7,45	6,97	6,53	6,10	5,69	5,28	17,14
23/08/2022 13:00:00	16,58	16,09	15,59	15,04	14,38	13,72	13,09	12,49	11,88	11,25	10,62	10,05	9,47	8,97	8,47	8,03	7,59	7,19	6,78	6,38	5,99	18,00
23/08/2022 13:05:00	16,40	16,02	15,51	14,90	14,16	13,46	12,83	12,25	11,64	11,02	10,48	9,98	9,48	9,03	8,58	8,17	7,76	7,38	7,00	6,63	6,27	17,43
23/08/2022 13:10:00	16,58	16,09	15,48	14,85	14,20	13,54	12,94	12,40	11,87	11,33	10,78	10,28	9,79	9,35	8,92	8,53	8,14	7,77	7,40	7,04	6,68	17,46
23/08/2022 13:15:00	16,68	16,20	15,55	14,85	14,06	13,40	12,78	12,17	11,62	11,11	10,59	10,12	9,66	9,25	8,84	8,46	8,09	7,74	7,39	7,05	6,71	17,55
23/08/2022 13:20:00	16,82	16,33	15,78	15,18	14,54	13,85	13,13	12,37	11,76	11,19	10,53	9,93	9,33	8,81	8,28	7,83	7,38	6,98	6,57	6,17	5,78	18,07
23/08/2022 13:25:00	16,64	16,28	15,66	15,00	14,33	13,63	12,99	12,43	11,86	11,30	10,81	10,36	9,91	9,50	9,09	8,70	8,31	7,95	7,58	7,23	6,88	17,78
23/08/2022 13:30:00	16,58	16,06	15,53	14,97	14,36	13,74	13,13	12,57	12,03	11,49	10,92	10,40	9,87	9,42	8,96	8,55	8,14	7,76	7,37	7,00	6,62	17,21
23/08/2022 13:35:00	16,53	16,14	15,61	15,05	14,46	13,76	13,12	12,62	12,09	11,55	10,95	10,42	9,88	9,42	8,96	8,56	8,16	7,78	7,40	7,03	6,66	16,94
23/08/2022 13:40:00	16,83	16,19	15,58	14,95	14,38	13,82	13,27	12,73	12,20	11,66	11,03	10,46	9,89	9,41	8,92	8,52	8,11	7,71	7,32	6,92	6,52	17,53
23/08/2022 13:45:00	16,82	16,38	15,88	15,28	14,52	13,82	13,15	12,49	11,90	11,33	10,72	10,17	9,62	9,14	8,66	8,25	7,83	7,45	7,07	6,70	6,33	17,82
23/08/2022 13:50:00	16,84	16,33	15,82	15,30	14,78	14,22	13,66	13,12	12,55	11,97	11,39	10,84	10,30	9,81	9,33	8,90	8,47	8,05	7,64	7,22	6,81	18,14
23/08/2022 13:55:00	16,97	16,48	15,91	15,34	14,76	14,18	13,56	12,84	12,20	11,57	10,96	10,38	9,80	9,29	8,77	8,31	7,84	7,41	6,97	6,55	6,12	18,09
23/08/2022 14:00:00	16,75	16,38	15,82	15,20	14,50	13,89	13,27	12,60	12,00	11,43	10,88	10,38	9,87	9,42	8,96	8,54	8,12	7,73	7,34	6,96	6,58	17,46
23/08/2022 14:05:00	16,78	16,48	16,08	15,61	15,01	14,38	13,74	13,10	12,48	11,84	11,16	10,52	9,88	9,34	8,79	8,33	7,86	7,43	6,99	6,57	6,15	17,31
23/08/2022 14:10:00	17,21	16,84	16,31	15,73	15,13	14,50	13,86	13,20	12,51	11,80	11,25	10,71	10,18	9,68	9,18	8,72	8,25	7,81	7,37	6,94	6,51	18,09
23/08/2022 14:15:00	17,22	16,78	16,19	15,56	14,91	14,19	13,52	12,94	12,34	11,72	11,20	10,71	10,22	9,78	9,33	8,91	8,50	8,11	7,71	7,33	6,95	18,37
23/08/2022 14:20:00	17,20	16,76	16,27	15,70	15,05	14,35	13,66	12,99	12,38	11,80	11,23	10,69	10,15	9,67	9,19	8,75	8,31	7,91	7,51	7,12	6,73	18,94
23/08/2022 14:25:00	17,19	16,86	16,30	15,68	14,98	14,26	13,56	12,90	12,26	11,61	11,08	10,58	10,07	9,61	9,15	8,71	8,28	7,88	7,47	7,09	6,70	17,99
23/08/2022 14:30:00	17,04	16,52	15,96	15,39	14,83	14,27	13,70	13,09	12,55	12,01	11,45	10,93	10,41	9,95	9,48	9,06	8,64	8,24	7,84	7,43	7,03	17,71
23/08/2022 14:35:00	17,01	16,69	16,18	15,61	15,00	14,28	13,59	12,99	12,41	11,84	11,23	10,67	10,12	9,63	9,15	8,72	8,29	7,90	7,50	7,11	6,72	17,57
23/08/2022 14:40:00	17,38	17,00	16,47	15,89	15,29	14,75	14,18	13,53	12,92	12,33	11,70	11,12	10,53	10,03	9,52	9,07	8,62	8,19	7,76	7,33	6,91	19,37
23/08/2022 14:45:00	17,30	16,83	16,21	15,60	15,09	14,49	13,88	13,26	12,62	11,95	11,37	10,82	10,26	9,76	9,26	8,80	8,34	7,90	7,46	7,03	6,59	18,94
23/08/2022 14:50:00	17,54	16,83	16,21	15,61	15,04	14,38	13,73	13,09	12,54	12,01	11,41	10,86	10,31	9,82	9,34	8,92	8,49	8,09	7,69	7,29	6,89	18,43
23/08/2022 14:55:00	17,41	17,00	16,49	15,94	15,34	14,66	14,00	13,40	12,80	12,16	11,44	10,79	10,14	9,59	9,04	8,58	8,12	7,69	7,26	6,84	6,41	17,71
23/08/2022 15:00:00	17,03	16,46	15,89	15,32	14,75	14,17	13,63	13,17	12,62	12,03	11,48	10,97	10,46	10,01	9,55	9,14	8,74	8,34	7,94	7,54	7,13	17,42
23/08/2022 15:05:00	16,75	16,40	15,98	15,50	14,90	14,30	13,72	13,15	12,55	11,93	11,41	10,90	10,39	9,92	9,46	9,02	8,58	8,17	7,76	7,35	6,94	16,86
23/08/2022 15:10:00	16,97	16,68	16,15	15,59	15,02	14,36	13,72	13,13	12,52	11,90	11,39	10,90	10,41	9,96	9,51	9,08	8,64	8,24	7,83	7,43	7,03	18,16
23/08/2022 15:15:00	17,36	16,94	16,39	15,83	15,31	14,59	13,92	13,38	12,77	12,12	11,49	10,91	10,33	9,82	9,30	8,85	8,40	7,98	7,55	7,13	6,71	18,56
23/08/2022 15:20:00	17,35	17,02	16,41	15,80	15,25	14,60	13,95	13,33	12,74	12,15	11,61	11,09	10,58	10,11	9,65	9,21	8,78	8,37	7,96	7,55	7,15	18,60
23/08/2022 15:25:00	17,45	17,13	16,63	16,06	15,36	14,75	14,17	13,57	12,98	12,38	11,74	11,17	10,59	10,10	9,60	9,17	8,74	8,32	7,91	7,50	7,10	18,62
23/08/2022 15:30:00	17,75	17,15	16,56	15,99	15,43	14,74	14,10	13,57	13,00	12,38	11,81	11,28	10,75	10,28	9,81	9,37	8,94	8,53	8,11	7,70	7,29	18,93
23/08/2022 15:35:00	17,63	17,08	16,56	16,02	15,45	14,85	14,26	13,69	13,05	12,36	11,76	11,19	10,62	10,11	9,60	9,14	8,67	8,23	7,79	7,34	6,90	18,11
23/08/2022 15:40:00	17,27	16,87	16,36	15,83	15,26	14,68	14,11	13,54	13,01	12,48	11,84	11,27	10,70	10,21	9,72	9,29	8,87	8,46	8,05	7,64	7,23	17,97
23/08/2022 15:45:00	17,44	17,17	16,76	16,23	15,54	14,81	14,10	13,41	12,76	12,11	11,52	10,95	10,39	9,88	9,38	8,92	8,46	8,03	7,61	7,21	6,80	18,74
23/08/2022 15:50:00	17,46	16,96	16,52	16,04	15,48	14,86	14,23	13,59	13,08	12,63	11,96	11,36	10,76	10,25	9,75	9,32	8,89	8,48	8,07	7,67	7,26	18,38
23/08/2022 15:55:00	17,59	17,19	16,66	16,07	15,42	14,74	14,09	13,49	12,91	12,34	11,74	11,20	10,65	10,17	9,69	9,27	8,84	8,44	8,04	7,65	7,25	17,94
23/08/2022 16:00:00	17,59	17,03	16,44	15,83	15,19	14,60	14,04	13,51	12,96	12,39	11,77	11,22	10,66	10,19	9,71	9,29	8,88	8,47	8,07	7,66	7,26	18,02
23/08/2022 16:05:00	17,46	17,01	16,55	16,02	15,39	14,80	14,24	13,69	13,13	12,56	12,02	11,52	11,01	10,56	10,11	9,69	9,27	8,87	8,46	8,06	7,66	17,93
23/08/2022 16:10:00	17,57	17,18	16,64	16,06	15,42	14,86	14,33	13,80	13,19	12,54	12,02	11,52	11,03	10,57	10,12	9,69	9,26	8,85	8,43	8,01	7,60	18,73
23/08/2022 16:15:00	17,64	17,21	16,64	16,04	15,43	14,77	14,14	13,54	12,97	12,42	11,89	11,41	10,92	10,47	10,03	9,61	9,20	8,80	8,40	8,01	7,62	18,11
23/08/2022 16:20:00	17,64	17,07	16,54	16,00	15,47	14,87	14,27	13,65	13,09	12,53	12,00	11,49	10,97	10,51	10,04	9,61	9,18	8,76	8,34	7,93	7,51	18,37
23/08/2022 16:25:00	17,52	17,10	16,61	16,08	15,49	14,87	14,27	13,74	13,15	12,51	11,91	11,35	10,79	10,29	9,80	9,35	8,91	8,49	8,06	7,64	7,22	18,51
23/08/2022 16:30:00	17,56	17,14	16,61	16,05	15,50	14,87	14,26	13,69	13,08	12,43	11,85	11,30	10,75	10,26	9,76	9,31	8,86	8,43	8,00	7,58	7,15	18,22
23/08/2022 16:35:00	17,50	17,07	16,53	15,96	15,39	14,79	14,25	13,78	13,25	12,68	12,10	11,57	11,05	10,59	10,13	9,72	9,31	8,90	8,50	8,10	7,69	18,14
23/08/2022 16:40:00	17,76	17,40	16,87	16,32	15,75	15,08	14,38	13,67	13,04	12,43	11,78	11,17	10,56	10,03	9,50	9,03	8,56	8,12	7,67	7,24	6,81	18,89
23/08/2022 16:45:00	17,76	17,20	16,71	16,19	15,62	15,11	14,61	14,11	13,53	12,90	12,31	11,76	11,21	10,72	10,24	9,80	9,36	8,92	8,49	8,05	7,61	19,21
23/08/2022 16:50:00	18,02	17,47	16,91	16,33	15,73	15,06	14,42	13,85	13,27	12,69	12,11	11,57	11,04	10,56	10,09	9,66	9,23	8,82	8,41	8,00	7,59	19,47
23/08/2022 16:55:00	17,84	17,39	16,85	16,31	15,77	15,13	14,48	13,87	13,25	12,61	11,96	11,36	10,76	10,23	9,71	9,24	8,77	8,33	7,88	7,44	7,00	18,13
23/08/2022 17:00:00	17,62	17,13	16,57	16,04	15,56	14,97	14,36	13,79	13,20	12,59	12,10	11,62	11,13	10,68	10,22	9,78	9,34	8,91	8,48	8,05	7,62	17,60
23/08/2022 17:05:00	17,63	17,31	16,76	16,17	15,55	14,95	14,35	13,76	13,16	12,54	11,93	11,37	10,81	10,31	9,82	9,38	8,94	8,52	8,09	7,67	7,25	17,97
23/08/2022 17:10:00	17,57	17,14	16,64	16,13	15,56	15,00	14,43	13,83	13,25	12,67	12,09	11,54	11,00	10,51	10,03	9,59	9,14	8,72	8,29	7,87	7,44	17,91
23/08/2022 17:15:00	17,91	17,31	16,78	16,25	15,71	15,13	14,57	14,05	13,53	12,99	12,47	11,98	11,49	11,04	10,60	10,19	9,77	9,36	8,96	8,55	8,13	17,86
23/08/2022 17:20:00	17,92	17,60	17,04	16,44	15,88	15,31	14,72	14,06	13,44	12,83	12,24	11,69	11,14	10,65	10,15	9,70	9,25	8,81	8,37	7,93	7,50	18,03
23/08/2022 17:25:00	17,92	17,32	16,84	16,38	15,92	15,34	14,77	14,27	13,74	13,17	12,58	12,02	11,46	10,97	10,48	10,04	9,60	9,17	8,74	8,30	7,87	18,18
23/08/2022 17:30:00	17,91	17,54	17,02	16,46	15,85	15,27	14,67	14,03	13,45	12,90	12,33	11,80	11,27	10,80	10,32	9,89	9,45	9,04	8,62	8,20	7,79	18,07
23/08/2022 17:35:00	17,91	17,57	17,02	16,45	15,94	15,33	14,72	14,13	13,59	13,06	12,46	11,91	11,36	10,87	10,39	9,96	9,53	9,11	8,69	8,27	7,85	18,54
23/08/2022 17:40:00	17,91	17,49	16,92	16,36	15,88	15,25	14,63	14,10	13,53	12,93	12,46	12,01	11,55	11,12	10,69	10,26	9,83	9,41	9,00	8,58	8,16	17,86
23/08/2022 17:45:00	17,94	17,40	16,90	16,38	15,83	15,28	14,72	14,16	13,62	13,07	12,52	12,01	11,49	11,03	10,56	10,14	9,71	9,29	8,87	8,45	8,02	17,70
23/08/2022 17:50:00	17,91	17,44	16,90	16,36	15,87	15,35	14,82	14,27	13,71	13,14	12,57	12,04	11,51	11,03	10,55	10,12	9,68	9,24	8,81	8,37	7,93	17,76
23/08/2022 17:55:00	17,82	17,34	16,88	16,42	15,91	15,32	14,72	14,18	13,64	13,08	12,50	11,95	11,41	10,92	10,44	10,00	9,56	9,13	8,71	8,28	7,85	17,64
23/08/2022 18:00:00	17,71	17,31	16,78	16,24	15,72	15,14	14,55	14,00	13,45	12,91	12,34	11,81	11,28	10,81	10,34	9,91	9,48	9,07	8,65	8,23	7,81	17,58
23/08/2022 18:05:00	17,58	17,24	16,72	16,19	15,70	15,11	14,49	13,89	13,30	12,71	12,14	11,61	11,07	10,58	10,09	9,64	9,19	8,76	8,33	7,90	7,47	17,54
23/08/2022 18:10:00	17,46	17,11	16,59	16,05	15,54	14,99	14,42	13,79	13,26	12,78	12,21	11,68	11,15	10,68	10,21	9,79	9,37	8,95	8,54	8,13	7,72	17,34
23/08/2022 18:15:00	17,24	16,78	16,30	15,77	15,18	14,58	14,00	13,42	12,91	12,44	11,90	11,41	10,92	10,48	10,04	9,64	9,24	8,85	8,47	8,08	7,70	17,26
23/08/2022 18:20:00	17,09	16,86	16,37	15,83	15,26	14,72	14,18	13,61	13,03	12,44	11,96	11,50	11,04	10,60	10,17	9,74	9,32	8,91	8,50	8,09	7,68	17,17
23/08/2022 18:25:00	17,32	16,91	16,46	16,00	15,50	14,93	14,35	13,81	13,28	12,73	12,16	11,62	11,09	10,61	10,13	9,70	9,27	8,85	8,43	8,01	7,59	17,31
23/08/2022 18:30:00	17,28	16,97	16,54	16,03	15,43	14,86	14,33	13,82	13,29	12,75	12,18	11,67	11,15	10,70	10,24	9,83	9,42	9,02	8,62	8,22	7,82	17,29
23/08/2022 18:35:00	17,27	16,96	16,50	16,01	15,49	14,92	14,35	13,78	13,22	12,67	12,15	11,66	11,17	10,72	10,26	9,84	9,41	8,99	8,58	8,17	7,75	17,31
23/08/2022 18:40:00	17,26	16,87	16,42	15,93	15,33	14,77	14,24	13,77	13,21	12,61	12,12	11,65	11,18	10,75	10,31	9,90	9,48	9,08	8,67	8,27	7,86	17,34
23/08/2022 18:45:00	17,29	16,87	16,37	15,84	15,29	14,73	14,20	13,68	13,16	12,64	12,12	11,64	11,15	10,72	10,28	9,87	9,47	9,07	8,67	8,28	7,88	17,20
23/08/2022 18:50:00	17,25	17,07	16,59	16,04	15,42	14,83	14,27	13,71	13,16	12,63	12,16	11,72	11,29	10,88	10,47	10,07	9,66	9,27	8,89	8,50	8,12	17,21
23/08/2022 18:55:00	17,23	16,82	16,43	15,98	15,40	14,94	14,45	13,87	13,39	12,93	12,42	11,94	11,46	11,03	10,60	10,19	9,79	9,39	8,99	8,59	8,19	17,07
23/08/2022 19:00:00	16,93	16,70	16,25	15,78	15,37	14,84	14,28	13,71	13,20	12,71	12,18	11,68	11,18	10,73	10,27	9,85	9,43	9,01	8,60	8,19	7,77	16,97
23/08/2022 19:05:00	17,00	16,60	16,18	15,72	15,20	14,72	14,24	13,75	13,19	12,59	12,18	11,77	11,35	10,94	10,53	10,11	9,69	9,28	8,87	8,45	8,04	16,89
23/08/2022 19:10:00	16,94	16,61	16,13	15,68	15,31	14,85	14,38	13,89	13,39	12,88	12,33	11,82	11,31	10,85	10,39	9,97	9,55	9,13	8,70	8,27	7,84	16,91
23/08/2022 19:15:00	16,88	16,57	16,16	15,72	15,21	14,69	14,16	13,60	13,07	12,55	12,09	11,64	11,19	10,77	10,35	9,93	9,51	9,11	8,70	8,30	7,90	16,94
23/08/2022 19:20:00	16,81	16,56	16,12	15,65	15,16	14,64	14,12	13,57	13,05	12,54	12,06	11,60	11,14	10,72	10,29	9,88	9,46	9,06	8,66	8,26	7,86	16,86
23/08/2022 19:25:00	16,87	16,66	16,25	15,77	15,24	14,64	14,06	13,56	13,07	12,58	12,08	11,62	11,16	10,73	10,31	9,92	9,52	9,14	8,75	8,38	8,00	16,87
23/08/2022 19:30:00	16,86	16,62	16,20	15,73	15,20	14,63	14,07	13,55	13,05	12,56	12,09	11,65	11,20	10,79	10,38	9,98	9,58	9,19	8,81	8,42	8,04	16,84
23/08/2022 19:35:00	16,87	16,61	16,16	15,70	15,27	14,71	14,16	13,69	13,18	12,66	12,20	11,76	11,32	10,90	10,48	10,07	9,67	9,27	8,87	8,47	8,07	16,80
23/08/2022 19:40:00	16,73	16,48	16,04	15,59	15,13	14,66	14,16	13,60	13,10	12,62	12,10	11,61	11,12	10,68	10,23	9,82	9,40	8,99	8,59	8,18	7,77	16,68
23/08/2022 19:45:00	16,63	16,44	16,04	15,59	15,05	14,54	14,04	13,51	13,04	12,60	12,12	11,67	11,22	10,81	10,40	10,01	9,62	9,24	8,86	8,48	8,11	16,70
23/08/2022 19:50:00	16,72	16,38	16,04	15,67	15,24	14,77	14,29	13,78	13,23	12,66	12,20	11,73	11,26	10,81	10,36	9,93	9,49	9,06	8,64	8,21	7,78	16,70
23/08/2022 19:55:00	16,77	16,59	16,22	15,77	15,23	14,71	14,20	13,68	13,19	12,70	12,20	11,74	11,27	10,85	10,42	10,02	9,62	9,23	8,84	8,45	8,06	16,69
23/08/2022 20:00:00	16,67	16,42	16,03	15,60	15,09	14,60	14,13	13,69	13,19	12,66	12,21	11,78	11,35	10,94	10,54	10,14	9,74	9,35	8,95	8,56	8,16	16,65
23/08/2022 20:05:00	16,71	16,36	16,00	15,61	15,16	14,73	14,28	13,76	13,22	12,67	12,24	11,81	11,37	10,95	10,52	10,10	9,67	9,25	8,83	8,41	7,99	16,64
23/08/2022 20:10:00	16,61	16,50	16,09	15,62	15,11	14,61	14,15	13,71	13,22	12,71	12,22	11,76	11,31	10,89	10,48	10,08	9,69	9,30	8,91	8,52	8,13	16,60
23/08/2022 20:15:00	16,61	16,39	16,03	15,66	15,31	14,84	14,36	13,89	13,43	12,96	12,40	11,87	11,34	10,88	10,41	9,99	9,57	9,16	8,75	8,32	7,90	16,44
23/08/2022 20:20:00	16,52	16,37	16,03	15,60	15,05	14,58	14,13	13,65	13,16	12,66	12,19	11,75	11,30	10,89	10,49	10,09	9,70	9,31	8,92	8,53	8,14	16,39
23/08/2022 20:25:00	16,39	16,30	15,99	15,61	15,15	14,62	14,11	13,63	13,15	12,65	12,13	11,65	11,16	10,72	10,28	9,87	9,46	9,06	8,66	8,26	7,87	16,42
23/08/2022 20:30:00	16,24	16,33	16,02	15,65	15,26	14,72	14,17	13,64	13,17	12,71	12,15	11,64	11,12	10,66	10,21	9,79	9,37	8,96	8,56	8,16	7,76	16,36
23/08/2022 20:35:00	16,33	16,40	16,11	15,73	15,27	14,75	14,21	13,65	13,16	12,70	12,18	11,69	11,21	10,76	10,32	9,91	9,49	9,09	8,69	8,30	7,90	16,34
23/08/2022 20:40:00	16,31	16,34	16,05	15,69	15,25	14,72	14,20	13,71	13,22	12,72	12,15	11,63	11,10	10,64	10,17	9,75	9,33	8,93	8,52	8,11	7,71	16,35
23/08/2022 20:45:00	16,28	16,31	16,02	15,66	15,19	14,73	14,27	13,78	13,25	12,71	12,22	11,75	11,28	10,84	10,40	9,97	9,55	9,13	8,72	8,31	7,89	16,22
23/08/2022 20:50:00	16,18	16,21	15,94	15,59	15,16	14,69	14,20	13,73	13,24	12,74	12,23	11,75	11,27	10,83	10,39	9,97	9,55	9,15	8,74	8,34	7,93	16,15
23/08/2022 20:55:00	15,99	16,23	15,96	15,61	15,18	14,73	14,25	13,75	13,24	12,74	12,25	11,79	11,32	10,89	10,45	10,03	9,61	9,21	8,80	8,39	7,98	16,05
23/08/2022 21:00:00	15,99	16,23	15,95	15,55	15,03	14,56	14,08	13,58	13,11	12,66	12,12	11,63	11,15	10,72	10,29	9,89	9,49	9,11	8,72	8,34	7,96	15,85
23/08/2022 21:05:00	15,85	16,04	15,74	15,33	14,80	14,39	13,94	13,38	12,89	12,42	11,95	11,51	11,08	10,66	10,25	9,85	9,46	9,07	8,68	8,29	7,91	15,79
23/08/2022 21:10:00	15,76	15,92	15,57	15,15	14,71	14,29	13,86	13,38	12,84	12,29	11,78	11,30	10,82	10,38	9,94	9,52	9,10	8,69	8,27	7,86	7,45	15,83
23/08/2022 21:15:00	15,63	15,94	15,67	15,29	14,80	14,32	13,83	13,30	12,79	12,29	11,77	11,28	10,80	10,36	9,92	9,50	9,09	8,69	8,29	7,90	7,51	16,07
23/08/2022 21:20:00	15,69	16,07	15,90	15,61	15,21	14,76	14,29	13,80	13,27	12,72	12,25	11,79	11,33	10,89	10,45	10,01	9,58	9,16	8,74	8,32	7,90	16,10
23/08/2022 21:25:00	15,39	15,81	15,69	15,46	15,12	14,67	14,20	13,74	13,25	12,75	12,30	11,86	11,42	10,99	10,57	10,14	9,72	9,31	8,90	8,49	8,08	15,42
23/08/2022 21:30:00	15,36	15,77	15,64	15,40	15,08	14,66	14,21	13,73	13,28	12,83	12,33	11,85	11,37	10,93	10,48	10,07	9,65	9,24	8,83	8,42	8,02	15,12
23/08/2022 21:35:00	15,21	15,69	15,47	15,14	14,71	14,27	13,81	13,29	12,77	12,27	11,89	11,51	11,13	10,74	10,35	9,94	9,53	9,14	8,74	8,35	7,96	15,13
23/08/2022 21:40:00	15,37	15,70	15,53	15,26	14,85	14,37	13,87	13,38	12,88	12,39	11,92	11,47	11,02	10,59	10,16	9,74	9,32	8,92	8,52	8,12	7,73	15,39
23/08/2022 21:45:00	15,54	15,78	15,54	15,19	14,74	14,26	13,75	13,23	12,76	12,30	11,82	11,36	10,91	10,49	10,07	9,67	9,26	8,88	8,49	8,11	7,72	15,50
23/08/2022 21:50:00	15,55	15,76	15,58	15,25	14,71	14,23	13,76	13,28	12,78	12,27	11,73	11,24	10,75	10,31	9,86	9,46	9,05	8,65	8,26	7,87	7,49	15,80
23/08/2022 21:55:00	15,61	16,06	15,86	15,53	15,08	14,59	14,09	13,60	13,12	12,63	12,11	11,63	11,16	10,72	10,28	9,87	9,46	9,07	8,67	8,28	7,88	15,90
23/08/2022 22:00:00	15,76	16,21	16,05	15,78	15,39	15,00	14,56	14,06	13,58	13,08	12,56	12,07	11,58	11,12	10,67	10,24	9,81	9,40	8,98	8,56	8,14	15,76
23/08/2022 22:05:00	15,55	16,13	16,00	15,73	15,29	14,93	14,52	13,99	13,51	13,04	12,58	12,13	11,69	11,27	10,85	10,43	10,02	9,61	9,20	8,79	8,39	15,20
23/08/2022 22:10:00	15,40	16,01	16,05	15,92	15,56	15,06	14,57	14,13	13,63	13,09	12,60	12,11	11,63	11,18	10,72	10,28	9,83	9,41	8,99	8,57	8,16	15,06
23/08/2022 22:15:00	15,04	15,58	15,67	15,63	15,40	15,02	14,61	14,19	13,75	13,28	12,77	12,28	11,79	11,33	10,87	10,42	9,98	9,55	9,12	8,69	8,26	14,75
23/08/2022 22:20:00	14,83	15,33	15,45	15,44	15,23	14,88	14,51	14,14	13,74	13,31	12,84	12,38	11,92	11,48	11,05	10,62	10,20	9,79	9,37	8,95	8,53	14,40
23/08/2022 22:25:00	14,71	15,29	15,43	15,43	15,25	14,98	14,65	14,26	13,78	13,26	12,83	12,37	11,91	11,46	11,01	10,56	10,10	9,66	9,21	8,76	8,31	14,12
23/08/2022 22:30:00	14,65	15,28	15,53	15,54	15,19	14,87	14,50	14,08	13,69	13,28	12,81	12,35	11,89	11,47	11,04	10,62	10,21	9,81	9,41	9,01	8,61	13,90
23/08/2022 22:35:00	14,75	15,44	15,51	15,48	15,35	15,03	14,64	14,22	13,83	13,43	12,93	12,44	11,96	11,51	11,06	10,63	10,20	9,78	9,35	8,92	8,49	14,05
23/08/2022 22:40:00	14,42	15,03	15,19	15,18	14,94	14,66	14,29	13,81	13,40	12,97	12,51	12,04	11,57	11,13	10,69	10,25	9,82	9,40	8,98	8,55	8,13	14,10
23/08/2022 22:45:00	14,10	14,84	14,93	14,89	14,69	14,37	14,03	13,69	13,22	12,72	12,21	11,71	11,21	10,75	10,29	9,85	9,42	8,99	8,57	8,14	7,71	14,12
23/08/2022 22:50:00	14,19	15,01	15,16	15,13	14,88	14,46	14,03	13,64	13,17	12,67	12,20	11,73	11,26	10,81	10,37	9,93	9,49	9,08	8,66	8,25	7,84	14,17
23/08/2022 22:55:00	14,19	14,87	14,99	14,96	14,73	14,35	13,91	13,45	13,09	12,71	12,19	11,70	11,20	10,76	10,31	9,89	9,47	9,07	8,68	8,28	7,88	14,10
23/08/2022 23:00:00	14,07	14,99	15,11	15,05	14,79	14,40	14,02	13,66	13,20	12,70	12,17	11,66	11,16	10,70	10,24	9,81	9,38	8,96	8,55	8,13	7,72	14,06
23/08/2022 23:05:00	14,01	14,90	15,01	14,93	14,61	14,21	13,77	13,31	12,89	12,45	11,92	11,43	10,94	10,49	10,04	9,62	9,20	8,81	8,41	8,02	7,62	14,01
23/08/2022 23:10:00	14,06	14,80	14,96	14,92	14,63	14,32	13,97	13,54	13,11	12,66	12,17	11,70	11,22	10,78	10,34	9,91	9,49	9,08	8,67	8,26	7,85	13,94
23/08/2022 23:15:00	13,88	14,68	14,78	14,71	14,46	14,16	13,80	13,38	12,95	12,51	12,06	11,61	11,17	10,74	10,32	9,90	9,48	9,08	8,67	8,26	7,86	13,86
23/08/2022 23:20:00	13,95	14,73	14,96	15,01	14,86	14,54	14,16	13,73	13,30	12,86	12,37	11,88	11,39	10,93	10,47	10,02	9,57	9,14	8,72	8,29	7,86	13,88
23/08/2022 23:25:00	13,79	14,67	15,01	15,13	14,95	14,67	14,33	13,95	13,42	12,87	12,43	11,96	11,49	11,02	10,56	10,08	9,61	9,15	8,70	8,25	7,79	13,74
23/08/2022 23:30:00	13,70	14,64	14,87	14,92	14,74	14,40	14,01	13,61	13,17	12,71	12,25	11,78	11,31	10,87	10,42	9,98	9,54	9,12	8,70	8,28	7,86	13,69
23/08/2022 23:35:00	13,71	14,50	14,86	15,03	14,93	14,65	14,28	13,84	13,40	12,93	12,46	11,96	11,46	10,98	10,50	10,03	9,56	9,12	8,67	8,22	7,77	13,71
23/08/2022 23:40:00	13,61	14,51	14,84	14,99	14,92	14,56	14,20	13,89	13,47	12,99	12,47	11,95	11,43	10,96	10,48	10,02	9,57	9,14	8,70	8,26	7,83	13,64
23/08/2022 23:45:00	13,55	14,58	14,90	15,00	14,79	14,49	14,11	13,69	13,28	12,84	12,31	11,80	11,29	10,82	10,35	9,90	9,46	9,04	8,62	8,20	7,78	13,60
23/08/2022 23:50:00	13,58	14,59	14,92	15,02	14,84	14,50	14,12	13,73	13,34	12,93	12,46	12,00	11,54	11,10	10,66	10,24	9,81	9,40	8,99	8,58	8,18	13,57
23/08/2022 23:55:00	13,49	14,49	14,86	15,01	14,85	14,61	14,29	13,88	13,47	13,03	12,56	12,07	11,59	11,13	10,67	10,23	9,78	9,35	8,92	8,49	8,06	13,47
