FileFormat:0002.2 file with temperature of atmosphere
SN105HE102 RTK
local	GMT or Local
0	GMT-Local=[hours]
20	Height[m]
0	0	0	Longitude                [grd]               [min]               [sec]
0	0	0	Latitude                [grd]               [min]               [sec]
N	NS
56,45	Freq[GHz]
0,00	dTemostat[K]
0,150	MessErr[K]
0,248	//[grad/step]
version 14.4.20120406
MTP5HE102F5645K-38.60I70D222917+A1.1
Commentary:
SN105HE102
парабола ДНА = 2,5 град
НЕ102 - ПУ - ХВБ с ЦСД " S "
АЦП - 202 - 09 с контр.U пит.и М
оптопара серии - 2
Т out № 178 пл
БП LPS - 112
End Of Commentary

SYSTEM\summer.dat
data time	0	50	100	150	200	250	300	350	400	450	500	550	600	650	700	750	800	850	900	950	1000	OutsideTemperature
06/09/2021 00:00:00	13,44	13,70	14,11	14,58	15,07	15,49	15,84	16,16	16,43	16,71	16,94	17,08	17,22	17,22	17,22	17,05	16,87	16,60	16,32	15,97	15,63	13,57
06/09/2021 00:05:00	13,43	13,73	14,23	14,75	15,20	15,56	15,86	16,15	16,38	16,60	16,78	16,87	16,96	16,93	16,89	16,69	16,49	16,20	15,91	15,56	15,20	13,54
06/09/2021 00:10:00	13,44	13,58	14,16	14,78	15,36	15,90	16,34	16,70	16,88	17,04	17,23	17,31	17,39	17,32	17,26	17,03	16,80	16,46	16,13	15,72	15,31	13,50
06/09/2021 00:15:00	13,47	13,83	14,49	15,17	15,80	16,15	16,48	16,86	17,00	17,10	17,22	17,23	17,24	17,13	17,02	16,76	16,50	16,15	15,80	15,39	14,97	13,52
06/09/2021 00:20:00	13,42	13,41	14,15	14,93	15,57	16,16	16,61	16,97	17,25	17,47	17,54	17,52	17,49	17,37	17,26	17,01	16,77	16,43	16,08	15,66	15,23	13,39
06/09/2021 00:25:00	13,30	13,54	14,10	14,77	15,52	16,07	16,50	16,88	17,18	17,44	17,56	17,59	17,63	17,55	17,47	17,25	17,04	16,70	16,37	15,96	15,55	13,33
06/09/2021 00:30:00	13,40	13,25	13,93	14,72	15,51	16,19	16,71	17,11	17,44	17,72	17,86	17,88	17,91	17,82	17,74	17,51	17,28	16,93	16,59	16,15	15,72	13,24
06/09/2021 00:35:00	13,14	13,28	14,01	14,80	15,55	16,10	16,55	16,96	17,25	17,49	17,66	17,71	17,76	17,69	17,61	17,38	17,15	16,81	16,48	16,06	15,65	13,13
06/09/2021 00:40:00	12,99	13,28	14,04	14,93	15,85	16,47	16,96	17,38	17,70	17,94	18,03	18,01	18,00	17,87	17,75	17,50	17,24	16,88	16,51	16,05	15,60	12,95
06/09/2021 00:45:00	12,85	13,04	14,08	15,16	16,05	16,87	17,43	17,77	18,01	18,19	18,28	18,22	18,16	17,98	17,81	17,49	17,18	16,76	16,34	15,83	15,32	12,89
06/09/2021 00:50:00	12,78	12,97	14,01	15,09	16,01	16,60	17,15	17,72	17,96	18,10	18,17	18,11	18,05	17,89	17,73	17,45	17,16	16,77	16,38	15,90	15,42	12,76
06/09/2021 00:55:00	12,69	13,02	14,24	15,36	16,09	16,67	17,12	17,49	17,77	17,99	18,09	18,06	18,03	17,89	17,74	17,46	17,17	16,80	16,43	15,99	15,55	12,59
06/09/2021 01:00:00	12,59	12,89	14,05	15,16	16,00	16,77	17,27	17,57	17,86	18,06	18,08	17,97	17,87	17,67	17,47	17,16	16,85	16,44	16,04	15,55	15,06	12,49
06/09/2021 01:05:00	12,50	12,66	13,86	15,11	16,18	16,83	17,37	17,90	18,22	18,42	18,44	18,33	18,22	18,02	17,83	17,52	17,21	16,80	16,39	15,89	15,39	12,41
06/09/2021 01:10:00	12,37	12,75	14,07	15,35	16,34	17,01	17,51	17,91	18,25	18,47	18,49	18,37	18,26	18,05	17,85	17,53	17,22	16,81	16,40	15,91	15,41	12,31
06/09/2021 01:15:00	12,30	12,82	14,30	15,62	16,48	17,20	17,75	18,19	18,45	18,59	18,53	18,36	18,19	17,95	17,70	17,37	17,03	16,61	16,19	15,68	15,18	12,22
06/09/2021 01:20:00	12,14	12,58	13,99	15,35	16,41	17,23	17,80	18,20	18,43	18,59	18,69	18,61	18,53	18,33	18,12	17,76	17,41	16,96	16,51	15,97	15,44	12,10
06/09/2021 01:25:00	12,01	12,65	14,19	15,59	16,56	17,27	17,83	18,32	18,57	18,69	18,66	18,49	18,32	18,08	17,83	17,48	17,14	16,70	16,26	15,74	15,22	12,04
06/09/2021 01:30:00	11,79	11,99	13,37	14,80	16,05	17,05	17,75	18,25	18,68	18,98	19,08	19,02	18,95	18,78	18,60	18,29	17,98	17,55	17,12	16,59	16,06	11,93
06/09/2021 01:35:00	11,91	11,53	12,24	13,28	14,57	15,49	16,19	16,76	17,35	17,88	18,24	18,44	18,63	18,66	18,69	18,52	18,35	18,03	17,71	17,28	16,85	11,89
06/09/2021 01:40:00	11,81	11,65	12,27	13,10	14,05	14,83	15,50	16,13	16,50	16,92	17,52	17,91	18,31	18,45	18,59	18,44	18,30	18,02	17,74	17,36	16,99	11,80
06/09/2021 01:45:00	11,78	11,59	12,46	13,48	14,50	15,28	15,96	16,60	17,17	17,68	18,04	18,26	18,49	18,54	18,60	18,46	18,32	18,05	17,77	17,40	17,02	11,78
06/09/2021 01:50:00	11,60	11,66	12,47	13,42	14,41	15,33	16,03	16,58	17,04	17,47	17,87	18,11	18,34	18,39	18,44	18,27	18,10	17,80	17,49	17,09	16,69	11,72
06/09/2021 01:55:00	11,71	11,36	11,99	12,76	13,57	14,46	15,20	15,85	16,46	17,08	17,66	18,09	18,52	18,72	18,93	18,88	18,82	18,62	18,41	18,11	17,81	11,67
06/09/2021 02:00:00	11,49	11,33	11,96	12,76	13,63	14,48	15,25	15,99	16,58	17,13	17,57	17,89	18,21	18,36	18,51	18,44	18,37	18,16	17,94	17,62	17,30	11,57
06/09/2021 02:05:00	11,48	11,30	11,93	12,70	13,52	14,37	15,08	15,73	16,29	16,86	17,45	17,88	18,30	18,50	18,70	18,63	18,57	18,36	18,15	17,84	17,54	11,50
06/09/2021 02:10:00	11,48	11,25	11,87	12,70	13,65	14,47	15,20	15,90	16,47	17,02	17,53	17,90	18,26	18,42	18,58	18,49	18,41	18,18	17,95	17,62	17,30	11,46
06/09/2021 02:15:00	11,39	11,34	12,03	12,93	13,98	14,78	15,45	16,07	16,59	17,10	17,55	17,85	18,14	18,24	18,34	18,21	18,08	17,81	17,54	17,18	16,81	11,51
06/09/2021 02:20:00	11,44	11,27	11,98	12,92	14,01	14,99	15,78	16,46	16,99	17,49	17,96	18,26	18,56	18,67	18,77	18,64	18,51	18,23	17,95	17,56	17,17	11,35
06/09/2021 02:25:00	11,38	11,25	12,06	13,03	14,07	14,99	15,79	16,52	16,95	17,38	17,89	18,21	18,53	18,63	18,73	18,58	18,43	18,14	17,85	17,46	17,07	11,32
06/09/2021 02:30:00	11,24	11,22	11,99	12,99	14,16	14,97	15,68	16,37	16,87	17,37	17,93	18,28	18,64	18,76	18,89	18,75	18,61	18,33	18,05	17,67	17,29	11,32
06/09/2021 02:35:00	11,24	11,08	11,88	12,91	14,06	14,88	15,61	16,32	16,89	17,42	17,90	18,20	18,51	18,61	18,72	18,59	18,46	18,19	17,92	17,55	17,18	11,27
06/09/2021 02:40:00	11,11	11,07	11,85	12,85	14,00	14,91	15,65	16,30	16,80	17,25	17,65	17,88	18,11	18,16	18,21	18,05	17,89	17,59	17,29	16,89	16,49	11,10
06/09/2021 02:45:00	10,97	11,12	11,98	12,91	13,81	14,72	15,49	16,20	16,63	17,07	17,56	17,88	18,20	18,31	18,42	18,29	18,16	17,90	17,63	17,27	16,90	10,98
06/09/2021 02:50:00	10,96	10,99	12,03	13,22	14,43	15,50	16,36	17,09	17,58	18,00	18,34	18,51	18,69	18,69	18,70	18,51	18,32	17,99	17,65	17,20	16,75	10,98
06/09/2021 02:55:00	10,91	11,20	12,48	13,76	14,84	15,70	16,42	17,07	17,50	17,87	18,15	18,26	18,38	18,34	18,30	18,07	17,85	17,51	17,17	16,73	16,30	10,85
06/09/2021 03:00:00	10,87	11,07	12,32	13,65	14,89	15,89	16,62	17,17	17,70	18,13	18,42	18,54	18,65	18,60	18,56	18,33	18,09	17,73	17,38	16,92	16,46	10,83
06/09/2021 03:05:00	10,78	11,00	12,40	13,86	15,21	16,15	16,92	17,59	18,02	18,38	18,63	18,69	18,75	18,66	18,57	18,30	18,03	17,63	17,24	16,74	16,25	10,73
06/09/2021 03:10:00	10,58	10,81	12,25	13,62	14,72	15,82	16,58	17,10	17,61	18,09	18,54	18,77	19,00	19,02	19,04	18,82	18,60	18,25	17,91	17,47	17,03	10,58
06/09/2021 03:15:00	10,60	10,69	11,99	13,40	14,74	15,66	16,52	17,38	17,90	18,31	18,57	18,68	18,79	18,76	18,72	18,52	18,31	17,97	17,63	17,18	16,73	10,50
06/09/2021 03:20:00	10,46	10,84	12,36	13,88	15,17	16,30	17,11	17,71	18,26	18,68	18,90	18,95	19,00	18,91	18,82	18,56	18,31	17,93	17,55	17,06	16,57	10,52
06/09/2021 03:25:00	10,48	10,89	12,36	13,71	14,73	15,69	16,42	17,00	17,48	17,90	18,24	18,39	18,54	18,52	18,51	18,29	18,07	17,73	17,40	16,98	16,56	10,40
06/09/2021 03:30:00	10,35	10,88	12,35	13,73	14,80	15,72	16,44	17,06	17,52	17,90	18,17	18,27	18,38	18,33	18,28	18,05	17,82	17,47	17,13	16,70	16,27	10,31
06/09/2021 03:35:00	10,25	10,67	12,21	13,67	14,84	15,92	16,74	17,40	17,88	18,29	18,61	18,73	18,86	18,82	18,78	18,54	18,31	17,95	17,59	17,13	16,67	10,28
06/09/2021 03:40:00	10,24	10,57	11,80	13,07	14,24	15,46	16,47	17,34	17,86	18,30	18,64	18,83	19,03	19,06	19,09	18,93	18,77	18,45	18,14	17,70	17,26	10,27
06/09/2021 03:45:00	10,11	10,36	11,69	13,05	14,25	15,43	16,35	17,11	17,66	18,15	18,55	18,77	18,98	19,02	19,06	18,88	18,70	18,38	18,05	17,62	17,18	10,21
06/09/2021 03:50:00	10,27	10,52	11,84	13,22	14,48	15,47	16,32	17,09	17,60	18,05	18,44	18,64	18,84	18,86	18,88	18,68	18,49	18,16	17,83	17,39	16,96	10,24
06/09/2021 03:55:00	10,26	10,79	12,44	14,00	15,26	16,38	17,20	17,82	18,32	18,72	18,98	19,05	19,12	19,04	18,95	18,69	18,43	18,04	17,66	17,17	16,69	10,17
06/09/2021 04:00:00	10,06	10,97	12,84	14,50	15,69	16,79	17,60	18,21	18,62	18,90	19,01	18,96	18,90	18,73	18,56	18,25	17,94	17,53	17,11	16,59	16,08	10,19
06/09/2021 04:05:00	10,04	10,66	12,59	14,53	16,25	17,39	18,23	18,87	19,36	19,63	19,56	19,33	19,10	18,80	18,50	18,11	17,73	17,23	16,72	16,11	15,49	10,12
06/09/2021 04:10:00	10,07	10,32	12,11	13,95	15,61	16,84	17,75	18,44	18,95	19,32	19,52	19,49	19,47	19,30	19,13	18,81	18,48	18,02	17,56	16,99	16,41	9,99
06/09/2021 04:15:00	9,94	10,39	12,00	13,57	14,91	16,12	17,06	17,83	18,25	18,57	18,77	18,79	18,81	18,69	18,58	18,31	18,03	17,63	17,22	16,70	16,18	9,90
06/09/2021 04:20:00	9,75	10,35	11,76	13,17	14,45	15,62	16,46	17,10	17,56	18,01	18,45	18,67	18,90	18,91	18,92	18,69	18,47	18,11	17,75	17,29	16,82	9,78
06/09/2021 04:25:00	9,80	10,32	11,58	12,96	14,37	15,38	16,26	17,08	17,69	18,23	18,67	18,93	19,18	19,25	19,31	19,15	18,99	18,69	18,38	17,97	17,56	9,70
06/09/2021 04:30:00	9,63	10,21	11,59	12,93	14,05	15,02	15,76	16,38	16,99	17,48	17,82	17,99	18,17	18,19	18,20	18,03	17,85	17,55	17,25	16,87	16,48	9,70
06/09/2021 04:35:00	9,70	10,18	11,66	13,06	14,19	15,33	16,19	16,89	17,40	17,85	18,23	18,42	18,61	18,63	18,64	18,44	18,24	17,91	17,58	17,16	16,73	9,65
06/09/2021 04:40:00	9,66	10,52	12,47	14,26	15,66	16,70	17,48	18,11	18,55	18,90	19,12	19,13	19,15	19,00	18,86	18,54	18,22	17,80	17,37	16,85	16,33	9,57
06/09/2021 04:45:00	9,46	10,12	12,01	13,83	15,33	16,51	17,43	18,18	18,58	18,88	19,04	18,99	18,95	18,78	18,60	18,27	17,95	17,50	17,05	16,49	15,93	9,47
06/09/2021 04:50:00	9,37	9,87	11,51	13,14	14,57	15,75	16,69	17,48	18,09	18,53	18,73	18,79	18,84	18,77	18,69	18,47	18,24	17,87	17,51	17,03	16,55	9,42
06/09/2021 04:55:00	9,39	10,03	11,67	13,33	14,85	16,01	16,95	17,77	18,37	18,81	19,05	19,13	19,20	19,14	19,07	18,84	18,61	18,23	17,86	17,38	16,89	9,37
06/09/2021 05:00:00	9,33	10,28	12,23	14,00	15,36	16,36	17,18	17,91	18,30	18,53	18,56	18,43	18,31	18,09	17,88	17,55	17,22	16,79	16,36	15,83	15,30	9,32
06/09/2021 05:05:00	9,33	9,98	11,92	13,84	15,52	16,66	17,54	18,28	18,66	18,94	19,09	19,01	18,94	18,73	18,51	18,15	17,79	17,31	16,82	16,23	15,64	9,27
06/09/2021 05:10:00	9,22	10,27	12,40	14,23	15,48	16,55	17,38	18,08	18,56	18,82	18,80	18,65	18,50	18,28	18,05	17,74	17,42	17,01	16,59	16,08	15,57	9,29
06/09/2021 05:15:00	9,18	10,25	12,51	14,57	16,18	17,13	17,88	18,51	18,92	19,14	19,13	18,92	18,71	18,42	18,12	17,71	17,31	16,81	16,32	15,73	15,14	9,13
06/09/2021 05:20:00	9,02	10,00	12,21	14,13	15,50	16,72	17,65	18,39	18,82	19,09	19,18	19,09	19,00	18,80	18,60	18,27	17,93	17,49	17,05	16,50	15,96	9,05
06/09/2021 05:25:00	8,94	10,19	12,53	14,58	16,06	17,06	17,81	18,39	18,68	18,81	18,76	18,51	18,26	17,93	17,59	17,16	16,72	16,20	15,69	15,08	14,47	8,98
06/09/2021 05:30:00	8,83	9,53	11,15	12,96	14,81	15,93	16,88	17,74	18,24	18,64	18,93	19,00	19,06	18,96	18,86	18,58	18,29	17,86	17,43	16,89	16,34	8,91
06/09/2021 05:35:00	8,86	9,63	11,08	12,51	13,81	14,87	15,78	16,61	17,22	17,71	18,05	18,24	18,43	18,45	18,48	18,32	18,16	17,86	17,56	17,16	16,76	8,85
06/09/2021 05:40:00	8,73	9,47	11,06	12,75	14,44	15,62	16,61	17,48	17,99	18,35	18,51	18,51	18,52	18,39	18,27	18,00	17,74	17,33	16,93	16,40	15,87	8,75
06/09/2021 05:45:00	8,68	9,38	10,95	12,58	14,13	15,19	16,06	16,84	17,43	17,93	18,33	18,52	18,71	18,70	18,70	18,49	18,27	17,92	17,57	17,12	16,67	8,68
06/09/2021 05:50:00	8,51	9,09	10,68	12,21	13,53	14,60	15,50	16,31	17,05	17,60	17,94	18,13	18,32	18,36	18,40	18,25	18,10	17,82	17,54	17,16	16,77	8,67
06/09/2021 05:55:00	8,54	9,12	10,61	12,15	13,60	14,88	15,91	16,79	17,34	17,83	18,26	18,49	18,72	18,75	18,79	18,60	18,41	18,08	17,74	17,29	16,83	8,58
06/09/2021 06:00:00	8,50	9,38	11,37	13,30	14,99	16,12	16,97	17,67	18,16	18,52	18,73	18,71	18,70	18,53	18,36	18,03	17,70	17,25	16,80	16,25	15,70	8,52
06/09/2021 06:05:00	8,49	9,63	11,78	13,75	15,31	16,59	17,49	18,15	18,52	18,77	18,88	18,78	18,67	18,44	18,20	17,83	17,45	16,97	16,48	15,89	15,31	8,46
06/09/2021 06:10:00	8,47	9,50	11,51	13,38	14,91	16,08	16,94	17,63	18,03	18,36	18,61	18,62	18,63	18,48	18,33	18,00	17,67	17,22	16,78	16,24	15,70	8,48
06/09/2021 06:15:00	8,45	10,01	12,37	14,32	15,64	16,76	17,55	18,13	18,39	18,55	18,59	18,43	18,27	18,00	17,72	17,31	16,91	16,42	15,94	15,37	14,80	8,42
06/09/2021 06:20:00	8,41	11,29	13,19	14,72	15,77	16,61	17,09	17,38	17,61	17,74	17,72	17,57	17,42	17,17	16,93	16,55	16,18	15,75	15,32	14,83	14,34	8,34
06/09/2021 06:25:00	8,68	11,61	13,21	14,50	15,44	15,96	16,32	16,60	16,81	16,99	17,10	17,09	17,08	16,93	16,78	16,46	16,14	15,77	15,40	14,99	14,57	8,25
06/09/2021 06:30:00	8,82	11,51	13,03	14,25	15,08	15,65	16,10	16,49	16,57	16,64	16,67	16,59	16,52	16,33	16,15	15,82	15,50	15,11	14,72	14,29	13,86	8,22
06/09/2021 06:35:00	8,28	10,93	12,56	13,85	14,72	15,56	15,97	16,13	16,26	16,36	16,40	16,31	16,21	15,99	15,77	15,40	15,03	14,62	14,20	13,73	13,27	8,08
06/09/2021 06:40:00	7,48	9,17	12,04	14,23	15,47	16,41	17,20	17,88	18,10	18,16	18,03	17,72	17,41	17,04	16,68	16,23	15,79	15,30	14,81	14,24	13,68	7,97
06/09/2021 06:45:00	7,51	8,27	10,24	12,30	14,29	15,56	16,55	17,38	18,05	18,51	18,76	18,79	18,81	18,69	18,56	18,26	17,97	17,54	17,10	16,55	16,00	7,98
06/09/2021 06:50:00	7,82	8,69	10,61	12,63	14,62	15,88	16,76	17,43	18,09	18,57	18,83	18,85	18,87	18,73	18,59	18,27	17,95	17,50	17,05	16,49	15,92	8,07
06/09/2021 06:55:00	7,98	8,76	10,54	12,47	14,39	15,69	16,74	17,63	18,22	18,67	18,96	19,04	19,11	19,02	18,93	18,65	18,38	17,95	17,53	16,98	16,43	8,12
06/09/2021 07:00:00	8,11	8,77	10,77	12,78	14,62	16,10	17,20	18,09	18,67	19,11	19,38	19,43	19,47	19,36	19,24	18,95	18,66	18,22	17,78	17,21	16,64	8,10
06/09/2021 07:05:00	8,14	9,15	11,34	13,46	15,30	16,64	17,64	18,43	18,81	19,16	19,46	19,48	19,51	19,34	19,17	18,80	18,42	17,93	17,43	16,82	16,21	8,16
06/09/2021 07:10:00	8,08	9,03	11,60	13,89	15,64	16,85	17,74	18,45	18,96	19,30	19,43	19,32	19,21	18,97	18,73	18,33	17,93	17,44	16,95	16,35	15,75	8,12
06/09/2021 07:15:00	8,17	8,86	11,05	13,13	14,88	16,21	17,24	18,08	18,71	19,15	19,36	19,36	19,35	19,21	19,07	18,78	18,48	18,05	17,62	17,08	16,53	8,16
06/09/2021 07:20:00	8,25	9,17	11,27	13,35	15,21	16,37	17,34	18,19	18,76	19,13	19,29	19,24	19,20	19,02	18,85	18,52	18,20	17,76	17,31	16,75	16,18	8,16
06/09/2021 07:25:00	8,34	9,04	10,72	12,50	14,26	15,65	16,69	17,53	18,18	18,75	19,22	19,46	19,69	19,71	19,73	19,51	19,29	18,91	18,54	18,04	17,54	8,31
06/09/2021 07:30:00	8,25	9,19	10,88	12,66	14,41	15,71	16,70	17,51	18,09	18,58	18,96	19,12	19,27	19,24	19,20	18,95	18,70	18,30	17,91	17,40	16,89	8,27
06/09/2021 07:35:00	8,44	9,46	11,39	13,35	15,18	16,31	17,27	18,12	18,65	19,06	19,34	19,39	19,44	19,32	19,21	18,91	18,61	18,18	17,75	17,21	16,66	8,43
06/09/2021 07:40:00	8,39	9,38	11,38	13,33	15,06	16,41	17,31	17,94	18,61	19,04	19,20	19,16	19,13	18,96	18,80	18,49	18,18	17,74	17,30	16,75	16,20	8,46
06/09/2021 07:45:00	8,46	9,41	11,09	12,87	14,62	15,69	16,56	17,31	17,96	18,45	18,74	18,84	18,94	18,88	18,81	18,56	18,31	17,93	17,55	17,06	16,57	8,47
06/09/2021 07:50:00	8,43	9,54	11,22	12,82	14,22	15,39	16,36	17,22	17,69	18,11	18,45	18,61	18,77	18,75	18,73	18,51	18,29	17,94	17,58	17,12	16,66	8,71
06/09/2021 07:55:00	8,51	9,62	11,19	12,65	13,87	14,88	15,75	16,56	17,05	17,49	17,87	18,08	18,29	18,31	18,34	18,15	17,96	17,66	17,35	16,95	16,55	8,75
06/09/2021 08:00:00	8,60	9,61	11,44	13,05	14,27	15,41	16,21	16,83	17,24	17,61	17,96	18,08	18,21	18,15	18,08	17,81	17,53	17,15	16,77	16,31	15,84	8,88
06/09/2021 08:05:00	9,00	9,85	11,58	13,23	14,64	15,68	16,46	17,09	17,62	18,07	18,45	18,61	18,76	18,72	18,68	18,42	18,16	17,79	17,42	16,96	16,49	9,02
06/09/2021 08:10:00	9,08	10,06	11,78	13,37	14,68	15,84	16,64	17,23	17,74	18,14	18,39	18,45	18,51	18,42	18,33	18,06	17,79	17,41	17,03	16,56	16,08	9,12
06/09/2021 08:15:00	9,23	10,05	11,78	13,34	14,50	15,67	16,55	17,25	17,75	18,13	18,35	18,41	18,48	18,40	18,33	18,09	17,85	17,50	17,14	16,68	16,23	9,56
06/09/2021 08:20:00	9,39	9,80	11,75	13,58	15,03	16,15	17,02	17,76	18,35	18,70	18,75	18,65	18,55	18,36	18,17	17,88	17,59	17,18	16,77	16,25	15,73	9,45
06/09/2021 08:25:00	9,47	10,02	11,52	13,04	14,45	15,78	16,80	17,63	18,07	18,45	18,78	18,91	19,05	19,00	18,96	18,73	18,49	18,10	17,72	17,21	16,71	9,85
06/09/2021 08:30:00	9,55	10,24	12,02	13,63	14,87	15,88	16,69	17,38	17,78	18,11	18,34	18,38	18,42	18,31	18,21	17,92	17,64	17,25	16,86	16,38	15,90	9,86
06/09/2021 08:35:00	9,79	10,31	11,87	13,35	14,53	15,59	16,42	17,12	17,60	18,01	18,31	18,44	18,56	18,52	18,49	18,26	18,03	17,68	17,33	16,88	16,44	10,58
06/09/2021 08:40:00	9,91	10,49	12,04	13,58	14,94	15,96	16,81	17,58	18,12	18,56	18,87	19,00	19,13	19,10	19,07	18,84	18,62	18,26	17,91	17,45	16,99	10,47
06/09/2021 08:45:00	10,09	10,83	12,49	13,94	14,96	16,06	16,83	17,38	17,89	18,32	18,62	18,75	18,88	18,84	18,81	18,58	18,35	18,01	17,66	17,23	16,80	10,00
06/09/2021 08:50:00	10,26	10,91	12,46	13,84	14,83	15,70	16,41	17,04	17,49	17,89	18,24	18,40	18,57	18,56	18,55	18,33	18,12	17,79	17,47	17,07	16,66	10,56
06/09/2021 08:55:00	10,44	10,64	11,91	13,26	14,56	15,59	16,38	17,03	17,67	18,19	18,52	18,69	18,85	18,85	18,86	18,67	18,48	18,16	17,84	17,41	16,98	10,48
06/09/2021 09:00:00	10,62	10,85	12,15	13,48	14,65	15,76	16,61	17,32	17,76	18,17	18,55	18,74	18,93	18,93	18,93	18,71	18,50	18,15	17,80	17,34	16,89	10,52
06/09/2021 09:05:00	10,84	10,99	12,27	13,54	14,63	15,58	16,35	17,03	17,62	18,11	18,40	18,55	18,70	18,71	18,71	18,54	18,37	18,06	17,76	17,36	16,96	10,97
06/09/2021 09:10:00	11,03	11,19	12,37	13,58	14,62	15,50	16,27	17,01	17,57	18,08	18,50	18,76	19,02	19,10	19,17	19,02	18,88	18,60	18,32	17,94	17,57	11,50
06/09/2021 09:15:00	11,19	11,51	12,72	14,01	15,22	16,12	16,84	17,45	17,99	18,46	18,81	18,98	19,15	19,15	19,16	18,95	18,75	18,42	18,09	17,66	17,23	11,60
06/09/2021 09:20:00	11,37	11,70	12,97	14,28	15,45	16,43	17,24	17,93	18,33	18,65	18,93	19,03	19,13	19,07	19,01	18,77	18,53	18,15	17,78	17,30	16,82	11,33
06/09/2021 09:25:00	11,59	11,86	13,03	14,28	15,43	16,28	16,98	17,63	18,05	18,40	18,71	18,84	18,97	18,94	18,90	18,67	18,44	18,08	17,73	17,27	16,82	11,27
06/09/2021 09:30:00	11,72	11,76	12,94	14,14	15,18	16,07	16,79	17,42	17,96	18,43	18,75	18,92	19,09	19,11	19,12	18,93	18,75	18,44	18,13	17,72	17,30	11,40
06/09/2021 09:35:00	11,93	11,74	12,74	13,79	14,71	15,67	16,42	17,01	17,57	18,09	18,50	18,75	19,00	19,07	19,14	18,99	18,85	18,57	18,29	17,91	17,52	11,51
06/09/2021 09:40:00	12,09	11,90	12,73	13,71	14,73	15,69	16,40	16,93	17,42	17,91	18,45	18,77	19,10	19,20	19,30	19,14	18,97	18,67	18,37	17,96	17,56	11,92
06/09/2021 09:45:00	12,34	12,03	12,83	13,82	14,88	15,61	16,31	17,05	17,55	18,00	18,35	18,56	18,78	18,82	18,87	18,72	18,57	18,28	17,99	17,59	17,20	12,45
06/09/2021 09:50:00	12,51	12,20	12,99	13,93	14,89	15,63	16,20	16,68	17,15	17,60	17,99	18,22	18,44	18,48	18,52	18,34	18,16	17,85	17,55	17,15	16,76	13,09
06/09/2021 09:55:00	12,72	12,39	13,06	13,93	14,90	15,73	16,35	16,84	17,28	17,70	18,11	18,34	18,58	18,62	18,66	18,48	18,30	17,98	17,67	17,25	16,84	13,50
06/09/2021 10:00:00	12,97	12,60	13,20	13,96	14,77	15,49	16,07	16,57	17,05	17,53	17,94	18,21	18,47	18,55	18,64	18,50	18,36	18,09	17,83	17,47	17,11	12,89
06/09/2021 10:05:00	13,16	12,77	13,34	14,11	14,97	15,70	16,36	17,01	17,43	17,85	18,35	18,67	19,00	19,12	19,23	19,10	18,96	18,68	18,41	18,03	17,65	12,90
06/09/2021 10:10:00	13,38	13,18	13,64	14,26	14,97	15,69	16,31	16,86	17,31	17,74	18,11	18,36	18,62	18,71	18,79	18,67	18,56	18,30	18,04	17,68	17,33	13,17
06/09/2021 10:15:00	13,64	13,13	13,58	14,15	14,71	15,30	15,90	16,53	16,95	17,37	17,78	18,08	18,37	18,50	18,62	18,53	18,43	18,20	17,97	17,66	17,34	13,71
06/09/2021 10:20:00	13,86	13,36	13,76	14,34	14,98	15,56	16,03	16,45	16,89	17,37	17,88	18,23	18,58	18,72	18,86	18,74	18,63	18,39	18,14	17,82	17,50	14,13
06/09/2021 10:25:00	14,15	13,68	14,00	14,46	14,97	15,64	16,21	16,67	17,03	17,41	17,87	18,18	18,50	18,62	18,74	18,62	18,51	18,26	18,00	17,66	17,32	14,44
06/09/2021 10:30:00	14,34	13,79	13,92	14,26	14,77	15,35	15,84	16,27	16,75	17,28	17,75	18,11	18,47	18,65	18,82	18,75	18,69	18,49	18,29	18,00	17,71	13,90
06/09/2021 10:35:00	14,65	13,96	14,04	14,40	15,03	15,63	16,10	16,46	16,79	17,18	17,75	18,13	18,52	18,67	18,82	18,70	18,57	18,31	18,04	17,69	17,34	15,15
06/09/2021 10:40:00	14,95	14,33	14,32	14,58	15,13	15,54	15,92	16,36	16,73	17,12	17,55	17,86	18,17	18,30	18,43	18,32	18,22	17,99	17,75	17,44	17,12	14,78
06/09/2021 10:45:00	14,99	14,55	14,46	14,64	15,17	15,60	15,98	16,37	16,68	17,01	17,48	17,81	18,15	18,29	18,42	18,31	18,20	17,95	17,71	17,38	17,06	15,85
06/09/2021 10:50:00	15,33	14,71	14,64	14,83	15,32	15,80	16,23	16,62	16,94	17,29	17,76	18,10	18,44	18,57	18,71	18,60	18,49	18,25	18,00	17,67	17,34	15,18
06/09/2021 10:55:00	15,49	14,87	14,83	15,02	15,42	15,88	16,28	16,60	16,85	17,16	17,65	17,99	18,34	18,47	18,60	18,48	18,35	18,10	17,84	17,51	17,17	15,47
06/09/2021 11:00:00	15,82	15,25	15,13	15,23	15,60	15,97	16,28	16,53	16,78	17,09	17,64	18,03	18,42	18,58	18,74	18,62	18,50	18,26	18,02	17,71	17,39	16,27
06/09/2021 11:05:00	15,95	15,38	15,30	15,40	15,68	16,12	16,49	16,76	17,05	17,40	17,78	18,06	18,34	18,44	18,55	18,44	18,33	18,09	17,85	17,53	17,21	16,26
06/09/2021 11:10:00	16,30	15,67	15,57	15,65	15,84	16,06	16,36	16,81	17,09	17,38	17,77	18,08	18,39	18,53	18,66	18,57	18,49	18,27	18,06	17,77	17,49	16,46
06/09/2021 11:15:00	16,61	15,88	15,76	15,82	15,99	16,34	16,68	16,99	17,30	17,65	17,89	18,08	18,28	18,34	18,41	18,30	18,19	17,96	17,72	17,41	17,10	16,63
06/09/2021 11:20:00	16,86	16,28	16,06	16,02	16,22	16,38	16,51	16,69	17,00	17,44	17,81	18,11	18,41	18,54	18,67	18,58	18,50	18,29	18,09	17,83	17,56	17,34
06/09/2021 11:25:00	17,21	16,24	15,99	15,97	16,18	16,32	16,46	16,69	17,07	17,57	17,81	18,02	18,22	18,31	18,40	18,32	18,24	18,04	17,84	17,57	17,30	16,79
06/09/2021 11:30:00	17,22	16,56	16,35	16,29	16,35	16,47	16,63	16,87	17,11	17,42	17,74	18,00	18,26	18,36	18,46	18,36	18,26	18,04	17,82	17,54	17,27	16,96
06/09/2021 11:35:00	17,49	16,92	16,78	16,74	16,80	16,96	17,12	17,27	17,42	17,62	17,83	17,97	18,12	18,13	18,15	17,99	17,83	17,56	17,30	16,97	16,64	17,12
06/09/2021 11:40:00	17,84	17,24	16,91	16,77	16,90	16,95	17,04	17,32	17,48	17,63	17,86	18,04	18,21	18,25	18,29	18,14	18,00	17,74	17,48	17,15	16,83	17,94
06/09/2021 11:45:00	18,04	17,60	17,29	17,11	17,12	17,14	17,21	17,40	17,58	17,82	17,98	18,11	18,25	18,27	18,30	18,17	18,04	17,80	17,55	17,25	16,95	17,84
06/09/2021 11:50:00	18,18	17,73	17,48	17,30	17,19	17,24	17,28	17,23	17,33	17,58	17,85	18,05	18,25	18,30	18,35	18,20	18,05	17,80	17,55	17,26	16,96	17,95
06/09/2021 11:55:00	18,48	17,92	17,62	17,45	17,41	17,52	17,65	17,76	17,90	18,12	18,23	18,32	18,40	18,39	18,38	18,22	18,07	17,80	17,53	17,19	16,86	18,44
06/09/2021 12:00:00	18,73	18,00	17,51	17,20	17,19	17,25	17,34	17,46	17,59	17,77	18,11	18,38	18,65	18,75	18,85	18,72	18,59	18,35	18,11	17,80	17,50	18,45
06/09/2021 12:05:00	18,94	18,30	17,87	17,61	17,55	17,57	17,61	17,65	17,75	17,94	18,19	18,37	18,56	18,61	18,65	18,50	18,35	18,09	17,83	17,52	17,20	18,96
06/09/2021 12:10:00	19,24	18,64	18,28	18,03	17,93	17,88	17,87	17,92	18,03	18,25	18,36	18,44	18,52	18,50	18,49	18,33	18,18	17,92	17,65	17,34	17,02	19,07
06/09/2021 12:15:00	19,55	18,75	18,31	18,04	18,03	18,02	18,00	18,00	18,02	18,09	18,39	18,60	18,81	18,85	18,89	18,70	18,52	18,23	17,94	17,60	17,25	19,56
06/09/2021 12:20:00	19,57	19,06	18,62	18,29	18,16	18,18	18,23	18,31	18,43	18,64	18,69	18,73	18,77	18,74	18,71	18,56	18,40	18,14	17,87	17,53	17,20	18,83
06/09/2021 12:25:00	19,83	19,16	18,74	18,44	18,35	18,28	18,21	18,17	18,20	18,32	18,52	18,65	18,79	18,79	18,80	18,61	18,43	18,15	17,87	17,53	17,20	19,57
06/09/2021 12:30:00	20,17	19,58	19,05	18,65	18,56	18,50	18,48	18,53	18,56	18,63	18,82	18,97	19,12	19,14	19,15	18,98	18,81	18,52	18,24	17,90	17,56	19,40
06/09/2021 12:35:00	20,45	19,95	19,56	19,23	18,97	18,77	18,60	18,49	18,51	18,67	18,65	18,60	18,56	18,46	18,37	18,17	17,97	17,68	17,40	17,07	16,74	20,12
06/09/2021 12:40:00	20,52	20,01	19,57	19,17	18,84	18,65	18,50	18,29	18,21	18,28	18,44	18,56	18,67	18,66	18,64	18,45	18,25	17,96	17,68	17,36	17,04	20,77
06/09/2021 12:45:00	20,93	20,35	19,79	19,35	19,15	19,00	18,89	18,89	18,87	18,87	18,93	18,96	19,00	18,94	18,88	18,68	18,47	18,16	17,85	17,49	17,13	20,64
06/09/2021 12:50:00	21,00	20,60	20,21	19,85	19,55	19,32	19,09	18,84	18,69	18,67	18,69	18,67	18,65	18,54	18,43	18,17	17,92	17,59	17,26	16,89	16,53	20,71
06/09/2021 12:55:00	21,36	20,75	20,25	19,73	19,23	19,00	18,86	18,73	18,63	18,57	18,61	18,65	18,68	18,62	18,56	18,35	18,14	17,85	17,56	17,22	16,89	21,31
06/09/2021 13:00:00	21,29	20,87	20,32	19,81	19,47	19,17	18,93	18,85	18,80	18,83	18,95	19,05	19,15	19,14	19,12	18,94	18,76	18,48	18,21	17,89	17,58	21,06
06/09/2021 13:05:00	21,51	20,88	20,35	19,93	19,70	19,47	19,26	19,16	19,07	19,00	19,06	19,08	19,10	19,01	18,93	18,69	18,46	18,13	17,80	17,42	17,04	20,66
06/09/2021 13:10:00	21,80	21,16	20,63	20,15	19,78	19,51	19,28	19,08	18,94	18,87	18,85	18,81	18,76	18,64	18,52	18,28	18,03	17,70	17,37	17,00	16,63	22,74
06/09/2021 13:15:00	22,00	21,46	20,89	20,39	20,08	19,82	19,57	19,32	19,11	18,98	18,89	18,79	18,69	18,52	18,35	18,06	17,78	17,41	17,05	16,64	16,23	21,51
06/09/2021 13:20:00	22,18	21,70	21,11	20,52	20,01	19,65	19,36	19,10	18,88	18,72	18,75	18,78	18,81	18,73	18,65	18,40	18,15	17,83	17,51	17,16	16,81	22,16
06/09/2021 13:25:00	22,24	21,82	21,31	20,82	20,35	19,94	19,58	19,34	19,12	18,95	18,94	18,92	18,91	18,79	18,68	18,41	18,14	17,81	17,47	17,10	16,74	23,08
06/09/2021 13:30:00	22,40	21,92	21,30	20,68	20,14	19,76	19,50	19,42	19,33	19,23	19,23	19,24	19,26	19,19	19,12	18,92	18,72	18,42	18,13	17,80	17,46	22,78
06/09/2021 13:35:00	22,43	21,90	21,29	20,70	20,20	19,76	19,39	19,22	19,10	19,06	19,10	19,14	19,17	19,11	19,06	18,85	18,64	18,35	18,07	17,75	17,43	22,29
06/09/2021 13:40:00	22,81	22,18	21,54	20,92	20,38	19,88	19,44	19,22	19,08	19,02	19,07	19,11	19,15	19,09	19,04	18,82	18,61	18,33	18,04	17,73	17,42	21,86
06/09/2021 13:45:00	22,84	22,06	21,53	21,06	20,66	20,30	19,97	19,68	19,55	19,61	19,59	19,53	19,46	19,33	19,21	18,97	18,73	18,42	18,10	17,74	17,39	22,38
06/09/2021 13:50:00	22,88	22,27	21,68	21,10	20,51	20,08	19,73	19,42	19,24	19,21	19,31	19,39	19,47	19,44	19,40	19,18	18,97	18,68	18,39	18,07	17,76	22,52
06/09/2021 13:55:00	23,23	22,70	22,03	21,36	20,76	20,27	19,86	19,57	19,36	19,26	19,21	19,15	19,10	18,98	18,86	18,62	18,38	18,07	17,75	17,41	17,06	22,93
06/09/2021 14:00:00	23,21	22,85	22,22	21,53	20,78	20,26	19,89	19,56	19,30	19,12	19,12	19,13	19,14	19,06	18,97	18,74	18,50	18,19	17,89	17,56	17,23	23,13
06/09/2021 14:05:00	23,49	22,76	22,08	21,44	21,02	20,52	20,02	19,71	19,47	19,30	19,26	19,20	19,15	19,01	18,87	18,60	18,32	17,97	17,63	17,25	16,87	23,43
06/09/2021 14:10:00	23,47	22,99	22,30	21,62	21,08	20,61	20,18	19,79	19,54	19,47	19,47	19,43	19,40	19,29	19,17	18,92	18,67	18,35	18,02	17,67	17,32	22,53
06/09/2021 14:15:00	23,56	23,13	22,52	21,93	21,40	20,90	20,44	20,04	19,74	19,55	19,41	19,26	19,11	18,91	18,71	18,41	18,10	17,73	17,36	16,97	16,57	22,99
06/09/2021 14:20:00	23,84	23,31	22,78	22,23	21,63	21,13	20,71	20,39	20,08	19,79	19,55	19,32	19,10	18,85	18,60	18,27	17,94	17,55	17,16	16,73	16,31	23,52
06/09/2021 14:25:00	23,95	23,29	22,64	21,98	21,38	20,91	20,51	20,12	19,82	19,62	19,55	19,47	19,40	19,25	19,09	18,81	18,52	18,17	17,82	17,43	17,05	23,99
06/09/2021 14:30:00	23,98	23,52	22,88	22,21	21,56	21,03	20,59	20,22	19,92	19,71	19,56	19,41	19,27	19,08	18,89	18,60	18,31	17,95	17,59	17,21	16,82	23,71
06/09/2021 14:35:00	24,26	23,60	22,93	22,29	21,79	21,37	21,00	20,62	20,28	19,99	19,78	19,58	19,39	19,15	18,91	18,57	18,23	17,82	17,41	16,97	16,52	23,22
06/09/2021 14:40:00	24,38	23,68	23,01	22,37	21,78	21,29	20,87	20,50	20,18	19,93	19,72	19,51	19,30	19,06	18,82	18,50	18,18	17,79	17,40	16,98	16,56	23,69
06/09/2021 14:45:00	24,31	23,88	23,30	22,66	21,98	21,44	20,98	20,48	20,05	19,71	19,53	19,38	19,23	19,01	18,79	18,45	18,11	17,71	17,31	16,89	16,48	24,19
06/09/2021 14:50:00	24,48	23,89	23,26	22,60	21,92	21,29	20,71	20,32	19,97	19,68	19,57	19,48	19,39	19,23	19,06	18,75	18,45	18,09	17,73	17,36	16,98	24,13
06/09/2021 14:55:00	24,72	24,26	23,66	23,00	22,29	21,68	21,13	20,63	20,23	19,97	19,72	19,46	19,21	18,94	18,67	18,33	17,99	17,60	17,21	16,80	16,39	24,80
06/09/2021 15:00:00	24,61	24,10	23,51	22,90	22,31	21,69	21,09	20,63	20,24	19,96	19,71	19,47	19,24	18,97	18,70	18,35	18,00	17,60	17,20	16,78	16,36	24,16
06/09/2021 15:05:00	24,65	24,09	23,47	22,87	22,28	21,74	21,25	20,82	20,47	20,23	20,02	19,79	19,56	19,31	19,05	18,72	18,39	17,99	17,59	17,17	16,75	24,48
06/09/2021 15:10:00	24,80	24,40	23,82	23,23	22,61	22,09	21,64	21,15	20,74	20,43	20,20	19,99	19,78	19,52	19,26	18,90	18,55	18,13	17,71	17,27	16,82	24,64
06/09/2021 15:15:00	24,86	24,31	23,76	23,19	22,52	21,92	21,37	20,98	20,61	20,26	19,97	19,71	19,44	19,15	18,87	18,51	18,16	17,74	17,33	16,90	16,46	24,24
06/09/2021 15:20:00	25,03	24,45	23,80	23,14	22,51	21,98	21,53	21,11	20,74	20,44	20,20	19,98	19,76	19,50	19,25	18,91	18,57	18,16	17,75	17,31	16,88	24,54
06/09/2021 15:25:00	24,98	24,54	23,84	23,14	22,62	22,11	21,63	21,24	20,91	20,67	20,44	20,20	19,97	19,71	19,45	19,12	18,79	18,39	17,98	17,54	17,11	25,19
06/09/2021 15:30:00	25,10	24,58	24,11	23,62	23,01	22,39	21,79	21,35	20,94	20,58	20,27	19,97	19,67	19,36	19,04	18,66	18,27	17,84	17,41	16,96	16,50	26,01
06/09/2021 15:35:00	25,18	24,64	24,12	23,60	22,99	22,41	21,87	21,51	21,18	20,87	20,55	20,24	19,92	19,61	19,30	18,94	18,58	18,16	17,74	17,29	16,83	24,79
06/09/2021 15:40:00	25,33	24,81	24,22	23,61	23,01	22,43	21,87	21,34	20,87	20,48	20,15	19,84	19,53	19,20	18,87	18,47	18,07	17,62	17,17	16,70	16,22	25,38
06/09/2021 15:45:00	25,30	24,92	24,38	23,80	23,27	22,72	22,16	21,64	21,17	20,77	20,40	20,05	19,70	19,34	18,98	18,56	18,15	17,68	17,21	16,71	16,22	25,14
06/09/2021 15:50:00	25,31	24,93	24,34	23,71	23,06	22,46	21,93	21,49	21,07	20,67	20,39	20,14	19,90	19,62	19,34	18,97	18,60	18,17	17,74	17,29	16,83	25,86
06/09/2021 15:55:00	25,47	24,91	24,28	23,66	23,07	22,56	22,10	21,70	21,32	20,96	20,65	20,36	20,07	19,76	19,46	19,09	18,72	18,27	17,83	17,36	16,88	25,21
06/09/2021 16:00:00	25,63	25,16	24,62	24,05	23,40	22,82	22,30	21,82	21,36	20,89	20,51	20,18	19,85	19,50	19,16	18,74	18,33	17,86	17,39	16,90	16,41	26,43
06/09/2021 16:05:00	25,57	25,15	24,55	23,93	23,30	22,74	22,22	21,76	21,32	20,90	20,56	20,26	19,95	19,63	19,31	18,91	18,52	18,06	17,61	17,13	16,64	25,18
06/09/2021 16:10:00	25,54	25,07	24,53	23,98	23,43	22,93	22,46	21,97	21,51	21,12	20,74	20,36	19,99	19,62	19,25	18,84	18,42	17,95	17,47	16,96	16,45	25,40
06/09/2021 16:15:00	25,62	25,22	24,60	23,95	23,33	22,79	22,32	21,80	21,35	21,00	20,70	20,42	20,13	19,83	19,52	19,14	18,76	18,31	17,87	17,39	16,92	25,19
06/09/2021 16:20:00	25,73	25,11	24,54	23,99	23,39	22,85	22,36	21,89	21,45	21,05	20,73	20,43	20,14	19,81	19,49	19,09	18,70	18,24	17,78	17,29	16,80	25,39
06/09/2021 16:25:00	25,79	25,36	24,82	24,26	23,70	23,11	22,52	22,06	21,61	21,15	20,81	20,52	20,23	19,90	19,57	19,16	18,75	18,28	17,82	17,32	16,83	25,19
06/09/2021 16:30:00	25,85	25,48	24,95	24,34	23,72	23,11	22,53	22,01	21,54	21,12	20,74	20,39	20,04	19,69	19,33	18,92	18,51	18,05	17,59	17,10	16,61	26,55
06/09/2021 16:35:00	25,90	25,42	24,91	24,37	23,74	23,18	22,66	22,17	21,72	21,32	20,87	20,42	19,97	19,56	19,14	18,72	18,30	17,82	17,33	16,82	16,31	26,42
06/09/2021 16:40:00	26,00	25,57	24,87	24,14	23,49	22,82	22,18	21,64	21,17	20,78	20,43	20,10	19,77	19,44	19,11	18,71	18,32	17,88	17,43	16,97	16,50	25,45
06/09/2021 16:45:00	25,86	25,47	24,90	24,26	23,58	22,98	22,42	21,91	21,43	20,99	20,58	20,19	19,80	19,43	19,05	18,64	18,23	17,76	17,29	16,80	16,31	25,17
06/09/2021 16:50:00	25,88	25,35	24,81	24,24	23,58	23,01	22,50	21,97	21,48	21,02	20,59	20,20	19,80	19,41	19,02	18,60	18,17	17,69	17,21	16,70	16,19	25,10
06/09/2021 16:55:00	25,90	25,59	25,03	24,39	23,72	23,07	22,46	21,96	21,47	20,97	20,53	20,15	19,76	19,38	18,99	18,57	18,15	17,67	17,20	16,70	16,20	25,38
06/09/2021 17:00:00	25,92	25,49	24,87	24,21	23,56	22,90	22,26	21,73	21,29	20,96	20,64	20,32	20,00	19,67	19,35	18,97	18,59	18,16	17,72	17,27	16,82	25,24
06/09/2021 17:05:00	25,89	25,40	24,87	24,31	23,59	22,98	22,43	21,92	21,44	21,00	20,62	20,28	19,94	19,60	19,25	18,84	18,43	17,97	17,51	17,03	16,54	25,03
06/09/2021 17:10:00	25,85	25,44	24,82	24,20	23,55	22,92	22,33	21,83	21,37	20,96	20,63	20,33	20,03	19,71	19,38	18,99	18,59	18,14	17,69	17,22	16,75	25,15
06/09/2021 17:15:00	25,93	25,45	24,83	24,17	23,49	22,89	22,35	21,76	21,24	20,82	20,54	20,30	20,05	19,76	19,47	19,07	18,68	18,23	17,78	17,32	16,85	25,27
06/09/2021 17:20:00	25,79	25,34	24,80	24,24	23,63	23,08	22,57	22,02	21,51	21,05	20,68	20,36	20,03	19,68	19,32	18,90	18,47	17,99	17,51	17,00	16,49	25,20
06/09/2021 17:25:00	25,92	25,51	24,94	24,33	23,68	23,10	22,56	21,95	21,44	21,11	20,81	20,50	20,20	19,87	19,55	19,15	18,75	18,30	17,85	17,38	16,91	25,19
06/09/2021 17:30:00	25,95	25,34	24,79	24,23	23,68	23,15	22,64	22,24	21,85	21,46	21,09	20,75	20,40	20,06	19,71	19,31	18,92	18,45	17,99	17,49	16,99	25,18
06/09/2021 17:35:00	25,85	25,23	24,66	24,11	23,55	23,07	22,66	22,27	21,89	21,49	21,12	20,78	20,44	20,10	19,75	19,36	18,96	18,49	18,02	17,51	17,00	24,71
06/09/2021 17:40:00	25,70	25,27	24,73	24,17	23,59	23,05	22,54	22,08	21,68	21,38	21,04	20,67	20,31	19,96	19,61	19,23	18,84	18,39	17,95	17,47	16,99	25,23
06/09/2021 17:45:00	25,66	25,29	24,71	24,09	23,48	22,97	22,52	22,03	21,60	21,24	20,94	20,67	20,39	20,09	19,79	19,41	19,02	18,58	18,13	17,65	17,17	25,19
06/09/2021 17:50:00	25,72	25,28	24,64	23,99	23,45	22,92	22,40	21,94	21,53	21,20	20,90	20,61	20,32	20,01	19,70	19,32	18,95	18,50	18,05	17,58	17,10	24,68
06/09/2021 17:55:00	25,65	25,27	24,68	24,07	23,44	22,87	22,36	21,96	21,59	21,22	20,89	20,59	20,29	19,97	19,66	19,29	18,92	18,48	18,04	17,57	17,10	24,79
06/09/2021 18:00:00	25,69	25,10	24,52	23,96	23,41	22,89	22,40	21,99	21,62	21,32	20,98	20,64	20,30	19,96	19,63	19,25	18,87	18,42	17,97	17,49	17,01	24,82
06/09/2021 18:05:00	25,64	25,16	24,58	23,98	23,45	22,91	22,37	21,94	21,52	21,13	20,82	20,54	20,25	19,94	19,63	19,24	18,85	18,40	17,94	17,46	16,98	24,78
06/09/2021 18:10:00	25,58	25,13	24,61	24,05	23,42	22,85	22,32	21,83	21,40	21,02	20,70	20,39	20,08	19,75	19,43	19,04	18,65	18,20	17,75	17,28	16,81	25,04
06/09/2021 18:15:00	25,49	25,02	24,44	23,87	23,36	22,84	22,32	21,85	21,46	21,21	20,92	20,61	20,30	19,98	19,66	19,29	18,92	18,48	18,05	17,58	17,11	24,54
06/09/2021 18:20:00	25,45	25,05	24,50	23,95	23,44	22,89	22,33	21,91	21,52	21,18	20,87	20,55	20,24	19,91	19,58	19,20	18,81	18,36	17,91	17,44	16,96	24,66
06/09/2021 18:25:00	25,41	24,97	24,46	23,98	23,52	23,10	22,71	22,23	21,79	21,39	21,03	20,68	20,33	19,96	19,59	19,17	18,75	18,25	17,76	17,23	16,70	24,78
06/09/2021 18:30:00	25,44	24,98	24,50	24,02	23,53	23,07	22,61	22,14	21,71	21,36	20,98	20,58	20,18	19,80	19,41	18,99	18,58	18,10	17,61	17,10	16,58	24,74
06/09/2021 18:35:00	25,31	25,02	24,53	24,02	23,48	22,93	22,39	21,98	21,59	21,24	20,88	20,54	20,19	19,84	19,50	19,10	18,71	18,25	17,80	17,31	16,83	24,56
06/09/2021 18:40:00	25,30	24,85	24,39	23,93	23,49	23,06	22,63	22,24	21,84	21,40	20,97	20,55	20,13	19,73	19,32	18,89	18,46	17,96	17,46	16,92	16,37	24,73
06/09/2021 18:45:00	25,18	24,84	24,40	23,97	23,44	22,92	22,41	21,97	21,54	21,12	20,72	20,35	19,97	19,59	19,21	18,79	18,36	17,88	17,40	16,89	16,38	24,28
06/09/2021 18:50:00	24,92	24,60	24,15	23,70	23,32	22,88	22,39	21,98	21,58	21,17	20,84	20,52	20,21	19,86	19,52	19,10	18,69	18,21	17,72	17,21	16,70	23,91
06/09/2021 18:55:00	24,84	24,45	23,99	23,54	23,12	22,70	22,29	21,85	21,46	21,13	20,77	20,40	20,03	19,66	19,29	18,89	18,48	18,01	17,53	17,02	16,51	23,70
06/09/2021 19:00:00	24,64	24,34	23,86	23,37	22,91	22,51	22,13	21,69	21,27	20,87	20,56	20,28	20,00	19,68	19,36	18,95	18,55	18,08	17,61	17,10	16,60	23,46
06/09/2021 19:05:00	24,40	24,14	23,66	23,19	22,81	22,41	22,00	21,59	21,21	20,88	20,59	20,29	20,00	19,68	19,37	18,97	18,58	18,12	17,66	17,16	16,66	23,28
06/09/2021 19:10:00	24,28	24,10	23,75	23,36	22,87	22,47	22,11	21,69	21,28	20,89	20,57	20,26	19,95	19,62	19,29	18,88	18,48	18,01	17,54	17,04	16,53	23,06
06/09/2021 19:15:00	24,16	23,94	23,53	23,12	22,74	22,38	22,02	21,65	21,29	20,93	20,58	20,24	19,90	19,55	19,20	18,80	18,39	17,92	17,44	16,93	16,41	22,86
06/09/2021 19:20:00	24,10	23,80	23,40	23,01	22,63	22,28	21,95	21,57	21,20	20,86	20,57	20,30	20,02	19,71	19,40	19,00	18,61	18,15	17,68	17,18	16,68	22,68
06/09/2021 19:25:00	23,93	23,52	23,15	22,82	22,45	22,17	21,92	21,65	21,33	20,97	20,66	20,37	20,08	19,77	19,45	19,06	18,67	18,20	17,73	17,22	16,70	22,47
06/09/2021 19:30:00	23,65	23,48	23,30	23,10	22,77	22,42	22,05	21,68	21,31	20,94	20,59	20,25	19,91	19,54	19,18	18,76	18,33	17,85	17,37	16,85	16,33	22,23
06/09/2021 19:35:00	23,48	23,31	23,15	23,00	22,81	22,51	22,16	21,84	21,52	21,18	20,76	20,31	19,87	19,45	19,03	18,59	18,15	17,64	17,13	16,59	16,04	22,01
06/09/2021 19:40:00	23,29	23,22	23,05	22,86	22,61	22,30	21,94	21,60	21,25	20,89	20,56	20,22	19,88	19,52	19,16	18,74	18,32	17,83	17,35	16,82	16,30	21,76
06/09/2021 19:45:00	23,21	23,16	23,08	22,98	22,70	22,41	22,09	21,71	21,33	20,97	20,63	20,28	19,92	19,55	19,18	18,74	18,30	17,81	17,31	16,78	16,25	21,52
06/09/2021 19:50:00	23,15	23,11	23,05	22,96	22,69	22,39	22,06	21,75	21,40	21,00	20,64	20,27	19,91	19,53	19,15	18,71	18,27	17,77	17,28	16,74	16,21	21,31
06/09/2021 19:55:00	22,94	23,05	22,94	22,80	22,60	22,29	21,92	21,62	21,28	20,90	20,49	20,08	19,67	19,26	18,86	18,42	17,97	17,47	16,97	16,43	15,88	21,18
06/09/2021 20:00:00	22,40	22,52	22,51	22,46	22,17	21,85	21,50	21,20	20,89	20,57	20,23	19,89	19,54	19,18	18,82	18,40	17,99	17,52	17,05	16,55	16,05	21,02
06/09/2021 20:05:00	22,26	22,41	22,33	22,20	22,01	21,76	21,45	21,11	20,73	20,31	19,97	19,61	19,26	18,88	18,51	18,06	17,62	17,12	16,62	16,08	15,54	20,88
06/09/2021 20:10:00	22,19	22,25	22,15	22,06	21,99	21,75	21,43	21,18	20,86	20,47	20,09	19,70	19,32	18,92	18,52	18,08	17,64	17,14	16,63	16,08	15,53	20,70
06/09/2021 20:15:00	22,04	22,27	22,44	22,51	22,28	21,95	21,56	21,23	20,84	20,36	19,90	19,45	18,99	18,54	18,08	17,60	17,12	16,60	16,08	15,53	14,97	20,71
06/09/2021 20:20:00	21,99	22,18	22,19	22,14	21,97	21,75	21,47	21,09	20,72	20,35	19,97	19,58	19,19	18,79	18,38	17,93	17,48	16,98	16,47	15,92	15,38	20,51
06/09/2021 20:25:00	21,62	21,96	22,11	22,16	21,90	21,65	21,35	20,98	20,57	20,15	19,66	19,17	18,69	18,22	17,75	17,28	16,80	16,28	15,76	15,21	14,65	20,37
06/09/2021 20:30:00	21,37	21,48	21,50	21,45	21,26	20,98	20,66	20,35	20,03	19,69	19,29	18,88	18,48	18,08	17,68	17,25	16,82	16,35	15,87	15,36	14,84	20,32
06/09/2021 20:35:00	21,19	21,53	21,67	21,67	21,35	21,06	20,76	20,44	20,06	19,63	19,20	18,77	18,35	17,93	17,51	17,06	16,61	16,12	15,63	15,12	14,60	20,15
06/09/2021 20:40:00	21,16	21,38	21,48	21,53	21,38	21,16	20,87	20,54	20,19	19,80	19,38	18,94	18,50	18,07	17,64	17,18	16,73	16,22	15,71	15,17	14,63	20,06
06/09/2021 20:45:00	20,77	20,96	21,07	21,09	20,87	20,71	20,53	20,27	19,94	19,53	19,12	18,71	18,30	17,90	17,49	17,05	16,61	16,12	15,63	15,09	14,56	19,92
06/09/2021 20:50:00	20,39	20,64	20,69	20,69	20,64	20,41	20,11	19,79	19,46	19,11	18,69	18,26	17,83	17,41	16,99	16,54	16,10	15,61	15,11	14,58	14,06	19,77
06/09/2021 20:55:00	20,07	20,44	20,62	20,75	20,71	20,56	20,33	20,05	19,72	19,34	18,97	18,57	18,17	17,77	17,36	16,90	16,45	15,94	15,44	14,90	14,35	19,59
06/09/2021 21:00:00	19,87	20,17	20,31	20,31	20,04	19,81	19,56	19,28	18,98	18,66	18,23	17,80	17,37	16,96	16,56	16,15	15,74	15,28	14,83	14,34	13,86	19,51
06/09/2021 21:05:00	19,70	20,09	20,26	20,32	20,23	20,08	19,89	19,66	19,30	18,83	18,46	18,08	17,69	17,29	16,89	16,44	15,99	15,49	14,98	14,45	13,91	19,24
06/09/2021 21:10:00	19,37	20,01	20,26	20,37	20,25	19,95	19,58	19,21	18,86	18,51	17,93	17,36	16,80	16,29	15,78	15,31	14,84	14,34	13,84	13,32	12,80	19,16
06/09/2021 21:15:00	19,03	19,61	19,83	19,94	19,80	19,66	19,47	19,18	18,83	18,43	17,96	17,49	17,02	16,57	16,12	15,67	15,22	14,72	14,22	13,70	13,17	19,11
06/09/2021 21:20:00	18,99	19,46	19,71	19,89	19,84	19,72	19,53	19,24	18,93	18,60	18,12	17,64	17,16	16,71	16,26	15,80	15,35	14,86	14,36	13,83	13,30	19,06
06/09/2021 21:25:00	18,89	19,44	19,61	19,74	19,81	19,61	19,32	19,00	18,69	18,38	17,88	17,38	16,88	16,41	15,94	15,49	15,03	14,53	14,03	13,49	12,96	19,04
06/09/2021 21:30:00	18,92	19,38	19,67	19,85	19,77	19,63	19,43	19,19	18,84	18,41	17,94	17,45	16,97	16,51	16,05	15,58	15,12	14,61	14,10	13,56	13,02	18,81
06/09/2021 21:35:00	18,84	19,37	19,71	19,94	19,85	19,64	19,38	19,09	18,77	18,41	17,91	17,41	16,91	16,44	15,98	15,51	15,05	14,56	14,06	13,54	13,02	18,62
06/09/2021 21:40:00	18,59	19,35	19,73	19,95	19,86	19,65	19,37	19,04	18,67	18,26	17,78	17,30	16,81	16,35	15,88	15,40	14,93	14,43	13,92	13,40	12,87	18,51
06/09/2021 21:45:00	18,25	19,28	19,75	20,02	19,99	19,86	19,63	19,29	18,93	18,56	18,02	17,49	16,96	16,47	15,97	15,49	15,00	14,49	13,98	13,43	12,89	18,36
06/09/2021 21:50:00	18,07	18,87	19,47	19,96	20,18	20,20	20,08	19,83	19,51	19,11	18,66	18,17	17,67	17,18	16,69	16,18	15,67	15,11	14,56	13,97	13,38	18,22
06/09/2021 21:55:00	17,95	18,54	19,31	20,02	20,38	20,58	20,57	20,36	20,16	19,94	19,40	18,84	18,27	17,75	17,22	16,71	16,21	15,64	15,08	14,47	13,85	18,12
06/09/2021 22:00:00	17,61	17,53	17,77	18,10	18,43	18,54	18,53	18,47	18,40	18,30	18,17	17,96	17,75	17,48	17,20	16,84	16,48	16,04	15,61	15,11	14,62	17,96
06/09/2021 22:05:00	17,27	17,16	17,30	17,52	17,72	17,88	17,95	17,92	17,84	17,74	17,54	17,31	17,07	16,79	16,52	16,18	15,84	15,42	15,00	14,52	14,04	17,79
06/09/2021 22:10:00	17,46	17,29	17,18	17,19	17,37	17,53	17,62	17,64	17,53	17,38	17,33	17,21	17,10	16,90	16,70	16,40	16,09	15,69	15,29	14,83	14,37	18,07
06/09/2021 22:15:00	17,92	17,89	17,86	17,89	18,06	18,08	18,00	17,85	17,73	17,62	17,39	17,14	16,89	16,60	16,32	15,97	15,62	15,20	14,79	14,32	13,86	18,20
06/09/2021 22:20:00	17,81	17,76	17,65	17,61	17,69	17,62	17,50	17,39	17,31	17,26	17,20	17,10	16,99	16,81	16,63	16,34	16,05	15,69	15,33	14,93	14,52	18,09
06/09/2021 22:25:00	18,25	18,15	17,99	17,87	17,82	17,84	17,83	17,76	17,64	17,52	17,40	17,25	17,11	16,91	16,71	16,42	16,12	15,75	15,37	14,95	14,53	18,13
06/09/2021 22:30:00	18,36	18,38	18,20	18,06	17,99	17,90	17,79	17,67	17,52	17,37	17,18	16,98	16,78	16,54	16,30	15,99	15,67	15,29	14,91	14,48	14,05	17,88
06/09/2021 22:35:00	18,47	18,21	18,08	18,05	18,12	18,09	18,00	17,91	17,76	17,58	17,46	17,30	17,13	16,90	16,67	16,34	16,01	15,60	15,20	14,74	14,29	18,07
06/09/2021 22:40:00	18,55	18,46	18,35	18,31	18,34	18,31	18,23	18,11	17,91	17,69	17,56	17,39	17,22	16,98	16,74	16,40	16,05	15,64	15,23	14,76	14,30	17,88
06/09/2021 22:45:00	18,54	18,40	18,44	18,58	18,79	18,91	18,93	18,79	18,62	18,41	18,13	17,81	17,50	17,15	16,81	16,42	16,03	15,56	15,08	14,55	14,03	17,49
06/09/2021 22:50:00	18,53	18,40	18,47	18,58	18,64	18,55	18,39	18,26	18,08	17,86	17,63	17,36	17,08	16,78	16,47	16,10	15,72	15,29	14,86	14,39	13,92	17,39
06/09/2021 22:55:00	18,49	18,55	18,63	18,71	18,67	18,60	18,47	18,26	18,03	17,79	17,57	17,31	17,05	16,75	16,44	16,07	15,69	15,25	14,82	14,35	13,88	17,34
06/09/2021 23:00:00	18,12	18,17	18,15	18,11	18,05	17,95	17,81	17,62	17,39	17,15	16,93	16,69	16,45	16,16	15,88	15,52	15,16	14,75	14,34	13,89	13,44	17,21
06/09/2021 23:05:00	18,04	18,19	18,05	17,92	17,83	17,67	17,49	17,33	17,13	16,92	16,77	16,60	16,42	16,19	15,96	15,63	15,31	14,93	14,54	14,13	13,71	17,05
06/09/2021 23:10:00	17,81	17,76	17,54	17,34	17,21	17,06	16,91	16,78	16,62	16,47	16,33	16,17	16,01	15,81	15,60	15,31	15,01	14,66	14,30	13,91	13,52	16,91
06/09/2021 23:15:00	17,41	17,37	17,19	17,05	17,00	16,81	16,60	16,44	16,27	16,10	15,82	15,55	15,27	14,99	14,70	14,38	14,06	13,68	13,30	12,89	12,48	16,80
06/09/2021 23:20:00	17,08	17,08	16,86	16,72	16,76	16,61	16,44	16,36	16,22	16,07	15,86	15,65	15,44	15,19	14,95	14,64	14,33	13,97	13,60	13,19	12,79	16,79
06/09/2021 23:25:00	16,79	16,78	16,72	16,70	16,69	16,53	16,36	16,25	16,03	15,78	15,51	15,23	14,95	14,64	14,34	13,99	13,64	13,24	12,84	12,41	11,98	16,87
06/09/2021 23:30:00	16,85	16,93	16,97	16,96	16,81	16,67	16,50	16,31	16,03	15,71	15,44	15,14	14,84	14,52	14,20	13,83	13,46	13,05	12,65	12,21	11,78	16,55
06/09/2021 23:35:00	16,81	17,15	17,06	16,92	16,79	16,56	16,32	16,10	15,84	15,56	15,26	14,96	14,66	14,35	14,04	13,69	13,34	12,95	12,56	12,14	11,73	16,25
06/09/2021 23:40:00	16,63	16,82	16,70	16,56	16,38	16,26	16,11	15,89	15,61	15,33	15,15	14,93	14,72	14,45	14,19	13,85	13,51	13,13	12,75	12,33	11,92	16,12
06/09/2021 23:45:00	16,28	16,63	16,67	16,64	16,51	16,39	16,23	16,00	15,72	15,44	15,16	14,87	14,58	14,27	13,96	13,59	13,23	12,83	12,43	12,00	11,57	16,20
06/09/2021 23:50:00	16,47	16,88	16,89	16,87	16,79	16,57	16,31	16,04	15,77	15,49	15,13	14,77	14,41	14,05	13,69	13,31	12,93	12,52	12,11	11,67	11,24	16,22
06/09/2021 23:55:00	16,04	16,36	16,36	16,30	16,16	16,01	15,79	15,50	15,24	15,00	14,77	14,51	14,26	13,96	13,67	13,32	12,97	12,59	12,21	11,80	11,40	16,14
