FileFormat:0002.2 file with temperature of atmosphere
SN105HE102 RTK
local	GMT or Local
0	GMT-Local=[hours]
20	Height[m]
0	0	0	Longitude                [grd]               [min]               [sec]
0	0	0	Latitude                [grd]               [min]               [sec]
N	NS
56,45	Freq[GHz]
0,00	dTemostat[K]
0,150	MessErr[K]
0,248	//[grad/step]
version 14.4.20120406
MTP5HE102F5645K-38.60I70D222917+A1.1
Commentary:
SN105HE102
парабола ДНА = 2,5 град
НЕ102 - ПУ - ХВБ с ЦСД " S "
АЦП - 202 - 09 с контр.U пит.и М
оптопара серии - 2
Т out № 178 пл
БП LPS - 112
End Of Commentary

SYSTEM\alaska.dat
data time	0	50	100	150	200	250	300	350	400	450	500	550	600	650	700	750	800	850	900	950	1000	OutsideTemperature
24/01/2022 00:00:00	-16,25	-16,43	-16,81	-17,14	-17,20	-16,99	-16,68	-16,35	-16,13	-16,01	-15,92	-15,74	-15,56	-15,33	-15,10	-14,91	-14,72	-14,60	-14,48	-14,47	-14,46	-16,17
24/01/2022 00:05:00	-16,12	-16,49	-16,92	-17,23	-17,26	-17,05	-16,74	-16,41	-16,14	-15,94	-15,77	-15,53	-15,29	-15,02	-14,75	-14,55	-14,35	-14,23	-14,10	-14,09	-14,07	-16,20
24/01/2022 00:10:00	-16,26	-16,26	-16,67	-17,22	-17,45	-17,32	-17,08	-16,73	-16,43	-16,18	-15,93	-15,58	-15,23	-14,87	-14,50	-14,24	-13,98	-13,82	-13,65	-13,62	-13,59	-16,17
24/01/2022 00:15:00	-16,18	-16,28	-16,67	-17,01	-17,12	-17,02	-16,81	-16,52	-16,24	-15,97	-15,71	-15,38	-15,06	-14,73	-14,39	-14,17	-13,95	-13,80	-13,66	-13,63	-13,61	-16,25
24/01/2022 00:20:00	-16,18	-16,63	-16,94	-16,99	-16,79	-16,38	-15,91	-15,63	-15,42	-15,29	-15,21	-15,13	-15,04	-14,92	-14,79	-14,70	-14,60	-14,56	-14,52	-14,54	-14,56	-16,24
24/01/2022 00:25:00	-16,37	-16,33	-16,68	-16,95	-16,99	-16,83	-16,57	-16,31	-15,99	-15,68	-15,38	-15,06	-14,73	-14,42	-14,10	-13,91	-13,72	-13,60	-13,48	-13,47	-13,46	-16,38
24/01/2022 00:30:00	-16,40	-16,62	-16,99	-17,14	-17,18	-17,09	-16,88	-16,66	-16,47	-16,30	-16,15	-15,94	-15,73	-15,47	-15,22	-15,03	-14,85	-14,73	-14,61	-14,60	-14,58	-16,53
24/01/2022 00:35:00	-16,41	-16,69	-17,14	-17,41	-17,43	-17,19	-16,82	-16,42	-16,12	-15,93	-15,78	-15,57	-15,35	-15,11	-14,86	-14,68	-14,50	-14,39	-14,27	-14,27	-14,26	-16,42
24/01/2022 00:40:00	-16,32	-16,65	-17,01	-17,34	-17,41	-17,22	-16,93	-16,67	-16,41	-16,15	-15,91	-15,61	-15,30	-14,98	-14,66	-14,45	-14,23	-14,09	-13,95	-13,92	-13,90	-16,12
24/01/2022 00:45:00	-16,01	-16,42	-16,75	-16,99	-16,99	-16,76	-16,43	-16,07	-15,83	-15,69	-15,56	-15,35	-15,14	-14,88	-14,62	-14,42	-14,22	-14,08	-13,95	-13,93	-13,91	-16,03
24/01/2022 00:50:00	-16,14	-16,59	-16,91	-16,96	-16,82	-16,53	-16,18	-15,85	-15,59	-15,39	-15,22	-15,03	-14,84	-14,63	-14,41	-14,26	-14,11	-14,02	-13,93	-13,93	-13,93	-16,10
24/01/2022 00:55:00	-16,46	-16,73	-16,79	-16,76	-16,64	-16,49	-16,37	-16,23	-16,05	-15,84	-15,62	-15,35	-15,07	-14,77	-14,47	-14,28	-14,08	-13,94	-13,80	-13,77	-13,74	-16,47
24/01/2022 01:00:00	-16,55	-16,62	-16,93	-17,08	-17,02	-16,70	-16,21	-15,77	-15,49	-15,36	-15,26	-15,10	-14,94	-14,74	-14,54	-14,38	-14,21	-14,12	-14,03	-14,03	-14,04	-16,47
24/01/2022 01:05:00	-16,46	-16,53	-16,89	-17,11	-17,12	-16,94	-16,62	-16,10	-15,69	-15,39	-15,08	-14,70	-14,31	-13,93	-13,55	-13,30	-13,04	-12,87	-12,70	-12,66	-12,63	-16,26
24/01/2022 01:10:00	-16,33	-16,37	-16,51	-16,63	-16,49	-16,15	-15,85	-15,54	-15,24	-14,97	-14,73	-14,46	-14,18	-13,92	-13,65	-13,49	-13,32	-13,22	-13,13	-13,13	-13,13	-16,32
24/01/2022 01:15:00	-16,28	-16,44	-16,54	-16,56	-16,55	-16,49	-16,30	-16,09	-15,92	-15,78	-15,62	-15,36	-15,11	-14,80	-14,49	-14,26	-14,04	-13,88	-13,72	-13,68	-13,65	-16,35
24/01/2022 01:20:00	-16,38	-16,30	-16,65	-17,00	-17,19	-17,09	-16,74	-16,41	-16,10	-15,84	-15,58	-15,21	-14,85	-14,48	-14,11	-13,85	-13,59	-13,42	-13,25	-13,22	-13,19	-16,37
24/01/2022 01:25:00	-16,51	-16,25	-16,48	-16,66	-16,58	-16,20	-15,72	-15,31	-15,02	-14,84	-14,71	-14,54	-14,38	-14,20	-14,02	-13,89	-13,76	-13,70	-13,64	-13,67	-13,69	-16,19
24/01/2022 01:30:00	-16,65	-16,66	-16,70	-16,65	-16,46	-16,10	-15,67	-15,25	-15,01	-14,89	-14,81	-14,65	-14,50	-14,29	-14,09	-13,93	-13,77	-13,67	-13,57	-13,58	-13,58	-16,52
24/01/2022 01:35:00	-16,78	-16,41	-16,63	-16,77	-16,73	-16,45	-16,01	-15,60	-15,27	-15,03	-14,82	-14,57	-14,32	-14,07	-13,81	-13,64	-13,48	-13,38	-13,29	-13,30	-13,30	-16,99
24/01/2022 01:40:00	-16,89	-16,81	-16,84	-16,88	-16,76	-16,51	-16,26	-16,02	-15,78	-15,57	-15,37	-15,12	-14,87	-14,59	-14,32	-14,14	-13,96	-13,85	-13,73	-13,72	-13,71	-17,05
24/01/2022 01:45:00	-17,20	-16,81	-16,86	-16,95	-17,00	-16,87	-16,50	-16,18	-15,92	-15,73	-15,52	-15,22	-14,93	-14,60	-14,27	-14,04	-13,80	-13,65	-13,49	-13,47	-13,44	-17,07
24/01/2022 01:50:00	-17,91	-17,11	-16,90	-16,85	-16,70	-16,44	-16,17	-15,77	-15,52	-15,36	-15,21	-14,97	-14,73	-14,45	-14,18	-13,99	-13,79	-13,67	-13,54	-13,53	-13,52	-17,34
24/01/2022 01:55:00	-18,12	-17,27	-16,91	-16,69	-16,44	-16,19	-16,04	-15,74	-15,56	-15,43	-15,31	-15,11	-14,91	-14,67	-14,44	-14,27	-14,10	-13,99	-13,87	-13,87	-13,86	-17,87
24/01/2022 02:00:00	-17,65	-17,05	-16,96	-16,91	-16,85	-16,70	-16,39	-16,06	-15,85	-15,71	-15,57	-15,34	-15,10	-14,82	-14,53	-14,33	-14,12	-13,98	-13,84	-13,82	-13,80	-17,83
24/01/2022 02:05:00	-17,62	-17,27	-16,93	-16,68	-16,42	-16,14	-15,89	-15,64	-15,42	-15,23	-15,02	-14,75	-14,48	-14,18	-13,88	-13,69	-13,49	-13,35	-13,22	-13,19	-13,17	-17,44
24/01/2022 02:10:00	-17,45	-16,89	-16,72	-16,56	-16,33	-16,05	-15,79	-15,43	-15,16	-14,97	-14,78	-14,53	-14,28	-14,02	-13,75	-13,58	-13,40	-13,29	-13,18	-13,17	-13,17	-17,45
24/01/2022 02:15:00	-17,41	-16,84	-16,57	-16,40	-16,17	-15,90	-15,62	-15,37	-15,17	-15,02	-14,87	-14,66	-14,45	-14,21	-13,97	-13,80	-13,64	-13,53	-13,43	-13,42	-13,42	-17,50
24/01/2022 02:20:00	-17,63	-17,18	-16,94	-16,86	-16,66	-16,34	-15,98	-15,65	-15,35	-15,07	-14,78	-14,42	-14,07	-13,73	-13,39	-13,17	-12,95	-12,80	-12,66	-12,64	-12,62	-17,65
24/01/2022 02:25:00	-17,52	-17,07	-16,86	-16,60	-16,22	-15,69	-15,10	-14,64	-14,44	-14,43	-14,48	-14,48	-14,47	-14,40	-14,32	-14,24	-14,15	-14,12	-14,09	-14,12	-14,16	-17,55
24/01/2022 02:30:00	-17,58	-17,16	-16,83	-16,53	-16,15	-15,76	-15,47	-15,11	-14,91	-14,82	-14,75	-14,62	-14,50	-14,32	-14,14	-14,00	-13,86	-13,78	-13,69	-13,70	-13,71	-17,60
24/01/2022 02:35:00	-17,74	-17,22	-16,77	-16,46	-16,15	-15,82	-15,47	-15,30	-15,19	-15,13	-15,08	-14,96	-14,84	-14,66	-14,48	-14,34	-14,20	-14,11	-14,02	-14,02	-14,03	-17,72
24/01/2022 02:40:00	-17,90	-17,28	-17,05	-16,97	-16,81	-16,56	-16,26	-15,90	-15,57	-15,26	-14,93	-14,53	-14,14	-13,76	-13,38	-13,14	-12,90	-12,74	-12,57	-12,55	-12,52	-17,81
24/01/2022 02:45:00	-17,76	-17,14	-16,77	-16,44	-16,06	-15,69	-15,39	-14,99	-14,71	-14,51	-14,31	-14,05	-13,80	-13,53	-13,27	-13,10	-12,92	-12,81	-12,69	-12,69	-12,68	-17,79
24/01/2022 02:50:00	-17,81	-17,15	-16,67	-16,28	-15,87	-15,45	-15,08	-14,70	-14,42	-14,23	-14,03	-13,79	-13,55	-13,30	-13,04	-12,88	-12,72	-12,61	-12,50	-12,50	-12,50	-17,70
24/01/2022 02:55:00	-17,69	-17,02	-16,52	-16,17	-15,73	-15,26	-14,85	-14,51	-14,25	-14,06	-13,88	-13,66	-13,44	-13,21	-12,98	-12,84	-12,70	-12,61	-12,52	-12,53	-12,54	-17,87
24/01/2022 03:00:00	-17,93	-17,23	-16,94	-16,67	-16,35	-15,94	-15,47	-14,97	-14,60	-14,33	-14,06	-13,75	-13,44	-13,15	-12,85	-12,67	-12,48	-12,36	-12,24	-12,24	-12,24	-17,78
24/01/2022 03:05:00	-17,92	-16,95	-16,51	-16,17	-15,86	-15,55	-15,19	-14,82	-14,52	-14,30	-14,07	-13,78	-13,49	-13,20	-12,91	-12,73	-12,54	-12,42	-12,31	-12,30	-12,30	-17,93
24/01/2022 03:10:00	-18,14	-17,60	-17,12	-16,76	-16,38	-15,93	-15,42	-15,12	-14,87	-14,65	-14,45	-14,21	-13,96	-13,72	-13,47	-13,31	-13,15	-13,05	-12,95	-12,95	-12,96	-18,32
24/01/2022 03:15:00	-18,40	-17,67	-17,23	-16,82	-16,36	-15,83	-15,29	-14,86	-14,55	-14,35	-14,17	-13,97	-13,76	-13,56	-13,35	-13,22	-13,08	-13,01	-12,93	-12,95	-12,96	-18,42
24/01/2022 03:20:00	-18,62	-18,27	-17,79	-17,35	-16,76	-16,11	-15,55	-14,98	-14,63	-14,43	-14,25	-14,04	-13,82	-13,59	-13,37	-13,22	-13,06	-12,96	-12,86	-12,87	-12,87	-18,55
24/01/2022 03:25:00	-18,53	-18,24	-17,58	-16,96	-16,37	-15,86	-15,41	-15,02	-14,78	-14,62	-14,46	-14,24	-14,01	-13,76	-13,51	-13,33	-13,16	-13,03	-12,91	-12,89	-12,88	-18,64
24/01/2022 03:30:00	-18,57	-17,98	-17,47	-16,92	-16,54	-16,21	-15,78	-15,39	-15,10	-14,86	-14,60	-14,28	-13,95	-13,62	-13,28	-13,07	-12,85	-12,69	-12,53	-12,50	-12,48	-18,63
24/01/2022 03:35:00	-18,52	-17,86	-17,42	-16,99	-16,57	-16,13	-15,65	-15,15	-14,82	-14,59	-14,36	-14,07	-13,79	-13,49	-13,20	-13,01	-12,82	-12,69	-12,55	-12,54	-12,53	-18,48
24/01/2022 03:40:00	-18,48	-17,58	-16,97	-16,53	-16,10	-15,64	-15,11	-14,66	-14,32	-14,06	-13,79	-13,46	-13,13	-12,82	-12,50	-12,30	-12,10	-11,97	-11,83	-11,82	-11,81	-18,60
24/01/2022 03:45:00	-18,36	-17,51	-16,96	-16,42	-15,92	-15,47	-15,04	-14,53	-14,19	-13,96	-13,73	-13,46	-13,19	-12,91	-12,64	-12,47	-12,30	-12,18	-12,07	-12,06	-12,06	-18,50
24/01/2022 03:50:00	-18,24	-17,24	-16,74	-16,39	-16,04	-15,63	-15,17	-14,74	-14,37	-14,06	-13,74	-13,38	-13,01	-12,67	-12,33	-12,13	-11,93	-11,80	-11,67	-11,66	-11,65	-18,35
24/01/2022 03:55:00	-18,34	-17,47	-16,94	-16,64	-16,30	-15,92	-15,51	-15,07	-14,74	-14,47	-14,19	-13,84	-13,49	-13,14	-12,80	-12,58	-12,36	-12,21	-12,06	-12,04	-12,02	-18,45
24/01/2022 04:00:00	-18,35	-17,63	-17,06	-16,63	-16,17	-15,64	-15,06	-14,62	-14,26	-13,97	-13,69	-13,37	-13,05	-12,75	-12,45	-12,27	-12,09	-11,98	-11,86	-11,86	-11,86	-18,56
24/01/2022 04:05:00	-18,73	-18,04	-17,52	-17,03	-16,43	-15,74	-15,04	-14,46	-14,09	-13,87	-13,70	-13,50	-13,30	-13,10	-12,90	-12,78	-12,65	-12,58	-12,51	-12,53	-12,55	-18,93
24/01/2022 04:10:00	-19,12	-18,02	-17,48	-17,13	-16,75	-16,24	-15,60	-15,13	-14,72	-14,39	-14,06	-13,70	-13,33	-13,01	-12,68	-12,48	-12,29	-12,17	-12,04	-12,04	-12,04	-19,29
24/01/2022 04:15:00	-19,01	-18,15	-17,41	-16,88	-16,38	-15,95	-15,55	-15,15	-14,78	-14,43	-14,06	-13,64	-13,22	-12,84	-12,45	-12,22	-11,99	-11,83	-11,66	-11,64	-11,61	-19,15
24/01/2022 04:20:00	-19,00	-17,98	-17,49	-17,12	-16,77	-16,38	-15,93	-15,50	-15,04	-14,61	-14,15	-13,66	-13,18	-12,76	-12,34	-12,11	-11,88	-11,72	-11,55	-11,53	-11,51	-18,99
24/01/2022 04:25:00	-18,93	-18,17	-17,67	-17,21	-16,81	-16,42	-15,97	-15,61	-15,29	-15,02	-14,74	-14,42	-14,11	-13,79	-13,48	-13,29	-13,10	-12,97	-12,83	-12,82	-12,81	-18,92
24/01/2022 04:30:00	-19,12	-18,27	-17,80	-17,48	-17,13	-16,70	-16,25	-15,91	-15,54	-15,19	-14,83	-14,45	-14,07	-13,73	-13,39	-13,20	-13,00	-12,88	-12,75	-12,74	-12,73	-18,64
24/01/2022 04:35:00	-19,10	-18,45	-18,07	-17,75	-17,33	-16,79	-16,17	-15,54	-15,11	-14,79	-14,49	-14,15	-13,80	-13,48	-13,16	-12,95	-12,74	-12,61	-12,47	-12,46	-12,45	-19,02
24/01/2022 04:40:00	-19,24	-18,26	-17,86	-17,68	-17,39	-16,96	-16,45	-15,93	-15,47	-15,08	-14,68	-14,23	-13,78	-13,38	-12,97	-12,73	-12,48	-12,32	-12,16	-12,14	-12,11	-19,07
24/01/2022 04:45:00	-19,05	-18,29	-17,92	-17,67	-17,31	-16,80	-16,19	-15,45	-15,02	-14,75	-14,48	-14,10	-13,73	-13,37	-13,00	-12,74	-12,49	-12,31	-12,13	-12,10	-12,08	-19,19
24/01/2022 04:50:00	-19,07	-18,22	-17,77	-17,35	-16,93	-16,45	-15,92	-15,46	-15,05	-14,71	-14,37	-14,01	-13,65	-13,32	-12,99	-12,80	-12,61	-12,49	-12,36	-12,36	-12,35	-19,44
24/01/2022 04:55:00	-19,33	-18,35	-17,90	-17,54	-17,03	-16,44	-15,87	-15,35	-14,92	-14,59	-14,29	-13,99	-13,68	-13,42	-13,16	-13,01	-12,87	-12,78	-12,70	-12,72	-12,73	-19,35
24/01/2022 05:00:00	-19,40	-18,26	-17,63	-17,31	-16,92	-16,46	-15,96	-15,45	-15,09	-14,81	-14,53	-14,16	-13,80	-13,45	-13,10	-12,87	-12,64	-12,49	-12,33	-12,32	-12,30	-19,35
24/01/2022 05:05:00	-19,40	-18,49	-17,78	-17,27	-16,89	-16,52	-16,08	-15,68	-15,37	-15,10	-14,80	-14,41	-14,03	-13,64	-13,26	-13,01	-12,76	-12,58	-12,40	-12,36	-12,32	-19,43
24/01/2022 05:10:00	-19,21	-18,43	-17,82	-17,42	-17,01	-16,58	-16,14	-15,83	-15,50	-15,18	-14,84	-14,47	-14,10	-13,75	-13,40	-13,19	-12,99	-12,84	-12,70	-12,68	-12,66	-19,25
24/01/2022 05:15:00	-19,38	-18,36	-17,82	-17,43	-17,05	-16,60	-16,05	-15,52	-15,13	-14,83	-14,53	-14,17	-13,80	-13,46	-13,11	-12,89	-12,67	-12,52	-12,37	-12,35	-12,33	-19,14
24/01/2022 05:20:00	-19,41	-18,03	-17,33	-16,97	-16,74	-16,44	-15,98	-15,68	-15,35	-15,02	-14,64	-14,20	-13,76	-13,35	-12,94	-12,69	-12,45	-12,27	-12,10	-12,08	-12,05	-19,58
24/01/2022 05:25:00	-19,96	-18,26	-17,33	-16,86	-16,52	-16,15	-15,70	-15,38	-15,12	-14,90	-14,65	-14,31	-13,97	-13,63	-13,29	-13,07	-12,85	-12,70	-12,55	-12,54	-12,53	-19,92
24/01/2022 05:30:00	-20,30	-18,29	-17,36	-16,98	-16,65	-16,33	-16,00	-15,53	-15,22	-14,97	-14,68	-14,28	-13,89	-13,51	-13,13	-12,88	-12,63	-12,46	-12,30	-12,27	-12,25	-20,60
24/01/2022 05:35:00	-20,74	-18,87	-17,86	-17,35	-16,93	-16,60	-16,29	-15,92	-15,65	-15,42	-15,14	-14,78	-14,41	-14,05	-13,68	-13,45	-13,22	-13,05	-12,89	-12,86	-12,84	-20,84
24/01/2022 05:40:00	-20,78	-19,24	-18,39	-17,74	-17,16	-16,61	-16,06	-15,51	-15,12	-14,81	-14,51	-14,17	-13,82	-13,52	-13,21	-13,03	-12,84	-12,72	-12,60	-12,60	-12,60	-21,09
24/01/2022 05:45:00	-20,56	-19,08	-18,11	-17,46	-16,96	-16,51	-16,02	-15,62	-15,34	-15,11	-14,86	-14,53	-14,20	-13,87	-13,54	-13,33	-13,12	-12,97	-12,82	-12,80	-12,78	-20,81
24/01/2022 05:50:00	-20,47	-18,82	-17,81	-17,18	-16,82	-16,59	-16,28	-15,96	-15,73	-15,51	-15,24	-14,85	-14,45	-14,04	-13,64	-13,37	-13,10	-12,90	-12,70	-12,65	-12,61	-20,58
24/01/2022 05:55:00	-20,39	-18,60	-17,48	-16,88	-16,52	-16,26	-15,99	-15,77	-15,52	-15,24	-14,89	-14,45	-14,02	-13,60	-13,18	-12,92	-12,67	-12,48	-12,29	-12,25	-12,21	-20,53
24/01/2022 06:00:00	-20,36	-18,58	-17,55	-17,05	-16,74	-16,54	-16,33	-16,09	-15,88	-15,66	-15,38	-14,97	-14,57	-14,16	-13,75	-13,48	-13,21	-13,01	-12,81	-12,77	-12,72	-20,42
24/01/2022 06:05:00	-20,50	-18,56	-17,63	-17,12	-16,76	-16,35	-15,81	-15,41	-15,15	-14,95	-14,74	-14,42	-14,11	-13,80	-13,49	-13,28	-13,06	-12,93	-12,79	-12,78	-12,77	-20,15
24/01/2022 06:10:00	-20,26	-18,79	-17,86	-17,16	-16,58	-16,11	-15,68	-15,22	-14,88	-14,60	-14,30	-13,96	-13,62	-13,30	-12,98	-12,80	-12,61	-12,48	-12,34	-12,33	-12,32	-20,22
24/01/2022 06:15:00	-20,10	-18,40	-17,44	-16,78	-16,24	-15,79	-15,39	-15,09	-14,78	-14,48	-14,17	-13,84	-13,51	-13,21	-12,91	-12,75	-12,59	-12,49	-12,38	-12,39	-12,39	-20,45
24/01/2022 06:20:00	-20,08	-18,54	-17,45	-16,63	-16,03	-15,54	-15,03	-14,58	-14,30	-14,09	-13,86	-13,56	-13,26	-12,95	-12,65	-12,46	-12,27	-12,13	-11,99	-11,98	-11,97	-20,30
24/01/2022 06:25:00	-20,08	-18,14	-17,14	-16,49	-16,08	-15,72	-15,30	-15,03	-14,69	-14,36	-14,00	-13,60	-13,21	-12,85	-12,50	-12,31	-12,12	-11,99	-11,86	-11,86	-11,85	-20,20
24/01/2022 06:30:00	-20,09	-17,98	-16,94	-16,41	-15,97	-15,55	-15,13	-14,75	-14,42	-14,14	-13,84	-13,49	-13,14	-12,82	-12,49	-12,31	-12,13	-12,01	-11,89	-11,90	-11,90	-20,19
24/01/2022 06:35:00	-20,68	-18,25	-17,06	-16,35	-15,88	-15,45	-14,93	-14,42	-14,11	-13,88	-13,63	-13,29	-12,95	-12,63	-12,30	-12,10	-11,90	-11,77	-11,64	-11,64	-11,64	-20,22
24/01/2022 06:40:00	-20,93	-18,46	-17,08	-16,13	-15,48	-15,00	-14,56	-14,22	-13,97	-13,78	-13,58	-13,33	-13,09	-12,86	-12,62	-12,50	-12,37	-12,29	-12,21	-12,23	-12,25	-20,69
24/01/2022 06:45:00	-21,17	-18,76	-17,34	-16,34	-15,60	-15,03	-14,49	-14,03	-13,77	-13,59	-13,41	-13,18	-12,95	-12,72	-12,50	-12,36	-12,23	-12,15	-12,07	-12,09	-12,11	-20,83
24/01/2022 06:50:00	-21,55	-19,18	-17,61	-16,36	-15,53	-15,00	-14,56	-14,21	-14,00	-13,83	-13,65	-13,43	-13,21	-12,99	-12,77	-12,65	-12,53	-12,45	-12,36	-12,38	-12,39	-21,49
24/01/2022 06:55:00	-21,77	-19,10	-17,60	-16,62	-15,82	-15,18	-14,62	-14,14	-13,72	-13,37	-13,00	-12,63	-12,26	-11,96	-11,66	-11,51	-11,37	-11,28	-11,19	-11,22	-11,24	-21,85
24/01/2022 07:00:00	-22,18	-19,71	-17,64	-16,05	-14,92	-14,27	-13,86	-13,60	-13,45	-13,31	-13,16	-12,99	-12,82	-12,65	-12,47	-12,40	-12,32	-12,26	-12,20	-12,23	-12,25	-22,09
24/01/2022 07:05:00	-22,52	-19,49	-17,47	-16,28	-15,50	-14,95	-14,48	-14,18	-14,00	-13,82	-13,60	-13,30	-12,99	-12,69	-12,39	-12,21	-12,03	-11,90	-11,77	-11,78	-11,78	-22,42
24/01/2022 07:10:00	-22,42	-19,03	-17,35	-16,38	-15,65	-15,12	-14,71	-14,36	-14,02	-13,71	-13,39	-13,06	-12,73	-12,46	-12,19	-12,06	-11,94	-11,88	-11,81	-11,85	-11,88	-22,37
24/01/2022 07:15:00	-22,78	-19,77	-17,84	-16,55	-15,65	-14,92	-14,26	-13,83	-13,57	-13,37	-13,17	-12,91	-12,66	-12,43	-12,20	-12,08	-11,96	-11,88	-11,80	-11,83	-11,86	-22,32
24/01/2022 07:20:00	-22,96	-20,03	-18,01	-16,50	-15,47	-14,68	-13,95	-13,49	-13,26	-13,09	-12,92	-12,71	-12,50	-12,31	-12,11	-12,01	-11,91	-11,84	-11,78	-11,81	-11,84	-22,97
24/01/2022 07:25:00	-22,90	-19,93	-17,73	-16,30	-15,34	-14,81	-14,50	-14,39	-14,19	-13,94	-13,65	-13,33	-13,01	-12,71	-12,42	-12,28	-12,15	-12,04	-11,94	-11,95	-11,95	-23,27
24/01/2022 07:30:00	-23,20	-20,22	-18,10	-16,71	-15,77	-15,14	-14,65	-14,43	-14,17	-13,89	-13,57	-13,23	-12,88	-12,58	-12,28	-12,13	-11,98	-11,88	-11,77	-11,78	-11,79	-23,22
24/01/2022 07:35:00	-22,80	-20,13	-18,04	-16,67	-15,66	-15,04	-14,60	-14,34	-14,10	-13,84	-13,53	-13,19	-12,85	-12,54	-12,23	-12,07	-11,92	-11,80	-11,68	-11,68	-11,68	-23,34
24/01/2022 07:40:00	-22,23	-19,96	-18,13	-16,72	-15,71	-15,00	-14,45	-14,17	-13,94	-13,74	-13,53	-13,32	-13,11	-12,91	-12,72	-12,63	-12,54	-12,47	-12,41	-12,43	-12,46	-22,25
24/01/2022 07:45:00	-22,44	-19,92	-18,10	-16,81	-15,80	-15,06	-14,48	-14,02	-13,82	-13,71	-13,59	-13,44	-13,28	-13,11	-12,94	-12,84	-12,74	-12,68	-12,62	-12,64	-12,67	-21,95
24/01/2022 07:50:00	-22,15	-19,93	-18,12	-16,79	-15,80	-15,15	-14,65	-14,31	-14,06	-13,83	-13,57	-13,28	-13,00	-12,73	-12,46	-12,32	-12,18	-12,07	-11,97	-11,97	-11,98	-21,90
24/01/2022 07:55:00	-22,75	-20,20	-18,29	-16,97	-15,93	-15,19	-14,64	-14,36	-14,08	-13,83	-13,57	-13,33	-13,09	-12,88	-12,67	-12,59	-12,50	-12,45	-12,39	-12,43	-12,46	-22,81
24/01/2022 08:00:00	-22,82	-20,73	-18,82	-17,36	-16,12	-15,24	-14,62	-14,24	-13,99	-13,80	-13,62	-13,45	-13,27	-13,11	-12,94	-12,87	-12,80	-12,75	-12,70	-12,73	-12,76	-23,29
24/01/2022 08:05:00	-23,27	-20,92	-19,05	-17,66	-16,57	-15,84	-15,29	-14,77	-14,48	-14,23	-13,96	-13,66	-13,36	-13,08	-12,80	-12,65	-12,50	-12,38	-12,27	-12,27	-12,27	-23,15
24/01/2022 08:10:00	-23,84	-21,18	-19,20	-17,71	-16,59	-15,86	-15,31	-14,80	-14,42	-14,07	-13,70	-13,33	-12,96	-12,64	-12,33	-12,18	-12,04	-11,92	-11,81	-11,82	-11,82	-23,44
24/01/2022 08:15:00	-23,41	-20,89	-19,01	-17,49	-16,43	-15,58	-14,79	-14,22	-13,84	-13,52	-13,20	-12,86	-12,52	-12,24	-11,96	-11,81	-11,67	-11,57	-11,47	-11,48	-11,49	-23,49
24/01/2022 08:20:00	-23,65	-21,32	-19,25	-17,60	-16,36	-15,48	-14,78	-14,31	-13,93	-13,59	-13,23	-12,89	-12,54	-12,26	-11,97	-11,84	-11,72	-11,62	-11,52	-11,53	-11,53	-23,61
24/01/2022 08:25:00	-23,58	-21,35	-19,40	-17,62	-16,23	-15,17	-14,30	-13,77	-13,44	-13,22	-13,04	-12,91	-12,79	-12,69	-12,60	-12,58	-12,57	-12,57	-12,56	-12,62	-12,67	-23,76
24/01/2022 08:30:00	-23,99	-21,85	-19,79	-18,11	-16,75	-15,72	-14,92	-14,43	-14,09	-13,80	-13,54	-13,31	-13,08	-12,89	-12,71	-12,64	-12,56	-12,51	-12,46	-12,49	-12,52	-23,83
24/01/2022 08:35:00	-24,70	-22,62	-20,17	-18,16	-16,52	-15,41	-14,62	-14,11	-13,90	-13,73	-13,57	-13,43	-13,29	-13,15	-13,01	-12,96	-12,90	-12,84	-12,79	-12,81	-12,84	-24,34
24/01/2022 08:40:00	-25,62	-23,08	-20,38	-18,06	-16,35	-15,21	-14,37	-13,86	-13,59	-13,37	-13,16	-13,00	-12,83	-12,70	-12,56	-12,52	-12,49	-12,45	-12,41	-12,44	-12,47	-25,64
24/01/2022 08:45:00	-25,70	-23,18	-20,36	-17,92	-16,09	-14,96	-14,20	-13,73	-13,49	-13,29	-13,09	-12,94	-12,79	-12,66	-12,53	-12,50	-12,48	-12,44	-12,40	-12,43	-12,47	-25,81
24/01/2022 08:50:00	-25,77	-23,26	-20,60	-18,47	-16,78	-15,61	-14,69	-14,03	-13,83	-13,70	-13,57	-13,42	-13,27	-13,11	-12,96	-12,87	-12,79	-12,71	-12,64	-12,65	-12,67	-25,82
24/01/2022 08:55:00	-25,71	-23,56	-21,11	-19,07	-17,39	-16,21	-15,31	-14,70	-14,39	-14,15	-13,92	-13,71	-13,51	-13,33	-13,15	-13,08	-13,00	-12,93	-12,86	-12,88	-12,90	-25,68
24/01/2022 09:00:00	-26,03	-23,91	-21,61	-19,53	-17,78	-16,36	-15,20	-14,45	-14,01	-13,70	-13,45	-13,27	-13,10	-12,99	-12,88	-12,86	-12,83	-12,82	-12,81	-12,86	-12,90	-25,44
24/01/2022 09:05:00	-26,02	-23,61	-21,26	-19,13	-17,49	-16,26	-15,30	-14,69	-14,32	-14,03	-13,79	-13,61	-13,44	-13,31	-13,18	-13,15	-13,13	-13,11	-13,08	-13,12	-13,17	-25,21
24/01/2022 09:10:00	-26,28	-24,15	-21,59	-19,24	-17,43	-16,20	-15,29	-14,69	-14,37	-14,11	-13,87	-13,69	-13,51	-13,36	-13,21	-13,17	-13,13	-13,08	-13,03	-13,05	-13,07	-24,92
24/01/2022 09:15:00	-25,87	-23,84	-21,32	-18,87	-17,00	-15,61	-14,57	-14,04	-13,72	-13,50	-13,34	-13,28	-13,22	-13,19	-13,15	-13,19	-13,23	-13,25	-13,27	-13,32	-13,38	-24,97
24/01/2022 09:20:00	-25,57	-23,88	-21,35	-18,99	-17,00	-15,65	-14,70	-14,10	-13,65	-13,27	-12,92	-12,69	-12,46	-12,30	-12,15	-12,13	-12,11	-12,08	-12,05	-12,08	-12,12	-24,96
24/01/2022 09:25:00	-25,22	-23,23	-20,71	-18,27	-16,35	-15,03	-14,07	-13,48	-13,16	-12,94	-12,76	-12,67	-12,58	-12,53	-12,47	-12,49	-12,51	-12,52	-12,52	-12,57	-12,63	-24,89
24/01/2022 09:30:00	-24,96	-23,27	-20,69	-18,38	-16,56	-15,19	-14,12	-13,54	-13,14	-12,81	-12,49	-12,24	-11,99	-11,80	-11,61	-11,55	-11,48	-11,42	-11,36	-11,38	-11,40	-24,92
24/01/2022 09:35:00	-24,95	-23,19	-20,79	-18,44	-16,52	-15,14	-14,05	-13,22	-12,84	-12,55	-12,31	-12,14	-11,98	-11,86	-11,74	-11,72	-11,69	-11,66	-11,64	-11,67	-11,71	-25,00
24/01/2022 09:40:00	-24,89	-23,06	-20,60	-18,12	-16,19	-14,84	-13,85	-13,30	-12,84	-12,47	-12,13	-11,94	-11,74	-11,63	-11,52	-11,54	-11,56	-11,56	-11,57	-11,62	-11,67	-25,03
24/01/2022 09:45:00	-24,89	-23,12	-20,58	-18,14	-16,13	-14,72	-13,67	-12,95	-12,63	-12,42	-12,26	-12,19	-12,13	-12,09	-12,06	-12,09	-12,12	-12,13	-12,15	-12,20	-12,26	-25,01
24/01/2022 09:50:00	-24,66	-23,30	-21,00	-18,65	-16,66	-15,16	-14,02	-13,34	-12,85	-12,47	-12,15	-11,97	-11,79	-11,68	-11,58	-11,59	-11,61	-11,61	-11,62	-11,67	-11,72	-24,86
24/01/2022 09:55:00	-24,70	-23,29	-21,06	-18,72	-16,71	-15,17	-13,95	-13,15	-12,63	-12,26	-11,95	-11,79	-11,63	-11,54	-11,46	-11,49	-11,51	-11,52	-11,54	-11,60	-11,66	-24,11
24/01/2022 10:00:00	-24,51	-23,21	-21,02	-18,60	-16,52	-14,87	-13,52	-12,64	-12,05	-11,62	-11,27	-11,07	-10,88	-10,79	-10,70	-10,73	-10,76	-10,78	-10,80	-10,87	-10,94	-24,24
24/01/2022 10:05:00	-24,34	-23,12	-20,90	-18,45	-16,36	-14,82	-13,63	-12,84	-12,35	-12,00	-11,72	-11,58	-11,45	-11,38	-11,32	-11,36	-11,40	-11,41	-11,43	-11,50	-11,56	-24,57
24/01/2022 10:10:00	-24,83	-23,42	-21,29	-19,04	-17,06	-15,39	-14,01	-13,14	-12,50	-12,01	-11,61	-11,38	-11,14	-11,03	-10,92	-10,94	-10,96	-10,98	-11,00	-11,07	-11,14	-24,67
24/01/2022 10:15:00	-25,00	-23,63	-21,26	-18,81	-16,67	-15,07	-13,81	-12,87	-12,39	-12,04	-11,75	-11,58	-11,41	-11,32	-11,22	-11,22	-11,22	-11,21	-11,21	-11,26	-11,31	-25,23
24/01/2022 10:20:00	-25,13	-23,74	-21,35	-19,03	-16,93	-15,32	-14,07	-13,23	-12,66	-12,22	-11,84	-11,60	-11,35	-11,20	-11,06	-11,05	-11,04	-11,03	-11,02	-11,06	-11,11	-25,27
24/01/2022 10:25:00	-25,37	-24,06	-21,82	-19,50	-17,43	-15,83	-14,52	-13,59	-12,96	-12,47	-12,05	-11,76	-11,48	-11,31	-11,14	-11,11	-11,09	-11,07	-11,04	-11,08	-11,12	-25,22
24/01/2022 10:30:00	-25,42	-24,26	-22,02	-19,62	-17,48	-15,79	-14,45	-13,56	-13,01	-12,63	-12,33	-12,18	-12,03	-11,97	-11,90	-11,93	-11,96	-11,98	-12,00	-12,06	-12,12	-25,29
24/01/2022 10:35:00	-25,47	-24,40	-22,22	-19,93	-17,97	-16,48	-15,23	-14,23	-13,60	-13,08	-12,59	-12,21	-11,84	-11,56	-11,29	-11,19	-11,10	-11,00	-10,91	-10,91	-10,92	-25,49
24/01/2022 10:40:00	-25,35	-24,10	-22,25	-20,06	-18,17	-16,51	-15,05	-14,03	-13,31	-12,77	-12,33	-12,04	-11,76	-11,60	-11,45	-11,44	-11,43	-11,43	-11,43	-11,48	-11,53	-25,27
24/01/2022 10:45:00	-25,22	-24,04	-22,19	-20,33	-18,52	-16,92	-15,45	-14,23	-13,49	-12,90	-12,37	-11,94	-11,50	-11,20	-10,90	-10,77	-10,64	-10,55	-10,45	-10,47	-10,48	-25,01
24/01/2022 10:50:00	-25,11	-23,87	-22,07	-20,10	-18,17	-16,47	-14,94	-13,69	-12,91	-12,32	-11,81	-11,45	-11,08	-10,87	-10,65	-10,59	-10,54	-10,50	-10,47	-10,51	-10,56	-24,91
24/01/2022 10:55:00	-25,14	-23,77	-21,87	-19,81	-17,97	-16,33	-14,84	-13,72	-12,91	-12,26	-11,68	-11,24	-10,80	-10,52	-10,25	-10,17	-10,09	-10,04	-9,98	-10,02	-10,05	-25,05
24/01/2022 11:00:00	-24,94	-23,80	-21,93	-19,73	-17,71	-15,87	-14,21	-12,96	-12,25	-11,75	-11,36	-11,12	-10,88	-10,76	-10,63	-10,63	-10,62	-10,63	-10,63	-10,70	-10,76	-25,17
24/01/2022 11:05:00	-24,96	-23,69	-21,96	-19,97	-18,13	-16,45	-14,91	-13,71	-12,96	-12,41	-11,95	-11,64	-11,32	-11,14	-10,96	-10,92	-10,87	-10,85	-10,83	-10,88	-10,94	-25,24
24/01/2022 11:10:00	-24,75	-23,59	-21,87	-19,92	-18,01	-16,29	-14,75	-13,58	-12,80	-12,23	-11,76	-11,44	-11,13	-10,96	-10,79	-10,76	-10,73	-10,73	-10,72	-10,78	-10,83	-25,09
24/01/2022 11:15:00	-24,72	-23,65	-21,74	-19,57	-17,64	-16,06	-14,71	-13,67	-12,96	-12,42	-11,93	-11,59	-11,26	-11,04	-10,83	-10,78	-10,74	-10,70	-10,65	-10,69	-10,73	-24,67
24/01/2022 11:20:00	-24,78	-23,53	-21,82	-19,81	-17,95	-16,31	-14,84	-13,70	-12,91	-12,31	-11,79	-11,43	-11,08	-10,87	-10,67	-10,63	-10,59	-10,57	-10,55	-10,60	-10,65	-24,17
24/01/2022 11:25:00	-24,79	-23,64	-21,64	-19,55	-17,60	-15,99	-14,67	-13,78	-13,06	-12,48	-11,97	-11,63	-11,29	-11,10	-10,90	-10,87	-10,85	-10,83	-10,81	-10,86	-10,91	-23,95
24/01/2022 11:30:00	-24,52	-23,33	-21,53	-19,56	-17,69	-16,07	-14,67	-13,62	-12,88	-12,30	-11,81	-11,46	-11,12	-10,92	-10,72	-10,68	-10,64	-10,62	-10,60	-10,65	-10,70	-23,41
24/01/2022 11:35:00	-24,14	-23,00	-21,33	-19,50	-17,74	-16,16	-14,79	-13,84	-13,06	-12,45	-11,91	-11,55	-11,19	-10,98	-10,77	-10,73	-10,70	-10,68	-10,67	-10,72	-10,77	-22,92
24/01/2022 11:40:00	-24,11	-22,96	-21,27	-19,34	-17,62	-16,09	-14,69	-13,61	-12,90	-12,36	-11,89	-11,55	-11,20	-10,97	-10,75	-10,68	-10,61	-10,56	-10,52	-10,55	-10,59	-22,35
24/01/2022 11:45:00	-23,88	-23,03	-21,21	-19,24	-17,36	-15,76	-14,39	-13,38	-12,67	-12,11	-11,62	-11,27	-10,91	-10,69	-10,47	-10,42	-10,36	-10,32	-10,28	-10,32	-10,35	-22,28
24/01/2022 11:50:00	-24,06	-23,00	-21,23	-19,09	-17,21	-15,62	-14,21	-13,19	-12,41	-11,79	-11,25	-10,87	-10,50	-10,28	-10,06	-10,03	-9,99	-9,97	-9,94	-9,99	-10,03	-22,39
24/01/2022 11:55:00	-24,17	-23,40	-21,78	-19,72	-17,69	-15,86	-14,23	-12,97	-12,16	-11,58	-11,11	-10,83	-10,54	-10,40	-10,26	-10,26	-10,26	-10,28	-10,29	-10,35	-10,42	-22,98
24/01/2022 12:00:00	-24,10	-23,42	-21,64	-19,51	-17,56	-16,00	-14,68	-13,71	-13,03	-12,51	-12,06	-11,76	-11,47	-11,28	-11,10	-11,07	-11,04	-11,02	-10,99	-11,02	-11,06	-22,69
24/01/2022 12:05:00	-24,06	-23,20	-21,45	-19,44	-17,61	-15,98	-14,49	-13,39	-12,72	-12,23	-11,81	-11,51	-11,21	-11,02	-10,83	-10,77	-10,71	-10,67	-10,63	-10,67	-10,70	-22,42
24/01/2022 12:10:00	-23,90	-23,24	-21,70	-19,84	-18,07	-16,46	-14,96	-13,79	-13,03	-12,46	-11,96	-11,58	-11,20	-10,95	-10,70	-10,61	-10,51	-10,45	-10,38	-10,41	-10,43	-22,17
24/01/2022 12:15:00	-23,55	-22,86	-21,66	-20,15	-18,50	-16,85	-15,25	-13,87	-12,94	-12,23	-11,61	-11,12	-10,63	-10,32	-10,01	-9,89	-9,77	-9,70	-9,62	-9,65	-9,68	-22,23
24/01/2022 12:20:00	-23,47	-22,88	-21,34	-19,60	-17,90	-16,36	-14,93	-13,77	-12,98	-12,35	-11,77	-11,29	-10,82	-10,48	-10,14	-10,01	-9,87	-9,76	-9,65	-9,66	-9,67	-22,36
24/01/2022 12:25:00	-23,30	-22,71	-21,16	-19,25	-17,33	-15,62	-14,11	-12,95	-12,19	-11,66	-11,22	-10,94	-10,65	-10,50	-10,35	-10,32	-10,30	-10,30	-10,29	-10,35	-10,40	-21,64
24/01/2022 12:30:00	-23,02	-22,40	-20,97	-19,23	-17,50	-15,90	-14,44	-13,30	-12,50	-11,90	-11,38	-11,01	-10,63	-10,40	-10,17	-10,11	-10,05	-10,01	-9,97	-10,01	-10,06	-21,78
24/01/2022 12:35:00	-22,82	-22,29	-20,84	-19,16	-17,50	-16,00	-14,61	-13,50	-12,70	-12,05	-11,46	-10,98	-10,50	-10,17	-9,84	-9,71	-9,58	-9,49	-9,39	-9,40	-9,42	-20,52
24/01/2022 12:40:00	-22,63	-22,40	-21,11	-19,18	-17,29	-15,62	-14,10	-12,89	-12,09	-11,53	-11,07	-10,78	-10,49	-10,33	-10,17	-10,15	-10,13	-10,13	-10,12	-10,17	-10,22	-20,42
24/01/2022 12:45:00	-22,56	-22,00	-20,72	-19,03	-17,35	-15,82	-14,46	-13,39	-12,57	-11,92	-11,36	-10,97	-10,58	-10,34	-10,11	-10,06	-10,00	-9,97	-9,95	-9,99	-10,04	-20,09
24/01/2022 12:50:00	-22,29	-21,99	-20,93	-19,28	-17,65	-16,14	-14,68	-13,44	-12,56	-11,89	-11,30	-10,86	-10,42	-10,14	-9,86	-9,77	-9,68	-9,62	-9,55	-9,58	-9,61	-19,89
24/01/2022 12:55:00	-22,19	-21,90	-20,60	-18,82	-17,16	-15,66	-14,30	-13,44	-12,66	-12,02	-11,47	-11,09	-10,71	-10,49	-10,26	-10,22	-10,18	-10,16	-10,14	-10,18	-10,22	-19,54
24/01/2022 13:00:00	-22,00	-22,04	-20,78	-18,95	-17,06	-15,42	-14,01	-12,89	-12,12	-11,56	-11,11	-10,82	-10,53	-10,38	-10,22	-10,20	-10,18	-10,17	-10,17	-10,22	-10,27	-19,37
24/01/2022 13:05:00	-21,92	-21,92	-20,78	-18,95	-17,24	-15,69	-14,22	-13,20	-12,35	-11,67	-11,09	-10,69	-10,30	-10,07	-9,83	-9,79	-9,75	-9,72	-9,69	-9,74	-9,78	-19,80
24/01/2022 13:10:00	-21,83	-21,78	-20,75	-19,25	-17,61	-16,02	-14,50	-13,21	-12,30	-11,62	-11,02	-10,56	-10,10	-9,80	-9,50	-9,39	-9,28	-9,21	-9,14	-9,17	-9,19	-19,89
24/01/2022 13:15:00	-21,86	-21,74	-20,55	-18,93	-17,14	-15,46	-13,98	-12,89	-12,02	-11,34	-10,77	-10,40	-10,02	-9,81	-9,60	-9,58	-9,55	-9,54	-9,53	-9,59	-9,65	-19,85
24/01/2022 13:20:00	-21,78	-21,72	-20,45	-18,47	-16,56	-14,79	-13,19	-12,04	-11,26	-10,72	-10,30	-10,09	-9,87	-9,79	-9,70	-9,74	-9,77	-9,81	-9,85	-9,93	-10,01	-19,65
24/01/2022 13:25:00	-21,67	-21,41	-20,07	-18,16	-16,36	-14,82	-13,50	-12,51	-11,77	-11,21	-10,74	-10,46	-10,17	-10,01	-9,85	-9,85	-9,85	-9,85	-9,85	-9,91	-9,97	-19,75
24/01/2022 13:30:00	-21,59	-21,57	-20,29	-18,46	-16,66	-15,01	-13,49	-12,26	-11,55	-11,08	-10,73	-10,50	-10,27	-10,13	-10,00	-9,97	-9,94	-9,93	-9,91	-9,96	-10,01	-19,81
24/01/2022 13:35:00	-21,55	-21,38	-20,26	-18,63	-16,95	-15,39	-13,95	-12,75	-11,99	-11,47	-11,05	-10,76	-10,47	-10,29	-10,11	-10,07	-10,02	-10,00	-9,97	-10,02	-10,07	-20,24
24/01/2022 13:40:00	-21,22	-21,02	-19,87	-18,27	-16,65	-15,16	-13,78	-12,67	-11,87	-11,25	-10,72	-10,34	-9,95	-9,70	-9,46	-9,39	-9,32	-9,28	-9,23	-9,27	-9,31	-20,29
24/01/2022 13:45:00	-21,03	-20,83	-19,53	-17,73	-16,11	-14,67	-13,31	-12,27	-11,60	-11,13	-10,74	-10,44	-10,14	-9,93	-9,73	-9,66	-9,59	-9,53	-9,48	-9,51	-9,54	-20,32
24/01/2022 13:50:00	-20,95	-20,74	-19,36	-17,60	-15,96	-14,63	-13,54	-12,71	-12,07	-11,56	-11,10	-10,77	-10,45	-10,22	-10,00	-9,94	-9,88	-9,83	-9,78	-9,81	-9,84	-19,37
24/01/2022 13:55:00	-20,86	-20,83	-19,60	-17,88	-16,16	-14,56	-13,10	-12,08	-11,34	-10,80	-10,35	-10,07	-9,78	-9,62	-9,46	-9,45	-9,43	-9,43	-9,42	-9,48	-9,54	-18,84
24/01/2022 14:00:00	-20,75	-20,46	-19,12	-17,35	-15,66	-14,11	-12,71	-11,87	-11,15	-10,59	-10,12	-9,84	-9,55	-9,40	-9,26	-9,27	-9,28	-9,30	-9,32	-9,39	-9,46	-18,91
24/01/2022 14:05:00	-20,61	-20,35	-18,97	-17,11	-15,34	-13,85	-12,60	-11,69	-11,08	-10,67	-10,35	-10,19	-10,02	-9,94	-9,86	-9,89	-9,91	-9,94	-9,96	-10,03	-10,10	-19,49
24/01/2022 14:10:00	-20,46	-20,70	-19,56	-17,88	-16,20	-14,71	-13,38	-12,34	-11,61	-11,08	-10,63	-10,31	-9,99	-9,78	-9,58	-9,52	-9,46	-9,42	-9,38	-9,42	-9,45	-19,09
24/01/2022 14:15:00	-20,42	-20,68	-19,83	-18,39	-16,72	-15,04	-13,47	-12,26	-11,35	-10,68	-10,12	-9,76	-9,39	-9,19	-9,00	-8,97	-8,94	-8,94	-8,94	-9,00	-9,06	-19,24
24/01/2022 14:20:00	-20,43	-20,52	-19,69	-18,20	-16,58	-15,07	-13,75	-12,76	-11,91	-11,24	-10,68	-10,34	-9,99	-9,81	-9,64	-9,64	-9,63	-9,65	-9,67	-9,74	-9,80	-19,14
24/01/2022 14:25:00	-20,48	-20,66	-19,92	-18,54	-17,05	-15,58	-14,15	-12,88	-11,98	-11,32	-10,75	-10,31	-9,88	-9,59	-9,31	-9,20	-9,10	-9,03	-8,97	-9,00	-9,03	-19,50
24/01/2022 14:30:00	-20,32	-20,55	-19,77	-18,45	-17,00	-15,63	-14,34	-13,17	-12,30	-11,64	-11,04	-10,56	-10,09	-9,76	-9,43	-9,30	-9,17	-9,07	-8,98	-9,00	-9,01	-19,98
24/01/2022 14:35:00	-20,09	-20,28	-19,62	-18,44	-17,10	-15,69	-14,23	-12,93	-12,06	-11,45	-10,92	-10,47	-10,02	-9,71	-9,40	-9,25	-9,11	-9,01	-8,92	-8,94	-8,95	-19,49
24/01/2022 14:40:00	-20,21	-20,13	-19,35	-18,19	-16,89	-15,52	-14,15	-13,12	-12,29	-11,63	-11,04	-10,58	-10,11	-9,80	-9,49	-9,38	-9,27	-9,20	-9,13	-9,16	-9,19	-19,59
24/01/2022 14:45:00	-20,27	-20,19	-19,69	-18,67	-17,48	-16,11	-14,63	-13,34	-12,41	-11,71	-11,10	-10,60	-10,10	-9,76	-9,43	-9,28	-9,14	-9,06	-8,98	-9,00	-9,02	-19,88
24/01/2022 14:50:00	-20,13	-20,22	-19,68	-18,65	-17,44	-16,10	-14,68	-13,45	-12,50	-11,76	-11,08	-10,51	-9,93	-9,53	-9,13	-8,96	-8,78	-8,66	-8,55	-8,55	-8,56	-21,02
24/01/2022 14:55:00	-20,14	-20,19	-19,39	-18,06	-16,53	-15,06	-13,77	-12,67	-11,90	-11,36	-10,94	-10,66	-10,38	-10,22	-10,06	-10,03	-10,00	-10,00	-10,00	-10,06	-10,11	-20,31
24/01/2022 15:00:00	-19,90	-19,94	-19,38	-18,17	-16,84	-15,48	-14,11	-12,92	-12,03	-11,36	-10,78	-10,35	-9,91	-9,63	-9,35	-9,26	-9,16	-9,11	-9,06	-9,10	-9,14	-19,64
24/01/2022 15:05:00	-19,65	-19,78	-19,32	-18,33	-17,17	-15,92	-14,63	-13,51	-12,59	-11,83	-11,14	-10,57	-10,01	-9,62	-9,23	-9,08	-8,92	-8,82	-8,72	-8,74	-8,75	-19,09
24/01/2022 15:10:00	-19,46	-19,76	-19,30	-18,31	-17,17	-15,96	-14,70	-13,53	-12,69	-12,06	-11,50	-11,01	-10,52	-10,16	-9,80	-9,62	-9,45	-9,33	-9,21	-9,21	-9,22	-19,75
24/01/2022 15:15:00	-19,40	-19,50	-19,08	-18,31	-17,27	-16,09	-14,87	-13,79	-12,90	-12,17	-11,49	-10,91	-10,34	-9,93	-9,52	-9,34	-9,16	-9,05	-8,93	-8,94	-8,95	-19,27
24/01/2022 15:20:00	-19,28	-19,37	-19,05	-18,37	-17,36	-16,21	-15,08	-14,00	-13,08	-12,31	-11,60	-11,00	-10,40	-9,98	-9,56	-9,38	-9,19	-9,08	-8,96	-8,97	-8,97	-19,24
24/01/2022 15:25:00	-19,06	-19,41	-19,21	-18,43	-17,45	-16,26	-14,85	-13,57	-12,64	-11,96	-11,34	-10,78	-10,23	-9,81	-9,40	-9,19	-8,98	-8,84	-8,70	-8,69	-8,69	-18,72
24/01/2022 15:30:00	-18,91	-19,35	-19,04	-18,31	-17,29	-16,15	-14,98	-13,92	-13,06	-12,36	-11,71	-11,16	-10,60	-10,20	-9,79	-9,61	-9,42	-9,29	-9,17	-9,16	-9,16	-18,76
24/01/2022 15:35:00	-18,77	-19,06	-18,87	-18,11	-17,18	-16,01	-14,60	-13,44	-12,51	-11,79	-11,14	-10,57	-10,00	-9,60	-9,19	-9,00	-8,81	-8,69	-8,57	-8,58	-8,58	-18,47
24/01/2022 15:40:00	-18,65	-18,76	-18,43	-17,73	-16,77	-15,63	-14,41	-13,39	-12,52	-11,80	-11,14	-10,58	-10,02	-9,63	-9,23	-9,06	-8,89	-8,79	-8,68	-8,70	-8,71	-18,80
24/01/2022 15:45:00	-18,58	-18,85	-18,46	-17,70	-16,76	-15,64	-14,37	-13,34	-12,49	-11,80	-11,16	-10,59	-10,02	-9,60	-9,18	-8,98	-8,78	-8,64	-8,51	-8,51	-8,51	-18,17
24/01/2022 15:50:00	-18,64	-18,79	-18,50	-17,68	-16,64	-15,39	-14,01	-12,83	-11,96	-11,33	-10,78	-10,32	-9,87	-9,55	-9,24	-9,10	-8,96	-8,89	-8,81	-8,84	-8,87	-18,79
24/01/2022 15:55:00	-18,59	-18,68	-18,40	-17,81	-16,90	-15,76	-14,52	-13,48	-12,58	-11,85	-11,17	-10,59	-10,00	-9,58	-9,17	-8,98	-8,80	-8,68	-8,57	-8,58	-8,59	-19,32
24/01/2022 16:00:00	-18,60	-18,70	-18,31	-17,45	-16,37	-15,14	-13,84	-12,65	-11,78	-11,14	-10,58	-10,10	-9,62	-9,29	-8,95	-8,80	-8,65	-8,56	-8,47	-8,49	-8,52	-19,07
24/01/2022 16:05:00	-18,60	-18,60	-18,34	-17,66	-16,75	-15,60	-14,28	-13,19	-12,30	-11,60	-10,97	-10,43	-9,90	-9,53	-9,15	-8,99	-8,82	-8,73	-8,63	-8,65	-8,68	-18,85
24/01/2022 16:10:00	-18,42	-18,47	-18,06	-17,30	-16,33	-15,17	-13,92	-12,99	-12,20	-11,56	-10,99	-10,52	-10,05	-9,72	-9,40	-9,26	-9,13	-9,06	-8,99	-9,02	-9,05	-19,04
24/01/2022 16:15:00	-18,34	-18,53	-18,20	-17,45	-16,47	-15,33	-14,13	-13,14	-12,32	-11,65	-11,04	-10,54	-10,03	-9,67	-9,31	-9,16	-9,00	-8,91	-8,82	-8,84	-8,85	-19,23
24/01/2022 16:20:00	-18,45	-18,55	-18,12	-17,34	-16,38	-15,26	-14,05	-13,12	-12,30	-11,61	-10,97	-10,44	-9,91	-9,54	-9,17	-9,01	-8,86	-8,77	-8,67	-8,69	-8,71	-19,31
24/01/2022 16:25:00	-18,14	-18,33	-17,81	-16,84	-15,67	-14,37	-13,04	-12,00	-11,29	-10,83	-10,46	-10,19	-9,91	-9,72	-9,54	-9,47	-9,40	-9,37	-9,35	-9,40	-9,45	-19,19
24/01/2022 16:30:00	-18,11	-18,15	-17,51	-16,51	-15,50	-14,51	-13,49	-12,78	-12,13	-11,54	-11,00	-10,55	-10,10	-9,77	-9,44	-9,31	-9,18	-9,09	-9,01	-9,03	-9,04	-18,80
24/01/2022 16:35:00	-18,03	-18,12	-17,62	-16,60	-15,50	-14,40	-13,28	-12,37	-11,66	-11,13	-10,68	-10,31	-9,95	-9,70	-9,45	-9,35	-9,26	-9,21	-9,16	-9,19	-9,23	-19,22
24/01/2022 16:40:00	-18,00	-18,33	-17,90	-16,91	-15,82	-14,75	-13,70	-12,84	-12,14	-11,59	-11,11	-10,73	-10,36	-10,10	-9,84	-9,74	-9,65	-9,59	-9,54	-9,57	-9,60	-19,32
24/01/2022 16:45:00	-18,01	-18,18	-17,88	-17,21	-16,37	-15,35	-14,17	-13,03	-12,22	-11,65	-11,11	-10,58	-10,05	-9,64	-9,23	-9,00	-8,78	-8,63	-8,47	-8,46	-8,46	-19,77
24/01/2022 16:50:00	-18,22	-18,48	-17,99	-16,93	-15,80	-14,66	-13,50	-12,55	-11,86	-11,37	-10,96	-10,63	-10,31	-10,08	-9,85	-9,76	-9,67	-9,62	-9,57	-9,60	-9,64	-19,73
24/01/2022 16:55:00	-18,24	-18,38	-17,84	-16,93	-16,03	-15,18	-14,27	-13,43	-12,80	-12,31	-11,84	-11,39	-10,94	-10,57	-10,20	-10,01	-9,82	-9,68	-9,54	-9,52	-9,51	-19,43
24/01/2022 17:00:00	-18,24	-18,33	-17,78	-16,95	-16,04	-15,11	-14,15	-13,28	-12,64	-12,18	-11,74	-11,32	-10,90	-10,56	-10,22	-10,04	-9,85	-9,73	-9,60	-9,60	-9,59	-19,60
24/01/2022 17:05:00	-18,41	-18,72	-18,35	-17,43	-16,31	-15,09	-13,87	-12,82	-12,11	-11,65	-11,28	-10,99	-10,71	-10,52	-10,32	-10,24	-10,16	-10,12	-10,09	-10,13	-10,17	-19,63
24/01/2022 17:10:00	-18,72	-18,88	-18,37	-17,43	-16,38	-15,28	-14,15	-13,24	-12,58	-12,12	-11,72	-11,38	-11,04	-10,78	-10,53	-10,41	-10,29	-10,21	-10,14	-10,16	-10,19	-19,69
24/01/2022 17:15:00	-18,94	-19,00	-18,27	-17,21	-16,12	-15,14	-14,25	-13,53	-12,96	-12,50	-12,08	-11,72	-11,37	-11,09	-10,81	-10,69	-10,57	-10,49	-10,40	-10,41	-10,42	-19,61
24/01/2022 17:20:00	-19,14	-19,40	-18,74	-17,62	-16,40	-15,22	-14,12	-13,21	-12,67	-12,34	-12,10	-11,92	-11,74	-11,60	-11,45	-11,39	-11,32	-11,28	-11,25	-11,28	-11,32	-19,59
24/01/2022 17:25:00	-19,47	-19,61	-19,04	-18,07	-16,97	-15,84	-14,75	-13,88	-13,30	-12,91	-12,61	-12,36	-12,11	-11,92	-11,73	-11,64	-11,55	-11,50	-11,45	-11,48	-11,50	-19,66
24/01/2022 17:30:00	-19,61	-19,95	-19,53	-18,73	-17,78	-16,83	-15,90	-15,02	-14,36	-13,84	-13,35	-12,90	-12,45	-12,09	-11,73	-11,54	-11,34	-11,20	-11,06	-11,04	-11,03	-19,74
24/01/2022 17:35:00	-19,80	-19,99	-19,59	-18,89	-18,01	-17,10	-16,17	-15,26	-14,57	-14,03	-13,51	-13,02	-12,53	-12,14	-11,74	-11,53	-11,31	-11,15	-11,00	-10,97	-10,95	-19,78
24/01/2022 17:40:00	-19,77	-19,88	-19,50	-18,76	-17,94	-17,04	-16,07	-15,31	-14,64	-14,08	-13,55	-13,08	-12,62	-12,25	-11,88	-11,70	-11,52	-11,39	-11,26	-11,25	-11,24	-19,79
24/01/2022 17:45:00	-19,87	-19,98	-19,48	-18,71	-17,81	-16,83	-15,83	-15,02	-14,36	-13,84	-13,35	-12,90	-12,45	-12,10	-11,75	-11,56	-11,38	-11,25	-11,12	-11,11	-11,10	-19,85
24/01/2022 17:50:00	-19,97	-19,86	-19,38	-18,56	-17,66	-16,77	-15,90	-15,14	-14,51	-13,99	-13,51	-13,10	-12,68	-12,36	-12,04	-11,89	-11,73	-11,63	-11,52	-11,52	-11,52	-19,97
24/01/2022 17:55:00	-20,04	-20,09	-19,71	-19,06	-18,24	-17,25	-16,14	-15,24	-14,52	-13,95	-13,43	-12,94	-12,44	-12,06	-11,67	-11,46	-11,26	-11,11	-10,97	-10,96	-10,95	-19,99
24/01/2022 18:00:00	-20,19	-20,12	-19,81	-19,17	-18,33	-17,36	-16,35	-15,37	-14,68	-14,17	-13,71	-13,30	-12,88	-12,54	-12,21	-12,03	-11,84	-11,72	-11,60	-11,60	-11,59	-20,17
24/01/2022 18:05:00	-20,28	-20,32	-19,97	-19,30	-18,52	-17,64	-16,65	-15,73	-15,02	-14,44	-13,89	-13,36	-12,83	-12,40	-11,97	-11,73	-11,49	-11,32	-11,15	-11,12	-11,09	-20,39
24/01/2022 18:10:00	-20,43	-20,53	-20,24	-19,61	-18,81	-17,88	-16,89	-16,05	-15,29	-14,64	-14,02	-13,48	-12,93	-12,51	-12,10	-11,89	-11,69	-11,54	-11,40	-11,38	-11,37	-20,45
24/01/2022 18:15:00	-20,49	-20,44	-20,18	-19,66	-18,94	-18,07	-17,13	-16,21	-15,55	-15,05	-14,59	-14,15	-13,70	-13,34	-12,97	-12,75	-12,54	-12,39	-12,24	-12,22	-12,20	-20,54
24/01/2022 18:20:00	-20,53	-20,33	-19,97	-19,54	-18,90	-18,03	-17,04	-16,21	-15,51	-14,92	-14,35	-13,80	-13,24	-12,79	-12,34	-12,09	-11,83	-11,66	-11,49	-11,46	-11,43	-20,51
24/01/2022 18:25:00	-20,51	-20,38	-20,05	-19,54	-18,87	-18,07	-17,22	-16,58	-15,88	-15,23	-14,60	-14,05	-13,49	-13,05	-12,62	-12,41	-12,20	-12,05	-11,91	-11,89	-11,87	-20,61
24/01/2022 18:30:00	-20,68	-20,54	-20,18	-19,71	-19,16	-18,41	-17,44	-16,58	-15,90	-15,32	-14,75	-14,14	-13,54	-13,03	-12,52	-12,21	-11,90	-11,68	-11,45	-11,40	-11,34	-20,68
24/01/2022 18:35:00	-20,71	-20,66	-20,33	-19,75	-18,98	-18,08	-17,11	-16,32	-15,66	-15,11	-14,61	-14,15	-13,68	-13,32	-12,95	-12,75	-12,55	-12,42	-12,28	-12,27	-12,26	-20,74
24/01/2022 18:40:00	-20,76	-20,57	-20,11	-19,44	-18,66	-17,74	-16,72	-15,98	-15,30	-14,71	-14,17	-13,68	-13,19	-12,82	-12,44	-12,25	-12,06	-11,93	-11,80	-11,79	-11,78	-20,74
24/01/2022 18:45:00	-20,75	-20,33	-19,75	-19,12	-18,45	-17,70	-16,83	-16,00	-15,31	-14,70	-14,08	-13,46	-12,83	-12,31	-11,79	-11,49	-11,20	-10,98	-10,76	-10,71	-10,66	-20,74
24/01/2022 18:50:00	-20,77	-20,38	-19,95	-19,42	-18,75	-17,98	-17,16	-16,41	-15,75	-15,19	-14,65	-14,13	-13,61	-13,19	-12,77	-12,54	-12,32	-12,16	-12,00	-11,98	-11,95	-20,75
24/01/2022 18:55:00	-20,69	-20,30	-19,84	-19,32	-18,78	-18,18	-17,49	-16,90	-16,21	-15,53	-14,83	-14,15	-13,47	-12,92	-12,37	-12,08	-11,79	-11,58	-11,37	-11,31	-11,26	-20,74
24/01/2022 19:00:00	-20,63	-20,17	-19,71	-19,24	-18,74	-18,07	-17,17	-16,28	-15,61	-15,04	-14,45	-13,80	-13,16	-12,60	-12,04	-11,70	-11,37	-11,11	-10,86	-10,80	-10,73	-20,74
24/01/2022 19:05:00	-20,75	-20,36	-19,92	-19,35	-18,60	-17,70	-16,74	-15,84	-15,19	-14,70	-14,24	-13,79	-13,33	-12,96	-12,59	-12,37	-12,16	-12,01	-11,87	-11,85	-11,84	-20,69
24/01/2022 19:10:00	-20,52	-20,28	-19,66	-18,89	-18,04	-17,14	-16,21	-15,44	-14,92	-14,55	-14,20	-13,86	-13,51	-13,21	-12,91	-12,73	-12,55	-12,43	-12,30	-12,29	-12,28	-20,52
24/01/2022 19:15:00	-20,48	-19,94	-19,32	-18,65	-18,07	-17,50	-16,77	-16,01	-15,50	-15,09	-14,66	-14,15	-13,64	-13,17	-12,70	-12,40	-12,10	-11,87	-11,65	-11,59	-11,53	-20,33
24/01/2022 19:20:00	-20,27	-19,73	-19,35	-18,93	-18,42	-17,76	-16,96	-16,13	-15,52	-15,02	-14,52	-13,98	-13,45	-12,98	-12,52	-12,24	-11,96	-11,76	-11,56	-11,52	-11,48	-20,34
24/01/2022 19:25:00	-20,28	-19,69	-19,19	-18,76	-18,21	-17,52	-16,71	-15,92	-15,33	-14,84	-14,35	-13,82	-13,29	-12,83	-12,38	-12,10	-11,83	-11,63	-11,44	-11,40	-11,36	-20,30
24/01/2022 19:30:00	-20,30	-19,94	-19,43	-18,80	-18,06	-17,20	-16,29	-15,54	-14,91	-14,39	-13,89	-13,42	-12,95	-12,58	-12,20	-12,00	-11,80	-11,67	-11,53	-11,52	-11,51	-20,39
24/01/2022 19:35:00	-20,23	-19,85	-19,34	-18,71	-18,02	-17,31	-16,55	-15,82	-15,22	-14,71	-14,20	-13,69	-13,18	-12,75	-12,32	-12,09	-11,85	-11,67	-11,50	-11,47	-11,44	-20,37
24/01/2022 19:40:00	-20,07	-19,85	-19,36	-18,71	-17,97	-17,16	-16,30	-15,63	-15,01	-14,47	-13,94	-13,45	-12,96	-12,57	-12,18	-11,97	-11,77	-11,63	-11,49	-11,47	-11,45	-20,18
24/01/2022 19:45:00	-20,13	-19,74	-19,24	-18,64	-17,97	-17,22	-16,38	-15,66	-15,03	-14,49	-13,95	-13,43	-12,92	-12,50	-12,07	-11,85	-11,62	-11,46	-11,31	-11,28	-11,26	-20,20
24/01/2022 19:50:00	-20,09	-19,59	-19,04	-18,38	-17,66	-16,90	-16,16	-15,60	-15,00	-14,45	-13,93	-13,46	-12,99	-12,62	-12,26	-12,09	-11,91	-11,80	-11,68	-11,68	-11,67	-20,05
24/01/2022 19:55:00	-20,04	-19,55	-19,16	-18,67	-17,98	-17,12	-16,21	-15,28	-14,65	-14,21	-13,81	-13,40	-12,99	-12,64	-12,30	-12,09	-11,88	-11,75	-11,61	-11,60	-11,60	-20,10
24/01/2022 20:00:00	-20,15	-19,51	-19,05	-18,70	-18,22	-17,62	-16,93	-16,17	-15,55	-15,01	-14,44	-13,84	-13,24	-12,72	-12,20	-11,90	-11,59	-11,37	-11,15	-11,10	-11,05	-20,01
24/01/2022 20:05:00	-20,04	-19,48	-19,13	-18,74	-18,22	-17,52	-16,69	-16,05	-15,39	-14,78	-14,19	-13,63	-13,07	-12,62	-12,18	-11,95	-11,72	-11,57	-11,41	-11,40	-11,38	-20,06
24/01/2022 20:10:00	-20,14	-19,63	-19,19	-18,76	-18,37	-17,86	-17,17	-16,64	-16,04	-15,44	-14,82	-14,17	-13,53	-12,99	-12,45	-12,15	-11,85	-11,63	-11,41	-11,36	-11,30	-20,10
24/01/2022 20:15:00	-20,13	-19,68	-19,09	-18,59	-18,00	-17,41	-16,83	-16,25	-15,72	-15,23	-14,72	-14,18	-13,65	-13,19	-12,73	-12,47	-12,20	-12,01	-11,81	-11,77	-11,72	-20,13
24/01/2022 20:20:00	-20,15	-19,75	-19,38	-18,83	-18,26	-17,58	-16,74	-15,87	-15,29	-14,85	-14,43	-13,96	-13,49	-13,07	-12,66	-12,40	-12,14	-11,95	-11,76	-11,73	-11,69	-20,21
24/01/2022 20:25:00	-20,41	-19,72	-19,18	-18,73	-18,20	-17,54	-16,75	-15,98	-15,40	-14,92	-14,44	-13,91	-13,39	-12,93	-12,47	-12,20	-11,92	-11,72	-11,53	-11,49	-11,45	-20,28
24/01/2022 20:30:00	-20,39	-19,67	-19,14	-18,65	-18,17	-17,55	-16,77	-16,15	-15,54	-14,98	-14,40	-13,80	-13,21	-12,72	-12,22	-11,95	-11,67	-11,47	-11,28	-11,24	-11,20	-20,35
24/01/2022 20:35:00	-20,46	-19,67	-19,09	-18,56	-18,01	-17,40	-16,73	-16,18	-15,63	-15,13	-14,62	-14,10	-13,59	-13,16	-12,73	-12,49	-12,26	-12,09	-11,93	-11,90	-11,87	-20,42
24/01/2022 20:40:00	-20,37	-19,65	-19,18	-18,72	-18,13	-17,40	-16,56	-15,74	-15,12	-14,64	-14,16	-13,66	-13,17	-12,75	-12,33	-12,08	-11,84	-11,67	-11,50	-11,48	-11,45	-20,42
24/01/2022 20:45:00	-20,41	-19,82	-19,17	-18,53	-17,94	-17,34	-16,63	-15,90	-15,38	-14,96	-14,51	-13,99	-13,48	-13,02	-12,56	-12,27	-11,98	-11,77	-11,55	-11,50	-11,45	-20,49
24/01/2022 20:50:00	-20,41	-19,80	-19,16	-18,67	-18,16	-17,58	-16,91	-16,45	-15,99	-15,55	-15,10	-14,62	-14,14	-13,71	-13,29	-13,04	-12,79	-12,61	-12,43	-12,39	-12,35	-20,42
24/01/2022 20:55:00	-20,44	-19,83	-19,19	-18,61	-18,05	-17,43	-16,72	-16,26	-15,80	-15,37	-14,94	-14,50	-14,05	-13,66	-13,27	-13,05	-12,82	-12,66	-12,50	-12,47	-12,45	-20,36
24/01/2022 21:00:00	-20,43	-19,69	-19,14	-18,70	-18,20	-17,58	-16,82	-16,23	-15,64	-15,09	-14,53	-13,96	-13,39	-12,92	-12,44	-12,18	-11,91	-11,73	-11,54	-11,51	-11,47	-20,40
24/01/2022 21:05:00	-20,34	-19,75	-19,02	-18,40	-17,73	-17,16	-16,69	-16,17	-15,69	-15,22	-14,75	-14,26	-13,77	-13,34	-12,92	-12,68	-12,45	-12,27	-12,09	-12,06	-12,02	-20,43
24/01/2022 21:10:00	-20,27	-19,82	-19,19	-18,45	-17,78	-17,07	-16,26	-15,63	-15,13	-14,73	-14,34	-13,94	-13,53	-13,17	-12,81	-12,60	-12,38	-12,23	-12,08	-12,05	-12,03	-20,30
24/01/2022 21:15:00	-20,30	-19,79	-19,09	-18,32	-17,60	-16,88	-16,09	-15,41	-14,93	-14,54	-14,16	-13,75	-13,35	-12,99	-12,62	-12,41	-12,19	-12,03	-11,88	-11,85	-11,83	-20,42
24/01/2022 21:20:00	-20,29	-19,59	-18,83	-18,23	-17,56	-16,88	-16,21	-15,57	-15,11	-14,75	-14,39	-13,98	-13,58	-13,20	-12,83	-12,60	-12,37	-12,21	-12,04	-12,02	-11,99	-20,17
24/01/2022 21:25:00	-20,26	-19,70	-18,93	-18,18	-17,43	-16,69	-15,95	-15,36	-14,89	-14,49	-14,11	-13,70	-13,30	-12,94	-12,59	-12,39	-12,19	-12,04	-11,89	-11,87	-11,86	-19,86
24/01/2022 21:30:00	-20,02	-19,29	-18,66	-17,99	-17,35	-16,70	-15,99	-15,40	-14,89	-14,44	-14,01	-13,57	-13,13	-12,75	-12,38	-12,18	-11,97	-11,83	-11,69	-11,67	-11,66	-19,94
24/01/2022 21:35:00	-19,94	-19,35	-18,63	-17,91	-17,21	-16,58	-15,97	-15,41	-14,94	-14,53	-14,12	-13,69	-13,26	-12,89	-12,52	-12,31	-12,10	-11,94	-11,79	-11,77	-11,74	-20,00
24/01/2022 21:40:00	-19,92	-19,18	-18,42	-17,75	-17,06	-16,40	-15,78	-15,32	-14,88	-14,50	-14,11	-13,73	-13,34	-13,01	-12,68	-12,49	-12,31	-12,19	-12,06	-12,05	-12,04	-20,19
24/01/2022 21:45:00	-20,26	-19,33	-18,38	-17,71	-17,14	-16,68	-16,26	-15,89	-15,50	-15,11	-14,66	-14,17	-13,68	-13,23	-12,79	-12,53	-12,27	-12,07	-11,88	-11,83	-11,79	-20,32
24/01/2022 21:50:00	-20,36	-19,55	-18,76	-18,09	-17,39	-16,75	-16,16	-15,57	-15,17	-14,85	-14,54	-14,19	-13,83	-13,50	-13,17	-12,97	-12,76	-12,62	-12,47	-12,45	-12,43	-20,37
24/01/2022 21:55:00	-20,51	-19,75	-18,98	-18,25	-17,55	-16,94	-16,37	-15,73	-15,36	-15,09	-14,84	-14,52	-14,21	-13,90	-13,60	-13,40	-13,19	-13,05	-12,90	-12,88	-12,85	-20,50
24/01/2022 22:00:00	-20,47	-19,62	-18,76	-18,04	-17,47	-16,99	-16,50	-16,09	-15,69	-15,30	-14,88	-14,42	-13,96	-13,54	-13,13	-12,88	-12,64	-12,46	-12,28	-12,23	-12,19	-20,50
24/01/2022 22:05:00	-20,76	-19,61	-18,81	-18,25	-17,77	-17,35	-16,91	-16,47	-16,04	-15,62	-15,16	-14,66	-14,15	-13,70	-13,24	-12,98	-12,72	-12,52	-12,32	-12,28	-12,23	-20,73
24/01/2022 22:10:00	-20,85	-19,94	-18,98	-18,17	-17,63	-17,26	-16,86	-16,45	-16,11	-15,76	-15,35	-14,86	-14,38	-13,91	-13,44	-13,16	-12,87	-12,64	-12,41	-12,34	-12,28	-20,78
24/01/2022 22:15:00	-20,85	-19,65	-18,75	-18,22	-17,85	-17,54	-17,14	-16,71	-16,29	-15,86	-15,36	-14,76	-14,16	-13,61	-13,06	-12,72	-12,39	-12,13	-11,87	-11,79	-11,72	-20,84
24/01/2022 22:20:00	-20,86	-19,73	-18,76	-18,10	-17,59	-17,10	-16,55	-16,21	-15,90	-15,61	-15,29	-14,90	-14,51	-14,13	-13,75	-13,51	-13,27	-13,09	-12,91	-12,88	-12,84	-20,90
24/01/2022 22:25:00	-20,86	-19,85	-19,04	-18,43	-17,93	-17,50	-17,02	-16,50	-16,10	-15,74	-15,35	-14,88	-14,41	-13,96	-13,51	-13,24	-12,96	-12,75	-12,53	-12,48	-12,43	-20,94
24/01/2022 22:30:00	-20,76	-19,95	-19,15	-18,45	-17,81	-17,19	-16,58	-16,18	-15,80	-15,46	-15,13	-14,79	-14,44	-14,13	-13,81	-13,64	-13,46	-13,33	-13,20	-13,19	-13,18	-20,79
24/01/2022 22:35:00	-20,89	-19,67	-18,91	-18,47	-18,16	-17,81	-17,33	-16,92	-16,46	-15,98	-15,45	-14,84	-14,23	-13,68	-13,14	-12,82	-12,50	-12,26	-12,02	-11,95	-11,89	-20,87
24/01/2022 22:40:00	-21,02	-19,96	-19,11	-18,43	-17,83	-17,24	-16,60	-16,16	-15,77	-15,42	-15,07	-14,69	-14,31	-13,96	-13,62	-13,42	-13,22	-13,07	-12,93	-12,91	-12,89	-21,02
24/01/2022 22:45:00	-21,01	-20,02	-19,07	-18,33	-17,71	-17,19	-16,70	-16,35	-16,07	-15,82	-15,56	-15,24	-14,93	-14,61	-14,29	-14,09	-13,89	-13,74	-13,59	-13,56	-13,53	-20,97
24/01/2022 22:50:00	-20,72	-19,84	-19,15	-18,56	-17,99	-17,47	-16,96	-16,41	-16,01	-15,68	-15,34	-14,96	-14,57	-14,21	-13,85	-13,63	-13,41	-13,25	-13,09	-13,06	-13,03	-20,67
24/01/2022 22:55:00	-20,70	-19,74	-19,00	-18,34	-17,87	-17,48	-17,05	-16,68	-16,31	-15,95	-15,57	-15,14	-14,71	-14,30	-13,90	-13,66	-13,43	-13,25	-13,06	-13,02	-12,98	-20,03
24/01/2022 23:00:00	-20,78	-20,00	-19,32	-18,65	-18,07	-17,61	-17,16	-16,68	-16,31	-15,99	-15,66	-15,29	-14,91	-14,56	-14,20	-13,99	-13,77	-13,61	-13,44	-13,41	-13,37	-20,26
24/01/2022 23:05:00	-20,87	-19,98	-19,24	-18,58	-17,99	-17,53	-17,11	-16,64	-16,27	-15,95	-15,60	-15,22	-14,83	-14,46	-14,10	-13,87	-13,65	-13,48	-13,31	-13,28	-13,24	-20,27
24/01/2022 23:10:00	-20,66	-19,76	-19,09	-18,50	-18,02	-17,55	-17,00	-16,48	-16,11	-15,80	-15,48	-15,09	-14,70	-14,32	-13,95	-13,70	-13,46	-13,28	-13,10	-13,06	-13,03	-20,41
24/01/2022 23:15:00	-20,73	-19,91	-19,32	-18,90	-18,51	-18,03	-17,44	-17,01	-16,48	-15,95	-15,38	-14,80	-14,21	-13,71	-13,21	-12,93	-12,65	-12,44	-12,23	-12,18	-12,14	-20,65
24/01/2022 23:20:00	-20,89	-20,02	-19,24	-18,68	-18,21	-17,82	-17,40	-16,88	-16,49	-16,12	-15,70	-15,19	-14,69	-14,21	-13,73	-13,42	-13,12	-12,89	-12,65	-12,59	-12,52	-20,90
24/01/2022 23:25:00	-20,97	-19,91	-19,31	-18,84	-18,49	-18,09	-17,56	-17,09	-16,59	-16,10	-15,57	-15,00	-14,44	-13,94	-13,44	-13,16	-12,87	-12,66	-12,45	-12,40	-12,34	-21,27
24/01/2022 23:30:00	-21,21	-20,23	-19,59	-19,21	-18,75	-18,30	-17,85	-17,36	-16,86	-16,38	-15,87	-15,33	-14,79	-14,32	-13,85	-13,58	-13,31	-13,12	-12,92	-12,87	-12,83	-21,30
24/01/2022 23:35:00	-20,95	-20,09	-19,45	-19,06	-18,57	-18,03	-17,50	-17,06	-16,64	-16,25	-15,86	-15,45	-15,04	-14,66	-14,29	-14,07	-13,85	-13,69	-13,53	-13,51	-13,48	-21,12
24/01/2022 23:40:00	-20,99	-20,04	-19,38	-18,97	-18,55	-18,09	-17,59	-17,16	-16,77	-16,42	-16,04	-15,61	-15,19	-14,79	-14,39	-14,15	-13,90	-13,72	-13,55	-13,51	-13,47	-20,80
24/01/2022 23:45:00	-20,76	-19,97	-19,55	-19,15	-18,75	-18,26	-17,65	-17,16	-16,69	-16,27	-15,85	-15,40	-14,95	-14,56	-14,16	-13,93	-13,69	-13,52	-13,36	-13,33	-13,30	-20,34
24/01/2022 23:50:00	-20,62	-20,06	-19,62	-19,17	-18,71	-18,21	-17,66	-17,15	-16,73	-16,37	-16,01	-15,62	-15,24	-14,88	-14,52	-14,29	-14,07	-13,91	-13,76	-13,72	-13,69	-20,35
24/01/2022 23:55:00	-20,47	-20,18	-19,78	-19,43	-19,00	-18,49	-17,94	-17,50	-17,09	-16,71	-16,33	-15,92	-15,51	-15,13	-14,76	-14,52	-14,29	-14,12	-13,95	-13,92	-13,88	-19,97
