FileFormat:0002.2 file with temperature of atmosphere
SN105HE102 RTK
local	GMT or Local
0	GMT-Local=[hours]
20	Height[m]
0	0	0	Longitude                [grd]               [min]               [sec]
0	0	0	Latitude                [grd]               [min]               [sec]
N	NS
56,45	Freq[GHz]
0,00	dTemostat[K]
0,150	MessErr[K]
0,248	//[grad/step]
version 14.4.20120406
MTP5HE102F5645K-38.60I70D222917+A1.1
Commentary:
SN105HE102
парабола ДНА = 2,5 град
НЕ102 - ПУ - ХВБ с ЦСД " S "
АЦП - 202 - 09 с контр.U пит.и М
оптопара серии - 2
Т out № 178 пл
БП LPS - 112
End Of Commentary

SYSTEM\summer.dat
data time	0	50	100	150	200	250	300	350	400	450	500	550	600	650	700	750	800	850	900	950	1000	OutsideTemperature
04/08/2021 00:00:00	18,46	18,86	19,09	19,23	19,19	19,05	18,88	18,70	18,46	18,18	17,82	17,45	17,08	16,71	16,33	15,93	15,53	15,08	14,63	14,14	13,65	18,52
04/08/2021 00:05:00	18,40	18,75	19,06	19,31	19,35	19,31	19,20	19,06	18,83	18,54	18,15	17,74	17,34	16,94	16,54	16,12	15,69	15,22	14,74	14,23	13,71	17,94
04/08/2021 00:10:00	18,36	18,85	19,11	19,32	19,39	19,26	19,08	18,93	18,67	18,33	17,98	17,60	17,22	16,83	16,44	16,01	15,58	15,11	14,63	14,12	13,61	18,10
04/08/2021 00:15:00	18,65	18,97	19,19	19,41	19,51	19,47	19,32	19,08	18,77	18,42	18,05	17,65	17,24	16,83	16,41	15,95	15,50	14,99	14,49	13,94	13,39	18,13
04/08/2021 00:20:00	18,76	19,13	19,29	19,44	19,48	19,28	19,01	18,76	18,50	18,24	17,81	17,37	16,93	16,52	16,10	15,67	15,24	14,77	14,30	13,79	13,28	18,29
04/08/2021 00:25:00	18,67	19,04	19,24	19,37	19,34	19,26	19,10	18,85	18,55	18,20	17,85	17,48	17,10	16,71	16,32	15,89	15,46	14,98	14,50	13,99	13,47	17,74
04/08/2021 00:30:00	18,50	18,75	18,94	19,13	19,24	19,20	19,06	18,86	18,62	18,34	17,96	17,55	17,15	16,75	16,34	15,92	15,49	15,01	14,52	14,00	13,47	18,21
04/08/2021 00:35:00	18,21	18,80	19,15	19,41	19,46	19,41	19,27	19,09	18,81	18,46	18,10	17,71	17,32	16,92	16,52	16,08	15,64	15,15	14,66	14,14	13,61	18,24
04/08/2021 00:40:00	18,30	18,90	19,18	19,41	19,52	19,49	19,37	19,16	18,90	18,60	18,20	17,79	17,38	16,96	16,55	16,11	15,67	15,18	14,69	14,15	13,62	17,59
04/08/2021 00:45:00	18,21	18,99	19,35	19,55	19,47	19,38	19,24	19,04	18,74	18,37	17,93	17,50	17,07	16,65	16,23	15,79	15,35	14,87	14,38	13,87	13,35	18,43
04/08/2021 00:50:00	17,98	18,95	19,42	19,72	19,76	19,70	19,53	19,25	18,93	18,58	18,10	17,61	17,13	16,66	16,20	15,72	15,25	14,75	14,24	13,70	13,16	18,10
04/08/2021 00:55:00	17,57	18,60	19,13	19,52	19,69	19,63	19,48	19,31	19,02	18,65	18,20	17,73	17,27	16,81	16,35	15,88	15,41	14,90	14,39	13,84	13,29	17,86
04/08/2021 01:00:00	17,49	18,69	19,32	19,73	19,81	19,78	19,63	19,36	18,99	18,55	18,12	17,66	17,20	16,73	16,26	15,76	15,27	14,74	14,21	13,65	13,09	17,37
04/08/2021 01:05:00	17,68	18,99	19,56	19,89	19,86	19,77	19,62	19,38	19,03	18,61	18,12	17,62	17,13	16,66	16,19	15,71	15,24	14,73	14,22	13,68	13,15	17,40
04/08/2021 01:10:00	17,93	19,09	19,54	19,81	19,79	19,56	19,25	18,94	18,61	18,24	17,85	17,44	17,03	16,61	16,19	15,73	15,27	14,78	14,30	13,80	13,30	17,48
04/08/2021 01:15:00	17,86	18,87	19,31	19,56	19,51	19,38	19,21	19,02	18,62	18,11	17,63	17,15	16,67	16,20	15,73	15,25	14,77	14,26	13,74	13,19	12,65	17,40
04/08/2021 01:20:00	17,73	18,87	19,34	19,61	19,62	19,46	19,21	18,89	18,53	18,12	17,71	17,27	16,83	16,39	15,94	15,47	14,99	14,49	13,99	13,46	12,94	18,05
04/08/2021 01:25:00	17,40	18,51	19,05	19,38	19,36	19,37	19,22	18,76	18,42	18,11	17,67	17,21	16,75	16,30	15,84	15,36	14,88	14,37	13,87	13,33	12,80	17,81
04/08/2021 01:30:00	17,33	18,29	18,85	19,26	19,39	19,35	19,21	19,00	18,76	18,49	18,00	17,51	17,01	16,55	16,09	15,63	15,18	14,68	14,19	13,66	13,13	17,25
04/08/2021 01:35:00	17,28	18,38	19,00	19,40	19,42	19,29	19,07	18,78	18,48	18,15	17,73	17,29	16,84	16,40	15,96	15,50	15,04	14,55	14,06	13,55	13,04	17,44
04/08/2021 01:40:00	17,30	18,21	18,70	19,06	19,15	19,10	18,93	18,68	18,40	18,09	17,69	17,27	16,84	16,41	15,99	15,53	15,08	14,59	14,10	13,58	13,05	17,56
04/08/2021 01:45:00	17,39	18,53	19,09	19,42	19,38	19,36	19,23	18,95	18,61	18,23	17,84	17,43	17,01	16,58	16,15	15,69	15,23	14,74	14,24	13,72	13,19	17,41
04/08/2021 01:50:00	17,47	18,72	19,32	19,71	19,75	19,64	19,43	19,15	18,80	18,39	17,94	17,46	16,99	16,52	16,05	15,57	15,08	14,56	14,05	13,51	12,97	17,65
04/08/2021 01:55:00	17,74	19,08	19,76	20,17	20,09	19,97	19,76	19,38	18,97	18,50	18,00	17,47	16,95	16,45	15,94	15,42	14,91	14,37	13,83	13,28	12,72	16,88
04/08/2021 02:00:00	17,65	18,90	19,35	19,60	19,60	19,40	19,10	18,76	18,38	17,97	17,49	17,00	16,52	16,04	15,57	15,09	14,60	14,10	13,59	13,07	12,54	16,76
04/08/2021 02:05:00	17,39	18,54	19,10	19,47	19,54	19,44	19,21	18,87	18,49	18,05	17,56	17,05	16,53	16,04	15,54	15,03	14,52	13,99	13,46	12,91	12,36	17,04
04/08/2021 02:10:00	16,77	17,91	18,77	19,36	19,41	19,38	19,26	19,04	18,72	18,32	17,82	17,29	16,77	16,27	15,77	15,27	14,77	14,24	13,72	13,17	12,62	17,15
04/08/2021 02:15:00	16,33	17,73	18,55	19,17	19,46	19,55	19,50	19,34	19,07	18,72	18,20	17,67	17,13	16,62	16,11	15,62	15,12	14,58	14,04	13,47	12,89	16,84
04/08/2021 02:20:00	16,55	18,20	19,13	19,78	19,97	19,97	19,84	19,58	19,23	18,81	18,30	17,76	17,22	16,69	16,17	15,64	15,11	14,56	14,01	13,43	12,86	16,75
04/08/2021 02:25:00	16,47	18,05	18,97	19,63	19,88	19,87	19,74	19,56	19,27	18,90	18,38	17,84	17,30	16,79	16,28	15,77	15,26	14,72	14,18	13,61	13,05	16,57
04/08/2021 02:30:00	16,51	18,29	19,31	19,99	20,14	20,12	19,97	19,68	19,35	18,95	18,40	17,83	17,26	16,72	16,18	15,65	15,12	14,57	14,02	13,45	12,88	16,26
04/08/2021 02:35:00	16,61	18,44	19,27	19,78	19,86	19,84	19,66	19,26	18,84	18,38	17,89	17,37	16,84	16,33	15,81	15,27	14,74	14,19	13,64	13,07	12,50	16,24
04/08/2021 02:40:00	16,61	18,13	18,79	19,20	19,24	19,12	18,90	18,59	18,19	17,72	17,23	16,72	16,21	15,71	15,21	14,70	14,19	13,67	13,15	12,60	12,06	16,16
04/08/2021 02:45:00	16,44	17,58	18,20	18,60	18,62	18,53	18,35	18,09	17,78	17,41	16,92	16,42	15,92	15,45	14,97	14,51	14,04	13,55	13,06	12,54	12,03	16,17
04/08/2021 02:50:00	16,31	17,44	17,98	18,32	18,36	18,21	18,00	17,81	17,52	17,16	16,69	16,22	15,76	15,31	14,86	14,42	13,97	13,49	13,02	12,52	12,03	16,12
04/08/2021 02:55:00	16,01	17,30	17,91	18,31	18,40	18,36	18,19	17,89	17,63	17,36	16,90	16,44	15,97	15,53	15,08	14,63	14,18	13,70	13,22	12,72	12,22	16,12
04/08/2021 03:00:00	15,44	16,71	17,45	17,99	18,21	18,27	18,23	18,10	17,80	17,41	16,97	16,51	16,04	15,58	15,11	14,64	14,16	13,65	13,14	12,60	12,06	16,39
04/08/2021 03:05:00	14,85	16,24	17,16	17,85	18,13	18,22	18,19	18,08	17,87	17,56	16,99	16,42	15,86	15,34	14,83	14,35	13,87	13,36	12,86	12,31	11,77	16,07
04/08/2021 03:10:00	15,12	16,56	17,43	18,08	18,39	18,44	18,34	18,14	17,84	17,47	17,03	16,55	16,06	15,57	15,09	14,59	14,08	13,56	13,03	12,48	11,92	15,92
04/08/2021 03:15:00	15,52	16,82	17,70	18,34	18,56	18,72	18,75	18,63	18,37	18,00	17,50	16,98	16,46	15,97	15,47	14,99	14,50	13,98	13,46	12,90	12,34	15,92
04/08/2021 03:20:00	15,64	17,00	17,81	18,41	18,67	18,68	18,56	18,35	18,06	17,69	17,25	16,76	16,28	15,80	15,32	14,83	14,33	13,81	13,29	12,75	12,20	16,05
04/08/2021 03:25:00	15,81	17,37	18,11	18,63	18,86	18,90	18,79	18,50	18,20	17,86	17,39	16,90	16,41	15,93	15,45	14,95	14,46	13,94	13,42	12,88	12,33	15,92
04/08/2021 03:30:00	15,99	17,44	18,11	18,58	18,74	18,66	18,48	18,26	17,98	17,65	17,15	16,65	16,15	15,67	15,20	14,73	14,26	13,76	13,27	12,75	12,22	15,77
04/08/2021 03:35:00	15,77	17,40	18,07	18,50	18,58	18,42	18,20	17,99	17,65	17,23	16,76	16,28	15,80	15,33	14,87	14,39	13,91	13,42	12,93	12,42	11,91	15,82
04/08/2021 03:40:00	15,70	17,19	17,87	18,29	18,35	18,33	18,19	17,92	17,57	17,16	16,67	16,16	15,66	15,17	14,69	14,21	13,72	13,22	12,71	12,19	11,66	16,19
04/08/2021 03:45:00	15,69	17,30	18,08	18,58	18,70	18,62	18,44	18,18	17,81	17,36	16,85	16,31	15,78	15,27	14,76	14,25	13,74	13,22	12,70	12,16	11,62	15,92
04/08/2021 03:50:00	15,96	17,69	18,37	18,76	18,83	18,74	18,55	18,25	17,86	17,40	16,94	16,45	15,96	15,48	15,00	14,51	14,01	13,50	12,99	12,45	11,92	15,87
04/08/2021 03:55:00	16,03	17,57	18,17	18,59	18,76	18,62	18,37	18,04	17,70	17,33	16,83	16,33	15,82	15,33	14,83	14,34	13,85	13,34	12,83	12,30	11,77	15,99
04/08/2021 04:00:00	15,92	17,43	18,16	18,63	18,69	18,62	18,48	18,28	17,94	17,52	17,02	16,52	16,02	15,54	15,06	14,58	14,10	13,59	13,09	12,56	12,04	15,97
04/08/2021 04:05:00	15,83	17,49	18,19	18,67	18,88	18,76	18,54	18,28	17,97	17,59	17,07	16,54	16,02	15,52	15,02	14,53	14,03	13,52	13,01	12,48	11,94	15,92
04/08/2021 04:10:00	15,13	16,54	17,37	17,98	18,27	18,29	18,21	18,08	17,87	17,58	17,11	16,62	16,13	15,67	15,20	14,74	14,28	13,79	13,29	12,77	12,24	15,74
04/08/2021 04:15:00	14,87	16,08	17,13	17,96	18,37	18,59	18,65	18,56	18,29	17,90	17,42	16,88	16,35	15,83	15,31	14,79	14,27	13,72	13,17	12,57	11,98	15,49
04/08/2021 04:20:00	14,89	16,96	17,91	18,50	18,64	18,63	18,51	18,30	17,96	17,56	17,04	16,52	16,00	15,50	15,01	14,51	14,02	13,51	13,00	12,47	11,95	15,29
04/08/2021 04:25:00	15,08	16,63	17,56	18,24	18,51	18,57	18,49	18,30	17,96	17,53	17,05	16,53	16,01	15,49	14,98	14,46	13,94	13,40	12,86	12,30	11,73	15,10
04/08/2021 04:30:00	15,20	16,79	17,53	18,03	18,22	18,21	18,09	17,91	17,58	17,18	16,77	16,32	15,88	15,43	14,98	14,50	14,02	13,52	13,02	12,50	11,97	14,99
04/08/2021 04:35:00	15,09	16,41	17,19	17,70	17,82	17,83	17,73	17,52	17,30	17,03	16,51	16,00	15,49	15,03	14,56	14,11	13,66	13,19	12,72	12,23	11,73	15,03
04/08/2021 04:40:00	14,81	16,17	16,98	17,55	17,80	17,90	17,88	17,74	17,46	17,09	16,57	16,05	15,52	15,02	14,53	14,05	13,57	13,06	12,55	12,01	11,46	15,39
04/08/2021 04:45:00	15,11	16,59	17,17	17,54	17,64	17,68	17,61	17,42	17,11	16,75	16,31	15,87	15,43	14,99	14,55	14,11	13,66	13,18	12,70	12,19	11,68	15,60
04/08/2021 04:50:00	15,77	16,86	17,31	17,59	17,61	17,53	17,35	17,10	16,82	16,51	16,10	15,68	15,26	14,85	14,44	14,01	13,58	13,13	12,68	12,20	11,72	15,58
04/08/2021 04:55:00	15,49	16,76	17,26	17,61	17,80	17,69	17,52	17,34	17,05	16,71	16,31	15,90	15,49	15,07	14,65	14,21	13,76	13,29	12,82	12,32	11,83	15,56
04/08/2021 05:00:00	15,05	16,43	17,13	17,62	17,80	17,75	17,63	17,47	17,25	16,96	16,46	15,97	15,49	15,03	14,57	14,13	13,69	13,22	12,75	12,25	11,75	16,13
04/08/2021 05:05:00	14,65	16,20	17,05	17,66	17,92	17,96	17,87	17,69	17,44	17,12	16,62	16,11	15,60	15,12	14,64	14,16	13,69	13,19	12,69	12,17	11,64	15,89
04/08/2021 05:10:00	14,55	16,36	17,17	17,72	17,94	17,97	17,85	17,61	17,38	17,08	16,46	15,87	15,28	14,76	14,24	13,76	13,29	12,80	12,30	11,78	11,26	15,45
04/08/2021 05:15:00	15,20	16,92	17,46	17,77	17,87	17,71	17,45	17,13	16,86	16,58	16,15	15,72	15,29	14,87	14,45	14,01	13,58	13,12	12,67	12,20	11,74	15,24
04/08/2021 05:20:00	15,40	16,78	17,47	17,93	18,03	18,00	17,86	17,62	17,32	16,95	16,47	15,97	15,48	15,01	14,53	14,06	13,60	13,10	12,61	12,10	11,59	15,32
04/08/2021 05:25:00	14,82	16,30	17,03	17,62	18,00	18,02	17,94	17,82	17,58	17,26	16,81	16,34	15,87	15,41	14,95	14,48	14,01	13,51	13,01	12,48	11,94	15,94
04/08/2021 05:30:00	14,43	15,78	16,61	17,24	17,54	17,69	17,68	17,54	17,29	16,98	16,60	16,18	15,76	15,32	14,89	14,42	13,96	13,46	12,97	12,43	11,90	15,37
04/08/2021 05:35:00	14,50	15,93	16,86	17,52	17,76	17,88	17,86	17,71	17,46	17,13	16,65	16,15	15,65	15,17	14,69	14,22	13,74	13,24	12,74	12,21	11,67	15,25
04/08/2021 05:40:00	15,07	16,70	17,54	18,13	18,37	18,45	18,38	18,18	17,89	17,53	17,03	16,51	15,99	15,50	15,00	14,51	14,02	13,51	12,99	12,44	11,90	15,23
04/08/2021 05:45:00	15,50	16,82	17,33	17,68	17,84	17,80	17,65	17,44	17,20	16,93	16,47	16,02	15,57	15,14	14,71	14,28	13,85	13,38	12,92	12,42	11,93	15,14
04/08/2021 05:50:00	15,53	16,67	17,08	17,36	17,48	17,56	17,50	17,28	17,02	16,72	16,32	15,91	15,50	15,09	14,68	14,25	13,82	13,36	12,89	12,39	11,89	15,27
04/08/2021 05:55:00	15,34	16,45	16,86	17,19	17,41	17,39	17,27	17,10	16,85	16,56	16,14	15,71	15,29	14,87	14,45	14,02	13,59	13,12	12,66	12,16	11,66	15,36
04/08/2021 06:00:00	15,27	16,73	17,32	17,68	17,72	17,63	17,46	17,22	16,89	16,52	16,16	15,77	15,39	14,98	14,57	14,13	13,68	13,22	12,75	12,27	11,78	15,50
04/08/2021 06:05:00	14,98	16,52	17,27	17,74	17,83	17,71	17,54	17,36	17,06	16,69	16,30	15,88	15,46	15,04	14,62	14,17	13,71	13,25	12,78	12,29	11,81	15,77
04/08/2021 06:10:00	15,09	16,62	17,45	18,03	18,24	18,26	18,16	17,99	17,76	17,48	17,05	16,61	16,16	15,73	15,29	14,83	14,38	13,90	13,42	12,92	12,41	15,79
04/08/2021 06:15:00	15,02	16,29	17,13	17,73	17,92	18,07	18,07	17,91	17,72	17,47	17,01	16,53	16,06	15,61	15,16	14,71	14,27	13,78	13,30	12,78	12,27	15,77
04/08/2021 06:20:00	14,81	16,44	17,34	17,99	18,27	18,30	18,23	18,11	17,85	17,50	17,01	16,50	15,99	15,50	15,02	14,54	14,06	13,55	13,05	12,51	11,97	15,62
04/08/2021 06:25:00	14,82	16,27	17,01	17,56	17,83	17,92	17,88	17,71	17,47	17,19	16,86	16,48	16,10	15,70	15,30	14,85	14,40	13,92	13,44	12,92	12,41	15,87
04/08/2021 06:30:00	15,25	16,68	17,47	18,05	18,32	18,44	18,39	18,19	17,93	17,63	17,26	16,85	16,44	16,01	15,58	15,11	14,64	14,14	13,64	13,11	12,57	15,80
04/08/2021 06:35:00	15,20	16,62	17,43	18,02	18,27	18,35	18,30	18,16	17,90	17,57	17,23	16,84	16,45	16,03	15,62	15,16	14,69	14,20	13,71	13,18	12,66	16,15
04/08/2021 06:40:00	15,27	16,77	17,61	18,18	18,34	18,35	18,28	18,16	17,88	17,54	17,13	16,70	16,26	15,83	15,39	14,93	14,47	13,99	13,50	12,99	12,48	16,52
04/08/2021 06:45:00	15,22	16,61	17,44	18,04	18,28	18,33	18,26	18,09	17,83	17,52	17,11	16,67	16,22	15,78	15,33	14,87	14,40	13,90	13,41	12,88	12,36	16,47
04/08/2021 06:50:00	15,41	16,80	17,66	18,24	18,42	18,46	18,37	18,19	18,01	17,78	17,25	16,74	16,23	15,76	15,29	14,84	14,39	13,91	13,43	12,93	12,42	16,59
04/08/2021 06:55:00	15,22	16,64	17,44	17,99	18,18	18,27	18,23	18,05	17,84	17,58	17,12	16,66	16,19	15,75	15,30	14,86	14,41	13,93	13,45	12,93	12,42	17,17
04/08/2021 07:00:00	14,84	16,46	17,47	18,15	18,35	18,39	18,30	18,12	17,82	17,46	17,04	16,57	16,11	15,64	15,18	14,69	14,20	13,69	13,19	12,66	12,13	16,42
04/08/2021 07:05:00	14,92	16,61	17,47	18,08	18,34	18,41	18,34	18,14	17,87	17,55	17,12	16,67	16,22	15,76	15,31	14,83	14,35	13,85	13,34	12,81	12,28	15,96
04/08/2021 07:10:00	15,45	16,77	17,49	17,98	18,10	18,10	18,01	17,84	17,57	17,25	16,92	16,54	16,17	15,77	15,38	14,94	14,49	14,02	13,55	13,06	12,56	17,41
04/08/2021 07:15:00	15,67	16,76	17,49	18,04	18,24	18,27	18,20	18,07	17,83	17,53	17,17	16,77	16,37	15,95	15,54	15,09	14,64	14,16	13,68	13,17	12,65	17,70
04/08/2021 07:20:00	15,65	16,85	17,58	18,10	18,30	18,32	18,22	18,03	17,83	17,59	17,16	16,71	16,26	15,83	15,39	14,95	14,51	14,03	13,56	13,05	12,55	17,38
04/08/2021 07:25:00	15,64	16,82	17,34	17,71	17,88	17,94	17,88	17,72	17,48	17,20	16,91	16,58	16,25	15,89	15,53	15,11	14,69	14,23	13,77	13,28	12,79	17,86
04/08/2021 07:30:00	15,75	16,76	17,44	17,98	18,23	18,27	18,16	17,94	17,73	17,49	17,10	16,68	16,26	15,83	15,40	14,95	14,49	14,01	13,52	13,00	12,48	18,69
04/08/2021 07:35:00	16,31	17,09	17,64	18,09	18,33	18,35	18,24	18,06	17,79	17,46	17,08	16,65	16,22	15,78	15,35	14,88	14,42	13,92	13,42	12,89	12,35	18,75
04/08/2021 07:40:00	16,66	17,45	17,93	18,26	18,36	18,31	18,16	17,93	17,64	17,30	16,89	16,45	16,01	15,57	15,14	14,69	14,24	13,75	13,27	12,75	12,24	19,02
04/08/2021 07:45:00	16,78	17,68	18,11	18,36	18,36	18,27	18,11	17,89	17,61	17,28	16,86	16,43	16,00	15,59	15,17	14,74	14,31	13,85	13,39	12,90	12,40	19,56
04/08/2021 07:50:00	16,32	17,32	17,86	18,22	18,24	18,28	18,19	17,94	17,64	17,30	16,94	16,55	16,15	15,75	15,34	14,89	14,45	13,97	13,49	12,98	12,48	17,49
04/08/2021 07:55:00	16,15	17,41	17,95	18,28	18,33	18,21	18,03	17,82	17,52	17,17	16,77	16,36	15,94	15,53	15,11	14,67	14,23	13,76	13,30	12,81	12,32	16,80
04/08/2021 08:00:00	16,40	17,68	18,18	18,47	18,51	18,41	18,21	17,94	17,65	17,34	16,96	16,56	16,16	15,75	15,35	14,91	14,48	14,01	13,55	13,06	12,57	16,99
04/08/2021 08:05:00	16,62	17,57	17,90	18,08	18,02	18,05	17,99	17,76	17,48	17,19	16,94	16,66	16,37	16,05	15,72	15,33	14,93	14,49	14,05	13,58	13,10	17,66
04/08/2021 08:10:00	16,69	17,49	17,86	18,15	18,34	18,25	18,09	17,95	17,77	17,56	17,11	16,68	16,25	15,84	15,43	15,02	14,61	14,15	13,70	13,21	12,72	18,19
04/08/2021 08:15:00	16,42	17,16	17,64	17,99	18,10	18,11	18,02	17,86	17,64	17,37	16,97	16,55	16,14	15,73	15,32	14,90	14,47	14,01	13,55	13,05	12,55	17,18
04/08/2021 08:20:00	16,45	17,43	17,92	18,23	18,28	18,28	18,19	18,00	17,74	17,43	17,11	16,76	16,41	16,03	15,66	15,24	14,82	14,36	13,90	13,41	12,92	17,16
04/08/2021 08:25:00	16,55	17,51	17,96	18,24	18,28	18,25	18,12	17,89	17,61	17,28	16,92	16,53	16,14	15,74	15,35	14,91	14,48	14,02	13,55	13,05	12,56	17,40
04/08/2021 08:30:00	16,89	17,65	18,03	18,30	18,44	18,45	18,35	18,16	17,95	17,72	17,36	16,99	16,62	16,24	15,86	15,45	15,04	14,58	14,12	13,62	13,13	17,32
04/08/2021 08:35:00	16,85	17,54	17,90	18,14	18,21	18,27	18,24	18,10	17,84	17,53	17,26	16,96	16,65	16,30	15,96	15,55	15,15	14,69	14,23	13,73	13,23	18,04
04/08/2021 08:40:00	17,09	17,75	18,02	18,22	18,30	18,22	18,10	17,97	17,74	17,47	17,10	16,72	16,35	15,98	15,60	15,20	14,80	14,35	13,90	13,41	12,93	18,44
04/08/2021 08:45:00	17,15	17,68	18,00	18,22	18,25	18,19	18,08	17,94	17,71	17,42	17,11	16,76	16,42	16,07	15,71	15,31	14,91	14,47	14,03	13,55	13,07	17,97
04/08/2021 08:50:00	17,24	17,60	17,96	18,22	18,23	18,25	18,21	18,10	17,89	17,62	17,24	16,85	16,46	16,08	15,70	15,30	14,90	14,45	14,00	13,50	13,01	17,97
04/08/2021 08:55:00	17,53	17,92	18,08	18,21	18,29	18,32	18,29	18,18	17,95	17,65	17,36	17,05	16,74	16,40	16,06	15,67	15,28	14,82	14,37	13,87	13,37	18,31
04/08/2021 09:00:00	17,99	18,19	18,34	18,46	18,45	18,33	18,18	18,03	17,83	17,61	17,19	16,79	16,39	16,00	15,62	15,23	14,85	14,41	13,97	13,49	13,01	18,85
04/08/2021 09:05:00	18,05	18,04	18,15	18,24	18,18	18,19	18,10	17,82	17,59	17,38	17,01	16,62	16,23	15,85	15,47	15,08	14,68	14,23	13,79	13,30	12,81	19,11
04/08/2021 09:10:00	17,96	18,07	18,12	18,17	18,18	18,10	17,95	17,74	17,45	17,11	16,82	16,49	16,17	15,81	15,46	15,05	14,64	14,19	13,73	13,23	12,74	18,54
04/08/2021 09:15:00	18,03	18,10	18,25	18,36	18,29	18,29	18,22	17,98	17,71	17,41	17,08	16,72	16,37	16,00	15,63	15,22	14,81	14,36	13,90	13,40	12,90	18,67
04/08/2021 09:20:00	18,34	18,47	18,44	18,37	18,22	18,08	17,89	17,61	17,34	17,08	16,67	16,28	15,88	15,50	15,13	14,74	14,35	13,92	13,48	13,01	12,54	18,81
04/08/2021 09:25:00	18,29	18,43	18,36	18,26	18,12	17,98	17,76	17,42	17,14	16,88	16,54	16,20	15,85	15,50	15,15	14,76	14,38	13,95	13,52	13,06	12,60	18,88
04/08/2021 09:30:00	18,43	18,36	18,35	18,36	18,33	18,23	18,07	17,83	17,54	17,22	16,87	16,49	16,12	15,74	15,36	14,95	14,55	14,09	13,63	13,13	12,63	19,11
04/08/2021 09:35:00	18,47	18,55	18,51	18,46	18,37	18,21	17,96	17,62	17,34	17,10	16,77	16,42	16,07	15,71	15,35	14,96	14,57	14,13	13,70	13,23	12,76	19,19
04/08/2021 09:40:00	19,02	18,96	18,90	18,86	18,78	18,67	18,50	18,25	17,98	17,70	17,32	16,94	16,55	16,17	15,79	15,39	14,99	14,54	14,09	13,59	13,09	19,19
04/08/2021 09:45:00	19,19	19,12	19,06	19,01	18,91	18,75	18,52	18,22	17,91	17,58	17,25	16,89	16,53	16,17	15,80	15,39	14,97	14,52	14,06	13,57	13,07	20,17
04/08/2021 09:50:00	19,41	19,35	19,22	19,11	19,02	18,77	18,48	18,24	17,96	17,66	17,26	16,86	16,46	16,08	15,69	15,29	14,89	14,45	14,00	13,52	13,03	20,87
04/08/2021 09:55:00	19,62	19,52	19,35	19,12	18,82	18,54	18,25	17,96	17,67	17,37	17,06	16,75	16,43	16,11	15,79	15,42	15,06	14,65	14,24	13,80	13,36	20,69
04/08/2021 10:00:00	19,72	19,72	19,58	19,39	19,12	18,82	18,49	18,15	17,80	17,43	17,08	16,72	16,37	16,00	15,64	15,24	14,84	14,40	13,96	13,49	13,02	20,67
04/08/2021 10:05:00	20,07	19,84	19,64	19,40	19,01	18,67	18,35	18,07	17,75	17,39	17,03	16,69	16,35	16,01	15,66	15,29	14,91	14,50	14,08	13,64	13,19	22,68
04/08/2021 10:10:00	20,16	20,06	19,96	19,82	19,60	19,31	18,95	18,53	18,10	17,65	17,26	16,86	16,45	16,04	15,62	15,17	14,72	14,24	13,75	13,25	12,74	21,64
04/08/2021 10:15:00	20,12	20,00	19,85	19,69	19,51	19,25	18,91	18,48	18,09	17,73	17,32	16,90	16,48	16,07	15,65	15,22	14,78	14,31	13,83	13,33	12,83	20,34
04/08/2021 10:20:00	20,32	19,99	19,64	19,29	18,95	18,67	18,37	18,00	17,69	17,46	17,14	16,81	16,49	16,17	15,84	15,49	15,13	14,73	14,32	13,88	13,44	21,14
04/08/2021 10:25:00	20,44	20,10	19,72	19,38	19,10	18,72	18,35	18,12	17,76	17,32	16,99	16,68	16,36	16,02	15,69	15,30	14,91	14,48	14,05	13,58	13,12	20,54
04/08/2021 10:30:00	20,56	20,03	19,70	19,39	19,03	18,69	18,34	17,91	17,52	17,18	16,91	16,63	16,34	16,02	15,70	15,32	14,93	14,51	14,08	13,63	13,18	20,46
04/08/2021 10:35:00	20,59	20,23	19,81	19,40	18,96	18,57	18,21	17,87	17,56	17,29	16,91	16,55	16,18	15,84	15,50	15,15	14,80	14,41	14,01	13,58	13,16	20,39
04/08/2021 10:40:00	20,52	20,02	19,60	19,18	18,78	18,38	17,99	17,65	17,28	16,87	16,53	16,20	15,86	15,52	15,18	14,81	14,43	14,01	13,59	13,15	12,70	20,51
04/08/2021 10:45:00	20,55	20,12	19,71	19,35	19,03	18,64	18,23	17,85	17,46	17,05	16,67	16,29	15,91	15,54	15,16	14,76	14,36	13,91	13,47	13,00	12,53	20,85
04/08/2021 10:50:00	20,69	20,21	19,76	19,34	18,94	18,56	18,20	17,81	17,42	17,04	16,70	16,36	16,03	15,69	15,35	14,96	14,58	14,16	13,74	13,28	12,83	21,32
04/08/2021 10:55:00	20,62	20,27	19,79	19,35	19,02	18,62	18,20	17,78	17,43	17,14	16,77	16,40	16,03	15,68	15,33	14,95	14,58	14,16	13,75	13,30	12,86	21,34
04/08/2021 11:00:00	20,82	20,32	19,88	19,47	19,04	18,69	18,38	18,08	17,71	17,27	16,89	16,54	16,18	15,83	15,47	15,09	14,71	14,27	13,84	13,38	12,91	21,93
04/08/2021 11:05:00	21,12	20,65	20,27	19,88	19,42	18,97	18,53	18,12	17,72	17,34	16,86	16,41	15,96	15,55	15,14	14,74	14,33	13,90	13,46	13,00	12,54	22,99
04/08/2021 11:10:00	21,24	20,88	20,45	20,02	19,63	19,20	18,76	18,39	17,95	17,45	17,05	16,68	16,30	15,92	15,54	15,12	14,70	14,25	13,79	13,31	12,83	22,43
04/08/2021 11:15:00	21,29	20,81	20,39	20,01	19,62	19,32	19,03	18,57	18,09	17,58	17,10	16,63	16,16	15,72	15,27	14,82	14,37	13,88	13,39	12,86	12,33	21,69
04/08/2021 11:20:00	21,31	21,11	20,73	20,34	20,00	19,57	19,11	18,66	18,17	17,63	17,11	16,62	16,12	15,66	15,19	14,73	14,27	13,77	13,28	12,76	12,24	21,71
04/08/2021 11:25:00	21,15	20,98	20,65	20,29	19,91	19,48	19,02	18,53	18,03	17,51	17,02	16,55	16,08	15,62	15,17	14,71	14,25	13,77	13,28	12,77	12,26	22,24
04/08/2021 11:30:00	21,26	20,90	20,55	20,17	19,72	19,27	18,84	18,47	18,00	17,45	17,00	16,58	16,16	15,75	15,33	14,90	14,46	14,00	13,53	13,04	12,54	21,35
04/08/2021 11:35:00	21,29	20,90	20,52	20,15	19,71	19,24	18,78	18,36	17,93	17,47	17,00	16,55	16,11	15,69	15,27	14,84	14,42	13,96	13,50	13,02	12,54	21,23
04/08/2021 11:40:00	21,48	21,06	20,62	20,15	19,66	19,19	18,73	18,23	17,75	17,30	16,84	16,40	15,95	15,53	15,12	14,69	14,27	13,82	13,37	12,89	12,42	21,58
04/08/2021 11:45:00	21,38	21,11	20,67	20,22	19,81	19,30	18,78	18,36	17,93	17,48	16,97	16,50	16,02	15,59	15,15	14,73	14,30	13,85	13,39	12,91	12,44	21,77
04/08/2021 11:50:00	21,46	21,03	20,60	20,16	19,68	19,19	18,71	18,25	17,78	17,29	16,84	16,42	15,99	15,58	15,17	14,75	14,32	13,87	13,41	12,94	12,46	21,61
04/08/2021 11:55:00	21,41	21,10	20,63	20,13	19,66	19,10	18,56	18,17	17,78	17,40	16,97	16,57	16,16	15,79	15,41	15,03	14,64	14,23	13,81	13,37	12,94	21,66
04/08/2021 12:00:00	21,57	21,18	20,78	20,35	19,90	19,40	18,90	18,47	18,03	17,56	17,05	16,56	16,08	15,64	15,20	14,77	14,34	13,88	13,42	12,94	12,46	21,86
04/08/2021 12:05:00	21,50	21,25	20,88	20,47	19,97	19,48	19,01	18,54	18,03	17,48	16,96	16,47	15,98	15,53	15,07	14,62	14,17	13,69	13,21	12,71	12,21	22,16
04/08/2021 12:10:00	21,57	21,39	20,89	20,38	19,95	19,53	19,09	18,50	17,99	17,56	17,08	16,62	16,15	15,72	15,28	14,84	14,40	13,93	13,46	12,96	12,47	22,13
04/08/2021 12:15:00	21,64	21,32	20,89	20,45	19,98	19,47	18,95	18,51	18,06	17,58	17,10	16,66	16,22	15,80	15,38	14,95	14,53	14,07	13,61	13,14	12,66	22,49
04/08/2021 12:20:00	21,70	21,38	20,97	20,53	20,05	19,56	19,08	18,56	18,08	17,65	17,17	16,70	16,24	15,81	15,38	14,94	14,51	14,05	13,59	13,11	12,63	22,53
04/08/2021 12:25:00	21,88	21,49	21,01	20,53	20,08	19,58	19,07	18,61	18,13	17,62	17,14	16,69	16,24	15,81	15,38	14,95	14,51	14,04	13,58	13,09	12,60	22,58
04/08/2021 12:30:00	21,96	21,55	21,05	20,54	20,09	19,57	19,05	18,60	18,18	17,79	17,29	16,81	16,33	15,90	15,47	15,06	14,65	14,20	13,76	13,29	12,82	23,79
04/08/2021 12:35:00	21,96	21,56	21,07	20,61	20,17	19,66	19,14	18,64	18,19	17,78	17,32	16,86	16,41	15,99	15,56	15,14	14,72	14,26	13,80	13,32	12,84	23,18
04/08/2021 12:40:00	22,14	21,91	21,46	20,96	20,42	19,83	19,24	18,73	18,20	17,66	17,17	16,72	16,27	15,83	15,40	14,96	14,51	14,04	13,58	13,09	12,61	23,40
04/08/2021 12:45:00	22,26	21,93	21,43	20,89	20,31	19,70	19,11	18,66	18,20	17,72	17,21	16,75	16,28	15,86	15,43	15,02	14,60	14,15	13,71	13,25	12,78	23,24
04/08/2021 12:50:00	22,25	22,03	21,53	20,99	20,43	19,83	19,24	18,72	18,20	17,69	17,16	16,66	16,17	15,72	15,27	14,83	14,39	13,92	13,45	12,97	12,49	23,04
04/08/2021 12:55:00	22,40	21,94	21,42	20,89	20,36	19,85	19,36	18,90	18,42	17,93	17,41	16,92	16,44	16,00	15,56	15,13	14,70	14,23	13,76	13,27	12,77	23,00
04/08/2021 13:00:00	22,64	22,16	21,61	21,07	20,51	19,96	19,42	18,85	18,33	17,89	17,34	16,81	16,28	15,81	15,35	14,90	14,46	13,99	13,52	13,03	12,54	23,41
04/08/2021 13:05:00	22,51	22,11	21,58	21,04	20,50	19,90	19,29	18,67	18,14	17,70	17,19	16,69	16,19	15,74	15,28	14,84	14,40	13,93	13,47	12,99	12,51	23,59
04/08/2021 13:10:00	22,51	22,25	21,71	21,10	20,49	19,89	19,30	18,76	18,19	17,60	17,05	16,55	16,05	15,59	15,13	14,68	14,22	13,75	13,27	12,78	12,29	23,22
04/08/2021 13:15:00	22,57	22,16	21,60	21,05	20,56	20,03	19,50	19,01	18,49	17,92	17,38	16,89	16,39	15,93	15,46	15,01	14,55	14,07	13,58	13,07	12,55	23,51
04/08/2021 13:20:00	22,80	22,40	21,69	20,96	20,33	19,68	19,06	18,51	17,97	17,44	17,05	16,72	16,38	16,03	15,68	15,27	14,87	14,43	14,00	13,55	13,10	24,68
04/08/2021 13:25:00	22,84	22,35	21,68	21,02	20,47	19,97	19,49	18,96	18,47	18,04	17,47	16,93	16,39	15,92	15,45	15,03	14,60	14,13	13,66	13,17	12,67	24,79
04/08/2021 13:30:00	22,96	22,51	21,92	21,31	20,64	20,04	19,48	18,91	18,38	17,87	17,41	16,98	16,56	16,15	15,74	15,32	14,89	14,44	13,99	13,52	13,06	23,61
04/08/2021 13:35:00	23,18	22,69	21,99	21,30	20,68	20,05	19,44	18,87	18,35	17,87	17,40	16,96	16,51	16,10	15,69	15,27	14,85	14,40	13,95	13,48	13,01	23,64
04/08/2021 13:40:00	22,93	22,45	21,95	21,41	20,73	20,11	19,53	18,95	18,40	17,88	17,39	16,95	16,50	16,07	15,65	15,21	14,77	14,31	13,85	13,38	12,91	23,85
04/08/2021 13:45:00	22,90	22,44	21,78	21,10	20,48	19,98	19,52	18,99	18,47	17,97	17,57	17,20	16,84	16,47	16,11	15,70	15,29	14,84	14,39	13,92	13,45	23,48
04/08/2021 13:50:00	22,96	22,40	21,82	21,19	20,51	19,85	19,21	18,61	18,03	17,49	17,08	16,72	16,35	15,98	15,60	15,17	14,74	14,30	13,86	13,41	12,95	23,45
04/08/2021 13:55:00	23,08	22,56	21,86	21,17	20,60	20,02	19,45	18,91	18,42	17,98	17,50	17,04	16,58	16,16	15,74	15,33	14,92	14,47	14,02	13,55	13,07	23,66
04/08/2021 14:00:00	22,80	22,20	21,54	20,87	20,27	19,64	19,02	18,55	18,11	17,69	17,29	16,91	16,53	16,17	15,81	15,43	15,05	14,63	14,22	13,79	13,35	23,39
04/08/2021 14:05:00	22,38	21,92	21,39	20,85	20,37	19,84	19,30	18,75	18,23	17,73	17,26	16,82	16,38	15,96	15,53	15,09	14,65	14,17	13,70	13,21	12,72	22,44
04/08/2021 14:10:00	22,35	21,88	21,23	20,58	20,02	19,45	18,91	18,42	17,95	17,50	17,07	16,67	16,26	15,88	15,50	15,10	14,70	14,27	13,84	13,38	12,93	22,62
04/08/2021 14:15:00	22,19	21,77	21,22	20,64	20,04	19,49	18,99	18,51	17,97	17,39	17,02	16,69	16,36	16,01	15,65	15,23	14,81	14,36	13,91	13,44	12,98	22,29
04/08/2021 14:20:00	21,98	21,73	21,17	20,55	19,91	19,32	18,78	18,29	17,83	17,39	16,98	16,61	16,24	15,88	15,52	15,14	14,75	14,33	13,92	13,49	13,05	22,07
04/08/2021 14:25:00	22,00	21,53	20,97	20,40	19,87	19,32	18,78	18,26	17,83	17,49	17,12	16,76	16,39	16,04	15,69	15,31	14,93	14,52	14,11	13,68	13,25	22,34
04/08/2021 14:30:00	21,83	21,38	20,96	20,50	19,89	19,40	18,94	18,39	17,90	17,46	17,02	16,60	16,18	15,78	15,38	14,96	14,54	14,10	13,65	13,19	12,73	21,98
04/08/2021 14:35:00	21,67	21,30	20,77	20,24	19,76	19,22	18,68	18,23	17,78	17,32	16,88	16,47	16,06	15,67	15,28	14,87	14,46	14,02	13,57	13,11	12,65	21,95
04/08/2021 14:40:00	21,50	21,15	20,65	20,15	19,65	19,16	18,69	18,33	17,90	17,40	16,87	16,38	15,90	15,46	15,03	14,61	14,19	13,74	13,29	12,81	12,33	21,77
04/08/2021 14:45:00	21,51	21,02	20,52	20,00	19,47	18,93	18,40	17,92	17,44	16,95	16,42	15,93	15,43	14,99	14,54	14,11	13,69	13,23	12,78	12,31	11,84	21,36
04/08/2021 14:50:00	21,39	20,96	20,46	19,96	19,45	18,92	18,39	17,91	17,44	16,96	16,44	15,96	15,47	15,03	14,59	14,16	13,74	13,28	12,83	12,36	11,89	21,12
04/08/2021 14:55:00	19,87	19,11	18,48	17,92	17,50	17,09	16,71	16,37	16,00	15,60	15,20	14,83	14,46	14,10	13,75	13,39	13,02	12,62	12,22	11,79	11,36	21,03
04/08/2021 15:00:00	19,15	18,85	18,44	18,06	17,72	17,30	16,88	16,50	16,17	15,87	15,56	15,25	14,94	14,62	14,30	13,95	13,59	13,20	12,81	12,40	12,00	18,91
04/08/2021 15:05:00	18,70	18,12	17,59	17,08	16,58	16,18	15,83	15,51	15,20	14,91	14,77	14,62	14,47	14,27	14,06	13,77	13,47	13,15	12,82	12,47	12,12	18,80
04/08/2021 15:10:00	18,19	18,13	17,84	17,47	17,03	16,66	16,33	16,01	15,68	15,37	15,08	14,81	14,54	14,25	13,96	13,63	13,29	12,93	12,57	12,19	11,81	18,51
04/08/2021 15:15:00	18,39	18,21	18,05	17,86	17,62	17,31	16,97	16,63	16,31	16,00	15,61	15,24	14,86	14,49	14,12	13,74	13,35	12,94	12,53	12,09	11,65	18,41
04/08/2021 15:20:00	18,55	18,16	18,02	17,87	17,64	17,36	17,07	16,81	16,54	16,25	15,97	15,66	15,36	15,05	14,73	14,37	14,01	13,61	13,21	12,78	12,36	18,42
04/08/2021 15:25:00	18,27	18,04	17,86	17,74	17,70	17,44	17,13	16,88	16,59	16,26	15,91	15,54	15,18	14,81	14,44	14,04	13,65	13,21	12,78	12,31	11,84	18,27
04/08/2021 15:30:00	18,23	17,86	17,59	17,37	17,19	16,98	16,75	16,49	16,23	15,97	15,68	15,39	15,10	14,79	14,48	14,13	13,78	13,38	12,98	12,55	12,12	18,38
04/08/2021 15:35:00	18,07	17,91	17,65	17,41	17,14	16,83	16,54	16,31	16,08	15,88	15,61	15,36	15,10	14,83	14,55	14,23	13,92	13,56	13,19	12,81	12,42	18,22
04/08/2021 15:40:00	18,08	18,01	17,71	17,44	17,26	17,00	16,74	16,53	16,36	16,24	16,05	15,85	15,66	15,43	15,20	14,91	14,62	14,27	13,93	13,55	13,17	18,24
04/08/2021 15:45:00	18,15	17,82	17,62	17,44	17,30	17,14	16,92	16,59	16,31	16,04	15,78	15,49	15,20	14,88	14,57	14,20	13,83	13,42	13,01	12,56	12,12	17,98
04/08/2021 15:50:00	17,94	17,37	16,97	16,64	16,40	16,13	15,85	15,58	15,24	14,87	14,74	14,56	14,37	14,13	13,88	13,53	13,19	12,81	12,43	12,02	11,61	17,96
04/08/2021 15:55:00	17,31	17,05	16,79	16,58	16,42	16,29	16,15	15,98	15,73	15,44	15,28	15,09	14,89	14,64	14,40	14,07	13,74	13,37	12,99	12,57	12,16	17,46
04/08/2021 16:00:00	17,44	17,20	16,83	16,45	16,08	15,78	15,52	15,30	15,07	14,87	14,73	14,58	14,43	14,24	14,04	13,77	13,49	13,17	12,85	12,51	12,17	17,13
04/08/2021 16:05:00	17,70	17,17	17,05	16,99	16,89	16,78	16,60	16,33	16,11	15,91	15,57	15,21	14,86	14,52	14,17	13,80	13,44	13,03	12,62	12,18	11,73	17,27
04/08/2021 16:10:00	18,04	17,97	17,93	17,94	17,99	17,82	17,58	17,36	17,08	16,74	16,27	15,81	15,35	14,91	14,48	14,06	13,63	13,16	12,70	12,19	11,68	17,47
04/08/2021 16:15:00	17,77	17,50	17,25	17,00	16,70	16,37	16,08	15,90	15,70	15,50	15,34	15,16	14,98	14,76	14,54	14,25	13,96	13,63	13,30	12,94	12,58	17,76
04/08/2021 16:20:00	17,78	17,42	17,30	17,21	17,09	16,90	16,65	16,39	16,09	15,74	15,51	15,24	14,96	14,64	14,32	13,94	13,56	13,14	12,72	12,27	11,82	17,72
04/08/2021 16:25:00	17,67	17,39	17,15	17,01	16,99	16,82	16,62	16,44	16,20	15,92	15,60	15,28	14,95	14,62	14,28	13,92	13,55	13,14	12,72	12,27	11,81	17,67
04/08/2021 16:30:00	17,77	17,47	17,15	16,89	16,72	16,59	16,44	16,27	16,10	15,94	15,74	15,53	15,32	15,09	14,85	14,55	14,26	13,90	13,54	13,15	12,75	17,92
04/08/2021 16:35:00	17,83	17,68	17,49	17,33	17,19	17,05	16,87	16,63	16,39	16,15	15,75	15,37	14,99	14,63	14,28	13,92	13,55	13,14	12,73	12,29	11,84	17,85
04/08/2021 16:40:00	17,82	17,63	17,44	17,16	16,72	16,31	15,93	15,62	15,25	14,85	14,52	14,18	13,85	13,52	13,19	12,82	12,46	12,08	11,70	11,31	10,91	18,01
04/08/2021 16:45:00	17,94	17,45	17,13	16,87	16,66	16,57	16,45	16,24	16,09	16,00	15,68	15,39	15,10	14,82	14,54	14,24	13,94	13,58	13,23	12,82	12,42	18,62
04/08/2021 16:50:00	18,00	17,70	17,33	17,03	16,89	16,73	16,55	16,32	16,14	16,00	15,84	15,67	15,49	15,27	15,05	14,76	14,46	14,11	13,75	13,36	12,97	18,19
04/08/2021 16:55:00	18,19	17,86	17,57	17,36	17,29	17,13	16,90	16,61	16,38	16,20	16,04	15,84	15,64	15,38	15,13	14,80	14,46	14,07	13,69	13,27	12,85	18,45
04/08/2021 17:00:00	18,14	17,79	17,63	17,52	17,44	17,35	17,24	17,11	16,93	16,73	16,57	16,37	16,17	15,93	15,68	15,36	15,04	14,65	14,27	13,84	13,41	18,60
04/08/2021 17:05:00	18,11	17,73	17,63	17,64	17,76	17,71	17,59	17,47	17,34	17,20	16,94	16,66	16,38	16,08	15,78	15,44	15,09	14,68	14,27	13,81	13,34	18,19
04/08/2021 17:10:00	17,95	17,63	17,64	17,75	17,87	17,88	17,80	17,65	17,47	17,25	16,94	16,60	16,27	15,92	15,57	15,18	14,80	14,35	13,91	13,41	12,91	18,01
04/08/2021 17:15:00	17,93	17,52	17,37	17,30	17,27	17,29	17,27	17,17	17,03	16,90	16,78	16,62	16,46	16,25	16,03	15,73	15,42	15,04	14,66	14,23	13,80	18,21
04/08/2021 17:20:00	17,95	17,67	17,59	17,59	17,59	17,58	17,55	17,53	17,37	17,15	16,97	16,75	16,54	16,28	16,02	15,69	15,36	14,96	14,56	14,11	13,65	18,11
04/08/2021 17:25:00	18,04	17,70	17,67	17,77	17,99	18,07	18,06	18,00	17,85	17,63	17,42	17,16	16,90	16,59	16,29	15,92	15,55	15,11	14,66	14,16	13,65	18,19
04/08/2021 17:30:00	17,93	17,58	17,61	17,72	17,84	17,92	17,92	17,83	17,67	17,47	17,25	16,98	16,72	16,41	16,11	15,75	15,39	14,95	14,52	14,03	13,54	18,02
04/08/2021 17:35:00	17,88	17,57	17,48	17,50	17,65	17,70	17,69	17,65	17,51	17,31	17,09	16,84	16,58	16,30	16,01	15,66	15,32	14,89	14,47	13,99	13,51	18,01
04/08/2021 17:40:00	17,88	17,65	17,67	17,72	17,68	17,74	17,76	17,68	17,51	17,29	17,12	16,91	16,69	16,43	16,17	15,83	15,49	15,08	14,67	14,21	13,75	17,92
04/08/2021 17:45:00	18,07	17,72	17,76	17,91	18,14	18,28	18,31	18,24	18,14	18,02	17,73	17,41	17,09	16,77	16,44	16,07	15,71	15,27	14,82	14,32	13,81	18,05
04/08/2021 17:50:00	18,04	17,63	17,68	17,84	18,03	18,10	18,08	18,00	17,89	17,76	17,50	17,20	16,91	16,59	16,28	15,92	15,55	15,12	14,69	14,20	13,70	18,15
04/08/2021 17:55:00	18,14	17,68	17,59	17,60	17,63	17,67	17,67	17,62	17,53	17,44	17,26	17,05	16,84	16,59	16,35	16,04	15,73	15,35	14,96	14,52	14,08	18,51
04/08/2021 18:00:00	18,23	17,92	17,86	17,91	18,03	18,11	18,09	17,95	17,73	17,45	17,26	17,01	16,76	16,46	16,15	15,77	15,39	14,94	14,48	13,98	13,47	19,44
04/08/2021 18:05:00	18,44	18,01	17,93	17,94	17,93	17,86	17,76	17,69	17,51	17,25	17,06	16,83	16,60	16,32	16,04	15,69	15,34	14,93	14,51	14,05	13,59	19,79
04/08/2021 18:10:00	18,47	18,17	18,03	18,00	18,08	18,14	18,11	17,95	17,74	17,52	17,35	17,12	16,90	16,62	16,34	15,98	15,62	15,18	14,75	14,26	13,77	20,71
04/08/2021 18:15:00	18,62	18,33	18,17	18,08	18,08	18,05	17,96	17,79	17,56	17,29	16,97	16,64	16,30	15,96	15,62	15,25	14,87	14,43	13,99	13,50	13,01	19,48
04/08/2021 18:20:00	19,00	18,51	18,25	18,10	18,05	17,97	17,86	17,74	17,53	17,27	17,01	16,73	16,45	16,15	15,85	15,49	15,14	14,72	14,30	13,82	13,35	20,84
04/08/2021 18:25:00	19,38	18,98	18,64	18,33	18,03	17,74	17,46	17,20	16,97	16,77	16,41	16,06	15,72	15,40	15,07	14,74	14,41	14,02	13,64	13,22	12,80	20,55
04/08/2021 18:30:00	19,40	18,84	18,42	18,09	17,87	17,69	17,54	17,40	17,16	16,87	16,61	16,36	16,10	15,83	15,55	15,22	14,89	14,50	14,10	13,66	13,22	19,98
04/08/2021 18:35:00	19,54	19,00	18,59	18,28	18,10	17,85	17,58	17,32	17,04	16,76	16,48	16,19	15,90	15,60	15,29	14,93	14,58	14,17	13,76	13,31	12,86	19,73
04/08/2021 18:40:00	19,78	19,38	18,90	18,46	18,11	17,82	17,56	17,28	17,03	16,81	16,51	16,23	15,95	15,67	15,39	15,07	14,75	14,37	14,00	13,59	13,18	19,80
04/08/2021 18:45:00	19,98	19,44	19,00	18,59	18,23	17,93	17,64	17,31	17,02	16,75	16,43	16,13	15,82	15,51	15,20	14,86	14,51	14,12	13,73	13,30	12,88	21,05
04/08/2021 18:50:00	20,01	19,50	19,02	18,58	18,22	17,82	17,46	17,21	16,87	16,46	16,19	15,93	15,67	15,38	15,09	14,73	14,38	13,98	13,58	13,15	12,73	20,15
04/08/2021 18:55:00	20,12	19,48	18,99	18,60	18,36	18,09	17,80	17,49	17,17	16,84	16,51	16,18	15,84	15,51	15,17	14,80	14,43	14,00	13,58	13,11	12,65	20,54
04/08/2021 19:00:00	20,28	19,90	19,46	18,97	18,42	17,95	17,53	17,15	16,75	16,35	16,03	15,73	15,43	15,11	14,80	14,44	14,08	13,69	13,30	12,89	12,48	20,71
04/08/2021 19:05:00	20,21	19,69	19,23	18,78	18,32	17,98	17,67	17,33	16,99	16,66	16,32	15,99	15,67	15,35	15,02	14,67	14,32	13,92	13,52	13,09	12,66	20,01
04/08/2021 19:10:00	20,27	19,85	19,26	18,68	18,21	17,81	17,43	17,01	16,63	16,30	16,01	15,74	15,46	15,17	14,88	14,53	14,19	13,81	13,42	13,01	12,60	19,90
04/08/2021 19:15:00	19,83	19,28	18,80	18,39	18,06	17,79	17,55	17,33	17,05	16,74	16,41	16,09	15,77	15,46	15,14	14,80	14,46	14,06	13,66	13,22	12,79	19,87
04/08/2021 19:20:00	19,66	19,19	18,76	18,37	18,07	17,77	17,49	17,25	16,96	16,64	16,28	15,94	15,60	15,26	14,93	14,58	14,23	13,82	13,42	12,98	12,54	19,44
04/08/2021 19:25:00	19,40	18,97	18,50	18,09	17,82	17,55	17,25	16,86	16,50	16,16	15,83	15,49	15,15	14,81	14,47	14,09	13,72	13,30	12,88	12,42	11,97	19,46
04/08/2021 19:30:00	19,33	18,92	18,45	18,01	17,64	17,27	16,89	16,47	16,11	15,80	15,42	15,06	14,70	14,35	14,00	13,63	13,26	12,86	12,46	12,04	11,61	19,51
04/08/2021 19:35:00	19,50	19,09	18,52	18,00	17,62	17,31	17,00	16,63	16,31	16,04	15,69	15,36	15,03	14,71	14,39	14,05	13,71	13,33	12,94	12,52	12,10	19,61
04/08/2021 19:40:00	19,36	19,08	18,67	18,28	17,92	17,56	17,21	16,89	16,56	16,22	15,91	15,61	15,31	15,00	14,69	14,33	13,98	13,59	13,19	12,77	12,35	19,57
04/08/2021 19:45:00	19,31	18,88	18,40	17,93	17,54	17,15	16,76	16,41	16,07	15,76	15,50	15,25	15,00	14,72	14,44	14,10	13,76	13,39	13,02	12,62	12,22	19,55
04/08/2021 19:50:00	19,20	18,67	18,25	17,89	17,51	17,29	17,09	16,85	16,58	16,29	15,95	15,63	15,31	15,00	14,69	14,35	14,02	13,63	13,24	12,81	12,38	19,17
04/08/2021 19:55:00	19,16	18,80	18,40	18,01	17,63	17,20	16,79	16,43	16,08	15,74	15,36	15,00	14,64	14,29	13,94	13,57	13,21	12,81	12,42	12,00	11,59	19,07
04/08/2021 20:00:00	19,04	18,61	18,10	17,65	17,34	17,03	16,68	16,28	15,92	15,61	15,26	14,93	14,59	14,25	13,91	13,55	13,19	12,78	12,38	11,95	11,52	18,89
04/08/2021 20:05:00	19,00	18,59	18,15	17,72	17,28	16,83	16,41	16,02	15,70	15,45	15,14	14,84	14,54	14,24	13,94	13,61	13,28	12,92	12,56	12,18	11,80	19,02
04/08/2021 20:10:00	18,92	18,44	17,98	17,54	17,09	16,76	16,47	16,17	15,86	15,57	15,24	14,92	14,61	14,31	14,00	13,67	13,34	12,97	12,60	12,21	11,81	18,87
04/08/2021 20:15:00	18,79	18,30	17,86	17,49	17,23	16,94	16,64	16,30	15,99	15,69	15,35	15,02	14,69	14,36	14,02	13,67	13,31	12,91	12,51	12,08	11,65	18,85
04/08/2021 20:20:00	18,66	18,39	18,11	17,83	17,52	17,34	17,16	16,86	16,54	16,21	15,81	15,43	15,05	14,69	14,32	13,95	13,58	13,16	12,74	12,28	11,83	18,44
04/08/2021 20:25:00	18,61	18,37	18,11	17,80	17,39	17,06	16,72	16,31	15,92	15,55	15,20	14,85	14,50	14,15	13,79	13,41	13,03	12,62	12,22	11,79	11,37	18,54
04/08/2021 20:30:00	18,67	18,39	18,12	17,86	17,60	17,29	16,94	16,55	16,17	15,80	15,41	15,02	14,63	14,25	13,86	13,46	13,06	12,63	12,20	11,74	11,29	18,55
04/08/2021 20:35:00	18,53	18,39	18,03	17,66	17,28	16,93	16,58	16,19	15,77	15,34	15,03	14,71	14,39	14,05	13,71	13,32	12,94	12,53	12,11	11,68	11,25	18,54
04/08/2021 20:40:00	18,45	18,12	17,88	17,64	17,32	17,06	16,77	16,38	16,00	15,63	15,25	14,87	14,48	14,10	13,72	13,33	12,93	12,51	12,08	11,63	11,18	18,46
04/08/2021 20:45:00	18,13	17,79	17,53	17,28	17,06	16,82	16,56	16,29	15,99	15,66	15,33	15,01	14,68	14,35	14,01	13,65	13,28	12,88	12,48	12,04	11,61	18,12
04/08/2021 20:50:00	18,00	17,94	17,76	17,54	17,26	17,02	16,76	16,47	16,15	15,81	15,42	15,04	14,67	14,30	13,94	13,56	13,19	12,78	12,37	11,93	11,49	17,99
04/08/2021 20:55:00	18,13	18,27	18,14	17,95	17,66	17,31	16,94	16,57	16,29	16,06	15,65	15,27	14,88	14,52	14,16	13,80	13,43	13,04	12,65	12,24	11,82	18,07
04/08/2021 21:00:00	18,13	17,96	17,74	17,49	17,18	16,92	16,65	16,32	15,98	15,62	15,29	14,96	14,63	14,29	13,95	13,58	13,20	12,79	12,39	11,95	11,52	18,10
04/08/2021 21:05:00	18,09	17,87	17,57	17,27	16,99	16,64	16,29	16,00	15,72	15,45	15,24	15,02	14,79	14,53	14,27	13,94	13,61	13,25	12,88	12,50	12,11	18,14
04/08/2021 21:10:00	18,09	18,06	17,81	17,55	17,31	17,13	16,92	16,64	16,28	15,89	15,61	15,31	15,01	14,69	14,36	13,98	13,61	13,19	12,77	12,32	11,87	18,18
04/08/2021 21:15:00	17,93	17,61	17,43	17,29	17,17	17,04	16,85	16,58	16,28	15,96	15,70	15,41	15,13	14,81	14,49	14,11	13,73	13,31	12,89	12,43	11,97	17,99
04/08/2021 21:20:00	17,79	17,66	17,38	17,16	17,04	16,86	16,66	16,46	16,20	15,93	15,76	15,56	15,36	15,10	14,85	14,51	14,18	13,79	13,40	12,98	12,55	17,64
04/08/2021 21:25:00	17,50	17,29	17,11	16,99	16,91	16,77	16,60	16,42	16,15	15,85	15,58	15,29	15,00	14,68	14,37	14,01	13,64	13,23	12,82	12,37	11,92	17,57
04/08/2021 21:30:00	17,36	17,21	17,09	16,96	16,76	16,51	16,23	15,96	15,64	15,31	15,01	14,69	14,37	14,04	13,70	13,33	12,96	12,55	12,15	11,72	11,29	17,59
04/08/2021 21:35:00	17,27	17,22	17,17	17,07	16,80	16,66	16,46	16,12	15,80	15,49	15,20	14,89	14,59	14,26	13,93	13,55	13,18	12,77	12,36	11,93	11,50	17,40
04/08/2021 21:40:00	17,28	17,11	17,11	17,15	17,16	17,07	16,93	16,73	16,48	16,18	15,75	15,32	14,88	14,48	14,07	13,67	13,26	12,82	12,37	11,88	11,39	17,41
04/08/2021 21:45:00	16,89	16,79	16,81	16,84	16,84	16,69	16,48	16,27	16,09	15,91	15,52	15,13	14,75	14,39	14,03	13,66	13,29	12,89	12,48	12,04	11,60	16,93
04/08/2021 21:50:00	16,75	16,62	16,62	16,64	16,68	16,54	16,38	16,26	16,06	15,80	15,46	15,11	14,76	14,42	14,08	13,71	13,34	12,93	12,53	12,08	11,63	16,47
04/08/2021 21:55:00	16,45	16,28	16,42	16,59	16,72	16,68	16,59	16,52	16,35	16,12	15,78	15,42	15,07	14,71	14,36	13,99	13,61	13,19	12,77	12,30	11,83	16,44
04/08/2021 22:00:00	16,54	16,37	16,56	16,73	16,77	16,78	16,72	16,60	16,37	16,08	15,76	15,40	15,05	14,69	14,33	13,93	13,54	13,11	12,67	12,19	11,71	16,49
04/08/2021 22:05:00	16,46	16,34	16,41	16,58	16,82	16,83	16,77	16,68	16,46	16,18	16,01	15,76	15,51	15,20	14,90	14,51	14,12	13,68	13,24	12,76	12,27	16,50
04/08/2021 22:10:00	16,56	16,30	16,49	16,75	16,95	17,13	17,21	17,21	17,09	16,90	16,52	16,14	15,75	15,38	15,01	14,63	14,26	13,81	13,37	12,86	12,36	16,50
04/08/2021 22:15:00	16,50	16,39	16,57	16,76	16,86	16,87	16,81	16,72	16,55	16,31	15,96	15,59	15,23	14,86	14,50	14,12	13,74	13,31	12,88	12,41	11,93	16,49
04/08/2021 22:20:00	16,47	16,26	16,46	16,72	16,95	17,07	17,07	16,94	16,81	16,66	16,38	16,06	15,74	15,40	15,06	14,68	14,30	13,86	13,42	12,93	12,44	16,50
04/08/2021 22:25:00	16,50	16,27	16,29	16,33	16,27	16,34	16,33	16,19	16,05	15,90	15,63	15,35	15,07	14,77	14,48	14,15	13,82	13,44	13,05	12,62	12,19	16,52
04/08/2021 22:30:00	16,62	16,39	16,51	16,68	16,79	16,81	16,76	16,67	16,52	16,31	15,99	15,65	15,31	14,97	14,63	14,26	13,89	13,47	13,04	12,57	12,10	16,62
04/08/2021 22:35:00	16,61	16,54	16,41	16,35	16,40	16,39	16,31	16,15	15,97	15,78	15,57	15,33	15,10	14,82	14,55	14,21	13,88	13,48	13,09	12,65	12,21	16,69
04/08/2021 22:40:00	16,68	16,43	16,42	16,44	16,42	16,32	16,20	16,07	15,89	15,68	15,42	15,14	14,86	14,56	14,26	13,91	13,57	13,18	12,79	12,36	11,93	16,69
04/08/2021 22:45:00	16,29	16,07	15,92	15,82	15,77	15,61	15,44	15,31	15,14	14,98	14,79	14,58	14,37	14,12	13,88	13,57	13,26	12,91	12,55	12,17	11,78	16,41
04/08/2021 22:50:00	16,15	16,14	16,14	16,16	16,15	16,05	15,90	15,72	15,53	15,35	15,14	14,90	14,66	14,39	14,11	13,77	13,43	13,05	12,67	12,26	11,84	15,95
04/08/2021 22:55:00	15,93	15,89	15,99	16,16	16,37	16,29	16,17	16,08	15,92	15,72	15,42	15,09	14,76	14,42	14,09	13,72	13,35	12,93	12,52	12,07	11,61	15,99
04/08/2021 23:00:00	15,93	15,69	15,72	15,87	16,13	16,18	16,18	16,17	16,04	15,86	15,66	15,41	15,16	14,87	14,58	14,24	13,89	13,48	13,07	12,61	12,15	15,83
04/08/2021 23:05:00	15,67	15,52	15,64	15,74	15,69	15,61	15,48	15,29	15,13	14,96	14,72	14,44	14,17	13,87	13,58	13,24	12,90	12,52	12,15	11,74	11,34	15,73
04/08/2021 23:10:00	15,70	15,52	15,57	15,68	15,79	15,81	15,72	15,52	15,39	15,27	15,02	14,73	14,45	14,14	13,84	13,49	13,15	12,75	12,36	11,93	11,50	15,72
04/08/2021 23:15:00	15,60	15,39	15,39	15,49	15,66	15,73	15,74	15,73	15,60	15,42	15,18	14,91	14,65	14,36	14,07	13,74	13,40	13,01	12,61	12,17	11,73	15,40
04/08/2021 23:20:00	15,37	15,38	15,57	15,79	15,99	16,01	15,98	15,95	15,84	15,68	15,39	15,07	14,76	14,44	14,12	13,77	13,42	13,02	12,62	12,17	11,73	15,26
04/08/2021 23:25:00	15,19	15,06	15,32	15,66	15,97	16,16	16,19	16,07	15,91	15,71	15,41	15,06	14,71	14,35	13,98	13,58	13,18	12,73	12,28	11,77	11,27	15,25
04/08/2021 23:30:00	15,29	15,34	15,63	15,92	16,13	16,24	16,24	16,16	16,06	15,90	15,58	15,23	14,89	14,54	14,20	13,83	13,47	13,05	12,63	12,17	11,71	15,26
04/08/2021 23:35:00	15,34	15,42	15,67	15,89	16,01	16,07	16,05	15,96	15,79	15,57	15,27	14,95	14,62	14,29	13,95	13,58	13,21	12,80	12,39	11,94	11,48	15,24
04/08/2021 23:40:00	15,31	15,31	15,44	15,58	15,64	15,72	15,68	15,52	15,37	15,21	14,98	14,71	14,44	14,15	13,85	13,50	13,16	12,77	12,37	11,94	11,51	15,22
04/08/2021 23:45:00	15,25	15,18	15,18	15,26	15,42	15,40	15,31	15,21	15,08	14,94	14,67	14,38	14,10	13,80	13,50	13,16	12,83	12,44	12,06	11,63	11,21	15,28
04/08/2021 23:50:00	15,36	15,37	15,50	15,56	15,43	15,43	15,35	15,13	14,98	14,84	14,58	14,31	14,04	13,76	13,47	13,15	12,82	12,46	12,09	11,70	11,31	15,34
04/08/2021 23:55:00	15,47	15,65	15,79	15,86	15,77	15,63	15,47	15,30	15,08	14,83	14,57	14,29	14,01	13,70	13,40	13,05	12,70	12,32	11,94	11,53	11,13	15,38
