FileFormat:0002.2 file with temperature of atmosphere
SN105HE102 RTK
local	GMT or Local
0	GMT-Local=[hours]
20	Height[m]
0	0	0	Longitude                [grd]               [min]               [sec]
0	0	0	Latitude                [grd]               [min]               [sec]
N	NS
56,45	Freq[GHz]
0,00	dTemostat[K]
0,150	MessErr[K]
0,248	//[grad/step]
version 14.4.20120406
MTP5HE102F5645K-38.60I70D222917+A1.1
Commentary:
SN105HE102
парабола ДНА = 2,5 град
НЕ102 - ПУ - ХВБ с ЦСД " S "
АЦП - 202 - 09 с контр.U пит.и М
оптопара серии - 2
Т out № 178 пл
БП LPS - 112
End Of Commentary

SYSTEM\alaska.dat
data time	0	50	100	150	200	250	300	350	400	450	500	550	600	650	700	750	800	850	900	950	1000	OutsideTemperature
04/05/2022 00:00:00	2,17	2,56	2,81	3,05	3,01	2,55	1,93	1,16	0,36	-0,48	-1,40	-2,22	-3,05	-3,60	-4,15	-4,48	-4,80	-5,12	-5,44	-5,68	-5,91	2,16
04/05/2022 00:05:00	2,07	2,40	2,78	3,04	2,88	2,35	1,57	0,64	-0,26	-1,04	-1,81	-2,46	-3,12	-3,52	-3,92	-4,16	-4,41	-4,65	-4,89	-5,08	-5,28	2,19
04/05/2022 00:10:00	1,93	2,27	2,44	2,54	2,42	2,14	1,56	0,81	0,00	-0,71	-1,45	-2,15	-2,85	-3,34	-3,84	-4,16	-4,49	-4,82	-5,14	-5,39	-5,63	2,00
04/05/2022 00:15:00	1,88	2,30	2,36	2,37	2,19	1,70	1,02	0,26	-0,39	-1,05	-1,75	-2,35	-2,95	-3,34	-3,72	-3,96	-4,20	-4,44	-4,69	-4,89	-5,10	1,88
04/05/2022 00:20:00	2,10	2,21	2,05	1,92	1,74	1,44	0,99	0,42	-0,23	-0,91	-1,67	-2,38	-3,09	-3,59	-4,09	-4,41	-4,73	-5,06	-5,39	-5,63	-5,88	2,03
04/05/2022 00:25:00	2,29	2,43	2,32	2,05	1,58	1,02	0,36	-0,32	-0,96	-1,66	-2,40	-2,99	-3,57	-3,92	-4,26	-4,45	-4,63	-4,84	-5,05	-5,24	-5,42	2,56
04/05/2022 00:30:00	2,46	2,30	2,08	1,74	1,27	0,88	0,20	-0,57	-1,26	-1,92	-2,61	-3,20	-3,80	-4,18	-4,56	-4,79	-5,02	-5,26	-5,51	-5,71	-5,91	2,75
04/05/2022 00:35:00	2,64	2,38	2,01	1,70	1,37	0,94	0,40	-0,22	-0,87	-1,51	-2,20	-2,83	-3,45	-3,88	-4,30	-4,56	-4,83	-5,11	-5,39	-5,61	-5,83	2,71
04/05/2022 00:40:00	2,63	2,32	2,03	1,66	1,19	0,87	0,36	-0,24	-0,86	-1,52	-2,23	-2,84	-3,46	-3,86	-4,26	-4,49	-4,73	-4,99	-5,25	-5,46	-5,67	2,65
04/05/2022 00:45:00	2,48	2,30	1,93	1,50	1,04	0,61	0,06	-0,55	-1,23	-1,83	-2,44	-3,00	-3,55	-3,92	-4,29	-4,53	-4,77	-5,03	-5,29	-5,50	-5,71	2,51
04/05/2022 00:50:00	2,48	2,10	1,79	1,47	1,03	0,49	-0,16	-0,84	-1,41	-2,01	-2,64	-3,14	-3,64	-3,92	-4,20	-4,36	-4,51	-4,69	-4,87	-5,03	-5,20	2,43
04/05/2022 00:55:00	2,29	1,98	1,68	1,34	0,89	0,37	-0,20	-0,84	-1,53	-2,10	-2,66	-3,12	-3,59	-3,87	-4,15	-4,33	-4,51	-4,71	-4,91	-5,10	-5,28	2,36
04/05/2022 01:00:00	2,23	1,96	1,62	1,22	0,78	0,44	-0,07	-0,65	-1,20	-1,79	-2,44	-3,00	-3,55	-3,91	-4,26	-4,48	-4,69	-4,93	-5,17	-5,37	-5,57	2,25
04/05/2022 01:05:00	2,22	1,94	1,61	1,18	0,72	0,37	-0,22	-0,85	-1,34	-1,94	-2,61	-3,17	-3,73	-4,07	-4,41	-4,60	-4,79	-5,01	-5,23	-5,42	-5,62	2,24
04/05/2022 01:10:00	2,19	1,77	1,45	1,12	0,76	0,48	-0,09	-0,74	-1,28	-1,84	-2,45	-2,99	-3,52	-3,87	-4,22	-4,43	-4,65	-4,89	-5,13	-5,32	-5,52	2,22
04/05/2022 01:15:00	2,10	1,76	1,47	1,21	0,89	0,41	-0,13	-0,74	-1,38	-1,97	-2,59	-3,13	-3,66	-4,00	-4,33	-4,54	-4,74	-4,97	-5,19	-5,38	-5,57	2,13
04/05/2022 01:20:00	1,94	1,62	1,35	1,10	0,78	0,39	-0,24	-0,93	-1,52	-2,09	-2,68	-3,19	-3,71	-4,03	-4,36	-4,56	-4,76	-4,98	-5,20	-5,39	-5,57	2,03
04/05/2022 01:25:00	2,01	1,67	1,32	0,99	0,62	0,20	-0,37	-0,98	-1,54	-2,08	-2,65	-3,14	-3,62	-3,92	-4,22	-4,40	-4,58	-4,79	-5,00	-5,18	-5,36	1,98
04/05/2022 01:30:00	1,82	1,54	1,16	0,81	0,49	0,10	-0,41	-0,97	-1,52	-2,02	-2,56	-3,04	-3,51	-3,82	-4,13	-4,33	-4,53	-4,76	-4,98	-5,17	-5,37	1,87
04/05/2022 01:35:00	1,79	1,47	1,16	0,90	0,61	0,04	-0,48	-1,05	-1,63	-2,17	-2,74	-3,21	-3,68	-3,96	-4,24	-4,41	-4,57	-4,77	-4,96	-5,13	-5,31	1,79
04/05/2022 01:40:00	1,69	1,39	1,12	0,86	0,55	0,09	-0,34	-0,88	-1,54	-2,09	-2,66	-3,16	-3,65	-3,98	-4,30	-4,51	-4,72	-4,95	-5,18	-5,37	-5,56	1,71
04/05/2022 01:45:00	1,71	1,48	1,07	0,76	0,51	0,10	-0,35	-0,85	-1,35	-1,89	-2,49	-3,02	-3,56	-3,92	-4,28	-4,50	-4,72	-4,97	-5,22	-5,42	-5,62	1,68
04/05/2022 01:50:00	1,54	1,34	1,08	0,83	0,57	0,23	-0,20	-0,72	-1,26	-1,82	-2,44	-3,00	-3,55	-3,91	-4,27	-4,49	-4,71	-4,96	-5,20	-5,41	-5,61	1,63
04/05/2022 01:55:00	1,62	1,42	1,25	1,04	0,72	0,34	-0,22	-0,84	-1,38	-1,99	-2,66	-3,22	-3,77	-4,11	-4,45	-4,64	-4,83	-5,04	-5,25	-5,43	-5,62	1,65
04/05/2022 02:00:00	1,49	1,26	1,07	0,86	0,53	0,04	-0,53	-1,15	-1,71	-2,23	-2,75	-3,16	-3,57	-3,80	-4,03	-4,16	-4,30	-4,47	-4,63	-4,79	-4,95	1,65
04/05/2022 02:05:00	1,49	1,27	1,03	0,83	0,57	0,13	-0,37	-0,92	-1,47	-1,99	-2,53	-2,99	-3,45	-3,73	-4,02	-4,19	-4,37	-4,57	-4,77	-4,95	-5,13	1,58
04/05/2022 02:10:00	1,44	1,20	1,05	0,90	0,65	0,34	-0,27	-0,95	-1,49	-2,03	-2,59	-3,07	-3,56	-3,85	-4,15	-4,33	-4,52	-4,72	-4,93	-5,11	-5,28	1,44
04/05/2022 02:15:00	1,43	1,19	0,98	0,79	0,54	0,21	-0,24	-0,77	-1,30	-1,87	-2,48	-3,01	-3,54	-3,88	-4,21	-4,42	-4,62	-4,84	-5,07	-5,26	-5,45	1,40
04/05/2022 02:20:00	1,39	1,21	0,91	0,61	0,30	-0,01	-0,42	-0,87	-1,30	-1,80	-2,37	-2,84	-3,31	-3,61	-3,91	-4,08	-4,26	-4,47	-4,68	-4,87	-5,06	1,39
04/05/2022 02:25:00	1,28	1,02	0,81	0,58	0,30	0,02	-0,42	-0,92	-1,41	-1,89	-2,39	-2,82	-3,25	-3,52	-3,78	-3,96	-4,13	-4,33	-4,53	-4,71	-4,89	1,29
04/05/2022 02:30:00	1,15	1,06	0,75	0,41	0,09	-0,22	-0,59	-1,02	-1,52	-1,94	-2,38	-2,77	-3,16	-3,42	-3,68	-3,86	-4,05	-4,26	-4,48	-4,67	-4,86	1,22
04/05/2022 02:35:00	1,15	0,71	0,41	0,27	0,21	0,04	-0,20	-0,55	-1,02	-1,44	-1,91	-2,38	-2,84	-3,18	-3,51	-3,75	-3,99	-4,25	-4,51	-4,72	-4,93	1,16
04/05/2022 02:40:00	1,09	0,79	0,60	0,45	0,28	0,11	-0,26	-0,73	-1,18	-1,67	-2,22	-2,70	-3,18	-3,50	-3,82	-4,02	-4,23	-4,45	-4,68	-4,87	-5,07	1,09
04/05/2022 02:45:00	1,01	0,75	0,46	0,26	0,16	0,04	-0,04	-0,21	-0,53	-1,01	-1,58	-2,11	-2,63	-3,00	-3,37	-3,60	-3,84	-4,10	-4,36	-4,58	-4,80	1,01
04/05/2022 02:50:00	0,92	0,81	0,74	0,69	0,55	0,34	-0,03	-0,50	-0,98	-1,50	-2,07	-2,56	-3,06	-3,38	-3,71	-3,91	-4,12	-4,34	-4,57	-4,76	-4,96	0,91
04/05/2022 02:55:00	0,74	0,64	0,59	0,56	0,45	0,22	-0,18	-0,67	-1,18	-1,63	-2,10	-2,52	-2,95	-3,22	-3,50	-3,69	-3,89	-4,10	-4,31	-4,50	-4,69	0,77
04/05/2022 03:00:00	0,63	0,43	0,41	0,49	0,60	0,65	0,53	0,24	-0,17	-0,63	-1,16	-1,70	-2,24	-2,63	-3,03	-3,31	-3,59	-3,88	-4,17	-4,40	-4,63	0,66
04/05/2022 03:05:00	0,19	0,48	0,46	0,51	0,61	0,59	0,39	0,07	-0,36	-0,71	-1,11	-1,54	-1,97	-2,31	-2,66	-2,93	-3,20	-3,49	-3,77	-4,00	-4,24	-0,06
04/05/2022 03:10:00	0,21	0,24	0,63	1,12	1,33	1,11	0,79	0,27	-0,35	-0,94	-1,55	-2,11	-2,67	-3,03	-3,40	-3,63	-3,87	-4,11	-4,34	-4,54	-4,73	-0,36
04/05/2022 03:15:00	0,01	-0,17	0,02	0,31	0,50	0,60	0,48	0,21	-0,11	-0,58	-1,12	-1,63	-2,13	-2,47	-2,82	-3,05	-3,27	-3,51	-3,75	-3,95	-4,16	-0,41
04/05/2022 03:20:00	0,05	0,16	0,37	0,63	0,79	0,86	0,78	0,48	-0,06	-0,59	-1,20	-1,80	-2,41	-2,86	-3,31	-3,61	-3,92	-4,24	-4,55	-4,79	-5,04	-0,40
04/05/2022 03:25:00	-0,15	-0,21	0,04	0,45	0,72	0,69	0,49	0,12	-0,32	-0,85	-1,46	-2,03	-2,60	-3,00	-3,40	-3,66	-3,91	-4,17	-4,43	-4,64	-4,85	-0,07
04/05/2022 03:30:00	-0,35	-0,37	-0,19	0,11	0,37	0,45	0,20	-0,18	-0,53	-0,93	-1,40	-1,86	-2,33	-2,66	-3,00	-3,24	-3,49	-3,74	-3,99	-4,20	-4,40	-0,40
04/05/2022 03:35:00	-0,40	-0,41	-0,28	0,05	0,45	0,70	0,60	0,35	0,06	-0,41	-1,01	-1,64	-2,27	-2,75	-3,24	-3,57	-3,91	-4,24	-4,57	-4,82	-5,07	-0,56
04/05/2022 03:40:00	-0,61	-0,59	-0,21	0,28	0,55	0,44	0,15	-0,34	-0,88	-1,35	-1,84	-2,31	-2,78	-3,09	-3,40	-3,63	-3,85	-4,07	-4,29	-4,48	-4,67	-0,63
04/05/2022 03:45:00	-0,66	-0,76	-0,68	-0,39	-0,05	0,23	0,35	0,28	0,06	-0,33	-0,83	-1,35	-1,86	-2,27	-2,67	-2,96	-3,24	-3,54	-3,83	-4,07	-4,31	-0,94
04/05/2022 03:50:00	-0,84	-0,62	-0,10	0,50	0,86	0,85	0,62	0,19	-0,31	-0,89	-1,53	-2,12	-2,72	-3,13	-3,53	-3,80	-4,07	-4,33	-4,59	-4,80	-5,01	-0,84
04/05/2022 03:55:00	-0,75	-0,47	-0,05	0,60	1,13	1,23	1,27	1,04	0,59	-0,06	-0,84	-1,61	-2,39	-2,97	-3,55	-3,92	-4,29	-4,66	-5,02	-5,28	-5,54	-0,89
04/05/2022 04:00:00	-0,99	-0,70	-0,16	0,53	1,01	1,08	0,92	0,52	0,04	-0,62	-1,37	-2,09	-2,81	-3,33	-3,84	-4,17	-4,50	-4,81	-5,13	-5,36	-5,60	-0,87
04/05/2022 04:05:00	-0,69	-0,51	-0,18	0,33	0,73	0,77	0,62	0,24	-0,25	-0,72	-1,27	-1,83	-2,39	-2,81	-3,23	-3,53	-3,84	-4,13	-4,43	-4,66	-4,89	-0,77
04/05/2022 04:10:00	-0,63	-0,47	0,00	0,54	0,84	0,82	0,49	0,01	-0,43	-0,95	-1,50	-2,00	-2,50	-2,82	-3,15	-3,37	-3,59	-3,81	-4,03	-4,22	-4,41	-0,62
04/05/2022 04:15:00	-0,61	-0,39	0,09	0,58	0,84	0,92	0,67	0,23	-0,26	-0,75	-1,29	-1,80	-2,31	-2,66	-3,02	-3,27	-3,51	-3,76	-4,01	-4,22	-4,42	-0,58
04/05/2022 04:20:00	-0,71	-0,79	-0,50	-0,01	0,50	1,00	1,08	0,91	0,59	0,17	-0,37	-0,98	-1,60	-2,10	-2,60	-2,96	-3,33	-3,68	-4,04	-4,31	-4,57	-0,67
04/05/2022 04:25:00	-0,68	-0,69	-0,22	0,40	0,91	1,36	1,15	0,74	0,37	-0,11	-0,69	-1,31	-1,92	-2,39	-2,86	-3,19	-3,53	-3,85	-4,17	-4,41	-4,65	-0,93
04/05/2022 04:30:00	-0,90	-0,91	-0,43	0,27	0,78	1,00	0,83	0,46	0,08	-0,45	-1,06	-1,66	-2,27	-2,70	-3,14	-3,43	-3,73	-4,01	-4,29	-4,51	-4,73	-0,96
04/05/2022 04:35:00	-1,12	-0,97	-0,64	-0,08	0,41	0,54	0,44	0,12	-0,28	-0,72	-1,24	-1,79	-2,35	-2,77	-3,19	-3,50	-3,81	-4,11	-4,41	-4,63	-4,86	-1,06
04/05/2022 04:40:00	-1,09	-0,89	-0,58	-0,11	0,31	0,52	0,57	0,45	0,20	-0,27	-0,85	-1,41	-1,97	-2,39	-2,81	-3,09	-3,37	-3,66	-3,95	-4,18	-4,41	-1,07
04/05/2022 04:45:00	-1,18	-0,95	-0,57	-0,05	0,36	0,54	0,50	0,31	0,04	-0,45	-1,03	-1,58	-2,13	-2,53	-2,93	-3,19	-3,45	-3,72	-3,99	-4,21	-4,43	-1,26
04/05/2022 04:50:00	-1,31	-0,94	-0,36	0,30	0,75	0,88	0,80	0,52	0,14	-0,36	-0,92	-1,45	-1,98	-2,36	-2,74	-3,00	-3,26	-3,51	-3,77	-3,98	-4,20	-1,21
04/05/2022 04:55:00	-1,19	-0,89	-0,31	0,53	1,21	1,49	1,49	1,21	0,77	0,17	-0,54	-1,28	-2,02	-2,59	-3,16	-3,55	-3,94	-4,30	-4,67	-4,93	-5,20	-1,25
04/05/2022 05:00:00	-1,32	-1,09	-0,46	0,34	0,92	1,12	1,07	0,74	0,24	-0,26	-0,82	-1,40	-1,98	-2,42	-2,86	-3,17	-3,49	-3,79	-4,09	-4,32	-4,55	-1,45
04/05/2022 05:05:00	-1,48	-1,06	-0,30	0,60	1,20	1,32	1,08	0,61	0,11	-0,49	-1,14	-1,79	-2,43	-2,89	-3,35	-3,65	-3,96	-4,25	-4,54	-4,76	-4,98	-1,52
04/05/2022 05:10:00	-1,34	-0,80	-0,01	0,81	1,26	1,33	1,16	0,73	0,22	-0,39	-1,05	-1,66	-2,26	-2,68	-3,10	-3,37	-3,64	-3,90	-4,16	-4,38	-4,59	-1,51
04/05/2022 05:15:00	-1,32	-0,40	0,32	1,05	1,52	1,67	1,44	0,99	0,46	-0,12	-0,78	-1,44	-2,09	-2,59	-3,09	-3,44	-3,78	-4,11	-4,45	-4,70	-4,95	-1,25
04/05/2022 05:20:00	-1,11	-0,33	0,53	1,35	1,75	1,76	1,38	0,78	0,17	-0,45	-1,09	-1,68	-2,27	-2,68	-3,08	-3,35	-3,62	-3,88	-4,14	-4,35	-4,56	-1,04
04/05/2022 05:25:00	-1,10	-0,13	0,73	1,52	1,87	1,68	1,24	0,57	-0,16	-0,70	-1,23	-1,73	-2,23	-2,57	-2,91	-3,16	-3,42	-3,66	-3,90	-4,10	-4,30	-0,94
04/05/2022 05:30:00	-1,28	-0,16	0,78	1,57	1,90	1,81	1,46	0,90	0,25	-0,40	-1,09	-1,69	-2,29	-2,70	-3,11	-3,37	-3,64	-3,89	-4,15	-4,37	-4,58	-0,75
04/05/2022 05:35:00	-1,05	-0,34	0,58	1,64	2,38	2,73	2,48	1,94	1,36	0,71	-0,03	-0,81	-1,58	-2,18	-2,78	-3,19	-3,61	-3,99	-4,37	-4,65	-4,92	-0,82
04/05/2022 05:40:00	-0,87	-0,29	0,76	1,92	2,64	2,87	2,65	2,08	1,39	0,76	0,06	-0,65	-1,36	-1,89	-2,42	-2,80	-3,18	-3,52	-3,87	-4,12	-4,37	-0,84
04/05/2022 05:45:00	-0,87	-0,24	0,68	1,66	2,34	2,75	2,63	2,19	1,62	1,03	0,36	-0,35	-1,07	-1,63	-2,19	-2,60	-3,00	-3,38	-3,75	-4,03	-4,30	-0,92
04/05/2022 05:50:00	-1,01	-0,70	0,20	1,24	2,04	2,53	2,64	2,35	1,78	1,24	0,59	-0,12	-0,84	-1,42	-1,99	-2,41	-2,83	-3,22	-3,61	-3,89	-4,17	-1,08
04/05/2022 05:55:00	-0,99	-0,64	0,23	1,25	1,95	2,30	2,15	1,70	1,15	0,65	0,09	-0,52	-1,12	-1,59	-2,06	-2,41	-2,76	-3,08	-3,40	-3,64	-3,89	-1,40
04/05/2022 06:00:00	-1,37	-1,04	-0,35	0,59	1,42	1,95	2,04	1,84	1,46	0,96	0,32	-0,39	-1,11	-1,69	-2,28	-2,70	-3,12	-3,51	-3,91	-4,19	-4,47	-1,43
04/05/2022 06:05:00	-1,47	-1,04	-0,40	0,39	1,03	1,29	1,46	1,36	1,06	0,64	0,14	-0,37	-0,89	-1,29	-1,69	-1,98	-2,27	-2,56	-2,85	-3,08	-3,32	-1,48
04/05/2022 06:10:00	-1,46	-0,80	0,08	1,12	1,89	2,16	2,19	1,91	1,45	0,96	0,39	-0,21	-0,81	-1,28	-1,74	-2,09	-2,43	-2,76	-3,08	-3,33	-3,58	-1,36
04/05/2022 06:15:00	-1,59	-1,10	-0,30	0,61	1,34	1,77	2,00	1,94	1,67	1,17	0,58	-0,02	-0,63	-1,10	-1,57	-1,90	-2,22	-2,54	-2,86	-3,11	-3,37	-1,54
04/05/2022 06:20:00	-1,53	-0,98	-0,02	1,11	1,92	2,14	2,08	1,68	1,12	0,67	0,16	-0,40	-0,96	-1,40	-1,84	-2,18	-2,52	-2,83	-3,14	-3,37	-3,61	-1,49
04/05/2022 06:25:00	-1,23	-0,72	0,08	0,89	1,47	1,89	2,12	2,04	1,71	1,27	0,75	0,23	-0,29	-0,70	-1,10	-1,39	-1,69	-1,98	-2,28	-2,52	-2,76	-1,44
04/05/2022 06:30:00	-1,32	-1,21	-0,46	0,64	1,63	2,32	2,44	2,25	1,94	1,40	0,70	-0,08	-0,86	-1,50	-2,14	-2,59	-3,04	-3,46	-3,87	-4,16	-4,45	-1,46
04/05/2022 06:35:00	-1,27	-0,84	-0,14	0,74	1,46	1,81	1,87	1,63	1,19	0,77	0,28	-0,28	-0,84	-1,30	-1,75	-2,11	-2,46	-2,80	-3,14	-3,39	-3,65	-1,32
04/05/2022 06:40:00	-1,32	-0,83	-0,14	0,75	1,48	1,91	1,98	1,77	1,39	0,90	0,30	-0,35	-1,00	-1,53	-2,05	-2,43	-2,81	-3,17	-3,53	-3,80	-4,07	-1,38
04/05/2022 06:45:00	-1,23	-0,66	0,07	0,83	1,34	1,53	1,42	1,16	0,88	0,57	0,24	-0,07	-0,39	-0,62	-0,84	-1,03	-1,23	-1,42	-1,62	-1,81	-2,00	-1,26
04/05/2022 06:50:00	-1,02	-0,77	-0,27	0,41	1,01	1,43	1,58	1,54	1,39	1,06	0,64	0,21	-0,23	-0,58	-0,93	-1,20	-1,47	-1,74	-2,02	-2,25	-2,48	-1,16
04/05/2022 06:55:00	-1,11	-0,72	-0,01	0,81	1,43	1,73	1,85	1,75	1,53	1,06	0,50	-0,02	-0,55	-0,93	-1,32	-1,59	-1,85	-2,12	-2,38	-2,61	-2,83	-1,03
04/05/2022 07:00:00	-1,15	-0,85	-0,24	0,53	1,20	1,66	1,83	1,74	1,46	1,12	0,69	0,21	-0,28	-0,68	-1,08	-1,40	-1,72	-2,03	-2,34	-2,59	-2,84	-0,97
04/05/2022 07:05:00	-1,07	-0,73	0,00	0,93	1,70	2,13	2,26	2,07	1,67	1,19	0,61	-0,03	-0,67	-1,19	-1,71	-2,09	-2,47	-2,83	-3,19	-3,46	-3,73	-0,77
04/05/2022 07:10:00	-0,68	-0,25	0,40	1,15	1,72	2,05	2,12	1,92	1,53	1,07	0,52	-0,05	-0,62	-1,07	-1,51	-1,84	-2,16	-2,48	-2,80	-3,05	-3,30	-0,68
04/05/2022 07:15:00	-0,64	-0,07	0,67	1,54	2,21	2,51	2,51	2,26	1,89	1,40	0,82	0,22	-0,39	-0,86	-1,33	-1,68	-2,02	-2,35	-2,68	-2,93	-3,19	-0,48
04/05/2022 07:20:00	-0,49	0,05	0,91	1,91	2,57	2,70	2,58	2,19	1,69	1,13	0,50	-0,12	-0,73	-1,19	-1,64	-1,96	-2,27	-2,57	-2,87	-3,10	-3,34	-0,26
04/05/2022 07:25:00	-0,20	0,22	0,88	1,73	2,42	2,81	2,84	2,61	2,24	1,76	1,16	0,52	-0,11	-0,62	-1,13	-1,50	-1,87	-2,23	-2,58	-2,85	-3,12	-0,25
04/05/2022 07:30:00	-0,29	-0,15	0,49	1,27	1,86	2,23	2,19	1,90	1,54	1,09	0,55	-0,01	-0,56	-0,99	-1,42	-1,73	-2,04	-2,34	-2,64	-2,88	-3,12	-0,32
04/05/2022 07:35:00	-0,14	-0,08	0,65	1,56	2,22	2,54	2,39	1,96	1,47	1,01	0,51	-0,04	-0,59	-1,02	-1,44	-1,76	-2,09	-2,39	-2,69	-2,92	-3,16	0,04
04/05/2022 07:40:00	0,00	-0,05	0,47	1,25	1,89	2,10	2,15	1,94	1,56	1,15	0,67	0,16	-0,35	-0,74	-1,14	-1,43	-1,73	-2,02	-2,31	-2,54	-2,77	0,11
04/05/2022 07:45:00	0,11	0,12	0,46	0,95	1,36	1,63	1,68	1,54	1,26	0,87	0,39	-0,09	-0,56	-0,93	-1,29	-1,55	-1,82	-2,09	-2,37	-2,60	-2,83	0,22
04/05/2022 07:50:00	0,25	0,26	0,70	1,24	1,61	1,87	1,78	1,51	1,18	0,72	0,18	-0,34	-0,85	-1,23	-1,60	-1,86	-2,12	-2,39	-2,65	-2,87	-3,09	0,69
04/05/2022 07:55:00	0,33	0,34	0,67	1,15	1,51	1,64	1,60	1,36	0,98	0,57	0,10	-0,37	-0,84	-1,19	-1,54	-1,80	-2,07	-2,33	-2,60	-2,82	-3,04	0,53
04/05/2022 08:00:00	0,63	0,51	0,86	1,43	1,84	1,92	1,83	1,53	1,15	0,71	0,21	-0,28	-0,77	-1,12	-1,47	-1,73	-1,98	-2,24	-2,50	-2,71	-2,92	0,86
04/05/2022 08:05:00	0,82	0,72	1,13	1,81	2,32	2,44	2,27	1,90	1,51	0,98	0,35	-0,27	-0,89	-1,34	-1,79	-2,10	-2,40	-2,70	-2,99	-3,22	-3,45	0,84
04/05/2022 08:10:00	1,13	0,96	1,29	1,94	2,54	2,73	2,70	2,44	2,07	1,54	0,88	0,20	-0,48	-1,01	-1,53	-1,89	-2,25	-2,60	-2,95	-3,21	-3,46	1,08
04/05/2022 08:15:00	1,25	1,27	1,53	1,93	2,22	2,25	2,15	1,87	1,44	0,93	0,33	-0,24	-0,81	-1,23	-1,66	-1,94	-2,23	-2,53	-2,82	-3,06	-3,29	2,00
04/05/2022 08:20:00	1,51	1,35	1,45	1,74	2,00	2,14	2,05	1,77	1,36	0,92	0,41	-0,11	-0,64	-1,05	-1,46	-1,77	-2,07	-2,38	-2,69	-2,94	-3,18	1,64
04/05/2022 08:25:00	1,75	1,37	1,47	1,77	2,02	2,04	1,96	1,72	1,35	0,87	0,30	-0,24	-0,77	-1,16	-1,55	-1,82	-2,08	-2,35	-2,62	-2,85	-3,07	1,83
04/05/2022 08:30:00	2,05	1,70	1,58	1,60	1,66	1,80	1,65	1,36	1,04	0,68	0,27	-0,16	-0,59	-0,91	-1,24	-1,49	-1,75	-2,02	-2,29	-2,52	-2,74	1,80
04/05/2022 08:35:00	2,25	1,96	1,83	1,76	1,69	1,60	1,42	1,15	0,82	0,44	0,00	-0,39	-0,79	-1,06	-1,33	-1,53	-1,72	-1,95	-2,17	-2,38	-2,58	2,19
04/05/2022 08:40:00	2,61	2,12	1,83	1,64	1,52	1,55	1,45	1,25	0,96	0,61	0,19	-0,20	-0,60	-0,89	-1,19	-1,40	-1,62	-1,87	-2,12	-2,33	-2,55	2,50
04/05/2022 08:45:00	2,78	2,39	2,02	1,74	1,53	1,36	1,13	0,85	0,50	0,16	-0,20	-0,54	-0,87	-1,11	-1,34	-1,52	-1,70	-1,92	-2,14	-2,34	-2,54	2,86
04/05/2022 08:50:00	3,10	2,67	2,36	2,12	1,92	1,74	1,57	1,34	0,94	0,52	0,06	-0,35	-0,77	-1,06	-1,35	-1,56	-1,77	-2,01	-2,26	-2,47	-2,68	3,03
04/05/2022 08:55:00	3,22	2,81	2,55	2,36	2,19	2,07	1,73	1,29	0,85	0,43	-0,03	-0,46	-0,90	-1,21	-1,51	-1,74	-1,97	-2,22	-2,47	-2,68	-2,90	3,21
04/05/2022 09:00:00	3,45	3,10	2,81	2,56	2,30	1,98	1,65	1,29	0,92	0,48	-0,02	-0,42	-0,83	-1,09	-1,34	-1,51	-1,67	-1,87	-2,07	-2,27	-2,46	3,91
04/05/2022 09:05:00	3,68	3,18	2,89	2,72	2,61	2,55	2,38	2,06	1,54	1,11	0,67	0,21	-0,26	-0,63	-0,99	-1,28	-1,57	-1,88	-2,19	-2,44	-2,68	4,15
04/05/2022 09:10:00	3,94	3,63	3,37	3,22	3,08	2,83	2,47	2,03	1,55	1,07	0,53	0,03	-0,47	-0,83	-1,19	-1,44	-1,70	-1,97	-2,24	-2,47	-2,70	4,10
04/05/2022 09:15:00	4,12	3,71	3,49	3,42	3,37	3,19	2,94	2,57	2,06	1,52	0,93	0,35	-0,23	-0,65	-1,08	-1,37	-1,66	-1,98	-2,29	-2,53	-2,78	5,08
04/05/2022 09:20:00	4,31	3,96	3,68	3,52	3,38	3,12	2,83	2,46	1,97	1,46	0,88	0,35	-0,18	-0,56	-0,94	-1,20	-1,47	-1,75	-2,03	-2,27	-2,50	4,25
04/05/2022 09:25:00	4,60	4,13	3,87	3,75	3,62	3,30	2,84	2,29	1,77	1,26	0,73	0,23	-0,27	-0,61	-0,96	-1,20	-1,44	-1,70	-1,96	-2,18	-2,40	4,47
04/05/2022 09:30:00	5,04	4,62	4,32	3,93	3,37	2,91	2,35	1,76	1,22	0,70	0,15	-0,26	-0,67	-0,90	-1,13	-1,27	-1,41	-1,59	-1,77	-1,95	-2,13	4,61
04/05/2022 09:35:00	5,35	4,87	4,36	3,87	3,44	3,04	2,57	2,05	1,58	1,09	0,57	0,11	-0,36	-0,66	-0,97	-1,18	-1,40	-1,64	-1,89	-2,10	-2,32	5,66
04/05/2022 09:40:00	5,58	5,04	4,50	3,96	3,46	2,93	2,45	1,98	1,42	0,94	0,48	0,09	-0,30	-0,56	-0,81	-0,99	-1,17	-1,40	-1,62	-1,82	-2,02	5,30
04/05/2022 09:45:00	5,54	5,06	4,57	4,16	3,80	3,27	2,67	2,05	1,57	1,06	0,48	-0,01	-0,49	-0,80	-1,11	-1,31	-1,51	-1,74	-1,97	-2,17	-2,37	5,24
04/05/2022 09:50:00	5,69	5,11	4,56	4,05	3,58	3,16	2,73	2,28	1,83	1,29	0,65	0,12	-0,41	-0,76	-1,11	-1,32	-1,54	-1,79	-2,04	-2,26	-2,48	5,10
04/05/2022 09:55:00	5,70	5,23	4,66	4,14	3,67	3,08	2,54	2,03	1,49	0,95	0,37	-0,13	-0,62	-0,94	-1,26	-1,46	-1,67	-1,91	-2,15	-2,36	-2,57	5,66
04/05/2022 10:00:00	5,68	5,29	4,85	4,38	3,87	3,27	2,65	2,04	1,47	0,86	0,19	-0,36	-0,90	-1,24	-1,57	-1,77	-1,97	-2,21	-2,44	-2,64	-2,85	6,26
04/05/2022 10:05:00	5,75	5,48	4,93	4,35	3,83	3,29	2,76	2,23	1,67	1,15	0,62	0,16	-0,30	-0,61	-0,92	-1,14	-1,36	-1,61	-1,87	-2,09	-2,31	5,95
04/05/2022 10:10:00	5,99	5,63	5,09	4,52	3,99	3,41	2,89	2,39	1,86	1,30	0,69	0,18	-0,33	-0,66	-0,98	-1,19	-1,40	-1,64	-1,89	-2,10	-2,32	6,26
04/05/2022 10:15:00	6,00	5,74	5,20	4,64	4,19	3,75	3,27	2,75	2,10	1,49	0,87	0,27	-0,33	-0,77	-1,21	-1,52	-1,83	-2,17	-2,50	-2,76	-3,03	6,42
04/05/2022 10:20:00	6,38	5,80	5,31	4,88	4,49	4,12	3,60	3,00	2,33	1,68	1,00	0,34	-0,31	-0,79	-1,26	-1,58	-1,91	-2,24	-2,58	-2,84	-3,10	6,53
04/05/2022 10:25:00	6,52	6,08	5,66	5,22	4,71	4,15	3,47	2,73	2,03	1,41	0,82	0,30	-0,22	-0,56	-0,90	-1,14	-1,37	-1,63	-1,89	-2,10	-2,32	7,74
04/05/2022 10:30:00	6,56	6,15	5,81	5,48	5,05	4,45	3,75	3,00	2,32	1,64	0,89	0,24	-0,40	-0,82	-1,23	-1,49	-1,74	-2,02	-2,29	-2,51	-2,74	6,60
04/05/2022 10:35:00	6,80	6,47	6,05	5,60	5,07	4,47	3,82	3,17	2,53	1,90	1,20	0,61	0,03	-0,34	-0,72	-0,95	-1,18	-1,45	-1,71	-1,93	-2,16	6,45
04/05/2022 10:40:00	6,92	6,57	6,15	5,71	5,19	4,60	3,86	3,07	2,46	1,86	1,20	0,66	0,12	-0,22	-0,56	-0,78	-1,00	-1,24	-1,48	-1,70	-1,91	6,80
04/05/2022 10:45:00	6,96	6,64	6,29	5,90	5,39	4,88	4,25	3,56	2,94	2,29	1,58	0,97	0,37	-0,03	-0,43	-0,67	-0,92	-1,20	-1,47	-1,70	-1,94	7,06
04/05/2022 10:50:00	7,20	6,77	6,39	6,05	5,62	5,12	4,44	3,67	3,05	2,41	1,69	1,06	0,44	0,02	-0,39	-0,66	-0,92	-1,20	-1,49	-1,72	-1,95	7,90
04/05/2022 10:55:00	7,45	6,90	6,47	6,09	5,69	5,23	4,62	3,91	3,21	2,54	1,83	1,18	0,52	0,06	-0,40	-0,72	-1,03	-1,35	-1,68	-1,94	-2,19	8,04
04/05/2022 11:00:00	7,75	7,21	6,73	6,27	5,75	5,13	4,43	3,68	2,98	2,31	1,62	1,01	0,41	0,01	-0,39	-0,65	-0,91	-1,19	-1,47	-1,70	-1,94	8,00
04/05/2022 11:05:00	7,88	7,36	6,94	6,52	5,99	5,39	4,73	4,04	3,28	2,57	1,87	1,25	0,63	0,21	-0,21	-0,49	-0,76	-1,06	-1,36	-1,60	-1,84	8,13
04/05/2022 11:10:00	7,89	7,32	6,93	6,60	6,19	5,84	5,27	4,55	3,83	3,11	2,29	1,53	0,77	0,23	-0,32	-0,68	-1,04	-1,40	-1,77	-2,05	-2,33	7,85
04/05/2022 11:15:00	8,13	7,55	7,10	6,76	6,42	5,99	5,43	4,77	4,02	3,27	2,44	1,65	0,86	0,28	-0,30	-0,69	-1,07	-1,47	-1,86	-2,15	-2,44	8,66
04/05/2022 11:20:00	8,22	7,86	7,27	6,66	6,10	5,56	4,92	4,25	3,61	3,00	2,35	1,76	1,17	0,75	0,33	0,05	-0,24	-0,56	-0,88	-1,13	-1,39	7,80
04/05/2022 11:25:00	8,40	7,89	7,47	7,08	6,64	5,92	5,20	4,50	3,71	2,99	2,29	1,67	1,05	0,63	0,22	-0,06	-0,34	-0,63	-0,93	-1,17	-1,41	8,03
04/05/2022 11:30:00	8,63	8,07	7,64	7,24	6,75	6,17	5,39	4,50	3,67	2,92	2,19	1,51	0,84	0,37	-0,11	-0,43	-0,75	-1,09	-1,42	-1,67	-1,93	8,28
04/05/2022 11:35:00	8,77	8,30	7,72	7,03	6,27	5,71	4,98	4,20	3,55	2,94	2,29	1,74	1,20	0,84	0,47	0,23	-0,01	-0,29	-0,56	-0,80	-1,04	9,19
04/05/2022 11:40:00	8,65	8,34	7,82	7,29	6,77	6,19	5,53	4,83	4,01	3,28	2,60	1,94	1,29	0,80	0,32	-0,03	-0,38	-0,75	-1,11	-1,39	-1,67	8,91
04/05/2022 11:45:00	8,83	8,40	7,88	7,34	6,74	6,06	5,31	4,56	3,79	3,10	2,46	1,89	1,32	0,93	0,54	0,27	0,01	-0,29	-0,58	-0,83	-1,07	8,88
04/05/2022 11:50:00	9,11	8,47	7,99	7,53	6,98	6,52	5,89	5,17	4,44	3,70	2,89	2,14	1,40	0,88	0,35	0,02	-0,32	-0,68	-1,04	-1,31	-1,58	9,06
04/05/2022 11:55:00	9,15	8,58	8,13	7,73	7,28	6,82	6,17	5,40	4,67	3,95	3,15	2,40	1,66	1,13	0,60	0,25	-0,10	-0,47	-0,83	-1,11	-1,39	8,65
04/05/2022 12:00:00	9,23	8,80	8,36	7,95	7,42	6,76	5,94	5,06	4,25	3,51	2,76	2,09	1,42	0,96	0,50	0,19	-0,11	-0,43	-0,75	-1,01	-1,26	10,05
04/05/2022 12:05:00	9,40	9,06	8,56	8,00	7,43	6,88	6,20	5,47	4,76	4,04	3,21	2,46	1,71	1,18	0,65	0,31	-0,04	-0,40	-0,77	-1,05	-1,34	9,34
04/05/2022 12:10:00	9,52	9,16	8,60	8,00	7,42	6,76	6,09	5,42	4,66	3,93	3,17	2,48	1,79	1,30	0,81	0,48	0,15	-0,21	-0,57	-0,85	-1,13	9,77
04/05/2022 12:15:00	9,64	9,14	8,70	8,25	7,66	7,07	6,33	5,52	4,76	4,02	3,23	2,54	1,84	1,36	0,89	0,58	0,27	-0,07	-0,40	-0,66	-0,92	9,18
04/05/2022 12:20:00	9,70	9,27	8,74	8,23	7,73	7,11	6,34	5,51	4,83	4,14	3,32	2,59	1,86	1,36	0,85	0,53	0,20	-0,14	-0,49	-0,76	-1,02	9,16
04/05/2022 12:25:00	10,00	9,53	9,04	8,60	8,14	7,52	6,80	6,03	5,22	4,42	3,55	2,75	1,94	1,36	0,78	0,40	0,03	-0,36	-0,75	-1,05	-1,34	9,96
04/05/2022 12:30:00	9,98	9,61	9,22	8,87	8,43	7,70	6,80	5,83	4,99	4,22	3,44	2,73	2,03	1,55	1,06	0,74	0,41	0,08	-0,26	-0,52	-0,78	10,26
04/05/2022 12:35:00	9,97	9,60	9,17	8,73	8,18	7,54	6,70	5,77	4,95	4,18	3,37	2,65	1,92	1,41	0,91	0,57	0,24	-0,11	-0,46	-0,74	-1,01	10,64
04/05/2022 12:40:00	10,12	9,76	9,26	8,67	7,99	7,31	6,56	5,81	5,03	4,32	3,63	3,03	2,42	2,01	1,60	1,31	1,03	0,71	0,40	0,14	-0,11	11,02
04/05/2022 12:45:00	10,13	9,95	9,46	8,88	8,18	7,27	6,35	5,49	4,74	4,03	3,27	2,67	2,06	1,68	1,29	1,05	0,81	0,54	0,27	0,03	-0,21	9,85
04/05/2022 12:50:00	10,25	9,73	9,35	9,01	8,48	7,75	6,87	5,92	4,99	4,17	3,39	2,69	1,99	1,51	1,04	0,72	0,39	0,06	-0,27	-0,53	-0,79	10,19
04/05/2022 12:55:00	10,67	9,90	9,38	9,01	8,60	8,00	7,18	6,23	5,39	4,61	3,83	3,08	2,33	1,80	1,26	0,89	0,52	0,15	-0,22	-0,50	-0,78	11,23
04/05/2022 13:00:00	10,34	9,80	9,37	9,01	8,60	8,15	7,48	6,66	5,91	5,14	4,24	3,39	2,54	1,92	1,31	0,90	0,49	0,08	-0,34	-0,64	-0,95	10,33
04/05/2022 13:05:00	10,43	10,10	9,72	9,34	8,84	7,99	7,11	6,28	5,38	4,56	3,78	3,09	2,40	1,94	1,47	1,16	0,85	0,53	0,21	-0,05	-0,31	9,88
04/05/2022 13:10:00	10,63	9,94	9,38	8,87	8,36	7,89	7,30	6,62	5,97	5,29	4,47	3,71	2,96	2,42	1,88	1,53	1,17	0,80	0,42	0,13	-0,16	10,48
04/05/2022 13:15:00	10,56	10,20	9,71	9,14	8,48	7,89	7,13	6,27	5,49	4,79	4,13	3,53	2,93	2,50	2,07	1,76	1,45	1,12	0,78	0,51	0,24	10,20
04/05/2022 13:20:00	10,77	10,43	9,98	9,48	8,87	8,27	7,53	6,70	5,92	5,15	4,31	3,55	2,80	2,26	1,72	1,37	1,01	0,64	0,26	-0,03	-0,32	10,68
04/05/2022 13:25:00	10,70	10,27	9,71	9,19	8,73	8,19	7,56	6,89	6,14	5,41	4,67	3,94	3,22	2,67	2,12	1,74	1,35	0,94	0,54	0,23	-0,07	9,82
04/05/2022 13:30:00	10,75	10,40	9,96	9,57	9,17	8,61	7,92	7,15	6,39	5,64	4,80	4,01	3,22	2,64	2,06	1,66	1,27	0,87	0,46	0,16	-0,15	10,21
04/05/2022 13:35:00	11,11	10,59	10,03	9,52	9,03	8,47	7,81	7,09	6,30	5,54	4,76	4,02	3,28	2,72	2,16	1,77	1,38	0,98	0,57	0,26	-0,04	10,90
04/05/2022 13:40:00	11,13	10,81	10,32	9,80	9,32	8,80	8,18	7,50	6,70	5,89	5,05	4,23	3,41	2,79	2,16	1,73	1,30	0,85	0,41	0,08	-0,25	11,02
04/05/2022 13:45:00	11,18	10,75	10,22	9,70	9,14	8,44	7,62	6,76	6,01	5,28	4,50	3,80	3,11	2,62	2,14	1,81	1,49	1,14	0,79	0,52	0,24	11,39
04/05/2022 13:50:00	11,14	10,80	10,33	9,80	9,15	8,54	7,79	6,96	6,20	5,46	4,67	3,96	3,25	2,75	2,25	1,92	1,58	1,23	0,87	0,58	0,30	11,85
04/05/2022 13:55:00	11,26	10,84	10,34	9,84	9,28	8,71	7,93	7,02	6,22	5,48	4,75	4,06	3,38	2,88	2,37	2,02	1,66	1,28	0,91	0,62	0,33	11,50
04/05/2022 14:00:00	11,66	11,19	10,68	10,22	9,75	9,17	8,44	7,62	6,81	6,02	5,18	4,38	3,58	2,99	2,39	1,98	1,57	1,15	0,73	0,41	0,10	10,90
04/05/2022 14:05:00	11,48	10,97	10,47	9,97	9,41	8,76	8,03	7,26	6,53	5,81	4,99	4,26	3,53	3,02	2,51	2,18	1,84	1,49	1,13	0,85	0,57	10,90
04/05/2022 14:10:00	11,36	10,94	10,44	9,92	9,34	8,72	8,01	7,28	6,54	5,80	4,99	4,25	3,52	3,00	2,48	2,13	1,78	1,41	1,04	0,75	0,46	10,65
04/05/2022 14:15:00	11,40	10,99	10,63	10,31	9,87	9,22	8,38	7,44	6,61	5,83	5,01	4,25	3,50	2,96	2,43	2,07	1,71	1,34	0,97	0,69	0,41	11,00
04/05/2022 14:20:00	11,63	11,12	10,65	10,24	9,83	9,24	8,54	7,81	6,99	6,18	5,36	4,57	3,78	3,19	2,60	2,20	1,79	1,38	0,96	0,65	0,34	12,01
04/05/2022 14:25:00	11,65	11,24	10,77	10,29	9,78	9,15	8,38	7,55	6,79	6,04	5,21	4,45	3,69	3,15	2,61	2,24	1,87	1,49	1,10	0,81	0,51	11,87
04/05/2022 14:30:00	11,67	11,23	10,76	10,29	9,76	9,18	8,45	7,62	6,84	6,09	5,29	4,55	3,81	3,27	2,73	2,36	1,99	1,60	1,21	0,92	0,62	11,32
04/05/2022 14:35:00	11,83	11,54	11,19	10,75	10,11	9,46	8,69	7,87	6,98	6,15	5,37	4,65	3,93	3,42	2,91	2,55	2,19	1,82	1,44	1,15	0,85	12,05
04/05/2022 14:40:00	12,20	11,79	11,16	10,53	9,95	9,32	8,58	7,78	7,05	6,32	5,49	4,72	3,94	3,37	2,80	2,42	2,03	1,62	1,21	0,90	0,59	11,68
04/05/2022 14:45:00	12,07	11,50	10,96	10,44	9,90	9,33	8,63	7,85	7,12	6,40	5,65	4,95	4,25	3,74	3,23	2,87	2,51	2,13	1,75	1,46	1,16	11,21
04/05/2022 14:50:00	11,91	11,67	11,15	10,62	10,13	9,50	8,81	8,11	7,29	6,49	5,70	4,93	4,16	3,57	2,98	2,57	2,15	1,71	1,28	0,95	0,63	11,50
04/05/2022 14:55:00	12,11	11,56	11,19	10,84	10,34	9,72	8,94	8,10	7,25	6,45	5,66	4,93	4,20	3,68	3,17	2,81	2,45	2,08	1,71	1,42	1,13	11,62
04/05/2022 15:00:00	12,23	11,62	11,12	10,69	10,26	9,72	9,08	8,41	7,62	6,84	6,07	5,31	4,56	3,99	3,43	3,02	2,62	2,20	1,78	1,47	1,15	11,72
04/05/2022 15:05:00	12,06	11,59	11,21	10,89	10,45	9,83	9,01	8,09	7,21	6,41	5,62	4,88	4,14	3,60	3,06	2,68	2,29	1,90	1,51	1,22	0,92	11,04
04/05/2022 15:10:00	12,31	12,03	11,49	10,88	10,23	9,47	8,65	7,84	7,03	6,30	5,64	5,05	4,46	4,03	3,60	3,28	2,96	2,62	2,27	1,99	1,71	11,81
04/05/2022 15:15:00	12,28	11,75	11,28	10,85	10,33	9,65	8,86	8,03	7,21	6,43	5,60	4,84	4,09	3,55	3,01	2,65	2,28	1,90	1,52	1,23	0,94	11,53
04/05/2022 15:20:00	12,03	11,68	11,25	10,88	10,47	9,88	9,10	8,24	7,45	6,70	5,92	5,18	4,44	3,89	3,34	2,95	2,56	2,16	1,76	1,46	1,16	11,23
04/05/2022 15:25:00	12,27	11,97	11,41	10,80	10,21	9,53	8,79	8,05	7,28	6,53	5,76	5,05	4,35	3,82	3,30	2,93	2,56	2,17	1,77	1,47	1,16	11,71
04/05/2022 15:30:00	12,38	11,87	11,34	10,86	10,38	9,77	8,99	8,13	7,38	6,66	5,88	5,15	4,42	3,89	3,36	2,99	2,62	2,24	1,86	1,56	1,27	11,87
04/05/2022 15:35:00	12,31	11,79	11,31	10,90	10,44	9,82	9,06	8,23	7,49	6,76	5,96	5,22	4,49	3,96	3,43	3,06	2,70	2,32	1,94	1,65	1,36	11,85
04/05/2022 15:40:00	12,35	12,00	11,51	11,01	10,50	9,99	9,34	8,59	7,85	7,10	6,25	5,44	4,63	4,02	3,42	3,00	2,58	2,14	1,70	1,38	1,05	11,51
04/05/2022 15:45:00	12,26	11,92	11,39	10,83	10,29	9,81	9,21	8,53	7,83	7,11	6,33	5,58	4,83	4,25	3,68	3,27	2,87	2,44	2,01	1,68	1,36	11,91
04/05/2022 15:50:00	12,43	11,95	11,60	11,36	11,06	10,43	9,65	8,82	7,95	7,12	6,30	5,51	4,72	4,13	3,54	3,13	2,71	2,29	1,88	1,57	1,26	12,31
04/05/2022 15:55:00	12,81	12,40	11,86	11,33	10,82	10,17	9,43	8,66	7,89	7,15	6,43	5,75	5,07	4,56	4,05	3,68	3,31	2,92	2,52	2,22	1,91	12,69
04/05/2022 16:00:00	13,17	12,88	12,38	11,79	11,19	10,60	10,01	9,43	8,72	7,96	7,08	6,28	5,48	4,88	4,28	3,88	3,47	3,03	2,60	2,26	1,93	12,57
04/05/2022 16:05:00	12,93	12,67	12,13	11,50	10,84	10,10	9,29	8,50	7,77	7,06	6,31	5,64	4,97	4,50	4,03	3,71	3,38	3,03	2,67	2,39	2,10	12,24
04/05/2022 16:10:00	12,88	12,44	12,07	11,68	11,06	10,24	9,28	8,32	7,42	6,61	5,82	5,15	4,47	4,01	3,56	3,25	2,94	2,62	2,29	2,02	1,76	11,97
04/05/2022 16:15:00	12,91	12,56	11,93	11,21	10,53	10,07	9,50	8,84	8,14	7,43	6,67	5,93	5,19	4,62	4,04	3,63	3,22	2,78	2,34	2,00	1,67	12,35
04/05/2022 16:20:00	12,84	12,35	11,84	11,34	10,80	10,20	9,45	8,63	7,82	7,07	6,40	5,75	5,10	4,61	4,13	3,76	3,40	3,02	2,63	2,34	2,04	12,50
04/05/2022 16:25:00	12,87	12,48	12,06	11,65	11,17	10,49	9,68	8,82	8,05	7,34	6,59	5,91	5,23	4,74	4,26	3,92	3,58	3,22	2,86	2,58	2,29	12,93
04/05/2022 16:30:00	12,84	12,33	11,93	11,54	11,02	10,48	9,77	8,94	8,15	7,40	6,61	5,88	5,15	4,62	4,09	3,72	3,34	2,95	2,57	2,26	1,96	12,64
04/05/2022 16:35:00	12,91	12,36	11,94	11,54	11,03	10,47	9,79	9,04	8,31	7,59	6,81	6,09	5,38	4,87	4,36	4,01	3,65	3,28	2,90	2,60	2,31	12,25
04/05/2022 16:40:00	13,14	12,85	12,40	11,93	11,40	10,78	10,03	9,21	8,35	7,53	6,74	5,98	5,22	4,64	4,07	3,65	3,24	2,81	2,38	2,06	1,73	12,61
04/05/2022 16:45:00	13,30	12,81	12,29	11,78	11,27	10,73	10,09	9,37	8,62	7,90	7,22	6,56	5,90	5,39	4,88	4,50	4,12	3,71	3,31	3,00	2,68	12,56
04/05/2022 16:50:00	13,24	12,77	12,28	11,75	11,10	10,52	9,82	9,06	8,34	7,62	6,81	6,08	5,35	4,83	4,31	3,96	3,60	3,22	2,84	2,54	2,23	12,94
04/05/2022 16:55:00	13,22	12,82	12,31	11,79	11,23	10,65	9,89	9,02	8,29	7,61	6,88	6,21	5,53	5,03	4,53	4,17	3,81	3,43	3,05	2,75	2,45	12,52
04/05/2022 17:00:00	13,09	12,69	12,32	11,93	11,37	10,72	9,96	9,16	8,31	7,50	6,74	6,05	5,35	4,84	4,34	3,98	3,62	3,24	2,86	2,56	2,26	12,60
04/05/2022 17:05:00	13,23	12,73	12,18	11,65	11,16	10,61	9,99	9,34	8,65	7,94	7,11	6,33	5,55	4,97	4,38	3,98	3,58	3,15	2,73	2,41	2,08	13,44
04/05/2022 17:10:00	13,19	12,87	12,44	11,97	11,40	10,79	10,05	9,24	8,51	7,81	6,98	6,23	5,49	4,95	4,41	4,05	3,68	3,30	2,91	2,60	2,29	12,74
04/05/2022 17:15:00	13,34	12,94	12,45	11,97	11,45	10,84	10,14	9,44	8,64	7,85	7,08	6,34	5,61	5,06	4,51	4,11	3,71	3,29	2,87	2,55	2,23	12,94
04/05/2022 17:20:00	13,56	13,11	12,59	11,99	11,31	10,64	9,92	9,22	8,56	7,93	7,27	6,70	6,14	5,75	5,36	5,08	4,80	4,48	4,16	3,89	3,61	12,77
04/05/2022 17:25:00	13,48	13,00	12,55	12,09	11,53	10,94	10,20	9,38	8,57	7,80	7,02	6,30	5,57	5,03	4,50	4,11	3,73	3,33	2,93	2,62	2,31	13,33
04/05/2022 17:30:00	13,37	12,96	12,43	11,88	11,33	10,71	10,05	9,41	8,72	8,02	7,26	6,56	5,86	5,34	4,82	4,46	4,10	3,71	3,32	3,00	2,69	12,78
04/05/2022 17:35:00	13,44	13,04	12,45	11,83	11,24	10,68	9,96	9,11	8,38	7,72	7,11	6,52	5,93	5,48	5,02	4,67	4,31	3,93	3,55	3,25	2,94	12,89
04/05/2022 17:40:00	13,35	12,90	12,41	11,96	11,54	11,09	10,52	9,84	9,15	8,43	7,57	6,75	5,92	5,28	4,65	4,20	3,76	3,30	2,84	2,50	2,16	12,83
04/05/2022 17:45:00	13,37	12,92	12,46	11,96	11,36	10,75	10,01	9,19	8,46	7,78	7,05	6,40	5,75	5,28	4,81	4,48	4,15	3,79	3,43	3,14	2,85	12,88
04/05/2022 17:50:00	13,53	13,01	12,56	12,20	11,80	11,19	10,46	9,71	8,93	8,16	7,29	6,48	5,67	5,07	4,46	4,05	3,64	3,21	2,79	2,46	2,14	13,90
04/05/2022 17:55:00	13,41	12,82	12,45	12,17	11,78	11,24	10,55	9,76	8,95	8,16	7,34	6,56	5,79	5,21	4,63	4,22	3,82	3,40	2,99	2,67	2,36	12,90
04/05/2022 18:00:00	13,54	12,95	12,53	12,17	11,68	11,06	10,36	9,65	8,85	8,07	7,30	6,59	5,88	5,36	4,84	4,47	4,10	3,71	3,32	3,01	2,71	13,60
04/05/2022 18:05:00	13,46	13,16	12,64	12,08	11,59	11,11	10,53	9,87	9,22	8,54	7,71	6,92	6,13	5,52	4,91	4,49	4,06	3,62	3,17	2,83	2,49	12,89
04/05/2022 18:10:00	13,57	13,21	12,68	12,17	11,68	11,14	10,44	9,66	8,88	8,14	7,50	6,85	6,21	5,70	5,18	4,78	4,38	3,96	3,54	3,22	2,90	13,02
04/05/2022 18:15:00	13,77	13,34	12,72	12,17	11,77	11,15	10,45	9,75	9,13	8,50	7,78	7,09	6,41	5,89	5,37	5,00	4,62	4,22	3,82	3,51	3,19	12,80
04/05/2022 18:20:00	13,60	13,00	12,58	12,22	11,75	11,25	10,56	9,73	8,90	8,11	7,39	6,68	5,97	5,42	4,88	4,48	4,07	3,66	3,24	2,93	2,61	13,09
04/05/2022 18:25:00	13,50	13,15	12,72	12,30	11,84	11,36	10,72	9,95	9,18	8,41	7,60	6,81	6,02	5,40	4,79	4,35	3,91	3,46	3,01	2,67	2,33	12,67
04/05/2022 18:30:00	13,49	13,31	12,86	12,36	11,85	11,30	10,63	9,91	9,14	8,39	7,63	6,89	6,16	5,59	5,02	4,60	4,18	3,74	3,31	2,97	2,64	12,75
04/05/2022 18:35:00	13,54	13,11	12,68	12,26	11,79	11,30	10,65	9,91	9,14	8,39	7,69	7,00	6,31	5,78	5,25	4,85	4,45	4,03	3,62	3,30	2,98	12,85
04/05/2022 18:40:00	13,50	13,30	12,78	12,24	11,76	11,28	10,68	10,03	9,27	8,51	7,80	7,07	6,35	5,76	5,17	4,73	4,28	3,82	3,35	3,00	2,65	12,88
04/05/2022 18:45:00	13,68	13,14	12,73	12,38	11,96	11,50	10,86	10,09	9,35	8,60	7,76	6,96	6,15	5,55	4,94	4,52	4,09	3,66	3,22	2,89	2,56	12,86
04/05/2022 18:50:00	13,67	13,35	12,94	12,50	11,98	11,39	10,65	9,79	9,02	8,30	7,53	6,82	6,11	5,58	5,05	4,67	4,29	3,89	3,49	3,18	2,86	13,08
04/05/2022 18:55:00	13,71	13,27	12,79	12,35	11,95	11,43	10,77	10,03	9,29	8,55	7,78	7,02	6,27	5,68	5,10	4,67	4,24	3,80	3,36	3,03	2,70	13,05
04/05/2022 19:00:00	13,67	13,27	12,78	12,31	11,84	11,16	10,38	9,59	8,84	8,13	7,43	6,78	6,14	5,66	5,18	4,83	4,47	4,10	3,73	3,43	3,13	12,94
04/05/2022 19:05:00	13,65	13,44	12,92	12,30	11,66	11,10	10,47	9,79	9,07	8,36	7,66	7,00	6,34	5,83	5,31	4,93	4,55	4,14	3,72	3,40	3,07	12,68
04/05/2022 19:10:00	13,48	13,18	12,82	12,39	11,75	11,14	10,37	9,52	8,70	7,95	7,29	6,69	6,09	5,65	5,22	4,88	4,55	4,19	3,83	3,54	3,25	12,84
04/05/2022 19:15:00	13,50	13,06	12,61	12,20	11,79	11,36	10,76	10,02	9,28	8,56	7,82	7,09	6,36	5,78	5,21	4,78	4,36	3,92	3,48	3,15	2,81	12,80
04/05/2022 19:20:00	13,58	13,20	12,75	12,26	11,70	11,26	10,73	10,11	9,38	8,64	7,87	7,14	6,40	5,83	5,26	4,84	4,43	3,99	3,55	3,21	2,87	12,70
04/05/2022 19:25:00	13,57	13,00	12,57	12,23	11,86	11,34	10,66	9,90	9,19	8,49	7,70	6,96	6,22	5,67	5,12	4,73	4,33	3,93	3,53	3,21	2,90	12,54
04/05/2022 19:30:00	13,48	13,09	12,65	12,26	11,87	11,30	10,62	9,90	9,20	8,49	7,68	6,92	6,17	5,59	5,02	4,62	4,22	3,80	3,38	3,06	2,74	12,47
04/05/2022 19:35:00	13,43	13,02	12,63	12,28	11,85	11,36	10,70	9,93	9,17	8,43	7,61	6,84	6,06	5,48	4,89	4,47	4,06	3,63	3,20	2,88	2,55	12,52
04/05/2022 19:40:00	13,40	13,10	12,65	12,18	11,64	11,04	10,38	9,73	8,98	8,26	7,57	6,93	6,30	5,81	5,33	4,97	4,61	4,22	3,83	3,52	3,21	12,42
04/05/2022 19:45:00	13,36	12,97	12,46	11,95	11,52	11,15	10,68	10,13	9,43	8,70	8,02	7,32	6,61	6,03	5,45	5,01	4,56	4,10	3,63	3,28	2,93	12,27
04/05/2022 19:50:00	13,42	12,92	12,56	12,20	11,72	11,23	10,59	9,83	9,11	8,41	7,65	6,96	6,26	5,75	5,24	4,87	4,50	4,11	3,73	3,42	3,11	12,07
04/05/2022 19:55:00	13,39	13,11	12,62	12,09	11,59	11,13	10,54	9,85	9,17	8,49	7,76	7,06	6,35	5,80	5,25	4,84	4,44	4,01	3,58	3,25	2,92	12,27
04/05/2022 20:00:00	13,05	12,70	12,24	11,81	11,41	10,95	10,35	9,64	8,94	8,23	7,47	6,71	5,96	5,38	4,80	4,38	3,95	3,51	3,07	2,74	2,41	12,19
04/05/2022 20:05:00	12,68	12,29	11,91	11,56	11,15	10,59	9,91	9,16	8,52	7,85	6,95	6,16	5,36	4,79	4,23	3,86	3,49	3,10	2,71	2,41	2,10	12,07
04/05/2022 20:10:00	12,27	11,98	11,60	11,22	10,81	10,32	9,71	9,01	8,29	7,55	6,73	5,95	5,16	4,58	3,99	3,57	3,16	2,74	2,31	1,99	1,66	12,00
04/05/2022 20:15:00	12,36	11,99	11,57	11,17	10,72	10,17	9,47	8,69	7,98	7,31	6,60	5,95	5,29	4,80	4,32	3,96	3,61	3,24	2,86	2,57	2,27	11,72
04/05/2022 20:20:00	12,32	11,95	11,49	11,06	10,65	10,14	9,55	8,92	8,21	7,49	6,73	6,00	5,27	4,71	4,15	3,75	3,35	2,93	2,51	2,18	1,86	11,94
04/05/2022 20:25:00	11,94	11,65	11,37	11,02	10,45	9,75	8,96	8,15	7,31	6,56	5,87	5,27	4,67	4,25	3,84	3,54	3,25	2,93	2,61	2,34	2,08	11,80
04/05/2022 20:30:00	11,93	11,55	11,09	10,66	10,27	9,78	9,14	8,41	7,76	7,12	6,39	5,70	5,01	4,49	3,97	3,60	3,23	2,85	2,46	2,16	1,85	11,75
04/05/2022 20:35:00	11,64	11,38	10,96	10,53	10,08	9,51	8,83	8,09	7,37	6,70	6,04	5,42	4,81	4,35	3,88	3,54	3,20	2,83	2,47	2,18	1,89	11,73
04/05/2022 20:40:00	11,72	11,34	10,99	10,68	10,29	9,83	9,18	8,39	7,69	7,00	6,26	5,56	4,87	4,35	3,83	3,46	3,09	2,71	2,33	2,03	1,73	11,66
04/05/2022 20:45:00	11,60	11,21	10,93	10,74	10,44	9,99	9,30	8,43	7,68	6,95	6,14	5,36	4,59	4,02	3,44	3,04	2,64	2,24	1,83	1,53	1,22	11,52
04/05/2022 20:50:00	11,42	11,22	10,82	10,42	10,07	9,63	9,11	8,54	7,93	7,27	6,50	5,77	5,04	4,48	3,92	3,52	3,13	2,71	2,30	1,98	1,66	11,35
04/05/2022 20:55:00	11,28	11,21	11,01	10,76	10,33	9,85	9,12	8,23	7,44	6,73	6,04	5,39	4,74	4,26	3,78	3,42	3,07	2,70	2,33	2,04	1,75	11,23
04/05/2022 21:00:00	11,19	11,00	10,73	10,48	10,17	9,73	9,12	8,41	7,67	6,95	6,20	5,48	4,75	4,20	3,64	3,24	2,84	2,43	2,02	1,71	1,39	11,23
04/05/2022 21:05:00	11,11	10,96	10,62	10,31	9,99	9,45	8,79	8,09	7,46	6,82	6,08	5,40	4,72	4,22	3,72	3,37	3,01	2,64	2,28	1,98	1,69	11,13
04/05/2022 21:10:00	11,00	10,96	10,82	10,62	10,18	9,59	8,83	8,01	7,19	6,45	5,71	5,05	4,40	3,93	3,47	3,14	2,81	2,46	2,12	1,84	1,56	10,97
04/05/2022 21:15:00	10,95	10,73	10,45	10,18	9,82	9,31	8,68	7,97	7,31	6,63	5,86	5,16	4,46	3,95	3,44	3,09	2,75	2,38	2,01	1,72	1,43	10,98
04/05/2022 21:20:00	10,83	10,65	10,39	10,09	9,65	9,30	8,74	8,02	7,32	6,64	5,92	5,24	4,56	4,05	3,53	3,16	2,79	2,40	2,01	1,71	1,41	10,88
04/05/2022 21:25:00	10,73	10,55	10,30	10,08	9,78	9,32	8,71	8,02	7,27	6,56	5,87	5,20	4,53	4,03	3,52	3,14	2,76	2,37	1,98	1,68	1,38	10,70
04/05/2022 21:30:00	10,60	10,49	10,24	9,96	9,60	9,10	8,45	7,72	7,09	6,46	5,76	5,12	4,49	4,03	3,57	3,25	2,92	2,58	2,23	1,95	1,67	10,72
04/05/2022 21:35:00	10,51	10,46	10,26	10,02	9,66	9,19	8,60	7,95	7,24	6,55	5,85	5,19	4,54	4,05	3,57	3,21	2,86	2,49	2,12	1,83	1,54	10,58
04/05/2022 21:40:00	10,54	10,43	10,19	9,97	9,66	9,14	8,49	7,75	7,02	6,34	5,68	5,05	4,43	3,97	3,50	3,16	2,81	2,46	2,10	1,81	1,52	10,48
04/05/2022 21:45:00	10,45	10,48	10,34	10,15	9,82	9,38	8,73	7,92	7,21	6,51	5,73	5,00	4,27	3,73	3,20	2,82	2,44	2,06	1,67	1,37	1,07	10,48
04/05/2022 21:50:00	10,55	10,41	10,20	9,98	9,64	9,13	8,46	7,70	7,03	6,37	5,64	4,98	4,33	3,86	3,39	3,07	2,74	2,40	2,05	1,78	1,50	10,47
04/05/2022 21:55:00	10,45	10,43	10,23	9,98	9,59	9,19	8,59	7,86	7,21	6,54	5,76	5,04	4,33	3,81	3,28	2,92	2,56	2,19	1,81	1,51	1,21	10,32
04/05/2022 22:00:00	10,33	10,49	10,27	9,88	9,33	8,78	8,09	7,35	6,64	5,98	5,35	4,79	4,24	3,84	3,43	3,14	2,84	2,51	2,19	1,91	1,64	10,41
04/05/2022 22:05:00	10,34	10,33	10,21	10,06	9,72	9,31	8,64	7,82	7,10	6,39	5,62	4,91	4,20	3,68	3,15	2,79	2,42	2,04	1,66	1,37	1,07	10,40
04/05/2022 22:10:00	10,30	10,23	10,14	10,03	9,73	9,32	8,73	8,03	7,25	6,52	5,79	5,09	4,40	3,88	3,37	2,99	2,62	2,23	1,85	1,55	1,25	10,38
04/05/2022 22:15:00	10,18	10,26	10,12	9,91	9,54	9,19	8,63	7,91	7,19	6,47	5,70	4,97	4,24	3,68	3,13	2,74	2,34	1,94	1,53	1,21	0,90	10,13
04/05/2022 22:20:00	10,18	10,37	10,10	9,74	9,34	8,87	8,28	7,63	7,02	6,41	5,73	5,10	4,47	4,00	3,53	3,19	2,85	2,48	2,11	1,81	1,52	10,22
04/05/2022 22:25:00	10,20	10,32	10,10	9,75	9,31	8,91	8,42	7,89	7,24	6,59	5,90	5,26	4,62	4,14	3,65	3,30	2,95	2,57	2,19	1,88	1,58	10,10
04/05/2022 22:30:00	10,10	10,08	9,96	9,82	9,55	9,19	8,67	8,02	7,34	6,65	5,87	5,14	4,41	3,86	3,31	2,93	2,54	2,15	1,75	1,44	1,13	10,16
04/05/2022 22:35:00	9,94	9,99	9,79	9,53	9,20	8,85	8,36	7,77	7,15	6,51	5,80	5,13	4,46	3,95	3,44	3,08	2,71	2,32	1,94	1,63	1,33	9,90
04/05/2022 22:40:00	9,86	9,84	9,80	9,75	9,56	9,23	8,67	7,96	7,28	6,59	5,85	5,14	4,43	3,90	3,37	2,99	2,61	2,22	1,83	1,53	1,23	10,01
04/05/2022 22:45:00	9,63	9,69	9,73	9,71	9,41	9,03	8,46	7,77	7,04	6,34	5,58	4,90	4,22	3,72	3,23	2,89	2,55	2,19	1,83	1,55	1,26	9,82
04/05/2022 22:50:00	9,36	9,32	9,37	9,51	9,52	9,22	8,75	8,14	7,52	6,82	5,93	5,10	4,27	3,66	3,04	2,63	2,22	1,81	1,40	1,09	0,78	9,24
04/05/2022 22:55:00	9,37	9,64	9,62	9,50	9,24	8,82	8,34	7,82	7,17	6,51	5,78	5,12	4,46	3,97	3,48	3,14	2,80	2,43	2,07	1,78	1,48	8,87
04/05/2022 23:00:00	9,59	9,71	9,67	9,57	9,28	8,92	8,35	7,63	6,87	6,18	5,53	4,91	4,29	3,81	3,34	2,98	2,61	2,24	1,86	1,57	1,27	9,38
04/05/2022 23:05:00	9,46	9,60	9,67	9,72	9,57	9,31	8,75	7,97	7,17	6,42	5,68	4,94	4,20	3,63	3,05	2,63	2,20	1,78	1,36	1,04	0,72	9,46
04/05/2022 23:10:00	9,52	9,48	9,47	9,47	9,26	8,92	8,41	7,79	7,07	6,37	5,64	4,95	4,25	3,74	3,22	2,86	2,49	2,11	1,73	1,43	1,14	9,48
04/05/2022 23:15:00	9,29	9,28	9,22	9,27	9,26	8,96	8,49	7,89	7,18	6,51	5,86	5,18	4,51	3,97	3,44	3,03	2,62	2,21	1,79	1,48	1,17	9,27
04/05/2022 23:20:00	8,96	9,01	9,03	9,05	8,94	8,79	8,41	7,85	7,31	6,71	5,97	5,27	4,57	4,04	3,50	3,12	2,74	2,35	1,96	1,66	1,35	8,17
04/05/2022 23:25:00	8,67	8,87	9,00	9,10	8,99	8,77	8,27	7,56	6,91	6,24	5,51	4,80	4,10	3,57	3,04	2,66	2,28	1,90	1,51	1,21	0,92	8,27
04/05/2022 23:30:00	8,45	8,66	8,86	9,08	9,11	8,95	8,52	7,89	7,30	6,62	5,78	4,99	4,20	3,61	3,01	2,60	2,20	1,79	1,38	1,07	0,76	8,05
04/05/2022 23:35:00	8,47	8,81	8,97	9,19	9,23	8,94	8,47	7,87	7,14	6,43	5,66	4,91	4,16	3,58	3,00	2,58	2,16	1,75	1,33	1,01	0,70	8,06
04/05/2022 23:40:00	8,48	8,77	8,80	8,82	8,77	8,60	8,17	7,56	7,04	6,43	5,69	4,97	4,25	3,69	3,13	2,73	2,33	1,92	1,52	1,20	0,89	8,21
04/05/2022 23:45:00	8,35	8,53	8,55	8,65	8,75	8,66	8,37	7,91	7,33	6,70	5,98	5,24	4,49	3,88	3,27	2,82	2,37	1,92	1,46	1,13	0,79	8,23
04/05/2022 23:50:00	8,29	8,54	8,68	8,82	8,74	8,41	7,96	7,42	6,75	6,06	5,29	4,58	3,87	3,34	2,81	2,45	2,08	1,71	1,34	1,04	0,75	8,12
04/05/2022 23:55:00	7,78	8,16	8,52	8,86	8,94	8,73	8,29	7,68	6,99	6,29	5,51	4,76	4,02	3,46	2,91	2,51	2,12	1,73	1,34	1,04	0,74	7,77
