FileFormat:0002.2 file with temperature of atmosphere
SN105HE102
local	GMT or Local
0	GMT-Local=[hours]
0	Height[m]
0	0	0	Longitude                [grd]               [min]               [sec]
0	0	0	Latitude                [grd]               [min]               [sec]
N	NS
56,45	Freq[GHz]
0,00	dTemostat[K]
0,150	MessErr[K]
0,248	//[grad/step]
version 14.4.20120406
MTP5HE102F5645K-38.60I70D219217+A1.1
Commentary:
SN105HE102
парабола ДНА = 2,5 град
НЕ102 - ПУ - ХВБ с ЦСД " S "
АЦП - 202 - 09 с контр.U пит.и М
оптопара серии - 2
Т out № 178 пл
БП LPS - 112
End Of Commentary

SYSTEM\summer.dat
data time	0	50	100	150	200	250	300	350	400	450	500	550	600	650	700	750	800	850	900	950	1000	OutsideTemperature
14/10/2019 00:00:00	10,28	11,64	12,16	12,49	12,60	12,63	12,58	12,48	12,31	12,15	12,02	11,83	11,65	11,40	11,16	10,83	10,51	10,17	9,84	9,49	9,14	10,42
14/10/2019 00:05:00	10,46	11,49	12,02	12,40	12,61	12,70	12,70	12,66	12,52	12,37	12,19	11,97	11,74	11,47	11,20	10,87	10,54	10,20	9,85	9,48	9,11	10,28
14/10/2019 00:10:00	10,30	11,45	12,09	12,51	12,67	12,74	12,73	12,67	12,54	12,37	12,12	11,84	11,57	11,27	10,97	10,63	10,29	9,95	9,60	9,23	8,87	10,42
14/10/2019 00:15:00	10,50	11,43	11,98	12,36	12,49	12,62	12,64	12,59	12,46	12,31	12,13	11,91	11,69	11,43	11,16	10,84	10,52	10,18	9,84	9,47	9,11	10,45
14/10/2019 00:20:00	10,48	11,39	11,93	12,35	12,59	12,63	12,63	12,62	12,45	12,26	12,07	11,82	11,58	11,29	11,00	10,66	10,32	9,96	9,60	9,22	8,84	10,70
14/10/2019 00:25:00	10,70	11,46	12,02	12,43	12,60	12,61	12,61	12,62	12,48	12,33	12,17	11,96	11,74	11,48	11,22	10,90	10,58	10,24	9,90	9,54	9,18	10,73
14/10/2019 00:30:00	10,71	11,46	12,04	12,50	12,77	12,85	12,89	12,91	12,79	12,63	12,44	12,20	11,96	11,67	11,39	11,06	10,72	10,37	10,01	9,63	9,25	10,71
14/10/2019 00:35:00	10,90	11,38	11,91	12,38	12,70	12,85	12,93	12,97	12,92	12,81	12,60	12,34	12,08	11,80	11,52	11,19	10,87	10,52	10,17	9,79	9,40	10,85
14/10/2019 00:40:00	10,87	11,33	11,79	12,21	12,51	12,74	12,83	12,81	12,74	12,65	12,54	12,36	12,18	11,93	11,69	11,37	11,05	10,70	10,35	9,96	9,58	10,90
14/10/2019 00:45:00	10,90	11,45	11,94	12,34	12,57	12,78	12,87	12,87	12,84	12,78	12,63	12,44	12,25	12,01	11,78	11,48	11,18	10,85	10,52	10,16	9,79	10,76
14/10/2019 00:50:00	10,83	11,39	11,96	12,43	12,71	12,87	12,96	13,01	12,92	12,82	12,69	12,50	12,31	12,06	11,82	11,50	11,18	10,83	10,48	10,10	9,72	10,76
14/10/2019 00:55:00	10,79	11,48	12,04	12,48	12,72	12,89	12,92	12,87	12,81	12,69	12,50	12,26	12,02	11,74	11,46	11,14	10,81	10,46	10,11	9,73	9,35	10,84
14/10/2019 01:00:00	10,77	11,63	12,33	12,82	13,00	13,22	13,26	13,19	13,11	12,98	12,76	12,49	12,23	11,93	11,64	11,30	10,95	10,59	10,23	9,85	9,46	10,90
14/10/2019 01:05:00	10,87	11,69	12,25	12,69	12,97	13,07	13,10	13,07	12,97	12,84	12,68	12,46	12,24	11,97	11,70	11,37	11,04	10,68	10,33	9,94	9,56	11,03
14/10/2019 01:10:00	10,82	11,95	12,54	12,88	12,93	12,95	12,91	12,83	12,74	12,62	12,43	12,21	12,00	11,74	11,49	11,19	10,88	10,56	10,25	9,91	9,58	10,93
14/10/2019 01:15:00	11,10	11,94	12,70	13,28	13,59	13,59	13,57	13,52	13,34	13,10	12,80	12,45	12,09	11,72	11,35	10,95	10,56	10,15	9,75	9,33	8,90	11,13
14/10/2019 01:20:00	10,93	11,93	12,54	12,97	13,14	13,13	13,11	13,09	12,97	12,80	12,56	12,30	12,03	11,74	11,44	11,11	10,78	10,43	10,09	9,72	9,36	11,22
14/10/2019 01:25:00	10,98	11,90	12,61	13,04	13,11	13,26	13,26	13,15	13,02	12,86	12,65	12,39	12,13	11,84	11,54	11,20	10,86	10,50	10,15	9,78	9,40	11,10
14/10/2019 01:30:00	11,04	12,11	12,77	13,16	13,20	13,18	13,11	13,03	12,80	12,58	12,42	12,19	11,96	11,68	11,40	11,04	10,69	10,34	9,98	9,62	9,25	11,05
14/10/2019 01:35:00	10,89	11,80	12,40	12,81	12,93	13,03	13,03	12,95	12,82	12,67	12,46	12,22	11,97	11,69	11,41	11,07	10,74	10,39	10,04	9,67	9,30	11,07
14/10/2019 01:40:00	10,76	11,73	12,29	12,69	12,89	12,97	12,99	12,96	12,79	12,61	12,42	12,18	11,94	11,66	11,38	11,04	10,70	10,34	9,98	9,60	9,22	10,98
14/10/2019 01:45:00	10,89	11,82	12,47	12,88	12,97	13,00	12,96	12,87	12,72	12,54	12,34	12,09	11,83	11,55	11,26	10,91	10,57	10,23	9,88	9,52	9,15	11,10
14/10/2019 01:50:00	10,83	11,65	12,23	12,62	12,72	12,83	12,84	12,79	12,72	12,61	12,45	12,25	12,05	11,81	11,56	11,25	10,95	10,62	10,29	9,95	9,60	10,97
14/10/2019 01:55:00	10,89	11,76	12,30	12,65	12,74	12,79	12,77	12,72	12,66	12,57	12,40	12,20	12,00	11,76	11,53	11,23	10,93	10,62	10,30	9,97	9,64	10,81
14/10/2019 02:00:00	10,92	11,94	12,49	12,81	12,83	12,79	12,74	12,68	12,48	12,28	12,11	11,89	11,68	11,42	11,15	10,83	10,50	10,16	9,83	9,49	9,14	11,05
14/10/2019 02:05:00	10,97	11,80	12,23	12,49	12,53	12,50	12,43	12,32	12,17	12,01	11,87	11,68	11,49	11,24	11,00	10,68	10,37	10,05	9,72	9,39	9,05	11,02
14/10/2019 02:10:00	10,88	11,67	12,10	12,56	13,04	13,13	13,14	13,11	13,06	12,94	12,72	12,45	12,18	11,88	11,58	11,24	10,89	10,52	10,15	9,74	9,33	11,06
14/10/2019 02:15:00	10,99	11,57	12,17	12,62	12,79	12,90	12,90	12,85	12,74	12,56	12,28	11,97	11,66	11,33	11,01	10,66	10,32	9,96	9,59	9,21	8,82	11,08
14/10/2019 02:20:00	11,05	11,54	11,85	12,11	12,30	12,51	12,59	12,59	12,60	12,54	12,33	12,12	11,90	11,66	11,43	11,15	10,88	10,57	10,26	9,91	9,56	11,31
14/10/2019 02:25:00	11,22	11,59	12,03	12,42	12,70	12,82	12,81	12,70	12,65	12,51	12,23	11,91	11,60	11,27	10,95	10,61	10,26	9,90	9,53	9,14	8,74	11,32
14/10/2019 02:30:00	11,15	11,50	12,05	12,49	12,71	12,78	12,82	12,87	12,80	12,68	12,50	12,28	12,05	11,78	11,52	11,21	10,89	10,56	10,22	9,85	9,49	11,28
14/10/2019 02:35:00	11,19	11,66	11,92	12,05	12,01	12,00	11,93	11,82	11,66	11,52	11,43	11,29	11,15	10,95	10,74	10,45	10,16	9,86	9,56	9,25	8,93	11,37
14/10/2019 02:40:00	11,29	11,65	11,87	12,01	12,04	12,08	12,09	12,09	12,06	12,05	12,04	11,99	11,93	11,80	11,66	11,43	11,19	10,93	10,66	10,37	10,08	11,37
14/10/2019 02:45:00	11,22	11,61	11,83	11,98	12,02	11,96	11,91	11,89	11,85	11,83	11,81	11,75	11,68	11,54	11,39	11,15	10,91	10,64	10,38	10,09	9,81	11,33
14/10/2019 02:50:00	11,27	11,58	11,63	11,71	11,83	12,02	12,14	12,23	12,26	12,31	12,37	12,39	12,41	12,33	12,26	12,06	11,86	11,61	11,36	11,07	10,79	11,34
14/10/2019 02:55:00	11,47	12,14	12,26	12,33	12,39	12,38	12,34	12,28	12,26	12,26	12,24	12,19	12,14	12,00	11,87	11,64	11,41	11,15	10,88	10,60	10,31	11,37
14/10/2019 03:00:00	11,51	12,29	12,41	12,41	12,29	12,25	12,19	12,13	12,06	12,03	12,05	12,03	12,01	11,90	11,80	11,58	11,36	11,12	10,87	10,61	10,35	11,53
14/10/2019 03:05:00	11,68	12,43	12,59	12,67	12,70	12,59	12,43	12,26	12,07	11,92	11,84	11,70	11,56	11,35	11,13	10,83	10,52	10,21	9,89	9,57	9,24	12,02
14/10/2019 03:10:00	11,77	12,86	12,98	12,93	12,75	12,64	12,47	12,24	12,09	11,94	11,74	11,56	11,37	11,15	10,93	10,65	10,38	10,09	9,80	9,51	9,21	11,53
14/10/2019 03:15:00	11,36	12,54	12,91	13,03	12,90	12,73	12,56	12,41	12,28	12,16	12,03	11,88	11,74	11,53	11,33	11,05	10,78	10,49	10,21	9,93	9,64	11,77
14/10/2019 03:20:00	11,70	12,58	13,25	13,67	13,72	13,59	13,38	13,10	12,91	12,63	12,18	11,72	11,26	10,83	10,40	9,99	9,58	9,18	8,79	8,39	7,98	11,29
14/10/2019 03:25:00	11,56	12,63	13,33	13,85	14,12	13,90	13,68	13,50	13,27	12,97	12,54	12,09	11,63	11,20	10,76	10,33	9,89	9,47	9,06	8,63	8,20	11,61
14/10/2019 03:30:00	11,20	12,22	12,96	13,48	13,68	13,71	13,69	13,64	13,40	13,16	12,99	12,74	12,49	12,18	11,87	11,48	11,10	10,71	10,32	9,91	9,50	11,36
14/10/2019 03:35:00	11,15	12,23	12,94	13,39	13,51	13,53	13,45	13,29	13,03	12,77	12,53	12,23	11,93	11,58	11,24	10,85	10,45	10,05	9,66	9,25	8,85	11,53
14/10/2019 03:40:00	11,37	12,01	12,37	12,71	13,03	13,18	13,21	13,14	13,07	12,94	12,74	12,49	12,25	11,97	11,69	11,36	11,03	10,66	10,30	9,91	9,51	11,19
14/10/2019 03:45:00	11,07	12,00	12,53	12,89	13,06	13,06	13,04	13,00	12,88	12,68	12,36	12,04	11,71	11,39	11,06	10,73	10,39	10,04	9,69	9,31	8,94	11,00
14/10/2019 03:50:00	10,95	11,74	12,19	12,57	12,84	12,93	12,94	12,89	12,75	12,60	12,45	12,24	12,02	11,76	11,49	11,15	10,82	10,46	10,10	9,72	9,33	10,62
14/10/2019 03:55:00	10,92	11,61	12,17	12,60	12,85	12,90	12,89	12,87	12,74	12,58	12,38	12,12	11,87	11,58	11,29	10,94	10,60	10,24	9,89	9,50	9,12	10,72
14/10/2019 04:00:00	10,67	11,26	11,79	12,21	12,45	12,54	12,57	12,55	12,48	12,43	12,41	12,30	12,19	11,99	11,79	11,49	11,19	10,86	10,54	10,19	9,85	10,72
14/10/2019 04:05:00	10,70	11,41	11,89	12,27	12,50	12,66	12,73	12,73	12,69	12,56	12,30	12,02	11,74	11,45	11,17	10,86	10,55	10,21	9,87	9,50	9,13	10,60
14/10/2019 04:10:00	10,52	11,11	11,67	12,13	12,43	12,56	12,62	12,66	12,59	12,50	12,40	12,23	12,06	11,83	11,59	11,28	10,97	10,63	10,29	9,93	9,56	10,48
14/10/2019 04:15:00	10,49	11,00	11,49	11,94	12,28	12,49	12,62	12,71	12,71	12,66	12,57	12,41	12,26	12,04	11,83	11,54	11,26	10,93	10,61	10,24	9,88	10,28
14/10/2019 04:20:00	10,39	10,87	11,30	11,65	11,84	12,06	12,18	12,24	12,25	12,30	12,39	12,40	12,40	12,30	12,19	11,95	11,71	11,43	11,15	10,84	10,53	10,39
14/10/2019 04:25:00	10,38	10,86	11,35	11,84	12,30	12,76	13,07	13,26	13,33	13,38	13,40	13,34	13,28	13,14	12,99	12,73	12,48	12,16	11,85	11,47	11,10	10,49
14/10/2019 04:30:00	10,31	10,90	11,55	12,04	12,27	12,44	12,54	12,61	12,61	12,62	12,63	12,56	12,49	12,33	12,16	11,89	11,62	11,32	11,02	10,69	10,36	10,53
14/10/2019 04:35:00	10,38	10,80	11,37	11,87	12,23	12,68	12,96	13,13	13,25	13,34	13,38	13,34	13,30	13,18	13,05	12,81	12,58	12,28	11,99	11,64	11,30	10,25
14/10/2019 04:40:00	10,37	10,96	11,57	12,09	12,45	12,75	12,94	13,06	12,97	12,89	12,85	12,72	12,59	12,37	12,16	11,84	11,53	11,18	10,83	10,44	10,06	10,33
14/10/2019 04:45:00	10,40	11,05	11,73	12,28	12,61	12,81	12,93	13,00	12,91	12,79	12,67	12,47	12,27	12,01	11,75	11,42	11,09	10,73	10,37	9,98	9,59	10,20
14/10/2019 04:50:00	10,21	10,73	11,25	11,73	12,15	12,43	12,61	12,73	12,74	12,71	12,62	12,46	12,30	12,09	11,88	11,59	11,30	10,98	10,65	10,28	9,91	10,21
14/10/2019 04:55:00	10,22	10,62	11,21	11,72	12,09	12,24	12,34	12,43	12,36	12,30	12,26	12,12	11,99	11,77	11,56	11,25	10,94	10,60	10,27	9,90	9,54	10,24
14/10/2019 05:00:00	10,27	10,77	11,27	11,70	11,98	12,16	12,30	12,42	12,46	12,44	12,33	12,18	12,04	11,84	11,64	11,38	11,12	10,82	10,52	10,19	9,85	10,26
14/10/2019 05:05:00	10,12	10,67	11,18	11,61	11,92	12,18	12,31	12,37	12,42	12,41	12,33	12,19	12,05	11,86	11,66	11,39	11,12	10,82	10,51	10,17	9,82	10,05
14/10/2019 05:10:00	10,20	10,61	11,10	11,54	11,88	12,17	12,32	12,39	12,40	12,38	12,32	12,20	12,07	11,87	11,68	11,39	11,11	10,79	10,47	10,11	9,75	10,06
14/10/2019 05:15:00	10,19	10,59	11,00	11,38	11,69	11,81	11,86	11,89	11,88	11,86	11,83	11,73	11,62	11,44	11,26	10,98	10,70	10,39	10,08	9,75	9,41	10,06
14/10/2019 05:20:00	10,21	10,58	11,10	11,52	11,77	11,92	12,00	12,06	12,04	11,99	11,90	11,74	11,58	11,37	11,16	10,87	10,59	10,28	9,97	9,62	9,28	10,18
14/10/2019 05:25:00	10,19	10,72	11,31	11,75	11,96	12,09	12,13	12,11	11,96	11,80	11,64	11,42	11,19	10,91	10,64	10,30	9,96	9,61	9,26	8,88	8,51	10,08
14/10/2019 05:30:00	10,05	10,89	11,51	11,90	11,98	11,94	11,86	11,77	11,63	11,49	11,35	11,14	10,94	10,68	10,43	10,10	9,78	9,46	9,14	8,81	8,48	10,00
14/10/2019 05:35:00	10,15	11,36	12,07	12,55	12,74	12,73	12,65	12,54	12,33	12,10	11,83	11,51	11,20	10,86	10,51	10,14	9,76	9,38	9,01	8,63	8,24	9,77
14/10/2019 05:40:00	9,89	10,68	11,11	11,38	11,46	11,41	11,34	11,26	11,11	11,00	10,98	10,88	10,78	10,59	10,41	10,11	9,81	9,52	9,22	8,91	8,61	9,83
14/10/2019 05:45:00	10,02	10,94	11,30	11,52	11,58	11,51	11,41	11,31	11,13	10,99	10,87	10,70	10,53	10,31	10,08	9,77	9,47	9,17	8,86	8,55	8,24	10,10
14/10/2019 05:50:00	9,97	10,85	11,51	11,97	12,15	12,19	12,15	12,06	11,89	11,69	11,47	11,19	10,92	10,60	10,29	9,93	9,58	9,22	8,86	8,49	8,12	10,07
14/10/2019 05:55:00	9,77	10,16	10,52	10,79	10,94	11,13	11,23	11,27	11,32	11,39	11,46	11,45	11,45	11,35	11,25	11,03	10,81	10,56	10,31	10,03	9,75	9,67
14/10/2019 06:00:00	9,80	10,56	11,39	12,05	12,45	12,70	12,83	12,90	12,82	12,67	12,44	12,14	11,85	11,53	11,21	10,85	10,49	10,12	9,74	9,34	8,93	9,78
14/10/2019 06:05:00	9,68	10,20	10,81	11,21	11,34	11,38	11,40	11,42	11,38	11,34	11,30	11,18	11,07	10,88	10,70	10,42	10,15	9,86	9,58	9,28	8,97	9,86
14/10/2019 06:10:00	9,63	9,85	10,08	10,33	10,59	11,01	11,33	11,60	11,77	11,95	12,13	12,24	12,36	12,36	12,35	12,21	12,06	11,85	11,63	11,37	11,10	9,75
14/10/2019 06:15:00	9,56	9,85	10,23	10,75	11,41	11,91	12,25	12,48	12,54	12,60	12,64	12,58	12,53	12,37	12,22	11,96	11,70	11,37	11,04	10,65	10,27	10,03
14/10/2019 06:20:00	9,56	9,98	10,35	10,76	11,19	11,52	11,75	11,94	11,95	11,98	12,01	11,97	11,92	11,78	11,64	11,39	11,15	10,85	10,55	10,21	9,86	9,57
14/10/2019 06:25:00	9,56	10,01	10,43	10,86	11,24	11,65	11,93	12,12	12,15	12,16	12,13	12,04	11,95	11,79	11,63	11,38	11,14	10,84	10,53	10,19	9,84	10,15
14/10/2019 06:30:00	9,59	10,13	10,72	11,25	11,66	11,78	11,88	11,97	11,94	11,88	11,81	11,66	11,51	11,29	11,06	10,76	10,46	10,13	9,81	9,45	9,10	9,67
14/10/2019 06:35:00	9,69	10,19	10,78	11,31	11,70	11,98	12,17	12,30	12,25	12,15	12,00	11,79	11,58	11,33	11,08	10,77	10,46	10,12	9,77	9,39	9,01	10,16
14/10/2019 06:40:00	9,39	9,88	10,27	10,69	11,12	11,44	11,65	11,79	11,87	11,89	11,85	11,76	11,66	11,50	11,34	11,09	10,85	10,55	10,26	9,92	9,59	9,57
14/10/2019 06:45:00	9,44	10,04	10,29	10,40	10,38	10,48	10,59	10,74	10,86	10,98	11,09	11,17	11,24	11,23	11,21	11,07	10,93	10,76	10,58	10,38	10,18	9,46
14/10/2019 06:50:00	9,30	10,45	11,07	11,49	11,66	11,74	11,74	11,72	11,58	11,39	11,13	10,84	10,56	10,26	9,95	9,62	9,29	8,96	8,63	8,27	7,92	9,57
14/10/2019 06:55:00	9,37	10,33	11,01	11,48	11,66	11,67	11,65	11,62	11,41	11,14	10,78	10,40	10,02	9,65	9,27	8,91	8,54	8,18	7,81	7,44	7,06	9,23
14/10/2019 07:00:00	9,26	10,08	10,77	11,27	11,52	11,65	11,71	11,72	11,63	11,45	11,15	10,83	10,51	10,18	9,86	9,53	9,19	8,85	8,51	8,14	7,77	9,02
14/10/2019 07:05:00	9,35	10,38	11,16	11,74	12,06	12,06	12,10	12,17	12,11	11,94	11,62	11,29	10,96	10,63	10,30	9,97	9,63	9,30	8,96	8,60	8,24	9,18
14/10/2019 07:10:00	9,30	10,47	11,17	11,63	11,78	11,72	11,65	11,57	11,27	10,93	10,55	10,15	9,74	9,34	8,94	8,54	8,15	7,77	7,39	7,00	6,61	8,87
14/10/2019 07:15:00	8,73	9,40	10,03	10,53	10,84	11,03	11,20	11,34	11,29	11,23	11,16	11,01	10,87	10,66	10,46	10,18	9,90	9,59	9,29	8,96	8,63	8,77
14/10/2019 07:20:00	8,88	9,81	10,20	10,43	10,47	10,43	10,35	10,25	10,23	10,19	10,10	9,98	9,86	9,69	9,51	9,26	9,00	8,75	8,50	8,24	7,98	8,77
14/10/2019 07:25:00	8,82	9,88	10,34	10,55	10,49	10,47	10,36	10,19	10,06	9,94	9,82	9,67	9,51	9,29	9,08	8,79	8,50	8,22	7,95	7,67	7,39	8,92
14/10/2019 07:30:00	8,70	9,66	10,14	10,46	10,57	10,70	10,73	10,70	10,58	10,46	10,35	10,19	10,03	9,81	9,59	9,30	9,01	8,72	8,42	8,11	7,80	8,78
14/10/2019 07:35:00	8,67	9,70	10,16	10,41	10,41	10,31	10,21	10,12	9,97	9,82	9,67	9,49	9,30	9,07	8,84	8,55	8,26	7,98	7,70	7,42	7,14	8,68
14/10/2019 07:40:00	8,56	9,38	9,83	10,13	10,25	10,38	10,40	10,38	10,32	10,27	10,22	10,11	10,00	9,82	9,64	9,38	9,12	8,84	8,57	8,28	7,99	8,61
14/10/2019 07:45:00	8,62	9,71	10,30	10,72	10,94	11,11	11,21	11,26	11,15	10,98	10,75	10,49	10,23	9,95	9,67	9,36	9,06	8,74	8,42	8,08	7,74	8,61
14/10/2019 07:50:00	8,59	9,61	10,43	10,97	11,17	11,22	11,25	11,25	11,20	11,06	10,83	10,56	10,29	10,00	9,71	9,39	9,08	8,76	8,45	8,12	7,79	8,54
14/10/2019 07:55:00	8,58	9,61	10,34	10,82	10,98	11,04	11,06	11,06	11,01	10,90	10,72	10,51	10,29	10,04	9,79	9,49	9,19	8,90	8,60	8,29	7,98	8,60
14/10/2019 08:00:00	8,67	10,10	10,81	11,22	11,29	11,31	11,24	11,13	10,98	10,78	10,51	10,22	9,94	9,63	9,32	8,99	8,65	8,33	8,01	7,69	7,36	8,75
14/10/2019 08:05:00	9,05	10,82	11,63	12,02	11,94	11,90	11,71	11,43	11,19	10,87	10,44	10,01	9,59	9,18	8,78	8,39	8,00	7,64	7,29	6,94	6,59	8,85
14/10/2019 08:10:00	8,64	9,67	10,57	11,16	11,36	11,59	11,65	11,62	11,51	11,30	10,97	10,62	10,26	9,91	9,55	9,19	8,84	8,48	8,12	7,75	7,37	8,99
14/10/2019 08:15:00	9,08	10,92	11,47	11,69	11,60	11,46	11,26	11,03	10,80	10,54	10,23	9,93	9,62	9,31	8,99	8,65	8,32	8,00	7,69	7,39	7,08	9,24
14/10/2019 08:20:00	9,08	10,09	10,85	11,35	11,50	11,55	11,50	11,37	11,21	10,99	10,69	10,35	10,01	9,65	9,30	8,94	8,57	8,21	7,86	7,49	7,13	9,36
14/10/2019 08:25:00	8,98	10,73	11,37	11,65	11,57	11,46	11,27	11,03	10,83	10,58	10,27	9,96	9,64	9,32	8,99	8,65	8,31	7,99	7,67	7,36	7,05	9,48
14/10/2019 08:30:00	8,90	10,60	11,16	11,40	11,32	11,23	11,03	10,77	10,54	10,31	10,07	9,80	9,53	9,23	8,93	8,59	8,25	7,93	7,62	7,31	7,01	9,28
14/10/2019 08:35:00	8,80	9,50	10,15	10,61	10,82	10,93	10,91	10,81	10,73	10,58	10,34	10,05	9,77	9,46	9,15	8,82	8,48	8,15	7,83	7,48	7,13	9,12
14/10/2019 08:40:00	9,11	9,75	10,32	10,73	10,92	11,07	11,08	11,00	10,94	10,84	10,69	10,48	10,27	10,02	9,77	9,46	9,15	8,83	8,51	8,18	7,84	9,20
14/10/2019 08:45:00	9,25	9,87	10,43	10,80	10,92	11,08	11,14	11,13	11,02	10,89	10,72	10,51	10,30	10,05	9,80	9,50	9,20	8,89	8,57	8,24	7,91	9,22
14/10/2019 08:50:00	9,37	10,58	11,22	11,57	11,60	11,60	11,59	11,59	11,38	11,17	10,93	10,68	10,42	10,14	9,86	9,53	9,21	8,90	8,58	8,25	7,92	9,26
14/10/2019 08:55:00	9,23	9,98	10,73	11,26	11,46	11,56	11,62	11,63	11,47	11,29	11,06	10,78	10,50	10,19	9,88	9,54	9,19	8,85	8,50	8,14	7,77	9,37
14/10/2019 09:00:00	9,27	10,11	10,98	11,60	11,87	11,97	11,95	11,86	11,82	11,66	11,37	11,04	10,70	10,36	10,02	9,66	9,30	8,94	8,59	8,22	7,84	9,30
14/10/2019 09:05:00	9,33	10,36	11,19	11,72	11,83	11,84	11,78	11,68	11,48	11,23	10,93	10,58	10,23	9,87	9,51	9,13	8,76	8,40	8,03	7,66	7,29	9,33
14/10/2019 09:10:00	9,39	10,36	10,88	11,16	11,13	11,19	11,15	11,04	10,89	10,72	10,53	10,30	10,08	9,82	9,56	9,25	8,95	8,64	8,34	8,03	7,71	9,23
14/10/2019 09:15:00	9,40	9,97	10,89	11,53	11,76	11,80	11,80	11,75	11,59	11,33	10,93	10,50	10,06	9,65	9,24	8,84	8,45	8,06	7,68	7,28	6,88	9,16
14/10/2019 09:20:00	9,54	10,19	11,22	11,84	11,87	11,79	11,69	11,56	11,23	10,89	10,53	10,10	9,67	9,25	8,82	8,39	7,96	7,56	7,16	6,76	6,36	9,44
14/10/2019 09:25:00	9,50	10,17	11,04	11,58	11,65	11,63	11,58	11,51	11,28	11,02	10,72	10,37	10,01	9,65	9,29	8,91	8,53	8,17	7,81	7,44	7,06	9,43
14/10/2019 09:30:00	9,41	9,64	10,02	10,32	10,48	10,52	10,55	10,57	10,57	10,54	10,47	10,35	10,23	10,04	9,86	9,61	9,36	9,09	8,82	8,53	8,24	9,48
14/10/2019 09:35:00	9,43	9,49	9,91	10,27	10,50	10,69	10,85	11,01	11,02	11,02	11,03	10,96	10,89	10,75	10,60	10,37	10,13	9,86	9,59	9,29	8,99	9,60
14/10/2019 09:40:00	9,58	10,22	10,89	11,34	11,51	11,63	11,63	11,57	11,37	11,15	10,91	10,62	10,32	9,99	9,67	9,31	8,94	8,58	8,22	7,84	7,46	9,65
14/10/2019 09:45:00	9,72	10,10	10,61	10,96	11,05	11,05	10,98	10,86	10,76	10,59	10,33	10,03	9,73	9,42	9,12	8,79	8,46	8,14	7,82	7,48	7,15	9,73
14/10/2019 09:50:00	9,73	9,87	10,47	10,93	11,16	11,35	11,43	11,44	11,43	11,38	11,27	11,10	10,92	10,69	10,46	10,16	9,87	9,56	9,25	8,91	8,56	10,14
14/10/2019 09:55:00	9,96	10,17	10,28	10,31	10,25	10,21	10,16	10,11	10,11	10,12	10,11	10,06	10,02	9,90	9,79	9,58	9,38	9,16	8,94	8,70	8,47	10,48
14/10/2019 10:00:00	10,14	10,52	11,23	11,70	11,82	11,87	11,86	11,79	11,64	11,43	11,13	10,79	10,44	10,10	9,75	9,39	9,03	8,68	8,33	7,95	7,58	10,72
14/10/2019 10:05:00	10,15	10,57	11,57	12,26	12,44	12,36	12,24	12,11	11,94	11,63	11,13	10,61	10,09	9,61	9,13	8,70	8,27	7,87	7,46	7,05	6,63	10,73
14/10/2019 10:10:00	10,19	10,29	10,71	11,12	11,47	11,61	11,71	11,79	11,81	11,75	11,58	11,37	11,16	10,92	10,68	10,39	10,11	9,79	9,47	9,12	8,76	10,57
14/10/2019 10:15:00	10,23	10,61	11,08	11,33	11,28	11,18	11,03	10,86	10,73	10,59	10,45	10,24	10,04	9,80	9,55	9,24	8,93	8,63	8,33	8,03	7,72	10,61
14/10/2019 10:20:00	10,40	11,56	11,83	11,94	11,93	11,63	11,36	11,13	10,86	10,60	10,36	10,09	9,83	9,53	9,23	8,89	8,54	8,22	7,90	7,58	7,26	10,67
14/10/2019 10:25:00	10,25	10,66	11,40	11,94	12,16	12,07	11,93	11,78	11,62	11,40	11,12	10,76	10,41	10,04	9,67	9,28	8,89	8,51	8,14	7,75	7,37	10,85
14/10/2019 10:30:00	10,33	10,40	10,93	11,37	11,59	11,66	11,64	11,58	11,55	11,41	11,10	10,76	10,42	10,09	9,76	9,43	9,10	8,76	8,42	8,05	7,68	10,78
14/10/2019 10:35:00	11,07	10,92	11,24	11,52	11,67	11,65	11,64	11,63	11,55	11,43	11,25	11,03	10,80	10,55	10,29	9,99	9,69	9,38	9,06	8,72	8,38	11,34
14/10/2019 10:40:00	10,73	10,71	11,17	11,42	11,32	11,34	11,33	11,32	11,36	11,37	11,29	11,18	11,07	10,91	10,75	10,52	10,28	10,04	9,80	9,53	9,27	11,38
14/10/2019 10:45:00	10,77	10,50	10,74	10,98	11,13	11,36	11,54	11,70	11,76	11,74	11,57	11,39	11,21	11,02	10,82	10,60	10,37	10,10	9,83	9,51	9,19	11,48
14/10/2019 10:50:00	10,83	10,44	10,81	11,17	11,41	11,59	11,77	11,97	11,96	11,88	11,73	11,54	11,34	11,12	10,89	10,63	10,36	10,06	9,75	9,40	9,05	11,25
14/10/2019 10:55:00	10,91	10,69	11,30	11,85	12,16	12,41	12,49	12,45	12,15	11,80	11,42	10,97	10,51	10,07	9,62	9,18	8,74	8,29	7,84	7,35	6,87	11,39
14/10/2019 11:00:00	11,19	10,95	11,46	11,97	12,34	12,54	12,60	12,58	12,57	12,47	12,20	11,88	11,56	11,24	10,91	10,57	10,22	9,86	9,49	9,08	8,67	11,31
14/10/2019 11:05:00	11,40	11,17	11,51	11,84	12,08	12,18	12,21	12,22	12,23	12,20	12,12	11,98	11,83	11,62	11,42	11,14	10,86	10,55	10,24	9,89	9,55	11,43
14/10/2019 11:10:00	11,53	11,23	11,52	11,86	12,14	12,40	12,58	12,70	12,76	12,75	12,63	12,46	12,29	12,08	11,88	11,62	11,36	11,05	10,74	10,38	10,02	11,68
14/10/2019 11:15:00	11,85	11,36	11,65	11,98	12,21	12,38	12,53	12,68	12,68	12,63	12,55	12,41	12,26	12,06	11,86	11,60	11,33	11,02	10,71	10,36	10,00	12,10
14/10/2019 11:20:00	11,96	11,61	11,84	12,15	12,47	12,68	12,76	12,75	12,73	12,67	12,54	12,34	12,14	11,89	11,64	11,34	11,04	10,69	10,34	9,95	9,56	12,17
14/10/2019 11:25:00	12,03	11,68	11,77	12,00	12,33	12,55	12,66	12,69	12,70	12,69	12,68	12,58	12,49	12,32	12,15	11,88	11,61	11,29	10,97	10,60	10,23	12,09
14/10/2019 11:30:00	12,16	11,96	12,03	12,23	12,53	12,60	12,64	12,70	12,61	12,50	12,38	12,21	12,03	11,81	11,58	11,28	10,99	10,65	10,32	9,94	9,56	12,51
14/10/2019 11:35:00	12,59	12,18	12,22	12,37	12,60	12,71	12,75	12,73	12,66	12,58	12,50	12,35	12,20	11,99	11,78	11,49	11,21	10,87	10,54	10,17	9,79	12,79
14/10/2019 11:40:00	12,77	12,38	12,40	12,50	12,62	12,71	12,75	12,78	12,83	12,84	12,71	12,57	12,42	12,24	12,06	11,83	11,59	11,31	11,02	10,69	10,37	13,38
14/10/2019 11:45:00	13,14	12,75	12,78	12,94	13,19	13,30	13,37	13,44	13,37	13,26	13,11	12,92	12,73	12,50	12,27	11,98	11,69	11,34	11,00	10,61	10,22	13,98
14/10/2019 11:50:00	13,31	12,83	12,83	12,97	13,21	13,37	13,47	13,53	13,46	13,36	13,26	13,10	12,95	12,73	12,52	12,23	11,95	11,61	11,26	10,87	10,48	14,44
14/10/2019 11:55:00	13,21	12,86	12,84	12,96	13,23	13,47	13,59	13,62	13,61	13,57	13,46	13,30	13,15	12,94	12,74	12,47	12,19	11,86	11,52	11,13	10,74	13,69
14/10/2019 12:00:00	13,48	13,10	12,97	13,02	13,25	13,37	13,44	13,48	13,46	13,43	13,36	13,25	13,13	12,96	12,78	12,53	12,28	11,96	11,64	11,27	10,91	13,80
14/10/2019 12:05:00	13,68	13,15	12,98	12,94	13,01	13,07	13,07	13,03	13,02	13,03	13,00	12,93	12,86	12,72	12,58	12,35	12,12	11,83	11,54	11,21	10,88	14,26
14/10/2019 12:10:00	13,98	13,43	13,25	13,20	13,29	13,32	13,35	13,40	13,34	13,24	13,11	12,95	12,79	12,59	12,39	12,14	11,88	11,57	11,26	10,90	10,54	14,39
14/10/2019 12:15:00	14,08	13,68	13,43	13,31	13,35	13,41	13,40	13,32	13,20	13,08	13,03	12,92	12,81	12,63	12,46	12,19	11,92	11,60	11,28	10,91	10,55	14,74
14/10/2019 12:20:00	14,24	13,87	13,53	13,30	13,21	13,17	13,13	13,08	12,96	12,86	12,83	12,76	12,70	12,56	12,43	12,19	11,96	11,67	11,39	11,06	10,74	15,15
14/10/2019 12:25:00	14,40	13,91	13,57	13,35	13,26	13,15	13,04	12,93	12,81	12,73	12,68	12,59	12,51	12,35	12,20	11,96	11,72	11,43	11,14	10,82	10,50	15,03
14/10/2019 12:30:00	14,69	14,15	13,80	13,55	13,42	13,33	13,22	13,05	12,96	12,89	12,76	12,62	12,48	12,30	12,12	11,87	11,63	11,34	11,05	10,72	10,40	15,33
14/10/2019 12:35:00	14,79	14,17	13,79	13,50	13,33	13,25	13,15	13,04	12,91	12,80	12,69	12,56	12,43	12,26	12,09	11,84	11,60	11,31	11,02	10,70	10,37	15,55
14/10/2019 12:40:00	15,11	14,49	14,00	13,65	13,50	13,37	13,24	13,13	13,01	12,91	12,82	12,71	12,61	12,45	12,30	12,06	11,83	11,54	11,26	10,94	10,62	16,25
14/10/2019 12:45:00	15,28	14,68	14,22	13,89	13,74	13,61	13,50	13,42	13,32	13,24	13,14	13,03	12,92	12,77	12,61	12,38	12,16	11,88	11,59	11,28	10,96	16,72
14/10/2019 12:50:00	15,13	14,73	14,29	13,93	13,67	13,53	13,40	13,25	13,09	12,95	12,79	12,64	12,49	12,31	12,12	11,88	11,63	11,34	11,05	10,73	10,40	16,40
14/10/2019 12:55:00	15,12	14,78	14,38	14,07	13,90	13,71	13,53	13,36	13,15	12,94	12,83	12,69	12,55	12,35	12,15	11,87	11,60	11,28	10,97	10,62	10,28	15,66
14/10/2019 13:00:00	15,17	14,72	14,33	14,01	13,76	13,55	13,33	13,08	12,85	12,64	12,49	12,32	12,15	11,93	11,72	11,43	11,15	10,83	10,52	10,18	9,85	15,72
14/10/2019 13:05:00	15,18	14,77	14,31	13,88	13,53	13,22	12,95	12,70	12,48	12,32	12,28	12,21	12,15	12,01	11,87	11,62	11,37	11,10	10,83	10,55	10,26	15,83
14/10/2019 13:10:00	15,12	14,75	14,34	14,00	13,79	13,56	13,32	13,09	12,94	12,84	12,73	12,62	12,50	12,32	12,15	11,90	11,65	11,37	11,08	10,77	10,47	15,87
14/10/2019 13:15:00	15,19	14,80	14,47	14,19	13,96	13,73	13,53	13,37	13,21	13,05	12,86	12,67	12,48	12,26	12,04	11,78	11,51	11,21	10,91	10,59	10,26	15,85
14/10/2019 13:20:00	15,54	15,02	14,59	14,19	13,86	13,66	13,46	13,25	13,10	12,99	12,81	12,65	12,48	12,29	12,10	11,86	11,62	11,34	11,06	10,75	10,45	16,59
14/10/2019 13:25:00	15,81	15,44	14,95	14,49	14,15	13,83	13,56	13,37	13,09	12,82	12,67	12,51	12,35	12,14	11,94	11,67	11,39	11,09	10,78	10,46	10,13	16,94
14/10/2019 13:30:00	16,14	15,57	15,12	14,71	14,36	14,05	13,73	13,41	13,19	13,02	12,79	12,57	12,36	12,12	11,88	11,60	11,32	11,01	10,71	10,38	10,06	17,18
14/10/2019 13:35:00	16,39	15,82	15,28	14,77	14,29	13,92	13,60	13,33	13,09	12,90	12,72	12,56	12,39	12,20	12,01	11,75	11,50	11,21	10,93	10,63	10,34	17,44
14/10/2019 13:40:00	16,37	15,91	15,43	15,01	14,71	14,47	14,23	13,99	13,77	13,57	13,31	13,08	12,84	12,59	12,35	12,06	11,78	11,46	11,14	10,79	10,44	17,75
14/10/2019 13:45:00	16,51	16,03	15,52	15,03	14,59	14,19	13,81	13,44	13,16	12,92	12,70	12,48	12,26	12,02	11,78	11,49	11,20	10,89	10,58	10,26	9,94	18,21
14/10/2019 13:50:00	16,45	16,08	15,54	15,05	14,66	14,28	13,91	13,57	13,27	13,01	12,82	12,63	12,44	12,20	11,97	11,68	11,38	11,06	10,75	10,41	10,08	17,52
14/10/2019 13:55:00	16,52	16,10	15,61	15,12	14,70	14,30	13,92	13,56	13,28	13,06	12,79	12,53	12,28	12,02	11,76	11,47	11,17	10,86	10,55	10,22	9,90	17,54
14/10/2019 14:00:00	16,60	16,10	15,63	15,18	14,78	14,38	14,01	13,71	13,39	13,08	12,81	12,55	12,29	12,02	11,74	11,43	11,12	10,79	10,46	10,11	9,76	17,97
14/10/2019 14:05:00	16,52	16,09	15,62	15,16	14,72	14,31	13,95	13,65	13,33	13,03	12,78	12,53	12,29	12,02	11,76	11,46	11,15	10,83	10,51	10,17	9,83	17,52
14/10/2019 14:10:00	16,53	16,14	15,62	15,12	14,69	14,24	13,82	13,47	13,15	12,85	12,61	12,38	12,14	11,89	11,63	11,33	11,02	10,70	10,38	10,05	9,72	17,62
14/10/2019 14:15:00	16,46	16,12	15,64	15,16	14,72	14,27	13,89	13,59	13,24	12,89	12,66	12,43	12,20	11,95	11,69	11,38	11,07	10,74	10,41	10,08	9,74	17,35
14/10/2019 14:20:00	16,82	16,44	16,02	15,61	15,20	14,77	14,37	14,04	13,71	13,41	13,07	12,75	12,43	12,12	11,81	11,48	11,15	10,81	10,47	10,11	9,76	17,48
14/10/2019 14:25:00	17,04	16,54	16,11	15,68	15,24	14,82	14,44	14,11	13,80	13,51	13,17	12,85	12,54	12,24	11,93	11,61	11,29	10,95	10,62	10,26	9,91	18,19
14/10/2019 14:30:00	17,07	16,66	16,18	15,73	15,35	14,86	14,42	14,10	13,78	13,47	13,16	12,86	12,56	12,26	11,96	11,64	11,32	10,98	10,64	10,28	9,93	17,67
14/10/2019 14:35:00	16,95	16,71	16,21	15,69	15,23	14,75	14,30	13,93	13,58	13,26	13,03	12,80	12,57	12,31	12,05	11,74	11,43	11,10	10,78	10,45	10,11	17,61
14/10/2019 14:40:00	17,04	16,69	16,22	15,78	15,45	14,97	14,51	14,15	13,80	13,47	13,17	12,87	12,57	12,26	11,95	11,61	11,27	10,92	10,56	10,20	9,83	17,69
14/10/2019 14:45:00	16,96	16,77	16,29	15,80	15,34	14,93	14,52	14,09	13,77	13,52	13,18	12,87	12,56	12,26	11,96	11,65	11,33	10,99	10,66	10,31	9,97	17,73
14/10/2019 14:50:00	17,12	16,83	16,42	15,98	15,51	15,06	14,61	14,16	13,78	13,43	13,12	12,82	12,51	12,20	11,89	11,54	11,19	10,84	10,49	10,13	9,77	17,81
14/10/2019 14:55:00	17,26	16,85	16,43	16,01	15,57	15,16	14,77	14,41	14,03	13,65	13,28	12,92	12,56	12,22	11,87	11,52	11,17	10,80	10,43	10,05	9,66	18,09
14/10/2019 15:00:00	17,19	16,87	16,52	16,13	15,66	15,22	14,79	14,37	13,99	13,65	13,28	12,92	12,57	12,23	11,89	11,53	11,17	10,81	10,45	10,08	9,70	18,04
14/10/2019 15:05:00	17,52	17,19	16,78	16,35	15,91	15,40	14,90	14,45	14,10	13,81	13,49	13,19	12,88	12,57	12,26	11,92	11,58	11,23	10,88	10,53	10,18	18,05
14/10/2019 15:10:00	17,31	17,22	16,77	16,31	15,87	15,43	15,00	14,59	14,23	13,89	13,55	13,23	12,91	12,60	12,28	11,94	11,59	11,24	10,88	10,51	10,14	17,87
14/10/2019 15:15:00	17,65	17,45	17,06	16,62	16,15	15,71	15,28	14,87	14,47	14,07	13,80	13,52	13,25	12,94	12,64	12,29	11,94	11,57	11,20	10,83	10,45	17,77
14/10/2019 15:20:00	17,82	17,57	17,19	16,79	16,38	15,97	15,57	15,18	14,82	14,49	14,15	13,82	13,50	13,17	12,84	12,49	12,14	11,77	11,40	11,01	10,62	17,77
14/10/2019 15:25:00	17,73	17,51	17,11	16,70	16,29	15,90	15,51	15,13	14,79	14,48	14,18	13,88	13,59	13,29	12,99	12,65	12,31	11,95	11,58	11,21	10,83	17,76
14/10/2019 15:30:00	17,75	17,59	17,19	16,77	16,40	15,94	15,51	15,16	14,81	14,47	14,18	13,89	13,61	13,30	13,00	12,66	12,32	11,95	11,59	11,21	10,84	17,78
14/10/2019 15:35:00	17,84	17,57	17,20	16,80	16,39	15,99	15,60	15,23	14,87	14,53	14,22	13,91	13,61	13,29	12,98	12,63	12,28	11,91	11,54	11,15	10,76	17,85
14/10/2019 15:40:00	17,77	17,59	17,22	16,81	16,36	15,94	15,53	15,11	14,76	14,46	14,15	13,86	13,57	13,26	12,96	12,62	12,28	11,92	11,56	11,19	10,83	17,86
14/10/2019 15:45:00	17,82	17,73	17,35	16,93	16,49	16,03	15,60	15,19	14,83	14,53	14,25	13,97	13,70	13,41	13,12	12,78	12,45	12,09	11,73	11,37	11,00	17,87
14/10/2019 15:50:00	17,87	17,77	17,43	17,02	16,56	16,15	15,76	15,36	15,02	14,73	14,41	14,11	13,81	13,51	13,21	12,87	12,54	12,18	11,82	11,45	11,08	17,89
14/10/2019 15:55:00	18,05	17,77	17,35	16,94	16,60	16,19	15,80	15,49	15,17	14,86	14,55	14,26	13,97	13,67	13,37	13,03	12,69	12,33	11,96	11,58	11,19	17,98
14/10/2019 16:00:00	18,15	17,89	17,55	17,18	16,78	16,40	16,02	15,67	15,32	14,99	14,63	14,30	13,96	13,62	13,29	12,94	12,58	12,20	11,83	11,43	11,03	18,24
14/10/2019 16:05:00	18,28	18,13	17,81	17,45	17,04	16,61	16,20	15,83	15,45	15,07	14,72	14,38	14,04	13,70	13,36	13,00	12,63	12,24	11,85	11,45	11,05	18,30
14/10/2019 16:10:00	18,29	18,10	17,78	17,42	16,97	16,58	16,20	15,82	15,46	15,12	14,76	14,41	14,07	13,73	13,39	13,03	12,67	12,29	11,91	11,51	11,11	18,28
14/10/2019 16:15:00	18,27	18,10	17,76	17,39	17,03	16,59	16,14	15,74	15,36	14,99	14,68	14,36	14,05	13,72	13,39	13,02	12,65	12,26	11,87	11,47	11,07	18,28
14/10/2019 16:20:00	18,26	18,14	17,80	17,45	17,06	16,68	16,29	15,90	15,53	15,17	14,81	14,45	14,10	13,76	13,41	13,04	12,67	12,27	11,88	11,46	11,05	18,37
14/10/2019 16:25:00	18,40	18,25	17,90	17,52	17,10	16,69	16,30	15,92	15,55	15,20	14,88	14,56	14,25	13,93	13,61	13,25	12,89	12,51	12,13	11,73	11,33	18,41
14/10/2019 16:30:00	18,44	18,29	18,00	17,67	17,29	16,89	16,50	16,14	15,76	15,36	15,02	14,68	14,35	14,00	13,66	13,28	12,90	12,50	12,10	11,68	11,27	18,39
14/10/2019 16:35:00	18,45	18,32	18,02	17,69	17,33	16,91	16,50	16,10	15,75	15,44	15,03	14,65	14,26	13,90	13,53	13,16	12,79	12,39	12,00	11,59	11,18	18,38
14/10/2019 16:40:00	18,42	18,43	18,15	17,82	17,43	16,98	16,55	16,17	15,81	15,48	15,07	14,69	14,31	13,95	13,58	13,21	12,84	12,45	12,05	11,65	11,24	18,49
14/10/2019 16:45:00	18,43	18,47	18,21	17,88	17,47	17,05	16,65	16,27	15,85	15,41	15,01	14,62	14,24	13,86	13,48	13,09	12,69	12,28	11,87	11,44	11,01	18,56
14/10/2019 16:50:00	18,53	18,44	18,15	17,84	17,46	17,07	16,66	16,24	15,88	15,57	15,18	14,81	14,44	14,09	13,73	13,35	12,98	12,58	12,18	11,77	11,35	18,58
14/10/2019 16:55:00	18,63	18,43	18,11	17,79	17,44	17,06	16,65	16,20	15,82	15,50	15,10	14,72	14,34	13,97	13,60	13,21	12,83	12,42	12,01	11,58	11,16	18,60
14/10/2019 17:00:00	18,67	18,53	18,15	17,75	17,36	16,98	16,59	16,20	15,82	15,46	15,12	14,79	14,46	14,12	13,79	13,42	13,05	12,66	12,26	11,85	11,43	18,67
14/10/2019 17:05:00	18,69	18,54	18,20	17,84	17,47	17,03	16,61	16,24	15,84	15,42	15,08	14,74	14,41	14,06	13,72	13,33	12,95	12,55	12,14	11,72	11,30	18,68
14/10/2019 17:10:00	18,64	18,55	18,25	17,93	17,56	17,18	16,78	16,37	15,95	15,53	15,18	14,83	14,47	14,11	13,75	13,35	12,96	12,54	12,12	11,69	11,25	18,64
14/10/2019 17:15:00	18,61	18,49	18,21	17,90	17,51	17,15	16,77	16,37	15,96	15,56	15,23	14,89	14,55	14,19	13,84	13,45	13,06	12,65	12,24	11,81	11,38	18,60
14/10/2019 17:20:00	18,71	18,57	18,27	17,93	17,52	17,16	16,80	16,39	16,02	15,68	15,30	14,93	14,57	14,21	13,86	13,48	13,11	12,71	12,30	11,88	11,46	18,64
14/10/2019 17:25:00	18,69	18,58	18,25	17,90	17,53	17,15	16,79	16,45	16,07	15,65	15,29	14,93	14,58	14,23	13,88	13,50	13,12	12,71	12,30	11,87	11,44	18,62
14/10/2019 17:30:00	18,60	18,53	18,22	17,89	17,50	17,06	16,64	16,27	15,92	15,60	15,21	14,86	14,50	14,15	13,81	13,44	13,07	12,68	12,29	11,89	11,48	18,57
14/10/2019 17:35:00	18,48	18,44	18,12	17,76	17,32	16,92	16,54	16,16	15,80	15,45	15,14	14,84	14,53	14,22	13,91	13,55	13,19	12,81	12,43	12,03	11,63	18,51
14/10/2019 17:40:00	18,42	18,29	18,01	17,73	17,42	17,05	16,67	16,29	15,96	15,66	15,25	14,86	14,47	14,10	13,73	13,35	12,98	12,58	12,17	11,75	11,33	18,40
14/10/2019 17:45:00	18,29	18,37	18,08	17,75	17,40	17,06	16,70	16,29	15,90	15,53	15,22	14,90	14,59	14,26	13,92	13,55	13,17	12,76	12,36	11,94	11,51	18,26
14/10/2019 17:50:00	18,19	18,26	18,04	17,74	17,37	16,97	16,58	16,21	15,81	15,40	15,10	14,78	14,47	14,13	13,80	13,42	13,04	12,63	12,23	11,82	11,40	18,16
14/10/2019 17:55:00	18,20	18,14	17,93	17,69	17,38	17,02	16,63	16,25	15,88	15,51	15,15	14,80	14,44	14,08	13,72	13,33	12,94	12,53	12,12	11,69	11,26	18,21
14/10/2019 18:00:00	18,12	18,17	17,92	17,63	17,28	16,97	16,65	16,27	15,90	15,54	15,17	14,82	14,46	14,11	13,75	13,37	12,99	12,58	12,17	11,75	11,32	18,06
14/10/2019 18:05:00	18,14	18,32	18,13	17,87	17,50	17,08	16,67	16,30	15,87	15,41	15,10	14,77	14,44	14,09	13,74	13,34	12,94	12,53	12,12	11,69	11,26	18,04
14/10/2019 18:10:00	18,07	18,25	18,11	17,87	17,51	17,11	16,71	16,34	15,97	15,60	15,19	14,81	14,42	14,04	13,67	13,28	12,90	12,49	12,08	11,66	11,24	17,97
14/10/2019 18:15:00	18,00	18,11	17,90	17,64	17,30	16,93	16,54	16,15	15,79	15,44	15,11	14,77	14,44	14,10	13,76	13,38	13,01	12,61	12,21	11,80	11,39	17,94
14/10/2019 18:20:00	17,82	18,08	17,92	17,68	17,36	17,01	16,64	16,23	15,84	15,47	15,09	14,72	14,35	13,97	13,60	13,21	12,81	12,40	11,99	11,56	11,13	17,74
14/10/2019 18:25:00	17,79	18,03	17,94	17,75	17,42	17,03	16,64	16,25	15,86	15,48	15,10	14,72	14,34	13,96	13,59	13,19	12,79	12,38	11,97	11,54	11,12	17,57
14/10/2019 18:30:00	17,69	18,14	18,03	17,79	17,40	17,00	16,59	16,18	15,77	15,36	15,00	14,65	14,30	13,94	13,58	13,19	12,80	12,39	11,99	11,57	11,16	17,71
14/10/2019 18:35:00	17,81	18,10	17,89	17,60	17,29	16,91	16,51	16,07	15,72	15,41	15,03	14,66	14,30	13,95	13,59	13,21	12,83	12,43	12,04	11,62	11,21	17,56
14/10/2019 18:40:00	17,90	18,22	18,00	17,66	17,24	16,76	16,30	15,93	15,56	15,21	14,84	14,49	14,15	13,81	13,47	13,11	12,74	12,37	11,99	11,60	11,22	17,81
14/10/2019 18:45:00	17,77	17,96	17,81	17,56	17,16	16,81	16,47	16,12	15,74	15,35	14,97	14,60	14,23	13,87	13,51	13,13	12,75	12,35	11,95	11,53	11,11	17,70
14/10/2019 18:50:00	17,78	17,98	17,78	17,50	17,12	16,74	16,35	15,95	15,58	15,24	14,92	14,60	14,29	13,96	13,63	13,26	12,89	12,51	12,12	11,72	11,32	17,56
14/10/2019 18:55:00	17,67	17,86	17,69	17,43	17,04	16,71	16,37	15,99	15,61	15,24	14,92	14,59	14,27	13,93	13,60	13,22	12,84	12,45	12,05	11,64	11,23	17,57
14/10/2019 19:00:00	17,59	18,02	17,89	17,63	17,21	16,79	16,38	15,97	15,61	15,29	14,87	14,49	14,10	13,74	13,38	13,00	12,63	12,24	11,86	11,46	11,06	17,51
14/10/2019 19:05:00	17,37	17,89	17,75	17,52	17,25	16,89	16,50	16,10	15,75	15,43	15,05	14,69	14,33	13,97	13,62	13,23	12,85	12,45	12,05	11,64	11,22	17,20
14/10/2019 19:10:00	17,30	17,71	17,64	17,50	17,27	16,94	16,59	16,24	15,87	15,50	15,12	14,75	14,38	14,00	13,63	13,23	12,83	12,41	11,99	11,56	11,12	17,02
14/10/2019 19:15:00	17,22	17,65	17,54	17,33	17,01	16,68	16,36	16,05	15,71	15,37	15,04	14,73	14,41	14,08	13,76	13,39	13,03	12,64	12,25	11,85	11,45	17,03
14/10/2019 19:20:00	17,07	17,60	17,64	17,53	17,26	16,90	16,53	16,15	15,79	15,43	15,06	14,69	14,33	13,96	13,59	13,19	12,79	12,38	11,97	11,55	11,13	16,87
14/10/2019 19:25:00	17,08	17,74	17,79	17,69	17,41	17,14	16,83	16,44	16,03	15,60	15,16	14,74	14,31	13,90	13,48	13,06	12,64	12,20	11,76	11,31	10,85	16,96
14/10/2019 19:30:00	17,24	17,84	17,82	17,64	17,30	16,97	16,60	16,15	15,74	15,35	14,97	14,60	14,22	13,85	13,47	13,06	12,65	12,24	11,82	11,39	10,97	16,97
14/10/2019 19:35:00	17,21	17,84	17,88	17,75	17,41	17,04	16,65	16,24	15,85	15,47	15,00	14,57	14,13	13,72	13,31	12,90	12,49	12,07	11,66	11,23	10,80	16,89
14/10/2019 19:40:00	17,12	17,87	17,88	17,72	17,34	16,99	16,62	16,19	15,76	15,34	14,95	14,57	14,19	13,81	13,43	13,02	12,61	12,19	11,77	11,34	10,92	16,94
14/10/2019 19:45:00	17,10	17,45	17,52	17,48	17,28	17,00	16,66	16,30	15,93	15,56	15,18	14,79	14,41	14,02	13,63	13,21	12,80	12,36	11,93	11,49	11,04	16,66
14/10/2019 19:50:00	16,86	17,49	17,49	17,38	17,18	16,87	16,54	16,18	15,86	15,55	15,14	14,76	14,38	14,01	13,63	13,24	12,85	12,44	12,03	11,61	11,18	16,57
14/10/2019 19:55:00	16,89	17,48	17,51	17,41	17,16	16,83	16,49	16,16	15,79	15,41	15,05	14,70	14,34	13,98	13,61	13,22	12,82	12,41	12,00	11,58	11,15	16,59
14/10/2019 20:00:00	16,81	17,25	17,27	17,21	17,06	16,80	16,48	16,09	15,80	15,54	15,21	14,87	14,53	14,18	13,83	13,45	13,06	12,66	12,25	11,82	11,40	16,59
14/10/2019 20:05:00	16,68	17,27	17,34	17,31	17,17	16,97	16,70	16,36	16,03	15,71	15,29	14,89	14,48	14,09	13,69	13,29	12,88	12,45	12,03	11,58	11,13	16,25
14/10/2019 20:10:00	16,64	17,15	17,23	17,21	17,07	16,79	16,49	16,21	15,91	15,59	15,25	14,91	14,57	14,21	13,86	13,48	13,09	12,69	12,28	11,86	11,43	16,17
14/10/2019 20:15:00	16,56	17,09	17,21	17,22	17,04	16,83	16,57	16,23	15,92	15,61	15,24	14,87	14,50	14,13	13,76	13,37	12,97	12,56	12,14	11,70	11,27	16,09
14/10/2019 20:20:00	16,51	17,13	17,28	17,29	17,07	16,81	16,52	16,23	15,95	15,65	15,20	14,78	14,36	13,97	13,58	13,19	12,80	12,39	11,99	11,56	11,14	16,21
14/10/2019 20:25:00	16,46	16,98	17,10	17,11	16,96	16,71	16,43	16,14	15,85	15,56	15,23	14,90	14,57	14,22	13,88	13,50	13,11	12,71	12,31	11,89	11,47	15,95
14/10/2019 20:30:00	16,42	17,01	17,20	17,28	17,21	17,00	16,74	16,47	16,13	15,76	15,38	14,98	14,58	14,18	13,78	13,36	12,94	12,50	12,06	11,59	11,13	15,92
14/10/2019 20:35:00	16,42	16,89	17,08	17,17	17,07	16,84	16,55	16,23	15,95	15,67	15,29	14,91	14,53	14,15	13,77	13,37	12,96	12,54	12,12	11,68	11,24	16,04
14/10/2019 20:40:00	16,41	16,93	17,07	17,10	16,94	16,74	16,49	16,18	15,87	15,56	15,22	14,88	14,53	14,17	13,81	13,42	13,03	12,61	12,20	11,77	11,33	15,77
14/10/2019 20:45:00	16,31	16,91	16,96	16,91	16,76	16,54	16,28	15,98	15,69	15,41	15,09	14,78	14,46	14,13	13,80	13,42	13,05	12,65	12,25	11,84	11,42	15,79
14/10/2019 20:50:00	16,31	16,78	16,88	16,88	16,72	16,54	16,31	16,02	15,71	15,40	15,10	14,78	14,47	14,13	13,79	13,41	13,02	12,61	12,21	11,78	11,35	15,80
14/10/2019 20:55:00	16,22	16,72	16,85	16,85	16,65	16,39	16,11	15,84	15,52	15,18	14,92	14,63	14,34	14,01	13,69	13,31	12,94	12,54	12,14	11,73	11,32	15,79
14/10/2019 21:00:00	16,25	16,68	16,72	16,69	16,56	16,42	16,24	16,00	15,70	15,39	15,13	14,85	14,57	14,25	13,94	13,57	13,20	12,80	12,39	11,97	11,54	15,69
14/10/2019 21:05:00	16,18	16,51	16,59	16,62	16,55	16,39	16,19	15,96	15,71	15,46	15,23	14,96	14,70	14,40	14,10	13,74	13,37	12,98	12,59	12,17	11,75	15,75
14/10/2019 21:10:00	16,13	16,54	16,76	16,86	16,76	16,57	16,34	16,09	15,81	15,51	15,23	14,91	14,60	14,27	13,93	13,54	13,15	12,75	12,34	11,91	11,48	15,64
14/10/2019 21:15:00	16,11	16,60	16,80	16,89	16,84	16,67	16,45	16,19	15,94	15,69	15,38	15,05	14,73	14,38	14,04	13,66	13,28	12,87	12,46	12,03	11,60	15,69
14/10/2019 21:20:00	15,75	16,23	16,41	16,50	16,46	16,32	16,13	15,88	15,60	15,30	15,02	14,71	14,40	14,06	13,72	13,34	12,95	12,53	12,12	11,68	11,24	15,63
14/10/2019 21:25:00	15,76	16,19	16,33	16,42	16,40	16,25	16,04	15,82	15,57	15,29	15,02	14,73	14,43	14,10	13,78	13,40	13,02	12,62	12,21	11,78	11,35	15,64
14/10/2019 21:30:00	15,76	16,14	16,34	16,47	16,48	16,32	16,10	15,86	15,60	15,32	15,01	14,67	14,33	13,97	13,62	13,23	12,83	12,42	12,00	11,56	11,12	15,43
14/10/2019 21:35:00	15,70	16,14	16,30	16,37	16,32	16,23	16,08	15,86	15,64	15,40	15,03	14,66	14,30	13,94	13,59	13,22	12,85	12,44	12,04	11,61	11,17	15,60
14/10/2019 21:40:00	15,61	16,12	16,34	16,49	16,49	16,33	16,13	15,92	15,61	15,26	14,93	14,58	14,22	13,85	13,48	13,07	12,66	12,23	11,80	11,34	10,89	15,57
14/10/2019 21:45:00	15,73	16,05	16,25	16,37	16,33	16,18	16,00	15,80	15,54	15,25	14,91	14,55	14,19	13,83	13,47	13,08	12,70	12,29	11,88	11,44	11,00	15,51
14/10/2019 21:50:00	15,56	16,01	16,20	16,33	16,34	16,23	16,06	15,86	15,59	15,30	14,97	14,62	14,27	13,91	13,55	13,16	12,77	12,35	11,93	11,49	11,04	15,47
14/10/2019 21:55:00	15,50	15,80	16,00	16,14	16,12	16,13	16,05	15,88	15,69	15,48	15,09	14,72	14,34	13,98	13,62	13,25	12,89	12,48	12,08	11,64	11,19	15,42
14/10/2019 22:00:00	15,49	15,94	16,20	16,36	16,35	16,20	16,00	15,79	15,51	15,19	14,85	14,49	14,13	13,76	13,39	12,99	12,58	12,16	11,74	11,29	10,85	15,32
14/10/2019 22:05:00	15,55	16,29	16,53	16,64	16,61	16,34	16,06	15,85	15,54	15,21	14,86	14,50	14,14	13,77	13,40	13,00	12,60	12,19	11,77	11,34	10,91	15,35
14/10/2019 22:10:00	15,60	16,05	16,30	16,40	16,27	16,08	15,85	15,59	15,33	15,06	14,74	14,40	14,06	13,71	13,37	12,99	12,61	12,22	11,82	11,41	10,99	15,34
14/10/2019 22:15:00	15,47	16,09	16,35	16,49	16,44	16,24	15,99	15,72	15,46	15,19	14,84	14,47	14,11	13,74	13,37	12,98	12,59	12,18	11,77	11,35	10,92	15,35
14/10/2019 22:20:00	15,77	16,37	16,60	16,72	16,68	16,47	16,20	15,90	15,59	15,26	14,88	14,49	14,09	13,70	13,31	12,89	12,48	12,04	11,61	11,16	10,72	15,57
14/10/2019 22:25:00	15,85	16,48	16,61	16,63	16,50	16,25	15,96	15,66	15,37	15,07	14,68	14,30	13,92	13,54	13,17	12,78	12,39	11,99	11,58	11,16	10,74	15,74
14/10/2019 22:30:00	15,83	16,49	16,67	16,69	16,48	16,17	15,84	15,51	15,18	14,84	14,47	14,10	13,73	13,36	12,99	12,59	12,19	11,79	11,39	10,98	10,56	15,90
14/10/2019 22:35:00	15,93	16,29	16,47	16,55	16,43	16,25	16,05	15,85	15,57	15,25	14,86	14,47	14,08	13,71	13,33	12,94	12,56	12,14	11,73	11,30	10,86	16,16
14/10/2019 22:40:00	15,90	16,42	16,55	16,52	16,27	16,00	15,70	15,37	15,11	14,86	14,46	14,09	13,71	13,36	13,00	12,63	12,27	11,89	11,51	11,12	10,73	16,06
14/10/2019 22:45:00	15,88	16,54	16,73	16,78	16,66	16,37	16,03	15,68	15,34	15,00	14,61	14,22	13,83	13,43	13,04	12,63	12,21	11,79	11,37	10,94	10,51	15,97
14/10/2019 22:50:00	15,81	16,31	16,53	16,64	16,55	16,30	16,04	15,79	15,49	15,16	14,72	14,28	13,85	13,44	13,03	12,62	12,21	11,79	11,37	10,93	10,49	15,87
14/10/2019 22:55:00	15,91	16,57	16,78	16,83	16,68	16,43	16,13	15,79	15,49	15,19	14,75	14,32	13,90	13,49	13,09	12,69	12,29	11,87	11,46	11,03	10,60	15,87
14/10/2019 23:00:00	16,04	16,62	16,71	16,60	16,28	16,01	15,71	15,36	15,01	14,69	14,42	14,14	13,86	13,55	13,23	12,87	12,50	12,12	11,74	11,36	10,97	16,43
14/10/2019 23:05:00	15,96	16,46	16,63	16,63	16,39	16,10	15,79	15,49	15,19	14,89	14,52	14,15	13,79	13,43	13,08	12,70	12,32	11,93	11,54	11,14	10,74	15,94
14/10/2019 23:10:00	15,99	16,57	16,74	16,73	16,48	16,23	15,90	15,47	15,12	14,79	14,44	14,07	13,71	13,33	12,96	12,56	12,15	11,74	11,34	10,92	10,50	16,27
14/10/2019 23:15:00	15,81	16,64	16,81	16,79	16,57	16,26	15,88	15,43	15,08	14,75	14,39	14,02	13,66	13,28	12,91	12,50	12,09	11,69	11,28	10,87	10,46	15,94
14/10/2019 23:20:00	15,72	16,10	16,32	16,40	16,22	16,04	15,83	15,61	15,35	15,06	14,66	14,28	13,89	13,52	13,15	12,78	12,40	12,00	11,61	11,19	10,77	15,87
14/10/2019 23:25:00	15,64	16,07	16,26	16,34	16,25	16,12	15,92	15,66	15,42	15,16	14,77	14,39	14,00	13,63	13,26	12,88	12,50	12,09	11,69	11,26	10,83	15,75
14/10/2019 23:30:00	15,57	16,14	16,47	16,62	16,51	16,26	15,96	15,67	15,38	15,07	14,70	14,31	13,92	13,54	13,15	12,75	12,34	11,93	11,52	11,10	10,67	15,55
14/10/2019 23:35:00	15,55	16,02	16,28	16,44	16,40	16,23	16,00	15,73	15,48	15,20	14,80	14,39	13,99	13,60	13,20	12,80	12,41	11,99	11,57	11,13	10,70	15,55
14/10/2019 23:40:00	15,39	15,70	15,98	16,16	16,13	16,03	15,86	15,65	15,43	15,17	14,81	14,43	14,06	13,69	13,32	12,94	12,55	12,14	11,73	11,30	10,87	15,31
14/10/2019 23:45:00	15,42	15,95	16,20	16,32	16,21	15,94	15,66	15,43	15,15	14,84	14,52	14,19	13,85	13,50	13,15	12,77	12,38	11,99	11,59	11,18	10,77	15,19
14/10/2019 23:50:00	15,47	16,14	16,39	16,47	16,31	16,04	15,75	15,46	15,14	14,80	14,44	14,07	13,71	13,33	12,96	12,56	12,17	11,76	11,35	10,94	10,52	15,22
14/10/2019 23:55:00	15,30	15,89	16,16	16,34	16,36	16,21	15,98	15,70	15,41	15,11	14,77	14,40	14,04	13,66	13,28	12,87	12,45	12,02	11,59	11,14	10,69	15,15
