FileFormat:0002.2 file with temperature of atmosphere
SN105HE102
local	GMT or Local
0	GMT-Local=[hours]
0	Height[m]
0	0	0	Longitude                [grd]               [min]               [sec]
0	0	0	Latitude                [grd]               [min]               [sec]
N	NS
56,45	Freq[GHz]
0,00	dTemostat[K]
0,150	MessErr[K]
0,248	//[grad/step]
version 14.4.20120406
MTP5HE102F5645K-38.60I70D219217+A1.1
Commentary:
SN105HE102
парабола ДНА = 2,5 град
НЕ102 - ПУ - ХВБ с ЦСД " S "
АЦП - 202 - 09 с контр.U пит.и М
оптопара серии - 2
Т out № 178 пл
БП LPS - 112
End Of Commentary

SYSTEM\summer.dat
data time	0	50	100	150	200	250	300	350	400	450	500	550	600	650	700	750	800	850	900	950	1000	OutsideTemperature
19/05/2019 00:00:00	13,68	13,76	13,75	13,78	13,84	13,77	13,65	13,51	13,30	13,01	12,55	12,11	11,67	11,28	10,88	10,52	10,16	9,77	9,38	8,96	8,54	13,72
19/05/2019 00:05:00	13,79	13,98	14,06	14,10	14,05	13,88	13,64	13,33	13,05	12,72	12,25	11,79	11,33	10,91	10,49	10,09	9,70	9,30	8,90	8,48	8,06	13,79
19/05/2019 00:10:00	13,77	13,75	13,57	13,40	13,24	13,01	12,75	12,48	12,11	11,73	11,42	11,09	10,77	10,42	10,08	9,72	9,35	8,98	8,61	8,22	7,83	13,99
19/05/2019 00:15:00	13,88	14,06	13,94	13,79	13,63	13,34	13,03	12,71	12,40	12,08	11,73	11,38	11,03	10,68	10,33	9,97	9,62	9,26	8,90	8,52	8,15	13,97
19/05/2019 00:20:00	14,09	14,04	13,89	13,73	13,53	13,45	13,31	13,08	12,78	12,45	12,05	11,67	11,29	10,93	10,57	10,22	9,88	9,51	9,14	8,74	8,35	14,00
19/05/2019 00:25:00	13,94	13,97	13,74	13,58	13,54	13,36	13,14	12,90	12,53	12,13	11,78	11,41	11,04	10,67	10,31	9,93	9,55	9,15	8,75	8,34	7,92	14,15
19/05/2019 00:30:00	14,15	14,37	14,36	14,31	14,19	14,02	13,79	13,52	13,18	12,80	12,41	12,01	11,61	11,23	10,84	10,46	10,07	9,67	9,27	8,86	8,44	14,60
19/05/2019 00:35:00	14,48	14,59	14,49	14,38	14,26	14,04	13,79	13,54	13,19	12,79	12,34	11,91	11,48	11,07	10,66	10,28	9,89	9,49	9,09	8,67	8,25	14,34
19/05/2019 00:40:00	14,27	14,31	14,20	14,08	13,96	13,67	13,39	13,14	12,85	12,52	12,16	11,79	11,43	11,07	10,72	10,37	10,01	9,64	9,28	8,89	8,51	14,19
19/05/2019 00:45:00	14,29	14,41	14,41	14,37	14,28	14,08	13,81	13,50	13,19	12,86	12,47	12,07	11,67	11,29	10,90	10,52	10,13	9,74	9,35	8,94	8,53	14,17
19/05/2019 00:50:00	14,15	14,16	14,21	14,28	14,32	14,29	14,18	13,98	13,66	13,28	12,86	12,42	11,99	11,57	11,15	10,75	10,34	9,91	9,48	9,02	8,55	14,02
19/05/2019 00:55:00	14,16	14,23	14,18	14,09	13,94	13,78	13,58	13,36	13,05	12,70	12,31	11,92	11,54	11,17	10,80	10,43	10,07	9,69	9,31	8,90	8,50	14,20
19/05/2019 01:00:00	14,29	14,34	14,24	14,15	14,05	13,87	13,64	13,37	13,12	12,84	12,42	12,02	11,62	11,25	10,87	10,52	10,16	9,79	9,41	9,01	8,62	14,24
19/05/2019 01:05:00	14,13	14,16	14,01	13,83	13,64	13,44	13,20	12,93	12,65	12,34	11,99	11,65	11,31	10,97	10,64	10,29	9,95	9,59	9,24	8,86	8,49	14,12
19/05/2019 01:10:00	14,12	14,02	13,86	13,74	13,64	13,50	13,32	13,10	12,91	12,70	12,33	11,99	11,65	11,32	11,00	10,68	10,36	10,01	9,67	9,29	8,92	14,00
19/05/2019 01:15:00	13,99	13,94	13,77	13,62	13,46	13,35	13,18	12,97	12,76	12,54	12,33	12,10	11,87	11,61	11,36	11,05	10,75	10,42	10,09	9,73	9,38	13,97
19/05/2019 01:20:00	14,01	13,87	13,64	13,39	13,11	12,93	12,73	12,49	12,19	11,90	11,67	11,43	11,19	10,92	10,65	10,34	10,03	9,70	9,37	9,02	8,67	14,09
19/05/2019 01:25:00	13,84	13,81	13,46	13,15	12,95	12,72	12,52	12,33	12,09	11,88	11,71	11,53	11,36	11,14	10,93	10,65	10,38	10,08	9,78	9,46	9,14	13,87
19/05/2019 01:30:00	13,78	13,68	13,38	13,11	12,89	12,64	12,37	12,10	11,86	11,66	11,53	11,37	11,21	11,00	10,78	10,50	10,21	9,91	9,61	9,30	8,98	13,79
19/05/2019 01:35:00	13,80	13,68	13,38	13,12	12,91	12,76	12,56	12,32	12,12	11,93	11,67	11,42	11,17	10,92	10,66	10,37	10,09	9,78	9,47	9,14	8,81	13,79
19/05/2019 01:40:00	13,74	13,77	13,45	13,19	13,04	12,81	12,60	12,42	12,20	12,00	11,81	11,62	11,43	11,21	10,98	10,70	10,42	10,12	9,81	9,49	9,16	13,72
19/05/2019 01:45:00	13,76	13,71	13,47	13,31	13,24	13,18	13,08	12,96	12,84	12,73	12,60	12,46	12,31	12,12	11,93	11,67	11,41	11,11	10,81	10,48	10,15	13,78
19/05/2019 01:50:00	13,87	13,60	13,41	13,30	13,25	13,15	13,03	12,90	12,76	12,63	12,54	12,41	12,28	12,08	11,89	11,62	11,35	11,04	10,73	10,39	10,06	13,72
19/05/2019 01:55:00	13,78	13,74	13,46	13,20	13,00	12,79	12,60	12,44	12,26	12,09	11,88	11,67	11,47	11,25	11,02	10,76	10,49	10,20	9,90	9,59	9,28	13,76
19/05/2019 02:00:00	13,70	13,64	13,38	13,15	12,98	12,88	12,71	12,46	12,28	12,11	11,91	11,70	11,49	11,26	11,02	10,74	10,46	10,15	9,84	9,50	9,17	13,65
19/05/2019 02:05:00	13,67	13,66	13,39	13,14	12,95	12,80	12,66	12,54	12,38	12,23	12,10	11,97	11,83	11,65	11,48	11,23	10,98	10,69	10,41	10,11	9,80	13,50
19/05/2019 02:10:00	13,63	13,49	13,30	13,18	13,13	13,08	13,03	12,97	12,82	12,65	12,43	12,20	11,98	11,74	11,50	11,22	10,94	10,63	10,31	9,95	9,60	13,52
19/05/2019 02:15:00	13,68	13,57	13,35	13,22	13,25	13,22	13,15	13,04	12,96	12,87	12,67	12,47	12,27	12,04	11,82	11,56	11,29	10,98	10,67	10,32	9,97	13,51
19/05/2019 02:20:00	13,59	13,53	13,39	13,26	13,13	13,05	12,97	12,88	12,75	12,61	12,42	12,23	12,04	11,83	11,61	11,35	11,09	10,79	10,49	10,16	9,83	13,49
19/05/2019 02:25:00	13,70	13,58	13,44	13,41	13,52	13,50	13,41	13,28	13,18	13,09	12,94	12,76	12,58	12,36	12,14	11,85	11,56	11,23	10,90	10,53	10,17	13,52
19/05/2019 02:30:00	13,66	13,63	13,51	13,40	13,28	13,19	13,07	12,91	12,72	12,52	12,32	12,11	11,90	11,65	11,41	11,11	10,82	10,49	10,17	9,81	9,46	13,60
19/05/2019 02:35:00	13,57	13,62	13,44	13,33	13,33	13,34	13,31	13,25	13,08	12,91	12,71	12,51	12,30	12,07	11,83	11,55	11,27	10,94	10,61	10,24	9,88	13,42
19/05/2019 02:40:00	13,50	13,50	13,32	13,20	13,17	13,08	13,00	12,95	12,80	12,66	12,53	12,39	12,24	12,04	11,85	11,58	11,32	11,01	10,71	10,37	10,03	13,60
19/05/2019 02:45:00	13,45	13,42	13,30	13,28	13,38	13,42	13,42	13,37	13,26	13,14	13,00	12,84	12,68	12,47	12,25	11,98	11,70	11,37	11,04	10,67	10,30	13,50
19/05/2019 02:50:00	13,54	13,51	13,50	13,56	13,69	13,80	13,86	13,87	13,75	13,60	13,42	13,21	13,00	12,75	12,51	12,22	11,92	11,58	11,23	10,83	10,44	13,45
19/05/2019 02:55:00	13,54	13,43	13,32	13,27	13,30	13,31	13,30	13,27	13,14	13,02	12,90	12,76	12,61	12,42	12,22	11,95	11,68	11,36	11,05	10,70	10,34	13,35
19/05/2019 03:00:00	13,45	13,44	13,28	13,13	13,02	12,94	12,85	12,74	12,68	12,60	12,42	12,25	12,08	11,89	11,69	11,45	11,21	10,93	10,64	10,33	10,02	13,33
19/05/2019 03:05:00	13,46	13,35	13,21	13,17	13,25	13,26	13,26	13,29	13,17	13,04	12,90	12,74	12,57	12,37	12,16	11,90	11,63	11,31	10,99	10,63	10,27	13,45
19/05/2019 03:10:00	13,39	13,44	13,33	13,26	13,25	13,25	13,21	13,10	12,98	12,86	12,71	12,54	12,37	12,16	11,95	11,67	11,40	11,09	10,77	10,42	10,08	13,50
19/05/2019 03:15:00	13,51	13,44	13,39	13,36	13,33	13,35	13,30	13,17	13,07	12,98	12,88	12,73	12,59	12,40	12,20	11,93	11,66	11,35	11,04	10,70	10,35	13,39
19/05/2019 03:20:00	13,48	13,45	13,27	13,16	13,15	13,16	13,16	13,15	13,07	12,99	12,91	12,81	12,71	12,55	12,39	12,16	11,92	11,63	11,34	11,01	10,68	13,40
19/05/2019 03:25:00	13,40	13,44	13,29	13,25	13,37	13,41	13,41	13,40	13,33	13,25	13,14	13,01	12,88	12,69	12,51	12,25	11,99	11,68	11,37	11,01	10,66	13,44
19/05/2019 03:30:00	13,29	13,10	12,97	12,96	13,04	13,11	13,16	13,20	13,20	13,19	13,15	13,07	13,00	12,86	12,72	12,50	12,27	11,99	11,71	11,38	11,06	13,37
19/05/2019 03:35:00	13,34	13,26	13,14	13,16	13,32	13,42	13,49	13,53	13,52	13,50	13,41	13,30	13,19	13,03	12,86	12,62	12,38	12,08	11,78	11,43	11,08	13,28
19/05/2019 03:40:00	13,26	13,24	13,18	13,18	13,26	13,32	13,34	13,32	13,29	13,27	13,26	13,21	13,15	13,02	12,88	12,64	12,41	12,11	11,82	11,49	11,16	13,30
19/05/2019 03:45:00	13,34	13,26	13,13	13,12	13,27	13,40	13,46	13,44	13,39	13,34	13,26	13,14	13,03	12,85	12,67	12,42	12,16	11,84	11,53	11,17	10,81	13,22
19/05/2019 03:50:00	13,42	13,39	13,33	13,30	13,26	13,28	13,28	13,27	13,14	13,01	12,92	12,80	12,68	12,50	12,32	12,06	11,79	11,48	11,18	10,83	10,49	13,32
19/05/2019 03:55:00	13,42	13,45	13,32	13,28	13,34	13,38	13,39	13,36	13,29	13,23	13,17	13,08	12,99	12,83	12,67	12,42	12,17	11,87	11,56	11,22	10,88	13,39
19/05/2019 04:00:00	13,54	13,62	13,50	13,40	13,34	13,29	13,21	13,12	13,06	13,00	12,88	12,75	12,62	12,45	12,27	12,03	11,79	11,50	11,22	10,90	10,59	13,47
19/05/2019 04:05:00	13,66	13,43	13,38	13,39	13,43	13,47	13,51	13,55	13,49	13,41	13,30	13,16	13,02	12,83	12,65	12,40	12,15	11,84	11,54	11,19	10,85	13,53
19/05/2019 04:10:00	13,71	13,66	13,42	13,21	13,07	12,95	12,85	12,77	12,61	12,49	12,44	12,36	12,29	12,14	11,99	11,75	11,51	11,22	10,94	10,63	10,33	13,64
19/05/2019 04:15:00	13,81	13,55	13,29	13,11	13,04	13,02	12,94	12,80	12,74	12,70	12,65	12,57	12,49	12,34	12,20	11,96	11,73	11,45	11,17	10,85	10,54	13,55
19/05/2019 04:20:00	13,72	13,56	13,38	13,24	13,15	13,11	13,04	12,96	12,89	12,84	12,80	12,73	12,67	12,53	12,39	12,16	11,93	11,65	11,38	11,07	10,76	13,84
19/05/2019 04:25:00	13,58	13,71	13,52	13,33	13,18	13,11	12,99	12,82	12,69	12,60	12,51	12,40	12,30	12,13	11,97	11,72	11,47	11,18	10,89	10,58	10,27	13,65
19/05/2019 04:30:00	13,79	13,78	13,61	13,49	13,43	13,48	13,48	13,43	13,35	13,29	13,22	13,13	13,05	12,90	12,75	12,51	12,27	11,98	11,69	11,36	11,03	13,72
19/05/2019 04:35:00	13,81	13,86	13,71	13,60	13,54	13,56	13,54	13,45	13,31	13,22	13,23	13,20	13,16	13,02	12,89	12,64	12,39	12,09	11,79	11,45	11,12	13,60
19/05/2019 04:40:00	13,72	13,77	13,59	13,46	13,41	13,35	13,30	13,29	13,21	13,16	13,15	13,12	13,08	12,97	12,85	12,63	12,40	12,13	11,86	11,55	11,25	13,67
19/05/2019 04:45:00	13,74	13,61	13,38	13,23	13,22	13,30	13,32	13,28	13,30	13,35	13,33	13,29	13,25	13,14	13,04	12,84	12,64	12,37	12,11	11,81	11,50	13,62
19/05/2019 04:50:00	13,57	13,61	13,49	13,36	13,19	13,07	12,95	12,81	12,71	12,63	12,55	12,45	12,35	12,19	12,03	11,79	11,54	11,27	10,99	10,69	10,39	13,60
19/05/2019 04:55:00	13,60	13,63	13,28	13,00	12,87	12,77	12,65	12,52	12,39	12,30	12,29	12,24	12,20	12,08	11,95	11,72	11,50	11,23	10,96	10,66	10,36	13,60
19/05/2019 05:00:00	13,62	13,54	13,27	13,10	13,10	13,04	12,92	12,75	12,65	12,58	12,48	12,36	12,23	12,05	11,87	11,62	11,36	11,06	10,76	10,43	10,10	13,53
19/05/2019 05:05:00	13,55	13,41	13,22	13,07	12,97	12,88	12,81	12,74	12,61	12,51	12,49	12,43	12,37	12,23	12,09	11,85	11,61	11,33	11,04	10,73	10,42	13,48
19/05/2019 05:10:00	13,54	13,48	13,30	13,16	13,05	12,96	12,84	12,70	12,56	12,45	12,39	12,30	12,21	12,05	11,88	11,63	11,37	11,08	10,79	10,47	10,15	13,51
19/05/2019 05:15:00	13,51	13,53	13,37	13,22	13,08	12,97	12,84	12,72	12,64	12,58	12,52	12,43	12,35	12,20	12,06	11,82	11,59	11,32	11,05	10,76	10,47	13,41
19/05/2019 05:20:00	13,57	13,59	13,34	13,17	13,13	13,04	12,95	12,88	12,78	12,70	12,64	12,56	12,48	12,33	12,18	11,95	11,71	11,43	11,15	10,84	10,52	13,62
19/05/2019 05:25:00	13,59	13,58	13,38	13,24	13,17	13,11	13,04	12,95	12,86	12,80	12,77	12,71	12,65	12,51	12,38	12,14	11,91	11,63	11,35	11,04	10,73	13,57
19/05/2019 05:30:00	13,59	13,49	13,25	13,08	13,01	13,00	12,97	12,92	12,84	12,79	12,75	12,69	12,63	12,50	12,37	12,14	11,92	11,64	11,37	11,06	10,75	13,58
19/05/2019 05:35:00	13,70	13,56	13,49	13,47	13,48	13,48	13,47	13,44	13,35	13,26	13,17	13,04	12,91	12,73	12,55	12,29	12,03	11,73	11,42	11,08	10,74	13,55
19/05/2019 05:40:00	13,75	13,72	13,55	13,37	13,18	13,10	13,01	12,91	12,76	12,63	12,56	12,46	12,36	12,20	12,04	11,79	11,54	11,26	10,97	10,66	10,35	13,82
19/05/2019 05:45:00	13,89	13,73	13,41	13,15	13,00	12,87	12,76	12,69	12,58	12,49	12,41	12,31	12,22	12,07	11,92	11,70	11,47	11,21	10,94	10,64	10,35	13,79
19/05/2019 05:50:00	13,88	13,63	13,42	13,28	13,18	13,18	13,20	13,22	13,16	13,09	13,04	12,97	12,90	12,77	12,64	12,42	12,20	11,93	11,65	11,34	11,03	13,90
19/05/2019 05:55:00	13,91	13,85	13,67	13,46	13,22	13,14	13,04	12,89	12,77	12,69	12,66	12,60	12,54	12,40	12,27	12,04	11,81	11,54	11,27	10,97	10,68	13,87
19/05/2019 06:00:00	13,93	13,83	13,53	13,25	13,01	12,79	12,62	12,51	12,44	12,41	12,36	12,31	12,27	12,15	12,04	11,84	11,64	11,40	11,16	10,90	10,64	13,95
19/05/2019 06:05:00	13,98	13,89	13,64	13,41	13,20	13,03	12,86	12,71	12,59	12,47	12,30	12,13	11,96	11,76	11,56	11,32	11,07	10,79	10,51	10,21	9,90	13,95
19/05/2019 06:10:00	13,97	13,83	13,58	13,34	13,09	12,99	12,90	12,81	12,72	12,66	12,61	12,55	12,49	12,37	12,24	12,03	11,82	11,56	11,31	11,03	10,75	13,89
19/05/2019 06:15:00	13,92	13,88	13,66	13,35	12,96	12,70	12,47	12,26	12,07	11,94	11,92	11,87	11,83	11,70	11,57	11,34	11,11	10,85	10,60	10,34	10,08	13,93
19/05/2019 06:20:00	13,90	13,73	13,41	13,15	12,99	12,82	12,69	12,60	12,41	12,25	12,20	12,12	12,04	11,89	11,74	11,49	11,24	10,95	10,67	10,36	10,05	13,94
19/05/2019 06:25:00	13,91	13,70	13,39	13,12	12,92	12,80	12,67	12,55	12,46	12,40	12,33	12,25	12,17	12,04	11,90	11,68	11,46	11,20	10,94	10,66	10,38	13,85
19/05/2019 06:30:00	13,94	13,71	13,35	13,01	12,72	12,61	12,49	12,34	12,25	12,23	12,25	12,25	12,25	12,17	12,08	11,89	11,69	11,45	11,22	10,96	10,70	13,80
19/05/2019 06:35:00	13,95	13,68	13,33	13,03	12,82	12,64	12,50	12,43	12,32	12,24	12,18	12,11	12,05	11,92	11,79	11,58	11,37	11,11	10,86	10,58	10,31	13,92
19/05/2019 06:40:00	14,03	13,81	13,47	13,13	12,83	12,59	12,40	12,27	12,19	12,15	12,11	12,07	12,03	11,92	11,82	11,62	11,42	11,19	10,96	10,71	10,46	13,94
19/05/2019 06:45:00	13,90	13,65	13,40	13,20	13,03	12,92	12,82	12,72	12,62	12,58	12,64	12,65	12,66	12,57	12,48	12,27	12,05	11,79	11,53	11,25	10,97	13,89
19/05/2019 06:50:00	14,03	13,71	13,42	13,17	12,96	12,81	12,70	12,60	12,48	12,37	12,24	12,11	11,98	11,80	11,63	11,40	11,17	10,90	10,62	10,33	10,03	13,94
19/05/2019 06:55:00	14,00	13,73	13,42	13,13	12,89	12,70	12,54	12,43	12,32	12,23	12,15	12,06	11,97	11,83	11,68	11,46	11,24	10,98	10,73	10,45	10,17	13,95
19/05/2019 07:00:00	14,01	13,89	13,56	13,30	13,14	13,02	12,92	12,84	12,73	12,65	12,62	12,57	12,51	12,39	12,27	12,04	11,82	11,56	11,29	11,00	10,70	14,00
19/05/2019 07:05:00	14,20	13,93	13,59	13,31	13,11	12,97	12,86	12,78	12,76	12,79	12,86	12,89	12,93	12,88	12,82	12,64	12,47	12,24	12,01	11,76	11,50	14,12
19/05/2019 07:10:00	14,12	13,89	13,50	13,17	12,94	12,78	12,63	12,50	12,40	12,33	12,19	12,06	11,93	11,77	11,61	11,39	11,17	10,91	10,65	10,36	10,08	14,13
19/05/2019 07:15:00	14,18	13,82	13,47	13,12	12,77	12,55	12,34	12,14	12,05	11,99	11,87	11,76	11,65	11,50	11,35	11,14	10,93	10,69	10,45	10,19	9,93	14,14
19/05/2019 07:20:00	14,10	13,95	13,61	13,26	12,91	12,56	12,24	11,97	11,75	11,58	11,46	11,33	11,20	11,01	10,83	10,57	10,32	10,05	9,78	9,50	9,23	14,12
19/05/2019 07:25:00	14,08	13,93	13,52	13,11	12,73	12,44	12,16	11,90	11,80	11,76	11,71	11,65	11,60	11,49	11,38	11,17	10,97	10,74	10,51	10,28	10,04	14,12
19/05/2019 07:30:00	14,08	13,82	13,45	13,10	12,77	12,53	12,34	12,18	12,08	11,99	11,79	11,63	11,46	11,28	11,10	10,88	10,67	10,42	10,17	9,90	9,63	14,07
19/05/2019 07:35:00	14,16	13,95	13,53	13,14	12,81	12,63	12,46	12,30	12,15	12,06	12,03	11,98	11,93	11,82	11,70	11,49	11,28	11,03	10,79	10,52	10,25	14,20
19/05/2019 07:40:00	14,34	13,96	13,61	13,28	12,96	12,72	12,48	12,23	12,07	11,95	11,84	11,71	11,59	11,42	11,24	11,00	10,75	10,49	10,22	9,93	9,65	14,22
19/05/2019 07:45:00	14,34	13,99	13,63	13,29	12,99	12,80	12,64	12,50	12,35	12,22	12,10	11,97	11,85	11,69	11,52	11,29	11,06	10,79	10,52	10,23	9,94	14,32
19/05/2019 07:50:00	14,49	14,14	13,71	13,36	13,15	12,94	12,75	12,59	12,43	12,30	12,24	12,17	12,09	11,94	11,80	11,56	11,32	11,05	10,77	10,47	10,17	14,65
19/05/2019 07:55:00	14,71	14,32	13,90	13,48	13,09	12,77	12,48	12,21	12,03	11,89	11,76	11,63	11,50	11,33	11,15	10,91	10,67	10,41	10,15	9,88	9,60	14,90
19/05/2019 08:00:00	14,61	14,24	13,83	13,44	13,07	12,74	12,43	12,15	11,92	11,73	11,60	11,45	11,30	11,11	10,92	10,66	10,39	10,12	9,84	9,55	9,26	14,60
19/05/2019 08:05:00	14,62	14,40	13,90	13,42	13,00	12,61	12,28	12,03	11,82	11,66	11,55	11,45	11,34	11,19	11,03	10,80	10,57	10,32	10,07	9,81	9,55	14,56
19/05/2019 08:10:00	14,65	14,32	13,85	13,43	13,12	12,84	12,58	12,34	12,13	11,97	11,88	11,77	11,67	11,50	11,34	11,09	10,84	10,57	10,29	10,00	9,71	14,66
19/05/2019 08:15:00	14,71	14,39	13,97	13,55	13,16	12,89	12,63	12,36	12,15	11,99	11,85	11,72	11,59	11,41	11,23	10,98	10,73	10,46	10,19	9,90	9,61	14,65
19/05/2019 08:20:00	14,75	14,40	13,94	13,52	13,20	12,95	12,74	12,56	12,33	12,12	11,97	11,83	11,68	11,49	11,31	11,05	10,80	10,51	10,23	9,92	9,61	14,78
19/05/2019 08:25:00	14,84	14,47	14,01	13,55	13,13	12,90	12,71	12,51	12,35	12,23	12,08	11,95	11,82	11,65	11,49	11,27	11,05	10,80	10,55	10,27	10,00	14,89
19/05/2019 08:30:00	14,89	14,64	14,20	13,73	13,27	12,91	12,59	12,31	12,07	11,88	11,77	11,65	11,53	11,36	11,19	10,95	10,70	10,44	10,17	9,90	9,63	15,14
19/05/2019 08:35:00	15,19	14,62	14,17	13,78	13,44	13,18	12,94	12,74	12,56	12,41	12,26	12,10	11,95	11,76	11,57	11,33	11,08	10,80	10,53	10,23	9,93	15,53
19/05/2019 08:40:00	15,45	14,83	14,22	13,74	13,48	13,18	12,90	12,69	12,53	12,41	12,26	12,11	11,97	11,79	11,62	11,38	11,14	10,87	10,60	10,30	10,00	15,84
19/05/2019 08:45:00	15,48	14,88	14,31	13,78	13,33	12,92	12,63	12,46	12,28	12,15	12,06	11,98	11,91	11,78	11,65	11,44	11,23	11,00	10,76	10,51	10,25	15,76
19/05/2019 08:50:00	15,49	14,98	14,41	13,86	13,40	13,04	12,73	12,46	12,22	12,04	11,93	11,82	11,72	11,56	11,40	11,16	10,93	10,66	10,40	10,13	9,85	15,87
19/05/2019 08:55:00	15,43	14,90	14,38	13,90	13,47	13,10	12,79	12,54	12,32	12,15	12,07	11,97	11,88	11,73	11,58	11,34	11,10	10,84	10,58	10,31	10,03	15,57
19/05/2019 09:00:00	15,53	15,12	14,60	14,11	13,68	13,30	12,97	12,72	12,51	12,34	12,18	12,04	11,89	11,71	11,53	11,29	11,05	10,78	10,52	10,24	9,96	15,89
19/05/2019 09:05:00	15,65	15,14	14,60	14,10	13,66	13,35	13,08	12,83	12,56	12,33	12,20	12,07	11,94	11,76	11,57	11,32	11,06	10,77	10,49	10,19	9,88	15,76
19/05/2019 09:10:00	15,77	15,31	14,77	14,23	13,72	13,32	12,97	12,66	12,36	12,07	11,81	11,58	11,34	11,10	10,85	10,57	10,29	9,99	9,70	9,39	9,08	15,92
19/05/2019 09:15:00	15,88	15,45	14,96	14,45	13,93	13,48	13,08	12,73	12,45	12,21	11,92	11,67	11,41	11,16	10,90	10,62	10,34	10,05	9,76	9,46	9,17	15,95
19/05/2019 09:20:00	16,04	15,54	15,01	14,46	13,91	13,44	13,03	12,68	12,38	12,11	11,85	11,61	11,37	11,12	10,88	10,60	10,32	10,03	9,74	9,44	9,14	16,11
19/05/2019 09:25:00	15,99	15,52	15,00	14,49	14,02	13,57	13,15	12,80	12,45	12,11	11,78	11,47	11,16	10,86	10,56	10,24	9,93	9,61	9,28	8,95	8,62	16,29
19/05/2019 09:30:00	16,09	15,59	15,09	14,58	14,03	13,59	13,19	12,82	12,44	12,08	11,74	11,42	11,11	10,80	10,50	10,18	9,86	9,53	9,20	8,87	8,53	16,17
19/05/2019 09:35:00	15,91	15,60	15,11	14,58	14,02	13,62	13,20	12,73	12,32	11,96	11,56	11,19	10,83	10,49	10,14	9,80	9,46	9,12	8,78	8,44	8,09	15,93
19/05/2019 09:40:00	15,86	15,55	15,06	14,56	14,06	13,62	13,20	12,81	12,41	12,02	11,60	11,23	10,85	10,50	10,15	9,81	9,47	9,12	8,78	8,43	8,08	15,98
19/05/2019 09:45:00	15,90	15,52	15,03	14,56	14,11	13,66	13,23	12,84	12,43	12,03	11,65	11,30	10,94	10,60	10,26	9,91	9,56	9,21	8,86	8,50	8,15	15,94
19/05/2019 09:50:00	15,94	15,59	15,05	14,54	14,08	13,63	13,20	12,79	12,44	12,14	11,86	11,59	11,32	11,04	10,76	10,45	10,14	9,81	9,49	9,17	8,84	16,04
19/05/2019 09:55:00	16,02	15,66	15,19	14,73	14,32	13,93	13,55	13,18	12,80	12,41	11,98	11,58	11,19	10,82	10,45	10,10	9,75	9,39	9,03	8,66	8,28	16,08
19/05/2019 10:00:00	16,18	15,74	15,27	14,79	14,29	13,91	13,54	13,10	12,75	12,43	12,09	11,77	11,44	11,13	10,82	10,49	10,16	9,83	9,49	9,14	8,80	16,07
19/05/2019 10:05:00	16,10	15,77	15,33	14,88	14,39	13,98	13,58	13,18	12,83	12,52	12,14	11,80	11,46	11,13	10,81	10,48	10,15	9,82	9,48	9,14	8,79	16,18
19/05/2019 10:10:00	16,05	15,84	15,42	14,96	14,49	14,05	13,64	13,26	12,88	12,53	12,24	11,96	11,68	11,39	11,09	10,77	10,44	10,10	9,77	9,43	9,09	16,07
19/05/2019 10:15:00	16,03	15,79	15,39	14,99	14,57	14,16	13,79	13,44	13,09	12,74	12,28	11,88	11,48	11,11	10,75	10,40	10,06	9,71	9,35	8,99	8,62	16,09
19/05/2019 10:20:00	16,15	15,81	15,33	14,85	14,40	13,99	13,59	13,20	12,80	12,43	12,13	11,84	11,55	11,24	10,94	10,60	10,27	9,92	9,58	9,22	8,87	16,17
19/05/2019 10:25:00	16,18	15,94	15,45	14,96	14,51	14,04	13,59	13,16	12,73	12,31	11,87	11,47	11,06	10,69	10,31	9,95	9,58	9,22	8,85	8,48	8,11	16,14
19/05/2019 10:30:00	16,13	15,84	15,48	15,07	14,60	14,10	13,64	13,25	12,78	12,28	11,86	11,46	11,05	10,67	10,28	9,90	9,52	9,14	8,77	8,39	8,01	16,09
19/05/2019 10:35:00	16,19	15,89	15,44	15,00	14,57	14,13	13,72	13,35	12,95	12,54	12,16	11,80	11,43	11,09	10,74	10,39	10,03	9,67	9,31	8,94	8,57	16,17
19/05/2019 10:40:00	16,25	15,86	15,42	14,97	14,51	14,18	13,83	13,37	12,96	12,58	12,19	11,82	11,45	11,09	10,73	10,37	10,01	9,65	9,28	8,90	8,52	16,31
19/05/2019 10:45:00	16,38	16,17	15,72	15,27	14,89	14,41	13,97	13,61	13,19	12,76	12,28	11,85	11,41	11,02	10,63	10,25	9,88	9,50	9,13	8,74	8,35	16,30
19/05/2019 10:50:00	16,40	16,06	15,62	15,14	14,61	14,15	13,73	13,36	12,93	12,51	12,28	12,04	11,80	11,53	11,25	10,92	10,58	10,24	9,90	9,56	9,21	16,39
19/05/2019 10:55:00	16,51	16,00	15,58	15,19	14,83	14,43	14,03	13,67	13,32	12,98	12,63	12,28	11,94	11,60	11,27	10,92	10,57	10,21	9,86	9,48	9,11	16,61
19/05/2019 11:00:00	16,57	16,17	15,72	15,29	14,88	14,46	14,05	13,66	13,36	13,10	12,81	12,53	12,25	11,96	11,68	11,36	11,05	10,72	10,39	10,05	9,71	17,03
19/05/2019 11:05:00	16,80	16,18	15,64	15,14	14,74	14,34	13,97	13,68	13,41	13,17	12,96	12,75	12,54	12,31	12,08	11,80	11,51	11,20	10,90	10,57	10,24	17,03
19/05/2019 11:10:00	16,82	16,38	15,82	15,34	15,00	14,62	14,26	13,93	13,62	13,34	13,04	12,76	12,48	12,20	11,91	11,59	11,28	10,94	10,60	10,23	9,87	17,27
19/05/2019 11:15:00	16,87	16,34	15,87	15,41	14,94	14,53	14,17	13,85	13,53	13,23	12,95	12,68	12,42	12,14	11,87	11,56	11,25	10,92	10,59	10,25	9,91	16,98
19/05/2019 11:20:00	17,14	16,59	16,00	15,44	14,95	14,50	14,09	13,73	13,38	13,05	12,76	12,49	12,22	11,94	11,67	11,36	11,04	10,72	10,39	10,04	9,70	17,21
19/05/2019 11:25:00	17,08	16,51	16,01	15,50	14,95	14,54	14,14	13,72	13,41	13,15	12,89	12,64	12,39	12,13	11,87	11,57	11,27	10,95	10,64	10,31	9,98	16,94
19/05/2019 11:30:00	17,03	16,67	16,17	15,64	15,09	14,65	14,27	13,91	13,57	13,25	12,90	12,60	12,29	11,99	11,70	11,38	11,07	10,75	10,42	10,08	9,74	17,02
19/05/2019 11:35:00	17,16	16,65	16,14	15,66	15,18	14,80	14,43	14,02	13,70	13,43	13,13	12,84	12,56	12,27	11,98	11,66	11,35	11,01	10,67	10,32	9,97	17,31
19/05/2019 11:40:00	17,28	16,94	16,40	15,84	15,33	14,88	14,47	14,10	13,70	13,31	12,97	12,66	12,34	12,03	11,72	11,39	11,05	10,70	10,35	9,99	9,63	17,31
19/05/2019 11:45:00	17,33	16,94	16,43	15,93	15,47	15,07	14,66	14,23	13,86	13,53	13,11	12,74	12,36	12,01	11,66	11,31	10,96	10,60	10,23	9,85	9,47	17,36
19/05/2019 11:50:00	17,34	17,10	16,67	16,19	15,63	15,12	14,65	14,21	13,80	13,43	13,10	12,78	12,47	12,15	11,84	11,49	11,15	10,80	10,45	10,10	9,74	17,27
19/05/2019 11:55:00	17,37	17,11	16,64	16,16	15,71	15,27	14,84	14,40	13,98	13,58	13,25	12,92	12,60	12,27	11,93	11,57	11,21	10,84	10,47	10,08	9,70	17,42
19/05/2019 12:00:00	17,38	17,20	16,77	16,31	15,83	15,34	14,87	14,45	14,10	13,79	13,43	13,11	12,78	12,46	12,14	11,81	11,47	11,12	10,77	10,42	10,06	17,42
19/05/2019 12:05:00	17,49	17,21	16,76	16,30	15,87	15,43	15,03	14,70	14,36	14,03	13,70	13,40	13,09	12,79	12,48	12,15	11,82	11,47	11,12	10,75	10,39	17,63
19/05/2019 12:10:00	17,87	17,40	16,88	16,41	16,03	15,56	15,10	14,67	14,27	13,88	13,48	13,09	12,71	12,34	11,97	11,60	11,23	10,84	10,45	10,05	9,65	18,16
19/05/2019 12:15:00	18,07	17,62	17,14	16,65	16,15	15,68	15,22	14,77	14,35	13,96	13,57	13,20	12,84	12,48	12,13	11,77	11,40	11,02	10,65	10,26	9,87	18,24
19/05/2019 12:20:00	18,12	17,68	17,14	16,61	16,17	15,70	15,26	14,84	14,41	13,96	13,55	13,16	12,77	12,40	12,03	11,65	11,27	10,88	10,49	10,08	9,68	18,21
19/05/2019 12:25:00	18,04	17,68	17,19	16,71	16,29	15,87	15,43	14,97	14,55	14,17	13,78	13,40	13,03	12,67	12,30	11,93	11,55	11,16	10,77	10,37	9,96	18,35
19/05/2019 12:30:00	18,23	18,01	17,56	17,07	16,53	16,10	15,69	15,25	14,86	14,50	14,09	13,72	13,35	13,00	12,65	12,29	11,94	11,56	11,19	10,80	10,42	18,16
19/05/2019 12:35:00	18,12	17,87	17,43	16,99	16,56	16,13	15,71	15,27	14,90	14,59	14,21	13,86	13,51	13,17	12,83	12,47	12,11	11,74	11,36	10,97	10,58	18,01
19/05/2019 12:40:00	17,85	17,72	17,35	16,95	16,53	16,16	15,77	15,33	14,92	14,54	14,19	13,85	13,51	13,16	12,82	12,45	12,07	11,68	11,29	10,88	10,48	17,86
19/05/2019 12:45:00	17,95	17,80	17,46	17,08	16,62	16,23	15,81	15,33	14,88	14,44	14,07	13,69	13,32	12,95	12,58	12,18	11,79	11,38	10,97	10,56	10,14	17,97
19/05/2019 12:50:00	18,10	17,94	17,52	17,07	16,63	16,24	15,85	15,43	15,01	14,59	14,19	13,80	13,42	13,05	12,68	12,30	11,92	11,53	11,13	10,71	10,30	18,11
19/05/2019 12:55:00	18,17	17,96	17,57	17,16	16,74	16,31	15,91	15,56	15,19	14,79	14,35	13,95	13,54	13,17	12,79	12,42	12,06	11,66	11,27	10,87	10,46	18,16
19/05/2019 13:00:00	18,33	18,06	17,62	17,18	16,76	16,35	15,94	15,50	15,07	14,64	14,16	13,72	13,27	12,86	12,45	12,05	11,66	11,24	10,83	10,40	9,97	18,34
19/05/2019 13:05:00	18,42	18,03	17,59	17,16	16,71	16,30	15,89	15,44	14,96	14,48	14,04	13,62	13,19	12,79	12,38	11,98	11,57	11,15	10,73	10,29	9,85	18,44
19/05/2019 13:10:00	18,45	18,07	17,60	17,15	16,70	16,28	15,86	15,40	14,92	14,43	13,99	13,57	13,15	12,74	12,34	11,93	11,52	11,10	10,68	10,24	9,80	18,77
19/05/2019 13:15:00	18,71	18,22	17,73	17,23	16,74	16,30	15,87	15,40	14,95	14,51	14,04	13,59	13,15	12,74	12,34	11,94	11,55	11,14	10,73	10,31	9,89	18,78
19/05/2019 13:20:00	18,36	18,09	17,62	17,14	16,66	16,18	15,70	15,20	14,73	14,28	13,83	13,41	12,99	12,59	12,19	11,80	11,40	10,99	10,58	10,16	9,74	18,54
19/05/2019 13:25:00	18,21	17,97	17,47	16,95	16,44	15,98	15,53	15,03	14,59	14,20	13,75	13,34	12,93	12,54	12,16	11,79	11,41	11,02	10,63	10,23	9,83	18,17
19/05/2019 13:30:00	18,07	17,88	17,47	17,03	16,58	16,09	15,62	15,21	14,76	14,27	13,84	13,42	13,01	12,61	12,22	11,83	11,43	11,03	10,62	10,21	9,79	17,92
19/05/2019 13:35:00	17,88	17,81	17,41	16,99	16,57	16,13	15,67	15,20	14,75	14,33	13,87	13,43	13,00	12,60	12,20	11,80	11,40	10,99	10,58	10,16	9,75	17,91
19/05/2019 13:40:00	18,10	17,85	17,46	17,05	16,61	16,18	15,74	15,28	14,78	14,26	13,72	13,22	12,72	12,26	11,81	11,38	10,95	10,51	10,08	9,63	9,18	18,06
19/05/2019 13:45:00	18,06	17,88	17,52	17,10	16,63	16,13	15,62	15,11	14,59	14,06	13,52	13,02	12,52	12,06	11,60	11,16	10,73	10,29	9,86	9,42	8,98	18,10
19/05/2019 13:50:00	17,93	17,64	17,20	16,73	16,27	15,87	15,43	14,92	14,44	13,96	13,54	13,13	12,72	12,33	11,93	11,53	11,12	10,71	10,30	9,87	9,45	17,97
19/05/2019 13:55:00	17,71	17,51	17,10	16,68	16,28	15,82	15,36	14,93	14,53	14,16	13,73	13,33	12,93	12,56	12,18	11,81	11,43	11,05	10,66	10,26	9,86	17,76
19/05/2019 14:00:00	17,76	17,59	17,21	16,80	16,39	15,96	15,54	15,14	14,73	14,30	13,89	13,50	13,10	12,73	12,35	11,97	11,59	11,20	10,80	10,39	9,99	17,79
19/05/2019 14:05:00	17,81	17,56	17,20	16,84	16,46	16,12	15,77	15,38	14,98	14,57	14,10	13,67	13,23	12,83	12,42	12,03	11,64	11,23	10,82	10,39	9,95	17,74
19/05/2019 14:10:00	17,53	17,34	16,97	16,60	16,26	15,94	15,59	15,19	14,79	14,40	14,01	13,64	13,27	12,90	12,53	12,15	11,77	11,37	10,96	10,54	10,12	17,61
19/05/2019 14:15:00	17,42	17,45	17,11	16,71	16,27	15,95	15,61	15,17	14,72	14,26	13,79	13,36	12,93	12,52	12,11	11,72	11,32	10,90	10,49	10,06	9,63	17,26
19/05/2019 14:20:00	17,17	17,00	16,54	16,02	15,44	14,89	14,41	14,02	13,59	13,16	12,87	12,59	12,31	12,02	11,72	11,38	11,05	10,70	10,36	10,02	9,68	16,96
19/05/2019 14:25:00	14,93	14,73	14,68	14,64	14,53	14,50	14,40	14,24	14,06	13,86	13,66	13,43	13,20	12,93	12,67	12,36	12,04	11,69	11,33	10,95	10,56	15,94
19/05/2019 14:30:00	14,93	14,85	14,75	14,66	14,57	14,43	14,27	14,12	13,95	13,78	13,53	13,28	13,03	12,76	12,49	12,19	11,88	11,54	11,20	10,84	10,47	15,08
19/05/2019 14:35:00	14,96	15,04	15,04	15,00	14,87	14,71	14,50	14,23	14,01	13,80	13,51	13,21	12,91	12,60	12,29	11,95	11,60	11,24	10,88	10,49	10,11	14,72
19/05/2019 14:40:00	15,09	15,12	15,04	14,92	14,74	14,45	14,17	13,91	13,60	13,27	12,94	12,61	12,28	11,94	11,61	11,25	10,88	10,51	10,14	9,75	9,36	14,79
19/05/2019 14:45:00	14,83	14,92	14,95	14,94	14,82	14,71	14,53	14,28	14,06	13,82	13,49	13,15	12,82	12,48	12,15	11,80	11,45	11,08	10,70	10,31	9,91	14,71
19/05/2019 14:50:00	15,01	14,88	14,90	14,89	14,77	14,64	14,45	14,22	14,00	13,76	13,41	13,06	12,71	12,36	12,02	11,67	11,32	10,94	10,57	10,17	9,77	14,85
19/05/2019 14:55:00	14,89	14,85	14,93	14,98	14,94	14,71	14,49	14,34	14,04	13,68	13,29	12,88	12,48	12,09	11,71	11,32	10,93	10,53	10,13	9,71	9,28	14,95
19/05/2019 15:00:00	14,90	14,52	14,56	14,63	14,63	14,64	14,58	14,43	14,23	14,00	13,75	13,46	13,17	12,86	12,54	12,20	11,85	11,46	11,08	10,66	10,24	15,35
19/05/2019 15:05:00	15,27	14,99	14,99	14,97	14,87	14,71	14,50	14,23	13,99	13,73	13,41	13,06	12,72	12,38	12,03	11,67	11,31	10,93	10,54	10,14	9,73	15,20
19/05/2019 15:10:00	15,51	15,16	15,06	15,00	14,97	14,88	14,73	14,55	14,33	14,08	13,82	13,53	13,25	12,94	12,63	12,29	11,95	11,57	11,19	10,78	10,36	15,37
19/05/2019 15:15:00	15,81	15,48	15,45	15,43	15,33	15,28	15,16	14,94	14,69	14,42	14,08	13,73	13,38	13,03	12,68	12,32	11,95	11,56	11,16	10,73	10,29	15,70
19/05/2019 15:20:00	16,21	15,98	15,93	15,85	15,67	15,52	15,30	15,00	14,72	14,43	14,03	13,64	13,24	12,87	12,49	12,12	11,74	11,34	10,94	10,51	10,08	16,20
19/05/2019 15:25:00	16,58	16,09	15,92	15,78	15,64	15,49	15,30	15,09	14,82	14,53	14,13	13,75	13,36	13,00	12,63	12,27	11,90	11,51	11,11	10,68	10,24	16,74
19/05/2019 15:30:00	17,04	16,45	16,09	15,77	15,44	15,20	14,98	14,74	14,47	14,21	13,90	13,61	13,32	13,02	12,73	12,41	12,09	11,74	11,38	11,00	10,62	17,84
19/05/2019 15:35:00	17,36	16,92	16,48	16,07	15,75	15,43	15,11	14,79	14,46	14,12	13,77	13,44	13,10	12,77	12,45	12,10	11,76	11,38	11,01	10,61	10,22	18,29
19/05/2019 15:40:00	17,89	17,29	16,84	16,44	16,11	15,77	15,42	15,05	14,68	14,33	13,99	13,65	13,30	12,96	12,62	12,26	11,90	11,51	11,12	10,71	10,30	18,82
19/05/2019 15:45:00	18,61	18,06	17,53	17,03	16,59	16,17	15,75	15,28	14,84	14,41	13,97	13,56	13,14	12,75	12,35	11,96	11,57	11,17	10,76	10,33	9,91	19,66
19/05/2019 15:50:00	18,62	18,26	17,88	17,50	17,06	16,65	16,23	15,78	15,29	14,78	14,28	13,80	13,33	12,89	12,44	12,02	11,59	11,15	10,71	10,25	9,79	19,41
19/05/2019 15:55:00	18,95	18,44	17,99	17,57	17,17	16,74	16,31	15,89	15,45	14,99	14,47	13,98	13,49	13,05	12,61	12,20	11,78	11,35	10,91	10,46	10,00	19,85
19/05/2019 16:00:00	19,04	18,72	18,21	17,65	17,06	16,52	16,01	15,54	15,05	14,56	14,13	13,73	13,33	12,95	12,56	12,18	11,79	11,39	10,99	10,59	10,18	20,19
19/05/2019 16:05:00	19,31	18,77	18,29	17,82	17,37	16,95	16,54	16,12	15,64	15,13	14,61	14,13	13,64	13,20	12,76	12,34	11,92	11,48	11,04	10,58	10,12	20,23
19/05/2019 16:10:00	19,33	19,12	18,70	18,22	17,66	17,10	16,56	16,07	15,59	15,11	14,62	14,17	13,72	13,30	12,89	12,48	12,07	11,66	11,24	10,82	10,40	19,97
19/05/2019 16:15:00	19,95	19,25	18,78	18,35	17,89	17,43	16,96	16,48	15,98	15,46	14,97	14,49	14,02	13,57	13,13	12,69	12,26	11,80	11,35	10,88	10,41	21,32
19/05/2019 16:20:00	19,86	19,40	18,92	18,46	18,02	17,54	17,05	16,55	16,05	15,54	15,02	14,53	14,03	13,58	13,13	12,69	12,25	11,80	11,34	10,87	10,41	20,87
19/05/2019 16:25:00	20,10	19,64	19,09	18,55	18,06	17,60	17,14	16,65	16,13	15,57	15,02	14,50	13,99	13,52	13,06	12,62	12,18	11,72	11,26	10,78	10,30	21,14
19/05/2019 16:30:00	20,29	19,60	18,95	18,37	17,87	17,41	16,94	16,41	15,89	15,38	14,89	14,43	13,97	13,54	13,11	12,68	12,26	11,81	11,36	10,89	10,43	21,69
19/05/2019 16:35:00	20,26	19,53	19,01	18,51	18,00	17,49	17,00	16,52	16,03	15,53	15,00	14,49	13,99	13,54	13,08	12,66	12,23	11,79	11,35	10,89	10,43	21,01
19/05/2019 16:40:00	19,82	19,48	19,05	18,60	18,09	17,59	17,10	16,59	16,09	15,60	15,02	14,48	13,94	13,46	12,98	12,55	12,11	11,66	11,21	10,75	10,28	20,99
19/05/2019 16:45:00	20,04	19,65	19,21	18,79	18,35	17,93	17,51	17,07	16,57	16,01	15,41	14,86	14,30	13,81	13,31	12,86	12,41	11,93	11,45	10,95	10,45	21,39
19/05/2019 16:50:00	20,11	19,68	19,20	18,72	18,24	17,83	17,42	16,94	16,45	15,93	15,35	14,82	14,29	13,82	13,34	12,90	12,46	12,00	11,54	11,05	10,56	21,43
19/05/2019 16:55:00	20,20	19,73	19,20	18,69	18,28	17,79	17,27	16,77	16,26	15,72	15,17	14,66	14,14	13,67	13,20	12,75	12,30	11,84	11,38	10,89	10,41	21,47
19/05/2019 17:00:00	19,73	19,39	18,93	18,46	18,01	17,48	16,95	16,46	16,01	15,57	15,06	14,58	14,10	13,67	13,24	12,82	12,41	11,98	11,55	11,11	10,67	20,89
19/05/2019 17:05:00	19,84	19,51	19,08	18,65	18,22	17,80	17,36	16,87	16,37	15,85	15,28	14,73	14,19	13,71	13,22	12,78	12,33	11,86	11,39	10,90	10,41	20,62
19/05/2019 17:10:00	20,22	19,64	19,13	18,62	18,08	17,63	17,18	16,67	16,17	15,67	15,11	14,59	14,07	13,61	13,15	12,72	12,29	11,84	11,39	10,92	10,46	21,75
19/05/2019 17:15:00	20,18	19,45	18,88	18,37	17,97	17,52	17,07	16,63	16,18	15,71	15,19	14,70	14,21	13,77	13,32	12,90	12,49	12,04	11,59	11,12	10,65	21,53
19/05/2019 17:20:00	19,83	19,46	19,01	18,55	18,09	17,63	17,14	16,60	16,11	15,65	15,11	14,60	14,10	13,64	13,18	12,75	12,32	11,87	11,42	10,96	10,49	20,76
19/05/2019 17:25:00	19,70	19,35	18,91	18,45	18,00	17,57	17,10	16,56	16,10	15,69	15,15	14,65	14,15	13,70	13,25	12,83	12,41	11,97	11,54	11,08	10,62	20,38
19/05/2019 17:30:00	19,94	19,45	18,61	17,72	16,88	16,05	15,29	14,61	13,99	13,42	12,82	12,29	11,76	11,31	10,85	10,45	10,04	9,65	9,25	8,87	8,48	21,00
19/05/2019 17:35:00	17,98	17,34	16,85	16,39	15,95	15,62	15,32	15,01	14,66	14,28	13,95	13,63	13,31	12,99	12,67	12,33	11,99	11,61	11,24	10,85	10,45	19,08
19/05/2019 17:40:00	17,76	17,19	16,70	16,24	15,80	15,38	14,93	14,38	13,89	13,41	12,95	12,49	12,04	11,61	11,19	10,77	10,36	9,94	9,52	9,09	8,66	19,78
19/05/2019 17:45:00	17,72	16,94	16,42	15,96	15,52	15,04	14,60	14,26	13,86	13,43	13,17	12,88	12,60	12,30	11,99	11,64	11,30	10,93	10,57	10,20	9,82	19,35
19/05/2019 17:50:00	17,49	16,97	16,49	16,02	15,54	15,09	14,68	14,30	13,92	13,53	13,15	12,80	12,45	12,11	11,77	11,42	11,07	10,71	10,34	9,97	9,59	18,97
19/05/2019 17:55:00	17,13	16,54	16,06	15,54	14,95	14,49	14,06	13,64	13,24	12,84	12,51	12,20	11,88	11,56	11,25	10,91	10,57	10,23	9,89	9,53	9,18	18,04
19/05/2019 18:00:00	16,83	16,36	15,90	15,44	14,98	14,47	13,94	13,39	12,95	12,53	12,02	11,54	11,06	10,64	10,21	9,82	9,42	9,03	8,65	8,26	7,87	18,15
19/05/2019 18:05:00	16,76	16,22	15,74	15,23	14,65	14,21	13,77	13,26	12,81	12,38	11,89	11,44	11,00	10,59	10,19	9,82	9,44	9,07	8,70	8,32	7,94	18,82
19/05/2019 18:10:00	16,55	15,89	15,34	14,79	14,23	13,77	13,37	12,99	12,58	12,16	11,76	11,39	11,03	10,69	10,35	10,01	9,67	9,32	8,98	8,63	8,27	17,99
19/05/2019 18:15:00	16,27	15,62	15,12	14,61	14,06	13,47	12,92	12,42	12,03	11,69	11,40	11,12	10,83	10,53	10,24	9,91	9,58	9,26	8,94	8,62	8,31	16,99
19/05/2019 18:20:00	16,13	15,66	15,17	14,65	14,11	13,60	13,12	12,68	12,24	11,82	11,42	11,05	10,68	10,33	9,98	9,63	9,28	8,93	8,58	8,23	7,89	17,09
19/05/2019 18:25:00	16,09	15,68	15,16	14,64	14,16	13,67	13,19	12,72	12,27	11,82	11,42	11,04	10,65	10,29	9,92	9,55	9,19	8,83	8,46	8,10	7,73	16,52
19/05/2019 18:30:00	15,84	15,49	15,05	14,59	14,09	13,65	13,23	12,80	12,41	12,03	11,55	11,13	10,70	10,32	9,94	9,59	9,24	8,89	8,54	8,18	7,82	16,10
19/05/2019 18:35:00	15,57	15,24	14,81	14,39	13,99	13,51	13,05	12,63	12,18	11,73	11,34	10,96	10,58	10,20	9,83	9,46	9,08	8,72	8,35	7,97	7,60	15,85
19/05/2019 18:40:00	15,48	15,10	14,70	14,30	13,87	13,42	13,02	12,67	12,28	11,86	11,32	10,84	10,36	9,95	9,53	9,17	8,81	8,44	8,08	7,71	7,34	15,45
19/05/2019 18:45:00	15,32	15,11	14,65	14,18	13,74	13,24	12,77	12,35	11,89	11,41	10,94	10,51	10,07	9,67	9,27	8,90	8,52	8,15	7,79	7,42	7,05	15,30
19/05/2019 18:50:00	15,36	14,84	14,37	13,93	13,54	13,05	12,60	12,21	11,78	11,33	10,89	10,47	10,05	9,66	9,27	8,90	8,53	8,17	7,80	7,44	7,07	15,92
19/05/2019 18:55:00	15,40	14,89	14,38	13,89	13,44	12,95	12,48	12,04	11,59	11,13	10,69	10,27	9,85	9,46	9,08	8,71	8,34	7,98	7,62	7,25	6,89	15,97
19/05/2019 19:00:00	15,40	14,73	14,27	13,82	13,33	12,86	12,40	11,94	11,52	11,11	10,65	10,22	9,79	9,40	9,02	8,65	8,29	7,94	7,59	7,23	6,88	16,08
19/05/2019 19:05:00	15,15	14,69	14,21	13,73	13,25	12,75	12,31	11,95	11,54	11,11	10,61	10,17	9,72	9,33	8,94	8,59	8,24	7,90	7,56	7,21	6,86	15,68
19/05/2019 19:10:00	15,10	14,53	13,99	13,49	13,02	12,56	12,11	11,68	11,32	10,98	10,57	10,20	9,83	9,49	9,15	8,82	8,49	8,17	7,84	7,51	7,19	15,73
19/05/2019 19:15:00	14,98	14,49	13,99	13,51	13,05	12,53	12,02	11,54	11,09	10,66	10,28	9,90	9,52	9,16	8,80	8,44	8,07	7,73	7,39	7,04	6,70	15,14
19/05/2019 19:20:00	14,87	14,25	13,75	13,28	12,85	12,41	11,99	11,58	11,19	10,78	10,37	9,98	9,59	9,23	8,87	8,52	8,18	7,84	7,50	7,15	6,80	15,35
19/05/2019 19:25:00	14,67	14,25	13,80	13,35	12,90	12,40	11,90	11,42	11,00	10,61	10,22	9,84	9,47	9,11	8,75	8,40	8,04	7,71	7,37	7,04	6,70	14,85
19/05/2019 19:30:00	14,54	14,17	13,77	13,36	12,91	12,45	12,00	11,55	11,07	10,58	10,17	9,75	9,34	8,95	8,56	8,18	7,80	7,44	7,07	6,71	6,35	14,50
19/05/2019 19:35:00	14,59	14,22	13,72	13,22	12,76	12,32	11,90	11,49	11,09	10,69	10,28	9,90	9,53	9,18	8,82	8,49	8,15	7,82	7,49	7,16	6,82	14,74
19/05/2019 19:40:00	14,58	14,17	13,77	13,32	12,79	12,37	11,94	11,48	11,07	10,67	10,24	9,84	9,43	9,06	8,70	8,35	8,00	7,66	7,33	6,99	6,66	14,64
19/05/2019 19:45:00	14,63	14,34	13,87	13,38	12,90	12,41	11,92	11,44	10,99	10,54	10,09	9,67	9,24	8,85	8,46	8,10	7,73	7,38	7,04	6,69	6,34	14,80
19/05/2019 19:50:00	14,69	14,18	13,76	13,33	12,87	12,42	11,97	11,51	11,10	10,70	10,27	9,86	9,46	9,08	8,71	8,35	7,99	7,65	7,31	6,97	6,62	14,70
19/05/2019 19:55:00	14,62	14,23	13,76	13,29	12,83	12,31	11,81	11,37	10,94	10,51	10,09	9,70	9,31	8,94	8,57	8,21	7,86	7,52	7,18	6,84	6,51	14,50
19/05/2019 20:00:00	14,56	14,17	13,74	13,30	12,85	12,39	11,93	11,48	11,03	10,59	10,19	9,81	9,42	9,05	8,68	8,32	7,95	7,60	7,25	6,90	6,55	14,59
19/05/2019 20:05:00	14,49	14,19	13,76	13,30	12,82	12,34	11,88	11,44	11,03	10,63	10,17	9,75	9,33	8,96	8,58	8,23	7,88	7,54	7,21	6,87	6,54	14,40
19/05/2019 20:10:00	14,34	14,03	13,61	13,13	12,58	12,14	11,70	11,26	10,84	10,44	10,05	9,69	9,32	8,98	8,63	8,29	7,96	7,63	7,31	6,99	6,67	14,45
19/05/2019 20:15:00	14,38	14,02	13,56	13,10	12,66	12,19	11,72	11,26	10,86	10,47	10,02	9,61	9,19	8,82	8,44	8,09	7,74	7,40	7,07	6,73	6,39	14,32
19/05/2019 20:20:00	14,20	14,03	13,58	13,12	12,69	12,21	11,73	11,24	10,81	10,38	9,90	9,47	9,03	8,64	8,24	7,87	7,51	7,16	6,81	6,46	6,11	14,25
19/05/2019 20:25:00	14,08	13,91	13,54	13,13	12,66	12,20	11,75	11,31	10,85	10,38	9,90	9,46	9,01	8,60	8,20	7,83	7,45	7,10	6,75	6,39	6,04	14,20
19/05/2019 20:30:00	14,11	13,96	13,52	13,05	12,57	12,04	11,53	11,04	10,63	10,24	9,87	9,51	9,16	8,82	8,48	8,14	7,80	7,47	7,15	6,84	6,53	14,09
19/05/2019 20:35:00	13,99	13,81	13,44	13,02	12,51	12,08	11,65	11,21	10,83	10,45	10,01	9,62	9,22	8,86	8,50	8,16	7,82	7,50	7,18	6,85	6,53	14,04
19/05/2019 20:40:00	13,98	13,89	13,47	13,05	12,66	12,12	11,65	11,28	10,82	10,35	9,92	9,52	9,11	8,73	8,35	7,99	7,63	7,28	6,94	6,59	6,25	13,95
19/05/2019 20:45:00	13,83	13,78	13,46	13,07	12,61	12,12	11,66	11,22	10,79	10,35	9,88	9,45	9,02	8,63	8,23	7,87	7,50	7,16	6,81	6,48	6,14	13,92
19/05/2019 20:50:00	13,74	13,76	13,42	12,99	12,50	12,04	11,57	11,10	10,67	10,24	9,78	9,36	8,94	8,55	8,17	7,81	7,45	7,12	6,78	6,45	6,12	13,79
19/05/2019 20:55:00	13,58	13,68	13,34	12,92	12,44	11,98	11,51	11,02	10,60	10,19	9,70	9,26	8,83	8,43	8,04	7,68	7,33	6,99	6,66	6,33	6,00	13,63
19/05/2019 21:00:00	13,47	13,55	13,22	12,81	12,33	11,85	11,38	10,93	10,49	10,08	9,70	9,34	8,98	8,64	8,29	7,94	7,59	7,26	6,93	6,61	6,29	13,53
19/05/2019 21:05:00	13,37	13,48	13,13	12,74	12,31	11,76	11,25	10,79	10,39	10,00	9,58	9,18	8,79	8,43	8,06	7,72	7,37	7,05	6,72	6,41	6,10	13,23
19/05/2019 21:10:00	13,33	13,27	13,00	12,65	12,17	11,72	11,30	10,89	10,45	10,01	9,55	9,12	8,70	8,31	7,92	7,56	7,20	6,86	6,52	6,19	5,86	13,02
19/05/2019 21:15:00	13,19	13,19	12,91	12,52	12,02	11,56	11,12	10,69	10,31	9,94	9,53	9,15	8,78	8,43	8,08	7,75	7,42	7,11	6,80	6,49	6,19	12,90
19/05/2019 21:20:00	13,13	13,16	12,80	12,37	11,91	11,44	10,99	10,56	10,20	9,83	9,40	9,01	8,62	8,27	7,91	7,59	7,26	6,95	6,64	6,34	6,04	12,79
19/05/2019 21:25:00	13,09	13,04	12,75	12,35	11,81	11,34	10,88	10,42	9,99	9,58	9,19	8,82	8,44	8,09	7,74	7,39	7,05	6,73	6,42	6,11	5,80	12,54
19/05/2019 21:30:00	12,94	12,91	12,59	12,21	11,77	11,30	10,87	10,46	10,08	9,68	9,24	8,83	8,43	8,06	7,69	7,35	7,01	6,70	6,38	6,07	5,75	12,54
19/05/2019 21:35:00	12,75	12,79	12,51	12,14	11,69	11,25	10,81	10,38	9,96	9,53	9,09	8,68	8,28	7,90	7,52	7,17	6,81	6,48	6,15	5,83	5,51	12,27
19/05/2019 21:40:00	12,27	12,49	12,11	11,67	11,22	10,80	10,38	9,95	9,55	9,13	8,67	8,26	7,85	7,47	7,10	6,77	6,43	6,11	5,80	5,49	5,18	12,15
19/05/2019 21:45:00	12,15	12,25	12,00	11,64	11,17	10,69	10,23	9,80	9,39	8,99	8,59	8,22	7,84	7,49	7,14	6,79	6,45	6,15	5,84	5,54	5,25	11,94
19/05/2019 21:50:00	11,92	12,12	11,85	11,49	11,05	10,65	10,25	9,83	9,44	9,03	8,59	8,18	7,78	7,41	7,04	6,70	6,36	6,05	5,73	5,43	5,12	11,87
19/05/2019 21:55:00	11,89	12,06	11,77	11,40	10,96	10,53	10,08	9,59	9,22	8,84	8,41	8,02	7,64	7,27	6,91	6,57	6,23	5,92	5,62	5,32	5,02	11,52
19/05/2019 22:00:00	11,92	11,87	11,57	11,20	10,75	10,43	10,07	9,67	9,31	8,93	8,48	8,08	7,67	7,31	6,95	6,62	6,29	5,99	5,68	5,37	5,07	11,56
19/05/2019 22:05:00	11,74	11,84	11,61	11,27	10,80	10,38	9,96	9,52	9,06	8,62	8,25	7,89	7,53	7,17	6,82	6,46	6,11	5,79	5,47	5,16	4,86	11,62
19/05/2019 22:10:00	11,60	11,74	11,44	11,09	10,71	10,26	9,85	9,46	9,07	8,69	8,30	7,94	7,58	7,24	6,90	6,57	6,24	5,94	5,63	5,34	5,04	11,42
19/05/2019 22:15:00	11,41	11,59	11,35	11,00	10,57	10,18	9,80	9,40	9,01	8,60	8,15	7,75	7,34	6,98	6,61	6,27	5,94	5,63	5,32	5,02	4,72	11,38
19/05/2019 22:20:00	11,35	11,46	11,21	10,89	10,49	10,01	9,57	9,15	8,72	8,32	7,98	7,65	7,31	6,97	6,63	6,29	5,95	5,64	5,33	5,04	4,75	11,24
19/05/2019 22:25:00	11,27	11,44	11,22	10,89	10,43	9,96	9,53	9,12	8,68	8,26	7,88	7,52	7,16	6,81	6,46	6,12	5,78	5,47	5,17	4,88	4,59	10,95
19/05/2019 22:30:00	11,15	11,30	11,05	10,72	10,31	9,94	9,56	9,15	8,78	8,41	8,00	7,63	7,26	6,91	6,56	6,23	5,91	5,61	5,31	5,01	4,72	10,84
19/05/2019 22:35:00	11,00	11,30	10,99	10,61	10,19	9,82	9,44	9,04	8,64	8,28	7,97	7,67	7,37	7,06	6,76	6,44	6,13	5,84	5,55	5,27	4,99	10,84
19/05/2019 22:40:00	10,98	11,08	10,88	10,59	10,19	9,79	9,44	9,13	8,78	8,42	8,01	7,64	7,28	6,94	6,60	6,29	5,98	5,69	5,41	5,13	4,85	10,56
19/05/2019 22:45:00	10,91	11,03	10,76	10,43	10,05	9,64	9,26	8,92	8,56	8,23	7,92	7,62	7,33	7,03	6,74	6,43	6,12	5,85	5,57	5,30	5,03	10,55
19/05/2019 22:50:00	10,54	10,75	10,51	10,21	9,87	9,43	9,03	8,66	8,30	7,93	7,56	7,21	6,86	6,53	6,20	5,87	5,55	5,26	4,97	4,69	4,42	10,52
19/05/2019 22:55:00	10,36	10,56	10,36	10,07	9,68	9,29	8,91	8,55	8,21	7,87	7,54	7,22	6,90	6,59	6,28	5,97	5,67	5,39	5,11	4,85	4,58	10,16
19/05/2019 23:00:00	10,26	10,46	10,22	9,95	9,66	9,30	8,96	8,64	8,29	7,96	7,63	7,32	7,01	6,69	6,38	6,07	5,76	5,47	5,19	4,90	4,62	10,10
19/05/2019 23:05:00	10,13	10,41	10,21	9,96	9,66	9,32	9,00	8,68	8,32	7,95	7,56	7,20	6,84	6,50	6,16	5,84	5,52	5,22	4,93	4,64	4,35	10,20
19/05/2019 23:10:00	10,19	10,33	10,12	9,83	9,46	9,13	8,78	8,42	8,12	7,81	7,47	7,15	6,82	6,52	6,21	5,91	5,62	5,35	5,08	4,81	4,55	10,35
19/05/2019 23:15:00	9,79	10,21	10,08	9,83	9,47	9,10	8,77	8,48	8,17	7,84	7,47	7,14	6,81	6,49	6,18	5,89	5,59	5,33	5,06	4,81	4,55	9,84
19/05/2019 23:20:00	9,70	10,21	10,13	9,92	9,58	9,18	8,80	8,43	8,09	7,76	7,45	7,13	6,82	6,51	6,20	5,89	5,57	5,30	5,02	4,76	4,50	9,54
19/05/2019 23:25:00	9,73	10,00	9,87	9,68	9,42	9,16	8,87	8,55	8,15	7,81	7,54	7,25	6,96	6,66	6,35	6,02	5,69	5,39	5,09	4,79	4,49	9,35
19/05/2019 23:30:00	9,60	10,03	9,97	9,79	9,50	9,18	8,83	8,46	8,13	7,79	7,45	7,12	6,79	6,46	6,13	5,80	5,48	5,18	4,89	4,61	4,33	9,44
19/05/2019 23:35:00	9,48	9,89	9,83	9,67	9,39	9,04	8,69	8,33	8,04	7,73	7,40	7,07	6,75	6,43	6,12	5,80	5,49	5,21	4,93	4,66	4,39	9,57
19/05/2019 23:40:00	9,44	9,80	9,73	9,57	9,34	9,03	8,71	8,39	8,12	7,81	7,44	7,09	6,74	6,41	6,08	5,77	5,46	5,18	4,89	4,62	4,35	9,54
19/05/2019 23:45:00	9,59	9,81	9,69	9,53	9,30	8,95	8,62	8,30	7,99	7,66	7,29	6,93	6,57	6,24	5,90	5,58	5,26	4,97	4,68	4,40	4,12	9,37
19/05/2019 23:50:00	9,46	9,74	9,57	9,35	9,08	8,79	8,47	8,12	7,84	7,53	7,18	6,85	6,51	6,20	5,88	5,57	5,27	4,99	4,72	4,45	4,18	9,38
19/05/2019 23:55:00	9,43	9,57	9,50	9,34	9,05	8,74	8,46	8,20	7,83	7,48	7,15	6,83	6,50	6,18	5,86	5,54	5,22	4,93	4,65	4,37	4,09	9,38
