FileFormat:0002.2 file with temperature of atmosphere
SN105HE102
local	GMT or Local
0	GMT-Local=[hours]
0	Height[m]
0	0	0	Longitude                [grd]               [min]               [sec]
0	0	0	Latitude                [grd]               [min]               [sec]
N	NS
56,45	Freq[GHz]
0,00	dTemostat[K]
0,150	MessErr[K]
0,248	//[grad/step]
version 14.4.20120406
MTP5HE102F5645K-38.60I70D219217+A1.1
Commentary:
SN105HE102
парабола ДНА = 2,5 град
НЕ102 - ПУ - ХВБ с ЦСД " S "
АЦП - 202 - 09 с контр.U пит.и М
оптопара серии - 2
Т out № 178 пл
БП LPS - 112
End Of Commentary

SYSTEM\alaska.dat
data time	0	50	100	150	200	250	300	350	400	450	500	550	600	650	700	750	800	850	900	950	1000	OutsideTemperature
04/04/2019 00:00:00	2,83	3,31	3,34	3,17	2,79	2,33	1,66	0,94	0,31	-0,31	-0,96	-1,49	-2,01	-2,34	-2,67	-2,88	-3,09	-3,32	-3,55	-3,75	-3,95	2,84
04/04/2019 00:05:00	2,91	3,54	3,42	3,04	2,53	2,04	1,48	0,89	0,27	-0,29	-0,84	-1,31	-1,77	-2,07	-2,37	-2,57	-2,77	-3,00	-3,24	-3,46	-3,67	2,73
04/04/2019 00:10:00	2,87	3,46	3,42	3,16	2,76	2,24	1,62	0,99	0,40	-0,19	-0,80	-1,30	-1,80	-2,11	-2,43	-2,63	-2,83	-3,06	-3,29	-3,50	-3,70	2,73
04/04/2019 00:15:00	2,82	3,45	3,38	3,10	2,70	2,25	1,69	1,10	0,50	-0,09	-0,72	-1,26	-1,79	-2,15	-2,51	-2,74	-2,97	-3,23	-3,49	-3,71	-3,93	2,54
04/04/2019 00:20:00	2,69	3,35	3,31	2,97	2,48	2,08	1,52	0,92	0,33	-0,24	-0,82	-1,30	-1,78	-2,09	-2,40	-2,61	-2,81	-3,05	-3,29	-3,51	-3,72	2,48
04/04/2019 00:25:00	2,50	2,98	3,16	3,20	2,97	2,48	1,81	1,02	0,21	-0,43	-1,05	-1,60	-2,14	-2,50	-2,86	-3,10	-3,35	-3,60	-3,85	-4,06	-4,28	2,29
04/04/2019 00:30:00	2,06	2,79	3,04	3,15	2,99	2,54	1,93	1,25	0,60	-0,09	-0,84	-1,47	-2,10	-2,50	-2,91	-3,15	-3,40	-3,66	-3,92	-4,13	-4,35	1,98
04/04/2019 00:35:00	1,91	2,51	2,76	2,86	2,74	2,41	1,82	1,13	0,47	-0,13	-0,74	-1,30	-1,85	-2,22	-2,59	-2,84	-3,10	-3,36	-3,62	-3,84	-4,06	1,41
04/04/2019 00:40:00	1,88	2,46	2,79	2,93	2,76	2,42	1,83	1,10	0,38	-0,28	-0,94	-1,52	-2,09	-2,47	-2,84	-3,08	-3,33	-3,58	-3,83	-4,04	-4,26	0,99
04/04/2019 00:45:00	1,58	2,29	2,73	2,98	2,84	2,36	1,66	0,86	0,14	-0,50	-1,11	-1,61	-2,11	-2,41	-2,71	-2,90	-3,09	-3,29	-3,49	-3,68	-3,86	1,00
04/04/2019 00:50:00	1,40	2,45	2,72	2,70	2,42	2,01	1,44	0,78	0,08	-0,49	-1,05	-1,53	-2,01	-2,32	-2,64	-2,87	-3,09	-3,34	-3,58	-3,80	-4,01	0,74
04/04/2019 00:55:00	1,49	2,58	2,97	3,05	2,79	2,31	1,65	0,90	0,14	-0,49	-1,11	-1,64	-2,16	-2,49	-2,82	-3,04	-3,27	-3,51	-3,75	-3,95	-4,16	0,59
04/04/2019 01:00:00	1,73	2,59	2,79	2,75	2,45	1,94	1,35	0,71	0,07	-0,53	-1,13	-1,62	-2,10	-2,40	-2,70	-2,89	-3,08	-3,30	-3,52	-3,71	-3,91	0,83
04/04/2019 01:05:00	1,61	2,38	2,68	2,81	2,62	2,07	1,39	0,66	0,00	-0,63	-1,26	-1,77	-2,27	-2,57	-2,86	-3,04	-3,22	-3,42	-3,62	-3,80	-3,99	1,28
04/04/2019 01:10:00	1,56	2,53	2,69	2,65	2,41	1,92	1,25	0,58	0,02	-0,54	-1,12	-1,59	-2,06	-2,36	-2,65	-2,84	-3,03	-3,24	-3,46	-3,65	-3,85	1,14
04/04/2019 01:15:00	1,49	2,53	2,81	2,83	2,54	1,98	1,24	0,47	-0,18	-0,79	-1,39	-1,87	-2,34	-2,62	-2,90	-3,07	-3,25	-3,45	-3,64	-3,83	-4,02	0,93
04/04/2019 01:20:00	1,44	2,28	2,64	2,76	2,51	2,03	1,40	0,68	-0,08	-0,69	-1,27	-1,74	-2,21	-2,49	-2,78	-2,97	-3,16	-3,37	-3,58	-3,77	-3,96	1,07
04/04/2019 01:25:00	1,30	2,29	2,69	2,80	2,55	2,06	1,39	0,69	0,09	-0,58	-1,26	-1,79	-2,31	-2,61	-2,91	-3,09	-3,26	-3,45	-3,64	-3,83	-4,01	0,98
04/04/2019 01:30:00	1,23	2,26	2,66	2,86	2,71	2,16	1,52	0,81	0,15	-0,55	-1,25	-1,82	-2,39	-2,74	-3,09	-3,30	-3,51	-3,73	-3,95	-4,15	-4,34	0,99
04/04/2019 01:35:00	1,23	2,11	2,53	2,75	2,62	2,11	1,51	0,79	0,06	-0,63	-1,33	-1,91	-2,49	-2,85	-3,21	-3,43	-3,65	-3,88	-4,11	-4,31	-4,51	0,96
04/04/2019 01:40:00	1,12	2,10	2,47	2,58	2,40	2,03	1,46	0,81	0,20	-0,46	-1,14	-1,71	-2,27	-2,63	-2,99	-3,21	-3,43	-3,67	-3,91	-4,11	-4,32	0,81
04/04/2019 01:45:00	1,13	2,15	2,58	2,73	2,48	1,96	1,25	0,47	-0,25	-0,87	-1,46	-1,92	-2,39	-2,66	-2,93	-3,10	-3,27	-3,46	-3,66	-3,84	-4,02	0,77
04/04/2019 01:50:00	1,15	2,17	2,48	2,53	2,28	1,86	1,25	0,57	-0,08	-0,68	-1,29	-1,79	-2,29	-2,60	-2,92	-3,12	-3,32	-3,54	-3,77	-3,97	-4,17	0,73
04/04/2019 01:55:00	1,09	2,17	2,52	2,54	2,22	1,71	1,02	0,30	-0,35	-0,92	-1,46	-1,87	-2,28	-2,50	-2,73	-2,88	-3,03	-3,21	-3,39	-3,56	-3,74	0,84
04/04/2019 02:00:00	1,17	2,09	2,37	2,42	2,17	1,67	1,05	0,38	-0,26	-0,81	-1,35	-1,77	-2,20	-2,45	-2,70	-2,87	-3,03	-3,22	-3,42	-3,60	-3,78	0,50
04/04/2019 02:05:00	1,15	2,00	2,23	2,31	2,19	1,90	1,41	0,83	0,26	-0,35	-1,01	-1,58	-2,16	-2,56	-2,95	-3,20	-3,46	-3,73	-4,00	-4,23	-4,45	0,68
04/04/2019 02:10:00	1,23	1,97	2,26	2,36	2,20	1,84	1,24	0,54	-0,15	-0,75	-1,36	-1,90	-2,43	-2,78	-3,13	-3,37	-3,60	-3,85	-4,10	-4,31	-4,52	0,66
04/04/2019 02:15:00	1,23	1,85	2,08	2,24	2,20	1,89	1,36	0,73	0,15	-0,48	-1,16	-1,76	-2,35	-2,75	-3,15	-3,41	-3,66	-3,93	-4,19	-4,41	-4,62	0,62
04/04/2019 02:20:00	1,05	1,76	2,05	2,22	2,15	1,84	1,28	0,64	0,07	-0,54	-1,20	-1,75	-2,31	-2,67	-3,03	-3,26	-3,49	-3,73	-3,98	-4,18	-4,39	0,78
04/04/2019 02:25:00	1,05	1,70	2,00	2,20	2,13	1,81	1,27	0,63	-0,01	-0,63	-1,27	-1,83	-2,39	-2,76	-3,13	-3,37	-3,61	-3,86	-4,11	-4,32	-4,53	0,66
04/04/2019 02:30:00	0,96	1,81	2,06	2,15	2,03	1,71	1,21	0,59	-0,07	-0,64	-1,23	-1,77	-2,30	-2,68	-3,05	-3,31	-3,56	-3,83	-4,11	-4,33	-4,55	0,44
04/04/2019 02:35:00	1,03	1,72	2,05	2,22	2,11	1,76	1,24	0,61	0,01	-0,66	-1,38	-1,99	-2,59	-2,97	-3,36	-3,58	-3,81	-4,05	-4,30	-4,50	-4,71	0,79
04/04/2019 02:40:00	1,02	1,51	1,76	1,98	2,01	1,72	1,32	0,76	0,09	-0,51	-1,15	-1,74	-2,33	-2,74	-3,16	-3,44	-3,72	-4,01	-4,29	-4,52	-4,75	0,68
04/04/2019 02:45:00	0,84	1,53	1,80	1,94	1,91	1,67	1,20	0,61	-0,01	-0,60	-1,22	-1,80	-2,37	-2,77	-3,17	-3,45	-3,72	-4,00	-4,28	-4,50	-4,73	0,79
04/04/2019 02:50:00	0,87	1,44	1,81	2,01	1,92	1,55	1,01	0,38	-0,24	-0,84	-1,44	-1,95	-2,45	-2,75	-3,06	-3,25	-3,45	-3,65	-3,86	-4,05	-4,24	0,59
04/04/2019 02:55:00	0,81	1,62	1,92	2,07	1,95	1,55	0,94	0,26	-0,36	-0,96	-1,57	-2,08	-2,59	-2,91	-3,23	-3,44	-3,65	-3,87	-4,09	-4,29	-4,49	0,58
04/04/2019 03:00:00	0,77	1,47	1,81	2,10	2,17	1,88	1,41	0,77	0,11	-0,55	-1,27	-1,93	-2,59	-3,05	-3,51	-3,82	-4,12	-4,42	-4,72	-4,96	-5,19	0,49
04/04/2019 03:05:00	0,88	1,51	1,84	2,00	1,86	1,50	0,98	0,35	-0,31	-0,92	-1,55	-2,08	-2,61	-2,94	-3,27	-3,49	-3,70	-3,93	-4,15	-4,35	-4,55	0,48
04/04/2019 03:10:00	0,91	1,51	1,92	2,10	1,94	1,60	1,00	0,27	-0,45	-1,06	-1,65	-2,14	-2,64	-2,94	-3,25	-3,45	-3,65	-3,86	-4,08	-4,27	-4,45	0,54
04/04/2019 03:15:00	0,81	1,50	1,81	1,95	1,83	1,51	0,94	0,29	-0,29	-0,89	-1,53	-2,06	-2,58	-2,92	-3,25	-3,46	-3,67	-3,89	-4,12	-4,31	-4,51	0,45
04/04/2019 03:20:00	0,79	1,46	1,73	1,82	1,68	1,37	0,84	0,24	-0,29	-0,90	-1,53	-2,07	-2,60	-2,94	-3,27	-3,48	-3,69	-3,92	-4,14	-4,34	-4,54	0,42
04/04/2019 03:25:00	0,73	1,24	1,53	1,80	1,89	1,62	1,14	0,52	-0,10	-0,69	-1,33	-1,91	-2,50	-2,91	-3,31	-3,58	-3,86	-4,13	-4,40	-4,62	-4,84	0,40
04/04/2019 03:30:00	0,66	1,42	1,70	1,81	1,69	1,31	0,80	0,22	-0,33	-0,91	-1,51	-2,01	-2,51	-2,83	-3,14	-3,34	-3,54	-3,76	-3,97	-4,17	-4,36	0,37
04/04/2019 03:35:00	0,54	1,22	1,55	1,79	1,80	1,48	0,96	0,36	-0,20	-0,76	-1,35	-1,87	-2,38	-2,71	-3,04	-3,26	-3,48	-3,71	-3,94	-4,14	-4,34	0,41
04/04/2019 03:40:00	0,46	1,25	1,61	1,88	1,89	1,59	1,07	0,45	-0,17	-0,73	-1,31	-1,83	-2,35	-2,69	-3,04	-3,28	-3,52	-3,77	-4,01	-4,22	-4,43	-0,01
04/04/2019 03:45:00	0,53	1,14	1,60	1,94	1,94	1,55	1,03	0,40	-0,18	-0,84	-1,52	-2,06	-2,61	-2,94	-3,26	-3,45	-3,64	-3,84	-4,04	-4,23	-4,41	-0,11
04/04/2019 03:50:00	0,49	1,19	1,57	1,83	1,82	1,48	1,00	0,40	-0,18	-0,77	-1,38	-1,89	-2,41	-2,73	-3,06	-3,27	-3,48	-3,70	-3,93	-4,12	-4,32	-0,06
04/04/2019 03:55:00	0,39	1,32	1,70	1,88	1,81	1,51	0,94	0,30	-0,26	-0,83	-1,42	-1,92	-2,42	-2,74	-3,06	-3,27	-3,48	-3,71	-3,93	-4,13	-4,33	0,00
04/04/2019 04:00:00	0,40	1,25	1,72	1,99	1,91	1,53	0,93	0,24	-0,41	-1,01	-1,62	-2,11	-2,60	-2,90	-3,20	-3,40	-3,59	-3,80	-4,00	-4,19	-4,37	-0,11
04/04/2019 04:05:00	0,44	1,23	1,68	1,96	1,89	1,55	1,00	0,35	-0,29	-0,92	-1,57	-2,11	-2,64	-2,98	-3,31	-3,52	-3,73	-3,95	-4,17	-4,36	-4,55	-0,30
04/04/2019 04:10:00	0,34	1,19	1,67	1,94	1,89	1,56	1,02	0,36	-0,32	-0,92	-1,52	-2,04	-2,56	-2,90	-3,23	-3,45	-3,68	-3,91	-4,14	-4,34	-4,54	-0,20
04/04/2019 04:15:00	0,45	1,23	1,61	1,82	1,76	1,45	0,98	0,40	-0,20	-0,83	-1,49	-2,05	-2,60	-2,97	-3,33	-3,56	-3,78	-4,02	-4,26	-4,47	-4,67	-0,19
04/04/2019 04:20:00	0,46	1,30	1,65	1,78	1,62	1,19	0,61	-0,03	-0,63	-1,16	-1,69	-2,10	-2,51	-2,75	-2,99	-3,15	-3,31	-3,49	-3,67	-3,85	-4,03	-0,18
04/04/2019 04:25:00	0,47	1,40	1,61	1,68	1,54	1,15	0,65	0,08	-0,50	-1,05	-1,61	-2,09	-2,57	-2,89	-3,21	-3,42	-3,63	-3,86	-4,10	-4,30	-4,51	-0,09
04/04/2019 04:30:00	0,50	1,20	1,44	1,50	1,39	1,16	0,78	0,29	-0,28	-0,82	-1,38	-1,89	-2,39	-2,73	-3,08	-3,31	-3,54	-3,80	-4,05	-4,27	-4,48	-0,04
04/04/2019 04:35:00	0,55	1,23	1,47	1,65	1,62	1,29	0,82	0,27	-0,25	-0,87	-1,53	-2,09	-2,65	-3,01	-3,38	-3,60	-3,83	-4,07	-4,31	-4,51	-4,72	-0,21
04/04/2019 04:40:00	0,58	1,18	1,37	1,45	1,35	1,08	0,67	0,16	-0,37	-0,89	-1,45	-1,93	-2,42	-2,74	-3,06	-3,27	-3,49	-3,72	-3,96	-4,16	-4,37	-0,12
04/04/2019 04:45:00	0,56	1,19	1,40	1,48	1,39	1,15	0,69	0,14	-0,41	-0,92	-1,46	-1,94	-2,41	-2,74	-3,06	-3,28	-3,51	-3,75	-3,99	-4,20	-4,40	0,04
04/04/2019 04:50:00	0,54	1,11	1,37	1,55	1,53	1,32	0,88	0,34	-0,17	-0,76	-1,40	-1,96	-2,52	-2,89	-3,27	-3,51	-3,75	-4,00	-4,25	-4,46	-4,67	0,24
04/04/2019 04:55:00	0,60	0,97	1,20	1,41	1,47	1,29	0,97	0,51	0,00	-0,61	-1,28	-1,89	-2,49	-2,91	-3,32	-3,58	-3,85	-4,12	-4,39	-4,61	-4,83	-0,27
04/04/2019 05:00:00	0,50	0,99	1,34	1,56	1,53	1,34	0,89	0,30	-0,31	-0,88	-1,47	-2,00	-2,52	-2,87	-3,22	-3,46	-3,69	-3,94	-4,18	-4,39	-4,59	0,07
04/04/2019 05:05:00	0,49	0,96	1,28	1,57	1,60	1,29	0,78	0,15	-0,44	-0,99	-1,55	-2,03	-2,52	-2,84	-3,15	-3,36	-3,58	-3,80	-4,02	-4,21	-4,40	0,16
04/04/2019 05:10:00	0,46	0,92	1,22	1,49	1,55	1,33	0,92	0,38	-0,16	-0,76	-1,40	-1,97	-2,54	-2,92	-3,30	-3,54	-3,79	-4,04	-4,29	-4,50	-4,71	-0,02
04/04/2019 05:15:00	0,44	0,85	1,26	1,63	1,74	1,51	1,16	0,62	-0,04	-0,66	-1,30	-1,88	-2,47	-2,87	-3,26	-3,53	-3,79	-4,06	-4,32	-4,54	-4,75	0,01
04/04/2019 05:20:00	0,11	0,50	0,84	1,23	1,39	1,21	0,74	0,14	-0,42	-1,01	-1,64	-2,21	-2,79	-3,18	-3,57	-3,83	-4,09	-4,34	-4,60	-4,81	-5,01	0,01
04/04/2019 05:25:00	0,01	0,62	1,01	1,23	1,16	0,90	0,37	-0,28	-0,90	-1,44	-1,98	-2,44	-2,91	-3,20	-3,48	-3,68	-3,88	-4,08	-4,29	-4,48	-4,66	-0,08
04/04/2019 05:30:00	0,01	0,47	0,81	1,14	1,24	1,04	0,57	-0,01	-0,56	-1,13	-1,72	-2,26	-2,79	-3,15	-3,50	-3,74	-3,97	-4,21	-4,45	-4,65	-4,85	-0,23
04/04/2019 05:35:00	-0,04	0,52	0,83	1,12	1,20	0,92	0,54	0,05	-0,47	-1,09	-1,77	-2,36	-2,95	-3,34	-3,73	-3,97	-4,21	-4,46	-4,70	-4,91	-5,11	-0,27
04/04/2019 05:40:00	-0,07	0,46	0,85	1,17	1,24	1,07	0,60	0,01	-0,55	-1,16	-1,81	-2,39	-2,96	-3,35	-3,73	-3,97	-4,21	-4,46	-4,71	-4,91	-5,12	-0,12
04/04/2019 05:45:00	-0,09	0,61	0,99	1,26	1,29	1,02	0,52	-0,12	-0,76	-1,31	-1,87	-2,38	-2,89	-3,23	-3,57	-3,80	-4,04	-4,28	-4,52	-4,73	-4,93	-0,24
04/04/2019 05:50:00	-0,05	0,67	1,02	1,27	1,26	0,91	0,41	-0,22	-0,89	-1,42	-1,94	-2,41	-2,88	-3,19	-3,50	-3,72	-3,94	-4,17	-4,40	-4,60	-4,80	-0,31
04/04/2019 05:55:00	-0,03	0,41	0,84	1,25	1,37	1,17	0,66	0,01	-0,62	-1,22	-1,84	-2,40	-2,96	-3,33	-3,70	-3,95	-4,19	-4,44	-4,68	-4,88	-5,08	-0,06
04/04/2019 06:00:00	-0,07	0,53	0,88	1,16	1,22	1,05	0,61	0,07	-0,43	-1,05	-1,72	-2,31	-2,90	-3,29	-3,68	-3,92	-4,17	-4,42	-4,67	-4,88	-5,09	-0,01
04/04/2019 06:05:00	-0,11	0,39	0,80	1,18	1,31	1,14	0,68	0,05	-0,60	-1,19	-1,82	-2,40	-2,99	-3,39	-3,79	-4,07	-4,34	-4,61	-4,88	-5,09	-5,30	-0,04
04/04/2019 06:10:00	-0,16	0,19	0,52	0,87	1,05	0,96	0,57	0,04	-0,48	-1,04	-1,66	-2,24	-2,82	-3,23	-3,63	-3,90	-4,17	-4,44	-4,71	-4,92	-5,14	-0,24
04/04/2019 06:15:00	-0,25	0,13	0,58	0,96	1,09	1,04	0,68	0,16	-0,39	-1,03	-1,73	-2,36	-2,99	-3,41	-3,84	-4,10	-4,37	-4,63	-4,90	-5,11	-5,33	-0,26
04/04/2019 06:20:00	-0,48	0,00	0,45	0,83	0,94	0,73	0,35	-0,18	-0,72	-1,34	-2,00	-2,57	-3,14	-3,51	-3,87	-4,09	-4,32	-4,54	-4,77	-4,96	-5,16	-0,38
04/04/2019 06:25:00	-0,45	-0,01	0,30	0,68	0,92	0,92	0,64	0,19	-0,30	-0,91	-1,62	-2,29	-2,97	-3,46	-3,95	-4,26	-4,58	-4,89	-5,21	-5,45	-5,68	-0,39
04/04/2019 06:30:00	-0,46	-0,14	0,25	0,65	0,87	0,85	0,45	-0,10	-0,67	-1,25	-1,88	-2,50	-3,11	-3,54	-3,97	-4,25	-4,54	-4,82	-5,11	-5,33	-5,55	-0,27
04/04/2019 06:35:00	-0,50	-0,11	0,29	0,65	0,74	0,55	0,22	-0,29	-0,89	-1,50	-2,15	-2,73	-3,30	-3,68	-4,06	-4,30	-4,54	-4,78	-5,03	-5,23	-5,43	-0,54
04/04/2019 06:40:00	-0,38	-0,02	0,30	0,54	0,59	0,54	0,18	-0,31	-0,81	-1,40	-2,05	-2,62	-3,20	-3,58	-3,97	-4,21	-4,45	-4,71	-4,96	-5,17	-5,38	-0,53
04/04/2019 06:45:00	-0,50	-0,12	0,26	0,63	0,77	0,55	0,19	-0,33	-0,89	-1,49	-2,12	-2,69	-3,25	-3,62	-3,99	-4,23	-4,47	-4,70	-4,94	-5,14	-5,34	-0,59
04/04/2019 06:50:00	-0,39	-0,23	0,15	0,58	0,78	0,71	0,42	-0,11	-0,74	-1,34	-1,98	-2,59	-3,21	-3,63	-4,06	-4,35	-4,63	-4,91	-5,19	-5,41	-5,62	-0,24
04/04/2019 06:55:00	-0,48	-0,22	0,16	0,51	0,65	0,58	0,22	-0,33	-0,92	-1,50	-2,14	-2,72	-3,31	-3,71	-4,12	-4,38	-4,65	-4,91	-5,17	-5,38	-5,59	-0,17
04/04/2019 07:00:00	-0,44	-0,20	0,00	0,28	0,42	0,39	-0,06	-0,62	-1,13	-1,63	-2,17	-2,69	-3,21	-3,58	-3,95	-4,21	-4,47	-4,73	-5,00	-5,20	-5,41	-0,19
04/04/2019 07:05:00	-0,55	-0,23	0,01	0,30	0,45	0,37	0,03	-0,42	-0,86	-1,46	-2,12	-2,73	-3,34	-3,75	-4,16	-4,42	-4,68	-4,94	-5,21	-5,42	-5,63	-0,31
04/04/2019 07:10:00	-0,59	-0,28	-0,10	0,10	0,22	0,19	-0,07	-0,46	-0,88	-1,43	-2,05	-2,63	-3,21	-3,61	-4,02	-4,28	-4,54	-4,81	-5,08	-5,30	-5,52	-0,11
04/04/2019 07:15:00	-0,25	-0,08	0,20	0,45	0,54	0,52	0,32	-0,08	-0,61	-1,15	-1,73	-2,27	-2,81	-3,19	-3,56	-3,81	-4,06	-4,32	-4,58	-4,80	-5,01	-0,28
04/04/2019 07:20:00	-0,35	-0,11	0,27	0,60	0,67	0,51	0,14	-0,40	-0,98	-1,58	-2,21	-2,76	-3,32	-3,67	-4,03	-4,26	-4,48	-4,71	-4,94	-5,14	-5,33	-0,32
04/04/2019 07:25:00	-0,35	-0,19	0,17	0,59	0,79	0,64	0,26	-0,30	-0,87	-1,44	-2,04	-2,60	-3,16	-3,53	-3,90	-4,15	-4,40	-4,64	-4,88	-5,08	-5,28	-0,26
04/04/2019 07:30:00	-0,27	-0,19	0,08	0,50	0,80	0,70	0,44	0,01	-0,43	-1,04	-1,73	-2,38	-3,03	-3,48	-3,93	-4,21	-4,49	-4,76	-5,04	-5,26	-5,47	-0,26
04/04/2019 07:35:00	-0,19	-0,18	0,13	0,53	0,75	0,66	0,37	-0,14	-0,75	-1,32	-1,96	-2,56	-3,17	-3,59	-4,02	-4,30	-4,58	-4,86	-5,14	-5,35	-5,57	-0,23
04/04/2019 07:40:00	-0,09	0,02	0,21	0,40	0,43	0,36	0,05	-0,39	-0,84	-1,38	-1,99	-2,52	-3,05	-3,40	-3,75	-3,97	-4,19	-4,42	-4,66	-4,85	-5,05	-0,09
04/04/2019 07:45:00	-0,01	0,09	0,17	0,33	0,42	0,34	0,01	-0,41	-0,80	-1,31	-1,89	-2,41	-2,94	-3,29	-3,65	-3,89	-4,12	-4,37	-4,61	-4,82	-5,02	-0,04
04/04/2019 07:50:00	-0,12	0,00	0,28	0,55	0,63	0,59	0,23	-0,29	-0,83	-1,38	-1,98	-2,53	-3,08	-3,46	-3,83	-4,08	-4,33	-4,58	-4,83	-5,03	-5,24	-0,02
04/04/2019 07:55:00	-0,02	-0,06	0,07	0,36	0,56	0,47	0,17	-0,31	-0,83	-1,35	-1,92	-2,48	-3,05	-3,45	-3,85	-4,13	-4,41	-4,68	-4,96	-5,18	-5,39	0,18
04/04/2019 08:00:00	0,16	0,23	0,46	0,73	0,83	0,66	0,31	-0,19	-0,73	-1,27	-1,85	-2,37	-2,89	-3,24	-3,58	-3,81	-4,04	-4,28	-4,52	-4,71	-4,91	0,21
04/04/2019 08:05:00	0,24	0,16	0,33	0,60	0,76	0,71	0,48	0,06	-0,47	-1,01	-1,60	-2,17	-2,74	-3,15	-3,55	-3,83	-4,10	-4,37	-4,65	-4,87	-5,09	0,16
04/04/2019 08:10:00	0,17	0,18	0,36	0,58	0,67	0,60	0,38	-0,03	-0,57	-1,09	-1,66	-2,20	-2,74	-3,12	-3,50	-3,76	-4,02	-4,29	-4,55	-4,77	-4,98	0,28
04/04/2019 08:15:00	0,31	0,02	0,24	0,53	0,65	0,64	0,40	-0,02	-0,49	-1,04	-1,64	-2,19	-2,73	-3,10	-3,46	-3,69	-3,92	-4,16	-4,40	-4,60	-4,80	0,59
04/04/2019 08:20:00	0,35	0,20	0,29	0,48	0,56	0,44	0,17	-0,22	-0,65	-1,19	-1,78	-2,32	-2,86	-3,22	-3,57	-3,80	-4,03	-4,26	-4,50	-4,70	-4,89	0,59
04/04/2019 08:25:00	0,46	0,14	0,27	0,65	0,93	0,93	0,64	0,16	-0,37	-0,95	-1,60	-2,25	-2,89	-3,36	-3,82	-4,13	-4,43	-4,73	-5,03	-5,25	-5,48	0,67
04/04/2019 08:30:00	0,74	0,31	0,39	0,66	0,86	0,90	0,72	0,32	-0,19	-0,74	-1,36	-1,98	-2,60	-3,05	-3,50	-3,80	-4,10	-4,40	-4,70	-4,93	-5,16	0,73
04/04/2019 08:35:00	0,83	0,53	0,56	0,75	0,83	0,67	0,35	-0,13	-0,69	-1,16	-1,67	-2,15	-2,64	-2,97	-3,30	-3,54	-3,77	-4,01	-4,26	-4,45	-4,65	1,07
04/04/2019 08:40:00	0,91	0,68	0,68	0,80	0,84	0,65	0,34	-0,10	-0,59	-1,12	-1,71	-2,24	-2,77	-3,13	-3,48	-3,71	-3,95	-4,19	-4,43	-4,63	-4,83	1,31
04/04/2019 08:45:00	1,02	0,87	0,74	0,71	0,66	0,48	0,16	-0,26	-0,71	-1,20	-1,75	-2,26	-2,77	-3,12	-3,47	-3,71	-3,94	-4,19	-4,44	-4,64	-4,85	1,25
04/04/2019 08:50:00	1,25	1,09	0,89	0,81	0,74	0,50	0,18	-0,18	-0,50	-0,99	-1,56	-2,06	-2,55	-2,87	-3,20	-3,39	-3,59	-3,81	-4,04	-4,23	-4,43	1,25
04/04/2019 08:55:00	1,42	1,14	1,01	0,96	0,83	0,60	0,22	-0,24	-0,71	-1,19	-1,70	-2,15	-2,60	-2,89	-3,18	-3,38	-3,57	-3,78	-4,00	-4,19	-4,38	1,33
04/04/2019 09:00:00	1,43	1,11	0,92	0,72	0,52	0,36	0,09	-0,26	-0,66	-1,06	-1,49	-1,87	-2,25	-2,49	-2,74	-2,91	-3,09	-3,29	-3,49	-3,68	-3,87	1,31
04/04/2019 09:05:00	1,32	0,94	0,73	0,62	0,54	0,47	0,20	-0,19	-0,62	-1,07	-1,59	-2,09	-2,59	-2,94	-3,29	-3,53	-3,77	-4,03	-4,29	-4,51	-4,72	1,23
04/04/2019 09:10:00	1,35	1,15	0,90	0,75	0,64	0,40	0,07	-0,34	-0,80	-1,21	-1,65	-2,07	-2,49	-2,78	-3,08	-3,29	-3,51	-3,74	-3,98	-4,18	-4,38	1,28
04/04/2019 09:15:00	1,44	1,14	0,96	0,82	0,65	0,46	0,14	-0,26	-0,64	-1,14	-1,69	-2,17	-2,65	-2,96	-3,27	-3,46	-3,65	-3,87	-4,09	-4,28	-4,47	1,62
04/04/2019 09:20:00	1,59	1,34	1,12	0,94	0,76	0,57	0,15	-0,35	-0,82	-1,30	-1,83	-2,31	-2,79	-3,11	-3,44	-3,65	-3,87	-4,10	-4,34	-4,54	-4,74	2,44
04/04/2019 09:25:00	1,86	1,37	1,10	0,89	0,66	0,44	0,08	-0,37	-0,84	-1,29	-1,76	-2,17	-2,58	-2,85	-3,11	-3,29	-3,48	-3,69	-3,89	-4,08	-4,27	3,01
04/04/2019 09:30:00	2,02	1,50	1,14	0,90	0,75	0,63	0,35	-0,04	-0,47	-0,95	-1,50	-2,02	-2,55	-2,92	-3,29	-3,54	-3,79	-4,07	-4,34	-4,56	-4,78	2,76
04/04/2019 09:35:00	2,06	1,64	1,36	1,15	0,92	0,64	0,24	-0,24	-0,74	-1,22	-1,74	-2,20	-2,66	-2,96	-3,26	-3,46	-3,65	-3,88	-4,10	-4,29	-4,49	2,96
04/04/2019 09:40:00	2,26	1,77	1,45	1,20	0,98	0,79	0,46	0,02	-0,45	-0,95	-1,52	-2,05	-2,57	-2,93	-3,28	-3,52	-3,75	-4,00	-4,26	-4,47	-4,68	3,08
04/04/2019 09:45:00	2,43	1,93	1,53	1,24	0,98	0,67	0,21	-0,30	-0,76	-1,21	-1,68	-2,11	-2,54	-2,81	-3,09	-3,28	-3,47	-3,68	-3,90	-4,09	-4,28	2,61
04/04/2019 09:50:00	2,55	2,04	1,72	1,43	1,12	0,77	0,38	-0,08	-0,58	-1,10	-1,67	-2,15	-2,64	-2,94	-3,24	-3,43	-3,62	-3,83	-4,05	-4,24	-4,43	2,91
04/04/2019 09:55:00	2,69	2,24	1,85	1,51	1,19	0,80	0,38	-0,07	-0,51	-1,05	-1,66	-2,18	-2,69	-3,01	-3,33	-3,51	-3,70	-3,91	-4,13	-4,32	-4,51	3,23
04/04/2019 10:00:00	2,73	2,28	1,92	1,56	1,19	0,87	0,38	-0,17	-0,71	-1,19	-1,68	-2,12	-2,55	-2,83	-3,11	-3,30	-3,49	-3,71	-3,93	-4,12	-4,31	3,31
04/04/2019 10:05:00	2,90	2,48	2,01	1,59	1,20	0,78	0,26	-0,27	-0,72	-1,19	-1,68	-2,09	-2,50	-2,75	-3,00	-3,16	-3,32	-3,51	-3,71	-3,89	-4,07	3,34
04/04/2019 10:10:00	3,28	2,82	2,37	1,95	1,57	1,18	0,78	0,33	-0,21	-0,73	-1,28	-1,77	-2,26	-2,58	-2,91	-3,12	-3,32	-3,57	-3,81	-4,01	-4,22	3,32
04/04/2019 10:15:00	3,33	2,94	2,50	2,11	1,73	1,24	0,66	0,07	-0,39	-0,88	-1,40	-1,82	-2,24	-2,50	-2,75	-2,90	-3,06	-3,25	-3,44	-3,62	-3,80	3,43
04/04/2019 10:20:00	3,40	3,05	2,63	2,18	1,72	1,21	0,73	0,23	-0,32	-0,82	-1,33	-1,75	-2,17	-2,42	-2,67	-2,83	-3,00	-3,19	-3,39	-3,58	-3,77	4,21
04/04/2019 10:25:00	3,59	3,16	2,76	2,36	1,88	1,29	0,62	-0,07	-0,67	-1,17	-1,64	-2,01	-2,38	-2,58	-2,78	-2,91	-3,04	-3,21	-3,37	-3,53	-3,70	3,98
04/04/2019 10:30:00	3,58	3,07	2,62	2,24	1,87	1,45	0,89	0,31	-0,13	-0,65	-1,24	-1,72	-2,21	-2,51	-2,81	-2,98	-3,16	-3,37	-3,58	-3,77	-3,95	4,03
04/04/2019 10:35:00	3,74	3,22	2,85	2,48	2,00	1,43	0,80	0,13	-0,52	-1,07	-1,61	-2,05	-2,49	-2,74	-2,99	-3,15	-3,31	-3,50	-3,68	-3,86	-4,03	4,08
04/04/2019 10:40:00	3,82	3,39	2,94	2,51	2,07	1,50	0,89	0,27	-0,32	-0,84	-1,34	-1,77	-2,19	-2,44	-2,69	-2,86	-3,03	-3,23	-3,43	-3,61	-3,80	4,62
04/04/2019 10:45:00	4,00	3,40	2,97	2,55	2,09	1,60	1,07	0,52	0,00	-0,56	-1,16	-1,64	-2,13	-2,41	-2,70	-2,86	-3,03	-3,23	-3,43	-3,61	-3,79	4,65
04/04/2019 10:50:00	4,08	3,45	2,97	2,54	2,12	1,65	1,16	0,64	0,14	-0,39	-0,96	-1,43	-1,91	-2,20	-2,49	-2,67	-2,85	-3,06	-3,27	-3,46	-3,65	5,21
04/04/2019 10:55:00	4,11	3,65	3,21	2,78	2,30	1,80	1,16	0,46	-0,18	-0,71	-1,23	-1,68	-2,12	-2,40	-2,68	-2,87	-3,06	-3,28	-3,50	-3,69	-3,88	4,20
04/04/2019 11:00:00	4,12	3,69	3,32	2,98	2,55	1,91	1,22	0,50	-0,17	-0,74	-1,29	-1,74	-2,20	-2,47	-2,73	-2,91	-3,08	-3,27	-3,47	-3,65	-3,83	4,35
04/04/2019 11:05:00	4,19	3,60	3,22	2,90	2,50	2,01	1,35	0,63	0,06	-0,54	-1,19	-1,72	-2,26	-2,59	-2,91	-3,10	-3,30	-3,51	-3,73	-3,91	-4,10	4,16
04/04/2019 11:10:00	4,14	3,76	3,32	2,84	2,33	1,86	1,31	0,72	0,08	-0,46	-1,01	-1,48	-1,95	-2,25	-2,56	-2,76	-2,97	-3,20	-3,44	-3,64	-3,85	4,64
04/04/2019 11:15:00	4,21	3,75	3,43	3,09	2,60	2,01	1,31	0,58	-0,04	-0,63	-1,24	-1,71	-2,18	-2,45	-2,71	-2,86	-3,01	-3,19	-3,37	-3,55	-3,72	4,23
04/04/2019 11:20:00	4,35	3,74	3,34	3,04	2,65	2,06	1,37	0,64	0,05	-0,52	-1,11	-1,59	-2,07	-2,35	-2,63	-2,80	-2,97	-3,16	-3,35	-3,53	-3,70	4,45
04/04/2019 11:25:00	4,39	4,00	3,57	3,18	2,75	2,19	1,49	0,76	0,13	-0,44	-1,02	-1,52	-2,02	-2,33	-2,63	-2,83	-3,03	-3,26	-3,48	-3,68	-3,87	4,65
04/04/2019 11:30:00	4,34	4,07	3,58	3,05	2,47	1,86	1,27	0,70	0,10	-0,46	-1,01	-1,46	-1,90	-2,17	-2,44	-2,60	-2,77	-2,97	-3,18	-3,37	-3,56	4,51
04/04/2019 11:35:00	4,44	3,94	3,41	2,99	2,63	2,20	1,60	0,95	0,36	-0,16	-0,71	-1,22	-1,72	-2,07	-2,42	-2,66	-2,90	-3,16	-3,42	-3,64	-3,85	4,50
04/04/2019 11:40:00	4,66	4,01	3,58	3,17	2,65	2,08	1,37	0,64	0,04	-0,50	-1,02	-1,43	-1,84	-2,06	-2,28	-2,42	-2,56	-2,73	-2,90	-3,07	-3,24	5,03
04/04/2019 11:45:00	4,71	4,12	3,61	3,20	2,81	2,31	1,70	1,03	0,46	-0,11	-0,71	-1,25	-1,78	-2,13	-2,47	-2,70	-2,92	-3,17	-3,41	-3,62	-3,82	5,57
04/04/2019 11:50:00	4,88	4,16	3,70	3,33	2,90	2,38	1,72	1,00	0,32	-0,22	-0,74	-1,19	-1,64	-1,91	-2,19	-2,39	-2,58	-2,80	-3,01	-3,20	-3,39	6,16
04/04/2019 11:55:00	4,87	4,26	3,87	3,58	3,24	2,75	2,03	1,22	0,55	-0,06	-0,70	-1,27	-1,84	-2,21	-2,58	-2,82	-3,06	-3,32	-3,57	-3,78	-3,98	5,38
04/04/2019 12:00:00	4,91	4,36	3,81	3,34	2,91	2,42	1,83	1,20	0,58	0,06	-0,45	-0,92	-1,38	-1,69	-2,00	-2,22	-2,45	-2,69	-2,94	-3,15	-3,36	4,96
04/04/2019 12:05:00	4,87	4,32	3,84	3,39	2,93	2,46	1,91	1,31	0,73	0,13	-0,52	-1,08	-1,64	-2,01	-2,37	-2,60	-2,83	-3,08	-3,33	-3,55	-3,76	5,31
04/04/2019 12:10:00	4,87	4,30	3,74	3,20	2,68	2,23	1,69	1,11	0,58	0,02	-0,58	-1,09	-1,60	-1,93	-2,26	-2,47	-2,68	-2,93	-3,17	-3,38	-3,59	5,28
04/04/2019 12:15:00	4,96	4,53	4,13	3,71	3,20	2,68	2,01	1,29	0,63	0,01	-0,64	-1,18	-1,73	-2,08	-2,42	-2,64	-2,86	-3,10	-3,34	-3,55	-3,75	5,85
04/04/2019 12:20:00	4,99	4,55	4,04	3,45	2,81	2,27	1,65	1,01	0,35	-0,20	-0,72	-1,16	-1,60	-1,86	-2,13	-2,32	-2,50	-2,71	-2,93	-3,13	-3,33	5,40
04/04/2019 12:25:00	5,18	4,29	3,68	3,22	2,83	2,36	1,83	1,27	0,82	0,31	-0,27	-0,76	-1,24	-1,54	-1,84	-2,03	-2,22	-2,43	-2,65	-2,84	-3,04	5,46
04/04/2019 12:30:00	5,17	4,30	3,84	3,40	2,86	2,34	1,72	1,06	0,46	-0,09	-0,65	-1,10	-1,55	-1,80	-2,06	-2,21	-2,37	-2,56	-2,74	-2,92	-3,10	5,33
04/04/2019 12:35:00	4,87	4,32	3,94	3,61	3,22	2,72	2,11	1,45	0,84	0,23	-0,41	-0,96	-1,51	-1,86	-2,20	-2,42	-2,64	-2,88	-3,12	-3,33	-3,53	5,61
04/04/2019 12:40:00	4,86	4,48	4,03	3,59	3,06	2,34	1,65	0,99	0,34	-0,24	-0,83	-1,28	-1,74	-2,00	-2,26	-2,42	-2,57	-2,76	-2,95	-3,13	-3,31	5,27
04/04/2019 12:45:00	5,06	4,51	4,08	3,62	3,10	2,61	1,95	1,22	0,53	-0,07	-0,66	-1,18	-1,70	-2,03	-2,36	-2,58	-2,80	-3,04	-3,29	-3,49	-3,70	5,08
04/04/2019 12:50:00	5,19	4,57	3,98	3,39	2,83	2,30	1,78	1,26	0,68	0,16	-0,37	-0,81	-1,25	-1,53	-1,81	-2,00	-2,18	-2,41	-2,63	-2,83	-3,04	5,68
04/04/2019 12:55:00	5,19	4,48	3,80	3,17	2,66	2,20	1,72	1,23	0,74	0,22	-0,36	-0,86	-1,37	-1,70	-2,03	-2,24	-2,46	-2,70	-2,95	-3,17	-3,38	6,28
04/04/2019 13:00:00	5,10	4,54	4,09	3,67	3,17	2,56	1,92	1,25	0,60	0,01	-0,59	-1,08	-1,56	-1,86	-2,15	-2,34	-2,53	-2,74	-2,96	-3,15	-3,34	5,22
04/04/2019 13:05:00	5,06	4,45	3,87	3,37	2,94	2,47	1,96	1,40	0,74	0,18	-0,38	-0,91	-1,43	-1,80	-2,17	-2,43	-2,69	-2,97	-3,25	-3,48	-3,70	5,02
04/04/2019 13:10:00	5,20	4,34	3,72	3,30	3,00	2,52	1,97	1,39	0,90	0,36	-0,25	-0,80	-1,35	-1,71	-2,07	-2,30	-2,53	-2,78	-3,03	-3,24	-3,45	5,22
04/04/2019 13:15:00	5,26	4,76	4,24	3,65	2,95	2,22	1,56	0,95	0,27	-0,30	-0,82	-1,21	-1,60	-1,81	-2,02	-2,15	-2,28	-2,45	-2,62	-2,79	-2,97	5,02
04/04/2019 13:20:00	5,12	4,34	3,81	3,41	3,04	2,58	2,03	1,44	0,87	0,36	-0,17	-0,64	-1,10	-1,41	-1,71	-1,92	-2,13	-2,37	-2,60	-2,81	-3,01	5,33
04/04/2019 13:25:00	5,20	4,45	3,97	3,64	3,33	2,88	2,28	1,62	1,14	0,53	-0,20	-0,83	-1,46	-1,86	-2,26	-2,49	-2,73	-2,98	-3,23	-3,44	-3,65	6,03
04/04/2019 13:30:00	5,31	4,60	4,20	3,89	3,53	2,89	2,22	1,52	0,89	0,27	-0,39	-0,94	-1,49	-1,81	-2,14	-2,34	-2,54	-2,75	-2,97	-3,16	-3,34	5,33
04/04/2019 13:35:00	5,32	4,60	4,10	3,73	3,33	2,78	2,15	1,47	0,80	0,25	-0,29	-0,76	-1,23	-1,54	-1,84	-2,05	-2,26	-2,50	-2,73	-2,93	-3,13	5,05
04/04/2019 13:40:00	5,45	4,83	4,38	3,93	3,36	2,75	2,00	1,22	0,50	-0,08	-0,62	-1,07	-1,51	-1,77	-2,04	-2,21	-2,39	-2,59	-2,79	-2,98	-3,16	5,33
04/04/2019 13:45:00	5,49	4,72	4,17	3,68	3,21	2,72	2,18	1,61	1,07	0,54	-0,04	-0,52	-1,00	-1,30	-1,61	-1,80	-2,00	-2,22	-2,45	-2,65	-2,85	6,30
04/04/2019 13:50:00	5,46	4,95	4,36	3,83	3,35	2,91	2,34	1,73	1,17	0,67	0,18	-0,26	-0,71	-1,01	-1,31	-1,53	-1,76	-2,01	-2,26	-2,48	-2,69	5,93
04/04/2019 13:55:00	5,49	4,89	4,43	3,97	3,42	2,83	2,18	1,51	0,91	0,38	-0,14	-0,55	-0,95	-1,18	-1,42	-1,57	-1,72	-1,90	-2,09	-2,27	-2,45	5,72
04/04/2019 14:00:00	5,72	5,29	4,75	4,20	3,64	2,96	2,26	1,58	1,01	0,45	-0,15	-0,63	-1,10	-1,38	-1,66	-1,83	-2,00	-2,21	-2,42	-2,61	-2,80	5,83
04/04/2019 14:05:00	5,83	4,88	4,51	4,22	3,76	3,19	2,49	1,72	1,07	0,45	-0,21	-0,73	-1,26	-1,55	-1,85	-2,02	-2,19	-2,39	-2,58	-2,76	-2,93	5,86
04/04/2019 14:10:00	5,72	4,87	4,37	3,99	3,57	3,07	2,46	1,80	1,20	0,67	0,14	-0,31	-0,76	-1,04	-1,31	-1,50	-1,69	-1,90	-2,11	-2,30	-2,49	5,95
04/04/2019 14:15:00	5,80	4,91	4,36	3,98	3,69	3,45	3,02	2,47	1,92	1,35	0,70	0,08	-0,54	-1,00	-1,45	-1,75	-2,06	-2,38	-2,70	-2,95	-3,20	5,41
04/04/2019 14:20:00	5,85	5,07	4,53	4,12	3,77	3,34	2,86	2,33	1,75	1,14	0,44	-0,19	-0,82	-1,25	-1,68	-1,96	-2,23	-2,53	-2,82	-3,06	-3,29	6,24
04/04/2019 14:25:00	5,86	5,17	4,71	4,26	3,73	3,17	2,52	1,86	1,32	0,76	0,14	-0,34	-0,82	-1,10	-1,37	-1,53	-1,70	-1,89	-2,08	-2,27	-2,45	5,48
04/04/2019 14:30:00	5,88	5,43	5,06	4,71	4,23	3,52	2,70	1,86	1,15	0,49	-0,19	-0,74	-1,30	-1,63	-1,95	-2,15	-2,35	-2,57	-2,79	-2,99	-3,18	5,80
04/04/2019 14:35:00	5,92	5,33	4,78	4,18	3,51	2,98	2,34	1,68	1,10	0,55	0,00	-0,45	-0,90	-1,17	-1,43	-1,60	-1,78	-1,99	-2,20	-2,39	-2,58	6,43
04/04/2019 14:40:00	6,03	5,49	4,99	4,49	3,92	3,21	2,49	1,77	1,09	0,50	-0,07	-0,53	-0,99	-1,25	-1,52	-1,69	-1,87	-2,07	-2,27	-2,46	-2,65	5,97
04/04/2019 14:45:00	6,06	5,41	4,88	4,34	3,79	3,54	3,11	2,58	1,95	1,36	0,75	0,18	-0,39	-0,81	-1,22	-1,50	-1,78	-2,10	-2,41	-2,66	-2,91	7,32
04/04/2019 14:50:00	5,94	5,27	4,78	4,37	3,92	3,48	2,89	2,22	1,60	1,03	0,45	-0,07	-0,59	-0,93	-1,27	-1,51	-1,74	-2,00	-2,25	-2,47	-2,69	6,87
04/04/2019 14:55:00	6,11	5,50	5,03	4,60	4,10	3,47	2,77	2,05	1,38	0,83	0,31	-0,12	-0,55	-0,81	-1,06	-1,24	-1,42	-1,63	-1,84	-2,02	-2,21	5,96
04/04/2019 15:00:00	6,17	5,61	5,00	4,42	3,91	3,36	2,74	2,11	1,59	1,06	0,49	0,00	-0,49	-0,81	-1,12	-1,32	-1,53	-1,77	-2,00	-2,21	-2,42	7,30
04/04/2019 15:05:00	6,00	5,31	4,82	4,37	3,89	3,37	2,82	2,26	1,73	1,18	0,58	0,08	-0,41	-0,71	-1,02	-1,21	-1,39	-1,61	-1,84	-2,04	-2,24	6,25
04/04/2019 15:10:00	6,20	5,57	5,12	4,69	4,17	3,53	2,82	2,11	1,51	0,91	0,27	-0,24	-0,75	-1,05	-1,34	-1,52	-1,69	-1,89	-2,09	-2,28	-2,47	6,11
04/04/2019 15:15:00	6,05	5,46	4,88	4,36	3,93	3,39	2,84	2,28	1,75	1,21	0,64	0,13	-0,37	-0,70	-1,04	-1,26	-1,48	-1,73	-1,98	-2,20	-2,41	6,92
04/04/2019 15:20:00	6,02	5,53	5,09	4,65	4,15	3,52	2,89	2,25	1,64	1,04	0,41	-0,10	-0,61	-0,93	-1,24	-1,44	-1,63	-1,86	-2,08	-2,28	-2,49	6,71
04/04/2019 15:25:00	6,25	5,48	4,98	4,61	4,23	3,73	3,20	2,64	2,03	1,42	0,77	0,19	-0,38	-0,76	-1,14	-1,38	-1,62	-1,89	-2,16	-2,38	-2,60	7,12
04/04/2019 15:30:00	6,47	5,51	4,96	4,64	4,36	3,85	3,24	2,57	1,99	1,42	0,79	0,24	-0,32	-0,69	-1,06	-1,30	-1,54	-1,80	-2,06	-2,27	-2,48	6,92
04/04/2019 15:35:00	6,03	5,48	4,95	4,48	4,07	3,51	3,00	2,47	1,82	1,26	0,71	0,21	-0,29	-0,63	-0,97	-1,22	-1,46	-1,73	-2,00	-2,22	-2,45	6,40
04/04/2019 15:40:00	6,10	5,42	4,88	4,50	4,20	3,84	3,33	2,71	2,15	1,59	0,96	0,37	-0,22	-0,65	-1,07	-1,36	-1,65	-1,96	-2,27	-2,51	-2,75	6,53
04/04/2019 15:45:00	6,31	5,74	5,15	4,61	4,15	3,78	3,30	2,77	2,24	1,68	1,05	0,47	-0,11	-0,52	-0,93	-1,20	-1,47	-1,78	-2,08	-2,32	-2,57	7,62
04/04/2019 15:50:00	6,34	5,87	5,40	4,94	4,43	3,78	3,12	2,46	1,79	1,21	0,66	0,20	-0,26	-0,55	-0,83	-1,03	-1,23	-1,46	-1,69	-1,89	-2,09	7,15
04/04/2019 15:55:00	6,15	5,83	5,34	4,78	4,15	3,57	2,90	2,24	1,74	1,20	0,61	0,15	-0,31	-0,57	-0,84	-1,00	-1,16	-1,37	-1,57	-1,77	-1,96	7,61
04/04/2019 16:00:00	6,35	5,59	5,08	4,69	4,31	3,87	3,35	2,75	2,14	1,57	0,99	0,46	-0,07	-0,43	-0,79	-1,04	-1,29	-1,56	-1,84	-2,06	-2,29	6,57
04/04/2019 16:05:00	6,19	5,54	5,01	4,54	4,11	3,64	3,12	2,56	1,98	1,48	1,01	0,58	0,16	-0,13	-0,41	-0,63	-0,84	-1,09	-1,33	-1,54	-1,76	6,98
04/04/2019 16:10:00	6,24	5,56	5,12	4,79	4,49	4,06	3,45	2,73	2,13	1,55	0,95	0,39	-0,17	-0,55	-0,94	-1,20	-1,47	-1,75	-2,02	-2,25	-2,47	6,58
04/04/2019 16:15:00	6,42	5,71	5,20	4,79	4,35	3,86	3,26	2,61	1,98	1,42	0,84	0,34	-0,16	-0,49	-0,82	-1,05	-1,28	-1,53	-1,78	-2,00	-2,21	6,61
04/04/2019 16:20:00	6,12	5,68	5,28	4,91	4,49	3,92	3,29	2,64	2,03	1,47	0,91	0,43	-0,05	-0,35	-0,66	-0,87	-1,08	-1,31	-1,54	-1,75	-1,96	6,21
04/04/2019 16:25:00	6,38	5,67	5,24	4,87	4,43	3,87	3,24	2,57	1,90	1,34	0,81	0,36	-0,09	-0,37	-0,65	-0,85	-1,05	-1,27	-1,50	-1,70	-1,90	6,52
04/04/2019 16:30:00	6,34	5,99	5,40	4,76	4,17	3,67	3,12	2,57	2,00	1,50	1,02	0,60	0,18	-0,10	-0,39	-0,60	-0,81	-1,06	-1,31	-1,53	-1,75	7,37
04/04/2019 16:35:00	6,43	5,87	5,40	4,94	4,41	3,93	3,32	2,65	1,95	1,38	0,85	0,37	-0,10	-0,42	-0,74	-0,97	-1,20	-1,46	-1,72	-1,93	-2,15	7,97
04/04/2019 16:40:00	6,50	5,82	5,35	4,97	4,63	4,26	3,77	3,19	2,55	1,92	1,24	0,60	-0,04	-0,50	-0,96	-1,27	-1,57	-1,90	-2,22	-2,48	-2,73	7,18
04/04/2019 16:45:00	6,41	5,95	5,47	5,01	4,55	3,99	3,39	2,77	2,17	1,58	0,95	0,40	-0,14	-0,50	-0,86	-1,09	-1,33	-1,59	-1,85	-2,07	-2,30	6,92
04/04/2019 16:50:00	6,49	5,79	5,32	4,94	4,55	3,95	3,30	2,62	2,08	1,52	0,90	0,40	-0,11	-0,42	-0,72	-0,92	-1,11	-1,33	-1,55	-1,74	-1,94	6,70
04/04/2019 16:55:00	6,34	5,84	5,43	4,97	4,38	3,86	3,23	2,57	1,91	1,34	0,79	0,33	-0,12	-0,40	-0,67	-0,86	-1,05	-1,27	-1,50	-1,70	-1,90	6,52
04/04/2019 17:00:00	6,23	5,82	5,34	4,83	4,33	3,86	3,36	2,83	2,26	1,70	1,10	0,58	0,06	-0,29	-0,64	-0,88	-1,11	-1,38	-1,65	-1,88	-2,11	5,83
04/04/2019 17:05:00	6,02	5,68	5,34	4,99	4,54	3,93	3,30	2,65	2,01	1,43	0,85	0,37	-0,11	-0,41	-0,71	-0,91	-1,10	-1,33	-1,56	-1,76	-1,96	5,88
04/04/2019 17:10:00	5,96	5,72	5,34	4,89	4,38	3,91	3,28	2,63	2,13	1,60	0,99	0,49	0,00	-0,31	-0,62	-0,82	-1,02	-1,25	-1,48	-1,69	-1,89	5,88
04/04/2019 17:15:00	6,00	5,61	5,26	4,86	4,36	3,82	3,22	2,59	1,98	1,42	0,87	0,42	-0,03	-0,31	-0,59	-0,78	-0,97	-1,19	-1,41	-1,61	-1,81	5,90
04/04/2019 17:20:00	5,89	5,64	5,19	4,75	4,35	3,84	3,26	2,67	2,13	1,60	1,03	0,54	0,05	-0,28	-0,62	-0,84	-1,07	-1,33	-1,59	-1,81	-2,03	5,94
04/04/2019 17:25:00	5,89	5,56	5,16	4,75	4,32	3,86	3,30	2,69	2,06	1,51	0,97	0,48	-0,01	-0,35	-0,68	-0,92	-1,16	-1,43	-1,70	-1,92	-2,15	5,81
04/04/2019 17:30:00	5,89	5,59	5,20	4,83	4,44	3,92	3,29	2,62	2,05	1,48	0,87	0,34	-0,18	-0,53	-0,87	-1,10	-1,33	-1,58	-1,83	-2,05	-2,27	5,86
04/04/2019 17:35:00	5,81	5,63	5,23	4,76	4,29	3,92	3,40	2,81	2,26	1,70	1,09	0,54	-0,01	-0,39	-0,78	-1,04	-1,30	-1,59	-1,88	-2,12	-2,36	5,97
04/04/2019 17:40:00	5,83	5,63	5,24	4,78	4,27	3,76	3,20	2,62	2,06	1,49	0,87	0,36	-0,15	-0,48	-0,81	-1,03	-1,24	-1,49	-1,74	-1,96	-2,18	6,16
04/04/2019 17:45:00	5,76	5,40	5,05	4,69	4,28	3,83	3,24	2,59	2,03	1,45	0,80	0,25	-0,30	-0,66	-1,02	-1,25	-1,48	-1,74	-2,00	-2,21	-2,43	5,60
04/04/2019 17:50:00	5,75	5,55	5,17	4,72	4,17	3,55	2,86	2,16	1,52	0,99	0,48	0,07	-0,34	-0,59	-0,83	-1,00	-1,18	-1,38	-1,59	-1,79	-1,98	5,83
04/04/2019 17:55:00	5,68	5,33	5,01	4,69	4,32	3,88	3,32	2,68	2,04	1,44	0,82	0,26	-0,29	-0,67	-1,04	-1,30	-1,56	-1,83	-2,11	-2,34	-2,56	5,59
04/04/2019 18:00:00	5,63	5,41	5,02	4,59	4,11	3,61	2,99	2,34	1,81	1,27	0,69	0,21	-0,27	-0,58	-0,88	-1,08	-1,28	-1,51	-1,75	-1,96	-2,16	5,55
04/04/2019 18:05:00	5,44	5,30	4,84	4,27	3,72	3,14	2,57	2,03	1,54	1,05	0,53	0,11	-0,30	-0,55	-0,80	-0,96	-1,13	-1,33	-1,54	-1,74	-1,94	5,52
04/04/2019 18:10:00	5,36	5,06	4,80	4,52	4,11	3,54	2,91	2,25	1,59	1,01	0,44	-0,04	-0,51	-0,80	-1,09	-1,29	-1,49	-1,71	-1,93	-2,13	-2,33	5,35
04/04/2019 18:15:00	5,34	5,21	4,78	4,33	3,85	3,24	2,60	1,96	1,34	0,82	0,32	-0,10	-0,52	-0,79	-1,06	-1,26	-1,46	-1,69	-1,92	-2,12	-2,33	5,58
04/04/2019 18:20:00	5,26	4,99	4,65	4,32	3,96	3,49	2,87	2,20	1,59	1,04	0,49	0,00	-0,49	-0,81	-1,14	-1,37	-1,60	-1,85	-2,11	-2,32	-2,53	5,37
04/04/2019 18:25:00	5,30	5,04	4,60	4,12	3,65	3,14	2,58	2,00	1,44	0,95	0,48	0,07	-0,33	-0,60	-0,86	-1,05	-1,25	-1,47	-1,70	-1,91	-2,11	5,52
04/04/2019 18:30:00	5,35	4,98	4,59	4,19	3,73	3,24	2,69	2,12	1,56	1,03	0,50	0,06	-0,39	-0,67	-0,95	-1,14	-1,33	-1,55	-1,78	-1,98	-2,18	5,73
04/04/2019 18:35:00	5,31	4,88	4,50	4,18	3,82	3,31	2,72	2,09	1,51	1,00	0,50	0,07	-0,36	-0,63	-0,91	-1,11	-1,30	-1,53	-1,75	-1,95	-2,15	5,66
04/04/2019 18:40:00	5,24	4,91	4,60	4,28	3,85	3,34	2,69	1,99	1,36	0,83	0,33	-0,10	-0,53	-0,79	-1,05	-1,24	-1,43	-1,65	-1,86	-2,06	-2,25	5,37
04/04/2019 18:45:00	5,24	4,96	4,62	4,16	3,58	3,04	2,41	1,77	1,22	0,74	0,27	-0,08	-0,43	-0,62	-0,81	-0,95	-1,08	-1,25	-1,42	-1,60	-1,78	5,55
04/04/2019 18:50:00	5,14	4,84	4,51	4,19	3,82	3,39	2,77	2,08	1,47	0,93	0,40	-0,07	-0,54	-0,86	-1,17	-1,40	-1,62	-1,87	-2,12	-2,33	-2,54	5,32
04/04/2019 18:55:00	5,04	4,82	4,49	4,11	3,65	3,17	2,59	1,98	1,39	0,87	0,36	-0,08	-0,51	-0,78	-1,06	-1,25	-1,44	-1,66	-1,89	-2,09	-2,30	5,18
04/04/2019 19:00:00	4,94	4,72	4,42	4,12	3,74	3,23	2,62	1,98	1,42	0,90	0,37	-0,07	-0,51	-0,78	-1,05	-1,24	-1,43	-1,64	-1,86	-2,05	-2,25	4,88
04/04/2019 19:05:00	4,82	4,74	4,38	3,93	3,46	2,96	2,46	1,95	1,45	0,96	0,44	0,02	-0,39	-0,66	-0,92	-1,10	-1,28	-1,50	-1,72	-1,92	-2,12	4,85
04/04/2019 19:10:00	4,81	4,62	4,40	4,06	3,56	3,01	2,40	1,79	1,18	0,64	0,12	-0,28	-0,68	-0,91	-1,13	-1,28	-1,43	-1,61	-1,80	-1,98	-2,16	4,88
04/04/2019 19:15:00	4,65	4,60	4,37	4,01	3,53	3,09	2,49	1,85	1,33	0,80	0,24	-0,22	-0,67	-0,94	-1,21	-1,39	-1,56	-1,77	-1,99	-2,18	-2,38	4,63
04/04/2019 19:20:00	4,48	4,54	4,29	3,89	3,39	2,81	2,19	1,59	1,04	0,54	0,04	-0,33	-0,71	-0,93	-1,14	-1,28	-1,43	-1,61	-1,79	-1,97	-2,16	4,51
04/04/2019 19:25:00	4,48	4,39	4,10	3,74	3,31	2,82	2,29	1,77	1,28	0,79	0,27	-0,13	-0,54	-0,78	-1,02	-1,18	-1,34	-1,54	-1,74	-1,93	-2,12	4,35
04/04/2019 19:30:00	4,36	4,30	3,99	3,60	3,14	2,62	2,04	1,46	0,93	0,47	0,04	-0,31	-0,65	-0,85	-1,06	-1,20	-1,35	-1,54	-1,72	-1,91	-2,09	4,36
04/04/2019 19:35:00	4,24	4,15	3,95	3,66	3,23	2,65	2,10	1,54	0,91	0,41	-0,03	-0,38	-0,74	-0,94	-1,14	-1,29	-1,44	-1,63	-1,81	-1,99	-2,18	4,26
04/04/2019 19:40:00	4,18	4,19	3,94	3,60	3,20	2,72	2,15	1,58	1,11	0,59	0,03	-0,43	-0,88	-1,16	-1,43	-1,60	-1,78	-1,99	-2,19	-2,39	-2,58	4,11
04/04/2019 19:45:00	4,06	4,07	3,78	3,43	3,03	2,51	2,02	1,55	1,05	0,54	0,01	-0,41	-0,84	-1,10	-1,36	-1,53	-1,71	-1,92	-2,12	-2,32	-2,52	4,03
04/04/2019 19:50:00	3,86	4,00	3,81	3,50	3,09	2,60	2,05	1,50	1,01	0,49	-0,05	-0,47	-0,90	-1,15	-1,41	-1,57	-1,73	-1,93	-2,13	-2,32	-2,52	3,73
04/04/2019 19:55:00	3,82	3,88	3,76	3,52	3,15	2,68	2,10	1,49	0,96	0,46	-0,05	-0,46	-0,86	-1,10	-1,34	-1,51	-1,67	-1,86	-2,05	-2,24	-2,43	3,61
04/04/2019 20:00:00	3,80	3,78	3,63	3,44	3,15	2,78	2,31	1,78	1,21	0,69	0,18	-0,28	-0,73	-1,04	-1,34	-1,56	-1,78	-2,02	-2,26	-2,47	-2,68	3,58
04/04/2019 20:05:00	3,75	3,81	3,63	3,43	3,13	2,65	2,12	1,56	0,99	0,50	0,03	-0,37	-0,77	-1,02	-1,28	-1,46	-1,64	-1,86	-2,07	-2,26	-2,46	3,33
04/04/2019 20:10:00	3,62	3,73	3,71	3,56	3,18	2,70	2,07	1,38	0,74	0,25	-0,19	-0,54	-0,88	-1,08	-1,28	-1,43	-1,58	-1,76	-1,94	-2,12	-2,29	3,23
04/04/2019 20:15:00	3,18	3,46	3,37	3,12	2,76	2,34	1,80	1,22	0,62	0,16	-0,27	-0,64	-1,01	-1,25	-1,49	-1,68	-1,86	-2,08	-2,29	-2,49	-2,69	3,20
04/04/2019 20:20:00	3,17	3,41	3,38	3,21	2,84	2,31	1,78	1,23	0,72	0,16	-0,43	-0,88	-1,32	-1,57	-1,82	-1,96	-2,11	-2,29	-2,47	-2,65	-2,83	3,04
04/04/2019 20:25:00	3,10	3,40	3,32	3,07	2,69	2,28	1,84	1,35	0,78	0,30	-0,18	-0,57	-0,96	-1,22	-1,47	-1,66	-1,84	-2,06	-2,28	-2,48	-2,68	2,78
04/04/2019 20:30:00	2,82	3,12	3,06	2,92	2,65	2,22	1,66	1,05	0,50	-0,01	-0,53	-0,97	-1,41	-1,69	-1,97	-2,16	-2,35	-2,57	-2,79	-2,99	-3,18	2,84
04/04/2019 20:35:00	2,76	3,27	3,16	2,84	2,39	1,86	1,29	0,72	0,15	-0,29	-0,70	-1,00	-1,31	-1,49	-1,67	-1,81	-1,95	-2,13	-2,31	-2,49	-2,67	2,63
04/04/2019 20:40:00	2,69	3,20	3,13	2,85	2,46	2,00	1,46	0,92	0,41	-0,07	-0,55	-0,94	-1,32	-1,55	-1,79	-1,95	-2,11	-2,31	-2,51	-2,70	-2,89	2,67
04/04/2019 20:45:00	2,73	3,10	3,20	3,12	2,79	2,25	1,64	0,99	0,37	-0,17	-0,71	-1,12	-1,52	-1,75	-1,98	-2,12	-2,27	-2,45	-2,62	-2,80	-2,97	2,52
04/04/2019 20:50:00	2,68	3,28	3,25	2,95	2,49	1,99	1,39	0,81	0,31	-0,19	-0,69	-1,06	-1,43	-1,64	-1,85	-1,98	-2,12	-2,29	-2,47	-2,65	-2,83	2,73
04/04/2019 20:55:00	2,65	3,15	3,15	2,99	2,65	2,11	1,48	0,86	0,30	-0,20	-0,70	-1,08	-1,46	-1,68	-1,90	-2,05	-2,20	-2,39	-2,57	-2,75	-2,93	2,78
04/04/2019 21:00:00	2,57	3,06	3,05	2,89	2,59	2,16	1,61	1,03	0,50	-0,02	-0,56	-1,00	-1,44	-1,72	-1,99	-2,18	-2,37	-2,58	-2,80	-3,00	-3,20	2,65
04/04/2019 21:05:00	2,55	2,99	3,05	2,96	2,69	2,21	1,64	1,04	0,45	-0,06	-0,55	-0,95	-1,34	-1,58	-1,82	-1,99	-2,16	-2,36	-2,55	-2,74	-2,93	2,53
04/04/2019 21:10:00	2,60	3,00	2,99	2,85	2,56	2,07	1,60	1,09	0,54	0,04	-0,45	-0,84	-1,24	-1,48	-1,71	-1,88	-2,04	-2,24	-2,44	-2,62	-2,81	2,55
04/04/2019 21:15:00	2,59	3,04	2,99	2,84	2,54	2,04	1,50	0,98	0,52	0,05	-0,42	-0,78	-1,14	-1,35	-1,56	-1,69	-1,83	-2,01	-2,19	-2,37	-2,54	2,75
04/04/2019 21:20:00	2,50	2,95	2,97	2,85	2,57	2,16	1,59	1,01	0,57	0,09	-0,40	-0,78	-1,16	-1,38	-1,60	-1,74	-1,89	-2,07	-2,25	-2,43	-2,61	2,65
04/04/2019 21:25:00	2,49	2,97	2,98	2,78	2,42	2,03	1,54	1,03	0,52	0,06	-0,39	-0,74	-1,10	-1,31	-1,52	-1,67	-1,82	-2,01	-2,20	-2,39	-2,58	2,50
04/04/2019 21:30:00	2,40	2,82	2,88	2,75	2,44	2,02	1,53	1,02	0,53	0,08	-0,38	-0,72	-1,06	-1,25	-1,44	-1,57	-1,71	-1,88	-2,05	-2,23	-2,40	2,54
04/04/2019 21:35:00	2,43	2,89	3,11	3,18	2,97	2,56	1,95	1,29	0,74	0,21	-0,33	-0,75	-1,17	-1,41	-1,64	-1,80	-1,96	-2,14	-2,32	-2,49	-2,67	2,49
04/04/2019 21:40:00	2,47	2,83	2,99	3,04	2,83	2,43	1,89	1,32	0,84	0,31	-0,23	-0,65	-1,06	-1,30	-1,53	-1,68	-1,83	-2,00	-2,18	-2,35	-2,53	2,25
04/04/2019 21:45:00	2,31	3,07	3,19	3,02	2,61	2,14	1,59	1,03	0,51	0,08	-0,32	-0,59	-0,87	-1,01	-1,16	-1,27	-1,38	-1,53	-1,69	-1,86	-2,03	2,15
04/04/2019 21:50:00	2,25	2,77	2,96	3,00	2,82	2,48	2,08	1,59	1,03	0,51	-0,03	-0,47	-0,91	-1,20	-1,48	-1,68	-1,87	-2,09	-2,32	-2,52	-2,72	2,05
04/04/2019 21:55:00	2,30	2,75	3,02	3,11	2,89	2,51	1,90	1,26	0,74	0,23	-0,27	-0,65	-1,02	-1,22	-1,42	-1,55	-1,68	-1,84	-2,00	-2,17	-2,34	2,12
04/04/2019 22:00:00	2,14	2,79	3,08	3,23	3,08	2,57	1,94	1,27	0,68	0,19	-0,26	-0,61	-0,97	-1,16	-1,35	-1,50	-1,64	-1,80	-1,97	-2,14	-2,31	2,06
04/04/2019 22:05:00	2,03	2,85	3,13	3,16	2,90	2,42	1,79	1,16	0,70	0,21	-0,28	-0,62	-0,96	-1,13	-1,30	-1,41	-1,52	-1,66	-1,81	-1,97	-2,14	2,03
04/04/2019 22:10:00	2,04	2,55	2,99	3,30	3,23	2,83	2,23	1,52	0,86	0,27	-0,30	-0,76	-1,22	-1,50	-1,77	-1,95	-2,14	-2,33	-2,52	-2,71	-2,89	1,92
04/04/2019 22:15:00	1,96	2,73	3,05	3,23	3,12	2,67	2,12	1,52	0,95	0,39	-0,19	-0,65	-1,11	-1,39	-1,67	-1,85	-2,03	-2,23	-2,43	-2,62	-2,82	1,86
04/04/2019 22:20:00	1,92	2,58	2,93	3,12	3,00	2,63	2,08	1,44	0,84	0,35	-0,12	-0,50	-0,87	-1,10	-1,32	-1,49	-1,66	-1,85	-2,03	-2,22	-2,40	1,73
04/04/2019 22:25:00	1,88	2,50	2,80	2,94	2,87	2,63	2,16	1,62	1,14	0,65	0,14	-0,29	-0,71	-0,99	-1,26	-1,46	-1,65	-1,87	-2,09	-2,29	-2,48	1,72
04/04/2019 22:30:00	1,67	2,20	2,61	2,91	2,89	2,58	2,04	1,42	0,87	0,30	-0,28	-0,75	-1,22	-1,51	-1,79	-1,98	-2,17	-2,37	-2,57	-2,75	-2,94	1,78
04/04/2019 22:35:00	1,69	2,21	2,63	2,94	2,92	2,63	2,14	1,55	1,00	0,42	-0,18	-0,66	-1,15	-1,44	-1,74	-1,93	-2,12	-2,33	-2,53	-2,72	-2,91	1,62
04/04/2019 22:40:00	1,56	2,20	2,61	2,90	2,90	2,55	2,10	1,54	0,91	0,37	-0,16	-0,62	-1,07	-1,37	-1,66	-1,87	-2,07	-2,30	-2,52	-2,72	-2,91	1,48
04/04/2019 22:45:00	1,56	2,07	2,49	2,81	2,81	2,54	2,10	1,54	0,97	0,43	-0,13	-0,59	-1,05	-1,34	-1,63	-1,83	-2,03	-2,24	-2,45	-2,64	-2,84	1,54
04/04/2019 22:50:00	1,48	2,06	2,41	2,71	2,78	2,58	2,16	1,63	1,14	0,64	0,10	-0,37	-0,84	-1,15	-1,47	-1,69	-1,91	-2,15	-2,39	-2,59	-2,80	1,61
04/04/2019 22:55:00	1,47	1,86	2,37	2,84	2,96	2,70	2,24	1,64	1,05	0,47	-0,12	-0,62	-1,12	-1,44	-1,75	-1,96	-2,17	-2,38	-2,59	-2,78	-2,97	1,39
04/04/2019 23:00:00	1,43	1,78	2,36	2,95	3,18	2,98	2,48	1,82	1,24	0,62	-0,03	-0,59	-1,15	-1,51	-1,87	-2,11	-2,34	-2,57	-2,80	-3,00	-3,20	1,40
04/04/2019 23:05:00	1,40	1,93	2,34	2,68	2,75	2,49	2,06	1,53	1,01	0,49	-0,04	-0,50	-0,95	-1,24	-1,54	-1,74	-1,94	-2,16	-2,37	-2,57	-2,76	1,40
04/04/2019 23:10:00	1,43	2,03	2,46	2,78	2,79	2,57	2,17	1,67	1,14	0,59	0,01	-0,46	-0,94	-1,24	-1,55	-1,75	-1,95	-2,17	-2,39	-2,59	-2,79	1,38
04/04/2019 23:15:00	1,33	2,02	2,39	2,69	2,77	2,67	2,19	1,63	1,20	0,71	0,18	-0,29	-0,76	-1,08	-1,40	-1,63	-1,86	-2,10	-2,34	-2,55	-2,76	1,34
04/04/2019 23:20:00	1,30	1,96	2,53	2,94	3,00	2,70	2,19	1,57	1,02	0,45	-0,13	-0,59	-1,06	-1,34	-1,62	-1,80	-1,99	-2,18	-2,38	-2,56	-2,75	1,29
04/04/2019 23:25:00	1,37	1,97	2,38	2,66	2,69	2,54	2,13	1,61	1,07	0,58	0,08	-0,36	-0,80	-1,10	-1,40	-1,62	-1,84	-2,07	-2,31	-2,51	-2,72	1,33
04/04/2019 23:30:00	1,35	1,77	2,25	2,70	2,83	2,66	2,24	1,69	1,15	0,62	0,08	-0,39	-0,86	-1,17	-1,48	-1,69	-1,91	-2,13	-2,35	-2,55	-2,75	1,22
04/04/2019 23:35:00	1,27	1,67	2,13	2,60	2,83	2,80	2,47	1,96	1,42	0,87	0,26	-0,31	-0,88	-1,29	-1,69	-1,98	-2,26	-2,54	-2,82	-3,05	-3,28	1,27
04/04/2019 23:40:00	1,21	1,70	2,14	2,49	2,58	2,41	2,10	1,62	1,02	0,54	0,06	-0,38	-0,82	-1,12	-1,43	-1,65	-1,88	-2,12	-2,36	-2,57	-2,78	1,01
04/04/2019 23:45:00	1,17	1,76	2,29	2,72	2,83	2,66	2,19	1,60	1,07	0,52	-0,04	-0,52	-1,00	-1,31	-1,62	-1,83	-2,04	-2,26	-2,48	-2,68	-2,88	1,01
04/04/2019 23:50:00	1,27	1,78	2,21	2,62	2,74	2,51	2,07	1,53	1,05	0,49	-0,09	-0,58	-1,08	-1,40	-1,72	-1,93	-2,14	-2,36	-2,58	-2,77	-2,97	1,09
04/04/2019 23:55:00	1,21	1,62	2,00	2,37	2,52	2,41	2,04	1,53	1,05	0,56	0,05	-0,42	-0,89	-1,21	-1,53	-1,76	-1,99	-2,23	-2,47	-2,68	-2,89	1,09
