FileFormat:0002.2 file with temperature of atmosphere
SN105HE102 RTK
local	GMT or Local
0	GMT-Local=[hours]
20	Height[m]
0	0	0	Longitude                [grd]               [min]               [sec]
0	0	0	Latitude                [grd]               [min]               [sec]
N	NS
56,45	Freq[GHz]
0,00	dTemostat[K]
0,150	MessErr[K]
0,248	//[grad/step]
version 14.4.20120406
MTP5HE102F5645K-38.60I70D222917+A1.1
Commentary:
SN105HE102
парабола ДНА = 2,5 град
НЕ102 - ПУ - ХВБ с ЦСД " S "
АЦП - 202 - 09 с контр.U пит.и М
оптопара серии - 2
Т out № 178 пл
БП LPS - 112
End Of Commentary

SYSTEM\summer.dat
data time	0	50	100	150	200	250	300	350	400	450	500	550	600	650	700	750	800	850	900	950	1000	OutsideTemperature
06/07/2022 00:00:00	20,80	20,83	21,00	21,17	21,20	21,19	21,10	20,96	20,74	20,46	20,17	19,85	19,53	19,18	18,83	18,41	18,00	17,51	17,02	16,47	15,93	20,78
06/07/2022 00:05:00	20,71	20,83	20,96	21,13	21,21	21,22	21,15	20,97	20,76	20,54	20,22	19,86	19,50	19,14	18,77	18,35	17,93	17,44	16,94	16,39	15,84	20,72
06/07/2022 00:10:00	20,64	20,77	20,88	21,02	21,17	21,16	21,05	20,91	20,72	20,51	20,22	19,89	19,57	19,22	18,87	18,46	18,05	17,56	17,08	16,53	15,99	20,66
06/07/2022 00:15:00	20,54	20,74	20,95	21,14	21,22	21,26	21,24	21,15	20,94	20,62	20,27	19,89	19,52	19,13	18,74	18,32	17,89	17,38	16,87	16,30	15,73	20,56
06/07/2022 00:20:00	20,52	20,73	20,94	21,13	21,16	21,15	21,07	20,95	20,72	20,41	20,16	19,87	19,58	19,25	18,92	18,50	18,09	17,60	17,11	16,57	16,03	20,52
06/07/2022 00:25:00	20,62	20,83	21,03	21,28	21,50	21,45	21,29	21,17	21,01	20,82	20,48	20,10	19,73	19,34	18,96	18,54	18,12	17,62	17,12	16,57	16,02	20,59
06/07/2022 00:30:00	20,61	20,87	21,09	21,26	21,21	21,21	21,19	21,07	20,83	20,51	20,20	19,87	19,54	19,18	18,83	18,41	18,00	17,50	17,01	16,47	15,92	20,59
06/07/2022 00:35:00	20,55	20,73	20,99	21,22	21,26	21,27	21,20	21,06	20,85	20,58	20,23	19,86	19,49	19,11	18,72	18,30	17,87	17,37	16,87	16,32	15,77	20,55
06/07/2022 00:40:00	20,54	20,62	20,81	21,00	21,10	21,13	21,07	20,87	20,67	20,45	20,16	19,82	19,47	19,11	18,75	18,34	17,92	17,43	16,94	16,39	15,85	20,50
06/07/2022 00:45:00	20,47	20,56	20,74	20,94	21,11	21,15	21,09	20,97	20,75	20,46	20,08	19,68	19,28	18,87	18,47	18,03	17,59	17,07	16,55	15,98	15,40	20,41
06/07/2022 00:50:00	20,42	20,45	20,59	20,72	20,70	20,66	20,55	20,37	20,17	19,95	19,72	19,44	19,16	18,85	18,53	18,14	17,76	17,29	16,83	16,32	15,81	20,36
06/07/2022 00:55:00	20,31	20,32	20,45	20,61	20,69	20,71	20,66	20,58	20,42	20,21	19,88	19,53	19,18	18,82	18,46	18,07	17,67	17,20	16,72	16,19	15,65	20,33
06/07/2022 01:00:00	20,31	20,44	20,51	20,59	20,62	20,62	20,56	20,42	20,24	20,05	19,74	19,41	19,08	18,74	18,40	18,02	17,63	17,16	16,70	16,18	15,66	20,33
06/07/2022 01:05:00	20,33	20,28	20,36	20,44	20,42	20,38	20,29	20,19	20,02	19,79	19,55	19,27	18,99	18,68	18,38	18,00	17,63	17,18	16,72	16,22	15,72	20,34
06/07/2022 01:10:00	19,54	19,74	19,93	20,12	20,21	20,24	20,20	20,11	20,01	19,92	19,85	19,72	19,59	19,37	19,16	18,82	18,49	18,07	17,65	17,18	16,71	20,08
06/07/2022 01:15:00	19,95	20,16	20,34	20,51	20,60	20,69	20,69	20,57	20,37	20,13	19,91	19,64	19,38	19,06	18,75	18,35	17,95	17,47	17,00	16,46	15,93	19,82
06/07/2022 01:20:00	19,82	20,19	20,31	20,41	20,42	20,41	20,35	20,21	20,05	19,87	19,55	19,22	18,89	18,55	18,21	17,83	17,45	17,00	16,54	16,04	15,53	19,91
06/07/2022 01:25:00	19,19	18,72	18,62	18,62	18,66	18,68	18,69	18,72	18,67	18,58	18,54	18,46	18,37	18,21	18,04	17,75	17,47	17,09	16,71	16,28	15,84	19,99
06/07/2022 01:30:00	19,20	18,78	18,49	18,29	18,23	18,16	18,08	18,03	17,94	17,85	17,85	17,81	17,77	17,64	17,51	17,24	16,98	16,63	16,28	15,88	15,48	18,58
06/07/2022 01:35:00	19,21	19,05	18,84	18,68	18,60	18,60	18,58	18,48	18,37	18,29	18,17	18,02	17,87	17,67	17,47	17,18	16,89	16,52	16,14	15,71	15,28	19,06
06/07/2022 01:40:00	19,54	19,39	19,25	19,14	19,02	18,90	18,76	18,59	18,42	18,27	18,12	17,94	17,75	17,52	17,28	16,96	16,64	16,25	15,85	15,42	14,98	19,37
06/07/2022 01:45:00	19,75	19,71	19,50	19,34	19,26	19,12	18,97	18,82	18,63	18,43	18,22	18,00	17,78	17,52	17,26	16,92	16,58	16,17	15,76	15,31	14,85	19,35
06/07/2022 01:50:00	18,93	18,62	18,29	18,00	17,79	17,53	17,25	16,95	16,66	16,38	16,15	15,90	15,65	15,37	15,08	14,73	14,38	13,99	13,59	13,16	12,73	19,38
06/07/2022 01:55:00	18,61	18,52	18,23	17,90	17,58	17,32	17,07	16,84	16,67	16,56	16,48	16,38	16,29	16,13	15,97	15,70	15,43	15,11	14,79	14,44	14,10	18,41
06/07/2022 02:00:00	18,78	18,97	18,73	18,39	17,95	17,55	17,19	16,86	16,53	16,22	16,04	15,86	15,68	15,44	15,20	14,87	14,54	14,18	13,82	13,44	13,07	18,71
06/07/2022 02:05:00	18,91	19,02	18,83	18,57	18,16	17,83	17,54	17,26	16,97	16,68	16,38	16,10	15,81	15,51	15,22	14,88	14,53	14,15	13,77	13,36	12,96	18,74
06/07/2022 02:10:00	19,08	19,26	19,02	18,72	18,37	18,05	17,77	17,53	17,21	16,85	16,49	16,16	15,84	15,51	15,18	14,82	14,46	14,05	13,64	13,21	12,78	18,62
06/07/2022 02:15:00	19,34	19,55	19,25	18,86	18,37	17,93	17,49	17,05	16,69	16,39	16,04	15,71	15,38	15,06	14,73	14,37	14,01	13,63	13,25	12,85	12,45	18,99
06/07/2022 02:20:00	19,55	19,49	19,15	18,77	18,41	17,99	17,56	17,15	16,72	16,28	15,93	15,58	15,24	14,88	14,53	14,12	13,72	13,30	12,87	12,42	11,98	19,14
06/07/2022 02:25:00	19,80	19,64	19,34	19,03	18,71	18,30	17,88	17,47	17,07	16,67	16,27	15,87	15,48	15,09	14,71	14,30	13,89	13,45	13,01	12,56	12,10	19,46
06/07/2022 02:30:00	19,58	19,40	19,06	18,70	18,35	17,98	17,60	17,18	16,79	16,44	16,15	15,86	15,56	15,24	14,92	14,54	14,16	13,75	13,34	12,90	12,47	19,61
06/07/2022 02:35:00	19,41	19,38	19,07	18,71	18,28	17,89	17,50	17,11	16,71	16,33	15,95	15,60	15,24	14,89	14,54	14,15	13,77	13,36	12,95	12,52	12,09	19,52
06/07/2022 02:40:00	19,64	19,49	19,22	18,87	18,36	17,92	17,50	17,06	16,63	16,22	15,91	15,61	15,30	14,98	14,65	14,26	13,88	13,47	13,07	12,65	12,23	19,64
06/07/2022 02:45:00	19,47	19,46	19,12	18,75	18,33	17,93	17,53	17,11	16,71	16,34	15,95	15,58	15,21	14,85	14,48	14,10	13,71	13,30	12,88	12,45	12,01	19,51
06/07/2022 02:50:00	19,46	19,41	19,04	18,59	18,07	17,62	17,18	16,71	16,35	16,07	15,82	15,58	15,33	15,06	14,78	14,44	14,10	13,74	13,37	13,00	12,62	19,44
06/07/2022 02:55:00	19,52	19,22	18,91	18,63	18,37	17,97	17,55	17,18	16,81	16,44	16,07	15,70	15,33	14,96	14,58	14,19	13,79	13,36	12,93	12,48	12,03	19,52
06/07/2022 03:00:00	19,38	19,32	19,00	18,61	18,19	17,73	17,30	16,92	16,57	16,27	15,94	15,62	15,30	14,98	14,66	14,31	13,96	13,57	13,19	12,79	12,39	19,47
06/07/2022 03:05:00	19,38	19,27	19,02	18,74	18,38	17,96	17,55	17,21	16,85	16,48	16,03	15,61	15,19	14,80	14,41	14,02	13,62	13,20	12,78	12,34	11,90	19,37
06/07/2022 03:10:00	19,39	19,14	18,82	18,51	18,20	17,83	17,45	17,10	16,70	16,27	15,98	15,67	15,36	15,03	14,69	14,30	13,91	13,48	13,06	12,61	12,16	19,35
06/07/2022 03:15:00	19,33	19,27	18,99	18,64	18,18	17,75	17,34	16,91	16,53	16,18	15,86	15,55	15,24	14,91	14,59	14,22	13,85	13,45	13,06	12,65	12,24	19,29
06/07/2022 03:20:00	19,33	19,31	19,07	18,77	18,31	17,94	17,54	17,04	16,67	16,39	16,00	15,62	15,24	14,88	14,51	14,13	13,75	13,35	12,94	12,52	12,10	19,37
06/07/2022 03:25:00	19,19	19,51	19,29	18,98	18,60	18,18	17,73	17,27	16,81	16,37	16,02	15,68	15,33	14,97	14,60	14,19	13,78	13,34	12,91	12,47	12,02	19,27
06/07/2022 03:30:00	18,49	19,03	19,05	18,89	18,51	18,15	17,77	17,33	16,94	16,57	16,16	15,76	15,37	14,98	14,59	14,18	13,77	13,35	12,92	12,48	12,05	19,15
06/07/2022 03:35:00	17,31	17,54	17,96	18,29	18,34	18,26	18,08	17,81	17,53	17,23	16,84	16,42	16,00	15,58	15,15	14,71	14,26	13,78	13,31	12,80	12,29	18,62
06/07/2022 03:40:00	16,88	17,31	17,44	17,48	17,41	17,38	17,28	17,10	16,90	16,71	16,45	16,18	15,91	15,62	15,32	14,97	14,63	14,23	13,83	13,39	12,96	16,88
06/07/2022 03:45:00	16,40	16,95	17,51	17,91	17,96	17,90	17,75	17,53	17,26	16,95	16,65	16,30	15,94	15,56	15,17	14,74	14,30	13,84	13,39	12,90	12,41	16,69
06/07/2022 03:50:00	16,44	16,92	17,21	17,42	17,43	17,44	17,35	17,13	16,95	16,76	16,48	16,18	15,88	15,55	15,23	14,85	14,48	14,06	13,64	13,19	12,73	16,49
06/07/2022 03:55:00	16,52	17,14	17,49	17,72	17,68	17,54	17,33	17,05	16,81	16,57	16,23	15,88	15,52	15,16	14,79	14,39	13,98	13,55	13,12	12,67	12,21	16,46
06/07/2022 04:00:00	16,59	17,21	17,45	17,59	17,59	17,42	17,21	17,01	16,74	16,44	16,13	15,80	15,47	15,12	14,77	14,38	13,98	13,55	13,13	12,68	12,22	16,45
06/07/2022 04:05:00	16,77	17,08	17,26	17,38	17,34	17,17	16,97	16,79	16,56	16,29	16,00	15,69	15,37	15,04	14,71	14,33	13,95	13,54	13,12	12,68	12,24	16,84
06/07/2022 04:10:00	16,89	17,11	17,22	17,26	17,18	17,07	16,92	16,73	16,53	16,32	16,02	15,72	15,41	15,09	14,78	14,42	14,07	13,67	13,27	12,84	12,41	16,83
06/07/2022 04:15:00	17,14	17,24	17,20	17,18	17,15	16,99	16,81	16,70	16,47	16,21	15,98	15,73	15,48	15,19	14,90	14,55	14,20	13,80	13,40	12,97	12,54	16,92
06/07/2022 04:20:00	17,25	17,19	17,17	17,12	16,92	16,79	16,63	16,39	16,19	16,01	15,75	15,48	15,22	14,93	14,64	14,31	13,97	13,59	13,22	12,81	12,40	17,16
06/07/2022 04:25:00	17,32	17,26	17,11	16,98	16,87	16,72	16,55	16,33	16,09	15,84	15,68	15,48	15,27	15,02	14,76	14,42	14,09	13,70	13,31	12,90	12,48	17,24
06/07/2022 04:30:00	17,31	17,38	17,21	17,01	16,80	16,60	16,39	16,15	15,89	15,63	15,49	15,32	15,15	14,91	14,68	14,36	14,03	13,66	13,30	12,91	12,51	17,45
06/07/2022 04:35:00	17,50	17,75	17,75	17,63	17,33	17,08	16,83	16,58	16,32	16,07	15,81	15,54	15,28	14,99	14,71	14,37	14,03	13,65	13,28	12,88	12,48	17,52
06/07/2022 04:40:00	17,20	17,44	17,37	17,25	17,10	16,83	16,54	16,29	16,00	15,69	15,52	15,31	15,09	14,82	14,55	14,20	13,84	13,45	13,06	12,65	12,24	17,69
06/07/2022 04:45:00	17,02	17,12	17,05	16,92	16,69	16,48	16,27	16,07	15,82	15,57	15,37	15,16	14,94	14,68	14,43	14,10	13,77	13,41	13,04	12,65	12,26	17,55
06/07/2022 04:50:00	16,67	16,68	16,67	16,64	16,57	16,41	16,20	16,02	15,85	15,70	15,51	15,30	15,09	14,83	14,58	14,26	13,94	13,57	13,21	12,82	12,42	17,15
06/07/2022 04:55:00	16,54	16,47	16,44	16,44	16,38	16,31	16,19	16,02	15,85	15,70	15,52	15,31	15,10	14,84	14,59	14,27	13,94	13,57	13,20	12,79	12,38	17,00
06/07/2022 05:00:00	16,94	16,70	16,61	16,59	16,60	16,56	16,46	16,29	16,16	16,04	15,86	15,65	15,44	15,18	14,93	14,61	14,29	13,92	13,54	13,12	12,71	16,98
06/07/2022 05:05:00	16,95	16,66	16,55	16,49	16,47	16,48	16,46	16,40	16,32	16,25	16,10	15,93	15,77	15,56	15,35	15,07	14,78	14,43	14,08	13,68	13,28	17,06
06/07/2022 05:10:00	16,83	16,51	16,44	16,43	16,46	16,47	16,41	16,27	16,22	16,21	16,09	15,93	15,78	15,57	15,37	15,08	14,80	14,45	14,10	13,71	13,32	16,82
06/07/2022 05:15:00	16,68	16,30	16,28	16,31	16,29	16,21	16,11	16,05	15,98	15,91	15,83	15,71	15,58	15,40	15,21	14,93	14,65	14,31	13,97	13,60	13,22	16,67
06/07/2022 05:20:00	16,51	16,37	16,35	16,34	16,28	16,20	16,11	16,03	15,97	15,95	15,84	15,71	15,58	15,40	15,22	14,95	14,69	14,36	14,04	13,67	13,31	16,49
06/07/2022 05:25:00	16,45	15,97	15,82	15,75	15,74	15,74	15,74	15,76	15,78	15,83	15,86	15,85	15,83	15,74	15,64	15,42	15,20	14,91	14,62	14,28	13,94	16,40
06/07/2022 05:30:00	16,36	16,07	16,04	16,06	16,07	16,09	16,08	16,07	15,98	15,86	15,83	15,74	15,65	15,48	15,31	15,03	14,75	14,41	14,06	13,67	13,28	16,31
06/07/2022 05:35:00	16,29	16,06	16,00	16,00	16,00	16,00	15,99	16,01	15,91	15,79	15,72	15,61	15,50	15,32	15,14	14,87	14,59	14,25	13,90	13,52	13,13	16,20
06/07/2022 05:40:00	16,19	16,07	15,99	15,93	15,87	15,84	15,78	15,68	15,60	15,53	15,42	15,29	15,15	14,97	14,78	14,51	14,23	13,90	13,57	13,20	12,83	16,20
06/07/2022 05:45:00	16,07	15,97	15,90	15,83	15,73	15,64	15,54	15,46	15,35	15,24	15,09	14,92	14,75	14,54	14,34	14,06	13,78	13,45	13,11	12,75	12,38	16,10
06/07/2022 05:50:00	16,03	15,92	15,85	15,76	15,62	15,54	15,45	15,34	15,17	15,01	14,91	14,78	14,64	14,44	14,24	13,96	13,67	13,33	12,99	12,62	12,25	16,07
06/07/2022 05:55:00	15,98	15,90	15,81	15,74	15,68	15,63	15,55	15,45	15,37	15,32	15,22	15,10	14,98	14,80	14,62	14,35	14,09	13,76	13,44	13,08	12,72	16,06
06/07/2022 06:00:00	15,96	15,79	15,65	15,55	15,53	15,34	15,15	15,04	14,95	14,91	14,86	14,77	14,69	14,53	14,37	14,11	13,85	13,54	13,23	12,89	12,55	15,98
06/07/2022 06:05:00	15,97	15,85	15,73	15,64	15,57	15,48	15,34	15,14	15,06	15,06	15,07	15,03	14,99	14,86	14,72	14,47	14,21	13,90	13,59	13,26	12,92	15,94
06/07/2022 06:10:00	15,89	15,86	15,72	15,62	15,56	15,47	15,38	15,33	15,20	15,07	15,00	14,89	14,79	14,61	14,44	14,17	13,90	13,57	13,24	12,87	12,51	16,04
06/07/2022 06:15:00	15,88	15,78	15,78	15,77	15,68	15,64	15,56	15,42	15,28	15,14	15,04	14,89	14,74	14,54	14,33	14,03	13,73	13,38	13,03	12,65	12,27	15,95
06/07/2022 06:20:00	15,89	15,74	15,66	15,62	15,61	15,64	15,62	15,54	15,43	15,32	15,21	15,07	14,93	14,73	14,53	14,24	13,95	13,61	13,26	12,87	12,49	16,24
06/07/2022 06:25:00	15,89	15,65	15,68	15,74	15,78	15,73	15,65	15,57	15,46	15,35	15,24	15,09	14,93	14,71	14,50	14,20	13,89	13,54	13,19	12,80	12,41	16,04
06/07/2022 06:30:00	16,06	15,81	15,71	15,66	15,66	15,62	15,56	15,49	15,42	15,37	15,27	15,15	15,02	14,84	14,66	14,39	14,12	13,79	13,46	13,09	12,72	16,04
06/07/2022 06:35:00	16,14	15,97	15,86	15,79	15,75	15,59	15,44	15,38	15,29	15,21	15,11	14,98	14,85	14,67	14,49	14,22	13,95	13,63	13,30	12,95	12,59	16,27
06/07/2022 06:40:00	16,35	15,90	15,82	15,79	15,74	15,66	15,57	15,49	15,39	15,27	15,14	14,98	14,81	14,60	14,39	14,10	13,81	13,47	13,13	12,75	12,36	16,29
06/07/2022 06:45:00	16,40	16,09	15,89	15,75	15,66	15,49	15,33	15,26	15,13	14,99	14,89	14,76	14,64	14,45	14,26	13,99	13,71	13,38	13,05	12,69	12,33	16,40
06/07/2022 06:50:00	16,52	16,09	15,93	15,85	15,79	15,63	15,48	15,39	15,28	15,16	15,01	14,84	14,66	14,45	14,23	13,95	13,66	13,32	12,99	12,61	12,24	16,68
06/07/2022 06:55:00	16,56	16,44	16,34	16,19	15,95	15,79	15,64	15,48	15,31	15,15	15,03	14,89	14,75	14,55	14,35	14,07	13,78	13,45	13,12	12,76	12,41	16,53
06/07/2022 07:00:00	16,51	16,51	16,50	16,43	16,25	16,10	15,92	15,70	15,46	15,22	15,04	14,83	14,62	14,36	14,10	13,76	13,43	13,06	12,69	12,29	11,89	16,53
06/07/2022 07:05:00	16,55	16,34	16,20	16,05	15,86	15,70	15,52	15,33	15,12	14,92	14,83	14,70	14,56	14,36	14,16	13,85	13,55	13,21	12,86	12,49	12,12	16,59
06/07/2022 07:10:00	16,61	16,62	16,62	16,57	16,41	16,19	15,92	15,64	15,41	15,20	14,87	14,55	14,23	13,90	13,58	13,22	12,87	12,49	12,10	11,70	11,30	16,59
06/07/2022 07:15:00	16,58	16,47	16,25	16,05	15,90	15,66	15,39	15,16	14,93	14,72	14,52	14,30	14,08	13,83	13,57	13,25	12,93	12,58	12,23	11,85	11,47	16,59
06/07/2022 07:20:00	16,52	16,54	16,33	16,06	15,77	15,57	15,36	15,13	14,85	14,58	14,47	14,33	14,19	13,98	13,77	13,46	13,16	12,82	12,47	12,11	11,74	16,63
06/07/2022 07:25:00	16,64	16,36	16,14	15,93	15,71	15,54	15,38	15,22	15,01	14,78	14,61	14,41	14,22	13,98	13,75	13,45	13,15	12,80	12,46	12,08	11,71	16,59
06/07/2022 07:30:00	16,57	16,29	16,07	15,87	15,67	15,47	15,24	14,98	14,72	14,45	14,25	14,02	13,78	13,51	13,24	12,91	12,57	12,21	11,84	11,45	11,06	16,55
06/07/2022 07:35:00	16,62	16,31	16,01	15,69	15,34	15,01	14,70	14,44	14,22	14,04	13,90	13,75	13,59	13,39	13,19	12,91	12,63	12,32	12,02	11,69	11,37	16,64
06/07/2022 07:40:00	16,67	16,54	16,22	15,88	15,52	15,23	14,95	14,67	14,46	14,30	14,18	14,05	13,92	13,74	13,55	13,28	13,00	12,70	12,39	12,07	11,74	16,67
06/07/2022 07:45:00	16,70	16,39	16,03	15,71	15,51	15,16	14,83	14,60	14,39	14,22	14,04	13,86	13,67	13,45	13,23	12,94	12,65	12,32	12,00	11,66	11,31	16,74
06/07/2022 07:50:00	16,71	16,23	15,85	15,50	15,16	14,93	14,72	14,52	14,28	14,06	13,92	13,77	13,61	13,41	13,20	12,92	12,64	12,32	12,00	11,65	11,30	16,74
06/07/2022 07:55:00	16,77	16,57	16,12	15,68	15,26	14,83	14,45	14,19	13,94	13,72	13,51	13,31	13,11	12,89	12,67	12,40	12,12	11,81	11,51	11,19	10,88	16,77
06/07/2022 08:00:00	16,98	16,49	16,06	15,67	15,33	14,92	14,55	14,27	13,93	13,58	13,33	13,08	12,82	12,54	12,26	11,93	11,60	11,24	10,89	10,53	10,16	16,98
06/07/2022 08:05:00	16,89	16,45	16,05	15,64	15,19	14,78	14,41	14,09	13,79	13,53	13,32	13,10	12,89	12,64	12,40	12,10	11,80	11,48	11,16	10,83	10,50	16,92
06/07/2022 08:10:00	16,86	16,33	15,89	15,47	15,04	14,64	14,28	13,99	13,70	13,43	13,21	12,99	12,77	12,52	12,28	11,98	11,68	11,36	11,04	10,71	10,38	16,84
06/07/2022 08:15:00	16,84	16,52	16,04	15,55	15,09	14,68	14,30	13,98	13,70	13,45	13,23	13,02	12,81	12,58	12,35	12,06	11,77	11,47	11,16	10,84	10,51	16,84
06/07/2022 08:20:00	16,86	16,40	16,00	15,63	15,26	14,87	14,51	14,21	13,90	13,60	13,40	13,17	12,95	12,69	12,44	12,12	11,80	11,46	11,12	10,77	10,42	16,80
06/07/2022 08:25:00	16,83	16,32	15,93	15,54	15,12	14,73	14,37	14,08	13,75	13,42	13,26	13,07	12,89	12,65	12,42	12,10	11,79	11,46	11,13	10,78	10,44	16,85
06/07/2022 08:30:00	16,82	16,30	15,85	15,48	15,23	14,88	14,54	14,27	14,08	13,94	13,60	13,30	13,01	12,72	12,44	12,14	11,85	11,52	11,20	10,85	10,50	16,79
06/07/2022 08:35:00	16,75	16,40	15,92	15,47	15,09	14,71	14,33	13,94	13,65	13,42	13,13	12,86	12,58	12,30	12,02	11,71	11,40	11,07	10,74	10,39	10,05	16,79
06/07/2022 08:40:00	16,66	16,34	15,88	15,42	14,97	14,54	14,16	13,83	13,48	13,14	12,90	12,65	12,41	12,14	11,88	11,56	11,25	10,91	10,58	10,24	9,89	16,89
06/07/2022 08:45:00	16,72	16,25	15,77	15,29	14,83	14,42	14,06	13,75	13,42	13,10	12,88	12,65	12,43	12,18	11,93	11,63	11,32	11,00	10,68	10,35	10,01	16,71
06/07/2022 08:50:00	16,69	16,37	15,94	15,48	15,03	14,59	14,22	13,95	13,66	13,39	13,13	12,89	12,64	12,39	12,14	11,85	11,56	11,25	10,93	10,61	10,29	16,75
06/07/2022 08:55:00	16,59	16,19	15,88	15,58	15,25	14,97	14,71	14,49	14,24	13,97	13,65	13,35	13,05	12,76	12,46	12,15	11,83	11,49	11,14	10,77	10,40	16,61
06/07/2022 09:00:00	16,71	16,71	16,52	16,27	15,97	15,76	15,54	15,26	14,96	14,67	14,39	14,12	13,84	13,54	13,25	12,91	12,57	12,20	11,83	11,44	11,05	16,46
06/07/2022 09:05:00	16,62	16,16	15,91	15,69	15,50	15,35	15,15	14,88	14,56	14,24	14,05	13,82	13,58	13,30	13,02	12,67	12,32	11,93	11,55	11,14	10,73	16,59
06/07/2022 09:10:00	16,40	15,93	15,55	15,21	14,94	14,71	14,45	14,12	13,88	13,69	13,42	13,15	12,89	12,62	12,34	12,03	11,72	11,38	11,04	10,68	10,31	16,44
06/07/2022 09:15:00	16,24	15,99	15,70	15,44	15,22	15,01	14,80	14,60	14,38	14,19	14,05	13,88	13,72	13,50	13,29	13,00	12,71	12,38	12,05	11,69	11,33	16,18
06/07/2022 09:20:00	16,24	15,79	15,63	15,50	15,34	15,26	15,20	15,18	15,16	15,18	15,30	15,36	15,43	15,38	15,33	15,12	14,92	14,65	14,39	14,08	13,78	16,27
06/07/2022 09:25:00	15,96	15,84	15,72	15,62	15,52	15,47	15,42	15,37	15,34	15,35	15,37	15,35	15,33	15,23	15,12	14,90	14,67	14,39	14,10	13,78	13,45	15,83
06/07/2022 09:30:00	15,88	15,70	15,56	15,44	15,36	15,24	15,11	14,99	14,96	15,01	15,15	15,21	15,28	15,22	15,17	14,95	14,74	14,47	14,20	13,90	13,60	15,70
06/07/2022 09:35:00	15,62	15,45	15,35	15,30	15,28	15,25	15,23	15,24	15,31	15,43	15,59	15,69	15,79	15,77	15,74	15,56	15,38	15,13	14,87	14,58	14,29	15,64
06/07/2022 09:40:00	15,75	15,61	15,55	15,50	15,45	15,45	15,44	15,44	15,47	15,55	15,63	15,67	15,71	15,64	15,58	15,38	15,17	14,90	14,63	14,32	14,01	15,54
06/07/2022 09:45:00	15,47	15,26	15,14	15,07	15,07	15,02	14,96	14,91	14,89	14,91	14,98	14,99	14,99	14,90	14,81	14,58	14,36	14,07	13,78	13,45	13,13	15,49
06/07/2022 09:50:00	15,47	15,10	14,87	14,71	14,65	14,55	14,47	14,47	14,50	14,60	14,74	14,84	14,93	14,90	14,88	14,70	14,52	14,28	14,04	13,77	13,49	15,56
06/07/2022 09:55:00	15,51	15,17	14,94	14,76	14,61	14,59	14,58	14,56	14,57	14,63	14,66	14,67	14,68	14,61	14,54	14,35	14,16	13,91	13,65	13,35	13,06	15,54
06/07/2022 10:00:00	15,43	15,20	15,08	14,95	14,78	14,62	14,49	14,41	14,32	14,27	14,32	14,31	14,31	14,20	14,10	13,87	13,64	13,36	13,08	12,78	12,47	15,64
06/07/2022 10:05:00	15,51	15,24	15,02	14,82	14,68	14,56	14,42	14,28	14,23	14,25	14,33	14,35	14,37	14,29	14,21	14,00	13,78	13,52	13,25	12,96	12,66	15,43
06/07/2022 10:10:00	15,55	15,20	14,91	14,68	14,53	14,50	14,45	14,35	14,32	14,36	14,46	14,51	14,56	14,50	14,44	14,25	14,05	13,79	13,53	13,23	12,94	15,73
06/07/2022 10:15:00	15,52	15,19	14,96	14,75	14,56	14,47	14,36	14,25	14,19	14,20	14,30	14,35	14,40	14,34	14,28	14,07	13,86	13,60	13,34	13,05	12,75	15,80
06/07/2022 10:20:00	15,57	15,23	14,97	14,74	14,53	14,40	14,27	14,17	14,13	14,14	14,17	14,17	14,17	14,09	14,00	13,80	13,59	13,34	13,08	12,80	12,51	15,55
06/07/2022 10:25:00	15,54	15,28	15,00	14,75	14,55	14,41	14,26	14,09	14,02	14,01	13,99	13,94	13,89	13,77	13,64	13,42	13,20	12,93	12,65	12,35	12,06	15,65
06/07/2022 10:30:00	15,71	15,41	15,09	14,83	14,65	14,52	14,38	14,20	14,10	14,06	14,07	14,04	14,02	13,90	13,79	13,55	13,32	13,04	12,75	12,44	12,13	15,69
06/07/2022 10:35:00	15,74	15,51	15,23	14,97	14,72	14,57	14,41	14,23	14,14	14,13	14,19	14,21	14,23	14,15	14,07	13,86	13,64	13,38	13,12	12,83	12,54	15,69
06/07/2022 10:40:00	15,79	15,45	15,15	14,88	14,61	14,39	14,22	14,16	14,09	14,08	14,16	14,21	14,26	14,21	14,15	13,96	13,77	13,52	13,28	13,01	12,74	15,79
06/07/2022 10:45:00	15,91	15,57	15,24	14,93	14,68	14,51	14,37	14,28	14,16	14,09	14,17	14,21	14,25	14,17	14,10	13,89	13,68	13,41	13,15	12,85	12,56	15,95
06/07/2022 10:50:00	15,91	15,57	15,29	15,03	14,80	14,57	14,37	14,24	14,16	14,12	14,12	14,10	14,07	13,96	13,85	13,63	13,41	13,15	12,88	12,59	12,30	15,92
06/07/2022 10:55:00	16,05	15,72	15,46	15,22	14,97	14,83	14,66	14,43	14,28	14,20	14,21	14,17	14,14	14,01	13,88	13,63	13,37	13,08	12,79	12,46	12,14	16,27
06/07/2022 11:00:00	16,24	15,70	15,42	15,16	14,88	14,75	14,61	14,44	14,30	14,20	14,16	14,08	14,01	13,86	13,71	13,47	13,22	12,92	12,63	12,30	11,98	16,29
06/07/2022 11:05:00	16,17	15,78	15,44	15,13	14,82	14,55	14,30	14,12	14,02	13,99	13,96	13,92	13,87	13,75	13,64	13,42	13,19	12,93	12,67	12,39	12,11	16,20
06/07/2022 11:10:00	16,17	15,82	15,43	15,08	14,81	14,59	14,38	14,22	14,09	14,02	14,03	14,01	13,98	13,88	13,77	13,55	13,32	13,05	12,78	12,48	12,18	16,17
06/07/2022 11:15:00	16,11	15,80	15,44	15,11	14,85	14,69	14,53	14,36	14,26	14,22	14,18	14,13	14,08	13,96	13,84	13,61	13,39	13,12	12,84	12,54	12,23	16,20
06/07/2022 11:20:00	16,19	15,94	15,64	15,29	14,90	14,66	14,45	14,24	14,05	13,92	13,88	13,82	13,75	13,62	13,48	13,24	12,99	12,71	12,43	12,13	11,83	16,39
06/07/2022 11:25:00	16,19	15,92	15,56	15,23	14,91	14,69	14,48	14,27	14,15	14,10	14,01	13,92	13,83	13,68	13,54	13,30	13,07	12,79	12,52	12,22	11,91	16,34
06/07/2022 11:30:00	16,32	15,93	15,55	15,19	14,91	14,67	14,45	14,24	14,09	14,00	13,96	13,90	13,84	13,71	13,57	13,33	13,09	12,81	12,53	12,22	11,92	16,44
06/07/2022 11:35:00	16,28	15,95	15,58	15,25	14,99	14,77	14,55	14,31	14,16	14,08	13,98	13,87	13,76	13,60	13,44	13,18	12,93	12,64	12,34	12,03	11,71	16,25
06/07/2022 11:40:00	16,33	16,06	15,67	15,31	15,03	14,70	14,40	14,17	14,05	14,01	13,94	13,87	13,80	13,67	13,53	13,30	13,07	12,80	12,53	12,24	11,96	16,40
06/07/2022 11:45:00	16,38	15,97	15,58	15,24	14,95	14,69	14,46	14,31	14,14	14,00	14,04	14,03	14,02	13,91	13,80	13,57	13,33	13,05	12,77	12,46	12,16	16,35
06/07/2022 11:50:00	16,41	16,07	15,72	15,38	15,08	14,86	14,67	14,50	14,34	14,21	14,16	14,09	14,03	13,89	13,75	13,50	13,26	12,97	12,68	12,36	12,05	16,59
06/07/2022 11:55:00	16,47	16,06	15,74	15,39	14,99	14,78	14,61	14,44	14,27	14,16	14,16	14,13	14,10	13,98	13,87	13,64	13,41	13,14	12,86	12,56	12,27	16,34
06/07/2022 12:00:00	16,58	16,19	15,86	15,55	15,25	15,01	14,78	14,53	14,38	14,30	14,21	14,10	14,00	13,84	13,68	13,42	13,17	12,88	12,58	12,27	11,95	16,60
06/07/2022 12:05:00	16,63	16,32	15,95	15,60	15,32	15,08	14,84	14,57	14,42	14,35	14,36	14,33	14,30	14,18	14,06	13,82	13,58	13,29	13,01	12,70	12,40	16,64
06/07/2022 12:10:00	16,68	16,33	15,95	15,59	15,29	15,11	14,93	14,73	14,57	14,45	14,36	14,26	14,16	14,00	13,84	13,59	13,34	13,04	12,74	12,41	12,08	16,72
06/07/2022 12:15:00	16,70	16,39	16,07	15,73	15,33	15,06	14,81	14,56	14,36	14,22	14,14	14,04	13,94	13,78	13,62	13,37	13,11	12,81	12,52	12,21	11,90	17,19
06/07/2022 12:20:00	16,73	16,38	15,96	15,57	15,27	14,98	14,71	14,45	14,25	14,11	14,07	14,00	13,93	13,78	13,63	13,37	13,11	12,82	12,52	12,20	11,88	16,77
06/07/2022 12:25:00	16,79	16,40	16,02	15,68	15,39	15,08	14,79	14,54	14,30	14,08	13,93	13,77	13,60	13,39	13,17	12,88	12,59	12,26	11,94	11,59	11,25	16,89
06/07/2022 12:30:00	16,90	16,41	16,03	15,68	15,38	15,11	14,85	14,59	14,34	14,11	13,93	13,73	13,53	13,30	13,07	12,77	12,47	12,13	11,80	11,44	11,08	16,97
06/07/2022 12:35:00	16,91	16,55	16,19	15,85	15,51	15,19	14,91	14,68	14,41	14,13	13,95	13,75	13,56	13,32	13,08	12,78	12,48	12,14	11,81	11,45	11,09	17,14
06/07/2022 12:40:00	17,05	16,70	16,33	15,95	15,56	15,23	14,90	14,57	14,29	14,05	13,84	13,62	13,41	13,16	12,91	12,60	12,30	11,96	11,63	11,28	10,93	17,35
06/07/2022 12:45:00	17,19	16,68	16,24	15,84	15,46	15,17	14,90	14,65	14,40	14,17	13,98	13,79	13,60	13,38	13,15	12,87	12,58	12,25	11,93	11,58	11,23	17,37
06/07/2022 12:50:00	17,21	16,72	16,30	15,89	15,47	15,20	14,93	14,61	14,34	14,11	13,86	13,62	13,38	13,12	12,86	12,56	12,26	11,92	11,59	11,23	10,88	17,42
06/07/2022 12:55:00	17,15	16,80	16,39	15,98	15,59	15,23	14,87	14,53	14,22	13,94	13,71	13,48	13,24	12,98	12,72	12,40	12,09	11,75	11,40	11,05	10,69	17,24
06/07/2022 13:00:00	17,23	16,84	16,40	15,97	15,61	15,16	14,72	14,33	14,01	13,73	13,53	13,32	13,10	12,85	12,60	12,28	11,95	11,62	11,28	10,93	10,59	17,58
06/07/2022 13:05:00	17,27	16,72	16,35	16,00	15,66	15,27	14,90	14,59	14,31	14,06	13,80	13,53	13,27	13,00	12,72	12,40	12,08	11,74	11,40	11,04	10,68	17,34
06/07/2022 13:10:00	17,32	16,98	16,53	16,09	15,67	15,22	14,81	14,51	14,20	13,90	13,63	13,38	13,12	12,85	12,58	12,27	11,96	11,63	11,29	10,95	10,60	17,37
06/07/2022 13:15:00	17,31	17,01	16,52	16,03	15,54	15,10	14,72	14,38	14,04	13,72	13,50	13,28	13,06	12,81	12,56	12,26	11,95	11,62	11,29	10,95	10,61	17,72
06/07/2022 13:20:00	17,33	17,03	16,53	16,03	15,58	15,19	14,87	14,60	14,30	14,01	13,78	13,56	13,34	13,10	12,85	12,56	12,27	11,94	11,62	11,28	10,93	17,59
06/07/2022 13:25:00	17,62	17,34	16,86	16,40	16,00	15,67	15,34	14,98	14,68	14,44	14,15	13,89	13,63	13,35	13,08	12,76	12,45	12,10	11,76	11,39	11,03	17,70
06/07/2022 13:30:00	17,85	17,28	16,99	16,75	16,51	16,20	15,87	15,56	15,24	14,92	14,55	14,18	13,81	13,45	13,09	12,72	12,34	11,94	11,54	11,12	10,69	18,31
06/07/2022 13:35:00	17,85	17,45	17,08	16,73	16,38	16,01	15,65	15,29	14,95	14,61	14,29	13,98	13,66	13,34	13,02	12,66	12,31	11,93	11,55	11,15	10,75	18,74
06/07/2022 13:40:00	17,95	17,54	17,18	16,81	16,43	16,03	15,63	15,28	14,95	14,66	14,36	14,08	13,79	13,49	13,19	12,85	12,51	12,15	11,78	11,41	11,03	18,29
06/07/2022 13:45:00	18,07	17,78	17,40	17,00	16,60	16,14	15,70	15,37	14,99	14,59	14,26	13,93	13,61	13,28	12,95	12,59	12,23	11,85	11,47	11,08	10,69	19,25
06/07/2022 13:50:00	18,19	17,80	17,49	17,18	16,82	16,49	16,18	15,86	15,51	15,14	14,72	14,32	13,92	13,55	13,17	12,80	12,42	12,02	11,62	11,19	10,76	19,10
06/07/2022 13:55:00	18,39	18,03	17,62	17,23	16,87	16,49	16,09	15,66	15,29	14,94	14,59	14,24	13,90	13,55	13,21	12,84	12,46	12,07	11,68	11,26	10,85	18,72
06/07/2022 14:00:00	18,58	18,14	17,68	17,24	16,77	16,37	16,01	15,68	15,27	14,82	14,50	14,17	13,85	13,52	13,19	12,83	12,46	12,07	11,68	11,26	10,85	19,57
06/07/2022 14:05:00	18,79	18,35	17,88	17,42	16,98	16,52	16,06	15,62	15,22	14,83	14,48	14,13	13,78	13,44	13,09	12,72	12,35	11,96	11,57	11,16	10,76	19,33
06/07/2022 14:10:00	18,96	18,49	18,00	17,52	17,06	16,62	16,16	15,66	15,24	14,86	14,50	14,15	13,80	13,45	13,10	12,73	12,35	11,95	11,56	11,15	10,75	20,07
06/07/2022 14:15:00	19,16	18,74	18,20	17,66	17,18	16,65	16,14	15,77	15,42	15,12	14,72	14,36	14,01	13,67	13,34	13,00	12,66	12,30	11,94	11,56	11,18	19,75
06/07/2022 14:20:00	19,11	18,89	18,41	17,81	17,04	16,43	15,88	15,38	14,99	14,69	14,36	14,06	13,76	13,47	13,18	12,86	12,55	12,22	11,90	11,57	11,25	20,47
06/07/2022 14:25:00	19,26	18,86	18,29	17,74	17,28	16,68	16,11	15,69	15,24	14,78	14,49	14,20	13,91	13,59	13,28	12,91	12,54	12,15	11,77	11,37	10,98	19,79
06/07/2022 14:30:00	19,61	19,15	18,61	18,07	17,54	16,97	16,42	15,93	15,55	15,26	15,00	14,75	14,50	14,22	13,95	13,61	13,28	12,92	12,57	12,21	11,85	19,72
06/07/2022 14:35:00	19,99	19,64	19,09	18,53	17,98	17,48	17,02	16,53	16,06	15,61	15,18	14,78	14,39	14,01	13,63	13,23	12,84	12,43	12,02	11,59	11,16	21,31
06/07/2022 14:40:00	20,10	19,52	19,06	18,56	17,95	17,36	16,81	16,31	15,84	15,39	14,98	14,58	14,19	13,81	13,43	13,04	12,65	12,25	11,84	11,44	11,03	20,61
06/07/2022 14:45:00	20,05	19,57	19,08	18,57	18,04	17,43	16,84	16,37	15,91	15,45	15,03	14,64	14,25	13,87	13,49	13,09	12,70	12,29	11,89	11,47	11,06	20,44
06/07/2022 14:50:00	20,02	19,54	19,01	18,46	17,85	17,25	16,69	16,21	15,80	15,46	15,11	14,78	14,44	14,12	13,80	13,45	13,10	12,73	12,36	11,99	11,61	21,31
06/07/2022 14:55:00	19,90	19,48	18,98	18,43	17,81	17,24	16,71	16,23	15,79	15,40	15,06	14,74	14,42	14,10	13,77	13,41	13,05	12,67	12,30	11,91	11,53	21,17
06/07/2022 15:00:00	20,04	19,66	19,11	18,51	17,93	17,37	16,83	16,28	15,83	15,47	15,15	14,84	14,52	14,20	13,88	13,52	13,16	12,78	12,40	12,02	11,63	21,09
06/07/2022 15:05:00	20,19	19,78	19,13	18,47	17,88	17,34	16,85	16,41	15,98	15,58	15,32	15,08	14,84	14,56	14,29	13,95	13,61	13,24	12,87	12,49	12,11	21,67
06/07/2022 15:10:00	20,24	19,94	19,35	18,70	18,06	17,51	17,01	16,53	16,06	15,59	15,27	14,97	14,68	14,37	14,05	13,69	13,32	12,94	12,55	12,15	11,76	20,97
06/07/2022 15:15:00	20,30	19,88	19,25	18,62	18,09	17,62	17,17	16,69	16,30	16,00	15,62	15,27	14,92	14,59	14,25	13,90	13,56	13,17	12,79	12,39	11,99	20,96
06/07/2022 15:20:00	20,35	19,93	19,40	18,84	18,29	17,82	17,37	16,93	16,49	16,07	15,60	15,17	14,74	14,34	13,95	13,56	13,17	12,76	12,34	11,91	11,47	21,34
06/07/2022 15:25:00	20,34	20,04	19,54	18,99	18,38	17,87	17,40	16,92	16,48	16,06	15,59	15,16	14,73	14,34	13,95	13,56	13,18	12,77	12,36	11,94	11,51	20,19
06/07/2022 15:30:00	20,41	19,98	19,48	18,95	18,40	17,83	17,30	16,86	16,40	15,92	15,56	15,22	14,88	14,54	14,19	13,80	13,41	13,01	12,60	12,18	11,76	20,24
06/07/2022 15:35:00	20,35	19,92	19,40	18,84	18,26	17,70	17,20	16,80	16,38	15,96	15,60	15,27	14,93	14,61	14,28	13,91	13,55	13,17	12,78	12,38	11,98	19,79
06/07/2022 15:40:00	20,40	19,89	19,37	18,83	18,24	17,75	17,29	16,82	16,42	16,08	15,72	15,38	15,04	14,71	14,38	14,02	13,67	13,28	12,90	12,50	12,10	19,74
06/07/2022 15:45:00	20,39	19,92	19,42	18,90	18,34	17,87	17,46	17,08	16,66	16,22	15,86	15,52	15,19	14,85	14,51	14,14	13,77	13,37	12,96	12,54	12,12	19,92
06/07/2022 15:50:00	20,57	20,11	19,60	19,10	18,57	18,03	17,51	17,07	16,66	16,28	15,91	15,57	15,22	14,88	14,53	14,16	13,79	13,39	12,99	12,58	12,17	20,61
06/07/2022 15:55:00	20,71	20,33	19,84	19,32	18,76	18,19	17,67	17,26	16,84	16,40	16,00	15,62	15,25	14,89	14,53	14,15	13,77	13,37	12,97	12,55	12,13	21,80
06/07/2022 16:00:00	20,79	20,33	19,77	19,22	18,71	18,18	17,68	17,28	16,86	16,44	16,08	15,75	15,41	15,08	14,74	14,37	14,00	13,59	13,19	12,77	12,35	20,76
06/07/2022 16:05:00	21,00	20,44	19,87	19,31	18,80	18,25	17,70	17,25	16,86	16,52	16,13	15,76	15,38	15,03	14,68	14,31	13,95	13,55	13,15	12,74	12,33	21,96
06/07/2022 16:10:00	20,97	20,52	19,98	19,41	18,85	18,32	17,82	17,33	16,85	16,38	15,99	15,62	15,25	14,88	14,52	14,12	13,73	13,31	12,89	12,45	12,01	21,30
06/07/2022 16:15:00	21,00	20,62	20,09	19,53	18,89	18,32	17,80	17,37	16,91	16,43	16,06	15,73	15,39	15,05	14,71	14,33	13,95	13,55	13,14	12,72	12,31	20,66
06/07/2022 16:20:00	21,18	20,74	20,28	19,76	19,11	18,53	18,03	17,67	17,22	16,69	16,29	15,93	15,57	15,21	14,86	14,47	14,09	13,67	13,26	12,83	12,41	22,01
06/07/2022 16:25:00	21,31	20,77	20,28	19,78	19,25	18,76	18,29	17,82	17,35	16,86	16,49	16,13	15,78	15,42	15,06	14,65	14,25	13,81	13,38	12,92	12,47	23,55
06/07/2022 16:30:00	21,39	20,88	20,37	19,82	19,23	18,71	18,25	17,85	17,42	16,97	16,60	16,27	15,93	15,59	15,26	14,88	14,50	14,09	13,68	13,25	12,82	22,28
06/07/2022 16:35:00	21,55	21,11	20,54	19,94	19,31	18,71	18,13	17,52	16,99	16,54	16,13	15,74	15,35	14,97	14,59	14,18	13,77	13,35	12,92	12,49	12,06	23,58
06/07/2022 16:40:00	21,39	21,12	20,56	19,95	19,33	18,72	18,14	17,65	17,20	16,80	16,48	16,19	15,90	15,59	15,28	14,91	14,55	14,15	13,76	13,36	12,97	23,96
06/07/2022 16:45:00	21,47	21,22	20,66	20,10	19,58	19,06	18,53	17,96	17,50	17,14	16,69	16,26	15,84	15,44	15,04	14,64	14,24	13,81	13,38	12,93	12,48	23,57
06/07/2022 16:50:00	21,57	21,29	20,75	20,18	19,63	19,13	18,67	18,22	17,74	17,24	16,77	16,33	15,89	15,48	15,07	14,66	14,24	13,79	13,35	12,88	12,41	23,28
06/07/2022 16:55:00	21,86	21,36	20,77	20,20	19,74	19,15	18,55	18,06	17,55	17,02	16,58	16,16	15,75	15,35	14,94	14,51	14,08	13,62	13,17	12,70	12,22	23,21
06/07/2022 17:00:00	21,98	21,53	21,02	20,50	19,89	19,28	18,69	18,21	17,72	17,23	16,70	16,21	15,72	15,28	14,84	14,41	13,99	13,54	13,09	12,63	12,16	22,38
06/07/2022 17:05:00	22,14	21,60	20,95	20,27	19,58	18,87	18,17	17,59	17,06	16,58	16,31	16,07	15,82	15,53	15,24	14,86	14,48	14,08	13,69	13,30	12,90	23,65
06/07/2022 17:10:00	22,17	21,67	21,15	20,62	20,08	19,52	18,97	18,43	17,88	17,31	16,87	16,46	16,05	15,64	15,23	14,79	14,34	13,87	13,40	12,92	12,43	23,31
06/07/2022 17:15:00	22,34	21,87	21,43	20,95	20,30	19,60	18,89	18,24	17,65	17,12	16,54	15,98	15,42	14,92	14,42	13,95	13,48	13,01	12,54	12,06	11,59	23,86
06/07/2022 17:20:00	22,30	21,72	21,13	20,53	19,94	19,32	18,68	18,06	17,47	16,90	16,35	15,83	15,32	14,85	14,38	13,91	13,45	12,97	12,50	12,01	11,52	22,54
06/07/2022 17:25:00	22,02	21,57	21,00	20,40	19,85	19,27	18,70	18,18	17,69	17,22	16,74	16,29	15,83	15,42	15,00	14,58	14,16	13,72	13,28	12,82	12,36	22,88
06/07/2022 17:30:00	22,03	21,52	20,98	20,43	19,83	19,20	18,59	18,10	17,57	17,02	16,54	16,10	15,66	15,24	14,82	14,39	13,96	13,51	13,05	12,59	12,13	22,33
06/07/2022 17:35:00	21,98	21,60	21,06	20,44	19,75	19,20	18,70	18,12	17,56	17,02	16,59	16,20	15,80	15,41	15,02	14,60	14,18	13,74	13,29	12,83	12,38	22,12
06/07/2022 17:40:00	22,03	21,59	21,04	20,46	19,86	19,20	18,55	17,99	17,47	16,98	16,48	16,01	15,54	15,11	14,68	14,25	13,82	13,38	12,93	12,48	12,02	22,58
06/07/2022 17:45:00	21,96	21,56	20,97	20,36	19,79	19,17	18,57	18,06	17,57	17,11	16,63	16,17	15,72	15,31	14,89	14,48	14,07	13,63	13,20	12,75	12,30	21,78
06/07/2022 17:50:00	21,95	21,44	20,91	20,35	19,73	19,16	18,64	18,13	17,62	17,10	16,66	16,26	15,85	15,46	15,06	14,64	14,23	13,79	13,34	12,88	12,43	21,94
06/07/2022 17:55:00	21,95	21,44	20,83	20,21	19,64	19,02	18,42	17,91	17,43	17,01	16,67	16,35	16,03	15,70	15,36	14,98	14,59	14,18	13,77	13,35	12,93	21,99
06/07/2022 18:00:00	22,05	21,63	21,09	20,50	19,88	19,31	18,76	18,15	17,61	17,15	16,69	16,26	15,82	15,41	15,00	14,58	14,15	13,71	13,27	12,81	12,35	22,30
06/07/2022 18:05:00	21,86	21,55	20,98	20,38	19,81	19,23	18,68	18,23	17,76	17,27	16,79	16,35	15,91	15,50	15,09	14,69	14,28	13,84	13,40	12,95	12,49	21,96
06/07/2022 18:10:00	21,94	21,57	21,02	20,49	20,00	19,52	19,04	18,48	17,94	17,41	16,95	16,51	16,07	15,64	15,22	14,77	14,32	13,85	13,37	12,87	12,37	22,38
06/07/2022 18:15:00	21,91	21,55	21,00	20,42	19,84	19,26	18,69	18,16	17,64	17,13	16,69	16,28	15,87	15,47	15,07	14,65	14,23	13,78	13,33	12,88	12,42	21,71
06/07/2022 18:20:00	21,86	21,48	20,97	20,40	19,77	19,19	18,65	18,10	17,59	17,10	16,64	16,22	15,80	15,39	14,99	14,57	14,16	13,72	13,27	12,82	12,37	21,62
06/07/2022 18:25:00	21,68	21,30	20,75	20,19	19,65	19,09	18,57	18,16	17,74	17,32	16,88	16,47	16,06	15,68	15,30	14,91	14,52	14,10	13,67	13,23	12,79	21,21
06/07/2022 18:30:00	21,77	21,33	20,77	20,19	19,58	19,02	18,50	18,01	17,49	16,93	16,58	16,27	15,95	15,61	15,27	14,86	14,45	14,01	13,58	13,13	12,68	21,02
06/07/2022 18:35:00	21,56	21,17	20,68	20,18	19,59	19,07	18,57	18,06	17,57	17,11	16,66	16,25	15,83	15,43	15,04	14,62	14,21	13,77	13,33	12,87	12,41	20,96
06/07/2022 18:40:00	21,41	21,05	20,68	20,24	19,53	18,97	18,47	17,96	17,48	17,02	16,60	16,20	15,81	15,42	15,04	14,64	14,24	13,82	13,40	12,96	12,53	21,06
06/07/2022 18:45:00	21,09	20,68	20,17	19,65	19,11	18,63	18,17	17,68	17,21	16,76	16,36	15,97	15,59	15,21	14,83	14,43	14,03	13,60	13,17	12,71	12,26	21,13
06/07/2022 18:50:00	21,04	20,66	20,16	19,64	19,14	18,65	18,17	17,66	17,19	16,75	16,39	16,05	15,70	15,35	14,99	14,59	14,19	13,77	13,34	12,89	12,45	20,97
06/07/2022 18:55:00	20,94	20,53	20,12	19,70	19,21	18,69	18,17	17,63	17,12	16,65	16,27	15,90	15,52	15,14	14,76	14,33	13,91	13,47	13,02	12,57	12,11	20,70
06/07/2022 19:00:00	20,97	20,58	20,12	19,61	19,05	18,58	18,15	17,71	17,23	16,71	16,30	15,93	15,55	15,18	14,80	14,40	13,99	13,55	13,12	12,66	12,21	20,61
06/07/2022 19:05:00	20,67	20,28	19,81	19,32	18,81	18,29	17,79	17,36	16,94	16,55	16,11	15,71	15,30	14,92	14,53	14,15	13,76	13,35	12,94	12,50	12,07	20,63
06/07/2022 19:10:00	20,69	20,26	19,85	19,40	18,89	18,44	18,02	17,56	17,11	16,65	16,23	15,83	15,43	15,04	14,65	14,24	13,84	13,40	12,97	12,51	12,06	20,75
06/07/2022 19:15:00	20,66	20,39	19,91	19,40	18,88	18,32	17,76	17,28	16,82	16,39	15,97	15,58	15,19	14,82	14,44	14,04	13,64	13,22	12,81	12,38	11,95	20,62
06/07/2022 19:20:00	20,63	20,25	19,77	19,27	18,77	18,26	17,78	17,38	16,96	16,53	16,10	15,70	15,30	14,93	14,55	14,16	13,77	13,35	12,94	12,50	12,06	20,61
06/07/2022 19:25:00	20,70	20,37	19,92	19,44	18,94	18,45	17,98	17,53	17,08	16,64	16,16	15,72	15,28	14,87	14,46	14,06	13,65	13,22	12,79	12,33	11,88	20,72
06/07/2022 19:30:00	20,59	20,34	19,86	19,37	18,92	18,39	17,87	17,44	17,01	16,60	16,19	15,81	15,42	15,05	14,68	14,29	13,89	13,47	13,06	12,62	12,18	20,76
06/07/2022 19:35:00	20,68	20,39	19,94	19,45	19,00	18,48	17,96	17,52	17,06	16,57	16,15	15,75	15,35	14,96	14,57	14,16	13,74	13,31	12,87	12,42	11,97	20,85
06/07/2022 19:40:00	20,73	20,32	19,84	19,37	18,93	18,42	17,91	17,45	17,02	16,62	16,21	15,82	15,43	15,05	14,67	14,27	13,88	13,45	13,02	12,58	12,14	20,68
06/07/2022 19:45:00	20,82	20,41	19,92	19,42	18,94	18,49	18,06	17,65	17,18	16,67	16,27	15,90	15,52	15,15	14,77	14,36	13,95	13,51	13,07	12,61	12,15	20,64
06/07/2022 19:50:00	20,71	20,37	19,91	19,41	18,90	18,35	17,82	17,40	16,97	16,53	16,14	15,77	15,40	15,03	14,67	14,28	13,89	13,48	13,07	12,64	12,21	20,77
06/07/2022 19:55:00	20,68	20,24	19,77	19,32	18,88	18,43	17,99	17,53	17,10	16,70	16,27	15,86	15,45	15,06	14,67	14,27	13,87	13,43	13,00	12,55	12,09	20,54
06/07/2022 20:00:00	20,51	20,29	19,83	19,36	18,93	18,42	17,91	17,50	17,08	16,68	16,24	15,84	15,43	15,05	14,66	14,27	13,87	13,45	13,03	12,58	12,14	20,47
06/07/2022 20:05:00	20,51	20,15	19,69	19,23	18,77	18,30	17,83	17,42	17,00	16,58	16,20	15,83	15,47	15,10	14,74	14,35	13,96	13,54	13,12	12,68	12,24	20,53
06/07/2022 20:10:00	20,49	20,23	19,73	19,25	18,88	18,44	17,99	17,54	17,13	16,75	16,33	15,93	15,53	15,15	14,76	14,37	13,97	13,54	13,11	12,66	12,21	20,57
06/07/2022 20:15:00	20,51	20,27	19,79	19,30	18,89	18,44	17,97	17,50	17,06	16,66	16,29	15,93	15,57	15,20	14,84	14,45	14,05	13,63	13,20	12,76	12,31	20,48
06/07/2022 20:20:00	20,52	20,20	19,73	19,25	18,85	18,43	17,99	17,49	17,04	16,64	16,26	15,89	15,52	15,15	14,78	14,38	13,97	13,54	13,11	12,65	12,20	20,57
06/07/2022 20:25:00	20,65	20,30	19,90	19,47	18,98	18,52	18,05	17,55	17,08	16,64	16,26	15,90	15,53	15,16	14,78	14,37	13,96	13,53	13,10	12,65	12,20	20,50
06/07/2022 20:30:00	20,56	20,26	19,85	19,45	19,03	18,62	18,21	17,79	17,40	17,04	16,62	16,22	15,81	15,43	15,05	14,66	14,27	13,84	13,41	12,96	12,51	20,21
06/07/2022 20:35:00	20,56	20,27	19,87	19,48	19,13	18,77	18,39	17,95	17,52	17,10	16,61	16,15	15,69	15,26	14,83	14,40	13,98	13,52	13,06	12,57	12,08	20,07
06/07/2022 20:40:00	20,19	19,93	19,47	18,99	18,55	18,11	17,68	17,23	16,82	16,45	16,08	15,73	15,38	15,03	14,68	14,30	13,92	13,51	13,10	12,67	12,24	19,98
06/07/2022 20:45:00	19,91	19,61	19,24	18,88	18,51	18,05	17,56	17,11	16,71	16,35	15,95	15,56	15,16	14,78	14,40	14,00	13,60	13,18	12,76	12,32	11,88	19,93
06/07/2022 20:50:00	19,79	19,65	19,27	18,87	18,44	18,04	17,63	17,16	16,73	16,33	15,97	15,61	15,26	14,90	14,54	14,15	13,75	13,33	12,90	12,46	12,02	19,94
06/07/2022 20:55:00	19,89	19,63	19,28	18,94	18,66	18,27	17,83	17,36	16,93	16,52	16,13	15,73	15,32	14,93	14,53	14,11	13,69	13,24	12,79	12,32	11,85	19,94
06/07/2022 21:00:00	20,02	19,62	19,24	18,87	18,55	18,14	17,71	17,34	17,00	16,69	16,31	15,94	15,57	15,21	14,86	14,48	14,11	13,70	13,29	12,85	12,41	19,97
06/07/2022 21:05:00	19,89	19,60	19,22	18,82	18,48	18,11	17,72	17,33	16,96	16,60	16,24	15,89	15,54	15,19	14,83	14,45	14,07	13,65	13,23	12,79	12,35	19,82
06/07/2022 21:10:00	19,83	19,64	19,22	18,76	18,32	17,93	17,54	17,09	16,66	16,27	16,03	15,78	15,53	15,23	14,94	14,57	14,20	13,80	13,39	12,97	12,55	19,77
06/07/2022 21:15:00	19,82	19,63	19,36	19,05	18,62	18,21	17,78	17,33	16,91	16,52	16,18	15,85	15,51	15,16	14,81	14,41	14,01	13,59	13,17	12,73	12,29	19,88
06/07/2022 21:20:00	19,91	19,83	19,54	19,20	18,81	18,45	18,06	17,62	17,24	16,92	16,52	16,13	15,75	15,38	15,00	14,61	14,23	13,80	13,38	12,94	12,49	19,99
06/07/2022 21:25:00	19,80	19,64	19,33	18,98	18,62	18,34	18,05	17,66	17,31	17,00	16,67	16,35	16,03	15,70	15,37	15,00	14,63	14,22	13,81	13,36	12,92	19,59
06/07/2022 21:30:00	19,65	19,55	19,25	18,94	18,59	18,22	17,84	17,44	17,07	16,73	16,38	16,04	15,69	15,34	14,99	14,61	14,22	13,80	13,38	12,94	12,50	19,20
06/07/2022 21:35:00	19,63	19,52	19,22	18,92	18,64	18,37	18,07	17,66	17,28	16,92	16,56	16,20	15,84	15,47	15,11	14,71	14,31	13,87	13,43	12,96	12,49	19,00
06/07/2022 21:40:00	19,69	19,59	19,21	18,83	18,56	18,23	17,87	17,46	17,10	16,78	16,41	16,05	15,68	15,32	14,96	14,58	14,20	13,77	13,35	12,89	12,44	19,61
06/07/2022 21:45:00	19,36	19,71	19,40	18,98	18,51	18,07	17,65	17,24	16,82	16,41	16,08	15,78	15,47	15,15	14,82	14,45	14,07	13,67	13,26	12,84	12,43	19,39
06/07/2022 21:50:00	19,20	19,41	19,26	19,02	18,64	18,21	17,79	17,39	16,98	16,56	16,16	15,78	15,40	15,01	14,63	14,22	13,82	13,38	12,95	12,51	12,07	19,03
06/07/2022 21:55:00	19,04	19,12	18,96	18,76	18,48	18,19	17,88	17,55	17,19	16,80	16,41	16,02	15,64	15,26	14,88	14,48	14,07	13,64	13,20	12,73	12,27	18,82
06/07/2022 22:00:00	18,70	18,52	18,31	18,05	17,71	17,47	17,22	16,90	16,55	16,20	15,88	15,56	15,23	14,90	14,57	14,19	13,82	13,41	13,00	12,56	12,12	18,68
06/07/2022 22:05:00	18,63	18,64	18,41	18,17	18,01	17,72	17,39	17,03	16,70	16,39	16,07	15,75	15,42	15,08	14,74	14,35	13,97	13,55	13,13	12,68	12,23	18,12
06/07/2022 22:10:00	18,30	18,27	18,02	17,75	17,46	17,24	16,99	16,64	16,35	16,10	15,77	15,45	15,13	14,81	14,49	14,14	13,79	13,39	13,00	12,58	12,15	18,22
06/07/2022 22:15:00	18,20	18,22	18,07	17,84	17,45	17,13	16,81	16,44	16,02	15,57	15,22	14,86	14,50	14,13	13,77	13,36	12,96	12,54	12,12	11,68	11,24	18,14
06/07/2022 22:20:00	18,24	18,17	18,00	17,77	17,42	17,07	16,72	16,37	16,04	15,72	15,26	14,83	14,40	14,01	13,62	13,24	12,85	12,45	12,04	11,62	11,19	18,19
06/07/2022 22:25:00	18,41	18,40	18,14	17,81	17,41	17,05	16,69	16,33	15,97	15,63	15,28	14,95	14,62	14,29	13,96	13,60	13,23	12,84	12,45	12,05	11,64	18,34
06/07/2022 22:30:00	18,42	18,48	18,24	17,90	17,44	17,08	16,73	16,35	15,99	15,66	15,30	14,96	14,62	14,29	13,95	13,59	13,23	12,85	12,46	12,06	11,66	18,59
06/07/2022 22:35:00	18,48	18,52	18,38	18,16	17,81	17,44	17,06	16,70	16,33	15,95	15,51	15,10	14,68	14,28	13,89	13,49	13,09	12,67	12,25	11,82	11,38	18,54
06/07/2022 22:40:00	18,40	18,64	18,43	18,14	17,81	17,45	17,06	16,65	16,27	15,92	15,56	15,21	14,86	14,51	14,15	13,77	13,38	12,97	12,56	12,14	11,71	18,67
06/07/2022 22:45:00	18,44	18,66	18,53	18,26	17,78	17,40	17,04	16,66	16,27	15,87	15,49	15,13	14,77	14,41	14,05	13,67	13,29	12,89	12,48	12,07	11,65	18,47
06/07/2022 22:50:00	18,51	18,63	18,45	18,22	17,93	17,57	17,20	16,85	16,46	16,05	15,73	15,41	15,09	14,74	14,40	14,00	13,61	13,18	12,76	12,32	11,88	18,54
06/07/2022 22:55:00	18,55	18,52	18,42	18,27	18,01	17,73	17,42	17,06	16,70	16,33	15,97	15,61	15,25	14,88	14,51	14,11	13,70	13,27	12,84	12,38	11,93	18,32
06/07/2022 23:00:00	18,12	18,14	18,01	17,85	17,59	17,33	17,04	16,68	16,35	16,04	15,70	15,37	15,03	14,68	14,33	13,95	13,57	13,15	12,74	12,30	11,86	18,21
06/07/2022 23:05:00	18,16	18,16	18,01	17,81	17,56	17,30	17,01	16,68	16,35	16,03	15,72	15,41	15,10	14,77	14,44	14,06	13,69	13,28	12,87	12,44	12,01	18,07
06/07/2022 23:10:00	18,05	18,21	18,06	17,87	17,66	17,42	17,13	16,78	16,45	16,14	15,78	15,42	15,06	14,70	14,34	13,95	13,57	13,15	12,73	12,28	11,84	18,01
06/07/2022 23:15:00	17,93	18,04	17,95	17,85	17,72	17,58	17,35	17,00	16,71	16,44	16,02	15,61	15,19	14,80	14,41	14,01	13,61	13,18	12,74	12,27	11,80	18,01
06/07/2022 23:20:00	17,94	18,25	18,25	18,14	17,85	17,54	17,21	16,87	16,54	16,22	15,85	15,49	15,13	14,77	14,41	14,02	13,64	13,23	12,82	12,39	11,96	17,97
06/07/2022 23:25:00	17,87	18,10	18,01	17,86	17,66	17,44	17,17	16,81	16,50	16,20	15,88	15,55	15,22	14,88	14,54	14,16	13,77	13,36	12,94	12,50	12,07	17,87
06/07/2022 23:30:00	17,96	18,23	18,17	18,03	17,82	17,49	17,13	16,79	16,46	16,15	15,80	15,46	15,11	14,76	14,41	14,02	13,64	13,22	12,81	12,38	11,95	17,91
06/07/2022 23:35:00	17,94	18,30	18,23	18,04	17,72	17,41	17,08	16,74	16,39	16,05	15,73	15,42	15,10	14,77	14,44	14,06	13,69	13,28	12,88	12,46	12,04	17,92
06/07/2022 23:40:00	17,94	18,33	18,20	17,99	17,74	17,40	17,05	16,72	16,34	15,95	15,70	15,43	15,16	14,84	14,53	14,15	13,76	13,36	12,95	12,52	12,10	17,95
06/07/2022 23:45:00	17,93	18,24	18,14	17,95	17,68	17,44	17,18	16,87	16,57	16,28	15,93	15,60	15,27	14,93	14,60	14,23	13,86	13,46	13,06	12,63	12,21	17,94
06/07/2022 23:50:00	17,89	18,13	18,15	18,06	17,78	17,53	17,24	16,85	16,49	16,14	15,77	15,40	15,03	14,65	14,28	13,87	13,47	13,04	12,61	12,16	11,71	17,86
06/07/2022 23:55:00	17,80	18,12	18,16	18,09	17,89	17,62	17,32	16,99	16,64	16,28	15,84	15,41	14,98	14,57	14,16	13,75	13,33	12,90	12,46	12,00	11,54	17,86
