FileFormat:0002.2 file with temperature of atmosphere
SN105HE102
local	GMT or Local
0	GMT-Local=[hours]
0	Height[m]
0	0	0	Longitude                [grd]               [min]               [sec]
0	0	0	Latitude                [grd]               [min]               [sec]
N	NS
56,45	Freq[GHz]
0,00	dTemostat[K]
0,150	MessErr[K]
0,248	//[grad/step]
version 14.4.20120406
MTP5HE102F5645K-38.60I70D219217+A1.1
Commentary:
SN105HE102
парабола ДНА = 2,5 град
НЕ102 - ПУ - ХВБ с ЦСД " S "
АЦП - 202 - 09 с контр.U пит.и М
оптопара серии - 2
Т out № 178 пл
БП LPS - 112
End Of Commentary

SYSTEM\alaska.dat
data time	0	50	100	150	200	250	300	350	400	450	500	550	600	650	700	750	800	850	900	950	1000	OutsideTemperature
12/10/2019 00:00:00	3,26	3,29	3,03	2,71	2,67	3,01	3,57	4,24	4,77	5,18	5,58	6,00	6,42	6,71	6,99	7,06	7,14	7,10	7,06	6,92	6,77	3,29
12/10/2019 00:05:00	3,23	3,20	2,94	2,60	2,56	2,95	3,54	4,23	4,81	5,23	5,63	6,05	6,47	6,74	7,02	7,10	7,17	7,13	7,10	6,95	6,80	3,14
12/10/2019 00:10:00	3,10	3,17	2,95	2,71	2,77	3,15	3,75	4,41	4,89	5,29	5,70	6,09	6,48	6,72	6,95	6,98	7,01	6,94	6,87	6,70	6,54	3,18
12/10/2019 00:15:00	3,07	3,04	2,80	2,59	2,68	3,09	3,73	4,48	5,10	5,46	5,75	6,07	6,40	6,60	6,81	6,85	6,89	6,83	6,76	6,60	6,44	3,06
12/10/2019 00:20:00	3,04	2,95	2,70	2,47	2,55	3,06	3,75	4,49	5,02	5,42	5,79	6,14	6,49	6,68	6,88	6,89	6,90	6,81	6,72	6,54	6,37	3,11
12/10/2019 00:25:00	2,86	2,91	2,60	2,31	2,38	2,71	3,41	4,21	4,79	5,22	5,63	6,03	6,44	6,69	6,94	6,99	7,04	6,98	6,92	6,76	6,60	2,90
12/10/2019 00:30:00	2,84	2,79	2,62	2,40	2,41	2,81	3,39	4,04	4,54	4,92	5,30	5,69	6,09	6,34	6,60	6,66	6,72	6,67	6,63	6,48	6,33	2,86
12/10/2019 00:35:00	2,79	2,73	2,42	2,10	2,11	2,52	3,18	3,94	4,54	4,98	5,39	5,82	6,24	6,51	6,79	6,86	6,93	6,88	6,84	6,69	6,54	2,82
12/10/2019 00:40:00	2,61	2,79	2,43	2,04	2,00	2,29	2,87	3,61	4,25	4,72	5,17	5,64	6,11	6,43	6,74	6,84	6,93	6,91	6,89	6,75	6,61	2,62
12/10/2019 00:45:00	2,59	2,58	2,47	2,34	2,42	2,76	3,28	3,87	4,35	4,71	5,06	5,43	5,81	6,07	6,32	6,38	6,45	6,41	6,38	6,24	6,10	2,63
12/10/2019 00:50:00	2,53	2,59	2,38	2,13	2,18	2,60	3,15	3,79	4,31	4,72	5,14	5,55	5,96	6,21	6,46	6,51	6,55	6,50	6,44	6,29	6,13	2,51
12/10/2019 00:55:00	2,50	2,53	2,36	2,14	2,16	2,48	3,01	3,65	4,18	4,58	4,99	5,43	5,87	6,18	6,48	6,57	6,66	6,64	6,63	6,49	6,36	2,30
12/10/2019 01:00:00	2,41	2,45	2,26	2,06	2,11	2,44	3,01	3,67	4,19	4,60	5,03	5,47	5,91	6,20	6,49	6,57	6,64	6,61	6,58	6,44	6,30	2,28
12/10/2019 01:05:00	2,31	2,43	2,23	1,97	1,99	2,31	2,91	3,64	4,28	4,70	5,09	5,53	5,97	6,28	6,59	6,70	6,80	6,80	6,79	6,66	6,53	2,18
12/10/2019 01:10:00	2,35	2,46	2,31	2,12	2,16	2,52	3,09	3,78	4,36	4,76	5,15	5,57	5,99	6,29	6,58	6,67	6,76	6,75	6,73	6,60	6,46	1,98
12/10/2019 01:15:00	2,23	2,35	2,22	2,13	2,31	2,77	3,43	4,14	4,64	5,06	5,48	5,87	6,27	6,50	6,73	6,75	6,77	6,70	6,62	6,46	6,29	2,11
12/10/2019 01:20:00	2,19	2,28	2,14	2,07	2,34	2,89	3,59	4,33	4,86	5,25	5,61	5,91	6,22	6,37	6,52	6,49	6,46	6,35	6,23	6,04	5,85	1,95
12/10/2019 01:25:00	2,04	2,22	2,14	2,03	2,17	2,65	3,27	4,00	4,67	5,08	5,45	5,85	6,25	6,51	6,78	6,85	6,92	6,88	6,85	6,70	6,56	1,83
12/10/2019 01:30:00	1,85	1,99	1,82	1,58	1,60	2,02	2,65	3,42	4,12	4,56	4,97	5,44	5,90	6,22	6,55	6,66	6,78	6,78	6,78	6,65	6,52	1,88
12/10/2019 01:35:00	1,82	1,86	1,83	1,79	1,97	2,40	2,97	3,63	4,21	4,67	5,15	5,63	6,12	6,45	6,78	6,87	6,97	6,97	6,96	6,83	6,71	1,77
12/10/2019 01:40:00	1,72	1,91	1,74	1,60	1,81	2,33	3,01	3,81	4,56	5,05	5,50	5,95	6,40	6,69	6,98	7,05	7,12	7,08	7,05	6,90	6,75	1,78
12/10/2019 01:45:00	1,69	1,65	1,57	1,57	1,87	2,40	3,17	3,98	4,58	5,01	5,42	5,81	6,20	6,43	6,66	6,69	6,72	6,66	6,60	6,44	6,28	1,68
12/10/2019 01:50:00	1,58	1,76	1,65	1,55	1,75	2,26	3,02	3,84	4,47	4,90	5,29	5,68	6,07	6,31	6,54	6,59	6,63	6,57	6,51	6,35	6,19	1,71
12/10/2019 01:55:00	1,56	1,74	1,64	1,57	1,85	2,45	3,26	4,17	4,94	5,32	5,61	5,92	6,22	6,40	6,58	6,61	6,63	6,56	6,48	6,31	6,14	1,53
12/10/2019 02:00:00	1,52	1,57	1,40	1,35	1,66	2,29	3,11	3,97	4,64	5,12	5,56	5,95	6,35	6,56	6,78	6,79	6,80	6,71	6,63	6,45	6,28	1,41
12/10/2019 02:05:00	1,35	1,59	1,43	1,35	1,63	2,13	2,87	3,69	4,35	4,86	5,36	5,82	6,28	6,55	6,83	6,87	6,92	6,86	6,80	6,65	6,49	1,37
12/10/2019 02:10:00	1,44	1,58	1,74	1,96	2,27	2,51	3,03	3,66	4,30	4,65	5,00	5,43	5,85	6,19	6,53	6,67	6,81	6,85	6,90	6,80	6,70	1,39
12/10/2019 02:15:00	1,46	1,47	1,31	1,34	1,88	2,82	3,96	5,04	5,75	6,19	6,51	6,71	6,92	6,93	6,95	6,83	6,71	6,49	6,28	6,04	5,80	1,15
12/10/2019 02:20:00	1,19	1,30	1,27	1,23	1,44	1,94	2,72	3,56	4,17	4,71	5,27	5,82	6,37	6,73	7,09	7,20	7,30	7,29	7,28	7,15	7,02	1,18
12/10/2019 02:25:00	0,95	1,07	1,32	1,66	2,17	2,91	3,64	4,34	4,89	5,22	5,51	5,76	6,01	6,14	6,26	6,23	6,20	6,09	5,99	5,81	5,63	1,09
12/10/2019 02:30:00	1,08	0,74	0,82	1,42	2,57	3,90	4,99	5,86	6,43	6,65	6,68	6,46	6,24	5,89	5,54	5,17	4,79	4,39	3,99	3,67	3,35	0,97
12/10/2019 02:35:00	1,09	0,91	0,94	1,28	2,02	2,87	3,80	4,73	5,52	5,93	6,22	6,44	6,67	6,74	6,82	6,75	6,69	6,55	6,41	6,22	6,02	0,94
12/10/2019 02:40:00	1,02	1,03	1,07	1,25	1,76	2,45	3,33	4,23	4,95	5,51	6,04	6,52	6,99	7,27	7,55	7,59	7,63	7,57	7,52	7,37	7,21	1,16
12/10/2019 02:45:00	0,97	1,00	1,07	1,15	1,46	2,13	2,90	3,72	4,39	4,94	5,49	6,02	6,55	6,89	7,22	7,31	7,39	7,38	7,36	7,23	7,09	1,07
12/10/2019 02:50:00	0,84	0,93	1,00	1,29	1,99	2,92	3,97	4,98	5,76	6,16	6,45	6,65	6,86	6,90	6,95	6,86	6,76	6,59	6,42	6,20	5,99	0,84
12/10/2019 02:55:00	0,87	0,81	1,11	1,61	2,35	3,24	4,12	4,91	5,48	5,87	6,20	6,44	6,68	6,76	6,84	6,76	6,68	6,54	6,39	6,20	6,00	0,91
12/10/2019 03:00:00	0,86	0,81	0,99	1,28	1,92	3,02	4,03	5,00	5,76	6,19	6,52	6,77	7,02	7,10	7,18	7,11	7,04	6,88	6,73	6,52	6,31	0,67
12/10/2019 03:05:00	0,80	0,78	0,95	1,38	2,17	3,23	4,23	5,14	5,82	6,22	6,52	6,69	6,85	6,86	6,86	6,72	6,59	6,38	6,18	5,95	5,72	0,77
12/10/2019 03:10:00	0,80	0,84	0,94	1,18	1,79	2,80	4,04	5,21	6,00	6,50	6,91	7,24	7,58	7,71	7,84	7,80	7,75	7,61	7,47	7,26	7,05	0,82
12/10/2019 03:15:00	0,71	0,69	1,00	1,55	2,31	3,09	3,87	4,62	5,27	5,68	6,04	6,33	6,62	6,77	6,92	6,89	6,85	6,75	6,65	6,48	6,31	0,58
12/10/2019 03:20:00	0,51	0,41	0,85	1,52	2,30	3,08	3,90	4,61	5,10	5,46	5,79	6,06	6,32	6,44	6,57	6,52	6,47	6,36	6,25	6,08	5,91	0,44
12/10/2019 03:25:00	0,56	0,39	0,59	1,30	2,45	3,74	4,86	5,82	6,48	6,79	6,93	6,87	6,80	6,59	6,38	6,09	5,81	5,49	5,17	4,88	4,59	0,52
12/10/2019 03:30:00	0,43	0,26	0,74	1,56	2,63	3,74	4,68	5,47	6,06	6,38	6,59	6,67	6,74	6,68	6,63	6,45	6,27	6,06	5,84	5,61	5,39	0,50
12/10/2019 03:35:00	0,38	0,34	0,74	1,58	2,72	3,90	4,93	5,76	6,29	6,62	6,83	6,85	6,87	6,73	6,59	6,35	6,10	5,81	5,53	5,27	5,00	0,52
12/10/2019 03:40:00	0,34	0,35	0,68	1,29	2,12	2,89	3,88	4,84	5,58	5,92	6,18	6,41	6,64	6,74	6,85	6,82	6,79	6,69	6,58	6,41	6,23	0,32
12/10/2019 03:45:00	0,38	0,07	0,21	0,84	2,07	3,76	5,31	6,54	7,18	7,53	7,67	7,51	7,36	7,00	6,65	6,25	5,85	5,41	4,96	4,61	4,26	0,08
12/10/2019 03:50:00	0,31	0,22	0,55	1,31	2,32	3,04	3,88	4,65	5,25	5,67	6,04	6,29	6,55	6,65	6,75	6,67	6,60	6,47	6,34	6,16	5,98	0,10
12/10/2019 03:55:00	0,14	0,13	0,70	1,55	2,54	3,67	4,51	5,17	5,63	5,91	6,10	6,16	6,22	6,16	6,09	5,91	5,73	5,51	5,29	5,06	4,84	0,21
12/10/2019 04:00:00	0,09	0,00	0,53	1,43	2,49	3,41	4,34	5,07	5,52	5,81	6,02	6,10	6,18	6,14	6,09	5,92	5,76	5,55	5,35	5,13	4,91	0,04
12/10/2019 04:05:00	0,10	-0,14	0,25	1,18	2,50	3,82	4,92	5,79	6,34	6,67	6,86	6,81	6,75	6,54	6,32	6,01	5,70	5,37	5,04	4,75	4,47	0,04
12/10/2019 04:10:00	0,08	-0,13	0,59	1,78	3,06	4,05	4,91	5,52	5,88	6,07	6,17	6,13	6,08	5,94	5,80	5,58	5,35	5,11	4,87	4,64	4,41	0,03
12/10/2019 04:15:00	-0,06	-0,03	0,88	1,87	2,72	3,49	4,31	4,96	5,42	5,55	5,63	5,76	5,88	5,96	6,04	6,02	6,00	5,92	5,85	5,69	5,54	-0,17
12/10/2019 04:20:00	-0,03	-0,14	0,60	1,64	2,74	3,71	4,63	5,34	5,81	5,98	6,05	6,05	6,04	5,96	5,88	5,72	5,56	5,37	5,17	4,96	4,75	-0,09
12/10/2019 04:25:00	-0,03	-0,28	0,27	1,26	2,47	3,64	4,78	5,67	6,20	6,44	6,55	6,52	6,49	6,33	6,18	5,95	5,72	5,46	5,20	4,95	4,70	-0,37
12/10/2019 04:30:00	-0,17	-0,17	0,62	1,74	2,90	3,93	4,67	5,21	5,56	5,73	5,82	5,79	5,76	5,64	5,52	5,32	5,11	4,89	4,66	4,44	4,21	-0,22
12/10/2019 04:35:00	-0,19	-0,26	0,42	1,47	2,65	3,74	4,71	5,44	5,87	6,04	6,10	6,03	5,96	5,80	5,64	5,41	5,18	4,93	4,67	4,43	4,19	-0,39
12/10/2019 04:40:00	-0,26	-0,21	0,45	1,38	2,46	3,50	4,61	5,45	5,89	6,11	6,24	6,24	6,24	6,13	6,02	5,82	5,63	5,39	5,15	4,91	4,67	-0,38
12/10/2019 04:45:00	-0,22	-0,24	0,65	1,75	2,79	3,76	4,62	5,27	5,68	5,85	5,95	6,01	6,06	6,04	6,02	5,90	5,77	5,62	5,46	5,26	5,07	-0,57
12/10/2019 04:50:00	-0,25	-0,20	0,49	1,54	2,72	3,78	4,73	5,52	6,15	6,32	6,37	6,35	6,32	6,21	6,11	5,93	5,76	5,55	5,34	5,12	4,90	-0,42
12/10/2019 04:55:00	-0,37	-0,29	0,89	2,37	3,65	4,52	5,10	5,46	5,74	5,79	5,80	5,74	5,69	5,60	5,51	5,35	5,19	5,02	4,86	4,67	4,48	-0,39
12/10/2019 05:00:00	-0,32	-0,37	0,80	2,52	4,08	4,96	5,48	5,69	5,80	5,83	5,80	5,61	5,43	5,20	4,98	4,69	4,41	4,16	3,90	3,67	3,45	-0,47
12/10/2019 05:05:00	-0,32	-0,26	0,84	2,21	3,45	4,52	5,18	5,58	5,84	5,91	5,91	5,82	5,72	5,57	5,42	5,21	5,00	4,78	4,56	4,34	4,12	-0,39
12/10/2019 05:10:00	-0,47	-0,40	0,75	2,21	3,53	4,52	5,38	5,89	6,07	6,12	6,11	5,98	5,86	5,68	5,50	5,26	5,02	4,78	4,53	4,30	4,07	-0,53
12/10/2019 05:15:00	-0,42	-0,39	1,05	2,65	3,85	4,74	5,16	5,33	5,44	5,47	5,50	5,50	5,50	5,48	5,46	5,34	5,21	5,09	4,97	4,81	4,64	-0,69
12/10/2019 05:20:00	-0,54	-0,18	1,47	3,26	4,45	4,89	5,30	5,39	5,33	5,17	5,05	4,97	4,89	4,86	4,83	4,74	4,65	4,57	4,48	4,34	4,19	-0,57
12/10/2019 05:25:00	-0,50	-0,37	0,73	2,10	3,40	4,58	5,46	6,06	6,41	6,46	6,41	6,26	6,11	5,90	5,70	5,46	5,22	4,96	4,71	4,47	4,23	-0,75
12/10/2019 05:30:00	-0,56	-0,31	0,87	2,31	3,58	4,58	5,32	5,81	6,10	6,14	6,12	6,02	5,91	5,77	5,63	5,43	5,23	5,02	4,81	4,60	4,38	-0,72
12/10/2019 05:35:00	-0,65	-0,47	0,99	2,62	3,87	4,69	5,29	5,61	5,77	5,76	5,74	5,70	5,66	5,61	5,56	5,44	5,31	5,18	5,05	4,87	4,70	-0,82
12/10/2019 05:40:00	-0,89	-0,84	0,45	2,09	3,50	4,54	5,20	5,56	5,75	5,81	5,82	5,72	5,63	5,48	5,33	5,12	4,90	4,69	4,47	4,26	4,05	-0,91
12/10/2019 05:45:00	-0,95	-0,78	0,50	2,03	3,30	4,28	4,94	5,29	5,45	5,50	5,50	5,43	5,35	5,22	5,10	4,91	4,71	4,51	4,32	4,11	3,90	-0,87
12/10/2019 05:50:00	-1,06	-0,83	0,52	2,10	3,36	4,18	4,75	5,05	5,20	5,26	5,31	5,31	5,30	5,26	5,22	5,08	4,94	4,80	4,66	4,48	4,30	-0,86
12/10/2019 05:55:00	-1,08	-0,95	0,37	2,00	3,33	4,16	4,77	5,10	5,29	5,37	5,44	5,44	5,44	5,40	5,36	5,21	5,07	4,92	4,77	4,60	4,42	-1,16
12/10/2019 06:00:00	-1,10	-1,00	0,10	1,57	2,98	4,11	5,06	5,67	5,95	6,07	6,10	5,98	5,87	5,67	5,48	5,23	4,97	4,71	4,45	4,21	3,97	-0,94
12/10/2019 06:05:00	-1,15	-1,04	0,23	1,69	2,90	3,92	4,66	5,08	5,23	5,35	5,43	5,43	5,43	5,36	5,29	5,12	4,95	4,77	4,59	4,40	4,20	-1,08
12/10/2019 06:10:00	-1,16	-1,08	-0,03	1,38	2,69	3,60	4,42	4,97	5,31	5,48	5,61	5,64	5,67	5,62	5,58	5,42	5,27	5,10	4,93	4,73	4,54	-1,19
12/10/2019 06:15:00	-1,21	-1,21	0,15	1,73	3,04	4,07	4,71	5,06	5,29	5,38	5,44	5,43	5,42	5,37	5,31	5,16	5,00	4,85	4,69	4,51	4,33	-1,23
12/10/2019 06:20:00	-1,31	-1,22	-0,07	1,28	2,49	3,58	4,50	5,09	5,37	5,53	5,65	5,66	5,68	5,61	5,54	5,38	5,21	5,02	4,84	4,63	4,42	-1,24
12/10/2019 06:25:00	-1,33	-1,16	-0,21	0,98	2,12	3,11	3,96	4,64	5,16	5,37	5,54	5,65	5,76	5,78	5,81	5,71	5,61	5,48	5,34	5,16	4,98	-1,30
12/10/2019 06:30:00	-1,32	-1,31	-0,28	1,08	2,37	3,43	4,35	5,00	5,41	5,60	5,74	5,78	5,81	5,76	5,71	5,55	5,39	5,21	5,03	4,83	4,63	-1,36
12/10/2019 06:35:00	-1,36	-1,22	-0,12	1,33	2,73	3,97	4,85	5,42	5,76	5,94	6,03	5,97	5,91	5,76	5,60	5,36	5,12	4,87	4,62	4,38	4,14	-1,40
12/10/2019 06:40:00	-1,30	-1,35	-0,13	1,53	3,09	4,29	5,17	5,74	6,11	6,16	6,11	5,94	5,77	5,55	5,33	5,07	4,82	4,56	4,31	4,08	3,85	-1,34
12/10/2019 06:45:00	-1,35	-1,37	-0,14	1,44	2,86	3,97	4,74	5,24	5,56	5,71	5,81	5,80	5,80	5,72	5,63	5,45	5,27	5,09	4,90	4,70	4,51	-1,45
12/10/2019 06:50:00	-1,41	-1,19	0,14	1,74	3,11	4,10	4,85	5,28	5,52	5,58	5,59	5,51	5,44	5,32	5,21	5,02	4,83	4,63	4,44	4,24	4,03	-1,37
12/10/2019 06:55:00	-1,55	-1,23	-0,01	1,42	2,71	3,76	4,62	5,20	5,55	5,69	5,77	5,77	5,77	5,70	5,62	5,46	5,29	5,10	4,92	4,71	4,51	-1,56
12/10/2019 07:00:00	-1,55	-1,22	-0,06	1,40	2,77	3,90	4,70	5,27	5,66	5,82	5,91	5,90	5,88	5,77	5,66	5,47	5,27	5,06	4,85	4,63	4,42	-1,64
12/10/2019 07:05:00	-1,61	-1,45	-0,26	1,32	2,75	3,80	4,61	5,16	5,53	5,67	5,76	5,75	5,74	5,65	5,56	5,38	5,21	5,02	4,83	4,63	4,43	-1,59
12/10/2019 07:10:00	-1,66	-1,54	-0,42	1,00	2,33	3,47	4,33	4,91	5,26	5,45	5,58	5,60	5,61	5,53	5,44	5,26	5,08	4,88	4,68	4,47	4,26	-1,67
12/10/2019 07:15:00	-1,79	-1,53	-0,55	0,64	1,77	2,74	3,65	4,34	4,80	5,05	5,27	5,41	5,55	5,59	5,63	5,53	5,44	5,30	5,17	4,99	4,80	-1,69
12/10/2019 07:20:00	-1,74	-1,59	-0,75	0,35	1,45	2,42	3,33	4,04	4,52	4,92	5,29	5,56	5,83	5,94	6,06	5,98	5,91	5,80	5,68	5,51	5,34	-1,75
12/10/2019 07:25:00	-1,70	-1,57	-0,62	0,63	1,87	2,98	3,98	4,74	5,24	5,53	5,77	5,90	6,03	6,04	6,04	5,91	5,79	5,62	5,46	5,26	5,07	-1,69
12/10/2019 07:30:00	-1,67	-1,57	-0,49	0,88	2,16	3,17	4,06	4,71	5,16	5,45	5,71	5,88	6,05	6,10	6,15	6,05	5,95	5,82	5,69	5,52	5,34	-1,80
12/10/2019 07:35:00	-1,73	-1,71	-0,71	0,68	2,06	3,21	4,18	4,91	5,42	5,67	5,84	5,89	5,95	5,90	5,84	5,68	5,52	5,34	5,15	4,95	4,74	-1,87
12/10/2019 07:40:00	-1,89	-1,84	-0,86	0,49	1,86	3,07	4,08	4,84	5,36	5,65	5,87	5,94	6,02	5,97	5,92	5,75	5,58	5,39	5,20	4,99	4,78	-1,86
12/10/2019 07:45:00	-1,94	-1,78	-0,78	0,51	1,81	3,03	4,00	4,80	5,41	5,71	5,95	6,09	6,22	6,23	6,24	6,11	5,98	5,82	5,67	5,47	5,27	-1,86
12/10/2019 07:50:00	-1,89	-1,82	-0,73	0,69	2,07	3,29	4,24	4,93	5,40	5,65	5,83	5,89	5,94	5,88	5,83	5,65	5,48	5,29	5,10	4,89	4,68	-1,87
12/10/2019 07:55:00	-1,87	-1,86	-0,83	0,52	1,83	3,03	3,97	4,67	5,13	5,49	5,80	5,98	6,16	6,19	6,23	6,10	5,97	5,82	5,66	5,47	5,28	-1,94
12/10/2019 08:00:00	-1,89	-1,83	-0,64	0,90	2,34	3,47	4,46	5,17	5,61	5,80	5,93	5,95	5,98	5,91	5,85	5,69	5,53	5,35	5,17	4,97	4,77	-2,10
12/10/2019 08:05:00	-2,00	-1,83	-0,84	0,53	1,89	3,04	4,03	4,79	5,33	5,54	5,67	5,70	5,73	5,66	5,59	5,43	5,27	5,08	4,89	4,68	4,47	-2,02
12/10/2019 08:10:00	-1,99	-1,86	-0,91	0,40	1,74	2,93	3,94	4,71	5,23	5,61	5,93	6,10	6,27	6,28	6,30	6,15	6,01	5,84	5,66	5,46	5,26	-1,96
12/10/2019 08:15:00	-1,94	-1,92	-1,06	0,11	1,34	2,52	3,51	4,32	4,94	5,24	5,47	5,59	5,72	5,73	5,73	5,61	5,49	5,33	5,17	4,98	4,79	-1,82
12/10/2019 08:20:00	-1,87	-1,92	-1,33	-0,36	0,81	1,96	3,14	4,18	4,97	5,46	5,88	6,20	6,51	6,63	6,76	6,70	6,64	6,52	6,40	6,23	6,05	-1,82
12/10/2019 08:25:00	-1,80	-1,75	-0,90	0,31	1,58	2,71	3,70	4,48	5,00	5,41	5,76	5,96	6,17	6,21	6,25	6,13	6,00	5,84	5,68	5,49	5,29	-1,80
12/10/2019 08:30:00	-1,72	-1,82	-1,21	-0,25	0,92	2,18	3,39	4,44	5,22	5,64	5,97	6,19	6,42	6,47	6,53	6,43	6,34	6,19	6,04	5,84	5,64	-1,56
12/10/2019 08:35:00	-1,51	-1,61	-0,95	0,11	1,32	2,42	3,54	4,51	5,22	5,68	6,07	6,36	6,64	6,75	6,86	6,79	6,71	6,59	6,47	6,29	6,11	-1,54
12/10/2019 08:40:00	-1,66	-1,73	-1,04	-0,04	1,08	2,29	3,37	4,26	4,89	5,33	5,72	5,98	6,24	6,33	6,41	6,32	6,23	6,09	5,95	5,76	5,57	-1,66
12/10/2019 08:45:00	-1,56	-1,79	-1,15	-0,22	0,86	2,04	3,11	4,05	4,78	5,24	5,64	5,94	6,24	6,37	6,51	6,46	6,41	6,31	6,20	6,03	5,86	-1,65
12/10/2019 08:50:00	-1,49	-1,64	-1,01	-0,02	1,10	2,20	3,23	4,11	4,78	5,25	5,66	5,95	6,25	6,38	6,50	6,44	6,38	6,26	6,15	5,98	5,80	-1,57
12/10/2019 08:55:00	-1,52	-1,71	-1,08	-0,11	1,00	2,14	3,10	3,95	4,63	5,11	5,55	5,86	6,18	6,32	6,47	6,41	6,36	6,25	6,15	5,98	5,81	-1,46
12/10/2019 09:00:00	-1,45	-1,67	-1,11	-0,19	0,92	2,07	3,19	4,19	4,96	5,38	5,73	5,98	6,24	6,34	6,44	6,38	6,32	6,20	6,08	5,91	5,73	-1,54
12/10/2019 09:05:00	-1,34	-1,58	-0,77	0,36	1,49	2,59	3,52	4,26	4,81	5,22	5,60	5,88	6,16	6,29	6,42	6,36	6,31	6,21	6,11	5,94	5,78	-1,37
12/10/2019 09:10:00	-1,31	-1,54	-1,04	-0,16	0,98	2,20	3,40	4,44	5,18	5,67	6,07	6,34	6,60	6,68	6,76	6,66	6,56	6,41	6,25	6,05	5,85	-1,27
12/10/2019 09:15:00	-1,29	-1,52	-0,80	0,30	1,53	2,69	3,79	4,71	5,40	5,80	6,14	6,36	6,59	6,66	6,73	6,64	6,55	6,42	6,28	6,10	5,91	-1,23
12/10/2019 09:20:00	-1,18	-1,39	-0,74	0,26	1,37	2,47	3,53	4,46	5,18	5,56	5,87	6,11	6,35	6,46	6,56	6,50	6,45	6,34	6,23	6,06	5,88	-1,11
12/10/2019 09:25:00	-1,02	-1,48	-0,89	0,07	1,17	2,30	3,34	4,19	4,78	5,24	5,66	5,95	6,25	6,37	6,49	6,42	6,35	6,24	6,12	5,95	5,77	-1,04
12/10/2019 09:30:00	-1,00	-1,41	-0,95	-0,03	1,16	2,40	3,56	4,55	5,27	5,76	6,18	6,43	6,69	6,75	6,82	6,70	6,59	6,42	6,26	6,06	5,86	-0,77
12/10/2019 09:35:00	-0,91	-1,31	-0,84	0,00	1,03	2,08	3,08	3,98	4,71	5,24	5,73	6,11	6,50	6,69	6,89	6,87	6,86	6,78	6,70	6,55	6,39	-0,67
12/10/2019 09:40:00	-0,75	-1,11	-0,71	0,10	1,15	2,21	3,31	4,27	4,97	5,43	5,83	6,11	6,39	6,49	6,60	6,53	6,46	6,33	6,21	6,02	5,84	-0,54
12/10/2019 09:45:00	-0,48	-0,97	-0,48	0,42	1,50	2,58	3,67	4,63	5,34	5,76	6,11	6,38	6,65	6,76	6,88	6,82	6,77	6,66	6,55	6,38	6,21	-0,57
12/10/2019 09:50:00	-0,44	-0,92	-0,43	0,50	1,60	2,74	3,79	4,67	5,28	5,78	6,23	6,53	6,84	6,96	7,07	6,99	6,91	6,77	6,64	6,46	6,27	-0,49
12/10/2019 09:55:00	-0,43	-0,73	-0,23	0,64	1,73	2,93	4,01	4,98	5,76	6,25	6,67	6,98	7,29	7,41	7,54	7,48	7,41	7,29	7,17	6,98	6,80	-0,54
12/10/2019 10:00:00	-0,31	-0,56	0,21	1,36	2,54	3,58	4,54	5,31	5,88	6,24	6,54	6,75	6,96	7,03	7,10	7,02	6,93	6,80	6,68	6,50	6,32	-0,14
12/10/2019 10:05:00	0,04	-0,39	0,53	1,92	3,26	4,33	5,24	5,89	6,28	6,51	6,68	6,74	6,79	6,75	6,70	6,53	6,37	6,19	6,01	5,81	5,61	0,71
12/10/2019 10:10:00	0,08	-0,25	0,34	1,35	2,44	3,41	4,39	5,15	5,60	6,00	6,36	6,60	6,84	6,91	6,99	6,88	6,77	6,63	6,48	6,29	6,10	0,33
12/10/2019 10:15:00	0,17	-0,07	0,36	1,05	1,87	2,74	3,72	4,62	5,29	5,69	6,04	6,35	6,66	6,84	7,02	7,02	7,01	6,94	6,87	6,72	6,56	0,97
12/10/2019 10:20:00	0,30	0,02	0,43	1,16	2,03	2,86	3,74	4,56	5,23	5,72	6,19	6,60	7,01	7,25	7,49	7,51	7,53	7,49	7,44	7,30	7,15	0,37
12/10/2019 10:25:00	0,37	0,04	0,44	1,18	2,12	3,15	4,18	5,04	5,59	6,02	6,40	6,64	6,89	6,97	7,04	6,94	6,84	6,69	6,53	6,33	6,13	0,71
12/10/2019 10:30:00	0,66	0,24	0,40	0,85	1,63	2,64	3,79	4,85	5,61	6,13	6,58	6,93	7,29	7,45	7,61	7,58	7,54	7,43	7,32	7,13	6,95	0,55
12/10/2019 10:35:00	0,79	0,30	0,67	1,44	2,41	3,40	4,45	5,31	5,82	6,27	6,68	6,94	7,21	7,30	7,39	7,29	7,19	7,03	6,88	6,68	6,48	0,76
12/10/2019 10:40:00	0,88	0,42	0,63	1,22	2,12	3,15	4,31	5,36	6,09	6,57	6,96	7,24	7,53	7,63	7,74	7,67	7,59	7,45	7,31	7,12	6,92	0,63
12/10/2019 10:45:00	1,05	0,48	0,78	1,42	2,32	3,44	4,53	5,48	6,16	6,61	6,99	7,25	7,51	7,60	7,69	7,61	7,53	7,38	7,23	7,03	6,84	1,56
12/10/2019 10:50:00	1,40	0,77	1,12	1,83	2,70	3,66	4,51	5,23	5,77	6,20	6,59	6,88	7,16	7,29	7,42	7,36	7,29	7,18	7,06	6,89	6,71	2,35
12/10/2019 10:55:00	1,55	1,06	1,20	1,75	2,59	3,37	4,27	5,09	5,69	6,18	6,65	6,99	7,34	7,50	7,66	7,61	7,56	7,44	7,33	7,15	6,98	2,11
12/10/2019 11:00:00	1,71	1,11	1,15	1,55	2,34	3,30	4,32	5,25	5,92	6,35	6,68	6,90	7,12	7,18	7,23	7,13	7,03	6,86	6,70	6,49	6,28	2,09
12/10/2019 11:05:00	1,95	1,28	1,37	1,79	2,52	3,39	4,30	5,12	5,71	6,19	6,63	6,96	7,29	7,44	7,59	7,54	7,49	7,37	7,25	7,07	6,89	2,66
12/10/2019 11:10:00	2,08	1,52	1,69	2,15	2,86	3,73	4,63	5,47	6,11	6,53	6,89	7,18	7,47	7,61	7,75	7,71	7,67	7,56	7,45	7,27	7,10	3,57
12/10/2019 11:15:00	2,36	1,83	1,77	2,03	2,64	3,31	4,10	4,90	5,60	6,16	6,68	7,14	7,60	7,86	8,13	8,16	8,19	8,14	8,08	7,93	7,78	4,01
12/10/2019 11:20:00	2,54	1,92	2,04	2,52	3,26	4,07	4,88	5,61	6,18	6,55	6,85	7,06	7,27	7,35	7,43	7,36	7,28	7,14	7,00	6,82	6,63	3,62
12/10/2019 11:25:00	2,79	2,12	2,22	2,74	3,55	4,35	5,16	5,87	6,39	6,71	6,95	7,10	7,24	7,26	7,27	7,15	7,03	6,86	6,68	6,48	6,27	4,91
12/10/2019 11:30:00	2,87	2,56	2,44	2,50	2,91	3,52	4,31	5,11	5,70	6,16	6,60	6,97	7,35	7,55	7,76	7,75	7,74	7,65	7,56	7,38	7,21	4,61
12/10/2019 11:35:00	3,24	2,54	2,34	2,44	2,93	3,72	4,62	5,49	6,11	6,51	6,83	7,07	7,30	7,39	7,48	7,42	7,35	7,20	7,06	6,86	6,66	5,07
12/10/2019 11:40:00	3,48	2,82	2,63	2,64	2,95	3,51	4,22	4,94	5,44	5,87	6,30	6,68	7,06	7,28	7,50	7,51	7,52	7,45	7,37	7,21	7,05	4,52
12/10/2019 11:45:00	3,48	2,84	2,65	2,71	3,14	3,90	4,69	5,45	6,04	6,45	6,79	7,05	7,32	7,43	7,54	7,48	7,42	7,28	7,14	6,94	6,75	4,90
12/10/2019 11:50:00	3,79	3,11	2,86	2,86	3,19	3,87	4,53	5,17	5,68	6,12	6,55	6,90	7,25	7,43	7,61	7,59	7,56	7,45	7,35	7,17	6,99	5,48
12/10/2019 11:55:00	3,88	3,40	3,19	3,13	3,35	3,89	4,51	5,16	5,68	6,09	6,47	6,83	7,19	7,40	7,61	7,62	7,64	7,56	7,48	7,31	7,15	5,43
12/10/2019 12:00:00	3,97	3,48	3,40	3,41	3,58	4,01	4,59	5,21	5,78	6,09	6,33	6,62	6,91	7,12	7,33	7,39	7,45	7,41	7,38	7,23	7,09	6,14
12/10/2019 12:05:00	4,27	3,59	3,26	3,18	3,52	4,21	4,98	5,73	6,31	6,71	7,06	7,33	7,59	7,70	7,81	7,75	7,69	7,54	7,39	7,19	6,99	5,65
12/10/2019 12:10:00	4,35	3,68	3,51	3,55	3,89	4,49	5,13	5,74	6,19	6,55	6,89	7,17	7,44	7,58	7,71	7,66	7,62	7,50	7,38	7,19	7,01	6,09
12/10/2019 12:15:00	4,57	3,98	3,63	3,50	3,76	4,38	5,13	5,90	6,52	6,87	7,11	7,31	7,51	7,60	7,68	7,63	7,58	7,44	7,30	7,10	6,90	6,23
12/10/2019 12:20:00	4,71	4,02	3,75	3,61	3,76	4,29	4,90	5,55	6,09	6,49	6,86	7,22	7,57	7,79	8,02	8,04	8,07	8,00	7,93	7,77	7,61	6,45
12/10/2019 12:25:00	4,95	4,30	3,89	3,67	3,86	4,39	5,09	5,81	6,26	6,64	7,01	7,31	7,61	7,75	7,88	7,83	7,77	7,63	7,49	7,29	7,09	6,71
12/10/2019 12:30:00	5,16	4,42	4,11	3,96	4,05	4,41	4,98	5,61	5,98	6,37	6,82	7,24	7,67	7,94	8,21	8,25	8,30	8,24	8,19	8,04	7,89	6,93
12/10/2019 12:35:00	5,36	4,80	4,45	4,22	4,35	4,82	5,57	6,36	6,79	7,11	7,40	7,66	7,91	8,03	8,14	8,10	8,05	7,91	7,77	7,57	7,37	6,50
12/10/2019 12:40:00	5,65	5,03	4,70	4,55	4,73	5,09	5,64	6,22	6,61	6,88	7,14	7,36	7,59	7,70	7,81	7,77	7,72	7,60	7,47	7,28	7,09	7,41
12/10/2019 12:45:00	5,74	5,21	4,80	4,55	4,69	5,12	5,73	6,37	6,83	7,14	7,39	7,61	7,82	7,91	8,00	7,95	7,89	7,74	7,60	7,40	7,19	7,05
12/10/2019 12:50:00	6,01	5,33	4,93	4,74	4,90	5,17	5,69	6,27	6,64	6,92	7,18	7,42	7,65	7,77	7,90	7,86	7,82	7,70	7,58	7,40	7,21	7,47
12/10/2019 12:55:00	6,16	5,50	5,10	4,83	4,84	5,11	5,53	6,00	6,36	6,58	6,75	6,93	7,11	7,21	7,32	7,28	7,25	7,14	7,02	6,84	6,66	8,21
12/10/2019 13:00:00	6,18	5,66	5,16	4,70	4,54	4,62	4,98	5,49	5,92	6,23	6,51	6,85	7,19	7,43	7,67	7,73	7,79	7,75	7,71	7,56	7,41	6,73
12/10/2019 13:05:00	6,29	5,88	5,42	4,96	4,75	4,77	5,00	5,37	5,62	5,90	6,26	6,63	7,01	7,27	7,53	7,58	7,63	7,59	7,54	7,39	7,24	9,11
12/10/2019 13:10:00	6,46	5,79	5,38	5,08	5,03	5,20	5,58	6,04	6,36	6,57	6,76	6,98	7,19	7,33	7,47	7,46	7,46	7,36	7,27	7,10	6,93	9,03
12/10/2019 13:15:00	6,59	6,06	5,64	5,24	5,07	5,20	5,46	5,82	6,21	6,47	6,68	6,96	7,24	7,44	7,65	7,69	7,74	7,69	7,64	7,48	7,33	9,02
12/10/2019 13:20:00	6,61	6,23	5,73	5,22	5,03	5,30	5,72	6,22	6,62	6,91	7,20	7,49	7,78	7,94	8,11	8,11	8,10	8,00	7,89	7,70	7,52	8,64
12/10/2019 13:25:00	7,02	6,53	6,08	5,63	5,37	5,35	5,51	5,78	6,09	6,35	6,62	6,96	7,30	7,56	7,82	7,89	7,96	7,94	7,91	7,78	7,64	9,92
12/10/2019 13:30:00	7,17	6,74	6,15	5,56	5,28	5,33	5,59	6,00	6,42	6,68	6,87	7,12	7,38	7,56	7,74	7,77	7,81	7,74	7,67	7,50	7,34	10,32
12/10/2019 13:35:00	7,31	6,76	6,29	5,82	5,55	5,62	5,81	6,08	6,39	6,58	6,71	6,92	7,12	7,27	7,43	7,45	7,47	7,40	7,33	7,17	7,01	9,10
12/10/2019 13:40:00	7,25	6,83	6,32	5,77	5,48	5,53	5,80	6,22	6,59	6,82	7,00	7,25	7,50	7,68	7,86	7,90	7,94	7,87	7,81	7,64	7,48	8,72
12/10/2019 13:45:00	7,44	6,98	6,45	5,92	5,67	5,67	5,89	6,23	6,54	6,74	6,91	7,13	7,36	7,51	7,67	7,68	7,70	7,62	7,53	7,36	7,19	9,29
12/10/2019 13:50:00	7,59	7,02	6,49	5,94	5,65	5,90	6,20	6,52	6,76	6,91	7,01	7,13	7,24	7,29	7,34	7,27	7,21	7,05	6,89	6,69	6,48	9,53
12/10/2019 13:55:00	7,70	7,05	6,55	6,15	5,97	5,90	5,90	5,95	6,11	6,29	6,55	6,82	7,10	7,30	7,49	7,51	7,52	7,46	7,40	7,25	7,10	9,83
12/10/2019 14:00:00	7,84	7,35	6,80	6,24	5,92	5,84	6,02	6,35	6,45	6,59	6,84	7,10	7,36	7,54	7,71	7,70	7,70	7,60	7,51	7,33	7,16	10,15
12/10/2019 14:05:00	7,86	7,43	6,98	6,51	6,21	5,96	5,93	6,06	6,20	6,37	6,62	6,94	7,26	7,52	7,77	7,84	7,91	7,89	7,87	7,73	7,60	10,65
12/10/2019 14:10:00	8,24	7,62	7,12	6,64	6,31	6,04	5,98	6,06	6,20	6,35	6,54	6,82	7,11	7,35	7,59	7,66	7,73	7,72	7,70	7,57	7,44	11,08
12/10/2019 14:15:00	8,32	7,92	7,36	6,79	6,47	6,38	6,52	6,79	6,99	7,08	7,12	7,23	7,34	7,41	7,48	7,45	7,42	7,30	7,18	6,99	6,80	11,46
12/10/2019 14:20:00	8,49	7,93	7,54	7,15	6,82	6,58	6,49	6,51	6,54	6,57	6,63	6,78	6,93	7,07	7,21	7,23	7,25	7,18	7,12	6,97	6,82	11,48
12/10/2019 14:25:00	8,51	8,00	7,51	6,97	6,56	6,46	6,46	6,54	6,70	6,84	7,02	7,27	7,52	7,71	7,91	7,95	7,99	7,93	7,88	7,72	7,57	12,18
12/10/2019 14:30:00	8,60	8,04	7,60	7,12	6,74	6,56	6,58	6,73	6,77	6,80	6,85	6,98	7,12	7,23	7,35	7,35	7,35	7,26	7,17	7,00	6,83	10,96
12/10/2019 14:35:00	8,63	8,09	7,62	7,18	6,89	7,01	7,18	7,37	7,47	7,47	7,42	7,40	7,38	7,33	7,29	7,18	7,07	6,88	6,69	6,47	6,24	11,87
12/10/2019 14:40:00	8,75	8,18	7,73	7,19	6,73	6,73	6,89	7,14	7,26	7,29	7,26	7,33	7,40	7,46	7,52	7,49	7,46	7,34	7,22	7,03	6,83	11,32
12/10/2019 14:45:00	8,80	8,40	7,85	7,21	6,71	6,51	6,54	6,73	6,86	6,96	7,05	7,24	7,43	7,59	7,75	7,77	7,80	7,73	7,66	7,49	7,33	10,70
12/10/2019 14:50:00	8,95	8,43	7,84	7,24	6,90	6,83	6,99	7,27	7,46	7,53	7,52	7,57	7,63	7,66	7,69	7,64	7,59	7,44	7,30	7,10	6,89	11,87
12/10/2019 14:55:00	9,04	8,58	8,06	7,47	7,06	6,89	6,93	7,11	7,30	7,36	7,33	7,41	7,49	7,57	7,65	7,65	7,65	7,55	7,45	7,27	7,09	11,08
12/10/2019 15:00:00	9,31	8,68	8,18	7,66	7,20	6,95	6,82	6,81	6,89	6,93	6,92	7,03	7,15	7,27	7,40	7,42	7,45	7,38	7,32	7,17	7,01	12,86
12/10/2019 15:05:00	9,20	8,85	8,31	7,68	7,22	6,98	6,93	7,03	7,07	7,13	7,25	7,44	7,63	7,77	7,91	7,91	7,91	7,82	7,73	7,56	7,38	11,27
12/10/2019 15:10:00	9,30	8,87	8,39	7,86	7,39	6,99	6,78	6,74	6,66	6,67	6,79	7,00	7,21	7,39	7,57	7,60	7,63	7,57	7,51	7,36	7,21	12,05
12/10/2019 15:15:00	9,40	8,90	8,44	7,96	7,57	7,27	7,10	7,03	6,96	6,93	6,97	7,08	7,19	7,28	7,38	7,36	7,33	7,23	7,13	6,96	6,79	12,98
12/10/2019 15:20:00	9,39	8,87	8,37	7,89	7,57	7,32	7,22	7,22	7,18	7,15	7,17	7,23	7,30	7,35	7,40	7,35	7,29	7,17	7,04	6,85	6,66	12,56
12/10/2019 15:25:00	9,39	9,04	8,51	7,90	7,43	7,16	7,03	7,01	6,98	7,00	7,12	7,28	7,45	7,57	7,69	7,68	7,66	7,55	7,45	7,27	7,10	12,24
12/10/2019 15:30:00	9,47	9,09	8,66	8,15	7,68	7,34	7,10	6,96	6,90	6,90	7,01	7,21	7,40	7,57	7,74	7,76	7,77	7,71	7,65	7,49	7,34	12,34
12/10/2019 15:35:00	9,68	9,16	8,68	8,17	7,71	7,39	7,17	7,05	7,05	7,06	7,12	7,27	7,43	7,57	7,72	7,74	7,76	7,69	7,62	7,47	7,31	12,80
12/10/2019 15:40:00	9,75	9,34	8,85	8,35	7,96	7,71	7,54	7,44	7,44	7,42	7,40	7,45	7,50	7,55	7,60	7,56	7,51	7,39	7,26	7,08	6,89	12,10
12/10/2019 15:45:00	9,77	9,32	8,77	8,19	7,79	7,53	7,40	7,36	7,34	7,34	7,41	7,53	7,64	7,73	7,81	7,77	7,73	7,61	7,49	7,30	7,12	12,58
12/10/2019 15:50:00	9,72	9,30	8,87	8,37	7,93	7,63	7,44	7,34	7,41	7,40	7,30	7,33	7,37	7,43	7,50	7,49	7,49	7,40	7,31	7,15	6,98	12,52
12/10/2019 15:55:00	9,77	9,41	8,98	8,51	8,14	7,78	7,58	7,51	7,50	7,47	7,43	7,49	7,55	7,63	7,70	7,68	7,66	7,56	7,46	7,28	7,11	11,75
12/10/2019 16:00:00	9,78	9,49	9,09	8,62	8,19	7,83	7,54	7,34	7,24	7,20	7,25	7,39	7,52	7,64	7,76	7,74	7,73	7,64	7,55	7,38	7,22	13,25
12/10/2019 16:05:00	10,01	9,53	9,02	8,46	7,97	7,63	7,43	7,34	7,34	7,33	7,34	7,46	7,58	7,69	7,81	7,82	7,83	7,75	7,67	7,50	7,34	13,07
12/10/2019 16:10:00	9,96	9,61	9,06	8,44	7,97	7,65	7,54	7,59	7,55	7,54	7,60	7,73	7,86	7,96	8,06	8,03	8,00	7,88	7,77	7,58	7,40	12,90
12/10/2019 16:15:00	9,94	9,57	9,12	8,57	8,09	7,86	7,73	7,70	7,71	7,70	7,66	7,72	7,78	7,84	7,90	7,87	7,85	7,73	7,62	7,43	7,25	11,59
12/10/2019 16:20:00	9,96	9,63	9,25	8,80	8,34	7,98	7,73	7,59	7,46	7,40	7,46	7,60	7,75	7,87	8,00	8,00	7,99	7,91	7,82	7,65	7,49	12,13
12/10/2019 16:25:00	9,94	9,65	9,25	8,81	8,41	8,06	7,82	7,69	7,61	7,57	7,58	7,68	7,77	7,86	7,96	7,93	7,91	7,80	7,70	7,53	7,35	12,75
12/10/2019 16:30:00	10,02	9,67	9,25	8,79	8,44	8,19	8,03	7,95	7,89	7,80	7,70	7,68	7,66	7,64	7,63	7,54	7,46	7,30	7,14	6,94	6,74	13,34
12/10/2019 16:35:00	9,99	9,69	9,30	8,87	8,49	8,14	7,94	7,85	7,78	7,70	7,62	7,63	7,65	7,68	7,72	7,67	7,63	7,51	7,38	7,20	7,01	11,89
12/10/2019 16:40:00	9,95	9,67	9,34	8,99	8,66	8,34	8,05	7,83	7,68	7,58	7,55	7,58	7,62	7,65	7,69	7,63	7,56	7,43	7,30	7,11	6,93	12,89
12/10/2019 16:45:00	10,01	9,75	9,37	8,91	8,53	8,20	8,00	7,90	7,82	7,74	7,68	7,70	7,72	7,75	7,78	7,72	7,66	7,53	7,39	7,20	7,01	13,19
12/10/2019 16:50:00	10,10	9,78	9,43	9,00	8,56	8,18	7,94	7,83	7,71	7,63	7,61	7,70	7,78	7,87	7,96	7,95	7,93	7,84	7,74	7,57	7,40	12,89
12/10/2019 16:55:00	10,07	9,76	9,38	8,96	8,61	8,28	8,08	7,98	7,90	7,83	7,80	7,85	7,90	7,95	8,00	7,95	7,90	7,78	7,66	7,47	7,29	12,90
12/10/2019 17:00:00	10,00	9,83	9,41	8,94	8,60	8,31	8,09	7,96	7,87	7,80	7,79	7,82	7,86	7,88	7,90	7,82	7,73	7,58	7,42	7,22	7,02	12,45
12/10/2019 17:05:00	10,01	9,85	9,45	8,94	8,52	8,34	8,23	8,16	8,12	8,06	7,99	7,98	7,98	7,97	7,96	7,87	7,79	7,62	7,45	7,24	7,03	12,19
12/10/2019 17:10:00	10,00	9,77	9,44	9,04	8,69	8,45	8,28	8,17	8,04	7,95	7,94	7,97	8,00	8,02	8,04	7,96	7,88	7,73	7,57	7,37	7,17	12,31
12/10/2019 17:15:00	9,97	9,86	9,52	9,07	8,66	8,34	8,11	7,97	7,86	7,80	7,83	7,93	8,04	8,12	8,20	8,16	8,12	8,00	7,88	7,70	7,52	12,43
12/10/2019 17:20:00	9,94	9,80	9,56	9,20	8,76	8,46	8,17	7,94	7,78	7,67	7,64	7,69	7,74	7,81	7,87	7,82	7,78	7,66	7,55	7,36	7,18	11,85
12/10/2019 17:25:00	9,96	9,66	9,33	8,94	8,60	8,41	8,29	8,21	8,19	8,14	8,07	8,07	8,08	8,09	8,10	8,03	7,96	7,82	7,68	7,49	7,29	11,99
12/10/2019 17:30:00	9,96	9,70	9,37	8,95	8,55	8,30	8,15	8,10	8,06	8,00	7,90	7,91	7,92	7,94	7,97	7,92	7,86	7,74	7,61	7,42	7,22	12,23
12/10/2019 17:35:00	9,93	9,62	9,33	9,05	8,81	8,50	8,27	8,11	8,03	7,93	7,82	7,79	7,77	7,76	7,76	7,69	7,62	7,48	7,34	7,15	6,96	11,68
12/10/2019 17:40:00	9,78	9,65	9,34	8,95	8,60	8,36	8,19	8,10	7,99	7,89	7,81	7,81	7,80	7,79	7,79	7,70	7,62	7,46	7,30	7,10	6,90	11,40
12/10/2019 17:45:00	9,74	9,49	9,18	8,83	8,53	8,31	8,14	8,01	8,00	7,95	7,88	7,90	7,91	7,94	7,96	7,90	7,84	7,71	7,58	7,39	7,20	11,20
12/10/2019 17:50:00	9,75	9,50	9,18	8,83	8,53	8,34	8,18	8,06	8,03	8,00	7,98	8,03	8,08	8,11	8,15	8,09	8,03	7,89	7,76	7,57	7,38	10,84
12/10/2019 17:55:00	9,65	9,51	9,24	8,84	8,43	8,17	8,03	8,00	7,93	7,87	7,86	7,93	8,00	8,07	8,13	8,10	8,06	7,95	7,83	7,64	7,46	10,82
12/10/2019 18:00:00	9,45	9,45	9,18	8,81	8,52	8,20	8,07	8,08	7,99	7,95	7,99	8,10	8,20	8,28	8,36	8,31	8,27	8,15	8,02	7,83	7,65	10,41
12/10/2019 18:05:00	9,74	9,58	9,37	9,13	8,93	8,85	8,76	8,66	8,60	8,53	8,47	8,44	8,41	8,37	8,34	8,22	8,10	7,92	7,74	7,53	7,31	10,43
12/10/2019 18:10:00	9,67	9,61	9,40	9,10	8,82	8,66	8,57	8,53	8,48	8,41	8,32	8,31	8,30	8,29	8,28	8,19	8,11	7,95	7,79	7,58	7,38	10,16
12/10/2019 18:15:00	9,57	9,54	9,34	9,05	8,80	8,64	8,56	8,52	8,49	8,44	8,40	8,42	8,44	8,45	8,46	8,38	8,30	8,15	7,99	7,79	7,59	9,83
12/10/2019 18:20:00	9,39	9,63	9,55	9,30	9,00	8,71	8,53	8,44	8,36	8,28	8,23	8,27	8,32	8,37	8,41	8,36	8,31	8,19	8,06	7,87	7,68	9,63
12/10/2019 18:25:00	9,58	9,60	9,59	9,50	9,27	8,97	8,69	8,45	8,28	8,17	8,12	8,16	8,21	8,26	8,32	8,27	8,22	8,11	8,00	7,83	7,65	9,52
12/10/2019 18:30:00	9,41	9,60	9,52	9,29	9,00	8,80	8,61	8,46	8,42	8,35	8,27	8,29	8,30	8,32	8,35	8,28	8,22	8,09	7,95	7,76	7,57	9,37
12/10/2019 18:35:00	9,35	9,56	9,44	9,17	8,92	8,74	8,59	8,49	8,41	8,37	8,40	8,47	8,55	8,60	8,64	8,57	8,50	8,35	8,20	8,00	7,80	9,37
12/10/2019 18:40:00	9,31	9,50	9,37	9,13	8,92	8,61	8,43	8,36	8,22	8,14	8,13	8,18	8,24	8,27	8,31	8,23	8,16	8,01	7,87	7,67	7,47	9,28
12/10/2019 18:45:00	9,08	9,54	9,42	9,08	8,72	8,43	8,27	8,23	8,14	8,09	8,11	8,20	8,30	8,37	8,44	8,40	8,35	8,22	8,09	7,90	7,71	9,28
12/10/2019 18:50:00	9,22	9,48	9,34	9,09	8,87	8,70	8,61	8,58	8,57	8,51	8,45	8,45	8,44	8,44	8,43	8,34	8,25	8,08	7,92	7,71	7,50	9,16
12/10/2019 18:55:00	9,16	9,42	9,36	9,16	8,93	8,68	8,51	8,40	8,33	8,25	8,18	8,19	8,21	8,23	8,25	8,18	8,11	7,97	7,83	7,63	7,44	9,15
12/10/2019 19:00:00	9,24	9,64	9,52	9,25	8,97	8,71	8,47	8,29	8,22	8,18	8,23	8,33	8,43	8,50	8,57	8,51	8,46	8,33	8,19	8,00	7,81	9,25
12/10/2019 19:05:00	9,26	9,81	9,77	9,47	9,10	8,71	8,45	8,33	8,23	8,16	8,16	8,27	8,38	8,48	8,58	8,56	8,54	8,44	8,34	8,16	7,98	9,30
12/10/2019 19:10:00	9,27	9,82	9,74	9,41	9,03	8,68	8,48	8,42	8,30	8,22	8,24	8,34	8,44	8,52	8,61	8,57	8,53	8,40	8,28	8,09	7,90	9,39
12/10/2019 19:15:00	9,18	9,82	9,75	9,40	9,02	8,71	8,51	8,43	8,32	8,23	8,19	8,25	8,30	8,34	8,38	8,32	8,26	8,11	7,97	7,77	7,56	9,41
12/10/2019 19:20:00	9,25	9,75	9,74	9,46	9,07	8,85	8,66	8,53	8,52	8,48	8,39	8,43	8,46	8,51	8,56	8,52	8,48	8,36	8,24	8,05	7,86	9,34
12/10/2019 19:25:00	9,12	9,88	9,87	9,50	9,01	8,71	8,45	8,29	8,27	8,27	8,30	8,45	8,60	8,74	8,88	8,89	8,89	8,81	8,73	8,55	8,38	8,93
12/10/2019 19:30:00	9,17	9,80	9,73	9,40	9,09	8,90	8,75	8,67	8,70	8,68	8,63	8,67	8,71	8,73	8,76	8,69	8,62	8,47	8,33	8,12	7,91	8,98
12/10/2019 19:35:00	9,05	9,86	9,76	9,33	8,94	8,69	8,55	8,52	8,50	8,48	8,51	8,62	8,72	8,78	8,84	8,78	8,72	8,58	8,43	8,22	8,01	8,66
12/10/2019 19:40:00	8,99	9,54	9,51	9,22	8,91	8,70	8,62	8,64	8,59	8,55	8,55	8,63	8,71	8,76	8,82	8,76	8,70	8,57	8,43	8,23	8,02	8,60
12/10/2019 19:45:00	8,74	9,43	9,47	9,22	8,89	8,66	8,47	8,36	8,35	8,35	8,39	8,53	8,67	8,78	8,89	8,86	8,84	8,74	8,63	8,45	8,27	8,38
12/10/2019 19:50:00	8,74	9,26	9,26	9,07	8,91	8,88	8,88	8,92	8,99	8,98	8,94	8,96	8,97	8,96	8,96	8,86	8,76	8,59	8,41	8,19	7,97	8,37
12/10/2019 19:55:00	8,55	9,19	9,26	9,07	8,81	8,60	8,52	8,55	8,64	8,69	8,72	8,87	9,02	9,15	9,28	9,28	9,28	9,20	9,11	8,94	8,76	8,28
12/10/2019 20:00:00	8,48	9,11	9,23	9,16	9,07	9,01	9,02	9,08	9,07	9,05	9,06	9,12	9,17	9,19	9,21	9,11	9,02	8,85	8,69	8,47	8,25	8,36
12/10/2019 20:05:00	8,42	8,94	9,14	9,21	9,21	9,11	9,08	9,09	9,06	9,03	9,05	9,12	9,19	9,24	9,28	9,20	9,13	8,98	8,84	8,64	8,44	8,07
12/10/2019 20:10:00	8,27	8,84	9,15	9,30	9,29	9,21	9,13	9,06	8,99	8,94	8,92	8,97	9,01	9,05	9,08	9,00	8,93	8,79	8,65	8,45	8,26	8,08
12/10/2019 20:15:00	8,24	8,79	9,06	9,18	9,17	9,10	9,01	8,93	8,93	8,91	8,92	9,00	9,08	9,14	9,20	9,14	9,09	8,96	8,84	8,65	8,46	7,93
12/10/2019 20:20:00	8,07	8,73	9,06	9,25	9,29	9,24	9,18	9,12	9,13	9,11	9,08	9,13	9,18	9,21	9,24	9,16	9,09	8,95	8,82	8,62	8,42	7,82
12/10/2019 20:25:00	7,89	8,70	9,05	9,23	9,26	9,16	9,11	9,11	9,06	9,06	9,13	9,26	9,39	9,47	9,55	9,49	9,43	9,31	9,18	8,99	8,79	7,73
12/10/2019 20:30:00	7,87	8,62	8,95	9,17	9,34	9,43	9,52	9,60	9,61	9,54	9,44	9,36	9,28	9,18	9,08	8,91	8,75	8,53	8,31	8,06	7,82	7,50
12/10/2019 20:35:00	7,77	8,41	8,90	9,31	9,55	9,50	9,48	9,47	9,34	9,25	9,21	9,22	9,22	9,20	9,19	9,07	8,95	8,79	8,62	8,41	8,20	7,39
12/10/2019 20:40:00	7,73	8,63	9,14	9,46	9,53	9,52	9,50	9,48	9,41	9,34	9,29	9,32	9,35	9,36	9,37	9,28	9,19	9,04	8,89	8,68	8,48	7,26
12/10/2019 20:45:00	7,38	8,25	8,84	9,28	9,44	9,39	9,25	9,07	8,93	8,82	8,78	8,79	8,80	8,80	8,81	8,71	8,61	8,46	8,31	8,12	7,92	7,21
12/10/2019 20:50:00	7,28	8,29	8,97	9,48	9,63	9,47	9,27	9,06	8,92	8,80	8,73	8,76	8,78	8,83	8,87	8,81	8,75	8,64	8,53	8,35	8,17	7,21
12/10/2019 20:55:00	7,32	8,36	9,05	9,58	9,80	9,73	9,59	9,40	9,23	9,08	8,97	8,92	8,87	8,83	8,79	8,67	8,55	8,38	8,21	8,01	7,80	7,08
12/10/2019 21:00:00	7,28	8,45	9,14	9,65	9,86	9,81	9,66	9,46	9,33	9,21	9,11	9,08	9,05	9,02	9,00	8,88	8,77	8,60	8,44	8,23	8,02	7,00
12/10/2019 21:05:00	7,19	8,38	9,18	9,81	10,05	9,98	9,88	9,76	9,47	9,26	9,15	9,08	9,01	8,95	8,88	8,74	8,60	8,41	8,22	8,00	7,78	6,76
12/10/2019 21:10:00	7,20	8,55	9,43	10,06	10,22	10,08	9,79	9,45	9,21	9,01	8,86	8,81	8,76	8,75	8,73	8,63	8,53	8,38	8,24	8,05	7,85	6,80
12/10/2019 21:15:00	7,03	8,29	9,24	10,04	10,40	10,32	10,05	9,69	9,45	9,21	8,98	8,83	8,69	8,59	8,49	8,34	8,19	8,01	7,83	7,62	7,41	6,70
12/10/2019 21:20:00	6,66	8,18	9,13	9,86	10,10	9,88	9,54	9,17	8,92	8,69	8,49	8,41	8,32	8,29	8,25	8,16	8,06	7,92	7,78	7,59	7,40	6,62
12/10/2019 21:25:00	6,55	8,13	9,11	9,79	9,90	9,71	9,35	8,96	8,70	8,48	8,30	8,26	8,22	8,22	8,23	8,16	8,09	7,97	7,85	7,67	7,49	6,33
12/10/2019 21:30:00	6,13	7,85	8,86	9,55	9,68	9,38	9,00	8,60	8,25	8,02	7,92	7,92	7,92	7,96	7,99	7,92	7,86	7,75	7,64	7,46	7,28	6,17
12/10/2019 21:35:00	6,10	7,57	8,54	9,28	9,52	9,37	9,15	8,91	8,68	8,46	8,27	8,20	8,12	8,09	8,06	7,96	7,87	7,73	7,59	7,40	7,20	6,08
12/10/2019 21:40:00	6,01	7,50	8,45	9,17	9,47	9,37	9,17	8,91	8,64	8,45	8,32	8,26	8,19	8,15	8,10	7,97	7,84	7,67	7,50	7,30	7,09	5,83
12/10/2019 21:45:00	5,98	7,38	8,41	9,23	9,55	9,58	9,42	9,14	8,87	8,63	8,43	8,29	8,16	8,06	7,96	7,80	7,65	7,46	7,28	7,06	6,84	5,70
12/10/2019 21:50:00	5,64	7,22	8,19	8,86	9,06	9,00	8,84	8,63	8,39	8,20	8,08	8,05	8,02	8,00	7,98	7,88	7,77	7,62	7,47	7,27	7,07	5,69
12/10/2019 21:55:00	5,48	6,97	7,89	8,55	8,81	8,80	8,70	8,59	8,51	8,40	8,32	8,33	8,34	8,36	8,38	8,30	8,22	8,10	7,97	7,78	7,59	5,71
12/10/2019 22:00:00	5,78	7,48	8,47	9,16	9,42	9,40	9,22	9,00	8,83	8,68	8,58	8,56	8,53	8,51	8,50	8,39	8,28	8,13	7,97	7,77	7,57	5,73
12/10/2019 22:05:00	6,09	7,35	8,29	9,09	9,48	9,51	9,36	9,13	8,99	8,79	8,58	8,45	8,32	8,23	8,13	7,99	7,85	7,68	7,51	7,30	7,09	6,06
12/10/2019 22:10:00	5,94	7,57	8,60	9,32	9,51	9,28	8,99	8,70	8,45	8,28	8,20	8,24	8,29	8,35	8,42	8,38	8,34	8,25	8,16	7,99	7,82	5,91
12/10/2019 22:15:00	5,71	7,21	8,16	8,87	9,16	9,13	9,04	8,92	8,78	8,65	8,57	8,57	8,56	8,57	8,57	8,48	8,39	8,25	8,11	7,91	7,71	5,93
12/10/2019 22:20:00	5,35	6,99	8,00	8,74	9,09	9,10	9,05	8,96	8,87	8,75	8,64	8,61	8,59	8,57	8,55	8,46	8,36	8,21	8,06	7,86	7,66	5,86
12/10/2019 22:25:00	5,43	6,91	8,02	8,89	9,27	9,39	9,35	9,22	9,03	8,86	8,73	8,66	8,60	8,55	8,49	8,36	8,23	8,06	7,89	7,68	7,47	6,19
12/10/2019 22:30:00	5,44	6,79	7,92	8,88	9,35	9,46	9,43	9,31	9,16	9,00	8,87	8,80	8,74	8,70	8,65	8,53	8,41	8,26	8,10	7,90	7,70	6,08
12/10/2019 22:35:00	5,55	7,22	8,38	9,29	9,69	9,77	9,70	9,53	9,31	9,11	8,94	8,85	8,75	8,67	8,59	8,45	8,30	8,12	7,94	7,72	7,50	6,00
12/10/2019 22:40:00	5,62	7,52	8,61	9,45	9,81	9,69	9,55	9,38	9,12	8,93	8,81	8,77	8,73	8,69	8,65	8,52	8,40	8,23	8,07	7,85	7,64	6,03
12/10/2019 22:45:00	5,50	7,45	8,51	9,24	9,50	9,37	9,19	9,00	8,82	8,68	8,61	8,63	8,66	8,68	8,71	8,63	8,55	8,43	8,30	8,11	7,91	5,83
12/10/2019 22:50:00	5,44	7,21	8,37	9,28	9,69	9,70	9,56	9,33	9,11	8,91	8,75	8,66	8,57	8,50	8,43	8,29	8,15	7,98	7,80	7,59	7,38	5,51
12/10/2019 22:55:00	5,25	7,01	8,11	8,97	9,42	9,54	9,56	9,48	9,30	9,12	8,97	8,86	8,75	8,64	8,53	8,36	8,18	7,97	7,75	7,52	7,28	5,36
12/10/2019 23:00:00	5,14	6,75	7,95	8,93	9,43	9,51	9,46	9,31	9,14	8,97	8,82	8,74	8,66	8,61	8,55	8,42	8,29	8,12	7,96	7,75	7,54	5,11
12/10/2019 23:05:00	4,97	6,84	7,96	8,74	9,06	9,15	9,11	9,03	8,93	8,82	8,74	8,75	8,76	8,76	8,76	8,67	8,57	8,42	8,27	8,07	7,86	5,09
12/10/2019 23:10:00	4,98	6,87	7,95	8,76	9,17	9,23	9,18	9,08	9,01	8,89	8,79	8,77	8,74	8,71	8,67	8,55	8,44	8,27	8,11	7,90	7,68	4,93
12/10/2019 23:15:00	4,96	7,13	8,14	8,71	8,86	8,84	8,78	8,76	8,73	8,67	8,65	8,74	8,83	8,90	8,97	8,93	8,88	8,76	8,65	8,45	8,26	5,20
12/10/2019 23:20:00	5,01	6,98	8,12	8,95	9,28	9,16	9,05	8,93	8,78	8,64	8,53	8,54	8,55	8,58	8,60	8,53	8,46	8,34	8,22	8,03	7,84	4,95
12/10/2019 23:25:00	4,93	6,92	8,02	8,77	9,07	9,12	9,07	8,98	8,89	8,79	8,74	8,76	8,79	8,80	8,81	8,72	8,63	8,49	8,35	8,14	7,94	4,89
12/10/2019 23:30:00	4,95	6,61	7,88	8,94	9,48	9,52	9,47	9,33	9,13	8,95	8,82	8,77	8,71	8,67	8,63	8,51	8,39	8,23	8,08	7,87	7,67	4,98
12/10/2019 23:35:00	5,20	7,31	8,32	8,92	9,14	9,14	9,07	8,99	8,96	8,88	8,81	8,83	8,85	8,87	8,88	8,80	8,72	8,58	8,43	8,23	8,02	4,48
12/10/2019 23:40:00	5,34	7,84	8,83	9,29	9,29	9,05	8,78	8,58	8,48	8,37	8,33	8,42	8,51	8,60	8,69	8,67	8,64	8,54	8,45	8,26	8,08	4,66
12/10/2019 23:45:00	5,22	7,38	8,57	9,34	9,53	9,35	9,06	8,76	8,46	8,29	8,25	8,30	8,35	8,40	8,46	8,39	8,32	8,20	8,09	7,90	7,72	4,48
12/10/2019 23:50:00	5,04	7,11	8,26	9,01	9,27	9,24	9,12	8,96	8,81	8,65	8,54	8,52	8,51	8,51	8,51	8,42	8,33	8,19	8,05	7,85	7,65	4,89
12/10/2019 23:55:00	4,94	6,85	8,03	8,91	9,31	9,35	9,25	9,07	8,84	8,70	8,65	8,64	8,64	8,62	8,60	8,47	8,34	8,18	8,01	7,80	7,59	5,22
