FileFormat:0002.2 file with temperature of atmosphere
SN105HE102 RTK
local	GMT or Local
0	GMT-Local=[hours]
20	Height[m]
0	0	0	Longitude                [grd]               [min]               [sec]
0	0	0	Latitude                [grd]               [min]               [sec]
N	NS
56,45	Freq[GHz]
0,00	dTemostat[K]
0,150	MessErr[K]
0,248	//[grad/step]
version 14.4.20120406
MTP5HE102F5645K-38.60I70D222917+A1.1
Commentary:
SN105HE102
парабола ДНА = 2,5 град
НЕ102 - ПУ - ХВБ с ЦСД " S "
АЦП - 202 - 09 с контр.U пит.и М
оптопара серии - 2
Т out № 178 пл
БП LPS - 112
End Of Commentary

SYSTEM\alaska.dat
data time	0	50	100	150	200	250	300	350	400	450	500	550	600	650	700	750	800	850	900	950	1000	OutsideTemperature
07/01/2022 00:00:00	-16,06	-16,09	-16,25	-16,43	-16,53	-16,56	-16,57	-16,63	-16,67	-16,70	-16,74	-16,68	-16,63	-16,46	-16,30	-16,15	-16,01	-15,91	-15,82	-15,81	-15,80	-16,04
07/01/2022 00:05:00	-16,20	-16,41	-16,55	-16,63	-16,68	-16,71	-16,72	-16,76	-16,78	-16,77	-16,77	-16,68	-16,58	-16,39	-16,19	-16,03	-15,87	-15,76	-15,64	-15,62	-15,60	-16,15
07/01/2022 00:10:00	-16,28	-16,44	-16,52	-16,56	-16,50	-16,43	-16,49	-16,41	-16,46	-16,59	-16,75	-16,79	-16,83	-16,73	-16,64	-16,51	-16,39	-16,30	-16,22	-16,22	-16,21	-16,08
07/01/2022 00:15:00	-16,27	-16,49	-16,63	-16,71	-16,67	-16,54	-16,43	-16,44	-16,49	-16,57	-16,69	-16,74	-16,78	-16,70	-16,63	-16,53	-16,43	-16,38	-16,32	-16,33	-16,34	-16,28
07/01/2022 00:20:00	-16,30	-16,30	-16,56	-16,73	-16,80	-16,80	-16,79	-16,67	-16,62	-16,62	-16,63	-16,56	-16,49	-16,32	-16,15	-16,00	-15,84	-15,75	-15,65	-15,64	-15,64	-16,27
07/01/2022 00:25:00	-16,27	-16,28	-16,38	-16,52	-16,60	-16,60	-16,60	-16,65	-16,66	-16,65	-16,64	-16,54	-16,44	-16,25	-16,05	-15,90	-15,74	-15,64	-15,53	-15,52	-15,51	-16,39
07/01/2022 00:30:00	-16,36	-16,40	-16,42	-16,38	-16,41	-16,52	-16,66	-16,70	-16,75	-16,80	-16,84	-16,76	-16,68	-16,48	-16,28	-16,11	-15,93	-15,80	-15,67	-15,64	-15,61	-16,33
07/01/2022 00:35:00	-16,52	-16,54	-16,39	-16,30	-16,27	-16,32	-16,44	-16,58	-16,67	-16,72	-16,76	-16,68	-16,61	-16,42	-16,23	-16,07	-15,91	-15,79	-15,67	-15,64	-15,62	-16,47
07/01/2022 00:40:00	-16,56	-16,40	-16,36	-16,35	-16,37	-16,40	-16,45	-16,53	-16,59	-16,63	-16,66	-16,60	-16,53	-16,36	-16,18	-16,03	-15,88	-15,77	-15,67	-15,66	-15,64	-16,57
07/01/2022 00:45:00	-16,51	-16,65	-16,57	-16,47	-16,33	-16,21	-16,14	-16,10	-16,13	-16,20	-16,29	-16,27	-16,25	-16,12	-15,98	-15,84	-15,70	-15,60	-15,50	-15,49	-15,48	-16,67
07/01/2022 00:50:00	-16,77	-16,57	-16,45	-16,55	-16,60	-16,58	-16,58	-16,55	-16,53	-16,52	-16,49	-16,32	-16,15	-15,90	-15,64	-15,42	-15,21	-15,06	-14,91	-14,88	-14,85	-16,77
07/01/2022 00:55:00	-16,83	-16,63	-16,49	-16,47	-16,42	-16,31	-16,21	-16,20	-16,25	-16,33	-16,43	-16,41	-16,39	-16,26	-16,13	-15,99	-15,85	-15,76	-15,67	-15,67	-15,66	-16,80
07/01/2022 01:00:00	-16,83	-16,71	-16,76	-16,78	-16,69	-16,55	-16,49	-16,42	-16,36	-16,32	-16,31	-16,23	-16,15	-16,00	-15,85	-15,72	-15,60	-15,52	-15,45	-15,45	-15,45	-16,77
07/01/2022 01:05:00	-16,76	-16,72	-16,67	-16,65	-16,57	-16,46	-16,40	-16,19	-16,15	-16,22	-16,29	-16,23	-16,18	-16,00	-15,82	-15,65	-15,47	-15,35	-15,23	-15,21	-15,19	-16,68
07/01/2022 01:10:00	-16,62	-16,75	-16,70	-16,64	-16,56	-16,48	-16,37	-16,34	-16,32	-16,30	-16,28	-16,16	-16,05	-15,84	-15,64	-15,47	-15,31	-15,19	-15,07	-15,05	-15,03	-16,70
07/01/2022 01:15:00	-16,62	-16,68	-16,59	-16,47	-16,48	-16,56	-16,54	-16,70	-16,74	-16,68	-16,60	-16,43	-16,25	-16,00	-15,75	-15,56	-15,38	-15,24	-15,10	-15,07	-15,03	-16,74
07/01/2022 01:20:00	-16,69	-16,73	-16,84	-16,79	-16,65	-16,45	-16,24	-16,06	-16,00	-16,04	-16,12	-16,12	-16,12	-16,02	-15,92	-15,81	-15,70	-15,64	-15,58	-15,58	-15,59	-16,74
07/01/2022 01:25:00	-16,73	-16,89	-16,79	-16,65	-16,54	-16,52	-16,61	-16,59	-16,53	-16,44	-16,34	-16,14	-15,95	-15,68	-15,41	-15,21	-15,02	-14,87	-14,72	-14,69	-14,65	-16,65
07/01/2022 01:30:00	-16,84	-16,90	-16,86	-16,80	-16,75	-16,71	-16,67	-16,67	-16,60	-16,47	-16,33	-16,12	-15,90	-15,63	-15,35	-15,16	-14,97	-14,83	-14,69	-14,66	-14,63	-16,77
07/01/2022 01:35:00	-16,78	-16,80	-16,73	-16,61	-16,56	-16,54	-16,46	-16,47	-16,42	-16,32	-16,21	-16,01	-15,81	-15,54	-15,28	-15,09	-14,90	-14,76	-14,62	-14,59	-14,56	-16,85
07/01/2022 01:40:00	-16,85	-16,83	-16,82	-16,70	-16,53	-16,37	-16,25	-16,03	-15,93	-15,91	-15,91	-15,83	-15,74	-15,57	-15,40	-15,25	-15,11	-15,01	-14,91	-14,90	-14,89	-16,82
07/01/2022 01:45:00	-16,87	-16,84	-16,89	-16,87	-16,77	-16,59	-16,35	-16,07	-15,93	-15,91	-15,90	-15,79	-15,68	-15,49	-15,29	-15,12	-14,95	-14,84	-14,72	-14,71	-14,70	-17,12
07/01/2022 01:50:00	-17,19	-17,18	-17,17	-17,11	-16,97	-16,80	-16,68	-16,56	-16,49	-16,44	-16,42	-16,32	-16,22	-16,05	-15,87	-15,73	-15,58	-15,49	-15,39	-15,38	-15,38	-17,25
07/01/2022 01:55:00	-17,32	-17,14	-17,10	-17,17	-17,08	-16,85	-16,62	-16,45	-16,34	-16,29	-16,26	-16,15	-16,04	-15,86	-15,67	-15,52	-15,37	-15,27	-15,18	-15,17	-15,17	-17,35
07/01/2022 02:00:00	-17,53	-17,21	-17,21	-17,33	-17,38	-17,36	-17,32	-17,19	-17,04	-16,90	-16,74	-16,48	-16,22	-15,91	-15,59	-15,37	-15,14	-14,98	-14,82	-14,78	-14,74	-17,33
07/01/2022 02:05:00	-17,26	-17,32	-17,31	-17,14	-16,98	-16,78	-16,51	-16,46	-16,43	-16,44	-16,47	-16,44	-16,41	-16,28	-16,16	-16,04	-15,93	-15,86	-15,78	-15,79	-15,79	-17,28
07/01/2022 02:10:00	-17,43	-17,24	-17,22	-17,22	-17,18	-17,10	-17,00	-16,93	-16,82	-16,71	-16,60	-16,40	-16,20	-15,95	-15,69	-15,51	-15,32	-15,19	-15,06	-15,04	-15,02	-17,05
07/01/2022 02:15:00	-17,76	-17,41	-17,26	-17,22	-17,20	-17,16	-17,06	-16,94	-16,88	-16,83	-16,76	-16,57	-16,39	-16,12	-15,85	-15,63	-15,42	-15,27	-15,11	-15,08	-15,04	-17,62
07/01/2022 02:20:00	-17,69	-17,54	-17,38	-17,31	-17,25	-17,15	-17,05	-17,05	-17,03	-16,99	-16,94	-16,79	-16,64	-16,41	-16,18	-16,00	-15,81	-15,68	-15,55	-15,52	-15,50	-17,76
07/01/2022 02:25:00	-17,84	-17,55	-17,48	-17,38	-17,31	-17,24	-17,10	-16,89	-16,83	-16,85	-16,87	-16,77	-16,66	-16,45	-16,24	-16,05	-15,86	-15,73	-15,59	-15,56	-15,54	-17,82
07/01/2022 02:30:00	-17,70	-17,63	-17,58	-17,54	-17,41	-17,22	-17,09	-16,98	-16,87	-16,78	-16,70	-16,56	-16,42	-16,21	-16,00	-15,85	-15,69	-15,59	-15,48	-15,47	-15,45	-17,82
07/01/2022 02:35:00	-17,68	-17,66	-17,57	-17,35	-17,16	-17,05	-16,99	-17,02	-16,94	-16,82	-16,70	-16,55	-16,40	-16,19	-15,98	-15,84	-15,70	-15,60	-15,50	-15,49	-15,48	-17,07
07/01/2022 02:40:00	-17,70	-17,66	-17,56	-17,31	-17,04	-16,81	-16,65	-16,52	-16,47	-16,48	-16,52	-16,50	-16,48	-16,36	-16,24	-16,13	-16,02	-15,95	-15,88	-15,88	-15,88	-17,00
07/01/2022 02:45:00	-17,81	-17,57	-17,50	-17,37	-17,28	-17,21	-17,09	-16,92	-16,83	-16,79	-16,75	-16,60	-16,45	-16,22	-15,98	-15,79	-15,60	-15,46	-15,32	-15,29	-15,26	-17,15
07/01/2022 02:50:00	-17,90	-17,65	-17,49	-17,36	-17,25	-17,12	-16,94	-16,78	-16,72	-16,73	-16,74	-16,63	-16,51	-16,30	-16,09	-15,90	-15,72	-15,59	-15,45	-15,43	-15,40	-17,16
07/01/2022 02:55:00	-17,53	-17,32	-17,26	-17,17	-17,09	-17,07	-17,10	-16,97	-16,83	-16,68	-16,50	-16,24	-15,98	-15,67	-15,36	-15,14	-14,93	-14,76	-14,60	-14,56	-14,52	-17,32
07/01/2022 03:00:00	-17,35	-17,04	-16,92	-16,87	-16,77	-16,64	-16,51	-16,44	-16,34	-16,24	-16,13	-15,96	-15,79	-15,56	-15,33	-15,16	-14,99	-14,88	-14,77	-14,76	-14,75	-17,33
07/01/2022 03:05:00	-17,22	-16,94	-16,78	-16,71	-16,62	-16,50	-16,36	-16,28	-16,18	-16,07	-15,96	-15,77	-15,58	-15,33	-15,08	-14,90	-14,72	-14,60	-14,47	-14,45	-14,43	-17,30
07/01/2022 03:10:00	-17,34	-16,92	-16,80	-16,65	-16,52	-16,39	-16,25	-16,11	-16,04	-16,02	-16,01	-15,92	-15,83	-15,66	-15,48	-15,34	-15,20	-15,10	-15,01	-15,01	-15,00	-17,35
07/01/2022 03:15:00	-17,29	-17,03	-16,82	-16,63	-16,45	-16,31	-16,23	-16,17	-16,10	-16,01	-15,93	-15,78	-15,63	-15,42	-15,21	-15,06	-14,91	-14,80	-14,70	-14,69	-14,68	-17,27
07/01/2022 03:20:00	-17,21	-16,94	-16,64	-16,41	-16,25	-16,10	-15,90	-15,90	-15,88	-15,85	-15,82	-15,71	-15,60	-15,41	-15,22	-15,08	-14,93	-14,83	-14,73	-14,72	-14,71	-17,26
07/01/2022 03:25:00	-17,32	-16,87	-16,54	-16,35	-16,22	-16,14	-16,11	-15,98	-15,97	-16,04	-16,08	-15,99	-15,90	-15,69	-15,49	-15,31	-15,12	-14,99	-14,85	-14,83	-14,81	-17,24
07/01/2022 03:30:00	-17,15	-17,06	-16,69	-16,30	-16,00	-15,79	-15,63	-15,62	-15,67	-15,76	-15,86	-15,87	-15,89	-15,79	-15,68	-15,58	-15,47	-15,40	-15,32	-15,32	-15,32	-17,16
07/01/2022 03:35:00	-17,12	-16,75	-16,55	-16,47	-16,31	-16,13	-16,06	-15,94	-15,84	-15,75	-15,66	-15,49	-15,32	-15,10	-14,87	-14,71	-14,54	-14,43	-14,33	-14,32	-14,31	-17,10
07/01/2022 03:40:00	-17,22	-16,88	-16,63	-16,39	-16,21	-16,06	-15,91	-15,91	-15,83	-15,73	-15,62	-15,46	-15,29	-15,07	-14,85	-14,70	-14,55	-14,45	-14,35	-14,34	-14,34	-17,17
07/01/2022 03:45:00	-17,11	-16,95	-16,67	-16,33	-16,04	-15,81	-15,62	-15,56	-15,50	-15,44	-15,40	-15,30	-15,20	-15,03	-14,86	-14,74	-14,61	-14,53	-14,45	-14,45	-14,45	-17,13
07/01/2022 03:50:00	-17,03	-16,74	-16,49	-16,23	-16,02	-15,90	-15,81	-15,70	-15,63	-15,58	-15,53	-15,39	-15,25	-15,04	-14,83	-14,67	-14,51	-14,40	-14,28	-14,27	-14,26	-17,07
07/01/2022 03:55:00	-17,05	-16,77	-16,61	-16,37	-16,16	-16,00	-15,86	-15,69	-15,53	-15,40	-15,26	-15,06	-14,86	-14,62	-14,38	-14,21	-14,05	-13,94	-13,82	-13,81	-13,80	-17,13
07/01/2022 04:00:00	-17,03	-16,80	-16,52	-16,31	-16,11	-15,92	-15,69	-15,60	-15,49	-15,37	-15,25	-15,05	-14,86	-14,62	-14,37	-14,21	-14,04	-13,92	-13,81	-13,79	-13,78	-17,83
07/01/2022 04:05:00	-17,08	-16,55	-16,32	-16,19	-16,08	-15,93	-15,71	-15,57	-15,48	-15,43	-15,37	-15,22	-15,07	-14,84	-14,62	-14,45	-14,28	-14,17	-14,06	-14,05	-14,04	-17,61
07/01/2022 04:10:00	-17,05	-16,59	-16,32	-16,09	-15,87	-15,71	-15,62	-15,45	-15,36	-15,32	-15,28	-15,15	-15,02	-14,82	-14,63	-14,47	-14,32	-14,21	-14,11	-14,10	-14,10	-18,52
07/01/2022 04:15:00	-17,05	-16,87	-16,64	-16,43	-16,12	-15,76	-15,49	-15,24	-15,08	-14,97	-14,88	-14,75	-14,61	-14,43	-14,24	-14,11	-13,98	-13,90	-13,82	-13,82	-13,83	-19,15
07/01/2022 04:20:00	-17,09	-16,81	-16,55	-16,24	-15,97	-15,78	-15,62	-15,47	-15,35	-15,27	-15,18	-15,03	-14,87	-14,65	-14,43	-14,28	-14,12	-14,01	-13,90	-13,89	-13,88	-18,97
07/01/2022 04:25:00	-17,33	-16,96	-16,66	-16,42	-16,15	-15,92	-15,76	-15,59	-15,46	-15,37	-15,28	-15,11	-14,95	-14,74	-14,52	-14,37	-14,21	-14,10	-14,00	-13,99	-13,98	-18,85
07/01/2022 04:30:00	-17,30	-17,05	-16,63	-16,31	-16,00	-15,70	-15,46	-15,45	-15,43	-15,41	-15,41	-15,34	-15,27	-15,12	-14,97	-14,86	-14,74	-14,67	-14,60	-14,60	-14,61	-18,45
07/01/2022 04:35:00	-17,59	-17,20	-16,94	-16,59	-16,27	-15,97	-15,65	-15,44	-15,28	-15,16	-15,07	-14,93	-14,79	-14,61	-14,43	-14,30	-14,18	-14,10	-14,02	-14,03	-14,04	-18,49
07/01/2022 04:40:00	-17,67	-17,20	-16,85	-16,55	-16,24	-15,95	-15,71	-15,47	-15,34	-15,28	-15,23	-15,10	-14,98	-14,78	-14,59	-14,44	-14,30	-14,20	-14,10	-14,10	-14,10	-18,52
07/01/2022 04:45:00	-17,75	-17,22	-16,81	-16,51	-16,26	-16,02	-15,76	-15,50	-15,38	-15,35	-15,31	-15,16	-15,01	-14,79	-14,56	-14,38	-14,20	-14,07	-13,94	-13,93	-13,91	-19,02
07/01/2022 04:50:00	-18,14	-17,61	-17,19	-16,75	-16,32	-15,94	-15,64	-15,37	-15,18	-15,06	-14,96	-14,82	-14,68	-14,50	-14,32	-14,20	-14,07	-13,99	-13,91	-13,92	-13,93	-19,27
07/01/2022 04:55:00	-18,31	-17,47	-16,97	-16,60	-16,28	-16,03	-15,82	-15,59	-15,42	-15,30	-15,16	-14,96	-14,75	-14,51	-14,26	-14,09	-13,92	-13,81	-13,69	-13,68	-13,67	-18,99
07/01/2022 05:00:00	-18,00	-17,36	-16,85	-16,40	-16,00	-15,69	-15,46	-15,34	-15,21	-15,10	-14,99	-14,85	-14,71	-14,53	-14,35	-14,23	-14,12	-14,05	-13,97	-13,98	-13,99	-19,29
07/01/2022 05:05:00	-17,73	-17,24	-16,66	-16,20	-15,92	-15,78	-15,66	-15,65	-15,59	-15,49	-15,36	-15,14	-14,93	-14,66	-14,39	-14,20	-14,02	-13,88	-13,74	-13,71	-13,69	-19,45
07/01/2022 05:10:00	-17,60	-17,31	-16,77	-16,31	-15,89	-15,53	-15,22	-15,16	-15,10	-15,05	-15,00	-14,91	-14,83	-14,67	-14,52	-14,41	-14,31	-14,24	-14,16	-14,17	-14,18	-19,50
07/01/2022 05:15:00	-17,60	-17,17	-16,74	-16,37	-16,04	-15,77	-15,55	-15,35	-15,22	-15,15	-15,07	-14,92	-14,77	-14,56	-14,35	-14,20	-14,05	-13,94	-13,84	-13,83	-13,82	-18,85
07/01/2022 05:20:00	-17,57	-17,15	-16,83	-16,43	-16,05	-15,68	-15,29	-15,07	-14,94	-14,89	-14,87	-14,81	-14,74	-14,62	-14,51	-14,41	-14,32	-14,27	-14,21	-14,23	-14,26	-19,67
07/01/2022 05:25:00	-17,63	-16,97	-16,58	-16,31	-16,14	-16,00	-15,81	-15,62	-15,51	-15,44	-15,35	-15,15	-14,94	-14,68	-14,41	-14,21	-14,01	-13,87	-13,73	-13,70	-13,68	-20,01
07/01/2022 05:30:00	-17,55	-17,15	-16,74	-16,32	-15,93	-15,65	-15,47	-15,36	-15,25	-15,14	-15,05	-14,92	-14,80	-14,62	-14,44	-14,33	-14,22	-14,14	-14,06	-14,07	-14,07	-20,32
07/01/2022 05:35:00	-17,65	-17,01	-16,62	-16,27	-15,94	-15,64	-15,42	-15,18	-15,08	-15,08	-15,09	-15,03	-14,97	-14,84	-14,70	-14,58	-14,46	-14,39	-14,32	-14,33	-14,34	-20,54
07/01/2022 05:40:00	-17,64	-17,06	-16,76	-16,48	-16,20	-15,86	-15,47	-15,22	-15,07	-14,99	-14,93	-14,81	-14,70	-14,53	-14,36	-14,23	-14,11	-14,03	-13,96	-13,97	-13,98	-20,72
07/01/2022 05:45:00	-17,84	-17,06	-16,64	-16,42	-16,22	-16,00	-15,77	-15,53	-15,40	-15,33	-15,26	-15,09	-14,91	-14,67	-14,43	-14,25	-14,07	-13,95	-13,82	-13,81	-13,80	-20,67
07/01/2022 05:50:00	-18,22	-17,45	-16,94	-16,61	-16,33	-16,06	-15,79	-15,62	-15,47	-15,35	-15,22	-15,02	-14,82	-14,58	-14,34	-14,17	-14,00	-13,89	-13,78	-13,77	-13,76	-20,32
07/01/2022 05:55:00	-18,29	-17,33	-16,72	-16,39	-16,12	-15,90	-15,69	-15,40	-15,28	-15,24	-15,18	-14,99	-14,81	-14,55	-14,30	-14,09	-13,89	-13,75	-13,61	-13,59	-13,57	-19,63
07/01/2022 06:00:00	-18,03	-17,05	-16,40	-15,96	-15,73	-15,68	-15,66	-15,57	-15,51	-15,45	-15,36	-15,15	-14,93	-14,65	-14,37	-14,17	-13,96	-13,81	-13,66	-13,63	-13,60	-20,59
07/01/2022 06:05:00	-17,90	-17,13	-16,61	-16,29	-16,02	-15,79	-15,58	-15,35	-15,26	-15,25	-15,22	-15,08	-14,93	-14,71	-14,49	-14,31	-14,13	-14,00	-13,88	-13,86	-13,85	-20,84
07/01/2022 06:10:00	-17,82	-17,02	-16,58	-16,21	-15,91	-15,64	-15,36	-15,20	-15,04	-14,91	-14,78	-14,60	-14,43	-14,22	-14,02	-13,88	-13,75	-13,67	-13,58	-13,59	-13,60	-21,02
07/01/2022 06:15:00	-17,85	-16,86	-16,30	-16,03	-15,81	-15,61	-15,45	-15,28	-15,20	-15,17	-15,13	-14,98	-14,84	-14,62	-14,40	-14,24	-14,07	-13,96	-13,84	-13,84	-13,83	-21,10
07/01/2022 06:20:00	-18,13	-17,23	-16,73	-16,42	-16,16	-15,89	-15,65	-15,55	-15,46	-15,39	-15,33	-15,19	-15,06	-14,87	-14,69	-14,55	-14,42	-14,33	-14,25	-14,25	-14,26	-21,17
07/01/2022 06:25:00	-18,35	-17,18	-16,72	-16,33	-16,04	-15,80	-15,56	-15,42	-15,29	-15,18	-15,09	-14,97	-14,84	-14,67	-14,51	-14,40	-14,30	-14,24	-14,18	-14,20	-14,22	-21,24
07/01/2022 06:30:00	-18,18	-17,08	-16,61	-16,35	-16,10	-15,83	-15,55	-15,21	-15,08	-15,07	-15,07	-14,96	-14,85	-14,67	-14,48	-14,33	-14,18	-14,08	-13,99	-13,99	-14,00	-20,74
07/01/2022 06:35:00	-18,06	-17,02	-16,69	-16,57	-16,36	-16,07	-15,81	-15,49	-15,24	-15,07	-14,90	-14,67	-14,43	-14,18	-13,94	-13,77	-13,60	-13,50	-13,40	-13,41	-13,41	-21,04
07/01/2022 06:40:00	-17,84	-16,88	-16,35	-16,01	-15,80	-15,65	-15,48	-15,48	-15,42	-15,32	-15,22	-15,05	-14,89	-14,67	-14,46	-14,32	-14,17	-14,08	-13,99	-13,99	-13,99	-21,23
07/01/2022 06:45:00	-17,84	-16,89	-16,50	-16,38	-16,21	-16,03	-15,90	-15,74	-15,58	-15,44	-15,29	-15,05	-14,82	-14,56	-14,29	-14,11	-13,94	-13,82	-13,70	-13,69	-13,69	-21,35
07/01/2022 06:50:00	-18,16	-17,22	-16,80	-16,56	-16,27	-15,92	-15,58	-15,27	-15,11	-15,05	-15,02	-14,91	-14,80	-14,63	-14,47	-14,34	-14,21	-14,13	-14,06	-14,07	-14,08	-21,62
07/01/2022 06:55:00	-18,07	-16,90	-16,41	-16,15	-15,97	-15,78	-15,55	-15,25	-15,14	-15,13	-15,11	-14,98	-14,84	-14,64	-14,43	-14,26	-14,09	-13,98	-13,87	-13,86	-13,86	-21,42
07/01/2022 07:00:00	-18,25	-16,97	-16,36	-16,00	-15,79	-15,65	-15,49	-15,41	-15,32	-15,24	-15,14	-14,97	-14,80	-14,58	-14,37	-14,22	-14,07	-13,97	-13,88	-13,88	-13,88	-21,67
07/01/2022 07:05:00	-18,21	-16,91	-16,24	-15,93	-15,74	-15,56	-15,32	-15,32	-15,25	-15,16	-15,05	-14,88	-14,71	-14,50	-14,28	-14,14	-14,00	-13,91	-13,82	-13,83	-13,84	-21,45
07/01/2022 07:10:00	-18,09	-16,68	-16,20	-16,07	-16,00	-15,84	-15,58	-15,37	-15,26	-15,21	-15,16	-14,99	-14,81	-14,59	-14,36	-14,18	-14,00	-13,89	-13,78	-13,78	-13,78	-21,40
07/01/2022 07:15:00	-18,24	-16,72	-16,02	-15,79	-15,69	-15,65	-15,63	-15,45	-15,36	-15,31	-15,21	-14,97	-14,72	-14,41	-14,10	-13,87	-13,64	-13,48	-13,32	-13,29	-13,26	-21,34
07/01/2022 07:20:00	-18,49	-16,68	-15,91	-15,57	-15,39	-15,28	-15,18	-15,10	-15,07	-15,06	-15,04	-14,93	-14,81	-14,62	-14,44	-14,30	-14,17	-14,09	-14,00	-14,02	-14,03	-21,19
07/01/2022 07:25:00	-17,93	-16,42	-15,86	-15,71	-15,62	-15,53	-15,44	-15,25	-15,19	-15,19	-15,18	-15,05	-14,91	-14,70	-14,48	-14,31	-14,13	-14,03	-13,92	-13,92	-13,92	-21,35
07/01/2022 07:30:00	-17,95	-16,40	-15,99	-16,05	-16,08	-15,98	-15,86	-15,69	-15,61	-15,57	-15,53	-15,37	-15,21	-14,98	-14,76	-14,59	-14,41	-14,31	-14,21	-14,21	-14,22	-21,42
07/01/2022 07:35:00	-18,42	-16,61	-15,92	-15,82	-15,77	-15,70	-15,64	-15,58	-15,51	-15,43	-15,33	-15,11	-14,90	-14,63	-14,37	-14,18	-14,00	-13,88	-13,76	-13,76	-13,76	-21,66
07/01/2022 07:40:00	-18,97	-16,71	-15,93	-15,61	-15,54	-15,56	-15,54	-15,48	-15,43	-15,38	-15,30	-15,11	-14,92	-14,67	-14,43	-14,26	-14,09	-13,98	-13,87	-13,88	-13,88	-21,72
07/01/2022 07:45:00	-19,61	-16,92	-15,93	-15,60	-15,43	-15,31	-15,24	-15,22	-15,14	-15,04	-14,93	-14,75	-14,56	-14,36	-14,15	-14,02	-13,89	-13,83	-13,76	-13,79	-13,82	-21,91
07/01/2022 07:50:00	-18,85	-16,80	-15,83	-15,51	-15,35	-15,27	-15,22	-15,07	-15,11	-15,23	-15,31	-15,21	-15,12	-14,92	-14,72	-14,54	-14,36	-14,24	-14,12	-14,11	-14,11	-21,95
07/01/2022 07:55:00	-18,02	-16,70	-16,18	-15,92	-15,73	-15,59	-15,51	-15,35	-15,24	-15,16	-15,07	-14,90	-14,73	-14,52	-14,31	-14,16	-14,01	-13,92	-13,83	-13,83	-13,84	-21,66
07/01/2022 08:00:00	-19,46	-17,22	-16,05	-15,56	-15,27	-15,10	-15,02	-14,94	-14,99	-15,08	-15,14	-15,07	-15,00	-14,84	-14,68	-14,54	-14,40	-14,32	-14,23	-14,24	-14,25	-21,43
07/01/2022 08:05:00	-19,93	-17,10	-15,99	-15,67	-15,54	-15,44	-15,36	-15,32	-15,25	-15,18	-15,06	-14,85	-14,64	-14,39	-14,15	-13,99	-13,83	-13,74	-13,65	-13,66	-13,68	-21,15
07/01/2022 08:10:00	-19,84	-17,21	-16,07	-15,59	-15,29	-15,06	-14,90	-14,71	-14,70	-14,77	-14,82	-14,77	-14,71	-14,58	-14,44	-14,33	-14,21	-14,16	-14,10	-14,13	-14,16	-21,66
07/01/2022 08:15:00	-19,76	-17,07	-15,78	-15,32	-15,10	-15,00	-14,98	-15,04	-15,06	-15,05	-15,00	-14,85	-14,70	-14,49	-14,28	-14,14	-14,00	-13,91	-13,83	-13,84	-13,86	-21,30
07/01/2022 08:20:00	-19,49	-17,14	-15,99	-15,40	-15,11	-15,03	-15,02	-15,04	-15,00	-14,92	-14,80	-14,59	-14,38	-14,14	-13,89	-13,74	-13,59	-13,49	-13,38	-13,39	-13,39	-21,02
07/01/2022 08:25:00	-19,47	-16,98	-15,74	-15,09	-14,81	-14,71	-14,65	-14,76	-14,80	-14,80	-14,77	-14,65	-14,53	-14,36	-14,18	-14,07	-13,95	-13,88	-13,81	-13,83	-13,85	-21,09
07/01/2022 08:30:00	-19,04	-16,95	-15,84	-15,24	-14,98	-14,98	-15,06	-15,02	-15,04	-15,06	-15,02	-14,85	-14,68	-14,43	-14,18	-14,00	-13,82	-13,68	-13,55	-13,54	-13,52	-20,92
07/01/2022 08:35:00	-19,75	-17,25	-15,77	-14,98	-14,55	-14,37	-14,31	-14,51	-14,59	-14,62	-14,62	-14,53	-14,43	-14,28	-14,12	-14,02	-13,93	-13,86	-13,80	-13,83	-13,85	-20,17
07/01/2022 08:40:00	-19,69	-17,01	-15,60	-14,88	-14,53	-14,47	-14,53	-14,53	-14,58	-14,62	-14,61	-14,48	-14,35	-14,15	-13,94	-13,80	-13,65	-13,55	-13,45	-13,46	-13,46	-20,36
07/01/2022 08:45:00	-19,78	-17,11	-15,81	-15,03	-14,60	-14,31	-14,06	-14,02	-14,02	-14,06	-14,10	-14,07	-14,04	-13,95	-13,87	-13,81	-13,75	-13,73	-13,72	-13,76	-13,81	-20,84
07/01/2022 08:50:00	-19,57	-16,86	-15,49	-14,83	-14,52	-14,46	-14,53	-14,54	-14,55	-14,55	-14,48	-14,30	-14,12	-13,89	-13,65	-13,49	-13,33	-13,22	-13,12	-13,12	-13,12	-20,95
07/01/2022 08:55:00	-19,13	-16,67	-15,63	-15,13	-14,77	-14,51	-14,35	-14,10	-14,01	-14,01	-14,01	-13,92	-13,83	-13,69	-13,55	-13,44	-13,34	-13,29	-13,24	-13,27	-13,31	-21,25
07/01/2022 09:00:00	-18,97	-16,77	-15,39	-14,62	-14,18	-14,02	-14,03	-14,09	-14,10	-14,06	-13,97	-13,80	-13,63	-13,41	-13,18	-13,05	-12,92	-12,83	-12,73	-12,74	-12,75	-21,15
07/01/2022 09:05:00	-18,26	-16,17	-15,08	-14,52	-14,21	-14,06	-14,00	-13,80	-13,83	-13,96	-14,06	-14,01	-13,96	-13,80	-13,64	-13,50	-13,36	-13,26	-13,17	-13,18	-13,19	-21,73
07/01/2022 09:10:00	-19,15	-16,52	-14,55	-13,50	-12,99	-12,95	-13,15	-13,56	-13,89	-14,13	-14,29	-14,31	-14,33	-14,21	-14,09	-13,99	-13,90	-13,82	-13,74	-13,75	-13,76	-21,46
07/01/2022 09:15:00	-19,78	-17,36	-15,56	-14,23	-13,36	-12,96	-12,88	-12,91	-13,08	-13,28	-13,49	-13,63	-13,77	-13,80	-13,83	-13,84	-13,84	-13,86	-13,87	-13,93	-13,98	-21,79
07/01/2022 09:20:00	-20,23	-17,68	-15,95	-14,88	-14,26	-14,03	-13,96	-14,02	-14,08	-14,11	-14,08	-13,94	-13,81	-13,61	-13,41	-13,28	-13,15	-13,06	-12,96	-12,97	-12,98	-21,77
07/01/2022 09:25:00	-21,14	-17,82	-15,81	-14,64	-13,98	-13,69	-13,57	-13,61	-13,66	-13,70	-13,70	-13,61	-13,52	-13,37	-13,23	-13,14	-13,05	-13,00	-12,95	-12,98	-13,01	-22,07
07/01/2022 09:30:00	-20,60	-16,78	-14,95	-14,18	-13,85	-13,84	-13,98	-14,05	-14,14	-14,18	-14,16	-14,00	-13,85	-13,63	-13,41	-13,26	-13,12	-13,02	-12,93	-12,95	-12,97	-21,33
07/01/2022 09:35:00	-19,92	-17,09	-15,27	-14,39	-13,90	-13,69	-13,65	-13,69	-13,88	-14,07	-14,22	-14,21	-14,20	-14,07	-13,94	-13,82	-13,70	-13,61	-13,53	-13,55	-13,57	-22,37
07/01/2022 09:40:00	-20,12	-16,71	-15,07	-14,39	-14,02	-13,80	-13,65	-13,53	-13,58	-13,67	-13,73	-13,64	-13,55	-13,39	-13,22	-13,09	-12,95	-12,88	-12,81	-12,84	-12,87	-22,58
07/01/2022 09:45:00	-21,55	-18,31	-15,20	-13,25	-12,22	-12,02	-12,24	-12,85	-13,38	-13,76	-14,04	-14,18	-14,32	-14,29	-14,26	-14,22	-14,18	-14,12	-14,07	-14,08	-14,10	-22,79
07/01/2022 09:50:00	-21,85	-18,62	-16,09	-14,18	-13,01	-12,59	-12,56	-12,70	-12,94	-13,15	-13,35	-13,49	-13,64	-13,67	-13,71	-13,75	-13,78	-13,79	-13,81	-13,87	-13,93	-22,72
07/01/2022 09:55:00	-22,24	-18,90	-16,66	-15,06	-14,12	-13,59	-13,25	-13,20	-13,25	-13,32	-13,37	-13,37	-13,36	-13,30	-13,24	-13,21	-13,18	-13,17	-13,15	-13,20	-13,26	-22,83
07/01/2022 10:00:00	-21,93	-18,51	-16,14	-14,61	-13,65	-13,23	-13,13	-13,31	-13,46	-13,57	-13,66	-13,68	-13,71	-13,66	-13,62	-13,60	-13,58	-13,58	-13,57	-13,62	-13,68	-22,49
07/01/2022 10:05:00	-22,04	-18,25	-15,75	-14,40	-13,71	-13,57	-13,71	-14,07	-14,20	-14,21	-14,12	-13,94	-13,76	-13,54	-13,32	-13,21	-13,09	-13,01	-12,92	-12,93	-12,94	-22,65
07/01/2022 10:10:00	-21,60	-17,68	-15,24	-13,87	-13,17	-13,01	-13,08	-13,32	-13,53	-13,66	-13,72	-13,67	-13,62	-13,49	-13,36	-13,28	-13,20	-13,14	-13,08	-13,11	-13,14	-22,45
07/01/2022 10:15:00	-20,67	-17,09	-15,02	-13,94	-13,41	-13,32	-13,45	-13,73	-13,91	-14,02	-14,07	-14,02	-13,98	-13,85	-13,72	-13,65	-13,58	-13,53	-13,49	-13,52	-13,56	-22,34
07/01/2022 10:20:00	-21,23	-18,13	-15,56	-13,87	-13,02	-12,89	-13,07	-13,50	-13,80	-13,96	-14,03	-13,97	-13,92	-13,76	-13,60	-13,50	-13,40	-13,31	-13,21	-13,21	-13,21	-22,01
07/01/2022 10:25:00	-21,60	-18,31	-15,97	-14,48	-13,48	-12,98	-12,81	-12,90	-13,02	-13,13	-13,23	-13,26	-13,30	-13,26	-13,23	-13,22	-13,21	-13,21	-13,21	-13,27	-13,33	-21,37
07/01/2022 10:30:00	-21,33	-17,99	-15,69	-14,18	-13,34	-13,08	-13,09	-13,22	-13,41	-13,55	-13,64	-13,64	-13,64	-13,55	-13,45	-13,40	-13,34	-13,29	-13,24	-13,27	-13,31	-20,82
07/01/2022 10:35:00	-21,67	-18,30	-15,92	-14,57	-13,78	-13,47	-13,42	-13,57	-13,69	-13,74	-13,74	-13,63	-13,53	-13,37	-13,20	-13,10	-13,01	-12,94	-12,86	-12,89	-12,91	-21,15
07/01/2022 10:40:00	-21,48	-18,12	-15,54	-13,96	-13,08	-12,85	-12,97	-13,30	-13,58	-13,78	-13,90	-13,91	-13,91	-13,81	-13,71	-13,65	-13,58	-13,52	-13,46	-13,49	-13,51	-21,07
07/01/2022 10:45:00	-21,24	-17,99	-15,50	-13,94	-13,05	-12,75	-12,78	-13,13	-13,37	-13,52	-13,61	-13,64	-13,66	-13,59	-13,53	-13,50	-13,47	-13,45	-13,42	-13,46	-13,50	-21,25
07/01/2022 10:50:00	-21,20	-18,04	-15,61	-13,97	-12,99	-12,69	-12,78	-13,11	-13,30	-13,41	-13,47	-13,49	-13,51	-13,46	-13,41	-13,40	-13,40	-13,39	-13,38	-13,42	-13,47	-21,17
07/01/2022 10:55:00	-21,53	-18,22	-15,87	-14,40	-13,52	-13,06	-12,80	-12,82	-12,95	-13,08	-13,18	-13,17	-13,17	-13,08	-12,99	-12,92	-12,86	-12,82	-12,77	-12,81	-12,85	-21,11
07/01/2022 11:00:00	-20,87	-17,73	-15,44	-13,96	-13,12	-12,80	-12,71	-12,71	-12,89	-13,06	-13,18	-13,17	-13,16	-13,05	-12,94	-12,85	-12,76	-12,69	-12,62	-12,65	-12,67	-21,17
07/01/2022 11:05:00	-19,86	-16,61	-14,95	-14,04	-13,67	-13,62	-13,66	-13,64	-13,71	-13,78	-13,79	-13,66	-13,54	-13,34	-13,14	-13,00	-12,86	-12,77	-12,67	-12,69	-12,70	-20,92
07/01/2022 11:10:00	-20,65	-17,37	-15,31	-14,10	-13,40	-13,12	-13,08	-13,21	-13,23	-13,18	-13,09	-12,96	-12,82	-12,65	-12,49	-12,42	-12,35	-12,30	-12,26	-12,30	-12,33	-20,20
07/01/2022 11:15:00	-20,03	-16,71	-14,92	-13,96	-13,45	-13,17	-12,99	-12,96	-13,02	-13,11	-13,16	-13,11	-13,06	-12,94	-12,82	-12,74	-12,66	-12,61	-12,57	-12,62	-12,66	-20,92
07/01/2022 11:20:00	-20,57	-17,66	-15,64	-14,22	-13,28	-12,83	-12,67	-12,59	-12,65	-12,74	-12,82	-12,86	-12,90	-12,87	-12,84	-12,83	-12,82	-12,82	-12,82	-12,88	-12,93	-20,33
07/01/2022 11:25:00	-20,38	-17,02	-15,14	-14,06	-13,45	-13,16	-13,00	-12,96	-12,98	-13,01	-12,99	-12,88	-12,76	-12,61	-12,45	-12,35	-12,26	-12,20	-12,14	-12,18	-12,22	-20,55
07/01/2022 11:30:00	-20,43	-17,62	-15,73	-14,51	-13,58	-13,03	-12,82	-12,74	-12,68	-12,63	-12,58	-12,52	-12,46	-12,38	-12,30	-12,29	-12,27	-12,27	-12,28	-12,34	-12,40	-20,25
07/01/2022 11:35:00	-20,08	-16,94	-15,03	-13,81	-13,13	-12,89	-12,83	-12,87	-12,98	-13,08	-13,14	-13,11	-13,09	-12,99	-12,88	-12,82	-12,76	-12,72	-12,68	-12,72	-12,76	-20,19
07/01/2022 11:40:00	-18,69	-16,38	-14,88	-13,95	-13,49	-13,31	-13,19	-13,19	-13,27	-13,35	-13,39	-13,30	-13,21	-13,04	-12,86	-12,74	-12,61	-12,52	-12,43	-12,45	-12,46	-20,34
07/01/2022 11:45:00	-18,17	-16,02	-14,63	-13,86	-13,45	-13,26	-13,11	-13,08	-13,15	-13,25	-13,31	-13,23	-13,15	-12,99	-12,82	-12,69	-12,56	-12,47	-12,38	-12,40	-12,41	-20,59
07/01/2022 11:50:00	-18,14	-16,31	-15,07	-14,22	-13,67	-13,35	-13,13	-13,04	-12,97	-12,90	-12,81	-12,66	-12,51	-12,32	-12,14	-12,03	-11,92	-11,85	-11,79	-11,81	-11,83	-20,74
07/01/2022 11:55:00	-19,47	-16,76	-14,93	-13,77	-13,04	-12,74	-12,70	-12,75	-12,81	-12,85	-12,86	-12,80	-12,74	-12,62	-12,50	-12,43	-12,37	-12,33	-12,29	-12,33	-12,36	-20,44
07/01/2022 12:00:00	-19,89	-16,67	-14,61	-13,25	-12,60	-12,43	-12,42	-12,74	-12,84	-12,84	-12,78	-12,65	-12,53	-12,37	-12,21	-12,15	-12,08	-12,03	-11,99	-12,02	-12,06	-19,98
07/01/2022 12:05:00	-19,32	-16,00	-14,13	-13,11	-12,62	-12,52	-12,60	-12,83	-12,93	-12,94	-12,90	-12,78	-12,66	-12,50	-12,33	-12,25	-12,17	-12,12	-12,07	-12,11	-12,15	-19,68
07/01/2022 12:10:00	-19,62	-16,99	-15,21	-13,90	-13,00	-12,43	-12,00	-11,84	-11,80	-11,83	-11,86	-11,86	-11,86	-11,82	-11,79	-11,78	-11,77	-11,78	-11,79	-11,86	-11,93	-19,21
07/01/2022 12:15:00	-19,27	-15,99	-14,16	-13,14	-12,60	-12,40	-12,33	-12,32	-12,40	-12,50	-12,54	-12,47	-12,39	-12,24	-12,10	-12,00	-11,90	-11,84	-11,78	-11,81	-11,85	-19,25
07/01/2022 12:20:00	-18,72	-15,81	-14,24	-13,31	-12,77	-12,51	-12,36	-12,21	-12,22	-12,28	-12,32	-12,24	-12,16	-12,02	-11,89	-11,79	-11,69	-11,64	-11,59	-11,63	-11,66	-19,12
07/01/2022 12:25:00	-18,40	-15,34	-13,56	-12,57	-12,12	-12,11	-12,35	-12,67	-12,87	-12,97	-13,01	-12,94	-12,88	-12,75	-12,61	-12,54	-12,46	-12,41	-12,37	-12,40	-12,43	-19,17
07/01/2022 12:30:00	-19,24	-17,15	-15,18	-13,45	-12,33	-11,81	-11,59	-11,66	-11,77	-11,89	-12,00	-12,10	-12,20	-12,23	-12,25	-12,28	-12,32	-12,34	-12,36	-12,43	-12,49	-18,90
07/01/2022 12:35:00	-19,28	-16,54	-14,51	-13,25	-12,54	-12,21	-12,02	-12,10	-12,20	-12,28	-12,31	-12,22	-12,13	-11,97	-11,81	-11,70	-11,60	-11,52	-11,44	-11,47	-11,49	-18,49
07/01/2022 12:40:00	-18,92	-17,05	-15,02	-13,27	-12,17	-11,70	-11,54	-11,64	-11,86	-12,10	-12,34	-12,52	-12,70	-12,75	-12,80	-12,82	-12,85	-12,86	-12,87	-12,92	-12,97	-18,34
07/01/2022 12:45:00	-18,99	-16,92	-14,98	-13,60	-12,59	-11,98	-11,66	-11,64	-11,71	-11,81	-11,90	-11,93	-11,97	-11,93	-11,90	-11,88	-11,86	-11,86	-11,85	-11,91	-11,96	-18,25
07/01/2022 12:50:00	-18,77	-17,03	-14,81	-13,20	-12,24	-11,92	-11,92	-12,26	-12,49	-12,59	-12,62	-12,56	-12,50	-12,35	-12,20	-12,11	-12,03	-11,94	-11,85	-11,86	-11,86	-17,94
07/01/2022 12:55:00	-18,79	-17,13	-15,29	-13,80	-12,88	-12,51	-12,39	-12,47	-12,55	-12,59	-12,59	-12,52	-12,44	-12,29	-12,14	-12,05	-11,96	-11,88	-11,80	-11,81	-11,82	-17,90
07/01/2022 13:00:00	-18,47	-16,88	-15,15	-13,61	-12,50	-11,86	-11,50	-11,38	-11,41	-11,51	-11,63	-11,73	-11,83	-11,84	-11,86	-11,88	-11,90	-11,91	-11,93	-11,99	-12,05	-17,55
07/01/2022 13:05:00	-18,21	-16,33	-14,66	-13,38	-12,56	-12,20	-12,08	-12,05	-12,13	-12,23	-12,30	-12,29	-12,28	-12,18	-12,08	-12,01	-11,94	-11,89	-11,83	-11,86	-11,89	-17,70
07/01/2022 13:10:00	-17,78	-16,00	-14,47	-13,34	-12,52	-12,06	-11,84	-11,85	-11,89	-11,95	-12,00	-12,00	-12,01	-11,95	-11,89	-11,86	-11,83	-11,82	-11,80	-11,86	-11,91	-17,55
07/01/2022 13:15:00	-17,66	-16,35	-14,79	-13,42	-12,49	-12,07	-11,93	-12,01	-12,05	-12,06	-12,04	-12,00	-11,96	-11,86	-11,76	-11,72	-11,69	-11,65	-11,62	-11,65	-11,68	-17,23
07/01/2022 13:20:00	-17,60	-16,33	-14,97	-13,85	-13,04	-12,60	-12,38	-12,27	-12,26	-12,28	-12,29	-12,24	-12,19	-12,07	-11,94	-11,87	-11,79	-11,74	-11,68	-11,70	-11,73	-17,12
07/01/2022 13:25:00	-17,41	-16,23	-15,01	-13,93	-13,10	-12,52	-12,10	-11,98	-11,93	-11,91	-11,92	-11,90	-11,88	-11,82	-11,75	-11,73	-11,70	-11,69	-11,68	-11,73	-11,79	-16,92
07/01/2022 13:30:00	-17,19	-16,36	-15,10	-13,77	-12,63	-11,86	-11,47	-11,28	-11,24	-11,30	-11,43	-11,59	-11,76	-11,86	-11,96	-12,04	-12,12	-12,20	-12,27	-12,36	-12,45	-16,75
07/01/2022 13:35:00	-17,24	-15,70	-14,48	-13,44	-12,76	-12,43	-12,26	-12,26	-12,25	-12,24	-12,22	-12,15	-12,09	-11,97	-11,86	-11,80	-11,74	-11,71	-11,67	-11,71	-11,75	-16,55
07/01/2022 13:40:00	-17,07	-15,83	-14,55	-13,40	-12,62	-12,11	-11,65	-11,54	-11,52	-11,54	-11,58	-11,57	-11,57	-11,50	-11,43	-11,39	-11,35	-11,33	-11,31	-11,36	-11,40	-16,52
07/01/2022 13:45:00	-16,85	-15,60	-13,90	-12,61	-11,79	-11,48	-11,49	-11,73	-11,95	-12,09	-12,20	-12,22	-12,24	-12,14	-12,05	-11,99	-11,94	-11,88	-11,82	-11,84	-11,86	-16,22
07/01/2022 13:50:00	-16,62	-14,60	-13,21	-12,23	-11,80	-11,77	-11,78	-11,96	-12,15	-12,33	-12,45	-12,45	-12,45	-12,33	-12,21	-12,11	-12,02	-11,95	-11,88	-11,91	-11,93	-16,52
07/01/2022 13:55:00	-15,95	-14,37	-13,03	-12,33	-12,05	-12,08	-12,24	-12,47	-12,67	-12,80	-12,85	-12,72	-12,60	-12,36	-12,13	-11,95	-11,77	-11,63	-11,49	-11,48	-11,47	-16,46
07/01/2022 14:00:00	-16,31	-15,04	-13,96	-13,04	-12,39	-12,00	-11,77	-11,56	-11,47	-11,45	-11,42	-11,33	-11,24	-11,10	-10,96	-10,88	-10,80	-10,74	-10,69	-10,72	-10,76	-16,06
07/01/2022 14:05:00	-16,00	-14,70	-13,40	-12,42	-11,93	-11,87	-11,88	-12,00	-12,12	-12,19	-12,20	-12,09	-11,98	-11,78	-11,57	-11,44	-11,30	-11,19	-11,07	-11,07	-11,07	-16,05
07/01/2022 14:10:00	-15,88	-14,66	-13,63	-12,77	-12,17	-11,82	-11,59	-11,52	-11,51	-11,53	-11,54	-11,51	-11,47	-11,37	-11,28	-11,22	-11,16	-11,14	-11,11	-11,16	-11,20	-15,68
07/01/2022 14:15:00	-15,46	-14,44	-13,39	-12,45	-11,83	-11,55	-11,43	-11,50	-11,55	-11,55	-11,55	-11,51	-11,47	-11,37	-11,27	-11,22	-11,18	-11,15	-11,13	-11,17	-11,21	-15,60
07/01/2022 14:20:00	-15,35	-14,29	-13,17	-12,20	-11,61	-11,37	-11,22	-11,35	-11,41	-11,38	-11,33	-11,22	-11,12	-10,97	-10,82	-10,74	-10,67	-10,62	-10,57	-10,60	-10,63	-15,34
07/01/2022 14:25:00	-15,11	-13,99	-12,96	-12,20	-11,73	-11,48	-11,30	-11,32	-11,33	-11,32	-11,27	-11,16	-11,05	-10,88	-10,71	-10,61	-10,52	-10,45	-10,39	-10,42	-10,45	-15,25
07/01/2022 14:30:00	-15,07	-13,60	-12,63	-11,97	-11,61	-11,50	-11,47	-11,42	-11,44	-11,50	-11,52	-11,42	-11,32	-11,15	-10,97	-10,85	-10,72	-10,64	-10,56	-10,58	-10,60	-15,15
07/01/2022 14:35:00	-15,16	-14,12	-13,30	-12,71	-12,36	-12,20	-12,08	-11,94	-11,84	-11,76	-11,63	-11,40	-11,17	-10,90	-10,63	-10,46	-10,28	-10,16	-10,04	-10,04	-10,04	-15,17
07/01/2022 14:40:00	-14,84	-14,18	-13,52	-12,79	-12,25	-11,88	-11,48	-11,22	-11,05	-10,94	-10,83	-10,68	-10,53	-10,35	-10,18	-10,07	-9,97	-9,91	-9,85	-9,88	-9,92	-15,18
07/01/2022 14:45:00	-14,87	-13,97	-12,99	-11,93	-11,21	-10,90	-10,75	-10,65	-10,66	-10,76	-10,86	-10,91	-10,97	-10,94	-10,91	-10,89	-10,87	-10,86	-10,86	-10,91	-10,96	-15,15
07/01/2022 14:50:00	-14,99	-14,47	-13,29	-12,27	-11,55	-11,13	-10,88	-10,87	-10,93	-11,02	-11,09	-11,08	-11,07	-10,97	-10,87	-10,80	-10,73	-10,67	-10,62	-10,65	-10,67	-14,89
07/01/2022 14:55:00	-14,91	-14,53	-13,57	-12,56	-11,84	-11,46	-11,23	-11,19	-11,20	-11,21	-11,22	-11,18	-11,14	-11,03	-10,92	-10,87	-10,81	-10,76	-10,72	-10,75	-10,78	-14,69
07/01/2022 15:00:00	-14,70	-14,27	-13,44	-12,66	-12,07	-11,68	-11,34	-11,27	-11,20	-11,10	-11,00	-10,87	-10,74	-10,58	-10,42	-10,34	-10,27	-10,22	-10,17	-10,20	-10,23	-14,60
07/01/2022 15:05:00	-14,91	-13,68	-12,81	-12,12	-11,70	-11,52	-11,40	-11,29	-11,25	-11,25	-11,22	-11,11	-10,99	-10,82	-10,65	-10,54	-10,42	-10,35	-10,28	-10,31	-10,33	-14,77
07/01/2022 15:10:00	-14,71	-13,80	-13,12	-12,54	-12,14	-11,88	-11,64	-11,41	-11,26	-11,17	-11,06	-10,87	-10,69	-10,47	-10,26	-10,13	-10,00	-9,91	-9,83	-9,85	-9,87	-14,55
07/01/2022 15:15:00	-14,80	-14,14	-13,46	-12,75	-12,14	-11,70	-11,40	-11,17	-11,00	-10,86	-10,75	-10,62	-10,49	-10,35	-10,20	-10,14	-10,08	-10,05	-10,02	-10,07	-10,12	-14,42
07/01/2022 15:20:00	-14,75	-14,35	-13,57	-12,75	-12,04	-11,51	-11,15	-10,90	-10,77	-10,74	-10,73	-10,69	-10,65	-10,56	-10,47	-10,43	-10,38	-10,36	-10,33	-10,38	-10,43	-14,31
07/01/2022 15:25:00	-14,68	-14,54	-13,79	-12,86	-12,01	-11,35	-10,91	-10,70	-10,56	-10,47	-10,43	-10,41	-10,40	-10,36	-10,32	-10,33	-10,33	-10,36	-10,38	-10,44	-10,51	-14,17
07/01/2022 15:30:00	-14,57	-14,43	-13,71	-12,74	-11,88	-11,20	-10,63	-10,29	-10,13	-10,12	-10,16	-10,20	-10,25	-10,25	-10,25	-10,26	-10,27	-10,29	-10,32	-10,39	-10,46	-14,03
07/01/2022 15:35:00	-14,46	-14,29	-13,52	-12,58	-11,73	-11,06	-10,53	-10,31	-10,18	-10,08	-10,03	-10,01	-9,99	-9,96	-9,92	-9,93	-9,94	-9,97	-10,00	-10,07	-10,14	-14,49
07/01/2022 15:40:00	-14,42	-14,14	-13,56	-12,64	-11,83	-11,23	-10,73	-10,47	-10,30	-10,21	-10,18	-10,20	-10,22	-10,23	-10,23	-10,27	-10,31	-10,37	-10,42	-10,50	-10,59	-14,47
07/01/2022 15:45:00	-14,55	-14,28	-13,60	-12,86	-12,11	-11,35	-10,63	-10,29	-10,14	-10,13	-10,19	-10,26	-10,32	-10,34	-10,36	-10,38	-10,40	-10,45	-10,50	-10,59	-10,67	-14,50
07/01/2022 15:50:00	-14,41	-14,30	-13,54	-12,57	-11,76	-11,23	-10,89	-10,75	-10,63	-10,48	-10,36	-10,26	-10,16	-10,05	-9,94	-9,91	-9,88	-9,87	-9,85	-9,90	-9,95	-14,45
07/01/2022 15:55:00	-14,35	-14,00	-13,13	-12,09	-11,28	-10,77	-10,45	-10,27	-10,15	-10,04	-9,94	-9,85	-9,76	-9,64	-9,53	-9,49	-9,45	-9,43	-9,41	-9,46	-9,50	-14,27
07/01/2022 16:00:00	-14,14	-13,59	-12,39	-11,14	-10,22	-9,73	-9,49	-9,50	-9,59	-9,71	-9,86	-9,98	-10,11	-10,15	-10,18	-10,22	-10,25	-10,29	-10,32	-10,39	-10,46	-14,20
07/01/2022 16:05:00	-14,05	-13,23	-12,20	-11,20	-10,46	-10,01	-9,70	-9,64	-9,67	-9,76	-9,87	-9,95	-10,03	-10,04	-10,04	-10,06	-10,07	-10,10	-10,13	-10,20	-10,28	-14,09
07/01/2022 16:10:00	-14,15	-13,53	-12,15	-10,83	-9,90	-9,41	-9,18	-9,20	-9,36	-9,62	-9,88	-10,08	-10,28	-10,34	-10,40	-10,42	-10,45	-10,47	-10,49	-10,55	-10,62	-14,15
07/01/2022 16:15:00	-14,15	-13,48	-12,15	-10,76	-9,85	-9,47	-9,30	-9,54	-9,73	-9,83	-9,92	-10,02	-10,12	-10,14	-10,16	-10,20	-10,25	-10,28	-10,32	-10,38	-10,45	-14,17
07/01/2022 16:20:00	-13,98	-13,71	-12,74	-11,51	-10,51	-9,89	-9,50	-9,48	-9,48	-9,45	-9,47	-9,56	-9,64	-9,69	-9,74	-9,82	-9,90	-9,97	-10,05	-10,14	-10,23	-14,14
07/01/2022 16:25:00	-14,20	-13,87	-12,81	-11,67	-10,72	-10,13	-9,94	-9,85	-9,80	-9,80	-9,81	-9,83	-9,85	-9,82	-9,79	-9,81	-9,82	-9,83	-9,85	-9,91	-9,97	-14,08
07/01/2022 16:30:00	-14,14	-13,83	-12,94	-11,99	-11,22	-10,69	-10,26	-9,99	-9,85	-9,80	-9,76	-9,67	-9,59	-9,46	-9,34	-9,27	-9,20	-9,16	-9,12	-9,16	-9,20	-14,24
07/01/2022 16:35:00	-14,19	-13,93	-13,12	-12,12	-11,31	-10,75	-10,27	-10,05	-9,92	-9,86	-9,82	-9,79	-9,75	-9,68	-9,62	-9,60	-9,58	-9,58	-9,58	-9,64	-9,69	-14,15
07/01/2022 16:40:00	-13,96	-13,77	-12,99	-12,02	-11,09	-10,35	-9,92	-9,68	-9,51	-9,39	-9,32	-9,31	-9,30	-9,28	-9,26	-9,29	-9,32	-9,37	-9,42	-9,50	-9,58	-14,10
07/01/2022 16:45:00	-14,02	-13,83	-13,04	-12,14	-11,44	-11,01	-10,69	-10,49	-10,32	-10,15	-9,96	-9,76	-9,55	-9,34	-9,13	-9,03	-8,93	-8,85	-8,78	-8,80	-8,83	-14,32
07/01/2022 16:50:00	-14,30	-13,98	-13,26	-12,35	-11,55	-10,99	-10,61	-10,15	-9,88	-9,79	-9,72	-9,62	-9,51	-9,38	-9,25	-9,17	-9,10	-9,06	-9,02	-9,05	-9,09	-14,30
07/01/2022 16:55:00	-14,22	-14,00	-13,27	-12,38	-11,51	-10,75	-10,11	-9,79	-9,57	-9,41	-9,31	-9,26	-9,21	-9,17	-9,13	-9,15	-9,16	-9,20	-9,25	-9,33	-9,41	-14,21
07/01/2022 17:00:00	-14,27	-14,03	-13,28	-12,36	-11,48	-10,75	-10,26	-9,88	-9,67	-9,61	-9,60	-9,61	-9,62	-9,60	-9,58	-9,58	-9,59	-9,62	-9,65	-9,72	-9,80	-14,25
07/01/2022 17:05:00	-14,27	-13,70	-12,84	-12,01	-11,29	-10,68	-10,13	-9,84	-9,66	-9,55	-9,47	-9,36	-9,26	-9,14	-9,02	-8,97	-8,92	-8,90	-8,88	-8,94	-9,00	-14,20
07/01/2022 17:10:00	-14,22	-13,62	-12,73	-11,90	-11,22	-10,71	-10,33	-10,06	-9,90	-9,83	-9,76	-9,65	-9,54	-9,40	-9,25	-9,18	-9,10	-9,05	-9,01	-9,05	-9,09	-14,22
07/01/2022 17:15:00	-14,22	-13,60	-12,79	-11,96	-11,27	-10,73	-10,27	-10,09	-9,98	-9,89	-9,83	-9,77	-9,70	-9,62	-9,54	-9,51	-9,49	-9,50	-9,50	-9,57	-9,63	-14,19
07/01/2022 17:20:00	-14,20	-13,59	-12,83	-11,91	-11,10	-10,46	-10,00	-9,75	-9,61	-9,57	-9,58	-9,62	-9,66	-9,68	-9,69	-9,73	-9,77	-9,83	-9,89	-9,98	-10,07	-14,20
07/01/2022 17:25:00	-14,22	-13,62	-12,63	-11,69	-10,93	-10,41	-10,08	-9,76	-9,62	-9,65	-9,67	-9,63	-9,58	-9,47	-9,37	-9,29	-9,22	-9,18	-9,13	-9,17	-9,21	-14,18
07/01/2022 17:30:00	-14,09	-13,58	-12,60	-11,58	-10,78	-10,28	-10,01	-9,91	-9,84	-9,80	-9,76	-9,71	-9,66	-9,57	-9,48	-9,45	-9,43	-9,41	-9,40	-9,46	-9,51	-14,15
07/01/2022 17:35:00	-14,24	-13,63	-12,68	-11,67	-10,82	-10,21	-9,88	-9,79	-9,72	-9,65	-9,62	-9,62	-9,62	-9,60	-9,58	-9,61	-9,65	-9,69	-9,74	-9,82	-9,90	-14,22
07/01/2022 17:40:00	-14,27	-13,73	-12,83	-11,94	-11,23	-10,74	-10,37	-10,14	-9,95	-9,79	-9,61	-9,42	-9,22	-9,02	-8,82	-8,72	-8,63	-8,57	-8,51	-8,54	-8,57	-14,19
07/01/2022 17:45:00	-14,22	-13,62	-12,50	-11,34	-10,44	-9,85	-9,47	-9,46	-9,46	-9,44	-9,45	-9,49	-9,52	-9,52	-9,52	-9,56	-9,60	-9,64	-9,69	-9,77	-9,85	-14,13
07/01/2022 17:50:00	-14,21	-13,47	-11,98	-10,64	-9,70	-9,21	-9,05	-9,11	-9,23	-9,39	-9,53	-9,62	-9,70	-9,69	-9,67	-9,66	-9,66	-9,65	-9,65	-9,70	-9,75	-14,23
07/01/2022 17:55:00	-14,19	-13,31	-12,05	-10,75	-9,89	-9,51	-9,31	-9,36	-9,41	-9,43	-9,44	-9,44	-9,43	-9,37	-9,31	-9,30	-9,30	-9,30	-9,29	-9,35	-9,41	-14,38
07/01/2022 18:00:00	-14,33	-13,55	-12,47	-11,39	-10,59	-10,13	-9,84	-9,66	-9,57	-9,53	-9,48	-9,40	-9,31	-9,19	-9,07	-9,02	-8,97	-8,94	-8,90	-8,95	-8,99	-14,37
07/01/2022 18:05:00	-14,47	-13,66	-12,83	-11,86	-11,00	-10,31	-9,68	-9,25	-8,96	-8,80	-8,68	-8,59	-8,50	-8,42	-8,35	-8,34	-8,33	-8,36	-8,38	-8,46	-8,54	-14,57
07/01/2022 18:10:00	-14,89	-13,76	-12,15	-10,77	-9,75	-9,19	-9,03	-9,06	-9,14	-9,22	-9,29	-9,35	-9,41	-9,40	-9,39	-9,42	-9,44	-9,46	-9,48	-9,55	-9,62	-14,65
07/01/2022 18:15:00	-14,98	-13,84	-12,34	-11,06	-10,11	-9,59	-9,49	-9,53	-9,54	-9,49	-9,43	-9,35	-9,28	-9,19	-9,09	-9,07	-9,05	-9,05	-9,04	-9,09	-9,15	-14,88
07/01/2022 18:20:00	-15,04	-14,14	-12,68	-11,20	-10,05	-9,39	-9,11	-9,00	-8,94	-8,91	-8,89	-8,90	-8,90	-8,87	-8,84	-8,87	-8,90	-8,93	-8,95	-9,02	-9,09	-15,06
07/01/2022 18:25:00	-15,13	-14,25	-12,92	-11,53	-10,50	-9,92	-9,55	-9,46	-9,35	-9,20	-9,04	-8,92	-8,80	-8,68	-8,56	-8,55	-8,54	-8,53	-8,52	-8,58	-8,64	-15,18
07/01/2022 18:30:00	-15,37	-14,24	-12,80	-11,33	-10,26	-9,62	-9,13	-8,94	-8,81	-8,71	-8,62	-8,55	-8,47	-8,39	-8,30	-8,30	-8,29	-8,30	-8,30	-8,37	-8,44	-15,32
07/01/2022 18:35:00	-15,32	-14,37	-12,55	-10,67	-9,30	-8,59	-8,29	-8,33	-8,39	-8,44	-8,49	-8,59	-8,69	-8,74	-8,78	-8,87	-8,95	-9,01	-9,07	-9,15	-9,23	-15,35
07/01/2022 18:40:00	-15,47	-14,39	-12,42	-10,39	-8,93	-8,23	-8,06	-8,32	-8,57	-8,79	-9,04	-9,36	-9,67	-9,89	-10,10	-10,28	-10,47	-10,60	-10,73	-10,85	-10,96	-15,51
07/01/2022 18:45:00	-15,78	-14,19	-12,70	-11,50	-10,72	-10,30	-10,01	-9,84	-9,78	-9,79	-9,75	-9,63	-9,51	-9,34	-9,18	-9,07	-8,97	-8,90	-8,84	-8,87	-8,90	-15,61
07/01/2022 18:50:00	-15,90	-14,95	-12,83	-10,79	-9,24	-8,38	-8,05	-8,05	-8,20	-8,40	-8,62	-8,86	-9,09	-9,22	-9,35	-9,46	-9,57	-9,64	-9,72	-9,81	-9,90	-15,72
07/01/2022 18:55:00	-15,71	-13,40	-11,45	-10,24	-9,66	-9,58	-9,64	-9,86	-9,97	-9,96	-9,82	-9,55	-9,27	-8,95	-8,63	-8,45	-8,27	-8,12	-7,98	-7,97	-7,96	-15,82
07/01/2022 19:00:00	-16,12	-13,63	-11,56	-9,85	-8,85	-8,53	-8,45	-8,51	-8,65	-8,81	-8,93	-8,97	-9,00	-8,96	-8,91	-8,89	-8,87	-8,86	-8,84	-8,90	-8,96	-15,72
07/01/2022 19:05:00	-15,87	-14,33	-12,63	-11,36	-10,50	-10,05	-9,84	-9,81	-9,72	-9,54	-9,30	-9,03	-8,75	-8,48	-8,20	-8,09	-7,97	-7,88	-7,78	-7,80	-7,82	-15,83
07/01/2022 19:10:00	-15,92	-14,49	-12,52	-10,79	-9,58	-9,01	-8,88	-8,79	-8,87	-9,05	-9,21	-9,29	-9,37	-9,35	-9,33	-9,31	-9,30	-9,28	-9,27	-9,31	-9,36	-15,91
07/01/2022 19:15:00	-16,04	-14,80	-12,66	-10,56	-9,10	-8,28	-7,71	-7,74	-7,86	-8,01	-8,17	-8,34	-8,51	-8,60	-8,69	-8,78	-8,88	-8,94	-9,01	-9,10	-9,19	-15,96
07/01/2022 19:20:00	-16,11	-14,50	-12,02	-9,66	-8,17	-7,54	-7,20	-7,39	-7,72	-8,10	-8,47	-8,80	-9,13	-9,31	-9,48	-9,60	-9,71	-9,78	-9,85	-9,94	-10,03	-16,04
07/01/2022 19:25:00	-16,01	-14,65	-12,76	-10,96	-9,77	-9,27	-9,09	-8,89	-8,87	-8,94	-8,96	-8,89	-8,83	-8,69	-8,56	-8,48	-8,41	-8,33	-8,26	-8,28	-8,30	-16,05
07/01/2022 19:30:00	-16,07	-14,70	-12,62	-10,63	-9,23	-8,48	-8,02	-8,06	-8,15	-8,23	-8,32	-8,43	-8,54	-8,59	-8,64	-8,71	-8,79	-8,84	-8,90	-8,99	-9,07	-16,13
07/01/2022 19:35:00	-16,05	-14,91	-12,22	-9,90	-8,42	-7,90	-7,94	-8,25	-8,63	-8,97	-9,24	-9,41	-9,59	-9,59	-9,60	-9,60	-9,61	-9,57	-9,53	-9,55	-9,58	-16,20
07/01/2022 19:40:00	-16,34	-15,07	-12,81	-10,47	-8,71	-7,62	-6,87	-6,75	-6,82	-7,02	-7,28	-7,60	-7,93	-8,17	-8,41	-8,60	-8,79	-8,94	-9,09	-9,23	-9,36	-16,16
07/01/2022 19:45:00	-16,38	-15,26	-12,94	-10,20	-8,16	-7,02	-6,43	-6,56	-6,79	-7,08	-7,47	-8,03	-8,59	-9,05	-9,51	-9,87	-10,23	-10,50	-10,78	-10,96	-11,15	-16,27
07/01/2022 19:50:00	-16,34	-14,77	-12,82	-10,68	-9,06	-8,13	-7,62	-7,47	-7,48	-7,59	-7,77	-8,04	-8,30	-8,52	-8,74	-8,93	-9,13	-9,28	-9,44	-9,58	-9,72	-16,26
07/01/2022 19:55:00	-16,05	-14,34	-12,69	-11,08	-9,83	-8,98	-8,30	-7,96	-7,74	-7,59	-7,47	-7,39	-7,31	-7,26	-7,21	-7,24	-7,27	-7,32	-7,36	-7,46	-7,55	-16,22
07/01/2022 20:00:00	-16,26	-14,56	-12,56	-10,84	-9,39	-8,37	-7,84	-7,53	-7,37	-7,30	-7,25	-7,25	-7,25	-7,25	-7,26	-7,32	-7,39	-7,45	-7,51	-7,62	-7,72	-16,23
07/01/2022 20:05:00	-16,19	-14,15	-12,28	-10,52	-9,26	-8,53	-8,06	-7,72	-7,63	-7,70	-7,78	-7,83	-7,87	-7,88	-7,88	-7,90	-7,93	-7,96	-7,99	-8,08	-8,16	-16,20
07/01/2022 20:10:00	-16,24	-14,37	-11,65	-9,10	-7,35	-6,55	-6,35	-6,65	-7,02	-7,41	-7,81	-8,24	-8,66	-8,95	-9,23	-9,45	-9,66	-9,81	-9,97	-10,09	-10,22	-16,18
07/01/2022 20:15:00	-16,33	-14,65	-11,72	-9,02	-7,13	-6,19	-5,87	-6,35	-6,77	-7,11	-7,48	-7,92	-8,37	-8,69	-9,02	-9,28	-9,55	-9,74	-9,93	-10,08	-10,22	-16,13
07/01/2022 20:20:00	-16,14	-14,08	-11,14	-8,33	-6,59	-6,00	-5,97	-6,56	-7,07	-7,46	-7,85	-8,27	-8,69	-8,97	-9,25	-9,47	-9,70	-9,85	-9,99	-10,12	-10,24	-16,06
07/01/2022 20:25:00	-16,14	-14,45	-11,99	-9,78	-8,24	-7,48	-7,25	-7,47	-7,63	-7,72	-7,80	-7,92	-8,04	-8,11	-8,18	-8,29	-8,40	-8,48	-8,55	-8,65	-8,74	-16,00
07/01/2022 20:30:00	-16,07	-14,21	-11,54	-9,32	-7,94	-7,36	-7,14	-7,65	-8,01	-8,19	-8,33	-8,46	-8,60	-8,64	-8,68	-8,76	-8,84	-8,88	-8,92	-9,00	-9,08	-16,01
07/01/2022 20:35:00	-16,16	-14,54	-11,39	-8,84	-7,23	-6,69	-6,78	-7,38	-7,88	-8,21	-8,46	-8,65	-8,84	-8,88	-8,92	-8,98	-9,04	-9,03	-9,03	-9,08	-9,13	-15,91
07/01/2022 20:40:00	-15,79	-14,16	-11,19	-8,69	-7,21	-6,77	-6,75	-7,40	-7,88	-8,13	-8,30	-8,41	-8,53	-8,52	-8,51	-8,55	-8,59	-8,58	-8,56	-8,61	-8,65	-15,91
07/01/2022 20:45:00	-15,85	-14,32	-11,99	-9,72	-8,08	-7,19	-6,75	-6,80	-6,90	-6,99	-7,11	-7,28	-7,44	-7,56	-7,68	-7,82	-7,95	-8,05	-8,16	-8,27	-8,38	-15,97
07/01/2022 20:50:00	-16,01	-14,17	-11,46	-9,29	-7,93	-7,39	-7,23	-7,58	-7,77	-7,77	-7,68	-7,56	-7,43	-7,27	-7,10	-7,06	-7,02	-6,96	-6,91	-6,94	-6,97	-16,03
07/01/2022 20:55:00	-15,88	-14,10	-10,99	-7,98	-6,04	-5,37	-5,43	-5,90	-6,42	-6,89	-7,35	-7,84	-8,32	-8,62	-8,93	-9,15	-9,38	-9,52	-9,66	-9,77	-9,89	-16,07
07/01/2022 21:00:00	-15,66	-13,47	-10,29	-7,75	-6,39	-6,23	-6,58	-7,34	-7,94	-8,33	-8,59	-8,74	-8,89	-8,86	-8,84	-8,84	-8,84	-8,79	-8,75	-8,77	-8,79	-16,12
07/01/2022 21:05:00	-16,08	-13,62	-11,09	-9,21	-8,12	-7,79	-7,83	-8,26	-8,47	-8,46	-8,36	-8,23	-8,11	-7,95	-7,79	-7,76	-7,73	-7,70	-7,66	-7,70	-7,75	-16,04
07/01/2022 21:10:00	-16,19	-14,17	-11,45	-9,04	-7,52	-6,94	-6,82	-7,18	-7,40	-7,48	-7,50	-7,54	-7,59	-7,58	-7,57	-7,64	-7,72	-7,75	-7,78	-7,85	-7,92	-15,94
07/01/2022 21:15:00	-15,96	-13,65	-11,27	-9,05	-7,70	-7,25	-7,14	-7,40	-7,60	-7,70	-7,79	-7,90	-8,01	-8,06	-8,11	-8,21	-8,31	-8,38	-8,44	-8,53	-8,63	-16,07
07/01/2022 21:20:00	-15,98	-14,21	-11,89	-9,95	-8,65	-8,07	-7,92	-7,98	-8,00	-7,94	-7,81	-7,65	-7,49	-7,31	-7,13	-7,08	-7,02	-6,96	-6,90	-6,94	-6,97	-16,03
07/01/2022 21:25:00	-16,00	-14,02	-11,68	-9,59	-8,21	-7,63	-7,49	-7,84	-8,04	-8,10	-8,15	-8,24	-8,33	-8,38	-8,43	-8,54	-8,65	-8,73	-8,80	-8,90	-9,00	-15,24
07/01/2022 21:30:00	-16,12	-15,14	-12,74	-9,97	-7,68	-6,20	-5,38	-5,23	-5,25	-5,38	-5,65	-6,12	-6,59	-7,03	-7,46	-7,83	-8,20	-8,50	-8,79	-8,99	-9,19	-15,97
07/01/2022 21:35:00	-15,91	-14,62	-12,07	-9,59	-7,78	-6,78	-6,31	-6,30	-6,34	-6,38	-6,43	-6,53	-6,63	-6,69	-6,75	-6,86	-6,97	-7,04	-7,11	-7,21	-7,30	-15,93
07/01/2022 21:40:00	-15,96	-14,52	-11,94	-9,34	-7,40	-6,25	-5,55	-5,31	-5,48	-5,89	-6,37	-6,85	-7,33	-7,66	-7,99	-8,20	-8,41	-8,57	-8,73	-8,87	-9,01	-15,90
07/01/2022 21:45:00	-15,96	-14,56	-11,90	-9,20	-7,22	-6,11	-5,47	-5,35	-5,44	-5,66	-5,92	-6,23	-6,54	-6,76	-6,98	-7,17	-7,36	-7,49	-7,62	-7,75	-7,88	-15,98
07/01/2022 21:50:00	-15,86	-14,73	-11,90	-9,05	-6,87	-5,62	-5,11	-5,22	-5,51	-5,88	-6,32	-6,85	-7,38	-7,78	-8,19	-8,49	-8,79	-9,01	-9,23	-9,39	-9,55	-15,99
07/01/2022 21:55:00	-15,98	-14,46	-11,93	-9,18	-7,00	-5,54	-4,63	-4,56	-4,74	-5,10	-5,61	-6,28	-6,95	-7,52	-8,09	-8,51	-8,92	-9,27	-9,61	-9,84	-10,07	-16,05
07/01/2022 22:00:00	-16,03	-13,88	-11,05	-8,53	-7,09	-6,72	-6,73	-7,23	-7,72	-8,13	-8,49	-8,80	-9,11	-9,25	-9,39	-9,50	-9,60	-9,65	-9,71	-9,78	-9,86	-16,10
07/01/2022 22:05:00	-16,06	-13,89	-11,46	-9,72	-8,58	-8,07	-7,97	-8,12	-8,23	-8,25	-8,21	-8,10	-8,00	-7,85	-7,69	-7,64	-7,59	-7,54	-7,49	-7,54	-7,58	-16,07
07/01/2022 22:10:00	-15,39	-14,46	-11,16	-8,19	-6,35	-5,84	-6,09	-6,69	-7,24	-7,64	-7,94	-8,16	-8,38	-8,41	-8,44	-8,49	-8,53	-8,49	-8,45	-8,47	-8,49	-16,10
07/01/2022 22:15:00	-15,97	-14,39	-12,03	-9,50	-7,45	-6,15	-5,46	-5,33	-5,26	-5,25	-5,32	-5,60	-5,87	-6,16	-6,44	-6,74	-7,03	-7,27	-7,51	-7,70	-7,88	-16,16
07/01/2022 22:20:00	-16,36	-14,81	-12,17	-9,93	-8,41	-7,65	-7,30	-7,27	-7,23	-7,13	-6,95	-6,74	-6,53	-6,31	-6,09	-6,02	-5,95	-5,87	-5,78	-5,81	-5,83	-16,23
07/01/2022 22:25:00	-16,08	-13,92	-11,30	-9,60	-8,41	-7,70	-7,34	-7,20	-7,24	-7,36	-7,40	-7,29	-7,18	-7,00	-6,81	-6,70	-6,58	-6,48	-6,39	-6,42	-6,44	-16,27
07/01/2022 22:30:00	-15,94	-14,15	-12,11	-10,35	-9,00	-8,06	-7,35	-7,09	-6,95	-6,87	-6,80	-6,75	-6,70	-6,66	-6,62	-6,65	-6,69	-6,73	-6,77	-6,87	-6,96	-16,26
07/01/2022 22:35:00	-16,48	-15,09	-12,18	-9,04	-6,75	-5,42	-4,59	-4,70	-5,01	-5,45	-6,00	-6,67	-7,35	-7,89	-8,43	-8,83	-9,22	-9,52	-9,81	-10,01	-10,22	-16,30
07/01/2022 22:40:00	-16,57	-14,99	-12,72	-10,03	-7,85	-6,29	-5,08	-4,71	-4,50	-4,43	-4,50	-4,80	-5,10	-5,44	-5,78	-6,12	-6,45	-6,73	-7,02	-7,23	-7,44	-16,18
07/01/2022 22:45:00	-16,70	-15,64	-13,41	-10,73	-8,52	-6,92	-5,65	-5,10	-4,83	-4,77	-4,84	-5,08	-5,32	-5,59	-5,86	-6,11	-6,37	-6,59	-6,80	-6,98	-7,15	-15,87
07/01/2022 22:50:00	-16,72	-15,87	-13,35	-10,57	-8,37	-6,98	-6,11	-5,76	-5,56	-5,45	-5,39	-5,47	-5,55	-5,65	-5,75	-5,92	-6,08	-6,20	-6,31	-6,43	-6,54	-16,13
07/01/2022 22:55:00	-16,54	-15,80	-13,71	-10,97	-8,79	-7,31	-6,13	-5,54	-5,20	-5,03	-4,97	-5,09	-5,21	-5,38	-5,54	-5,75	-5,96	-6,12	-6,28	-6,43	-6,57	-16,23
07/01/2022 23:00:00	-16,36	-15,94	-14,00	-11,36	-9,01	-7,21	-5,79	-4,95	-4,51	-4,38	-4,41	-4,64	-4,88	-5,16	-5,43	-5,70	-5,97	-6,20	-6,42	-6,60	-6,78	-16,29
07/01/2022 23:05:00	-16,33	-15,80	-13,73	-10,99	-8,53	-6,61	-5,12	-4,25	-3,85	-3,80	-3,92	-4,26	-4,60	-4,96	-5,32	-5,64	-5,95	-6,22	-6,48	-6,68	-6,89	-16,37
07/01/2022 23:10:00	-16,27	-15,80	-13,72	-11,16	-8,86	-7,11	-5,85	-5,07	-4,62	-4,40	-4,31	-4,41	-4,51	-4,68	-4,85	-5,06	-5,27	-5,45	-5,62	-5,78	-5,94	-16,35
07/01/2022 23:15:00	-16,25	-15,75	-13,61	-11,01	-8,58	-6,67	-5,36	-4,60	-4,23	-4,15	-4,22	-4,50	-4,78	-5,09	-5,41	-5,70	-5,99	-6,24	-6,48	-6,67	-6,87	-16,35
07/01/2022 23:20:00	-16,35	-15,63	-13,54	-11,06	-8,80	-7,06	-5,83	-5,06	-4,64	-4,49	-4,46	-4,62	-4,78	-4,99	-5,20	-5,42	-5,65	-5,84	-6,04	-6,20	-6,37	-16,57
07/01/2022 23:25:00	-16,43	-15,79	-13,82	-11,33	-9,10	-7,37	-6,06	-5,30	-4,86	-4,66	-4,59	-4,73	-4,87	-5,08	-5,28	-5,52	-5,75	-5,95	-6,15	-6,32	-6,49	-16,61
07/01/2022 23:30:00	-16,68	-15,94	-13,64	-10,93	-8,65	-7,03	-5,88	-5,38	-5,13	-5,05	-5,09	-5,32	-5,55	-5,81	-6,06	-6,31	-6,57	-6,78	-6,98	-7,15	-7,31	-16,61
07/01/2022 23:35:00	-16,62	-15,94	-13,60	-10,93	-8,65	-7,00	-5,79	-5,21	-4,95	-4,91	-4,97	-5,19	-5,40	-5,63	-5,85	-6,07	-6,29	-6,47	-6,64	-6,80	-6,95	-16,52
07/01/2022 23:40:00	-16,49	-15,80	-13,53	-10,85	-8,58	-6,98	-5,86	-5,27	-5,02	-5,00	-5,09	-5,33	-5,57	-5,81	-6,05	-6,27	-6,50	-6,68	-6,86	-7,02	-7,17	-16,45
07/01/2022 23:45:00	-16,47	-15,43	-13,04	-10,29	-8,04	-6,45	-5,29	-5,00	-4,81	-4,72	-4,74	-4,99	-5,24	-5,52	-5,81	-6,11	-6,41	-6,65	-6,89	-7,08	-7,26	-16,43
07/01/2022 23:50:00	-16,40	-15,32	-12,78	-10,06	-7,84	-6,32	-5,29	-4,90	-4,78	-4,83	-4,98	-5,25	-5,52	-5,78	-6,03	-6,26	-6,50	-6,68	-6,86	-7,02	-7,18	-16,42
07/01/2022 23:55:00	-16,41	-14,93	-12,15	-9,21	-6,92	-5,43	-4,46	-4,46	-4,56	-4,72	-4,99	-5,44	-5,90	-6,32	-6,73	-7,09	-7,45	-7,74	-8,02	-8,23	-8,43	-16,40
