FileFormat:0002.2 file with temperature of atmosphere
SN105HE102 RTK
local	GMT or Local
0	GMT-Local=[hours]
20	Height[m]
0	0	0	Longitude                [grd]               [min]               [sec]
0	0	0	Latitude                [grd]               [min]               [sec]
N	NS
56,45	Freq[GHz]
0,00	dTemostat[K]
0,150	MessErr[K]
0,248	//[grad/step]
version 14.4.20120406
MTP5HE102F5645K-38.60I70D222917+A1.1
Commentary:
SN105HE102
парабола ДНА = 2,5 град
НЕ102 - ПУ - ХВБ с ЦСД " S "
АЦП - 202 - 09 с контр.U пит.и М
оптопара серии - 2
Т out № 178 пл
БП LPS - 112
End Of Commentary

SYSTEM\alaska.dat
data time	0	50	100	150	200	250	300	350	400	450	500	550	600	650	700	750	800	850	900	950	1000	OutsideTemperature
20/11/2021 00:00:00	-16,25	-16,48	-16,93	-17,46	-17,96	-18,49	-19,21	-19,91	-20,58	-21,22	-21,89	-22,38	-22,87	-23,03	-23,20	-23,17	-23,13	-23,12	-23,10	-23,10	-23,11	-16,21
20/11/2021 00:05:00	-16,17	-16,68	-17,20	-17,63	-18,10	-18,65	-19,30	-20,04	-20,69	-21,26	-21,86	-22,29	-22,72	-22,85	-22,98	-22,94	-22,89	-22,86	-22,83	-22,83	-22,82	-16,18
20/11/2021 00:10:00	-16,13	-16,64	-16,92	-17,28	-17,68	-18,19	-18,92	-19,69	-20,46	-21,18	-21,93	-22,48	-23,03	-23,22	-23,40	-23,37	-23,34	-23,32	-23,29	-23,29	-23,29	-16,20
20/11/2021 00:15:00	-16,19	-16,55	-16,96	-17,39	-17,96	-18,67	-19,50	-20,35	-21,06	-21,63	-22,20	-22,58	-22,95	-23,01	-23,07	-22,98	-22,88	-22,81	-22,74	-22,71	-22,68	-16,18
20/11/2021 00:20:00	-16,14	-16,42	-16,83	-17,38	-17,99	-18,65	-19,39	-20,15	-20,84	-21,44	-22,03	-22,41	-22,79	-22,85	-22,91	-22,80	-22,70	-22,62	-22,54	-22,52	-22,49	-16,10
20/11/2021 00:25:00	-16,03	-16,45	-16,95	-17,30	-17,76	-18,34	-19,00	-19,75	-20,42	-21,03	-21,66	-22,14	-22,61	-22,77	-22,93	-22,91	-22,88	-22,87	-22,85	-22,85	-22,85	-16,09
20/11/2021 00:30:00	-16,02	-16,39	-16,78	-17,17	-17,65	-18,29	-19,14	-20,07	-20,80	-21,34	-21,90	-22,31	-22,73	-22,84	-22,96	-22,92	-22,89	-22,86	-22,84	-22,83	-22,82	-15,97
20/11/2021 00:35:00	-15,92	-16,27	-16,69	-17,09	-17,60	-18,29	-19,18	-20,00	-20,68	-21,24	-21,79	-22,17	-22,56	-22,63	-22,71	-22,64	-22,57	-22,52	-22,46	-22,44	-22,42	-15,92
20/11/2021 00:40:00	-15,95	-16,22	-16,60	-17,13	-17,75	-18,45	-19,24	-20,02	-20,70	-21,28	-21,85	-22,20	-22,55	-22,58	-22,62	-22,51	-22,40	-22,32	-22,24	-22,21	-22,18	-15,86
20/11/2021 00:45:00	-15,79	-16,09	-16,62	-17,13	-17,67	-18,25	-18,93	-19,59	-20,27	-20,95	-21,67	-22,18	-22,70	-22,87	-23,05	-23,01	-22,98	-22,96	-22,94	-22,94	-22,94	-15,78
20/11/2021 00:50:00	-15,81	-16,16	-16,59	-17,05	-17,56	-18,15	-18,86	-19,60	-20,31	-20,99	-21,69	-22,19	-22,69	-22,85	-23,02	-22,98	-22,94	-22,91	-22,89	-22,88	-22,88	-15,73
20/11/2021 00:55:00	-15,71	-16,18	-16,44	-16,79	-17,32	-18,08	-19,05	-19,95	-20,75	-21,45	-22,13	-22,58	-23,03	-23,13	-23,22	-23,13	-23,05	-22,97	-22,89	-22,86	-22,82	-15,63
20/11/2021 01:00:00	-15,75	-16,11	-16,48	-16,94	-17,54	-18,31	-19,19	-20,12	-20,85	-21,39	-21,92	-22,25	-22,58	-22,61	-22,64	-22,54	-22,45	-22,37	-22,29	-22,26	-22,22	-15,50
20/11/2021 01:05:00	-15,44	-16,12	-16,56	-16,82	-17,19	-17,74	-18,40	-19,14	-19,90	-20,66	-21,45	-22,06	-22,68	-22,92	-23,17	-23,18	-23,19	-23,20	-23,21	-23,22	-23,23	-15,50
20/11/2021 01:10:00	-15,58	-16,08	-16,37	-16,70	-17,15	-17,81	-18,69	-19,68	-20,48	-21,08	-21,70	-22,14	-22,59	-22,72	-22,85	-22,82	-22,79	-22,76	-22,73	-22,72	-22,71	-15,52
20/11/2021 01:15:00	-15,56	-16,04	-16,44	-16,90	-17,39	-17,96	-18,77	-19,68	-20,44	-21,06	-21,70	-22,19	-22,67	-22,83	-23,00	-22,98	-22,96	-22,96	-22,95	-22,95	-22,96	-15,52
20/11/2021 01:20:00	-15,58	-15,72	-16,28	-16,97	-17,75	-18,54	-19,29	-20,08	-20,73	-21,24	-21,73	-22,01	-22,30	-22,29	-22,29	-22,16	-22,03	-21,94	-21,85	-21,82	-21,79	-15,52
20/11/2021 01:25:00	-15,61	-15,88	-16,36	-16,94	-17,58	-18,27	-19,05	-19,76	-20,46	-21,12	-21,79	-22,23	-22,67	-22,77	-22,87	-22,79	-22,70	-22,64	-22,58	-22,56	-22,55	-15,52
20/11/2021 01:30:00	-15,55	-15,94	-16,36	-16,83	-17,37	-17,99	-18,74	-19,55	-20,28	-20,93	-21,59	-22,07	-22,54	-22,69	-22,83	-22,79	-22,74	-22,71	-22,69	-22,68	-22,68	-15,50
20/11/2021 01:35:00	-15,59	-15,96	-16,30	-16,75	-17,34	-18,05	-18,83	-19,69	-20,41	-21,00	-21,58	-21,95	-22,33	-22,39	-22,45	-22,36	-22,27	-22,20	-22,13	-22,11	-22,08	-15,52
20/11/2021 01:40:00	-15,55	-15,92	-16,30	-16,80	-17,34	-18,00	-18,87	-19,75	-20,45	-21,00	-21,54	-21,90	-22,26	-22,33	-22,39	-22,32	-22,25	-22,20	-22,14	-22,13	-22,11	-15,58
20/11/2021 01:45:00	-15,58	-16,10	-16,43	-16,78	-17,18	-17,68	-18,38	-19,11	-19,83	-20,52	-21,25	-21,78	-22,31	-22,50	-22,69	-22,67	-22,65	-22,63	-22,62	-22,62	-22,63	-15,67
20/11/2021 01:50:00	-15,63	-16,04	-16,46	-16,97	-17,59	-18,29	-19,04	-19,91	-20,59	-21,10	-21,59	-21,90	-22,21	-22,23	-22,26	-22,15	-22,05	-21,98	-21,90	-21,87	-21,85	-15,63
20/11/2021 01:55:00	-15,68	-15,92	-16,42	-16,91	-17,46	-18,06	-18,68	-19,32	-19,94	-20,52	-21,13	-21,54	-21,95	-22,06	-22,17	-22,10	-22,03	-21,99	-21,95	-21,94	-21,94	-15,64
20/11/2021 02:00:00	-15,55	-16,04	-16,52	-16,92	-17,32	-17,84	-18,58	-19,16	-19,81	-20,49	-21,20	-21,71	-22,23	-22,41	-22,58	-22,55	-22,52	-22,50	-22,47	-22,47	-22,47	-15,61
20/11/2021 02:05:00	-15,57	-15,97	-16,41	-16,94	-17,50	-18,12	-18,88	-19,67	-20,37	-20,97	-21,58	-21,99	-22,40	-22,50	-22,60	-22,53	-22,47	-22,42	-22,37	-22,36	-22,35	-15,55
20/11/2021 02:10:00	-15,63	-15,92	-16,46	-17,08	-17,73	-18,40	-19,12	-19,76	-20,34	-20,87	-21,40	-21,71	-22,03	-22,04	-22,06	-21,94	-21,82	-21,73	-21,64	-21,61	-21,58	-15,52
20/11/2021 02:15:00	-15,52	-15,97	-16,41	-16,78	-17,32	-18,00	-18,66	-19,45	-20,11	-20,65	-21,18	-21,53	-21,88	-21,93	-21,98	-21,90	-21,81	-21,74	-21,68	-21,66	-21,63	-15,52
20/11/2021 02:20:00	-15,51	-15,79	-16,20	-16,71	-17,29	-17,98	-18,82	-19,56	-20,22	-20,80	-21,37	-21,73	-22,08	-22,13	-22,17	-22,06	-21,96	-21,88	-21,80	-21,77	-21,74	-15,47
20/11/2021 02:25:00	-15,51	-15,97	-16,33	-16,76	-17,28	-17,94	-18,75	-19,50	-20,17	-20,77	-21,35	-21,72	-22,09	-22,15	-22,20	-22,10	-22,00	-21,92	-21,84	-21,82	-21,79	-15,49
20/11/2021 02:30:00	-15,58	-15,95	-16,46	-16,94	-17,52	-18,17	-18,79	-19,51	-20,12	-20,61	-21,11	-21,44	-21,76	-21,80	-21,85	-21,76	-21,68	-21,62	-21,56	-21,54	-21,52	-15,51
20/11/2021 02:35:00	-15,52	-15,93	-16,48	-17,02	-17,52	-18,03	-18,66	-19,35	-19,92	-20,41	-20,92	-21,28	-21,65	-21,74	-21,84	-21,79	-21,74	-21,72	-21,69	-21,70	-21,70	-15,57
20/11/2021 02:40:00	-15,75	-15,98	-16,35	-16,86	-17,45	-18,16	-19,08	-19,92	-20,56	-21,03	-21,48	-21,75	-22,02	-22,02	-22,01	-21,90	-21,79	-21,71	-21,62	-21,59	-21,56	-15,61
20/11/2021 02:45:00	-15,74	-16,12	-16,62	-17,19	-17,82	-18,47	-19,12	-19,71	-20,26	-20,76	-21,25	-21,51	-21,78	-21,75	-21,72	-21,57	-21,42	-21,30	-21,19	-21,15	-21,11	-15,72
20/11/2021 02:50:00	-15,97	-16,18	-16,54	-17,11	-17,73	-18,38	-19,07	-19,72	-20,27	-20,73	-21,16	-21,37	-21,58	-21,52	-21,45	-21,29	-21,13	-21,01	-20,88	-20,84	-20,80	-15,84
20/11/2021 02:55:00	-15,92	-16,21	-16,84	-17,39	-17,88	-18,32	-18,80	-19,33	-19,80	-20,22	-20,67	-20,99	-21,31	-21,38	-21,45	-21,39	-21,34	-21,31	-21,28	-21,29	-21,29	-15,89
20/11/2021 03:00:00	-15,79	-16,22	-16,74	-17,26	-17,77	-18,27	-18,83	-19,33	-19,85	-20,37	-20,90	-21,23	-21,56	-21,61	-21,65	-21,55	-21,44	-21,37	-21,29	-21,28	-21,26	-15,88
20/11/2021 03:05:00	-15,99	-16,15	-16,68	-17,27	-17,85	-18,40	-18,94	-19,54	-20,00	-20,35	-20,70	-20,91	-21,11	-21,09	-21,06	-20,95	-20,84	-20,77	-20,70	-20,68	-20,67	-16,12
20/11/2021 03:10:00	-15,97	-16,30	-16,59	-17,04	-17,53	-18,11	-18,88	-19,54	-20,09	-20,53	-20,96	-21,18	-21,41	-21,37	-21,33	-21,19	-21,06	-20,95	-20,84	-20,80	-20,76	-16,06
20/11/2021 03:15:00	-16,07	-16,32	-16,75	-17,36	-17,94	-18,46	-19,00	-19,53	-20,02	-20,47	-20,91	-21,15	-21,38	-21,35	-21,33	-21,18	-21,04	-20,94	-20,84	-20,81	-20,78	-15,94
20/11/2021 03:20:00	-16,10	-16,46	-16,93	-17,38	-17,78	-18,15	-18,62	-19,09	-19,54	-19,99	-20,46	-20,78	-21,10	-21,16	-21,22	-21,15	-21,08	-21,04	-21,00	-20,99	-20,99	-16,00
20/11/2021 03:25:00	-16,07	-16,43	-16,90	-17,25	-17,68	-18,19	-18,68	-19,22	-19,69	-20,11	-20,54	-20,81	-21,09	-21,11	-21,13	-21,04	-20,95	-20,89	-20,82	-20,81	-20,79	-16,22
20/11/2021 03:30:00	-16,26	-16,57	-16,96	-17,58	-18,13	-18,59	-19,14	-19,54	-20,00	-20,50	-20,98	-21,22	-21,46	-21,42	-21,38	-21,20	-21,03	-20,91	-20,78	-20,74	-20,70	-16,22
20/11/2021 03:35:00	-16,15	-16,57	-17,12	-17,63	-18,08	-18,50	-18,97	-19,37	-19,77	-20,15	-20,55	-20,77	-21,00	-20,98	-20,97	-20,85	-20,73	-20,64	-20,56	-20,54	-20,52	-16,21
20/11/2021 03:40:00	-16,02	-16,59	-16,98	-17,38	-17,84	-18,37	-19,00	-19,60	-20,08	-20,44	-20,79	-20,96	-21,13	-21,06	-20,98	-20,84	-20,69	-20,57	-20,46	-20,42	-20,37	-15,98
20/11/2021 03:45:00	-15,99	-16,41	-17,06	-17,57	-18,05	-18,48	-18,84	-19,11	-19,44	-19,80	-20,18	-20,38	-20,58	-20,55	-20,52	-20,38	-20,25	-20,15	-20,06	-20,04	-20,01	-15,95
20/11/2021 03:50:00	-15,97	-16,51	-17,14	-17,74	-18,17	-18,45	-18,74	-19,03	-19,35	-19,70	-20,07	-20,29	-20,51	-20,51	-20,50	-20,39	-20,28	-20,21	-20,14	-20,13	-20,12	-15,93
20/11/2021 03:55:00	-15,90	-16,43	-16,88	-17,35	-17,81	-18,25	-18,67	-19,22	-19,69	-20,06	-20,45	-20,67	-20,89	-20,87	-20,85	-20,74	-20,62	-20,54	-20,46	-20,44	-20,42	-15,95
20/11/2021 04:00:00	-15,94	-16,20	-16,75	-17,38	-17,93	-18,43	-18,97	-19,46	-19,83	-20,11	-20,39	-20,51	-20,63	-20,53	-20,44	-20,29	-20,14	-20,03	-19,93	-19,89	-19,86	-15,96
20/11/2021 04:05:00	-15,94	-16,37	-16,89	-17,40	-17,86	-18,27	-18,69	-19,12	-19,49	-19,80	-20,13	-20,29	-20,46	-20,41	-20,36	-20,22	-20,09	-20,00	-19,91	-19,89	-19,87	-15,95
20/11/2021 04:10:00	-16,05	-16,43	-16,96	-17,49	-17,96	-18,38	-18,83	-19,30	-19,66	-19,92	-20,19	-20,32	-20,45	-20,38	-20,31	-20,18	-20,05	-19,96	-19,88	-19,86	-19,83	-15,98
20/11/2021 04:15:00	-16,09	-16,31	-16,85	-17,54	-18,15	-18,68	-19,20	-19,52	-19,82	-20,11	-20,37	-20,41	-20,46	-20,29	-20,13	-19,91	-19,69	-19,53	-19,37	-19,32	-19,26	-16,03
20/11/2021 04:20:00	-16,19	-16,54	-17,15	-17,59	-17,96	-18,26	-18,54	-18,82	-19,15	-19,52	-19,92	-20,19	-20,46	-20,50	-20,54	-20,46	-20,39	-20,34	-20,30	-20,30	-20,30	-16,06
20/11/2021 04:25:00	-16,03	-16,60	-17,09	-17,53	-17,89	-18,18	-18,50	-18,76	-19,07	-19,41	-19,76	-19,95	-20,13	-20,09	-20,04	-19,91	-19,77	-19,68	-19,58	-19,56	-19,53	-16,02
20/11/2021 04:30:00	-15,98	-16,38	-16,78	-17,23	-17,57	-17,85	-18,20	-18,55	-18,91	-19,28	-19,67	-19,91	-20,14	-20,14	-20,14	-20,04	-19,94	-19,87	-19,81	-19,80	-19,79	-15,98
20/11/2021 04:35:00	-15,88	-16,56	-16,97	-17,37	-17,76	-18,16	-18,59	-18,89	-19,18	-19,44	-19,68	-19,73	-19,78	-19,62	-19,46	-19,26	-19,06	-18,91	-18,75	-18,69	-18,64	-15,93
20/11/2021 04:40:00	-15,96	-16,47	-16,93	-17,29	-17,64	-18,04	-18,56	-18,86	-19,20	-19,56	-19,92	-20,10	-20,28	-20,22	-20,16	-20,01	-19,86	-19,75	-19,64	-19,60	-19,57	-15,92
20/11/2021 04:45:00	-15,93	-16,46	-16,97	-17,51	-17,94	-18,22	-18,41	-18,74	-19,03	-19,30	-19,59	-19,72	-19,84	-19,77	-19,70	-19,56	-19,41	-19,32	-19,23	-19,21	-19,19	-15,94
20/11/2021 04:50:00	-15,99	-16,35	-17,01	-17,61	-18,09	-18,44	-18,72	-19,03	-19,24	-19,40	-19,57	-19,62	-19,67	-19,55	-19,44	-19,29	-19,14	-19,04	-18,95	-18,93	-18,91	-15,95
20/11/2021 04:55:00	-16,02	-16,42	-17,00	-17,57	-18,01	-18,34	-18,64	-18,83	-19,05	-19,29	-19,53	-19,61	-19,69	-19,58	-19,46	-19,29	-19,12	-19,01	-18,89	-18,86	-18,83	-15,94
20/11/2021 05:00:00	-15,95	-16,35	-16,95	-17,53	-17,93	-18,13	-18,30	-18,56	-18,78	-18,98	-19,21	-19,33	-19,44	-19,38	-19,33	-19,21	-19,09	-19,03	-18,96	-18,96	-18,95	-15,98
20/11/2021 05:05:00	-16,08	-16,64	-17,03	-17,39	-17,72	-18,02	-18,29	-18,62	-18,94	-19,23	-19,53	-19,66	-19,80	-19,72	-19,65	-19,51	-19,37	-19,26	-19,16	-19,13	-19,10	-15,98
20/11/2021 05:10:00	-16,06	-16,53	-17,13	-17,73	-18,07	-18,17	-18,27	-18,28	-18,43	-18,69	-18,98	-19,11	-19,25	-19,19	-19,13	-18,99	-18,85	-18,76	-18,68	-18,67	-18,66	-16,11
20/11/2021 05:15:00	-16,17	-16,61	-17,13	-17,62	-17,97	-18,16	-18,34	-18,55	-18,78	-19,03	-19,30	-19,43	-19,56	-19,50	-19,44	-19,31	-19,17	-19,09	-19,01	-18,99	-18,98	-16,15
20/11/2021 05:20:00	-16,22	-16,79	-17,28	-17,67	-17,93	-18,10	-18,31	-18,57	-18,82	-19,05	-19,32	-19,48	-19,64	-19,61	-19,58	-19,47	-19,37	-19,31	-19,25	-19,24	-19,24	-16,18
20/11/2021 05:25:00	-16,28	-16,63	-17,27	-17,84	-18,19	-18,35	-18,52	-18,59	-18,70	-18,87	-19,07	-19,14	-19,21	-19,12	-19,03	-18,88	-18,74	-18,66	-18,57	-18,56	-18,54	-16,16
20/11/2021 05:30:00	-16,10	-16,55	-17,05	-17,52	-17,96	-18,31	-18,54	-18,77	-18,99	-19,18	-19,37	-19,39	-19,40	-19,24	-19,07	-18,87	-18,68	-18,54	-18,39	-18,35	-18,31	-16,13
20/11/2021 05:35:00	-16,21	-16,64	-17,21	-17,67	-18,02	-18,27	-18,51	-18,72	-18,91	-19,08	-19,28	-19,35	-19,42	-19,32	-19,22	-19,08	-18,95	-18,86	-18,76	-18,75	-18,73	-16,20
20/11/2021 05:40:00	-16,16	-16,81	-17,32	-17,75	-18,00	-18,12	-18,30	-18,46	-18,67	-18,90	-19,17	-19,32	-19,46	-19,41	-19,37	-19,25	-19,13	-19,06	-18,98	-18,97	-18,96	-16,18
20/11/2021 05:45:00	-16,17	-16,69	-17,14	-17,56	-17,89	-18,11	-18,33	-18,53	-18,75	-18,99	-19,23	-19,32	-19,41	-19,31	-19,21	-19,06	-18,90	-18,79	-18,68	-18,66	-18,63	-16,17
20/11/2021 05:50:00	-16,20	-16,59	-17,14	-17,63	-17,97	-18,16	-18,29	-18,46	-18,65	-18,85	-19,09	-19,19	-19,29	-19,22	-19,15	-19,02	-18,89	-18,80	-18,72	-18,71	-18,70	-16,16
20/11/2021 05:55:00	-16,17	-16,55	-17,13	-17,65	-18,00	-18,22	-18,46	-18,62	-18,80	-19,01	-19,24	-19,33	-19,43	-19,35	-19,26	-19,13	-18,99	-18,90	-18,81	-18,80	-18,78	-16,18
20/11/2021 06:00:00	-16,13	-16,64	-17,11	-17,56	-17,91	-18,19	-18,57	-18,91	-19,18	-19,38	-19,59	-19,67	-19,74	-19,64	-19,54	-19,39	-19,25	-19,15	-19,05	-19,02	-19,00	-16,15
20/11/2021 06:05:00	-16,22	-16,55	-17,00	-17,51	-17,90	-18,22	-18,60	-18,92	-19,18	-19,39	-19,60	-19,67	-19,74	-19,63	-19,52	-19,37	-19,22	-19,12	-19,01	-18,99	-18,96	-16,16
20/11/2021 06:10:00	-16,15	-16,61	-17,05	-17,49	-17,85	-18,13	-18,41	-18,73	-19,00	-19,23	-19,47	-19,57	-19,66	-19,57	-19,48	-19,34	-19,20	-19,10	-19,01	-18,99	-18,96	-16,15
20/11/2021 06:15:00	-16,10	-16,56	-17,07	-17,56	-17,91	-18,15	-18,43	-18,72	-18,96	-19,18	-19,41	-19,53	-19,64	-19,57	-19,51	-19,38	-19,26	-19,18	-19,10	-19,09	-19,08	-16,12
20/11/2021 06:20:00	-16,19	-16,62	-17,08	-17,44	-17,82	-18,21	-18,53	-19,00	-19,30	-19,46	-19,61	-19,66	-19,71	-19,59	-19,47	-19,33	-19,19	-19,09	-18,99	-18,96	-18,94	-16,15
20/11/2021 06:25:00	-16,19	-16,54	-16,91	-17,36	-17,78	-18,17	-18,57	-18,99	-19,32	-19,56	-19,80	-19,88	-19,95	-19,84	-19,72	-19,56	-19,40	-19,28	-19,16	-19,13	-19,10	-16,13
20/11/2021 06:30:00	-16,15	-16,67	-17,03	-17,34	-17,65	-18,00	-18,39	-18,73	-19,09	-19,45	-19,81	-20,00	-20,19	-20,14	-20,10	-19,96	-19,82	-19,72	-19,62	-19,59	-19,56	-16,12
20/11/2021 06:35:00	-16,11	-16,62	-16,95	-17,29	-17,65	-18,01	-18,41	-18,87	-19,26	-19,59	-19,93	-20,09	-20,26	-20,21	-20,15	-20,01	-19,88	-19,78	-19,68	-19,65	-19,62	-16,12
20/11/2021 06:40:00	-16,14	-16,43	-16,91	-17,39	-17,84	-18,24	-18,62	-18,96	-19,26	-19,54	-19,82	-19,93	-20,04	-19,94	-19,84	-19,68	-19,52	-19,41	-19,30	-19,27	-19,23	-16,08
20/11/2021 06:45:00	-16,06	-16,41	-16,95	-17,43	-17,83	-18,15	-18,44	-18,70	-18,94	-19,18	-19,44	-19,55	-19,65	-19,57	-19,49	-19,35	-19,21	-19,12	-19,03	-19,01	-18,99	-16,08
20/11/2021 06:50:00	-15,98	-16,44	-17,08	-17,58	-17,95	-18,19	-18,38	-18,64	-18,85	-19,04	-19,26	-19,37	-19,48	-19,43	-19,37	-19,26	-19,14	-19,08	-19,01	-19,00	-19,00	-16,05
20/11/2021 06:55:00	-15,92	-16,40	-16,87	-17,28	-17,73	-18,18	-18,54	-18,92	-19,23	-19,49	-19,75	-19,83	-19,90	-19,78	-19,65	-19,48	-19,30	-19,17	-19,04	-19,00	-18,95	-16,02
20/11/2021 07:00:00	-16,09	-16,40	-16,84	-17,32	-17,77	-18,17	-18,53	-18,93	-19,24	-19,48	-19,71	-19,79	-19,86	-19,75	-19,64	-19,48	-19,32	-19,21	-19,10	-19,07	-19,04	-15,98
20/11/2021 07:05:00	-15,95	-16,51	-16,98	-17,37	-17,68	-17,96	-18,33	-18,70	-19,02	-19,31	-19,61	-19,77	-19,94	-19,90	-19,86	-19,75	-19,64	-19,56	-19,49	-19,47	-19,45	-15,97
20/11/2021 07:10:00	-16,03	-16,34	-16,71	-17,20	-17,65	-18,11	-18,67	-19,12	-19,46	-19,70	-19,93	-19,99	-20,05	-19,91	-19,77	-19,60	-19,42	-19,29	-19,16	-19,12	-19,08	-15,95
20/11/2021 07:15:00	-15,94	-16,41	-16,82	-17,22	-17,63	-18,03	-18,41	-18,88	-19,22	-19,46	-19,69	-19,78	-19,87	-19,77	-19,67	-19,53	-19,38	-19,28	-19,17	-19,14	-19,11	-15,93
20/11/2021 07:20:00	-15,87	-16,37	-16,88	-17,39	-17,79	-18,09	-18,42	-18,58	-18,84	-19,16	-19,48	-19,61	-19,74	-19,66	-19,57	-19,40	-19,23	-19,11	-18,99	-18,95	-18,92	-15,93
20/11/2021 07:25:00	-15,94	-16,40	-16,88	-17,29	-17,63	-17,97	-18,39	-18,74	-19,02	-19,26	-19,50	-19,60	-19,71	-19,63	-19,54	-19,41	-19,27	-19,18	-19,09	-19,06	-19,04	-15,93
20/11/2021 07:30:00	-15,88	-16,33	-16,73	-17,16	-17,57	-17,95	-18,37	-18,83	-19,20	-19,48	-19,76	-19,90	-20,03	-19,95	-19,87	-19,74	-19,60	-19,51	-19,41	-19,38	-19,36	-15,90
20/11/2021 07:35:00	-15,85	-16,31	-16,77	-17,20	-17,60	-17,98	-18,40	-18,74	-19,07	-19,36	-19,66	-19,80	-19,93	-19,85	-19,76	-19,61	-19,46	-19,36	-19,25	-19,22	-19,19	-15,87
20/11/2021 07:40:00	-15,89	-16,29	-16,67	-17,13	-17,55	-17,95	-18,42	-18,81	-19,16	-19,46	-19,75	-19,87	-19,99	-19,88	-19,78	-19,62	-19,46	-19,34	-19,22	-19,18	-19,15	-15,88
20/11/2021 07:45:00	-15,86	-16,19	-16,46	-16,87	-17,29	-17,77	-18,38	-18,81	-19,19	-19,51	-19,79	-19,88	-19,97	-19,84	-19,70	-19,52	-19,33	-19,19	-19,05	-19,00	-18,95	-15,84
20/11/2021 07:50:00	-15,94	-16,13	-16,63	-17,22	-17,73	-18,13	-18,53	-18,83	-19,13	-19,43	-19,74	-19,85	-19,97	-19,88	-19,78	-19,62	-19,45	-19,34	-19,23	-19,20	-19,17	-15,87
20/11/2021 07:55:00	-15,85	-16,36	-16,77	-17,08	-17,47	-17,94	-18,37	-18,72	-19,09	-19,47	-19,84	-20,01	-20,19	-20,12	-20,05	-19,89	-19,73	-19,61	-19,49	-19,45	-19,41	-15,80
20/11/2021 08:00:00	-15,80	-16,22	-16,68	-17,11	-17,51	-17,89	-18,34	-18,75	-19,08	-19,34	-19,59	-19,71	-19,83	-19,75	-19,67	-19,53	-19,40	-19,31	-19,21	-19,19	-19,16	-15,72
20/11/2021 08:05:00	-15,77	-16,01	-16,60	-17,15	-17,63	-18,04	-18,41	-18,72	-19,00	-19,24	-19,49	-19,59	-19,69	-19,60	-19,51	-19,37	-19,22	-19,13	-19,04	-19,01	-18,99	-15,68
20/11/2021 08:10:00	-15,66	-15,98	-16,45	-16,92	-17,45	-18,02	-18,56	-18,95	-19,28	-19,56	-19,80	-19,85	-19,90	-19,74	-19,57	-19,37	-19,17	-19,02	-18,87	-18,82	-18,76	-15,70
20/11/2021 08:15:00	-15,72	-16,22	-16,62	-16,99	-17,32	-17,62	-17,96	-18,36	-18,77	-19,16	-19,57	-19,83	-20,09	-20,12	-20,14	-20,05	-19,96	-19,90	-19,84	-19,84	-19,83	-15,67
20/11/2021 08:20:00	-15,69	-16,05	-16,45	-16,94	-17,40	-17,83	-18,31	-18,67	-19,05	-19,43	-19,81	-19,99	-20,17	-20,10	-20,04	-19,88	-19,72	-19,61	-19,50	-19,47	-19,43	-15,63
20/11/2021 08:25:00	-15,68	-16,06	-16,42	-16,79	-17,26	-17,82	-18,41	-18,89	-19,31	-19,67	-20,00	-20,14	-20,28	-20,18	-20,07	-19,90	-19,73	-19,60	-19,47	-19,42	-19,37	-15,62
20/11/2021 08:30:00	-15,63	-16,06	-16,45	-16,99	-17,39	-17,71	-18,22	-18,70	-19,09	-19,38	-19,69	-19,86	-20,03	-19,98	-19,94	-19,83	-19,72	-19,65	-19,58	-19,56	-19,55	-15,55
20/11/2021 08:35:00	-15,56	-15,82	-16,30	-16,90	-17,49	-18,02	-18,53	-18,95	-19,30	-19,60	-19,87	-19,95	-20,02	-19,88	-19,73	-19,54	-19,34	-19,20	-19,06	-19,02	-18,97	-15,54
20/11/2021 08:40:00	-15,53	-16,02	-16,48	-16,97	-17,41	-17,80	-18,22	-18,64	-19,02	-19,36	-19,71	-19,89	-20,07	-20,02	-19,98	-19,85	-19,72	-19,63	-19,54	-19,52	-19,50	-15,58
20/11/2021 08:45:00	-15,58	-15,99	-16,48	-16,96	-17,45	-17,95	-18,46	-18,95	-19,31	-19,54	-19,76	-19,83	-19,90	-19,77	-19,65	-19,49	-19,33	-19,21	-19,10	-19,06	-19,03	-15,58
20/11/2021 08:50:00	-15,52	-15,77	-16,20	-16,76	-17,33	-17,87	-18,44	-18,95	-19,34	-19,63	-19,89	-19,96	-20,04	-19,90	-19,76	-19,58	-19,40	-19,27	-19,14	-19,10	-19,06	-15,59
20/11/2021 08:55:00	-15,65	-15,90	-16,43	-16,90	-17,30	-17,67	-18,12	-18,51	-18,85	-19,14	-19,46	-19,65	-19,83	-19,82	-19,80	-19,71	-19,61	-19,56	-19,50	-19,49	-19,49	-15,57
20/11/2021 09:00:00	-15,64	-16,03	-16,45	-16,88	-17,35	-17,85	-18,41	-18,87	-19,22	-19,45	-19,66	-19,71	-19,76	-19,61	-19,47	-19,29	-19,12	-18,99	-18,86	-18,82	-18,77	-15,57
20/11/2021 09:05:00	-15,65	-15,99	-16,36	-16,67	-17,09	-17,64	-18,25	-18,78	-19,19	-19,49	-19,78	-19,91	-20,04	-19,94	-19,85	-19,71	-19,57	-19,46	-19,35	-19,31	-19,28	-15,53
20/11/2021 09:10:00	-15,51	-16,02	-16,42	-16,80	-17,18	-17,58	-18,03	-18,44	-18,82	-19,16	-19,50	-19,66	-19,83	-19,77	-19,71	-19,57	-19,42	-19,32	-19,22	-19,19	-19,16	-15,53
20/11/2021 09:15:00	-15,60	-16,03	-16,51	-16,88	-17,25	-17,69	-18,20	-18,51	-18,85	-19,18	-19,52	-19,69	-19,86	-19,80	-19,74	-19,60	-19,46	-19,36	-19,26	-19,23	-19,20	-15,50
20/11/2021 09:20:00	-15,56	-16,03	-16,51	-16,93	-17,30	-17,65	-18,07	-18,46	-18,80	-19,10	-19,42	-19,60	-19,77	-19,74	-19,70	-19,59	-19,48	-19,40	-19,33	-19,31	-19,30	-15,53
20/11/2021 09:25:00	-15,49	-15,96	-16,41	-16,87	-17,33	-17,75	-18,11	-18,53	-18,87	-19,14	-19,41	-19,51	-19,61	-19,50	-19,40	-19,24	-19,08	-18,96	-18,85	-18,82	-18,79	-15,51
20/11/2021 09:30:00	-15,57	-15,78	-16,22	-16,72	-17,27	-17,81	-18,24	-18,71	-19,08	-19,35	-19,60	-19,68	-19,76	-19,63	-19,50	-19,32	-19,15	-19,02	-18,90	-18,86	-18,82	-15,59
20/11/2021 09:35:00	-15,45	-15,92	-16,34	-16,75	-17,15	-17,57	-18,02	-18,44	-18,79	-19,08	-19,37	-19,49	-19,62	-19,53	-19,44	-19,30	-19,16	-19,05	-18,95	-18,92	-18,89	-15,44
20/11/2021 09:40:00	-15,52	-15,91	-16,26	-16,63	-17,06	-17,52	-17,96	-18,39	-18,80	-19,17	-19,53	-19,70	-19,87	-19,80	-19,73	-19,58	-19,43	-19,32	-19,21	-19,17	-19,14	-15,55
20/11/2021 09:45:00	-15,58	-15,91	-16,39	-16,80	-17,19	-17,61	-18,11	-18,46	-18,76	-19,01	-19,27	-19,37	-19,48	-19,39	-19,30	-19,16	-19,01	-18,91	-18,81	-18,78	-18,76	-15,43
20/11/2021 09:50:00	-15,63	-15,95	-16,37	-16,81	-17,22	-17,65	-18,14	-18,57	-18,89	-19,11	-19,32	-19,39	-19,47	-19,36	-19,25	-19,11	-18,96	-18,86	-18,76	-18,74	-18,71	-15,48
20/11/2021 09:55:00	-15,49	-15,77	-16,21	-16,51	-16,87	-17,31	-17,76	-18,28	-18,67	-18,98	-19,29	-19,48	-19,67	-19,66	-19,65	-19,56	-19,47	-19,42	-19,36	-19,36	-19,35	-15,52
20/11/2021 10:00:00	-15,61	-15,87	-16,20	-16,57	-16,88	-17,21	-17,72	-18,13	-18,49	-18,81	-19,14	-19,33	-19,52	-19,49	-19,47	-19,37	-19,26	-19,19	-19,13	-19,12	-19,11	-15,40
20/11/2021 10:05:00	-15,59	-15,93	-16,24	-16,62	-16,94	-17,22	-17,62	-18,08	-18,44	-18,71	-18,99	-19,16	-19,32	-19,29	-19,25	-19,16	-19,07	-19,01	-18,95	-18,95	-18,95	-15,51
20/11/2021 10:10:00	-15,57	-15,93	-16,14	-16,32	-16,61	-17,05	-17,54	-18,01	-18,42	-18,76	-19,08	-19,24	-19,40	-19,33	-19,27	-19,13	-19,00	-18,90	-18,80	-18,77	-18,74	-15,45
20/11/2021 10:15:00	-15,44	-15,81	-16,13	-16,31	-16,56	-16,94	-17,41	-17,91	-18,30	-18,61	-18,93	-19,13	-19,34	-19,33	-19,33	-19,25	-19,18	-19,13	-19,07	-19,07	-19,06	-15,30
20/11/2021 10:20:00	-15,45	-15,75	-16,03	-16,26	-16,55	-16,92	-17,30	-17,76	-18,15	-18,48	-18,81	-19,00	-19,19	-19,17	-19,15	-19,05	-18,96	-18,89	-18,83	-18,82	-18,81	-15,42
20/11/2021 10:25:00	-15,24	-15,65	-15,87	-16,05	-16,35	-16,84	-17,45	-18,10	-18,55	-18,81	-19,05	-19,17	-19,28	-19,20	-19,12	-19,01	-18,90	-18,81	-18,72	-18,69	-18,67	-15,37
20/11/2021 10:30:00	-15,21	-15,47	-15,76	-16,17	-16,60	-17,07	-17,62	-18,07	-18,42	-18,69	-18,94	-19,01	-19,08	-18,94	-18,81	-18,64	-18,47	-18,35	-18,22	-18,18	-18,15	-15,30
20/11/2021 10:35:00	-15,14	-15,41	-15,75	-16,15	-16,47	-16,66	-16,82	-17,17	-17,52	-17,86	-18,23	-18,47	-18,71	-18,73	-18,76	-18,69	-18,62	-18,58	-18,55	-18,56	-18,58	-15,18
20/11/2021 10:40:00	-15,02	-15,43	-15,76	-16,05	-16,41	-16,84	-17,28	-17,75	-18,14	-18,44	-18,73	-18,88	-19,02	-18,96	-18,89	-18,77	-18,64	-18,55	-18,46	-18,44	-18,42	-15,03
20/11/2021 10:45:00	-14,97	-15,24	-15,80	-16,27	-16,63	-16,90	-17,09	-17,35	-17,57	-17,77	-17,99	-18,10	-18,22	-18,17	-18,12	-18,02	-17,93	-17,88	-17,83	-17,83	-17,84	-14,93
20/11/2021 10:50:00	-14,92	-15,20	-15,59	-16,03	-16,49	-16,91	-17,24	-17,54	-17,82	-18,09	-18,34	-18,40	-18,46	-18,32	-18,18	-18,00	-17,82	-17,69	-17,56	-17,53	-17,50	-14,80
20/11/2021 10:55:00	-14,77	-15,00	-15,46	-15,84	-16,24	-16,63	-17,00	-17,40	-17,72	-17,96	-18,21	-18,34	-18,46	-18,39	-18,33	-18,22	-18,11	-18,04	-17,97	-17,96	-17,96	-14,73
20/11/2021 11:00:00	-14,68	-15,07	-15,41	-15,70	-15,99	-16,32	-16,72	-17,06	-17,37	-17,64	-17,91	-18,03	-18,16	-18,09	-18,02	-17,90	-17,78	-17,70	-17,62	-17,60	-17,59	-14,63
20/11/2021 11:05:00	-14,51	-14,89	-15,27	-15,54	-15,87	-16,22	-16,41	-16,76	-17,12	-17,48	-17,85	-18,07	-18,28	-18,29	-18,29	-18,20	-18,10	-18,05	-17,99	-18,00	-18,00	-14,50
20/11/2021 11:10:00	-14,46	-14,72	-15,10	-15,54	-15,96	-16,32	-16,69	-17,12	-17,46	-17,70	-17,95	-18,06	-18,16	-18,09	-18,02	-17,90	-17,78	-17,71	-17,64	-17,63	-17,63	-14,42
20/11/2021 11:15:00	-14,35	-14,71	-14,97	-15,33	-15,71	-16,13	-16,67	-17,12	-17,49	-17,76	-18,01	-18,09	-18,18	-18,06	-17,95	-17,80	-17,65	-17,54	-17,43	-17,40	-17,38	-14,16
20/11/2021 11:20:00	-14,15	-14,60	-15,10	-15,42	-15,76	-16,16	-16,54	-16,83	-17,13	-17,44	-17,75	-17,92	-18,08	-18,03	-17,99	-17,87	-17,76	-17,68	-17,60	-17,59	-17,58	-14,25
20/11/2021 11:25:00	-14,16	-14,52	-14,92	-15,43	-15,91	-16,33	-16,71	-17,05	-17,37	-17,69	-17,99	-18,10	-18,20	-18,10	-17,99	-17,83	-17,66	-17,55	-17,44	-17,41	-17,39	-14,14
20/11/2021 11:30:00	-14,01	-14,55	-14,93	-15,35	-15,73	-16,09	-16,50	-16,90	-17,23	-17,50	-17,77	-17,88	-17,99	-17,91	-17,83	-17,69	-17,56	-17,47	-17,38	-17,36	-17,34	-14,02
20/11/2021 11:35:00	-13,93	-14,56	-15,07	-15,43	-15,83	-16,29	-16,71	-17,14	-17,42	-17,58	-17,72	-17,73	-17,74	-17,59	-17,43	-17,28	-17,13	-17,01	-16,90	-16,87	-16,85	-13,98
20/11/2021 11:40:00	-13,83	-14,36	-14,73	-15,04	-15,43	-15,93	-16,43	-16,92	-17,29	-17,55	-17,79	-17,87	-17,96	-17,84	-17,73	-17,58	-17,44	-17,33	-17,22	-17,19	-17,17	-13,84
20/11/2021 11:45:00	-13,82	-14,21	-14,66	-15,12	-15,55	-15,94	-16,29	-16,60	-16,87	-17,12	-17,35	-17,43	-17,50	-17,39	-17,29	-17,14	-16,99	-16,89	-16,79	-16,78	-16,76	-13,81
20/11/2021 11:50:00	-13,72	-14,07	-14,58	-15,03	-15,50	-15,96	-16,27	-16,56	-16,83	-17,10	-17,37	-17,46	-17,56	-17,46	-17,35	-17,20	-17,05	-16,95	-16,85	-16,84	-16,82	-13,74
20/11/2021 11:55:00	-13,68	-14,01	-14,43	-14,87	-15,30	-15,73	-16,20	-16,62	-16,97	-17,25	-17,53	-17,65	-17,77	-17,70	-17,63	-17,50	-17,38	-17,30	-17,22	-17,21	-17,20	-13,67
20/11/2021 12:00:00	-13,61	-13,92	-14,44	-14,89	-15,35	-15,83	-16,25	-16,66	-16,97	-17,17	-17,37	-17,44	-17,51	-17,41	-17,30	-17,18	-17,05	-16,97	-16,88	-16,87	-16,86	-13,57
20/11/2021 12:05:00	-13,49	-13,94	-14,49	-15,04	-15,44	-15,71	-16,04	-16,30	-16,55	-16,81	-17,09	-17,23	-17,37	-17,32	-17,28	-17,17	-17,06	-17,00	-16,94	-16,95	-16,95	-13,51
20/11/2021 12:10:00	-13,41	-13,92	-14,34	-14,75	-15,16	-15,59	-16,03	-16,43	-16,76	-17,04	-17,31	-17,42	-17,53	-17,44	-17,35	-17,22	-17,08	-16,99	-16,89	-16,88	-16,86	-13,36
20/11/2021 12:15:00	-13,37	-13,63	-14,23	-14,89	-15,47	-15,91	-16,27	-16,55	-16,79	-16,99	-17,18	-17,20	-17,23	-17,09	-16,94	-16,78	-16,61	-16,50	-16,40	-16,38	-16,37	-13,33
20/11/2021 12:20:00	-13,27	-13,70	-14,17	-14,65	-15,16	-15,68	-16,18	-16,48	-16,75	-17,02	-17,27	-17,31	-17,36	-17,20	-17,04	-16,84	-16,65	-16,51	-16,37	-16,33	-16,30	-13,18
20/11/2021 12:25:00	-13,17	-13,62	-13,97	-14,36	-14,82	-15,34	-15,87	-16,46	-16,89	-17,14	-17,36	-17,44	-17,52	-17,42	-17,31	-17,18	-17,05	-16,96	-16,87	-16,86	-16,84	-13,25
20/11/2021 12:30:00	-13,06	-13,40	-14,02	-14,69	-15,18	-15,49	-15,85	-16,11	-16,34	-16,55	-16,77	-16,85	-16,94	-16,86	-16,78	-16,66	-16,54	-16,48	-16,42	-16,43	-16,43	-13,18
20/11/2021 12:35:00	-13,10	-13,47	-13,98	-14,58	-15,13	-15,58	-15,89	-16,14	-16,39	-16,66	-16,91	-16,97	-17,03	-16,89	-16,76	-16,58	-16,40	-16,28	-16,16	-16,14	-16,11	-13,16
20/11/2021 12:40:00	-13,02	-13,38	-13,98	-14,61	-15,13	-15,50	-15,84	-16,17	-16,41	-16,54	-16,68	-16,69	-16,70	-16,57	-16,44	-16,30	-16,17	-16,09	-16,01	-16,01	-16,00	-12,91
20/11/2021 12:45:00	-12,89	-13,32	-13,86	-14,42	-14,91	-15,35	-15,84	-16,22	-16,46	-16,59	-16,70	-16,68	-16,65	-16,48	-16,31	-16,14	-15,98	-15,87	-15,76	-15,74	-15,73	-12,95
20/11/2021 12:50:00	-12,89	-13,31	-13,82	-14,38	-14,82	-15,13	-15,48	-15,71	-15,95	-16,25	-16,55	-16,68	-16,82	-16,76	-16,70	-16,57	-16,45	-16,37	-16,30	-16,30	-16,30	-12,88
20/11/2021 12:55:00	-12,77	-13,15	-13,58	-14,03	-14,48	-14,95	-15,54	-15,91	-16,22	-16,52	-16,80	-16,90	-17,00	-16,89	-16,79	-16,64	-16,49	-16,38	-16,28	-16,26	-16,24	-12,71
20/11/2021 13:00:00	-12,76	-13,04	-13,53	-14,11	-14,67	-15,15	-15,57	-15,87	-16,17	-16,52	-16,85	-16,97	-17,09	-17,00	-16,90	-16,74	-16,58	-16,48	-16,37	-16,36	-16,34	-12,75
20/11/2021 13:05:00	-12,79	-13,25	-13,63	-14,09	-14,64	-15,23	-15,78	-16,19	-16,55	-16,86	-17,13	-17,19	-17,24	-17,08	-16,91	-16,72	-16,52	-16,37	-16,22	-16,18	-16,14	-12,70
20/11/2021 13:10:00	-12,83	-13,06	-13,58	-14,18	-14,73	-15,23	-15,77	-16,20	-16,53	-16,77	-16,99	-17,06	-17,13	-17,02	-16,92	-16,78	-16,64	-16,55	-16,47	-16,46	-16,45	-12,71
20/11/2021 13:15:00	-12,77	-13,12	-13,63	-14,11	-14,59	-15,12	-15,68	-16,08	-16,38	-16,61	-16,81	-16,85	-16,90	-16,77	-16,64	-16,48	-16,33	-16,23	-16,13	-16,11	-16,09	-12,60
20/11/2021 13:20:00	-12,60	-13,06	-13,63	-14,28	-14,81	-15,21	-15,62	-15,99	-16,25	-16,40	-16,53	-16,53	-16,53	-16,38	-16,23	-16,08	-15,93	-15,84	-15,74	-15,73	-15,72	-12,62
20/11/2021 13:25:00	-12,52	-13,01	-13,49	-14,00	-14,54	-15,09	-15,62	-16,02	-16,33	-16,54	-16,72	-16,71	-16,71	-16,53	-16,35	-16,16	-15,97	-15,84	-15,70	-15,67	-15,64	-12,59
20/11/2021 13:30:00	-12,55	-12,95	-13,45	-14,05	-14,57	-14,96	-15,30	-15,60	-15,90	-16,20	-16,50	-16,62	-16,75	-16,67	-16,60	-16,47	-16,33	-16,25	-16,17	-16,17	-16,17	-12,51
20/11/2021 13:35:00	-12,39	-12,89	-13,40	-13,97	-14,53	-15,06	-15,51	-15,82	-16,10	-16,41	-16,68	-16,76	-16,83	-16,69	-16,56	-16,38	-16,20	-16,07	-15,95	-15,92	-15,89	-12,41
20/11/2021 13:40:00	-12,43	-12,80	-13,21	-13,67	-14,14	-14,66	-15,26	-15,81	-16,22	-16,47	-16,70	-16,80	-16,89	-16,80	-16,71	-16,60	-16,48	-16,41	-16,34	-16,33	-16,33	-12,43
20/11/2021 13:45:00	-12,34	-12,76	-13,32	-13,87	-14,36	-14,78	-15,28	-15,68	-15,99	-16,22	-16,45	-16,54	-16,63	-16,55	-16,46	-16,35	-16,23	-16,16	-16,09	-16,09	-16,09	-12,40
20/11/2021 13:50:00	-12,32	-12,71	-13,10	-13,64	-14,24	-14,88	-15,52	-15,98	-16,32	-16,56	-16,74	-16,72	-16,69	-16,47	-16,25	-16,04	-15,82	-15,66	-15,50	-15,45	-15,41	-12,34
20/11/2021 13:55:00	-12,38	-12,76	-13,34	-13,88	-14,31	-14,67	-15,07	-15,39	-15,67	-15,92	-16,18	-16,33	-16,47	-16,43	-16,40	-16,31	-16,22	-16,18	-16,14	-16,16	-16,17	-12,35
20/11/2021 14:00:00	-12,29	-12,70	-13,26	-13,82	-14,35	-14,84	-15,24	-15,58	-15,83	-15,99	-16,13	-16,11	-16,10	-15,93	-15,77	-15,60	-15,43	-15,32	-15,22	-15,20	-15,18	-12,28
20/11/2021 14:05:00	-12,29	-12,59	-13,00	-13,63	-14,26	-14,78	-15,18	-15,68	-16,04	-16,18	-16,29	-16,24	-16,19	-15,99	-15,80	-15,62	-15,44	-15,33	-15,21	-15,19	-15,18	-12,18
20/11/2021 14:10:00	-12,21	-12,56	-13,01	-13,56	-14,14	-14,70	-15,14	-15,51	-15,84	-16,13	-16,38	-16,44	-16,50	-16,36	-16,21	-16,04	-15,86	-15,74	-15,62	-15,60	-15,58	-12,06
20/11/2021 14:15:00	-12,07	-12,57	-13,13	-13,70	-14,25	-14,73	-15,11	-15,57	-15,90	-16,06	-16,20	-16,22	-16,24	-16,11	-15,98	-15,85	-15,72	-15,64	-15,55	-15,55	-15,55	-12,21
20/11/2021 14:20:00	-12,07	-12,38	-12,90	-13,55	-14,16	-14,69	-15,20	-15,57	-15,87	-16,11	-16,32	-16,35	-16,38	-16,23	-16,07	-15,90	-15,73	-15,62	-15,50	-15,48	-15,47	-12,06
20/11/2021 14:25:00	-12,11	-12,59	-12,95	-13,40	-13,92	-14,47	-14,97	-15,43	-15,81	-16,11	-16,37	-16,44	-16,51	-16,38	-16,25	-16,09	-15,93	-15,81	-15,70	-15,68	-15,65	-12,00
20/11/2021 14:30:00	-12,02	-12,27	-12,87	-13,53	-14,12	-14,65	-15,13	-15,46	-15,72	-15,94	-16,14	-16,17	-16,20	-16,06	-15,92	-15,76	-15,60	-15,50	-15,40	-15,39	-15,38	-11,99
20/11/2021 14:35:00	-12,02	-12,29	-12,81	-13,42	-14,03	-14,58	-15,01	-15,38	-15,66	-15,84	-15,99	-15,98	-15,96	-15,78	-15,60	-15,42	-15,25	-15,13	-15,01	-15,00	-14,98	-11,89
20/11/2021 14:40:00	-11,92	-12,34	-12,85	-13,31	-13,78	-14,28	-14,72	-15,17	-15,51	-15,71	-15,90	-15,96	-16,02	-15,91	-15,81	-15,69	-15,57	-15,50	-15,43	-15,43	-15,43	-11,98
20/11/2021 14:45:00	-11,84	-12,22	-12,75	-13,32	-13,86	-14,36	-14,89	-15,29	-15,57	-15,76	-15,93	-15,94	-15,95	-15,80	-15,65	-15,50	-15,35	-15,25	-15,15	-15,13	-15,12	-11,88
20/11/2021 14:50:00	-11,90	-12,23	-12,78	-13,39	-13,99	-14,52	-14,91	-15,27	-15,55	-15,73	-15,89	-15,87	-15,86	-15,69	-15,51	-15,34	-15,16	-15,05	-14,93	-14,92	-14,90	-11,87
20/11/2021 14:55:00	-11,80	-12,25	-12,87	-13,45	-13,95	-14,38	-14,73	-14,97	-15,20	-15,44	-15,67	-15,74	-15,81	-15,70	-15,59	-15,45	-15,31	-15,22	-15,14	-15,13	-15,13	-11,81
20/11/2021 15:00:00	-11,75	-12,07	-12,66	-13,35	-13,95	-14,44	-14,88	-15,26	-15,54	-15,70	-15,85	-15,85	-15,86	-15,71	-15,56	-15,41	-15,26	-15,18	-15,09	-15,08	-15,08	-11,62
20/11/2021 15:05:00	-11,67	-12,04	-12,57	-13,18	-13,72	-14,19	-14,66	-15,03	-15,32	-15,56	-15,78	-15,83	-15,89	-15,76	-15,64	-15,50	-15,35	-15,26	-15,17	-15,16	-15,16	-11,69
20/11/2021 15:10:00	-11,73	-12,00	-12,53	-13,28	-13,99	-14,56	-15,06	-15,46	-15,76	-15,95	-16,10	-16,06	-16,01	-15,81	-15,60	-15,40	-15,20	-15,07	-14,94	-14,91	-14,89	-11,62
20/11/2021 15:15:00	-11,58	-11,95	-12,58	-13,25	-13,86	-14,37	-14,79	-15,12	-15,38	-15,57	-15,73	-15,74	-15,75	-15,60	-15,44	-15,28	-15,12	-15,03	-14,93	-14,92	-14,91	-11,65
20/11/2021 15:20:00	-11,56	-11,91	-12,42	-13,03	-13,62	-14,14	-14,62	-15,06	-15,40	-15,62	-15,83	-15,88	-15,92	-15,80	-15,67	-15,53	-15,39	-15,30	-15,21	-15,20	-15,20	-11,53
20/11/2021 15:25:00	-11,49	-11,97	-12,53	-13,04	-13,49	-13,93	-14,43	-14,89	-15,27	-15,58	-15,90	-16,09	-16,27	-16,27	-16,26	-16,19	-16,12	-16,09	-16,06	-16,08	-16,10	-11,48
20/11/2021 15:30:00	-11,46	-11,91	-12,37	-12,89	-13,47	-14,08	-14,52	-14,97	-15,38	-15,76	-16,12	-16,27	-16,42	-16,35	-16,28	-16,14	-16,00	-15,90	-15,81	-15,80	-15,79	-11,50
20/11/2021 15:35:00	-11,53	-11,90	-12,38	-12,92	-13,41	-13,86	-14,43	-14,86	-15,22	-15,56	-15,88	-16,05	-16,22	-16,19	-16,16	-16,06	-15,96	-15,91	-15,85	-15,86	-15,87	-11,48
20/11/2021 15:40:00	-11,42	-11,91	-12,33	-12,87	-13,46	-14,04	-14,65	-15,14	-15,54	-15,89	-16,21	-16,31	-16,41	-16,29	-16,17	-16,00	-15,84	-15,72	-15,61	-15,58	-15,56	-11,50
20/11/2021 15:45:00	-11,49	-11,95	-12,30	-12,76	-13,32	-13,95	-14,61	-15,20	-15,65	-15,93	-16,17	-16,22	-16,27	-16,12	-15,97	-15,81	-15,65	-15,53	-15,41	-15,38	-15,36	-11,48
20/11/2021 15:50:00	-11,46	-11,95	-12,39	-12,81	-13,33	-13,97	-14,57	-15,13	-15,55	-15,83	-16,07	-16,15	-16,23	-16,11	-15,99	-15,86	-15,72	-15,62	-15,52	-15,51	-15,49	-11,48
20/11/2021 15:55:00	-11,43	-11,80	-12,29	-12,86	-13,46	-14,05	-14,58	-15,05	-15,42	-15,68	-15,90	-15,96	-16,01	-15,87	-15,74	-15,59	-15,43	-15,33	-15,23	-15,22	-15,21	-11,45
20/11/2021 16:00:00	-11,47	-11,93	-12,33	-12,76	-13,31	-13,95	-14,48	-15,05	-15,53	-15,87	-16,18	-16,31	-16,45	-16,36	-16,28	-16,15	-16,02	-15,94	-15,85	-15,84	-15,83	-11,41
20/11/2021 16:05:00	-11,45	-11,79	-12,22	-12,76	-13,42	-14,15	-14,77	-15,34	-15,77	-16,02	-16,20	-16,20	-16,19	-15,99	-15,79	-15,60	-15,40	-15,26	-15,12	-15,09	-15,05	-11,43
20/11/2021 16:10:00	-11,52	-11,91	-12,28	-12,83	-13,40	-13,93	-14,51	-15,00	-15,40	-15,70	-15,96	-16,04	-16,13	-16,01	-15,89	-15,74	-15,59	-15,49	-15,38	-15,37	-15,36	-11,44
20/11/2021 16:15:00	-11,52	-11,92	-12,30	-12,83	-13,47	-14,14	-14,64	-15,14	-15,56	-15,89	-16,17	-16,23	-16,28	-16,13	-15,97	-15,78	-15,59	-15,46	-15,33	-15,30	-15,27	-11,51
20/11/2021 16:20:00	-11,57	-11,97	-12,36	-12,90	-13,46	-14,00	-14,61	-15,17	-15,57	-15,81	-16,00	-16,04	-16,08	-15,94	-15,80	-15,65	-15,51	-15,41	-15,31	-15,30	-15,28	-11,48
20/11/2021 16:25:00	-11,51	-11,80	-12,41	-13,05	-13,68	-14,29	-14,82	-15,27	-15,60	-15,79	-15,95	-15,96	-15,97	-15,82	-15,67	-15,52	-15,36	-15,27	-15,17	-15,16	-15,15	-11,46
20/11/2021 16:30:00	-11,43	-11,94	-12,40	-12,87	-13,42	-14,05	-14,54	-15,02	-15,43	-15,76	-16,07	-16,18	-16,29	-16,19	-16,09	-15,95	-15,80	-15,70	-15,60	-15,59	-15,57	-11,46
20/11/2021 16:35:00	-11,38	-11,74	-12,17	-12,72	-13,32	-13,97	-14,68	-15,22	-15,61	-15,91	-16,15	-16,20	-16,25	-16,10	-15,95	-15,79	-15,62	-15,50	-15,38	-15,35	-15,33	-11,46
20/11/2021 16:40:00	-11,44	-11,92	-12,36	-12,84	-13,37	-13,95	-14,48	-14,96	-15,35	-15,62	-15,85	-15,91	-15,97	-15,84	-15,72	-15,57	-15,42	-15,31	-15,21	-15,20	-15,18	-11,46
20/11/2021 16:45:00	-11,37	-11,87	-12,28	-12,76	-13,28	-13,84	-14,49	-15,00	-15,39	-15,66	-15,89	-15,95	-16,02	-15,88	-15,75	-15,60	-15,45	-15,35	-15,24	-15,22	-15,21	-11,33
20/11/2021 16:50:00	-11,40	-11,69	-12,13	-12,71	-13,35	-14,00	-14,58	-15,08	-15,46	-15,75	-16,00	-16,04	-16,08	-15,92	-15,77	-15,59	-15,41	-15,29	-15,16	-15,14	-15,12	-11,45
20/11/2021 16:55:00	-11,53	-11,79	-12,27	-12,85	-13,52	-14,22	-14,77	-15,28	-15,64	-15,82	-15,95	-15,90	-15,84	-15,63	-15,41	-15,22	-15,02	-14,89	-14,75	-14,72	-14,69	-11,47
20/11/2021 17:00:00	-11,49	-11,93	-12,39	-12,86	-13,32	-13,77	-14,29	-14,67	-14,98	-15,27	-15,55	-15,66	-15,78	-15,69	-15,61	-15,49	-15,36	-15,28	-15,20	-15,20	-15,20	-11,46
20/11/2021 17:05:00	-11,59	-11,80	-12,24	-12,76	-13,31	-13,83	-14,29	-14,74	-15,12	-15,44	-15,75	-15,89	-16,03	-15,97	-15,91	-15,80	-15,68	-15,62	-15,55	-15,56	-15,57	-11,53
20/11/2021 17:10:00	-11,63	-11,92	-12,24	-12,76	-13,37	-13,98	-14,56	-15,06	-15,46	-15,79	-16,07	-16,12	-16,18	-16,03	-15,87	-15,68	-15,50	-15,37	-15,24	-15,21	-15,18	-11,56
20/11/2021 17:15:00	-11,56	-12,01	-12,45	-12,92	-13,43	-13,97	-14,52	-14,97	-15,34	-15,64	-15,92	-16,01	-16,11	-16,01	-15,90	-15,76	-15,62	-15,52	-15,43	-15,42	-15,40	-11,55
20/11/2021 17:20:00	-11,68	-11,95	-12,40	-12,87	-13,42	-14,06	-14,71	-15,26	-15,67	-15,94	-16,18	-16,25	-16,33	-16,22	-16,11	-15,97	-15,84	-15,75	-15,66	-15,65	-15,64	-11,58
20/11/2021 17:25:00	-11,67	-11,90	-12,32	-12,85	-13,45	-14,08	-14,70	-15,19	-15,59	-15,95	-16,28	-16,39	-16,51	-16,41	-16,30	-16,15	-16,00	-15,89	-15,79	-15,77	-15,75	-11,63
20/11/2021 17:30:00	-11,60	-11,87	-12,34	-12,94	-13,55	-14,11	-14,71	-15,13	-15,49	-15,83	-16,14	-16,25	-16,36	-16,26	-16,15	-16,00	-15,84	-15,74	-15,64	-15,63	-15,62	-11,65
20/11/2021 17:35:00	-11,65	-12,10	-12,50	-12,93	-13,41	-13,95	-14,53	-14,97	-15,33	-15,68	-16,00	-16,13	-16,26	-16,17	-16,08	-15,94	-15,80	-15,70	-15,60	-15,59	-15,58	-11,62
20/11/2021 17:40:00	-11,65	-12,03	-12,33	-12,77	-13,30	-13,89	-14,53	-15,13	-15,61	-15,97	-16,28	-16,41	-16,54	-16,45	-16,36	-16,23	-16,09	-16,00	-15,90	-15,89	-15,88	-11,61
20/11/2021 17:45:00	-11,65	-12,04	-12,42	-12,76	-13,29	-14,02	-14,65	-15,18	-15,61	-15,96	-16,26	-16,36	-16,46	-16,33	-16,21	-16,04	-15,88	-15,76	-15,63	-15,61	-15,58	-11,58
20/11/2021 17:50:00	-11,70	-11,81	-12,33	-12,90	-13,51	-14,15	-14,80	-15,36	-15,76	-16,00	-16,22	-16,29	-16,36	-16,25	-16,14	-16,02	-15,90	-15,82	-15,74	-15,74	-15,74	-11,54
20/11/2021 17:55:00	-11,52	-11,99	-12,29	-12,78	-13,33	-13,91	-14,64	-15,26	-15,73	-16,05	-16,32	-16,40	-16,49	-16,36	-16,23	-16,08	-15,92	-15,81	-15,70	-15,68	-15,66	-11,55
20/11/2021 18:00:00	-11,55	-11,91	-12,44	-13,03	-13,58	-14,08	-14,63	-15,11	-15,49	-15,73	-15,95	-16,04	-16,13	-16,04	-15,95	-15,84	-15,73	-15,66	-15,60	-15,60	-15,61	-11,49
20/11/2021 18:05:00	-11,46	-11,76	-12,28	-12,82	-13,43	-14,10	-14,69	-15,18	-15,58	-15,92	-16,22	-16,33	-16,45	-16,35	-16,25	-16,10	-15,95	-15,85	-15,76	-15,74	-15,73	-11,50
20/11/2021 18:10:00	-11,43	-11,94	-12,37	-12,81	-13,33	-13,93	-14,51	-15,11	-15,58	-15,86	-16,12	-16,23	-16,33	-16,24	-16,15	-16,04	-15,92	-15,84	-15,76	-15,75	-15,74	-11,46
20/11/2021 18:15:00	-11,49	-11,84	-12,39	-12,91	-13,43	-13,95	-14,47	-14,95	-15,33	-15,59	-15,83	-15,95	-16,06	-15,99	-15,93	-15,83	-15,73	-15,67	-15,62	-15,63	-15,64	-11,52
20/11/2021 18:20:00	-11,54	-11,92	-12,41	-12,88	-13,37	-13,90	-14,40	-14,82	-15,18	-15,50	-15,80	-15,94	-16,07	-16,01	-15,95	-15,83	-15,71	-15,64	-15,57	-15,57	-15,57	-11,51
20/11/2021 18:25:00	-11,61	-11,98	-12,53	-13,05	-13,55	-14,06	-14,56	-14,94	-15,24	-15,48	-15,71	-15,79	-15,86	-15,76	-15,66	-15,53	-15,40	-15,32	-15,24	-15,24	-15,24	-11,56
20/11/2021 18:30:00	-11,63	-12,01	-12,46	-12,93	-13,43	-13,96	-14,48	-14,98	-15,37	-15,66	-15,92	-16,04	-16,16	-16,08	-16,01	-15,90	-15,79	-15,72	-15,65	-15,65	-15,65	-11,59
20/11/2021 18:35:00	-11,73	-11,98	-12,42	-13,03	-13,69	-14,37	-15,01	-15,45	-15,77	-15,99	-16,16	-16,12	-16,08	-15,86	-15,64	-15,42	-15,21	-15,06	-14,90	-14,87	-14,83	-11,58
20/11/2021 18:40:00	-11,70	-11,84	-12,27	-12,87	-13,52	-14,19	-14,79	-15,27	-15,64	-15,90	-16,10	-16,11	-16,12	-15,95	-15,77	-15,59	-15,40	-15,28	-15,15	-15,12	-15,10	-11,65
20/11/2021 18:45:00	-11,70	-11,98	-12,38	-12,87	-13,41	-13,96	-14,49	-15,01	-15,39	-15,61	-15,79	-15,83	-15,87	-15,73	-15,60	-15,46	-15,32	-15,23	-15,14	-15,13	-15,12	-11,68
20/11/2021 18:50:00	-11,62	-11,99	-12,45	-12,86	-13,34	-13,95	-14,54	-15,09	-15,47	-15,66	-15,82	-15,85	-15,88	-15,75	-15,62	-15,49	-15,36	-15,27	-15,18	-15,17	-15,16	-11,61
20/11/2021 18:55:00	-11,65	-11,96	-12,38	-12,89	-13,39	-13,91	-14,52	-15,04	-15,41	-15,63	-15,82	-15,88	-15,93	-15,82	-15,70	-15,58	-15,45	-15,37	-15,29	-15,29	-15,29	-11,63
20/11/2021 19:00:00	-11,70	-12,05	-12,49	-13,09	-13,68	-14,22	-14,74	-15,22	-15,55	-15,70	-15,81	-15,76	-15,72	-15,51	-15,31	-15,13	-14,95	-14,83	-14,70	-14,68	-14,66	-11,63
20/11/2021 19:05:00	-11,69	-11,81	-12,14	-12,73	-13,45	-14,21	-14,89	-15,46	-15,84	-16,04	-16,16	-16,07	-15,98	-15,71	-15,45	-15,21	-14,98	-14,81	-14,64	-14,59	-14,55	-11,56
20/11/2021 19:10:00	-11,67	-11,93	-12,37	-12,93	-13,55	-14,16	-14,70	-15,17	-15,52	-15,73	-15,89	-15,88	-15,87	-15,69	-15,50	-15,33	-15,15	-15,03	-14,91	-14,89	-14,86	-11,54
20/11/2021 19:15:00	-11,60	-11,89	-12,34	-12,92	-13,44	-13,87	-14,38	-14,70	-14,96	-15,23	-15,47	-15,53	-15,60	-15,48	-15,36	-15,21	-15,07	-14,97	-14,88	-14,87	-14,87	-11,51
20/11/2021 19:20:00	-11,49	-11,94	-12,24	-12,71	-13,21	-13,72	-14,31	-14,75	-15,12	-15,46	-15,76	-15,86	-15,95	-15,83	-15,71	-15,54	-15,38	-15,26	-15,15	-15,13	-15,11	-11,51
20/11/2021 19:25:00	-11,55	-11,89	-12,22	-12,64	-13,13	-13,64	-14,09	-14,51	-14,88	-15,21	-15,51	-15,63	-15,74	-15,66	-15,57	-15,43	-15,29	-15,20	-15,11	-15,11	-15,10	-11,47
20/11/2021 19:30:00	-11,49	-11,84	-12,32	-12,82	-13,33	-13,86	-14,36	-14,74	-15,05	-15,34	-15,60	-15,69	-15,78	-15,68	-15,58	-15,44	-15,30	-15,21	-15,12	-15,12	-15,11	-11,46
20/11/2021 19:35:00	-11,48	-11,93	-12,23	-12,67	-13,17	-13,70	-14,22	-14,67	-15,07	-15,48	-15,85	-16,01	-16,17	-16,10	-16,02	-15,88	-15,74	-15,64	-15,54	-15,53	-15,51	-11,39
20/11/2021 19:40:00	-11,45	-11,76	-12,17	-12,64	-13,13	-13,63	-14,14	-14,63	-15,02	-15,28	-15,53	-15,63	-15,72	-15,64	-15,55	-15,44	-15,33	-15,26	-15,19	-15,19	-15,20	-11,41
20/11/2021 19:45:00	-11,35	-11,79	-12,18	-12,62	-13,09	-13,63	-14,26	-14,84	-15,26	-15,47	-15,66	-15,72	-15,78	-15,67	-15,56	-15,45	-15,34	-15,26	-15,19	-15,18	-15,18	-11,36
20/11/2021 19:50:00	-11,31	-11,66	-12,17	-12,71	-13,20	-13,64	-14,21	-14,67	-15,01	-15,23	-15,44	-15,53	-15,61	-15,53	-15,45	-15,35	-15,25	-15,19	-15,13	-15,14	-15,15	-11,35
20/11/2021 19:55:00	-11,38	-11,69	-12,12	-12,74	-13,28	-13,68	-14,28	-14,63	-14,92	-15,22	-15,50	-15,59	-15,69	-15,59	-15,49	-15,35	-15,20	-15,12	-15,03	-15,03	-15,02	-11,31
20/11/2021 20:00:00	-11,36	-11,61	-11,93	-12,43	-13,01	-13,62	-14,19	-14,69	-15,08	-15,34	-15,55	-15,58	-15,60	-15,43	-15,27	-15,09	-14,92	-14,80	-14,68	-14,66	-14,64	-11,28
20/11/2021 20:05:00	-11,12	-11,55	-11,98	-12,46	-13,05	-13,73	-14,40	-14,89	-15,25	-15,54	-15,76	-15,78	-15,80	-15,62	-15,44	-15,24	-15,05	-14,91	-14,77	-14,73	-14,70	-11,23
20/11/2021 20:10:00	-11,19	-11,58	-12,03	-12,52	-12,99	-13,43	-13,93	-14,32	-14,66	-14,99	-15,30	-15,45	-15,60	-15,55	-15,50	-15,40	-15,29	-15,23	-15,17	-15,17	-15,18	-11,22
20/11/2021 20:15:00	-11,15	-11,47	-11,91	-12,52	-13,13	-13,67	-14,17	-14,64	-15,00	-15,23	-15,43	-15,46	-15,49	-15,34	-15,19	-15,04	-14,88	-14,78	-14,68	-14,67	-14,67	-11,15
20/11/2021 20:20:00	-11,15	-11,43	-11,93	-12,46	-13,02	-13,62	-14,20	-14,76	-15,15	-15,32	-15,47	-15,49	-15,51	-15,37	-15,24	-15,12	-15,00	-14,92	-14,85	-14,85	-14,85	-11,16
20/11/2021 20:25:00	-11,05	-11,50	-11,88	-12,34	-12,88	-13,51	-14,15	-14,74	-15,18	-15,43	-15,64	-15,69	-15,74	-15,60	-15,45	-15,31	-15,16	-15,05	-14,95	-14,93	-14,92	-11,10
20/11/2021 20:30:00	-11,19	-11,38	-11,90	-12,52	-13,08	-13,59	-14,16	-14,58	-14,90	-15,17	-15,43	-15,52	-15,62	-15,53	-15,44	-15,32	-15,20	-15,13	-15,06	-15,07	-15,07	-11,07
20/11/2021 20:35:00	-11,06	-11,41	-11,91	-12,38	-12,86	-13,38	-13,79	-14,19	-14,56	-14,89	-15,22	-15,39	-15,57	-15,54	-15,51	-15,42	-15,33	-15,29	-15,24	-15,26	-15,27	-11,04
20/11/2021 20:40:00	-11,03	-11,19	-11,74	-12,42	-13,06	-13,62	-14,21	-14,58	-14,86	-15,09	-15,28	-15,29	-15,31	-15,15	-14,99	-14,83	-14,66	-14,55	-14,45	-14,44	-14,43	-10,98
20/11/2021 20:45:00	-10,99	-11,29	-11,71	-12,32	-12,96	-13,53	-13,99	-14,40	-14,76	-15,08	-15,37	-15,45	-15,53	-15,40	-15,28	-15,11	-14,94	-14,83	-14,73	-14,71	-14,70	-10,96
20/11/2021 20:50:00	-10,96	-11,26	-11,75	-12,38	-13,01	-13,60	-14,14	-14,58	-14,90	-15,11	-15,27	-15,26	-15,25	-15,08	-14,91	-14,74	-14,57	-14,46	-14,35	-14,34	-14,33	-10,91
20/11/2021 20:55:00	-10,91	-11,29	-11,67	-12,14	-12,66	-13,19	-13,75	-14,28	-14,68	-14,91	-15,11	-15,15	-15,20	-15,08	-14,96	-14,83	-14,70	-14,62	-14,54	-14,53	-14,53	-10,89
20/11/2021 21:00:00	-11,00	-11,26	-11,72	-12,34	-12,95	-13,49	-13,99	-14,47	-14,81	-14,97	-15,09	-15,07	-15,04	-14,87	-14,70	-14,54	-14,39	-14,29	-14,19	-14,19	-14,18	-10,90
20/11/2021 21:05:00	-10,96	-11,23	-11,76	-12,32	-12,83	-13,28	-13,70	-14,07	-14,38	-14,60	-14,81	-14,89	-14,97	-14,89	-14,81	-14,71	-14,61	-14,55	-14,50	-14,52	-14,54	-10,91
20/11/2021 21:10:00	-10,95	-11,37	-11,67	-12,15	-12,71	-13,27	-13,82	-14,39	-14,83	-15,09	-15,31	-15,36	-15,40	-15,26	-15,12	-14,97	-14,82	-14,71	-14,61	-14,60	-14,59	-10,87
20/11/2021 21:15:00	-10,84	-11,25	-11,63	-12,11	-12,67	-13,25	-13,78	-14,26	-14,64	-14,90	-15,12	-15,16	-15,20	-15,06	-14,91	-14,76	-14,60	-14,49	-14,38	-14,37	-14,36	-10,89
20/11/2021 21:20:00	-10,86	-11,35	-11,74	-12,25	-12,77	-13,24	-13,75	-14,29	-14,69	-14,91	-15,11	-15,17	-15,22	-15,12	-15,01	-14,89	-14,77	-14,70	-14,63	-14,63	-14,64	-10,86
20/11/2021 21:25:00	-10,88	-11,27	-11,64	-12,12	-12,67	-13,27	-13,91	-14,48	-14,89	-15,13	-15,31	-15,34	-15,36	-15,20	-15,05	-14,90	-14,75	-14,64	-14,53	-14,52	-14,51	-10,81
20/11/2021 21:30:00	-10,81	-11,27	-11,80	-12,33	-12,86	-13,37	-13,84	-14,26	-14,59	-14,84	-15,06	-15,13	-15,20	-15,09	-14,99	-14,86	-14,74	-14,66	-14,59	-14,59	-14,59	-10,80
20/11/2021 21:35:00	-10,78	-11,00	-11,54	-12,12	-12,70	-13,27	-13,71	-14,14	-14,48	-14,72	-14,94	-15,01	-15,08	-14,98	-14,88	-14,76	-14,64	-14,58	-14,51	-14,52	-14,53	-10,76
20/11/2021 21:40:00	-10,83	-11,03	-11,57	-12,19	-12,80	-13,37	-13,82	-14,23	-14,53	-14,71	-14,87	-14,87	-14,87	-14,73	-14,58	-14,44	-14,29	-14,21	-14,12	-14,12	-14,12	-10,75
20/11/2021 21:45:00	-10,78	-11,07	-11,54	-12,03	-12,54	-13,10	-13,70	-14,20	-14,57	-14,79	-14,99	-15,06	-15,12	-15,02	-14,91	-14,80	-14,69	-14,62	-14,55	-14,56	-14,56	-10,73
20/11/2021 21:50:00	-10,68	-11,08	-11,59	-12,09	-12,61	-13,17	-13,74	-14,21	-14,54	-14,70	-14,82	-14,82	-14,81	-14,66	-14,51	-14,37	-14,23	-14,15	-14,06	-14,05	-14,05	-10,70
20/11/2021 21:55:00	-10,64	-10,96	-11,60	-12,25	-12,83	-13,34	-13,77	-14,13	-14,39	-14,52	-14,63	-14,61	-14,59	-14,44	-14,29	-14,15	-14,01	-13,93	-13,86	-13,86	-13,87	-10,66
20/11/2021 22:00:00	-10,67	-11,06	-11,59	-12,08	-12,56	-13,07	-13,51	-13,80	-14,05	-14,34	-14,62	-14,72	-14,81	-14,72	-14,63	-14,49	-14,36	-14,27	-14,19	-14,19	-14,19	-10,63
20/11/2021 22:05:00	-10,55	-11,15	-11,65	-12,11	-12,57	-13,06	-13,47	-13,85	-14,16	-14,39	-14,61	-14,68	-14,75	-14,64	-14,54	-14,41	-14,29	-14,21	-14,13	-14,13	-14,13	-10,61
20/11/2021 22:10:00	-10,68	-11,01	-11,44	-11,98	-12,58	-13,21	-13,83	-14,29	-14,62	-14,82	-14,96	-14,92	-14,88	-14,68	-14,47	-14,28	-14,09	-13,95	-13,82	-13,80	-13,77	-10,61
20/11/2021 22:15:00	-10,64	-10,96	-11,48	-12,09	-12,66	-13,14	-13,71	-14,15	-14,45	-14,59	-14,70	-14,68	-14,65	-14,49	-14,32	-14,17	-14,03	-13,94	-13,85	-13,84	-13,84	-10,53
20/11/2021 22:20:00	-10,56	-10,89	-11,45	-12,02	-12,55	-13,05	-13,50	-13,86	-14,14	-14,33	-14,51	-14,54	-14,57	-14,45	-14,33	-14,20	-14,07	-14,00	-13,92	-13,93	-13,93	-10,55
20/11/2021 22:25:00	-10,59	-10,89	-11,34	-11,89	-12,47	-13,06	-13,67	-14,16	-14,49	-14,62	-14,71	-14,66	-14,60	-14,40	-14,20	-14,04	-13,87	-13,76	-13,65	-13,64	-13,62	-10,48
20/11/2021 22:30:00	-10,56	-10,83	-11,28	-11,95	-12,64	-13,24	-13,77	-14,17	-14,42	-14,50	-14,52	-14,35	-14,18	-13,88	-13,58	-13,34	-13,11	-12,94	-12,78	-12,74	-12,71	-10,50
20/11/2021 22:35:00	-10,55	-10,96	-11,45	-12,12	-12,75	-13,27	-13,61	-13,96	-14,19	-14,23	-14,23	-14,06	-13,90	-13,63	-13,35	-13,14	-12,93	-12,79	-12,65	-12,63	-12,61	-10,53
20/11/2021 22:40:00	-10,47	-10,91	-11,37	-11,91	-12,47	-13,02	-13,49	-13,75	-13,94	-14,14	-14,28	-14,21	-14,15	-13,91	-13,68	-13,46	-13,24	-13,08	-12,93	-12,89	-12,86	-10,48
20/11/2021 22:45:00	-10,43	-10,93	-11,37	-11,81	-12,27	-12,73	-13,10	-13,37	-13,58	-13,71	-13,81	-13,75	-13,69	-13,49	-13,29	-13,12	-12,94	-12,83	-12,71	-12,70	-12,68	-10,46
20/11/2021 22:50:00	-10,47	-10,83	-11,26	-11,74	-12,21	-12,70	-13,24	-13,67	-13,95	-14,06	-14,13	-14,08	-14,02	-13,84	-13,65	-13,51	-13,36	-13,26	-13,17	-13,16	-13,16	-10,42
20/11/2021 22:55:00	-10,43	-10,79	-11,24	-11,71	-12,19	-12,67	-13,06	-13,46	-13,77	-13,93	-14,07	-14,08	-14,08	-13,95	-13,82	-13,70	-13,57	-13,50	-13,43	-13,44	-13,45	-10,41
20/11/2021 23:00:00	-10,42	-10,75	-11,28	-11,87	-12,41	-12,91	-13,43	-13,78	-13,99	-14,08	-14,12	-14,04	-13,95	-13,74	-13,53	-13,36	-13,19	-13,09	-12,98	-12,97	-12,96	-10,43
20/11/2021 23:05:00	-10,39	-10,73	-11,33	-12,02	-12,58	-12,92	-13,13	-13,28	-13,43	-13,61	-13,79	-13,81	-13,83	-13,70	-13,58	-13,44	-13,30	-13,23	-13,16	-13,17	-13,19	-10,44
20/11/2021 23:10:00	-10,39	-10,87	-11,22	-11,68	-12,17	-12,64	-13,09	-13,47	-13,75	-13,96	-14,13	-14,12	-14,11	-13,94	-13,77	-13,60	-13,44	-13,33	-13,21	-13,20	-13,19	-10,43
20/11/2021 23:15:00	-10,46	-10,75	-11,27	-11,89	-12,44	-12,86	-13,17	-13,45	-13,63	-13,63	-13,60	-13,45	-13,31	-13,07	-12,84	-12,67	-12,51	-12,40	-12,30	-12,30	-12,30	-10,41
20/11/2021 23:20:00	-10,41	-10,90	-11,38	-11,88	-12,35	-12,72	-12,90	-13,19	-13,42	-13,47	-13,49	-13,40	-13,32	-13,13	-12,95	-12,81	-12,67	-12,58	-12,50	-12,51	-12,52	-10,35
20/11/2021 23:25:00	-10,41	-10,79	-11,26	-11,80	-12,22	-12,51	-12,94	-13,15	-13,25	-13,31	-13,33	-13,22	-13,12	-12,90	-12,69	-12,52	-12,36	-12,25	-12,15	-12,15	-12,14	-10,36
20/11/2021 23:30:00	-10,38	-10,71	-11,22	-11,85	-12,41	-12,83	-13,17	-13,43	-13,57	-13,54	-13,46	-13,26	-13,05	-12,76	-12,48	-12,27	-12,07	-11,94	-11,81	-11,79	-11,78	-10,34
20/11/2021 23:35:00	-10,29	-10,68	-11,15	-11,60	-12,03	-12,46	-12,81	-13,06	-13,24	-13,38	-13,49	-13,45	-13,40	-13,23	-13,05	-12,90	-12,74	-12,64	-12,54	-12,54	-12,54	-10,34
20/11/2021 23:40:00	-10,30	-10,69	-11,13	-11,69	-12,23	-12,70	-13,04	-13,32	-13,48	-13,46	-13,37	-13,15	-12,93	-12,62	-12,30	-12,08	-11,87	-11,72	-11,57	-11,54	-11,52	-10,29
20/11/2021 23:45:00	-10,41	-10,56	-10,97	-11,65	-12,33	-12,88	-13,29	-13,56	-13,69	-13,70	-13,62	-13,35	-13,09	-12,72	-12,36	-12,09	-11,82	-11,64	-11,45	-11,41	-11,37	-10,30
20/11/2021 23:50:00	-10,35	-10,59	-11,11	-11,63	-12,13	-12,64	-13,05	-13,25	-13,35	-13,38	-13,37	-13,20	-13,03	-12,76	-12,49	-12,28	-12,08	-11,94	-11,80	-11,78	-11,76	-10,27
20/11/2021 23:55:00	-10,26	-10,61	-11,08	-11,58	-12,04	-12,47	-12,78	-12,96	-13,05	-13,09	-13,09	-12,94	-12,78	-12,52	-12,26	-12,06	-11,86	-11,73	-11,60	-11,59	-11,57	-10,26
