FileFormat:0002.2 file with temperature of atmosphere
SN105HE102
local	GMT or Local
0	GMT-Local=[hours]
0	Height[m]
0	0	0	Longitude                [grd]               [min]               [sec]
0	0	0	Latitude                [grd]               [min]               [sec]
N	NS
56,45	Freq[GHz]
0,00	dTemostat[K]
0,150	MessErr[K]
0,248	//[grad/step]
version 14.4.20120406
MTP5HE102F5645K-38.60I70D219217+A1.1
Commentary:
SN105HE102
парабола ДНА = 2,5 град
НЕ102 - ПУ - ХВБ с ЦСД " S "
АЦП - 202 - 09 с контр.U пит.и М
оптопара серии - 2
Т out № 178 пл
БП LPS - 112
End Of Commentary

SYSTEM\alaska.dat
data time	0	50	100	150	200	250	300	350	400	450	500	550	600	650	700	750	800	850	900	950	1000	OutsideTemperature
25/02/2020 00:00:00	-6,12	-5,78	-5,44	-5,20	-5,16	-5,35	-5,75	-6,24	-6,71	-7,19	-7,68	-8,07	-8,46	-8,66	-8,86	-8,96	-9,06	-9,18	-9,29	-9,41	-9,53	-6,14
25/02/2020 00:05:00	-6,23	-5,88	-5,50	-5,16	-5,06	-5,29	-5,71	-6,28	-6,85	-7,31	-7,80	-8,21	-8,62	-8,85	-9,07	-9,21	-9,34	-9,48	-9,61	-9,74	-9,87	-6,23
25/02/2020 00:10:00	-6,27	-5,92	-5,59	-5,27	-5,17	-5,33	-5,64	-6,09	-6,56	-7,07	-7,61	-8,05	-8,49	-8,74	-8,98	-9,11	-9,24	-9,38	-9,52	-9,65	-9,78	-6,39
25/02/2020 00:15:00	-6,34	-5,94	-5,45	-5,11	-5,04	-5,17	-5,60	-6,13	-6,64	-7,19	-7,74	-8,17	-8,61	-8,84	-9,06	-9,17	-9,28	-9,40	-9,52	-9,64	-9,76	-6,34
25/02/2020 00:20:00	-6,30	-5,91	-5,60	-5,36	-5,31	-5,42	-5,67	-6,09	-6,57	-7,08	-7,63	-8,09	-8,55	-8,82	-9,08	-9,22	-9,36	-9,51	-9,67	-9,81	-9,95	-6,44
25/02/2020 00:25:00	-6,33	-6,00	-5,64	-5,34	-5,26	-5,42	-5,82	-6,34	-6,85	-7,30	-7,77	-8,16	-8,54	-8,75	-8,96	-9,07	-9,19	-9,32	-9,44	-9,57	-9,69	-6,66
25/02/2020 00:30:00	-6,40	-6,10	-5,75	-5,42	-5,29	-5,40	-5,65	-6,08	-6,56	-7,07	-7,63	-8,10	-8,58	-8,85	-9,13	-9,28	-9,43	-9,58	-9,74	-9,88	-10,02	-6,43
25/02/2020 00:35:00	-6,38	-6,01	-5,63	-5,27	-5,14	-5,30	-5,67	-6,14	-6,60	-7,13	-7,67	-8,12	-8,56	-8,81	-9,05	-9,18	-9,31	-9,44	-9,57	-9,70	-9,83	-6,32
25/02/2020 00:40:00	-6,46	-6,03	-5,78	-5,59	-5,56	-5,69	-6,04	-6,45	-6,85	-7,23	-7,62	-7,94	-8,25	-8,41	-8,58	-8,67	-8,76	-8,88	-8,99	-9,11	-9,23	-6,79
25/02/2020 00:45:00	-6,43	-6,12	-5,72	-5,36	-5,25	-5,43	-5,81	-6,33	-6,84	-7,33	-7,84	-8,25	-8,67	-8,88	-9,10	-9,22	-9,34	-9,46	-9,59	-9,71	-9,83	-6,62
25/02/2020 00:50:00	-6,51	-6,08	-5,64	-5,28	-5,21	-5,46	-5,87	-6,38	-6,88	-7,43	-7,98	-8,41	-8,83	-9,04	-9,25	-9,34	-9,43	-9,53	-9,64	-9,75	-9,86	-6,54
25/02/2020 00:55:00	-6,53	-6,00	-5,61	-5,33	-5,30	-5,50	-5,83	-6,31	-6,80	-7,30	-7,82	-8,22	-8,63	-8,84	-9,06	-9,16	-9,27	-9,39	-9,51	-9,63	-9,75	-6,51
25/02/2020 01:00:00	-6,52	-6,03	-5,73	-5,47	-5,40	-5,57	-5,82	-6,23	-6,69	-7,18	-7,69	-8,12	-8,56	-8,80	-9,05	-9,18	-9,31	-9,46	-9,61	-9,75	-9,88	-6,61
25/02/2020 01:05:00	-6,59	-6,16	-5,85	-5,55	-5,47	-5,70	-6,15	-6,68	-7,16	-7,56	-7,98	-8,31	-8,65	-8,81	-8,98	-9,08	-9,17	-9,28	-9,39	-9,51	-9,62	-6,46
25/02/2020 01:10:00	-6,71	-6,19	-5,86	-5,60	-5,56	-5,76	-6,12	-6,59	-7,07	-7,53	-8,00	-8,39	-8,78	-8,98	-9,19	-9,30	-9,41	-9,53	-9,66	-9,78	-9,91	-6,56
25/02/2020 01:15:00	-6,74	-6,32	-6,00	-5,71	-5,59	-5,70	-6,00	-6,45	-6,93	-7,36	-7,84	-8,25	-8,66	-8,90	-9,14	-9,28	-9,43	-9,58	-9,73	-9,87	-10,00	-6,63
25/02/2020 01:20:00	-6,73	-6,25	-6,02	-5,82	-5,78	-5,95	-6,19	-6,57	-6,99	-7,39	-7,82	-8,17	-8,52	-8,71	-8,90	-9,01	-9,12	-9,24	-9,37	-9,50	-9,62	-6,77
25/02/2020 01:25:00	-6,77	-6,37	-5,98	-5,70	-5,65	-5,82	-6,13	-6,56	-7,01	-7,46	-7,93	-8,28	-8,64	-8,81	-8,98	-9,06	-9,14	-9,24	-9,34	-9,45	-9,56	-6,68
25/02/2020 01:30:00	-6,79	-6,54	-6,17	-5,86	-5,79	-6,05	-6,44	-6,87	-7,28	-7,74	-8,19	-8,51	-8,83	-8,96	-9,08	-9,13	-9,17	-9,23	-9,29	-9,38	-9,47	-6,99
25/02/2020 01:35:00	-6,85	-6,60	-6,25	-5,91	-5,77	-5,90	-6,19	-6,64	-7,10	-7,48	-7,88	-8,23	-8,57	-8,75	-8,93	-9,04	-9,14	-9,26	-9,38	-9,50	-9,61	-6,79
25/02/2020 01:40:00	-6,96	-6,53	-6,19	-5,87	-5,76	-5,94	-6,25	-6,67	-7,09	-7,52	-7,97	-8,32	-8,68	-8,86	-9,04	-9,13	-9,23	-9,34	-9,45	-9,56	-9,68	-6,86
25/02/2020 01:45:00	-6,88	-6,56	-6,23	-5,99	-5,93	-6,01	-6,25	-6,68	-7,15	-7,52	-7,92	-8,24	-8,56	-8,73	-8,90	-8,99	-9,09	-9,21	-9,32	-9,45	-9,57	-6,88
25/02/2020 01:50:00	-7,03	-6,67	-6,24	-5,87	-5,76	-5,95	-6,28	-6,77	-7,26	-7,66	-8,07	-8,39	-8,72	-8,88	-9,04	-9,13	-9,22	-9,32	-9,42	-9,53	-9,64	-7,14
25/02/2020 01:55:00	-7,15	-6,68	-6,33	-6,01	-5,87	-5,93	-6,22	-6,61	-7,01	-7,41	-7,83	-8,18	-8,53	-8,72	-8,91	-9,02	-9,13	-9,26	-9,38	-9,51	-9,63	-7,14
25/02/2020 02:00:00	-7,20	-6,73	-6,24	-5,86	-5,73	-5,84	-6,20	-6,65	-7,08	-7,54	-8,02	-8,39	-8,76	-8,94	-9,13	-9,22	-9,31	-9,41	-9,51	-9,62	-9,73	-7,39
25/02/2020 02:05:00	-7,13	-6,83	-6,47	-6,10	-5,96	-6,13	-6,40	-6,85	-7,30	-7,65	-8,02	-8,31	-8,61	-8,75	-8,90	-8,98	-9,07	-9,17	-9,27	-9,38	-9,49	-7,48
25/02/2020 02:10:00	-7,20	-6,95	-6,56	-6,15	-5,93	-5,94	-6,20	-6,61	-7,04	-7,45	-7,90	-8,29	-8,68	-8,90	-9,12	-9,25	-9,37	-9,51	-9,65	-9,77	-9,90	-7,37
25/02/2020 02:15:00	-7,58	-7,09	-6,80	-6,46	-6,29	-6,41	-6,62	-6,94	-7,29	-7,71	-8,16	-8,54	-8,91	-9,12	-9,33	-9,45	-9,56	-9,68	-9,81	-9,94	-10,06	-7,56
25/02/2020 02:20:00	-7,75	-7,31	-6,86	-6,42	-6,20	-6,26	-6,49	-6,92	-7,36	-7,74	-8,15	-8,51	-8,86	-9,05	-9,25	-9,36	-9,48	-9,61	-9,73	-9,85	-9,98	-7,76
25/02/2020 02:25:00	-7,92	-7,21	-6,73	-6,37	-6,23	-6,32	-6,51	-6,91	-7,33	-7,64	-7,98	-8,26	-8,54	-8,69	-8,83	-8,93	-9,03	-9,14	-9,26	-9,38	-9,50	-7,80
25/02/2020 02:30:00	-8,02	-7,36	-6,83	-6,37	-6,15	-6,26	-6,49	-6,90	-7,31	-7,64	-7,99	-8,28	-8,56	-8,71	-8,86	-8,95	-9,05	-9,15	-9,26	-9,37	-9,49	-8,16
25/02/2020 02:35:00	-8,24	-7,61	-6,99	-6,50	-6,24	-6,24	-6,51	-6,90	-7,31	-7,75	-8,22	-8,60	-8,99	-9,19	-9,40	-9,51	-9,62	-9,74	-9,86	-9,98	-10,10	-8,16
25/02/2020 02:40:00	-8,06	-7,74	-7,11	-6,49	-6,18	-6,24	-6,49	-7,01	-7,52	-7,92	-8,34	-8,70	-9,06	-9,25	-9,45	-9,57	-9,69	-9,81	-9,93	-10,04	-10,16	-8,21
25/02/2020 02:45:00	-8,03	-7,67	-7,20	-6,72	-6,45	-6,44	-6,65	-7,03	-7,43	-7,80	-8,19	-8,54	-8,88	-9,07	-9,26	-9,37	-9,49	-9,61	-9,73	-9,85	-9,98	-8,11
25/02/2020 02:50:00	-8,09	-7,72	-7,21	-6,70	-6,42	-6,44	-6,63	-7,02	-7,42	-7,77	-8,14	-8,46	-8,77	-8,94	-9,11	-9,21	-9,32	-9,43	-9,54	-9,66	-9,77	-7,98
25/02/2020 02:55:00	-8,07	-7,80	-7,37	-6,88	-6,56	-6,48	-6,60	-6,84	-7,14	-7,54	-7,97	-8,34	-8,70	-8,90	-9,10	-9,21	-9,32	-9,43	-9,55	-9,67	-9,79	-8,18
25/02/2020 03:00:00	-8,15	-7,91	-7,44	-6,95	-6,63	-6,55	-6,63	-6,85	-7,12	-7,49	-7,90	-8,22	-8,55	-8,71	-8,88	-8,96	-9,05	-9,15	-9,24	-9,35	-9,46	-8,26
25/02/2020 03:05:00	-8,15	-7,97	-7,42	-6,75	-6,33	-6,27	-6,49	-6,86	-7,25	-7,67	-8,13	-8,54	-8,94	-9,17	-9,40	-9,53	-9,66	-9,79	-9,91	-10,03	-10,15	-8,28
25/02/2020 03:10:00	-8,33	-8,06	-7,45	-6,87	-6,50	-6,39	-6,58	-6,92	-7,27	-7,64	-8,03	-8,36	-8,69	-8,86	-9,04	-9,14	-9,24	-9,34	-9,44	-9,56	-9,67	-8,40
25/02/2020 03:15:00	-8,52	-8,20	-7,61	-7,01	-6,60	-6,46	-6,55	-6,83	-7,14	-7,49	-7,87	-8,20	-8,54	-8,72	-8,91	-9,02	-9,13	-9,25	-9,37	-9,49	-9,61	-8,29
25/02/2020 03:20:00	-8,72	-8,10	-7,53	-7,01	-6,68	-6,55	-6,61	-6,88	-7,20	-7,53	-7,90	-8,22	-8,54	-8,73	-8,92	-9,04	-9,16	-9,29	-9,42	-9,55	-9,68	-8,45
25/02/2020 03:25:00	-8,49	-8,15	-7,52	-6,94	-6,60	-6,52	-6,69	-7,05	-7,44	-7,83	-8,24	-8,58	-8,91	-9,09	-9,26	-9,36	-9,46	-9,56	-9,67	-9,78	-9,89	-8,70
25/02/2020 03:30:00	-8,54	-8,02	-7,46	-6,97	-6,75	-6,84	-7,07	-7,42	-7,77	-8,11	-8,46	-8,71	-8,95	-9,05	-9,15	-9,19	-9,24	-9,30	-9,36	-9,46	-9,55	-8,54
25/02/2020 03:35:00	-8,49	-8,15	-7,59	-6,97	-6,57	-6,46	-6,64	-6,96	-7,30	-7,65	-8,04	-8,38	-8,71	-8,90	-9,09	-9,20	-9,31	-9,43	-9,55	-9,67	-9,78	-8,54
25/02/2020 03:40:00	-8,78	-8,32	-7,73	-7,09	-6,69	-6,64	-6,77	-7,09	-7,45	-7,82	-8,21	-8,57	-8,92	-9,13	-9,33	-9,46	-9,58	-9,71	-9,84	-9,96	-10,08	-8,70
25/02/2020 03:45:00	-8,79	-8,30	-7,79	-7,31	-6,99	-6,88	-6,97	-7,19	-7,47	-7,79	-8,15	-8,46	-8,76	-8,93	-9,09	-9,19	-9,28	-9,39	-9,50	-9,62	-9,74	-8,79
25/02/2020 03:50:00	-8,95	-8,18	-7,65	-7,19	-6,96	-7,00	-7,11	-7,37	-7,65	-7,94	-8,23	-8,46	-8,69	-8,79	-8,89	-8,94	-9,00	-9,08	-9,16	-9,26	-9,37	-8,88
25/02/2020 03:55:00	-9,32	-8,44	-7,77	-7,21	-6,85	-6,75	-6,91	-7,11	-7,35	-7,75	-8,18	-8,52	-8,86	-9,04	-9,22	-9,31	-9,40	-9,51	-9,62	-9,73	-9,85	-9,51
25/02/2020 04:00:00	-8,99	-8,37	-7,94	-7,51	-7,20	-7,06	-6,99	-7,14	-7,39	-7,66	-7,99	-8,29	-8,59	-8,77	-8,95	-9,07	-9,19	-9,33	-9,47	-9,60	-9,73	-9,70
25/02/2020 04:05:00	-8,81	-8,16	-7,63	-7,23	-7,05	-7,10	-7,29	-7,63	-7,98	-8,26	-8,55	-8,78	-9,00	-9,09	-9,18	-9,24	-9,30	-9,37	-9,45	-9,55	-9,65	-9,49
25/02/2020 04:10:00	-8,70	-8,26	-7,81	-7,39	-7,16	-7,16	-7,28	-7,56	-7,88	-8,19	-8,52	-8,79	-9,06	-9,19	-9,32	-9,40	-9,47	-9,56	-9,66	-9,76	-9,87	-9,16
25/02/2020 04:15:00	-8,69	-8,36	-7,82	-7,33	-7,03	-6,96	-7,12	-7,44	-7,79	-8,12	-8,47	-8,77	-9,06	-9,20	-9,35	-9,43	-9,52	-9,61	-9,71	-9,81	-9,92	-8,94
25/02/2020 04:20:00	-8,83	-8,47	-8,14	-7,73	-7,44	-7,32	-7,26	-7,43	-7,69	-8,00	-8,36	-8,68	-9,00	-9,19	-9,38	-9,49	-9,60	-9,73	-9,86	-9,99	-10,12	-8,85
25/02/2020 04:25:00	-8,95	-8,49	-8,00	-7,58	-7,31	-7,22	-7,37	-7,66	-7,97	-8,29	-8,64	-8,93	-9,23	-9,38	-9,53	-9,62	-9,71	-9,82	-9,92	-10,03	-10,15	-8,87
25/02/2020 04:30:00	-8,86	-8,37	-7,94	-7,52	-7,22	-7,07	-7,14	-7,42	-7,74	-8,00	-8,32	-8,62	-8,93	-9,11	-9,30	-9,43	-9,56	-9,70	-9,85	-9,98	-10,11	-8,87
25/02/2020 04:35:00	-8,96	-8,43	-7,94	-7,50	-7,25	-7,22	-7,38	-7,69	-8,02	-8,32	-8,65	-8,91	-9,18	-9,31	-9,44	-9,52	-9,60	-9,70	-9,79	-9,90	-10,01	-8,90
25/02/2020 04:40:00	-9,04	-8,48	-8,08	-7,81	-7,71	-7,75	-7,83	-8,03	-8,27	-8,51	-8,75	-8,90	-9,04	-9,07	-9,09	-9,09	-9,09	-9,13	-9,16	-9,24	-9,33	-9,60
25/02/2020 04:45:00	-8,99	-8,42	-7,88	-7,33	-7,02	-7,03	-7,22	-7,51	-7,83	-8,21	-8,61	-8,93	-9,25	-9,41	-9,57	-9,65	-9,73	-9,83	-9,92	-10,03	-10,13	-9,98
25/02/2020 04:50:00	-8,92	-8,23	-7,84	-7,53	-7,39	-7,45	-7,68	-7,89	-8,12	-8,44	-8,77	-8,99	-9,22	-9,30	-9,38	-9,41	-9,44	-9,49	-9,55	-9,64	-9,73	-10,02
25/02/2020 04:55:00	-8,68	-8,56	-7,94	-7,28	-6,95	-7,05	-7,25	-7,71	-8,16	-8,49	-8,82	-9,08	-9,34	-9,44	-9,54	-9,60	-9,66	-9,73	-9,79	-9,87	-9,96	-9,45
25/02/2020 05:00:00	-8,75	-8,49	-8,06	-7,61	-7,32	-7,22	-7,41	-7,66	-7,92	-8,24	-8,58	-8,85	-9,12	-9,25	-9,38	-9,45	-9,53	-9,61	-9,70	-9,80	-9,90	-9,27
25/02/2020 05:05:00	-8,79	-8,54	-8,03	-7,50	-7,16	-7,05	-7,10	-7,43	-7,81	-8,14	-8,51	-8,83	-9,16	-9,34	-9,53	-9,64	-9,76	-9,88	-10,00	-10,12	-10,24	-9,41
25/02/2020 05:10:00	-8,82	-8,43	-8,10	-7,67	-7,34	-7,23	-7,36	-7,52	-7,71	-8,03	-8,38	-8,68	-8,98	-9,15	-9,31	-9,40	-9,49	-9,60	-9,71	-9,82	-9,94	-8,93
25/02/2020 05:15:00	-9,09	-8,82	-8,28	-7,66	-7,25	-7,16	-7,20	-7,47	-7,79	-8,14	-8,52	-8,86	-9,19	-9,38	-9,56	-9,67	-9,77	-9,89	-10,00	-10,11	-10,22	-8,95
25/02/2020 05:20:00	-9,16	-8,79	-8,32	-7,80	-7,47	-7,39	-7,45	-7,70	-7,99	-8,29	-8,63	-8,91	-9,20	-9,34	-9,49	-9,58	-9,67	-9,77	-9,87	-9,98	-10,09	-9,23
25/02/2020 05:25:00	-9,24	-9,06	-8,47	-7,94	-7,60	-7,45	-7,52	-7,75	-8,03	-8,36	-8,70	-8,97	-9,23	-9,34	-9,46	-9,51	-9,57	-9,64	-9,71	-9,80	-9,89	-9,24
25/02/2020 05:30:00	-9,29	-8,95	-8,60	-8,13	-7,72	-7,49	-7,41	-7,51	-7,73	-8,03	-8,40	-8,76	-9,11	-9,34	-9,57	-9,70	-9,84	-9,99	-10,15	-10,28	-10,42	-9,29
25/02/2020 05:35:00	-9,35	-9,00	-8,41	-7,75	-7,36	-7,36	-7,55	-7,92	-8,29	-8,63	-8,98	-9,29	-9,59	-9,74	-9,88	-9,97	-10,06	-10,15	-10,23	-10,33	-10,43	-9,35
25/02/2020 05:40:00	-9,28	-8,83	-8,40	-8,01	-7,77	-7,73	-7,85	-8,09	-8,35	-8,60	-8,87	-9,08	-9,29	-9,38	-9,46	-9,51	-9,56	-9,63	-9,70	-9,80	-9,89	-9,42
25/02/2020 05:45:00	-9,33	-8,99	-8,73	-8,28	-7,87	-7,65	-7,59	-7,68	-7,85	-8,08	-8,37	-8,66	-8,95	-9,14	-9,33	-9,46	-9,59	-9,73	-9,87	-10,01	-10,14	-9,39
25/02/2020 05:50:00	-9,44	-8,93	-8,51	-8,16	-7,97	-7,92	-7,82	-7,94	-8,17	-8,46	-8,78	-9,02	-9,25	-9,36	-9,46	-9,51	-9,55	-9,62	-9,70	-9,80	-9,90	-9,43
25/02/2020 05:55:00	-9,45	-8,89	-8,44	-8,04	-7,83	-7,85	-8,03	-8,33	-8,63	-8,89	-9,16	-9,38	-9,59	-9,68	-9,77	-9,82	-9,88	-9,95	-10,02	-10,12	-10,21	-9,46
25/02/2020 06:00:00	-9,34	-8,92	-8,54	-8,10	-7,85	-7,85	-7,82	-8,03	-8,29	-8,51	-8,75	-8,94	-9,13	-9,21	-9,29	-9,35	-9,40	-9,48	-9,55	-9,65	-9,75	-9,45
25/02/2020 06:05:00	-9,15	-8,81	-8,44	-8,13	-7,96	-7,92	-8,06	-8,26	-8,48	-8,75	-9,03	-9,22	-9,42	-9,48	-9,55	-9,57	-9,59	-9,64	-9,70	-9,78	-9,87	-9,40
25/02/2020 06:10:00	-9,22	-8,89	-8,53	-8,16	-7,85	-7,66	-7,74	-7,91	-8,13	-8,42	-8,76	-9,06	-9,36	-9,53	-9,69	-9,79	-9,89	-10,00	-10,11	-10,23	-10,35	-9,32
25/02/2020 06:15:00	-9,26	-9,05	-8,62	-8,14	-7,77	-7,59	-7,58	-7,74	-7,98	-8,29	-8,65	-8,96	-9,27	-9,44	-9,62	-9,71	-9,81	-9,92	-10,03	-10,15	-10,26	-9,11
25/02/2020 06:20:00	-9,35	-8,91	-8,50	-8,08	-7,76	-7,61	-7,72	-7,92	-8,15	-8,43	-8,74	-9,02	-9,30	-9,46	-9,61	-9,71	-9,80	-9,91	-10,02	-10,14	-10,25	-9,25
25/02/2020 06:25:00	-9,33	-9,02	-8,46	-7,91	-7,56	-7,45	-7,61	-7,83	-8,10	-8,49	-8,90	-9,23	-9,55	-9,70	-9,85	-9,92	-9,99	-10,07	-10,15	-10,24	-10,34	-9,30
25/02/2020 06:30:00	-9,36	-8,82	-8,42	-7,97	-7,63	-7,49	-7,56	-7,74	-7,98	-8,28	-8,63	-8,94	-9,25	-9,43	-9,60	-9,71	-9,82	-9,94	-10,06	-10,19	-10,31	-9,34
25/02/2020 06:35:00	-9,40	-8,99	-8,43	-7,88	-7,51	-7,40	-7,56	-7,83	-8,12	-8,44	-8,79	-9,08	-9,37	-9,52	-9,67	-9,75	-9,84	-9,93	-10,03	-10,13	-10,24	-9,20
25/02/2020 06:40:00	-9,35	-8,94	-8,37	-7,82	-7,47	-7,37	-7,47	-7,69	-7,96	-8,32	-8,69	-9,00	-9,30	-9,45	-9,60	-9,67	-9,75	-9,84	-9,93	-10,03	-10,13	-9,40
25/02/2020 06:45:00	-9,36	-8,82	-8,35	-7,89	-7,59	-7,48	-7,54	-7,82	-8,14	-8,43	-8,77	-9,07	-9,36	-9,54	-9,71	-9,82	-9,93	-10,05	-10,17	-10,30	-10,42	-9,23
25/02/2020 06:50:00	-9,43	-8,91	-8,31	-7,77	-7,45	-7,36	-7,55	-7,87	-8,21	-8,55	-8,91	-9,20	-9,50	-9,64	-9,79	-9,87	-9,95	-10,04	-10,14	-10,24	-10,35	-9,30
25/02/2020 06:55:00	-9,44	-8,94	-8,34	-7,79	-7,46	-7,41	-7,59	-7,87	-8,17	-8,52	-8,88	-9,17	-9,45	-9,58	-9,71	-9,77	-9,84	-9,91	-9,99	-10,08	-10,18	-9,38
25/02/2020 07:00:00	-9,43	-8,94	-8,31	-7,71	-7,35	-7,27	-7,42	-7,75	-8,11	-8,47	-8,86	-9,19	-9,52	-9,70	-9,87	-9,97	-10,07	-10,17	-10,27	-10,39	-10,50	-9,31
25/02/2020 07:05:00	-9,25	-8,71	-8,17	-7,61	-7,23	-7,09	-7,09	-7,34	-7,66	-8,01	-8,40	-8,76	-9,11	-9,32	-9,54	-9,66	-9,79	-9,93	-10,06	-10,19	-10,32	-9,23
25/02/2020 07:10:00	-9,29	-8,92	-8,20	-7,38	-6,83	-6,69	-6,89	-7,25	-7,63	-8,04	-8,47	-8,88	-9,28	-9,51	-9,75	-9,89	-10,04	-10,17	-10,30	-10,43	-10,55	-9,26
25/02/2020 07:15:00	-9,39	-9,03	-8,35	-7,68	-7,23	-7,04	-7,06	-7,31	-7,65	-8,03	-8,45	-8,82	-9,19	-9,39	-9,60	-9,72	-9,84	-9,96	-10,08	-10,20	-10,32	-9,44
25/02/2020 07:20:00	-9,41	-9,10	-8,40	-7,64	-7,08	-6,83	-6,93	-7,19	-7,52	-7,99	-8,51	-8,97	-9,44	-9,72	-9,99	-10,15	-10,30	-10,44	-10,59	-10,72	-10,84	-9,44
25/02/2020 07:25:00	-9,40	-8,94	-8,40	-7,78	-7,32	-7,10	-7,16	-7,37	-7,64	-7,99	-8,39	-8,76	-9,13	-9,35	-9,58	-9,71	-9,85	-9,99	-10,13	-10,26	-10,39	-9,48
25/02/2020 07:30:00	-9,34	-9,01	-8,28	-7,58	-7,09	-6,86	-6,96	-7,25	-7,59	-8,01	-8,46	-8,85	-9,24	-9,47	-9,69	-9,81	-9,93	-10,05	-10,17	-10,29	-10,41	-9,50
25/02/2020 07:35:00	-9,38	-9,01	-8,37	-7,65	-7,13	-6,91	-7,00	-7,25	-7,55	-7,94	-8,36	-8,75	-9,14	-9,37	-9,60	-9,73	-9,87	-10,00	-10,14	-10,26	-10,38	-9,32
25/02/2020 07:40:00	-9,43	-9,10	-8,39	-7,57	-7,00	-6,79	-7,00	-7,37	-7,76	-8,13	-8,55	-8,95	-9,35	-9,60	-9,84	-9,99	-10,15	-10,29	-10,44	-10,56	-10,69	-9,49
25/02/2020 07:45:00	-9,45	-9,22	-8,50	-7,68	-7,05	-6,74	-6,79	-7,13	-7,52	-7,89	-8,33	-8,77	-9,21	-9,51	-9,80	-10,00	-10,19	-10,37	-10,55	-10,69	-10,84	-9,38
25/02/2020 07:50:00	-9,43	-9,10	-8,43	-7,73	-7,31	-7,20	-7,33	-7,68	-8,05	-8,36	-8,69	-8,97	-9,25	-9,39	-9,53	-9,62	-9,71	-9,81	-9,90	-10,00	-10,11	-9,46
25/02/2020 07:55:00	-9,43	-9,13	-8,55	-7,93	-7,47	-7,23	-7,28	-7,48	-7,75	-8,11	-8,52	-8,88	-9,24	-9,45	-9,65	-9,77	-9,89	-10,01	-10,13	-10,25	-10,37	-9,33
25/02/2020 08:00:00	-9,61	-9,18	-8,56	-7,96	-7,56	-7,38	-7,34	-7,59	-7,91	-8,19	-8,52	-8,81	-9,10	-9,26	-9,42	-9,53	-9,63	-9,74	-9,85	-9,97	-10,09	-9,56
25/02/2020 08:05:00	-9,65	-9,18	-8,46	-7,75	-7,25	-7,02	-7,11	-7,39	-7,72	-8,11	-8,55	-8,94	-9,33	-9,56	-9,80	-9,93	-10,07	-10,20	-10,33	-10,46	-10,58	-9,79
25/02/2020 08:10:00	-9,58	-9,27	-8,50	-7,69	-7,15	-6,99	-7,12	-7,50	-7,91	-8,28	-8,68	-9,05	-9,42	-9,63	-9,84	-9,98	-10,11	-10,24	-10,36	-10,48	-10,60	-9,67
25/02/2020 08:15:00	-9,54	-9,08	-8,37	-7,67	-7,22	-7,04	-7,08	-7,37	-7,74	-8,14	-8,59	-8,97	-9,36	-9,58	-9,81	-9,93	-10,06	-10,18	-10,31	-10,43	-10,55	-9,60
25/02/2020 08:20:00	-9,53	-9,15	-8,38	-7,52	-6,97	-6,86	-6,92	-7,26	-7,67	-8,12	-8,60	-9,04	-9,47	-9,72	-9,96	-10,10	-10,24	-10,37	-10,50	-10,62	-10,74	-9,66
25/02/2020 08:25:00	-9,53	-9,17	-8,43	-7,65	-7,11	-6,89	-6,95	-7,28	-7,66	-8,03	-8,44	-8,83	-9,22	-9,45	-9,69	-9,84	-9,99	-10,13	-10,27	-10,40	-10,53	-9,75
25/02/2020 08:30:00	-9,59	-9,31	-8,54	-7,70	-7,10	-6,84	-6,83	-7,08	-7,43	-7,87	-8,37	-8,81	-9,25	-9,52	-9,79	-9,94	-10,09	-10,23	-10,37	-10,50	-10,63	-9,98
25/02/2020 08:35:00	-9,70	-9,20	-8,53	-7,85	-7,40	-7,24	-7,31	-7,56	-7,86	-8,18	-8,52	-8,83	-9,14	-9,31	-9,48	-9,58	-9,69	-9,80	-9,91	-10,02	-10,14	-9,73
25/02/2020 08:40:00	-9,70	-9,25	-8,45	-7,66	-7,16	-7,03	-7,14	-7,48	-7,85	-8,24	-8,65	-9,00	-9,34	-9,53	-9,71	-9,82	-9,92	-10,02	-10,12	-10,23	-10,34	-9,95
25/02/2020 08:45:00	-9,76	-9,34	-8,58	-7,76	-7,18	-6,95	-6,92	-7,17	-7,53	-7,97	-8,46	-8,91	-9,35	-9,63	-9,90	-10,06	-10,22	-10,37	-10,52	-10,66	-10,79	-9,80
25/02/2020 08:50:00	-9,82	-9,34	-8,69	-7,94	-7,37	-7,09	-7,10	-7,29	-7,57	-7,91	-8,31	-8,70	-9,08	-9,33	-9,57	-9,72	-9,88	-10,03	-10,18	-10,31	-10,45	-9,92
25/02/2020 08:55:00	-9,81	-9,34	-8,49	-7,63	-7,10	-7,00	-7,08	-7,42	-7,84	-8,28	-8,75	-9,15	-9,56	-9,78	-10,00	-10,12	-10,24	-10,36	-10,47	-10,59	-10,70	-9,85
25/02/2020 09:00:00	-9,81	-9,34	-8,48	-7,67	-7,17	-7,02	-7,21	-7,60	-7,99	-8,35	-8,73	-9,06	-9,38	-9,55	-9,72	-9,82	-9,92	-10,01	-10,11	-10,21	-10,32	-9,85
25/02/2020 09:05:00	-9,84	-9,34	-8,54	-7,77	-7,27	-7,09	-7,19	-7,52	-7,88	-8,25	-8,64	-8,99	-9,33	-9,52	-9,72	-9,83	-9,95	-10,06	-10,17	-10,29	-10,40	-10,12
25/02/2020 09:10:00	-9,95	-9,38	-8,64	-7,85	-7,28	-7,02	-6,98	-7,36	-7,80	-8,10	-8,46	-8,86	-9,25	-9,53	-9,80	-10,00	-10,20	-10,39	-10,58	-10,73	-10,89	-9,75
25/02/2020 09:15:00	-9,79	-9,41	-8,66	-7,86	-7,32	-7,12	-7,18	-7,50	-7,87	-8,23	-8,63	-9,00	-9,36	-9,58	-9,80	-9,93	-10,06	-10,19	-10,32	-10,44	-10,56	-9,80
25/02/2020 09:20:00	-9,87	-9,58	-8,90	-8,09	-7,47	-7,16	-7,12	-7,31	-7,59	-7,96	-8,39	-8,80	-9,21	-9,46	-9,72	-9,87	-10,03	-10,18	-10,33	-10,46	-10,59	-9,82
25/02/2020 09:25:00	-9,88	-9,62	-8,85	-8,03	-7,42	-7,08	-7,08	-7,31	-7,64	-8,03	-8,47	-8,88	-9,29	-9,55	-9,80	-9,94	-10,09	-10,23	-10,37	-10,50	-10,63	-9,98
25/02/2020 09:30:00	-10,07	-9,81	-8,93	-8,04	-7,45	-7,25	-7,35	-7,63	-7,98	-8,42	-8,88	-9,26	-9,64	-9,83	-10,03	-10,12	-10,22	-10,31	-10,40	-10,50	-10,60	-9,98
25/02/2020 09:35:00	-10,05	-9,79	-9,08	-8,24	-7,61	-7,32	-7,31	-7,55	-7,85	-8,21	-8,61	-8,99	-9,38	-9,62	-9,85	-10,00	-10,15	-10,29	-10,43	-10,55	-10,68	-9,91
25/02/2020 09:40:00	-10,16	-9,93	-9,28	-8,50	-7,94	-7,70	-7,65	-7,81	-8,05	-8,37	-8,73	-9,04	-9,36	-9,53	-9,70	-9,80	-9,90	-10,00	-10,10	-10,21	-10,31	-9,37
25/02/2020 09:45:00	-10,26	-9,94	-9,14	-8,27	-7,66	-7,44	-7,45	-7,71	-8,02	-8,36	-8,74	-9,08	-9,42	-9,60	-9,79	-9,91	-10,02	-10,13	-10,24	-10,35	-10,46	-9,12
25/02/2020 09:50:00	-10,11	-9,84	-9,02	-8,15	-7,56	-7,31	-7,30	-7,54	-7,88	-8,31	-8,77	-9,17	-9,57	-9,80	-10,02	-10,14	-10,26	-10,37	-10,48	-10,60	-10,71	-9,02
25/02/2020 09:55:00	-10,23	-9,80	-9,10	-8,35	-7,76	-7,42	-7,38	-7,55	-7,81	-8,18	-8,60	-9,00	-9,40	-9,65	-9,89	-10,04	-10,19	-10,34	-10,48	-10,61	-10,75	-8,81
25/02/2020 10:00:00	-10,01	-9,96	-9,24	-8,40	-7,75	-7,38	-7,26	-7,51	-7,85	-8,17	-8,55	-8,94	-9,33	-9,58	-9,83	-9,99	-10,16	-10,32	-10,47	-10,60	-10,74	-8,84
25/02/2020 10:05:00	-9,66	-9,56	-8,86	-7,94	-7,21	-6,82	-6,68	-6,85	-7,15	-7,56	-8,04	-8,52	-8,99	-9,31	-9,62	-9,81	-10,00	-10,18	-10,36	-10,50	-10,65	-8,78
25/02/2020 10:10:00	-9,48	-9,39	-8,54	-7,55	-6,86	-6,62	-6,72	-7,12	-7,55	-7,93	-8,35	-8,75	-9,16	-9,40	-9,65	-9,81	-9,97	-10,11	-10,25	-10,37	-10,49	-8,51
25/02/2020 10:15:00	-9,17	-9,03	-8,22	-7,30	-6,64	-6,32	-6,37	-6,70	-7,09	-7,50	-7,96	-8,41	-8,86	-9,14	-9,42	-9,59	-9,77	-9,93	-10,09	-10,23	-10,36	-8,51
25/02/2020 10:20:00	-8,75	-8,64	-7,74	-6,74	-6,13	-5,98	-6,11	-6,52	-6,97	-7,40	-7,84	-8,23	-8,62	-8,83	-9,05	-9,17	-9,30	-9,41	-9,52	-9,63	-9,74	-8,35
25/02/2020 10:25:00	-8,64	-8,63	-7,79	-6,88	-6,23	-5,89	-5,97	-6,33	-6,73	-7,10	-7,52	-7,92	-8,31	-8,56	-8,80	-8,96	-9,12	-9,27	-9,41	-9,54	-9,67	-8,17
25/02/2020 10:30:00	-8,68	-8,34	-7,72	-7,05	-6,57	-6,34	-6,33	-6,51	-6,79	-7,17	-7,59	-7,97	-8,34	-8,56	-8,78	-8,90	-9,03	-9,16	-9,29	-9,42	-9,55	-7,78
25/02/2020 10:35:00	-8,75	-8,44	-7,72	-6,90	-6,32	-6,09	-6,12	-6,39	-6,72	-7,11	-7,54	-7,94	-8,35	-8,61	-8,86	-9,02	-9,18	-9,33	-9,48	-9,61	-9,75	-7,36
25/02/2020 10:40:00	-8,82	-8,25	-7,54	-6,88	-6,44	-6,23	-6,26	-6,53	-6,86	-7,19	-7,56	-7,90	-8,24	-8,44	-8,64	-8,77	-8,91	-9,04	-9,18	-9,31	-9,45	-6,33
25/02/2020 10:45:00	-8,96	-8,18	-7,46	-6,72	-6,24	-6,09	-6,12	-6,44	-6,82	-7,14	-7,51	-7,87	-8,22	-8,45	-8,68	-8,85	-9,01	-9,17	-9,33	-9,48	-9,62	-5,71
25/02/2020 10:50:00	-8,98	-8,26	-7,43	-6,61	-6,12	-6,01	-6,14	-6,47	-6,84	-7,26	-7,70	-8,08	-8,46	-8,67	-8,89	-9,02	-9,14	-9,27	-9,39	-9,52	-9,64	-7,44
25/02/2020 10:55:00	-8,98	-8,33	-7,43	-6,53	-5,95	-5,75	-5,84	-6,20	-6,62	-7,04	-7,50	-7,92	-8,35	-8,61	-8,87	-9,04	-9,21	-9,37	-9,53	-9,67	-9,81	-8,06
25/02/2020 11:00:00	-8,82	-8,09	-7,20	-6,42	-5,96	-5,84	-6,00	-6,41	-6,86	-7,25	-7,67	-8,04	-8,41	-8,62	-8,83	-8,97	-9,11	-9,24	-9,37	-9,50	-9,63	-7,53
25/02/2020 11:05:00	-8,43	-7,75	-7,08	-6,48	-6,10	-5,98	-6,19	-6,45	-6,75	-7,21	-7,69	-8,08	-8,48	-8,69	-8,91	-9,02	-9,13	-9,25	-9,37	-9,49	-9,61	-6,62
25/02/2020 11:10:00	-8,20	-7,67	-7,11	-6,52	-6,16	-6,12	-6,35	-6,70	-7,04	-7,36	-7,70	-8,01	-8,31	-8,48	-8,65	-8,76	-8,88	-8,99	-9,11	-9,23	-9,35	-5,78
25/02/2020 11:15:00	-8,14	-7,57	-6,89	-6,26	-5,95	-6,01	-6,29	-6,69	-7,09	-7,47	-7,84	-8,14	-8,43	-8,57	-8,70	-8,77	-8,85	-8,93	-9,01	-9,12	-9,22	-5,87
25/02/2020 11:20:00	-7,87	-7,26	-6,82	-6,41	-6,23	-6,35	-6,52	-6,90	-7,30	-7,57	-7,87	-8,11	-8,36	-8,48	-8,60	-8,69	-8,77	-8,88	-8,98	-9,09	-9,21	-5,93
25/02/2020 11:25:00	-7,67	-7,34	-6,95	-6,57	-6,29	-6,16	-6,28	-6,49	-6,76	-7,17	-7,63	-8,02	-8,42	-8,65	-8,88	-9,01	-9,14	-9,28	-9,42	-9,55	-9,69	-5,98
25/02/2020 11:30:00	-7,96	-7,25	-6,81	-6,49	-6,33	-6,32	-6,48	-6,78	-7,12	-7,40	-7,70	-7,95	-8,20	-8,33	-8,47	-8,56	-8,65	-8,77	-8,88	-9,00	-9,13	-5,83
25/02/2020 11:35:00	-7,90	-7,16	-6,67	-6,30	-6,13	-6,17	-6,44	-6,77	-7,09	-7,42	-7,77	-8,03	-8,30	-8,43	-8,55	-8,63	-8,70	-8,79	-8,89	-9,00	-9,11	-6,03
25/02/2020 11:40:00	-8,02	-7,22	-6,72	-6,35	-6,20	-6,28	-6,49	-6,82	-7,15	-7,45	-7,75	-7,97	-8,19	-8,29	-8,38	-8,44	-8,50	-8,58	-8,67	-8,77	-8,88	-6,51
25/02/2020 11:45:00	-8,01	-7,32	-6,62	-6,04	-5,79	-5,89	-6,19	-6,61	-7,02	-7,47	-7,91	-8,24	-8,57	-8,72	-8,87	-8,94	-9,01	-9,09	-9,17	-9,28	-9,38	-6,38
25/02/2020 11:50:00	-7,74	-7,29	-6,75	-6,22	-5,97	-6,06	-6,29	-6,70	-7,11	-7,46	-7,81	-8,09	-8,36	-8,49	-8,62	-8,70	-8,78	-8,87	-8,96	-9,07	-9,18	-6,74
25/02/2020 11:55:00	-7,76	-7,38	-7,04	-6,59	-6,30	-6,25	-6,35	-6,56	-6,81	-7,15	-7,52	-7,83	-8,14	-8,31	-8,48	-8,58	-8,68	-8,80	-8,91	-9,04	-9,16	-6,61
25/02/2020 12:00:00	-7,70	-7,30	-6,92	-6,50	-6,29	-6,37	-6,56	-6,85	-7,16	-7,51	-7,87	-8,14	-8,42	-8,54	-8,67	-8,73	-8,79	-8,88	-8,96	-9,06	-9,17	-6,99
25/02/2020 12:05:00	-7,49	-7,23	-7,01	-6,75	-6,63	-6,66	-6,81	-7,04	-7,29	-7,54	-7,82	-8,01	-8,21	-8,28	-8,36	-8,40	-8,44	-8,51	-8,58	-8,68	-8,78	-6,55
25/02/2020 12:10:00	-7,33	-7,16	-6,81	-6,41	-6,19	-6,20	-6,39	-6,74	-7,12	-7,45	-7,81	-8,11	-8,41	-8,56	-8,71	-8,81	-8,90	-9,01	-9,11	-9,23	-9,34	-6,51
25/02/2020 12:15:00	-7,25	-6,99	-6,74	-6,47	-6,36	-6,44	-6,56	-6,89	-7,27	-7,53	-7,80	-8,03	-8,26	-8,37	-8,48	-8,56	-8,64	-8,74	-8,84	-8,95	-9,07	-6,18
25/02/2020 12:20:00	-7,12	-6,85	-6,62	-6,43	-6,40	-6,53	-6,91	-7,27	-7,57	-7,90	-8,23	-8,46	-8,69	-8,76	-8,84	-8,87	-8,90	-8,95	-9,01	-9,10	-9,19	-5,65
25/02/2020 12:25:00	-7,00	-7,15	-6,91	-6,60	-6,46	-6,53	-6,75	-7,09	-7,43	-7,74	-8,06	-8,30	-8,54	-8,63	-8,73	-8,78	-8,82	-8,89	-8,96	-9,05	-9,14	-6,02
25/02/2020 12:30:00	-6,85	-6,99	-6,99	-6,95	-6,90	-6,82	-6,82	-6,93	-7,11	-7,36	-7,64	-7,85	-8,06	-8,16	-8,25	-8,30	-8,35	-8,44	-8,52	-8,63	-8,74	-5,88
25/02/2020 12:35:00	-6,80	-6,71	-6,67	-6,59	-6,56	-6,62	-6,90	-7,14	-7,35	-7,63	-7,93	-8,15	-8,37	-8,45	-8,54	-8,58	-8,62	-8,69	-8,76	-8,86	-8,96	-5,88
25/02/2020 12:40:00	-6,63	-6,51	-6,43	-6,31	-6,33	-6,53	-6,70	-6,95	-7,24	-7,58	-7,92	-8,16	-8,39	-8,47	-8,56	-8,58	-8,61	-8,67	-8,73	-8,82	-8,92	-5,32
25/02/2020 12:45:00	-6,45	-6,51	-6,33	-6,09	-6,04	-6,27	-6,50	-6,91	-7,36	-7,72	-8,09	-8,37	-8,66	-8,78	-8,90	-8,96	-9,03	-9,11	-9,19	-9,29	-9,39	-4,79
25/02/2020 12:50:00	-6,36	-6,30	-6,28	-6,27	-6,35	-6,55	-6,83	-7,17	-7,50	-7,77	-8,03	-8,22	-8,41	-8,47	-8,52	-8,55	-8,59	-8,65	-8,71	-8,81	-8,90	-4,53
25/02/2020 12:55:00	-6,19	-6,24	-6,14	-6,06	-6,13	-6,33	-6,66	-7,00	-7,31	-7,70	-8,10	-8,36	-8,62	-8,71	-8,80	-8,81	-8,83	-8,88	-8,92	-9,01	-9,10	-4,49
25/02/2020 13:00:00	-5,99	-6,16	-6,03	-5,81	-5,77	-6,02	-6,45	-6,88	-7,24	-7,61	-7,97	-8,22	-8,47	-8,55	-8,63	-8,66	-8,69	-8,74	-8,78	-8,87	-8,95	-3,86
25/02/2020 13:05:00	-5,76	-5,90	-5,77	-5,50	-5,38	-5,55	-5,89	-6,31	-6,72	-7,16	-7,63	-8,01	-8,40	-8,60	-8,81	-8,92	-9,02	-9,14	-9,26	-9,37	-9,49	-4,33
25/02/2020 13:10:00	-5,53	-5,43	-5,34	-5,33	-5,55	-6,01	-6,46	-7,00	-7,49	-7,80	-8,08	-8,23	-8,39	-8,39	-8,39	-8,38	-8,37	-8,39	-8,41	-8,49	-8,56	-3,26
25/02/2020 13:15:00	-5,49	-5,47	-5,28	-5,04	-5,06	-5,50	-6,00	-6,61	-7,16	-7,52	-7,86	-8,11	-8,36	-8,45	-8,53	-8,58	-8,63	-8,70	-8,76	-8,85	-8,94	-4,16
25/02/2020 13:20:00	-5,35	-5,47	-5,38	-5,23	-5,28	-5,65	-6,14	-6,72	-7,24	-7,65	-8,06	-8,37	-8,68	-8,81	-8,94	-9,01	-9,07	-9,15	-9,23	-9,33	-9,43	-4,18
25/02/2020 13:25:00	-5,29	-5,33	-5,23	-5,16	-5,30	-5,68	-6,12	-6,70	-7,26	-7,64	-8,00	-8,27	-8,53	-8,63	-8,73	-8,78	-8,84	-8,91	-8,98	-9,08	-9,17	-4,20
25/02/2020 13:30:00	-5,13	-5,17	-5,03	-4,96	-5,11	-5,46	-5,95	-6,48	-6,95	-7,43	-7,90	-8,22	-8,54	-8,66	-8,77	-8,81	-8,84	-8,90	-8,95	-9,04	-9,13	-3,51
25/02/2020 13:35:00	-5,04	-5,13	-4,97	-4,93	-5,07	-5,31	-5,80	-6,36	-6,85	-7,24	-7,61	-7,87	-8,14	-8,23	-8,32	-8,36	-8,40	-8,47	-8,54	-8,63	-8,72	-3,42
25/02/2020 13:40:00	-4,90	-4,73	-4,75	-4,88	-5,15	-5,49	-5,95	-6,44	-6,89	-7,30	-7,72	-8,01	-8,31	-8,43	-8,55	-8,60	-8,65	-8,73	-8,82	-8,92	-9,03	-3,68
25/02/2020 13:45:00	-4,68	-4,70	-4,78	-4,88	-5,06	-5,34	-5,65	-6,05	-6,47	-6,96	-7,48	-7,88	-8,29	-8,50	-8,71	-8,81	-8,91	-9,03	-9,16	-9,28	-9,41	-2,91
25/02/2020 13:50:00	-4,62	-4,68	-4,71	-4,72	-4,87	-5,23	-5,70	-6,21	-6,67	-7,08	-7,49	-7,79	-8,10	-8,23	-8,37	-8,43	-8,50	-8,59	-8,68	-8,78	-8,89	-2,93
25/02/2020 13:55:00	-4,36	-4,22	-4,32	-4,48	-4,78	-5,31	-5,82	-6,38	-6,91	-7,29	-7,66	-7,93	-8,19	-8,28	-8,38	-8,42	-8,47	-8,54	-8,62	-8,72	-8,82	-1,17
25/02/2020 14:00:00	-4,03	-3,93	-4,02	-4,24	-4,64	-5,22	-5,79	-6,38	-6,88	-7,35	-7,79	-8,07	-8,35	-8,43	-8,51	-8,53	-8,54	-8,59	-8,64	-8,73	-8,82	-1,19
25/02/2020 14:05:00	-3,70	-3,91	-4,13	-4,36	-4,64	-5,05	-5,55	-6,07	-6,54	-6,98	-7,44	-7,78	-8,13	-8,29	-8,45	-8,52	-8,60	-8,70	-8,81	-8,92	-9,03	-1,59
25/02/2020 14:10:00	-3,34	-3,76	-4,16	-4,57	-4,97	-5,31	-5,76	-6,18	-6,53	-6,96	-7,41	-7,72	-8,04	-8,17	-8,30	-8,35	-8,39	-8,48	-8,56	-8,67	-8,78	-1,55
25/02/2020 14:15:00	-3,18	-3,57	-4,04	-4,50	-4,91	-5,28	-5,63	-6,02	-6,45	-6,85	-7,29	-7,62	-7,95	-8,12	-8,28	-8,36	-8,44	-8,56	-8,67	-8,80	-8,93	-1,74
25/02/2020 14:20:00	-3,04	-3,58	-3,93	-4,30	-4,73	-5,16	-5,63	-6,14	-6,63	-7,06	-7,50	-7,80	-8,11	-8,22	-8,34	-8,38	-8,41	-8,49	-8,56	-8,67	-8,77	-1,52
25/02/2020 14:25:00	-2,96	-3,60	-3,93	-4,22	-4,60	-5,06	-5,55	-6,15	-6,78	-7,16	-7,53	-7,81	-8,09	-8,21	-8,33	-8,39	-8,45	-8,54	-8,63	-8,74	-8,85	-1,15
25/02/2020 14:30:00	-3,07	-3,44	-3,82	-4,19	-4,61	-5,14	-5,62	-6,16	-6,69	-7,05	-7,41	-7,66	-7,92	-8,01	-8,11	-8,15	-8,20	-8,28	-8,36	-8,46	-8,56	-0,20
25/02/2020 14:35:00	-2,96	-3,47	-3,85	-4,18	-4,51	-4,92	-5,36	-5,83	-6,29	-6,74	-7,21	-7,57	-7,93	-8,10	-8,28	-8,36	-8,44	-8,55	-8,66	-8,78	-8,90	-1,52
25/02/2020 14:40:00	-2,88	-3,39	-3,79	-4,17	-4,53	-4,89	-5,37	-5,84	-6,25	-6,71	-7,18	-7,54	-7,90	-8,07	-8,24	-8,32	-8,39	-8,50	-8,60	-8,72	-8,84	-1,52
25/02/2020 14:45:00	-2,77	-3,37	-3,80	-4,18	-4,54	-4,91	-5,35	-5,82	-6,26	-6,67	-7,10	-7,42	-7,75	-7,90	-8,05	-8,12	-8,19	-8,30	-8,40	-8,51	-8,63	-0,67
25/02/2020 14:50:00	-2,82	-3,36	-3,76	-4,09	-4,40	-4,74	-5,14	-5,59	-6,02	-6,48	-6,98	-7,38	-7,77	-7,98	-8,19	-8,29	-8,39	-8,52	-8,65	-8,78	-8,91	-0,47
25/02/2020 14:55:00	-2,74	-3,18	-3,56	-3,92	-4,32	-4,74	-5,24	-5,78	-6,29	-6,71	-7,15	-7,48	-7,81	-7,97	-8,13	-8,21	-8,29	-8,40	-8,51	-8,62	-8,74	-1,56
25/02/2020 15:00:00	-2,67	-3,11	-3,52	-3,91	-4,28	-4,64	-5,04	-5,48	-5,92	-6,43	-6,97	-7,39	-7,82	-8,05	-8,28	-8,39	-8,49	-8,63	-8,77	-8,91	-9,04	-1,24
25/02/2020 15:05:00	-2,67	-3,09	-3,42	-3,73	-4,11	-4,58	-5,15	-5,72	-6,19	-6,68	-7,18	-7,54	-7,90	-8,05	-8,21	-8,27	-8,33	-8,42	-8,51	-8,62	-8,73	-1,35
25/02/2020 15:10:00	-2,58	-2,99	-3,48	-3,93	-4,28	-4,58	-4,90	-5,28	-5,69	-6,15	-6,67	-7,10	-7,52	-7,78	-8,03	-8,16	-8,29	-8,46	-8,62	-8,77	-8,92	-0,93
25/02/2020 15:15:00	-2,58	-2,97	-3,34	-3,67	-4,05	-4,55	-5,10	-5,65	-6,11	-6,58	-7,05	-7,40	-7,75	-7,90	-8,05	-8,11	-8,17	-8,27	-8,36	-8,47	-8,58	-0,57
25/02/2020 15:20:00	-2,74	-3,10	-3,33	-3,54	-3,87	-4,32	-4,90	-5,48	-5,96	-6,49	-7,02	-7,41	-7,80	-7,98	-8,15	-8,23	-8,30	-8,40	-8,49	-8,61	-8,72	-0,14
25/02/2020 15:25:00	-2,70	-3,06	-3,28	-3,50	-3,83	-4,30	-4,90	-5,52	-6,07	-6,63	-7,19	-7,62	-8,05	-8,26	-8,47	-8,56	-8,65	-8,76	-8,88	-9,00	-9,11	-1,69
25/02/2020 15:30:00	-2,91	-3,25	-3,51	-3,71	-3,92	-4,18	-4,57	-5,07	-5,60	-6,08	-6,59	-7,04	-7,49	-7,76	-8,03	-8,19	-8,34	-8,52	-8,69	-8,84	-9,00	-1,01
25/02/2020 15:35:00	-2,93	-3,30	-3,46	-3,57	-3,85	-4,34	-4,98	-5,64	-6,19	-6,72	-7,23	-7,61	-8,00	-8,16	-8,33	-8,40	-8,47	-8,57	-8,66	-8,76	-8,87	-0,43
25/02/2020 15:40:00	-3,14	-3,35	-3,50	-3,68	-4,00	-4,48	-5,02	-5,63	-6,22	-6,66	-7,10	-7,43	-7,76	-7,91	-8,05	-8,12	-8,20	-8,30	-8,39	-8,51	-8,62	-0,97
25/02/2020 15:45:00	-3,01	-3,33	-3,59	-3,74	-3,91	-4,19	-4,62	-5,13	-5,64	-6,13	-6,66	-7,13	-7,60	-7,88	-8,15	-8,31	-8,47	-8,65	-8,82	-8,98	-9,13	-0,90
25/02/2020 15:50:00	-3,01	-3,24	-3,45	-3,70	-4,05	-4,51	-5,05	-5,60	-6,07	-6,60	-7,12	-7,50	-7,88	-8,05	-8,21	-8,28	-8,34	-8,43	-8,53	-8,64	-8,75	-0,81
25/02/2020 15:55:00	-2,88	-3,33	-3,50	-3,59	-3,82	-4,23	-4,81	-5,46	-6,07	-6,56	-7,06	-7,46	-7,87	-8,07	-8,27	-8,38	-8,49	-8,61	-8,74	-8,86	-8,98	-0,12
25/02/2020 16:00:00	-2,92	-3,22	-3,44	-3,69	-4,04	-4,54	-5,05	-5,63	-6,19	-6,65	-7,12	-7,47	-7,82	-7,98	-8,14	-8,21	-8,28	-8,38	-8,48	-8,60	-8,71	-0,70
25/02/2020 16:05:00	-2,89	-3,19	-3,49	-3,74	-4,02	-4,40	-4,88	-5,43	-5,98	-6,45	-6,95	-7,37	-7,79	-8,02	-8,26	-8,39	-8,52	-8,67	-8,82	-8,96	-9,10	-1,26
25/02/2020 16:10:00	-2,82	-3,11	-3,44	-3,72	-4,03	-4,43	-4,88	-5,44	-6,05	-6,47	-6,92	-7,31	-7,70	-7,92	-8,14	-8,28	-8,41	-8,57	-8,73	-8,87	-9,01	-0,76
25/02/2020 16:15:00	-2,73	-3,03	-3,32	-3,58	-3,93	-4,47	-5,03	-5,63	-6,19	-6,68	-7,17	-7,54	-7,91	-8,09	-8,26	-8,35	-8,43	-8,54	-8,65	-8,76	-8,88	-0,54
25/02/2020 16:20:00	-2,74	-3,06	-3,35	-3,60	-3,92	-4,37	-4,96	-5,54	-6,04	-6,52	-7,02	-7,39	-7,77	-7,95	-8,13	-8,22	-8,30	-8,41	-8,52	-8,64	-8,75	-0,14
25/02/2020 16:25:00	-2,65	-2,99	-3,30	-3,59	-3,95	-4,41	-5,02	-5,64	-6,19	-6,61	-7,04	-7,36	-7,69	-7,84	-7,99	-8,07	-8,15	-8,26	-8,36	-8,48	-8,59	-0,64
25/02/2020 16:30:00	-2,67	-3,04	-3,39	-3,71	-4,04	-4,49	-4,89	-5,35	-5,80	-6,32	-6,87	-7,29	-7,71	-7,93	-8,14	-8,24	-8,34	-8,47	-8,59	-8,72	-8,85	-0,76
25/02/2020 16:35:00	-2,77	-3,06	-3,25	-3,41	-3,70	-4,16	-4,73	-5,37	-5,98	-6,50	-7,03	-7,46	-7,89	-8,11	-8,33	-8,45	-8,56	-8,69	-8,83	-8,95	-9,08	-0,70
25/02/2020 16:40:00	-2,71	-3,12	-3,38	-3,57	-3,84	-4,30	-4,82	-5,43	-6,04	-6,49	-6,96	-7,34	-7,73	-7,93	-8,13	-8,24	-8,36	-8,49	-8,62	-8,75	-8,87	-0,45
25/02/2020 16:45:00	-2,63	-3,03	-3,24	-3,46	-3,84	-4,39	-4,92	-5,54	-6,14	-6,64	-7,13	-7,49	-7,85	-8,00	-8,15	-8,21	-8,28	-8,37	-8,46	-8,56	-8,67	-0,48
25/02/2020 16:50:00	-2,69	-2,93	-3,19	-3,47	-3,83	-4,32	-4,87	-5,46	-6,00	-6,46	-6,92	-7,27	-7,62	-7,78	-7,94	-8,02	-8,10	-8,21	-8,31	-8,43	-8,55	0,24
25/02/2020 16:55:00	-2,53	-2,84	-3,12	-3,42	-3,80	-4,31	-4,90	-5,53	-6,12	-6,55	-6,98	-7,31	-7,64	-7,79	-7,93	-8,01	-8,09	-8,20	-8,30	-8,42	-8,53	-0,17
25/02/2020 17:00:00	-2,56	-2,84	-3,13	-3,41	-3,73	-4,11	-4,70	-5,31	-5,83	-6,31	-6,81	-7,22	-7,63	-7,84	-8,05	-8,17	-8,28	-8,42	-8,55	-8,69	-8,82	-0,21
25/02/2020 17:05:00	-2,67	-2,95	-3,22	-3,47	-3,78	-4,20	-4,69	-5,24	-5,78	-6,26	-6,76	-7,15	-7,55	-7,76	-7,97	-8,08	-8,18	-8,32	-8,45	-8,58	-8,71	-0,06
25/02/2020 17:10:00	-2,69	-2,94	-3,24	-3,53	-3,86	-4,24	-4,70	-5,20	-5,69	-6,20	-6,74	-7,17	-7,60	-7,84	-8,07	-8,18	-8,30	-8,44	-8,59	-8,72	-8,86	-0,02
25/02/2020 17:15:00	-2,67	-3,01	-3,17	-3,33	-3,60	-4,04	-4,64	-5,26	-5,79	-6,36	-6,94	-7,38	-7,83	-8,04	-8,26	-8,36	-8,46	-8,57	-8,69	-8,81	-8,93	-0,58
25/02/2020 17:20:00	-2,70	-2,98	-3,22	-3,44	-3,73	-4,16	-4,65	-5,23	-5,80	-6,32	-6,86	-7,30	-7,74	-7,98	-8,21	-8,34	-8,46	-8,60	-8,75	-8,88	-9,02	0,02
25/02/2020 17:25:00	-2,66	-2,99	-3,26	-3,51	-3,81	-4,18	-4,64	-5,14	-5,63	-6,13	-6,65	-7,06	-7,46	-7,67	-7,89	-7,99	-8,09	-8,22	-8,35	-8,48	-8,61	0,16
25/02/2020 17:30:00	-2,76	-3,06	-3,14	-3,30	-3,63	-4,07	-4,63	-5,28	-5,89	-6,42	-6,95	-7,35	-7,75	-7,94	-8,13	-8,22	-8,30	-8,41	-8,52	-8,64	-8,76	-0,85
25/02/2020 17:35:00	-2,93	-3,18	-3,34	-3,48	-3,69	-3,96	-4,51	-5,08	-5,57	-6,09	-6,63	-7,09	-7,54	-7,79	-8,04	-8,18	-8,31	-8,46	-8,62	-8,75	-8,89	-1,42
25/02/2020 17:40:00	-2,88	-3,23	-3,41	-3,55	-3,80	-4,19	-4,76	-5,36	-5,91	-6,38	-6,86	-7,23	-7,61	-7,79	-7,97	-8,06	-8,16	-8,27	-8,38	-8,50	-8,62	-1,52
25/02/2020 17:45:00	-2,68	-2,94	-3,10	-3,14	-3,35	-3,92	-4,48	-5,14	-5,77	-6,27	-6,78	-7,18	-7,59	-7,80	-8,00	-8,11	-8,22	-8,35	-8,47	-8,60	-8,72	-1,58
25/02/2020 17:50:00	-2,59	-2,91	-3,12	-3,34	-3,69	-4,21	-4,75	-5,32	-5,82	-6,31	-6,79	-7,14	-7,48	-7,62	-7,75	-7,81	-7,86	-7,94	-8,02	-8,13	-8,23	-1,51
25/02/2020 17:55:00	-2,75	-2,80	-2,96	-3,23	-3,60	-4,05	-4,64	-5,27	-5,85	-6,35	-6,86	-7,26	-7,66	-7,86	-8,06	-8,16	-8,26	-8,38	-8,51	-8,64	-8,77	-1,90
25/02/2020 18:00:00	-2,74	-2,95	-3,17	-3,35	-3,61	-4,01	-4,60	-5,19	-5,68	-6,18	-6,71	-7,12	-7,54	-7,76	-7,97	-8,09	-8,20	-8,33	-8,46	-8,59	-8,72	-1,36
25/02/2020 18:05:00	-2,75	-2,82	-3,06	-3,34	-3,70	-4,17	-4,74	-5,33	-5,88	-6,35	-6,82	-7,19	-7,55	-7,73	-7,91	-8,00	-8,09	-8,21	-8,33	-8,46	-8,58	-1,49
25/02/2020 18:10:00	-2,65	-2,88	-3,17	-3,52	-3,92	-4,31	-4,77	-5,29	-5,82	-6,25	-6,70	-7,05	-7,39	-7,57	-7,74	-7,83	-7,92	-8,05	-8,17	-8,30	-8,43	-1,84
25/02/2020 18:15:00	-2,64	-2,69	-3,11	-3,60	-4,08	-4,52	-4,94	-5,37	-5,80	-6,28	-6,77	-7,15	-7,53	-7,72	-7,92	-8,01	-8,10	-8,23	-8,36	-8,49	-8,63	-1,52
25/02/2020 18:20:00	-2,66	-2,84	-3,12	-3,45	-3,86	-4,35	-4,98	-5,60	-6,11	-6,59	-7,07	-7,43	-7,79	-7,95	-8,11	-8,18	-8,25	-8,35	-8,46	-8,57	-8,69	-2,28
25/02/2020 18:25:00	-2,73	-2,88	-3,19	-3,59	-4,04	-4,49	-5,03	-5,60	-6,13	-6,55	-6,98	-7,30	-7,62	-7,77	-7,91	-7,99	-8,06	-8,18	-8,29	-8,41	-8,53	-2,29
25/02/2020 18:30:00	-2,74	-2,94	-3,30	-3,72	-4,16	-4,61	-5,11	-5,64	-6,14	-6,54	-6,95	-7,25	-7,55	-7,69	-7,82	-7,89	-7,96	-8,07	-8,18	-8,30	-8,42	-2,77
25/02/2020 18:35:00	-2,93	-2,90	-3,28	-3,81	-4,33	-4,76	-5,26	-5,74	-6,16	-6,59	-7,02	-7,34	-7,65	-7,79	-7,93	-7,99	-8,05	-8,16	-8,27	-8,39	-8,51	-3,16
25/02/2020 18:40:00	-2,99	-3,17	-3,46	-3,76	-4,12	-4,56	-5,11	-5,66	-6,15	-6,58	-7,02	-7,36	-7,70	-7,85	-8,00	-8,08	-8,16	-8,26	-8,37	-8,49	-8,61	-3,38
25/02/2020 18:45:00	-3,12	-3,23	-3,49	-3,76	-4,12	-4,63	-5,13	-5,71	-6,30	-6,70	-7,11	-7,43	-7,75	-7,90	-8,06	-8,14	-8,23	-8,34	-8,46	-8,58	-8,70	-3,62
25/02/2020 18:50:00	-3,50	-3,59	-3,79	-4,06	-4,42	-4,89	-5,45	-6,03	-6,55	-7,05	-7,56	-7,94	-8,32	-8,50	-8,68	-8,76	-8,83	-8,94	-9,05	-9,16	-9,28	-3,71
25/02/2020 18:55:00	-3,63	-3,64	-3,88	-4,17	-4,53	-5,05	-5,51	-6,03	-6,55	-7,01	-7,48	-7,83	-8,18	-8,34	-8,50	-8,57	-8,64	-8,75	-8,86	-8,97	-9,09	-3,97
25/02/2020 19:00:00	-3,65	-3,70	-3,87	-4,17	-4,60	-5,10	-5,65	-6,23	-6,77	-7,24	-7,70	-8,02	-8,34	-8,46	-8,59	-8,63	-8,67	-8,75	-8,83	-8,93	-9,04	-4,09
25/02/2020 19:05:00	-4,02	-3,99	-4,21	-4,51	-4,91	-5,41	-5,90	-6,47	-7,03	-7,45	-7,87	-8,18	-8,50	-8,63	-8,77	-8,83	-8,90	-9,00	-9,09	-9,21	-9,32	-4,16
25/02/2020 19:10:00	-4,20	-4,15	-4,32	-4,62	-5,01	-5,46	-6,02	-6,59	-7,11	-7,57	-8,02	-8,35	-8,68	-8,82	-8,96	-9,01	-9,07	-9,16	-9,26	-9,36	-9,47	-4,24
25/02/2020 19:15:00	-4,31	-4,22	-4,35	-4,59	-4,95	-5,47	-6,01	-6,58	-7,09	-7,61	-8,12	-8,50	-8,87	-9,03	-9,19	-9,25	-9,31	-9,40	-9,49	-9,60	-9,70	-4,13
25/02/2020 19:20:00	-4,34	-4,15	-4,34	-4,63	-5,03	-5,54	-6,09	-6,64	-7,16	-7,63	-8,10	-8,44	-8,78	-8,92	-9,07	-9,13	-9,18	-9,27	-9,36	-9,47	-9,58	-4,29
25/02/2020 19:25:00	-4,39	-4,11	-4,31	-4,72	-5,23	-5,77	-6,37	-6,89	-7,33	-7,82	-8,29	-8,60	-8,90	-9,00	-9,10	-9,11	-9,13	-9,19	-9,24	-9,34	-9,43	-4,35
25/02/2020 19:30:00	-4,43	-4,17	-4,33	-4,60	-5,01	-5,60	-6,25	-6,85	-7,34	-7,86	-8,37	-8,72	-9,07	-9,21	-9,35	-9,39	-9,44	-9,51	-9,59	-9,69	-9,78	-4,37
25/02/2020 19:35:00	-4,39	-4,27	-4,51	-4,77	-5,08	-5,55	-6,09	-6,64	-7,15	-7,66	-8,19	-8,61	-9,03	-9,25	-9,47	-9,57	-9,68	-9,81	-9,94	-10,06	-10,19	-4,47
25/02/2020 19:40:00	-4,50	-4,31	-4,47	-4,76	-5,17	-5,73	-6,32	-6,91	-7,44	-7,93	-8,42	-8,76	-9,10	-9,24	-9,37	-9,42	-9,47	-9,55	-9,64	-9,74	-9,84	-4,49
25/02/2020 19:45:00	-4,53	-4,36	-4,46	-4,69	-5,11	-5,71	-6,38	-7,07	-7,66	-8,14	-8,59	-8,90	-9,21	-9,32	-9,43	-9,46	-9,50	-9,57	-9,63	-9,72	-9,82	-4,71
25/02/2020 19:50:00	-4,57	-4,48	-4,69	-4,98	-5,32	-5,70	-6,23	-6,76	-7,24	-7,78	-8,35	-8,80	-9,24	-9,47	-9,70	-9,80	-9,90	-10,03	-10,16	-10,29	-10,41	-4,73
25/02/2020 19:55:00	-4,66	-4,61	-4,73	-4,98	-5,36	-5,86	-6,44	-7,07	-7,64	-8,11	-8,57	-8,90	-9,24	-9,37	-9,51	-9,56	-9,62	-9,70	-9,79	-9,89	-9,99	-4,68
25/02/2020 20:00:00	-4,76	-4,71	-4,93	-5,20	-5,51	-5,92	-6,37	-6,89	-7,42	-7,86	-8,33	-8,71	-9,09	-9,28	-9,47	-9,57	-9,67	-9,79	-9,92	-10,04	-10,17	-4,73
25/02/2020 20:05:00	-4,88	-4,79	-5,00	-5,32	-5,68	-6,06	-6,56	-7,09	-7,60	-8,00	-8,42	-8,74	-9,06	-9,21	-9,36	-9,43	-9,51	-9,61	-9,72	-9,83	-9,95	-4,91
25/02/2020 20:10:00	-4,90	-4,97	-5,07	-5,23	-5,49	-5,88	-6,39	-6,92	-7,41	-7,95	-8,49	-8,91	-9,32	-9,51	-9,70	-9,77	-9,85	-9,94	-10,04	-10,15	-10,26	-4,79
25/02/2020 20:15:00	-5,11	-5,02	-5,10	-5,32	-5,65	-6,08	-6,55	-7,11	-7,66	-8,09	-8,53	-8,86	-9,18	-9,32	-9,46	-9,52	-9,58	-9,67	-9,77	-9,87	-9,98	-4,84
25/02/2020 20:20:00	-5,20	-5,00	-4,92	-5,03	-5,31	-5,69	-6,33	-6,96	-7,50	-7,97	-8,42	-8,74	-9,07	-9,19	-9,32	-9,37	-9,42	-9,50	-9,57	-9,67	-9,77	-4,88
25/02/2020 20:25:00	-5,46	-5,14	-4,98	-5,01	-5,26	-5,73	-6,28	-6,89	-7,45	-7,95	-8,43	-8,77	-9,11	-9,24	-9,37	-9,42	-9,47	-9,54	-9,61	-9,71	-9,80	-5,86
25/02/2020 20:30:00	-5,42	-5,21	-5,27	-5,39	-5,58	-5,86	-6,22	-6,68	-7,15	-7,57	-8,02	-8,39	-8,75	-8,95	-9,14	-9,25	-9,35	-9,48	-9,61	-9,74	-9,87	-5,98
25/02/2020 20:35:00	-5,56	-5,19	-5,22	-5,39	-5,67	-6,04	-6,52	-7,03	-7,51	-7,92	-8,32	-8,62	-8,92	-9,05	-9,19	-9,25	-9,31	-9,41	-9,51	-9,62	-9,73	-5,94
25/02/2020 20:40:00	-5,53	-5,25	-5,36	-5,60	-5,88	-6,21	-6,63	-7,03	-7,40	-7,80	-8,20	-8,50	-8,79	-8,91	-9,04	-9,09	-9,13	-9,22	-9,31	-9,41	-9,52	-6,19
25/02/2020 20:45:00	-5,85	-5,58	-5,68	-5,88	-6,12	-6,41	-6,76	-7,16	-7,57	-8,00	-8,45	-8,80	-9,16	-9,34	-9,51	-9,60	-9,68	-9,80	-9,92	-10,04	-10,16	-6,14
25/02/2020 20:50:00	-5,89	-5,69	-5,76	-5,93	-6,13	-6,35	-6,76	-7,20	-7,62	-8,03	-8,47	-8,82	-9,17	-9,36	-9,54	-9,63	-9,72	-9,85	-9,97	-10,09	-10,21	-6,11
25/02/2020 20:55:00	-5,81	-5,66	-5,69	-5,79	-5,97	-6,22	-6,65	-7,15	-7,63	-8,09	-8,58	-8,98	-9,38	-9,60	-9,81	-9,92	-10,03	-10,16	-10,29	-10,42	-10,54	-5,83
25/02/2020 21:00:00	-5,72	-5,49	-5,53	-5,70	-5,97	-6,31	-6,70	-7,18	-7,65	-8,09	-8,53	-8,87	-9,20	-9,35	-9,50	-9,57	-9,64	-9,73	-9,83	-9,94	-10,05	-5,79
25/02/2020 21:05:00	-5,78	-5,63	-5,56	-5,53	-5,69	-6,06	-6,59	-7,18	-7,72	-8,19	-8,67	-9,04	-9,40	-9,57	-9,74	-9,82	-9,90	-9,99	-10,09	-10,20	-10,30	-5,71
25/02/2020 21:10:00	-5,86	-5,62	-5,59	-5,57	-5,70	-6,08	-6,48	-6,98	-7,49	-7,95	-8,42	-8,80	-9,18	-9,37	-9,56	-9,65	-9,75	-9,86	-9,97	-10,09	-10,21	-5,88
25/02/2020 21:15:00	-5,94	-5,79	-5,68	-5,59	-5,65	-5,94	-6,33	-6,78	-7,23	-7,75	-8,29	-8,71	-9,14	-9,35	-9,56	-9,65	-9,75	-9,86	-9,97	-10,09	-10,20	-6,12
25/02/2020 21:20:00	-6,00	-5,70	-5,58	-5,53	-5,64	-5,93	-6,42	-6,97	-7,48	-7,93	-8,39	-8,75	-9,12	-9,30	-9,48	-9,58	-9,67	-9,78	-9,90	-10,01	-10,13	-6,25
25/02/2020 21:25:00	-6,18	-5,59	-5,38	-5,37	-5,56	-5,95	-6,51	-7,08	-7,60	-8,08	-8,55	-8,89	-9,24	-9,39	-9,54	-9,60	-9,66	-9,75	-9,84	-9,94	-10,05	-6,42
25/02/2020 21:30:00	-6,60	-5,89	-5,64	-5,54	-5,64	-5,92	-6,43	-7,01	-7,55	-8,03	-8,51	-8,91	-9,30	-9,51	-9,72	-9,83	-9,94	-10,07	-10,20	-10,33	-10,45	-6,54
25/02/2020 21:35:00	-6,95	-6,55	-6,06	-5,58	-5,42	-5,65	-6,09	-6,70	-7,31	-7,88	-8,47	-8,97	-9,46	-9,74	-10,01	-10,15	-10,29	-10,43	-10,57	-10,69	-10,82	-6,93
25/02/2020 21:40:00	-7,37	-6,66	-6,13	-5,78	-5,70	-5,90	-6,28	-6,78	-7,30	-7,83	-8,38	-8,82	-9,25	-9,48	-9,70	-9,81	-9,92	-10,04	-10,16	-10,28	-10,40	-7,44
25/02/2020 21:45:00	-7,49	-6,60	-5,99	-5,65	-5,62	-5,87	-6,44	-7,11	-7,70	-8,13	-8,55	-8,88	-9,21	-9,37	-9,53	-9,62	-9,72	-9,82	-9,92	-10,03	-10,14	-7,94
25/02/2020 21:50:00	-7,25	-6,28	-5,93	-5,88	-6,01	-6,28	-6,69	-7,17	-7,64	-8,08	-8,53	-8,86	-9,20	-9,36	-9,53	-9,61	-9,69	-9,80	-9,90	-10,02	-10,14	-8,08
25/02/2020 21:55:00	-7,56	-6,56	-6,26	-6,21	-6,36	-6,65	-7,10	-7,59	-8,05	-8,52	-8,98	-9,34	-9,69	-9,87	-10,04	-10,12	-10,20	-10,30	-10,41	-10,52	-10,64	-7,94
25/02/2020 22:00:00	-7,92	-7,19	-6,77	-6,54	-6,57	-6,87	-7,31	-7,87	-8,42	-8,93	-9,45	-9,85	-10,25	-10,45	-10,65	-10,74	-10,83	-10,93	-11,03	-11,14	-11,25	-7,95
25/02/2020 22:05:00	-8,56	-8,07	-7,47	-6,95	-6,70	-6,76	-7,14	-7,60	-8,04	-8,52	-9,02	-9,42	-9,82	-10,02	-10,22	-10,31	-10,40	-10,50	-10,60	-10,70	-10,81	-8,38
25/02/2020 22:10:00	-8,30	-7,91	-7,42	-7,02	-6,88	-7,03	-7,40	-7,94	-8,44	-8,85	-9,25	-9,58	-9,90	-10,05	-10,20	-10,28	-10,36	-10,45	-10,54	-10,63	-10,73	-8,61
25/02/2020 22:15:00	-8,50	-7,94	-7,51	-7,19	-7,10	-7,26	-7,58	-8,05	-8,54	-9,00	-9,49	-9,88	-10,27	-10,47	-10,67	-10,77	-10,87	-10,98	-11,09	-11,20	-11,31	-8,48
25/02/2020 22:20:00	-8,48	-7,99	-7,60	-7,33	-7,25	-7,38	-7,67	-8,09	-8,52	-8,98	-9,46	-9,83	-10,20	-10,39	-10,57	-10,65	-10,73	-10,82	-10,92	-11,02	-11,13	-8,35
25/02/2020 22:25:00	-8,36	-7,30	-7,11	-7,19	-7,38	-7,62	-8,01	-8,39	-8,76	-9,18	-9,62	-9,94	-10,27	-10,42	-10,57	-10,63	-10,70	-10,80	-10,89	-11,01	-11,12	-8,18
25/02/2020 22:30:00	-8,15	-7,44	-7,22	-7,19	-7,33	-7,65	-8,12	-8,61	-9,06	-9,52	-9,98	-10,32	-10,66	-10,81	-10,95	-11,01	-11,06	-11,14	-11,22	-11,32	-11,41	-8,31
25/02/2020 22:35:00	-8,47	-7,72	-7,25	-7,00	-7,03	-7,32	-7,84	-8,48	-9,09	-9,63	-10,19	-10,61	-11,04	-11,25	-11,46	-11,55	-11,64	-11,74	-11,84	-11,95	-12,05	-8,07
25/02/2020 22:40:00	-8,48	-7,83	-7,36	-6,98	-6,90	-7,17	-7,61	-8,14	-8,65	-9,16	-9,67	-10,07	-10,46	-10,65	-10,83	-10,91	-10,99	-11,08	-11,17	-11,27	-11,37	-8,11
25/02/2020 22:45:00	-8,41	-7,73	-7,26	-6,89	-6,82	-7,14	-7,61	-8,18	-8,73	-9,25	-9,78	-10,19	-10,60	-10,80	-11,00	-11,09	-11,18	-11,27	-11,37	-11,47	-11,57	-7,90
25/02/2020 22:50:00	-8,45	-7,51	-7,09	-6,93	-7,03	-7,33	-7,75	-8,28	-8,79	-9,24	-9,70	-10,02	-10,35	-10,49	-10,63	-10,68	-10,74	-10,81	-10,89	-10,99	-11,09	-8,06
25/02/2020 22:55:00	-8,43	-7,45	-7,03	-6,83	-6,92	-7,28	-7,72	-8,26	-8,77	-9,22	-9,67	-9,99	-10,31	-10,45	-10,59	-10,64	-10,70	-10,78	-10,85	-10,95	-11,05	-7,97
25/02/2020 23:00:00	-8,24	-7,41	-7,10	-7,00	-7,11	-7,39	-7,79	-8,23	-8,67	-9,15	-9,64	-10,00	-10,35	-10,51	-10,67	-10,72	-10,78	-10,86	-10,94	-11,04	-11,15	-8,14
25/02/2020 23:05:00	-8,46	-7,87	-7,38	-6,94	-6,83	-7,13	-7,55	-8,12	-8,68	-9,19	-9,69	-10,10	-10,50	-10,69	-10,89	-10,98	-11,07	-11,17	-11,26	-11,36	-11,46	-7,91
25/02/2020 23:10:00	-8,69	-8,10	-7,59	-7,14	-6,94	-7,05	-7,47	-7,93	-8,38	-8,92	-9,47	-9,93	-10,38	-10,62	-10,86	-10,97	-11,08	-11,19	-11,31	-11,42	-11,53	-8,11
25/02/2020 23:15:00	-8,38	-8,02	-7,40	-6,88	-6,65	-6,73	-7,07	-7,65	-8,22	-8,70	-9,19	-9,60	-10,02	-10,24	-10,47	-10,59	-10,71	-10,84	-10,96	-11,07	-11,19	-8,10
25/02/2020 23:20:00	-8,32	-7,85	-7,38	-6,94	-6,72	-6,76	-7,01	-7,48	-7,98	-8,46	-8,98	-9,43	-9,89	-10,15	-10,42	-10,57	-10,71	-10,86	-11,01	-11,14	-11,27	-8,30
25/02/2020 23:25:00	-8,32	-7,80	-7,33	-6,93	-6,72	-6,74	-7,05	-7,49	-7,96	-8,47	-9,03	-9,51	-9,98	-10,26	-10,53	-10,68	-10,82	-10,97	-11,11	-11,24	-11,37	-8,41
25/02/2020 23:30:00	-8,71	-8,08	-7,60	-7,18	-6,96	-6,98	-7,27	-7,65	-8,06	-8,53	-9,03	-9,46	-9,88	-10,12	-10,36	-10,48	-10,61	-10,74	-10,87	-10,99	-11,11	-8,35
25/02/2020 23:35:00	-8,76	-8,22	-7,64	-7,07	-6,71	-6,65	-6,96	-7,35	-7,77	-8,35	-8,97	-9,51	-10,05	-10,38	-10,70	-10,87	-11,04	-11,20	-11,36	-11,50	-11,63	-8,68
25/02/2020 23:40:00	-8,80	-7,90	-7,39	-7,02	-6,86	-6,93	-7,20	-7,57	-7,94	-8,29	-8,66	-8,96	-9,26	-9,42	-9,57	-9,66	-9,75	-9,86	-9,96	-10,08	-10,19	-8,74
25/02/2020 23:45:00	-8,43	-7,84	-7,39	-6,99	-6,82	-6,94	-7,29	-7,74	-8,17	-8,56	-8,97	-9,31	-9,65	-9,82	-9,99	-10,09	-10,18	-10,29	-10,40	-10,51	-10,62	-8,71
25/02/2020 23:50:00	-8,64	-8,23	-7,83	-7,52	-7,36	-7,31	-7,51	-7,84	-8,20	-8,61	-9,04	-9,40	-9,75	-9,94	-10,14	-10,23	-10,33	-10,44	-10,56	-10,67	-10,79	-8,61
25/02/2020 23:55:00	-8,72	-8,23	-7,81	-7,49	-7,33	-7,32	-7,56	-7,97	-8,40	-8,76	-9,16	-9,50	-9,85	-10,04	-10,23	-10,34	-10,45	-10,57	-10,70	-10,82	-10,94	-8,55
