FileFormat:0002.2 file with temperature of atmosphere
SN105HE102
local	GMT or Local
0	GMT-Local=[hours]
0	Height[m]
0	0	0	Longitude                [grd]               [min]               [sec]
0	0	0	Latitude                [grd]               [min]               [sec]
N	NS
56,45	Freq[GHz]
0,00	dTemostat[K]
0,150	MessErr[K]
0,248	//[grad/step]
version 14.4.20120406
MTP5HE102F5645K-38.60I70D219217+A1.1
Commentary:
SN105HE102
парабола ДНА = 2,5 град
НЕ102 - ПУ - ХВБ с ЦСД " S "
АЦП - 202 - 09 с контр.U пит.и М
оптопара серии - 2
Т out № 178 пл
БП LPS - 112
End Of Commentary

SYSTEM\summer.dat
data time	0	50	100	150	200	250	300	350	400	450	500	550	600	650	700	750	800	850	900	950	1000	OutsideTemperature
18/09/2019 00:00:00	14,00	14,41	14,30	14,12	13,89	13,70	13,49	13,23	13,01	12,82	12,60	12,39	12,17	11,93	11,69	11,39	11,09	10,78	10,46	10,13	9,80	13,94
18/09/2019 00:05:00	13,89	14,36	14,35	14,26	14,09	13,85	13,61	13,37	13,12	12,86	12,56	12,27	11,98	11,68	11,38	11,05	10,72	10,37	10,03	9,68	9,32	14,18
18/09/2019 00:10:00	13,69	13,91	13,97	13,96	13,87	13,68	13,46	13,23	13,02	12,82	12,59	12,33	12,08	11,80	11,52	11,20	10,87	10,53	10,19	9,84	9,48	13,92
18/09/2019 00:15:00	13,92	14,08	14,11	14,04	13,81	13,59	13,36	13,12	12,83	12,53	12,21	11,88	11,56	11,23	10,91	10,56	10,22	9,87	9,52	9,15	8,78	13,50
18/09/2019 00:20:00	13,90	14,01	13,87	13,66	13,36	13,09	12,80	12,52	12,25	12,01	11,82	11,62	11,41	11,17	10,92	10,62	10,32	10,00	9,69	9,37	9,05	13,80
18/09/2019 00:25:00	13,61	13,59	13,42	13,21	12,96	12,74	12,54	12,36	12,17	12,00	11,89	11,76	11,63	11,44	11,26	10,99	10,73	10,45	10,17	9,87	9,57	13,57
18/09/2019 00:30:00	13,37	13,25	13,05	12,83	12,59	12,44	12,29	12,12	11,97	11,86	11,79	11,70	11,61	11,45	11,30	11,06	10,82	10,55	10,28	9,99	9,71	13,22
18/09/2019 00:35:00	13,19	13,09	12,89	12,73	12,63	12,43	12,26	12,14	12,05	11,96	11,83	11,69	11,55	11,37	11,19	10,95	10,70	10,43	10,16	9,87	9,57	12,97
18/09/2019 00:40:00	13,14	13,11	12,85	12,62	12,46	12,29	12,09	11,87	11,77	11,70	11,58	11,45	11,33	11,16	10,98	10,74	10,50	10,23	9,97	9,68	9,40	12,89
18/09/2019 00:45:00	13,04	12,98	12,85	12,70	12,54	12,37	12,19	12,02	11,88	11,76	11,63	11,48	11,34	11,14	10,95	10,69	10,43	10,15	9,87	9,57	9,28	12,83
18/09/2019 00:50:00	12,73	12,75	12,57	12,39	12,19	12,04	11,87	11,68	11,53	11,39	11,27	11,14	11,00	10,81	10,62	10,37	10,11	9,84	9,56	9,27	8,98	12,76
18/09/2019 00:55:00	12,68	12,78	12,65	12,47	12,24	12,06	11,86	11,63	11,46	11,31	11,14	10,96	10,78	10,56	10,35	10,08	9,82	9,54	9,26	8,96	8,67	12,80
18/09/2019 01:00:00	12,64	12,61	12,50	12,36	12,15	11,94	11,72	11,51	11,33	11,18	11,03	10,86	10,69	10,48	10,27	10,00	9,73	9,45	9,17	8,87	8,58	12,72
18/09/2019 01:05:00	12,68	12,52	12,40	12,25	12,07	11,88	11,68	11,48	11,31	11,15	10,98	10,79	10,60	10,37	10,15	9,88	9,60	9,32	9,03	8,73	8,43	12,54
18/09/2019 01:10:00	12,57	12,57	12,46	12,31	12,12	11,94	11,72	11,46	11,24	11,04	10,88	10,68	10,48	10,25	10,01	9,71	9,42	9,12	8,81	8,50	8,18	12,53
18/09/2019 01:15:00	12,60	12,53	12,38	12,21	12,01	11,75	11,51	11,31	11,09	10,90	10,77	10,61	10,44	10,23	10,02	9,74	9,46	9,18	8,89	8,60	8,30	12,57
18/09/2019 01:20:00	12,57	12,48	12,39	12,28	12,13	11,86	11,62	11,42	11,20	10,98	10,77	10,54	10,31	10,05	9,80	9,50	9,20	8,89	8,59	8,27	7,96	12,60
18/09/2019 01:25:00	12,52	12,52	12,41	12,25	12,00	11,78	11,56	11,36	11,08	10,82	10,60	10,37	10,14	9,88	9,62	9,31	9,01	8,71	8,40	8,09	7,77	12,71
18/09/2019 01:30:00	12,61	12,43	12,24	12,06	11,90	11,74	11,53	11,28	11,09	10,91	10,72	10,51	10,30	10,06	9,82	9,54	9,25	8,95	8,65	8,34	8,02	12,67
18/09/2019 01:35:00	12,62	12,49	12,28	12,08	11,90	11,72	11,52	11,32	11,08	10,85	10,65	10,43	10,22	9,97	9,72	9,43	9,14	8,84	8,54	8,22	7,90	12,65
18/09/2019 01:40:00	12,60	12,47	12,23	11,99	11,76	11,58	11,39	11,20	10,96	10,74	10,57	10,38	10,19	9,97	9,74	9,47	9,19	8,90	8,61	8,30	8,00	12,60
18/09/2019 01:45:00	12,48	12,40	12,24	12,04	11,78	11,58	11,36	11,12	10,86	10,62	10,43	10,22	10,01	9,76	9,52	9,23	8,93	8,63	8,34	8,03	7,72	12,56
18/09/2019 01:50:00	12,53	12,35	12,19	12,03	11,84	11,65	11,45	11,25	10,99	10,74	10,53	10,30	10,07	9,82	9,56	9,26	8,95	8,64	8,34	8,01	7,69	12,42
18/09/2019 01:55:00	12,43	12,30	12,14	11,96	11,71	11,48	11,27	11,08	10,89	10,69	10,42	10,16	9,90	9,64	9,38	9,10	8,83	8,54	8,26	7,96	7,67	12,49
18/09/2019 02:00:00	12,42	12,32	12,13	11,89	11,58	11,38	11,16	10,90	10,67	10,44	10,22	10,00	9,78	9,53	9,29	9,01	8,73	8,44	8,15	7,86	7,56	12,37
18/09/2019 02:05:00	12,32	12,25	12,00	11,79	11,64	11,40	11,20	11,06	10,86	10,64	10,38	10,13	9,88	9,63	9,38	9,10	8,83	8,54	8,25	7,95	7,64	12,24
18/09/2019 02:10:00	12,14	12,11	11,90	11,69	11,51	11,26	11,02	10,80	10,60	10,41	10,19	9,96	9,74	9,50	9,25	8,98	8,70	8,42	8,14	7,84	7,55	12,12
18/09/2019 02:15:00	12,17	12,03	11,86	11,66	11,43	11,24	11,04	10,83	10,62	10,40	10,16	9,93	9,69	9,43	9,18	8,90	8,62	8,33	8,04	7,74	7,44	12,14
18/09/2019 02:20:00	12,16	12,06	11,86	11,67	11,50	11,22	10,96	10,72	10,51	10,31	10,13	9,93	9,72	9,49	9,25	8,97	8,68	8,40	8,11	7,82	7,52	12,06
18/09/2019 02:25:00	12,05	12,05	11,80	11,59	11,47	11,30	11,09	10,85	10,65	10,46	10,23	10,01	9,78	9,54	9,29	9,00	8,72	8,42	8,13	7,82	7,51	12,11
18/09/2019 02:30:00	12,05	11,94	11,78	11,60	11,37	11,24	11,07	10,87	10,66	10,43	10,15	9,89	9,62	9,35	9,08	8,79	8,51	8,21	7,92	7,61	7,30	12,10
18/09/2019 02:35:00	12,05	11,85	11,71	11,52	11,24	11,07	10,88	10,69	10,48	10,27	10,05	9,83	9,61	9,37	9,13	8,86	8,58	8,31	8,03	7,74	7,45	12,10
18/09/2019 02:40:00	11,99	11,79	11,53	11,34	11,21	11,13	10,97	10,76	10,61	10,46	10,25	10,03	9,82	9,58	9,35	9,08	8,82	8,53	8,24	7,94	7,63	12,00
18/09/2019 02:45:00	11,91	11,72	11,53	11,34	11,15	10,97	10,77	10,57	10,34	10,16	10,06	9,92	9,78	9,59	9,39	9,12	8,84	8,56	8,28	7,99	7,70	11,95
18/09/2019 02:50:00	11,87	11,75	11,54	11,37	11,24	11,05	10,88	10,75	10,51	10,29	10,09	9,88	9,67	9,43	9,19	8,91	8,63	8,34	8,04	7,74	7,43	11,85
18/09/2019 02:55:00	11,84	11,67	11,46	11,28	11,14	10,98	10,81	10,62	10,43	10,25	10,08	9,89	9,70	9,47	9,25	8,98	8,70	8,42	8,14	7,84	7,54	11,77
18/09/2019 03:00:00	11,75	11,51	11,30	11,15	11,06	10,86	10,69	10,56	10,35	10,16	10,02	9,85	9,67	9,46	9,24	8,97	8,70	8,41	8,13	7,83	7,53	11,75
18/09/2019 03:05:00	11,75	11,46	11,27	11,14	11,08	10,89	10,74	10,63	10,41	10,19	10,00	9,79	9,57	9,33	9,08	8,80	8,52	8,22	7,92	7,61	7,29	11,72
18/09/2019 03:10:00	11,60	11,50	11,38	11,26	11,13	10,91	10,75	10,63	10,39	10,15	9,96	9,74	9,53	9,28	9,04	8,75	8,46	8,17	7,88	7,57	7,26	11,63
18/09/2019 03:15:00	11,57	11,51	11,28	11,11	11,01	10,80	10,61	10,46	10,27	10,08	9,89	9,68	9,48	9,25	9,02	8,75	8,48	8,20	7,92	7,63	7,33	11,65
18/09/2019 03:20:00	11,59	11,48	11,22	11,02	10,89	10,75	10,57	10,38	10,18	9,99	9,81	9,62	9,43	9,21	8,98	8,71	8,44	8,15	7,87	7,57	7,27	11,60
18/09/2019 03:25:00	11,55	11,38	11,20	11,04	10,89	10,68	10,51	10,39	10,18	9,98	9,77	9,55	9,33	9,10	8,86	8,59	8,32	8,04	7,77	7,48	7,18	11,53
18/09/2019 03:30:00	11,53	11,34	11,16	11,02	10,91	10,77	10,61	10,44	10,23	10,03	9,85	9,65	9,44	9,21	8,97	8,69	8,40	8,11	7,82	7,51	7,20	11,46
18/09/2019 03:35:00	11,49	11,36	11,13	10,93	10,77	10,65	10,49	10,29	10,10	9,93	9,78	9,62	9,45	9,24	9,03	8,77	8,51	8,23	7,96	7,66	7,37	11,48
18/09/2019 03:40:00	11,52	11,33	11,11	10,94	10,84	10,69	10,51	10,30	10,16	10,01	9,82	9,62	9,41	9,19	8,96	8,69	8,43	8,15	7,88	7,59	7,30	11,43
18/09/2019 03:45:00	11,41	11,31	11,10	10,91	10,73	10,57	10,38	10,18	9,99	9,82	9,65	9,46	9,28	9,06	8,84	8,57	8,31	8,04	7,76	7,48	7,19	11,43
18/09/2019 03:50:00	11,45	11,37	11,15	10,99	10,91	10,76	10,60	10,44	10,23	10,03	9,85	9,64	9,44	9,21	8,97	8,69	8,42	8,12	7,83	7,52	7,22	11,49
18/09/2019 03:55:00	11,49	11,35	11,20	11,06	10,92	10,69	10,47	10,29	10,10	9,92	9,78	9,61	9,44	9,22	9,01	8,74	8,46	8,19	7,92	7,63	7,35	11,47
18/09/2019 04:00:00	11,54	11,40	11,23	11,10	11,02	10,87	10,74	10,62	10,48	10,31	10,08	9,85	9,63	9,39	9,15	8,89	8,62	8,34	8,06	7,76	7,46	11,45
18/09/2019 04:05:00	11,48	11,23	11,06	10,92	10,79	10,65	10,52	10,41	10,22	10,04	9,87	9,68	9,50	9,28	9,06	8,79	8,53	8,25	7,98	7,68	7,39	11,48
18/09/2019 04:10:00	11,63	11,40	11,17	11,00	10,92	10,82	10,73	10,64	10,52	10,36	10,15	9,94	9,73	9,51	9,29	9,04	8,79	8,52	8,25	7,95	7,66	11,55
18/09/2019 04:15:00	11,53	11,38	11,18	11,03	10,94	10,77	10,62	10,49	10,32	10,16	10,01	9,84	9,66	9,45	9,24	8,98	8,72	8,45	8,17	7,88	7,59	11,49
18/09/2019 04:20:00	11,48	11,38	11,13	10,91	10,74	10,61	10,46	10,31	10,18	10,04	9,87	9,70	9,53	9,33	9,13	8,89	8,65	8,39	8,14	7,86	7,59	11,52
18/09/2019 04:25:00	11,53	11,44	11,17	10,95	10,82	10,69	10,54	10,38	10,21	10,04	9,88	9,72	9,55	9,35	9,14	8,89	8,63	8,36	8,09	7,80	7,51	11,45
18/09/2019 04:30:00	11,40	11,29	11,06	10,87	10,73	10,60	10,44	10,27	10,12	9,99	9,87	9,73	9,59	9,40	9,21	8,97	8,72	8,46	8,19	7,92	7,64	11,43
18/09/2019 04:35:00	11,43	11,29	11,07	10,85	10,66	10,56	10,45	10,34	10,15	10,00	9,91	9,79	9,67	9,50	9,33	9,09	8,85	8,59	8,34	8,06	7,79	11,32
18/09/2019 04:40:00	11,36	11,33	11,09	10,89	10,77	10,65	10,47	10,26	10,11	9,97	9,82	9,66	9,50	9,29	9,09	8,83	8,57	8,30	8,03	7,75	7,46	11,41
18/09/2019 04:45:00	11,45	11,32	11,08	10,90	10,82	10,68	10,53	10,37	10,20	10,05	9,90	9,74	9,57	9,36	9,16	8,90	8,63	8,36	8,08	7,79	7,50	11,30
18/09/2019 04:50:00	11,25	11,19	10,98	10,81	10,70	10,62	10,51	10,37	10,21	10,05	9,89	9,72	9,54	9,34	9,13	8,87	8,62	8,35	8,08	7,78	7,49	11,26
18/09/2019 04:55:00	11,23	11,17	11,04	10,93	10,80	10,73	10,62	10,48	10,36	10,25	10,15	10,03	9,90	9,72	9,55	9,30	9,06	8,79	8,53	8,25	7,97	11,18
18/09/2019 05:00:00	11,20	11,18	11,01	10,88	10,80	10,67	10,54	10,42	10,28	10,13	9,94	9,75	9,56	9,34	9,13	8,87	8,62	8,35	8,08	7,79	7,50	11,30
18/09/2019 05:05:00	11,28	11,35	11,20	11,04	10,88	10,75	10,61	10,47	10,30	10,17	10,09	9,98	9,87	9,70	9,54	9,29	9,04	8,78	8,53	8,25	7,98	11,23
18/09/2019 05:10:00	11,28	11,15	10,97	10,85	10,81	10,75	10,67	10,60	10,43	10,27	10,15	10,00	9,85	9,66	9,46	9,20	8,94	8,66	8,38	8,08	7,78	11,25
18/09/2019 05:15:00	11,14	11,15	11,00	10,90	10,84	10,77	10,64	10,46	10,40	10,31	10,14	9,97	9,80	9,59	9,39	9,14	8,90	8,63	8,37	8,09	7,80	11,12
18/09/2019 05:20:00	11,11	11,06	10,97	10,87	10,77	10,67	10,59	10,53	10,37	10,21	10,05	9,88	9,71	9,51	9,31	9,05	8,80	8,53	8,26	7,98	7,69	11,13
18/09/2019 05:25:00	10,93	11,02	10,90	10,82	10,80	10,72	10,63	10,54	10,33	10,15	10,02	9,86	9,70	9,49	9,28	9,00	8,73	8,44	8,15	7,84	7,53	11,07
18/09/2019 05:30:00	11,01	11,00	10,81	10,73	10,80	10,70	10,58	10,46	10,35	10,24	10,09	9,92	9,75	9,54	9,34	9,08	8,82	8,54	8,26	7,96	7,66	10,91
18/09/2019 05:35:00	10,91	11,00	10,94	10,91	10,93	10,84	10,77	10,73	10,60	10,45	10,27	10,07	9,88	9,66	9,44	9,18	8,92	8,64	8,36	8,06	7,76	10,91
18/09/2019 05:40:00	10,87	11,01	10,97	10,96	10,99	10,98	10,93	10,84	10,66	10,49	10,37	10,20	10,03	9,81	9,60	9,32	9,04	8,74	8,44	8,11	7,79	11,02
18/09/2019 05:45:00	10,87	11,16	11,10	11,03	10,95	10,84	10,70	10,53	10,32	10,12	9,96	9,77	9,58	9,35	9,11	8,83	8,54	8,25	7,96	7,66	7,35	10,80
18/09/2019 05:50:00	10,93	11,24	11,23	11,20	11,13	11,01	10,84	10,64	10,49	10,30	10,02	9,74	9,46	9,18	8,90	8,61	8,32	8,02	7,73	7,42	7,11	10,78
18/09/2019 05:55:00	10,84	11,00	10,96	10,94	10,97	10,94	10,88	10,82	10,63	10,45	10,31	10,13	9,96	9,74	9,52	9,24	8,96	8,66	8,37	8,04	7,72	10,84
18/09/2019 06:00:00	10,77	11,03	11,04	11,03	11,01	10,88	10,76	10,65	10,48	10,32	10,19	10,03	9,86	9,65	9,43	9,16	8,89	8,60	8,32	8,02	7,72	10,70
18/09/2019 06:05:00	10,73	11,07	11,08	11,07	11,05	10,96	10,83	10,69	10,52	10,34	10,15	9,93	9,72	9,48	9,24	8,95	8,66	8,37	8,07	7,76	7,45	10,69
18/09/2019 06:10:00	10,79	10,91	10,94	10,95	10,92	10,89	10,80	10,68	10,54	10,38	10,22	10,03	9,84	9,61	9,38	9,10	8,83	8,54	8,25	7,94	7,63	10,68
18/09/2019 06:15:00	10,91	11,03	11,01	10,99	10,95	10,85	10,75	10,67	10,57	10,43	10,21	9,99	9,78	9,55	9,32	9,06	8,80	8,53	8,26	7,97	7,67	10,70
18/09/2019 06:20:00	10,73	10,78	10,74	10,76	10,83	10,83	10,78	10,70	10,56	10,41	10,24	10,04	9,85	9,61	9,38	9,11	8,83	8,53	8,24	7,91	7,59	10,76
18/09/2019 06:25:00	10,76	10,87	10,80	10,78	10,81	10,80	10,75	10,69	10,55	10,39	10,20	9,99	9,79	9,56	9,33	9,06	8,79	8,50	8,21	7,90	7,59	10,85
18/09/2019 06:30:00	10,78	10,83	10,81	10,81	10,83	10,88	10,83	10,70	10,57	10,43	10,26	10,06	9,86	9,63	9,40	9,12	8,84	8,55	8,25	7,93	7,60	10,75
18/09/2019 06:35:00	10,76	10,92	10,92	10,94	10,95	10,97	10,92	10,83	10,71	10,56	10,34	10,12	9,89	9,65	9,41	9,13	8,86	8,57	8,27	7,96	7,64	10,78
18/09/2019 06:40:00	10,81	10,81	10,77	10,80	10,93	10,86	10,81	10,78	10,65	10,50	10,33	10,14	9,95	9,72	9,49	9,22	8,94	8,65	8,35	8,03	7,71	10,78
18/09/2019 06:45:00	10,75	10,82	10,79	10,83	10,94	10,97	10,92	10,81	10,74	10,64	10,45	10,25	10,04	9,81	9,57	9,30	9,03	8,74	8,45	8,12	7,80	10,75
18/09/2019 06:50:00	10,68	10,94	10,92	10,94	11,01	11,05	11,00	10,90	10,75	10,59	10,41	10,20	9,99	9,75	9,51	9,23	8,95	8,64	8,34	8,01	7,68	10,72
18/09/2019 06:55:00	10,73	10,94	10,96	11,04	11,16	11,15	11,10	11,03	10,84	10,66	10,52	10,33	10,15	9,91	9,67	9,37	9,07	8,75	8,44	8,10	7,75	10,68
18/09/2019 07:00:00	10,65	10,70	10,72	10,77	10,85	10,82	10,76	10,70	10,55	10,40	10,25	10,06	9,87	9,64	9,41	9,13	8,85	8,55	8,25	7,93	7,61	10,69
18/09/2019 07:05:00	10,63	10,72	10,72	10,73	10,73	10,72	10,69	10,65	10,50	10,36	10,23	10,06	9,90	9,70	9,49	9,23	8,97	8,68	8,40	8,10	7,79	10,78
18/09/2019 07:10:00	10,66	10,94	10,89	10,84	10,80	10,78	10,75	10,70	10,54	10,36	10,17	9,98	9,79	9,57	9,34	9,08	8,82	8,54	8,26	7,96	7,65	10,71
18/09/2019 07:15:00	10,72	10,71	10,68	10,67	10,66	10,65	10,64	10,63	10,46	10,28	10,11	9,91	9,71	9,49	9,26	9,00	8,73	8,45	8,16	7,85	7,53	10,90
18/09/2019 07:20:00	10,62	10,80	10,84	10,86	10,83	10,77	10,67	10,55	10,39	10,22	10,04	9,84	9,63	9,40	9,16	8,88	8,60	8,31	8,02	7,71	7,40	10,74
18/09/2019 07:25:00	10,60	10,77	10,76	10,78	10,80	10,85	10,79	10,67	10,58	10,44	10,25	10,03	9,82	9,59	9,35	9,08	8,81	8,52	8,23	7,92	7,61	10,77
18/09/2019 07:30:00	10,73	10,83	10,80	10,81	10,86	10,84	10,78	10,68	10,59	10,47	10,28	10,09	9,89	9,67	9,44	9,18	8,91	8,63	8,34	8,03	7,72	10,85
18/09/2019 07:35:00	10,76	10,78	10,81	10,84	10,86	10,83	10,75	10,63	10,54	10,41	10,22	10,00	9,79	9,55	9,32	9,04	8,77	8,49	8,20	7,89	7,58	10,98
18/09/2019 07:40:00	10,93	10,86	10,76	10,71	10,74	10,73	10,68	10,61	10,52	10,41	10,27	10,10	9,94	9,74	9,54	9,29	9,04	8,77	8,49	8,19	7,89	10,77
18/09/2019 07:45:00	10,76	10,66	10,72	10,79	10,84	10,88	10,85	10,77	10,68	10,55	10,36	10,15	9,93	9,70	9,46	9,18	8,91	8,61	8,32	8,00	7,68	10,89
18/09/2019 07:50:00	10,93	10,96	10,91	10,93	11,02	11,05	10,99	10,87	10,82	10,73	10,55	10,35	10,16	9,93	9,71	9,44	9,18	8,89	8,60	8,29	7,97	10,92
18/09/2019 07:55:00	10,94	10,99	10,96	10,98	11,07	11,08	11,10	11,12	10,89	10,70	10,59	10,43	10,27	10,06	9,84	9,56	9,27	8,96	8,65	8,32	7,98	10,83
18/09/2019 08:00:00	10,99	10,90	10,81	10,81	10,90	10,97	10,97	10,92	10,80	10,68	10,54	10,37	10,20	9,98	9,77	9,51	9,24	8,95	8,65	8,33	8,00	10,95
18/09/2019 08:05:00	11,01	10,97	10,96	11,00	11,08	11,11	11,09	11,04	10,89	10,75	10,61	10,43	10,25	10,03	9,81	9,53	9,25	8,95	8,64	8,31	7,98	10,92
18/09/2019 08:10:00	10,99	10,87	10,85	10,88	10,93	10,96	10,97	10,97	10,84	10,70	10,58	10,42	10,26	10,06	9,85	9,59	9,33	9,04	8,75	8,43	8,11	10,94
18/09/2019 08:15:00	10,88	10,85	10,88	10,96	11,07	10,99	10,91	10,83	10,72	10,60	10,46	10,28	10,10	9,87	9,65	9,37	9,09	8,80	8,50	8,18	7,87	10,97
18/09/2019 08:20:00	11,01	10,97	10,93	10,97	11,06	11,08	11,05	10,99	10,91	10,80	10,64	10,46	10,27	10,05	9,84	9,57	9,31	9,02	8,73	8,41	8,09	11,02
18/09/2019 08:25:00	11,11	11,12	11,09	11,12	11,22	11,18	11,10	11,02	10,90	10,76	10,60	10,41	10,22	10,00	9,77	9,49	9,21	8,91	8,61	8,29	7,97	11,05
18/09/2019 08:30:00	10,98	10,90	10,83	10,85	10,98	11,03	11,01	10,96	10,83	10,70	10,57	10,40	10,23	10,01	9,79	9,52	9,24	8,94	8,63	8,30	7,97	11,09
18/09/2019 08:35:00	11,01	10,92	10,88	10,90	10,96	10,92	10,88	10,84	10,69	10,56	10,45	10,31	10,16	9,96	9,76	9,49	9,22	8,93	8,64	8,33	8,01	11,03
18/09/2019 08:40:00	11,07	10,90	10,83	10,82	10,87	10,91	10,89	10,83	10,74	10,62	10,46	10,27	10,09	9,87	9,66	9,40	9,14	8,85	8,56	8,24	7,92	11,15
18/09/2019 08:45:00	11,07	10,81	10,81	10,85	10,91	10,97	10,99	10,97	10,91	10,82	10,70	10,55	10,40	10,20	10,01	9,76	9,51	9,23	8,96	8,64	8,33	11,19
18/09/2019 08:50:00	11,21	10,91	10,85	10,85	10,91	10,93	10,94	10,97	10,90	10,80	10,63	10,46	10,28	10,07	9,87	9,62	9,38	9,10	8,83	8,52	8,21	11,24
18/09/2019 08:55:00	11,30	11,18	11,11	11,11	11,18	11,16	11,09	11,00	10,89	10,75	10,54	10,32	10,10	9,85	9,61	9,33	9,05	8,75	8,45	8,13	7,80	11,20
18/09/2019 09:00:00	11,24	11,11	11,07	11,07	11,09	11,12	11,08	10,99	10,85	10,72	10,65	10,52	10,39	10,19	10,00	9,73	9,46	9,17	8,88	8,56	8,24	11,39
18/09/2019 09:05:00	11,29	11,12	11,03	11,02	11,07	11,05	11,03	11,03	10,88	10,75	10,65	10,51	10,37	10,18	9,98	9,73	9,47	9,18	8,89	8,57	8,26	11,38
18/09/2019 09:10:00	11,47	11,17	11,11	11,10	11,11	11,16	11,14	11,06	10,94	10,82	10,69	10,51	10,34	10,13	9,92	9,65	9,38	9,09	8,80	8,47	8,15	11,39
18/09/2019 09:15:00	11,42	11,34	11,20	11,12	11,13	11,09	11,00	10,88	10,80	10,71	10,56	10,39	10,23	10,03	9,83	9,58	9,33	9,05	8,77	8,47	8,17	11,34
18/09/2019 09:20:00	11,51	11,34	11,26	11,23	11,26	11,25	11,20	11,11	10,95	10,79	10,67	10,51	10,35	10,13	9,92	9,64	9,36	9,06	8,76	8,43	8,10	11,49
18/09/2019 09:25:00	11,60	11,35	11,15	11,02	10,99	10,89	10,81	10,76	10,61	10,48	10,37	10,23	10,10	9,91	9,73	9,48	9,23	8,96	8,69	8,39	8,10	11,58
18/09/2019 09:30:00	11,65	11,40	11,19	11,08	11,11	11,08	11,01	10,94	10,79	10,66	10,54	10,39	10,23	10,03	9,83	9,57	9,31	9,02	8,73	8,42	8,10	11,67
18/09/2019 09:35:00	11,80	11,54	11,43	11,36	11,32	11,23	11,13	11,05	10,95	10,83	10,65	10,45	10,26	10,04	9,82	9,57	9,31	9,04	8,76	8,46	8,15	11,78
18/09/2019 09:40:00	11,82	11,53	11,39	11,28	11,20	11,20	11,14	11,03	10,96	10,86	10,67	10,48	10,29	10,07	9,86	9,62	9,37	9,10	8,83	8,53	8,23	11,86
18/09/2019 09:45:00	11,85	11,64	11,40	11,22	11,12	11,05	10,99	10,93	10,82	10,70	10,53	10,36	10,20	10,00	9,81	9,58	9,35	9,09	8,82	8,53	8,24	11,88
18/09/2019 09:50:00	11,88	11,53	11,25	11,07	11,02	10,96	10,86	10,72	10,54	10,39	10,30	10,16	10,02	9,82	9,63	9,37	9,11	8,82	8,53	8,22	7,91	11,90
18/09/2019 09:55:00	11,84	11,64	11,31	11,09	11,02	10,97	10,89	10,79	10,69	10,57	10,38	10,20	10,02	9,81	9,61	9,38	9,14	8,87	8,61	8,31	8,02	11,88
18/09/2019 10:00:00	11,96	11,60	11,30	11,11	11,04	10,94	10,84	10,75	10,60	10,45	10,35	10,22	10,09	9,91	9,73	9,48	9,23	8,96	8,68	8,39	8,09	11,89
18/09/2019 10:05:00	12,03	11,72	11,45	11,26	11,16	11,13	11,03	10,87	10,70	10,54	10,40	10,23	10,06	9,85	9,64	9,37	9,11	8,82	8,53	8,22	7,91	11,99
18/09/2019 10:10:00	12,14	11,71	11,46	11,32	11,26	11,19	11,09	10,97	10,74	10,53	10,41	10,25	10,08	9,86	9,64	9,36	9,07	8,77	8,46	8,13	7,79	12,08
18/09/2019 10:15:00	12,16	11,84	11,58	11,38	11,26	11,09	10,93	10,80	10,64	10,49	10,34	10,17	10,00	9,80	9,59	9,34	9,08	8,81	8,54	8,25	7,95	12,14
18/09/2019 10:20:00	12,22	11,98	11,67	11,38	11,16	10,95	10,77	10,61	10,42	10,26	10,16	10,04	9,92	9,75	9,58	9,34	9,09	8,84	8,58	8,31	8,04	12,27
18/09/2019 10:25:00	12,35	12,04	11,72	11,49	11,37	11,23	11,05	10,86	10,75	10,62	10,39	10,17	9,95	9,72	9,49	9,24	8,98	8,71	8,44	8,14	7,85	12,35
18/09/2019 10:30:00	12,47	12,06	11,74	11,47	11,27	11,13	11,02	10,95	10,73	10,52	10,38	10,23	10,07	9,88	9,68	9,43	9,18	8,91	8,63	8,33	8,04	12,42
18/09/2019 10:35:00	12,48	12,14	11,89	11,68	11,50	11,28	11,11	11,00	10,83	10,65	10,46	10,26	10,07	9,85	9,63	9,38	9,12	8,85	8,58	8,29	7,99	12,52
18/09/2019 10:40:00	12,49	12,24	11,97	11,72	11,49	11,32	11,15	10,95	10,76	10,58	10,42	10,25	10,08	9,87	9,67	9,41	9,15	8,87	8,60	8,30	8,01	12,54
18/09/2019 10:45:00	12,68	12,26	11,96	11,74	11,61	11,46	11,34	11,27	11,09	10,89	10,68	10,46	10,25	10,02	9,79	9,53	9,27	8,99	8,70	8,39	8,07	12,68
18/09/2019 10:50:00	12,77	12,38	12,09	11,85	11,69	11,53	11,36	11,16	10,94	10,74	10,63	10,47	10,32	10,11	9,90	9,63	9,35	9,06	8,76	8,45	8,14	12,85
18/09/2019 10:55:00	12,90	12,57	12,34	12,13	11,90	11,74	11,57	11,39	11,22	11,05	10,87	10,68	10,49	10,28	10,06	9,80	9,53	9,25	8,97	8,67	8,38	12,95
18/09/2019 11:00:00	13,01	12,56	12,29	12,08	11,94	11,82	11,69	11,56	11,39	11,20	10,98	10,75	10,52	10,28	10,04	9,77	9,50	9,21	8,91	8,59	8,27	13,06
18/09/2019 11:05:00	13,14	12,63	12,34	12,12	11,97	11,76	11,59	11,48	11,28	11,06	10,86	10,64	10,42	10,19	9,95	9,67	9,40	9,11	8,81	8,50	8,18	13,20
18/09/2019 11:10:00	13,08	12,74	12,39	12,10	11,92	11,72	11,53	11,37	11,24	11,09	10,83	10,60	10,36	10,13	9,90	9,65	9,40	9,12	8,85	8,55	8,26	13,26
18/09/2019 11:15:00	13,21	12,81	12,46	12,19	12,00	11,82	11,61	11,38	11,16	10,96	10,75	10,53	10,31	10,06	9,82	9,54	9,26	8,96	8,65	8,33	8,01	13,44
18/09/2019 11:20:00	13,38	12,95	12,55	12,21	11,97	11,80	11,61	11,37	11,14	10,93	10,77	10,59	10,41	10,19	9,97	9,70	9,43	9,13	8,84	8,53	8,22	13,80
18/09/2019 11:25:00	13,68	13,10	12,66	12,29	12,01	11,79	11,55	11,30	11,05	10,84	10,69	10,52	10,35	10,13	9,92	9,65	9,38	9,09	8,80	8,49	8,19	14,05
18/09/2019 11:30:00	13,83	13,30	12,86	12,53	12,33	12,09	11,84	11,58	11,33	11,10	10,85	10,60	10,35	10,08	9,82	9,53	9,23	8,92	8,61	8,28	7,95	14,47
18/09/2019 11:35:00	13,91	13,51	13,07	12,66	12,32	12,08	11,81	11,49	11,23	11,00	10,82	10,63	10,44	10,21	9,98	9,71	9,43	9,14	8,85	8,54	8,24	14,28
18/09/2019 11:40:00	14,10	13,61	13,18	12,82	12,53	12,23	11,93	11,65	11,39	11,14	10,90	10,65	10,41	10,15	9,90	9,60	9,31	9,01	8,70	8,38	8,06	14,75
18/09/2019 11:45:00	14,37	13,83	13,34	12,93	12,66	12,35	12,05	11,78	11,44	11,11	10,93	10,71	10,50	10,24	9,99	9,68	9,37	9,05	8,73	8,39	8,05	15,24
18/09/2019 11:50:00	14,54	14,05	13,56	13,11	12,74	12,41	12,10	11,81	11,50	11,22	10,99	10,76	10,53	10,28	10,03	9,74	9,45	9,15	8,85	8,53	8,22	15,07
18/09/2019 11:55:00	14,67	14,16	13,71	13,31	12,96	12,65	12,34	12,02	11,72	11,42	11,14	10,87	10,59	10,31	10,03	9,72	9,41	9,09	8,78	8,44	8,11	15,46
18/09/2019 12:00:00	14,87	14,45	14,00	13,58	13,20	12,85	12,53	12,25	11,90	11,55	11,24	10,93	10,63	10,33	10,03	9,72	9,40	9,08	8,75	8,41	8,07	15,75
18/09/2019 12:05:00	14,99	14,61	14,21	13,78	13,32	12,91	12,53	12,20	11,87	11,56	11,27	11,00	10,73	10,46	10,18	9,88	9,57	9,26	8,95	8,64	8,33	15,92
18/09/2019 12:10:00	15,00	14,73	14,33	13,89	13,42	13,09	12,75	12,40	12,12	11,87	11,53	11,22	10,92	10,63	10,34	10,04	9,75	9,45	9,14	8,83	8,51	15,49
18/09/2019 12:15:00	15,36	14,93	14,50	14,08	13,67	13,23	12,81	12,44	12,08	11,73	11,37	11,03	10,70	10,37	10,04	9,71	9,37	9,04	8,70	8,36	8,02	16,39
18/09/2019 12:20:00	15,39	14,95	14,56	14,18	13,79	13,38	12,97	12,59	12,22	11,85	11,47	11,11	10,75	10,41	10,06	9,71	9,36	9,01	8,66	8,31	7,95	15,89
18/09/2019 12:25:00	15,38	14,91	14,46	14,02	13,59	13,14	12,77	12,50	12,22	11,93	11,55	11,21	10,87	10,57	10,26	9,96	9,67	9,36	9,06	8,74	8,42	16,31
18/09/2019 12:30:00	15,32	15,03	14,59	14,14	13,73	13,33	12,93	12,51	12,12	11,75	11,45	11,16	10,86	10,55	10,24	9,90	9,56	9,22	8,88	8,53	8,19	15,75
18/09/2019 12:35:00	15,36	15,01	14,61	14,21	13,79	13,34	12,94	12,60	12,23	11,86	11,49	11,15	10,81	10,48	10,14	9,81	9,47	9,13	8,79	8,45	8,10	16,00
18/09/2019 12:40:00	15,63	15,27	14,84	14,40	13,95	13,57	13,20	12,82	12,43	12,06	11,69	11,35	11,00	10,67	10,33	9,99	9,65	9,31	8,96	8,60	8,25	16,49
18/09/2019 12:45:00	15,87	15,53	15,13	14,70	14,26	13,83	13,42	13,02	12,61	12,21	11,80	11,42	11,04	10,68	10,32	9,97	9,61	9,25	8,89	8,52	8,16	17,04
18/09/2019 12:50:00	16,23	15,71	15,22	14,75	14,28	13,85	13,44	13,03	12,64	12,27	11,90	11,54	11,19	10,85	10,51	10,17	9,82	9,48	9,13	8,77	8,41	17,69
18/09/2019 12:55:00	15,96	15,70	15,27	14,81	14,32	13,83	13,40	13,06	12,69	12,33	11,98	11,66	11,34	11,03	10,71	10,39	10,06	9,74	9,41	9,07	8,74	17,11
18/09/2019 13:00:00	16,16	15,79	15,35	14,92	14,54	14,12	13,70	13,30	12,90	12,50	12,15	11,80	11,46	11,11	10,77	10,41	10,05	9,69	9,32	8,95	8,57	17,03
18/09/2019 13:05:00	16,31	15,90	15,51	15,13	14,74	14,32	13,90	13,48	13,09	12,70	12,25	11,82	11,39	11,00	10,61	10,24	9,86	9,49	9,11	8,73	8,34	17,14
18/09/2019 13:10:00	16,45	16,07	15,66	15,25	14,87	14,51	14,13	13,72	13,33	12,96	12,56	12,18	11,80	11,44	11,08	10,71	10,35	9,98	9,60	9,21	8,83	17,69
18/09/2019 13:15:00	16,73	16,34	15,90	15,47	15,08	14,67	14,25	13,79	13,40	13,03	12,54	12,10	11,65	11,25	10,85	10,47	10,10	9,71	9,33	8,94	8,54	17,95
18/09/2019 13:20:00	16,76	16,28	15,76	15,26	14,81	14,43	14,08	13,75	13,42	13,10	12,69	12,32	11,96	11,63	11,29	10,97	10,65	10,30	9,96	9,59	9,23	18,04
18/09/2019 13:25:00	16,82	16,42	15,98	15,56	15,14	14,74	14,37	14,03	13,65	13,26	12,79	12,36	11,93	11,54	11,16	10,80	10,44	10,06	9,69	9,30	8,91	18,08
18/09/2019 13:30:00	16,93	16,49	16,03	15,57	15,09	14,60	14,18	13,84	13,39	12,90	12,55	12,21	11,86	11,52	11,17	10,81	10,45	10,08	9,71	9,33	8,95	18,46
18/09/2019 13:35:00	16,82	16,42	16,01	15,56	15,07	14,61	14,17	13,73	13,37	13,05	12,64	12,26	11,88	11,53	11,19	10,84	10,50	10,15	9,80	9,45	9,09	17,77
18/09/2019 13:40:00	16,67	16,40	16,00	15,56	15,09	14,71	14,36	13,99	13,60	13,22	12,82	12,46	12,09	11,74	11,40	11,05	10,70	10,34	9,98	9,60	9,23	17,61
18/09/2019 13:45:00	16,72	16,48	16,09	15,71	15,32	14,94	14,57	14,19	13,84	13,49	13,04	12,63	12,22	11,85	11,47	11,11	10,75	10,38	10,01	9,62	9,23	17,64
18/09/2019 13:50:00	16,86	16,49	16,12	15,75	15,33	14,92	14,53	14,18	13,80	13,42	13,00	12,60	12,21	11,85	11,48	11,12	10,76	10,38	10,01	9,62	9,24	17,87
18/09/2019 13:55:00	16,94	16,69	16,19	15,69	15,28	14,86	14,42	13,97	13,59	13,25	12,89	12,56	12,22	11,89	11,56	11,21	10,86	10,50	10,14	9,77	9,40	17,90
18/09/2019 14:00:00	17,05	16,64	16,25	15,84	15,40	14,96	14,54	14,15	13,73	13,30	12,92	12,54	12,17	11,81	11,45	11,08	10,70	10,33	9,95	9,56	9,17	18,17
18/09/2019 14:05:00	17,11	16,60	16,22	15,83	15,42	14,99	14,60	14,28	13,89	13,46	13,04	12,64	12,24	11,87	11,49	11,13	10,76	10,38	10,00	9,60	9,21	18,21
18/09/2019 14:10:00	16,95	16,64	16,23	15,82	15,46	15,05	14,64	14,23	13,81	13,40	13,00	12,61	12,22	11,85	11,47	11,09	10,71	10,33	9,94	9,53	9,13	17,92
18/09/2019 14:15:00	16,92	16,59	16,23	15,85	15,42	15,00	14,60	14,23	13,80	13,35	13,00	12,65	12,30	11,95	11,60	11,22	10,85	10,47	10,08	9,69	9,29	17,92
18/09/2019 14:20:00	17,07	16,68	16,32	15,95	15,53	15,15	14,76	14,36	13,95	13,53	13,06	12,62	12,18	11,78	11,38	10,99	10,61	10,21	9,82	9,41	9,00	18,39
18/09/2019 14:25:00	17,31	16,85	16,48	16,07	15,58	15,12	14,71	14,36	13,98	13,57	13,09	12,66	12,23	11,84	11,45	11,09	10,72	10,35	9,97	9,59	9,20	19,35
18/09/2019 14:30:00	17,44	16,94	16,50	16,07	15,62	15,19	14,78	14,38	14,00	13,63	13,22	12,84	12,45	12,09	11,73	11,38	11,02	10,64	10,27	9,89	9,50	19,69
18/09/2019 14:35:00	17,63	17,17	16,71	16,26	15,83	15,40	14,98	14,58	14,13	13,66	13,20	12,76	12,33	11,92	11,52	11,13	10,73	10,33	9,93	9,51	9,10	19,10
18/09/2019 14:40:00	17,68	17,17	16,73	16,28	15,80	15,32	14,86	14,44	14,02	13,60	13,18	12,78	12,38	12,01	11,63	11,26	10,88	10,50	10,12	9,73	9,34	19,31
18/09/2019 14:45:00	17,81	17,34	16,87	16,39	15,88	15,36	14,87	14,45	14,02	13,59	13,19	12,81	12,43	12,07	11,71	11,34	10,97	10,60	10,22	9,84	9,46	19,21
18/09/2019 14:50:00	17,83	17,25	16,82	16,39	15,91	15,43	14,97	14,56	14,15	13,75	13,28	12,85	12,42	12,03	11,64	11,26	10,89	10,50	10,12	9,72	9,33	19,34
18/09/2019 14:55:00	17,93	17,35	16,86	16,41	16,01	15,61	15,22	14,84	14,44	14,03	13,64	13,26	12,88	12,52	12,16	11,79	11,42	11,02	10,63	10,22	9,81	19,59
18/09/2019 15:00:00	17,76	17,40	17,00	16,59	16,13	15,67	15,22	14,78	14,34	13,91	13,47	13,05	12,62	12,23	11,83	11,44	11,06	10,66	10,26	9,85	9,44	18,71
18/09/2019 15:05:00	17,53	17,32	16,91	16,47	16,00	15,58	15,14	14,66	14,22	13,80	13,47	13,13	12,80	12,45	12,11	11,73	11,36	10,97	10,59	10,19	9,80	18,47
18/09/2019 15:10:00	17,85	17,58	17,18	16,78	16,38	15,97	15,57	15,20	14,83	14,46	14,10	13,76	13,42	13,08	12,74	12,38	12,02	11,64	11,26	10,86	10,46	18,52
18/09/2019 15:15:00	18,29	18,01	17,57	17,13	16,72	16,29	15,88	15,49	15,10	14,73	14,32	13,94	13,56	13,19	12,83	12,46	12,10	11,71	11,32	10,91	10,50	18,61
18/09/2019 15:20:00	18,53	18,32	17,95	17,55	17,17	16,73	16,26	15,75	15,31	14,91	14,48	14,06	13,64	13,23	12,83	12,43	12,02	11,60	11,19	10,75	10,32	18,69
18/09/2019 15:25:00	18,62	18,24	17,86	17,49	17,10	16,75	16,39	16,01	15,57	15,11	14,67	14,25	13,83	13,43	13,03	12,63	12,22	11,79	11,36	10,91	10,46	18,97
18/09/2019 15:30:00	18,70	18,42	18,02	17,61	17,23	16,81	16,40	16,00	15,61	15,22	14,77	14,35	13,93	13,54	13,14	12,76	12,37	11,96	11,55	11,13	10,70	18,99
18/09/2019 15:35:00	19,13	18,63	18,19	17,76	17,34	16,95	16,59	16,25	15,85	15,41	14,96	14,54	14,13	13,74	13,35	12,96	12,57	12,16	11,74	11,31	10,87	19,87
18/09/2019 15:40:00	19,33	18,76	18,23	17,75	17,32	16,88	16,45	16,05	15,63	15,19	14,74	14,32	13,89	13,50	13,10	12,71	12,32	11,90	11,49	11,05	10,61	20,10
18/09/2019 15:45:00	19,38	18,87	18,36	17,88	17,45	17,02	16,59	16,16	15,76	15,37	14,96	14,56	14,17	13,80	13,42	13,04	12,67	12,26	11,85	11,43	11,00	20,43
18/09/2019 15:50:00	19,45	18,88	18,43	17,98	17,54	17,08	16,63	16,21	15,76	15,30	14,83	14,39	13,95	13,54	13,13	12,73	12,32	11,90	11,47	11,03	10,58	20,85
18/09/2019 15:55:00	19,12	18,74	18,30	17,86	17,47	17,03	16,58	16,15	15,72	15,27	14,81	14,37	13,93	13,52	13,11	12,70	12,30	11,87	11,45	11,00	10,56	19,64
18/09/2019 16:00:00	19,02	18,86	18,41	17,96	17,56	17,11	16,66	16,21	15,74	15,24	14,83	14,43	14,04	13,64	13,25	12,84	12,43	12,00	11,57	11,12	10,67	19,18
18/09/2019 16:05:00	19,16	18,87	18,49	18,10	17,68	17,22	16,77	16,37	15,95	15,52	15,13	14,76	14,39	14,02	13,65	13,26	12,87	12,45	12,04	11,61	11,18	19,14
18/09/2019 16:10:00	19,15	18,84	18,46	18,06	17,65	17,24	16,82	16,41	15,98	15,53	15,13	14,74	14,35	13,96	13,58	13,18	12,78	12,36	11,94	11,50	11,06	19,06
18/09/2019 16:15:00	18,91	18,75	18,37	17,97	17,57	17,14	16,72	16,34	15,94	15,51	15,05	14,62	14,19	13,79	13,39	13,00	12,61	12,19	11,77	11,33	10,90	18,92
18/09/2019 16:20:00	18,79	18,63	18,32	17,97	17,55	17,13	16,72	16,33	15,92	15,50	15,09	14,70	14,31	13,94	13,56	13,17	12,78	12,36	11,95	11,52	11,10	18,82
18/09/2019 16:25:00	18,77	18,61	18,26	17,87	17,44	17,06	16,68	16,26	15,87	15,49	15,04	14,63	14,21	13,83	13,44	13,05	12,67	12,26	11,85	11,42	10,99	18,79
18/09/2019 16:30:00	18,84	18,58	18,19	17,80	17,44	17,04	16,62	16,18	15,77	15,37	14,96	14,56	14,17	13,78	13,40	13,00	12,61	12,19	11,77	11,33	10,90	18,76
18/09/2019 16:35:00	18,75	18,59	18,21	17,82	17,42	17,02	16,60	16,17	15,76	15,38	14,96	14,56	14,17	13,79	13,41	13,02	12,64	12,22	11,81	11,39	10,96	18,65
18/09/2019 16:40:00	18,65	18,46	18,09	17,70	17,28	16,88	16,49	16,08	15,65	15,22	14,82	14,43	14,04	13,66	13,29	12,89	12,50	12,09	11,67	11,24	10,81	18,67
18/09/2019 16:45:00	18,67	18,62	18,29	17,91	17,47	17,02	16,57	16,08	15,64	15,24	14,83	14,43	14,04	13,66	13,27	12,88	12,48	12,07	11,65	11,23	10,81	18,72
18/09/2019 16:50:00	18,70	18,49	18,11	17,72	17,29	16,90	16,50	16,05	15,66	15,30	14,90	14,52	14,14	13,78	13,41	13,03	12,65	12,25	11,84	11,43	11,01	18,72
18/09/2019 16:55:00	18,78	18,51	18,15	17,76	17,34	16,94	16,53	16,09	15,70	15,35	14,97	14,61	14,25	13,90	13,54	13,17	12,79	12,39	11,99	11,58	11,16	18,81
18/09/2019 17:00:00	18,81	18,61	18,22	17,82	17,45	17,03	16,60	16,16	15,76	15,38	14,97	14,57	14,18	13,80	13,42	13,03	12,64	12,23	11,82	11,39	10,96	18,88
18/09/2019 17:05:00	18,94	18,73	18,38	18,01	17,58	17,12	16,67	16,26	15,87	15,51	15,04	14,60	14,17	13,77	13,37	12,99	12,60	12,19	11,79	11,37	10,94	18,88
18/09/2019 17:10:00	18,92	18,64	18,27	17,88	17,47	17,05	16,64	16,26	15,88	15,52	15,11	14,72	14,34	13,97	13,60	13,23	12,85	12,45	12,05	11,63	11,21	18,93
18/09/2019 17:15:00	19,06	18,72	18,39	18,04	17,62	17,18	16,74	16,32	15,90	15,49	15,10	14,72	14,34	13,96	13,59	13,20	12,80	12,39	11,97	11,54	11,12	19,36
18/09/2019 17:20:00	19,35	18,88	18,49	18,10	17,67	17,27	16,85	16,37	15,99	15,66	15,23	14,83	14,42	14,04	13,66	13,27	12,89	12,48	12,07	11,65	11,22	19,80
18/09/2019 17:25:00	19,22	18,95	18,50	18,06	17,63	17,22	16,81	16,39	16,01	15,67	15,28	14,92	14,56	14,20	13,85	13,48	13,12	12,72	12,32	11,90	11,49	19,52
18/09/2019 17:30:00	19,09	18,84	18,47	18,08	17,64	17,24	16,86	16,44	16,01	15,56	15,19	14,83	14,46	14,10	13,73	13,34	12,95	12,53	12,11	11,68	11,24	19,15
18/09/2019 17:35:00	18,99	18,84	18,48	18,11	17,76	17,37	16,96	16,54	16,14	15,75	15,34	14,95	14,56	14,18	13,80	13,40	13,01	12,59	12,17	11,73	11,29	19,11
18/09/2019 17:40:00	18,93	18,79	18,41	18,03	17,69	17,29	16,89	16,52	16,13	15,72	15,34	14,98	14,62	14,25	13,89	13,51	13,12	12,70	12,29	11,85	11,41	19,13
18/09/2019 17:45:00	19,09	18,76	18,42	18,11	17,78	17,43	17,05	16,67	16,28	15,88	15,45	15,04	14,63	14,23	13,84	13,44	13,04	12,61	12,17	11,72	11,27	19,61
18/09/2019 17:50:00	19,16	18,77	18,41	18,03	17,63	17,29	16,95	16,60	16,23	15,84	15,46	15,09	14,72	14,37	14,01	13,63	13,25	12,84	12,43	12,00	11,56	19,66
18/09/2019 17:55:00	19,25	18,78	18,40	18,06	17,77	17,42	17,05	16,69	16,35	16,02	15,55	15,11	14,66	14,26	13,86	13,47	13,08	12,66	12,24	11,79	11,33	19,51
18/09/2019 18:00:00	19,17	18,76	18,41	18,06	17,70	17,32	16,94	16,59	16,24	15,88	15,50	15,13	14,75	14,39	14,03	13,66	13,28	12,88	12,47	12,04	11,61	19,88
18/09/2019 18:05:00	19,09	18,85	18,48	18,11	17,76	17,42	17,07	16,69	16,29	15,90	15,48	15,08	14,68	14,29	13,91	13,51	13,12	12,69	12,27	11,82	11,36	19,81
18/09/2019 18:10:00	19,11	18,83	18,49	18,16	17,82	17,45	17,05	16,62	16,25	15,92	15,52	15,13	14,75	14,37	14,00	13,61	13,22	12,81	12,39	11,96	11,52	19,61
18/09/2019 18:15:00	19,15	18,86	18,52	18,20	17,89	17,49	17,08	16,71	16,34	15,96	15,57	15,19	14,81	14,43	14,06	13,67	13,28	12,86	12,44	12,00	11,56	19,33
18/09/2019 18:20:00	18,99	18,78	18,53	18,23	17,79	17,40	17,03	16,67	16,25	15,81	15,46	15,11	14,77	14,41	14,06	13,67	13,27	12,86	12,44	12,01	11,58	18,94
18/09/2019 18:25:00	18,86	18,86	18,58	18,26	17,92	17,55	17,17	16,76	16,36	15,96	15,51	15,08	14,65	14,25	13,84	13,44	13,03	12,60	12,17	11,72	11,27	18,92
18/09/2019 18:30:00	18,89	18,91	18,65	18,34	17,98	17,55	17,12	16,70	16,30	15,90	15,47	15,06	14,65	14,26	13,87	13,46	13,06	12,64	12,22	11,78	11,34	19,08
18/09/2019 18:35:00	19,18	19,20	18,94	18,61	18,21	17,78	17,34	16,87	16,48	16,15	15,77	15,40	15,03	14,66	14,30	13,91	13,52	13,11	12,71	12,28	11,86	19,16
18/09/2019 18:40:00	19,10	19,21	18,95	18,63	18,26	17,83	17,39	16,97	16,55	16,14	15,78	15,43	15,08	14,72	14,36	13,97	13,57	13,15	12,73	12,29	11,86	18,89
18/09/2019 18:45:00	18,81	18,80	18,52	18,20	17,80	17,42	17,05	16,68	16,30	15,92	15,50	15,10	14,71	14,33	13,95	13,57	13,18	12,77	12,35	11,92	11,49	18,76
18/09/2019 18:50:00	18,59	18,66	18,44	18,19	17,92	17,57	17,20	16,86	16,48	16,08	15,69	15,31	14,93	14,55	14,17	13,77	13,37	12,94	12,51	12,06	11,61	18,51
18/09/2019 18:55:00	18,63	18,65	18,42	18,13	17,78	17,40	17,01	16,62	16,24	15,87	15,48	15,11	14,74	14,38	14,01	13,62	13,23	12,82	12,40	11,97	11,54	18,36
18/09/2019 19:00:00	18,52	18,53	18,32	18,08	17,78	17,44	17,08	16,73	16,35	15,97	15,57	15,18	14,79	14,41	14,03	13,63	13,24	12,81	12,39	11,94	11,49	18,01
18/09/2019 19:05:00	18,34	18,55	18,40	18,17	17,84	17,45	17,05	16,65	16,25	15,85	15,48	15,11	14,74	14,36	13,99	13,59	13,19	12,77	12,34	11,91	11,47	18,04
18/09/2019 19:10:00	18,24	18,41	18,26	18,02	17,66	17,36	17,04	16,69	16,27	15,83	15,51	15,18	14,84	14,49	14,14	13,74	13,35	12,92	12,50	12,06	11,61	17,80
18/09/2019 19:15:00	18,25	18,39	18,27	18,06	17,72	17,34	16,95	16,54	16,15	15,76	15,40	15,04	14,68	14,31	13,94	13,54	13,14	12,73	12,31	11,88	11,46	17,68
18/09/2019 19:20:00	18,11	18,31	18,15	17,90	17,53	17,22	16,89	16,48	16,11	15,75	15,41	15,08	14,74	14,39	14,05	13,66	13,28	12,87	12,46	12,04	11,61	17,65
18/09/2019 19:25:00	18,15	18,24	18,15	17,99	17,69	17,35	17,00	16,65	16,26	15,85	15,51	15,16	14,82	14,45	14,09	13,69	13,29	12,86	12,44	12,00	11,56	17,77
18/09/2019 19:30:00	18,09	18,32	18,20	17,98	17,64	17,23	16,82	16,46	16,07	15,67	15,34	15,00	14,67	14,32	13,97	13,58	13,19	12,79	12,38	11,96	11,54	17,53
18/09/2019 19:35:00	18,04	18,30	18,14	17,91	17,62	17,32	16,98	16,59	16,24	15,91	15,51	15,12	14,74	14,37	14,00	13,61	13,22	12,81	12,39	11,96	11,52	17,67
18/09/2019 19:40:00	17,97	18,29	18,18	17,99	17,71	17,36	17,00	16,65	16,28	15,91	15,52	15,14	14,76	14,38	14,01	13,62	13,22	12,80	12,38	11,95	11,51	17,61
18/09/2019 19:45:00	17,98	18,23	18,11	17,91	17,62	17,30	16,96	16,60	16,24	15,88	15,50	15,13	14,76	14,40	14,03	13,64	13,24	12,83	12,41	11,97	11,54	17,52
18/09/2019 19:50:00	17,98	18,12	18,03	17,86	17,58	17,28	16,95	16,58	16,24	15,93	15,55	15,18	14,81	14,44	14,08	13,69	13,30	12,89	12,48	12,05	11,62	17,65
18/09/2019 19:55:00	17,89	18,11	18,03	17,89	17,67	17,36	17,02	16,71	16,37	16,02	15,62	15,24	14,85	14,47	14,09	13,70	13,30	12,88	12,45	12,01	11,56	17,46
18/09/2019 20:00:00	17,98	18,02	17,87	17,68	17,41	17,11	16,79	16,47	16,14	15,82	15,46	15,11	14,76	14,41	14,06	13,69	13,31	12,90	12,50	12,07	11,64	17,39
18/09/2019 20:05:00	17,84	18,02	17,84	17,61	17,36	17,04	16,71	16,40	16,10	15,79	15,44	15,11	14,78	14,44	14,11	13,74	13,38	12,98	12,59	12,17	11,75	17,60
18/09/2019 20:10:00	17,70	18,02	17,88	17,66	17,40	17,09	16,76	16,43	16,10	15,78	15,40	15,04	14,68	14,32	13,97	13,59	13,22	12,81	12,41	11,98	11,56	17,27
18/09/2019 20:15:00	17,75	17,90	17,79	17,60	17,33	17,05	16,74	16,38	16,07	15,77	15,46	15,14	14,83	14,50	14,17	13,80	13,43	13,03	12,64	12,22	11,80	17,29
18/09/2019 20:20:00	17,78	17,98	17,84	17,61	17,28	16,97	16,65	16,33	15,98	15,63	15,30	14,98	14,66	14,33	14,00	13,63	13,26	12,86	12,46	12,05	11,63	17,38
18/09/2019 20:25:00	17,69	18,00	17,88	17,66	17,35	17,00	16,66	16,33	16,00	15,68	15,35	15,02	14,70	14,36	14,03	13,67	13,30	12,91	12,52	12,12	11,71	17,54
18/09/2019 20:30:00	17,81	18,03	17,87	17,63	17,33	16,95	16,58	16,26	15,92	15,58	15,28	14,98	14,68	14,36	14,04	13,67	13,31	12,92	12,53	12,13	11,72	17,50
18/09/2019 20:35:00	17,40	17,82	17,67	17,45	17,23	16,91	16,58	16,26	15,92	15,57	15,22	14,87	14,53	14,18	13,83	13,46	13,08	12,67	12,27	11,85	11,42	17,37
18/09/2019 20:40:00	17,45	17,67	17,51	17,26	16,96	16,64	16,34	16,07	15,76	15,44	15,16	14,88	14,60	14,30	14,00	13,65	13,30	12,93	12,55	12,15	11,75	17,23
18/09/2019 20:45:00	17,38	17,60	17,47	17,30	17,07	16,82	16,54	16,21	15,91	15,62	15,28	14,94	14,61	14,27	13,93	13,57	13,20	12,79	12,39	11,97	11,55	17,12
18/09/2019 20:50:00	17,25	17,29	17,25	17,13	16,83	16,60	16,38	16,15	15,86	15,54	15,26	14,97	14,67	14,36	14,05	13,70	13,35	12,96	12,58	12,17	11,76	16,94
18/09/2019 20:55:00	17,06	17,35	17,23	17,05	16,84	16,61	16,34	16,03	15,72	15,43	15,19	14,93	14,67	14,38	14,08	13,73	13,37	12,98	12,59	12,18	11,77	16,91
18/09/2019 21:00:00	16,91	17,24	17,18	17,05	16,84	16,63	16,39	16,09	15,79	15,48	15,25	14,99	14,73	14,43	14,13	13,77	13,41	13,02	12,62	12,21	11,79	16,67
18/09/2019 21:05:00	17,05	17,34	17,27	17,14	16,96	16,63	16,31	16,06	15,78	15,49	15,23	14,97	14,70	14,40	14,10	13,75	13,39	13,01	12,63	12,23	11,83	16,52
18/09/2019 21:10:00	17,08	17,49	17,36	17,17	16,95	16,63	16,29	15,99	15,71	15,45	15,20	14,94	14,68	14,40	14,11	13,77	13,42	13,05	12,68	12,29	11,90	16,70
18/09/2019 21:15:00	16,86	17,16	17,10	16,95	16,69	16,42	16,16	15,90	15,59	15,29	15,02	14,75	14,48	14,18	13,88	13,53	13,18	12,80	12,42	12,02	11,62	16,57
18/09/2019 21:20:00	16,75	17,24	17,22	17,10	16,87	16,55	16,22	15,93	15,58	15,24	14,99	14,72	14,45	14,14	13,83	13,46	13,09	12,70	12,30	11,90	11,49	16,74
18/09/2019 21:25:00	16,58	17,18	17,19	17,07	16,81	16,57	16,30	15,98	15,67	15,37	15,06	14,76	14,45	14,13	13,81	13,44	13,08	12,69	12,30	11,89	11,49	16,68
18/09/2019 21:30:00	16,67	17,12	17,11	16,99	16,79	16,54	16,26	15,97	15,67	15,38	15,12	14,85	14,58	14,27	13,97	13,61	13,25	12,87	12,48	12,08	11,67	16,86
18/09/2019 21:35:00	16,46	16,97	17,04	17,00	16,83	16,60	16,35	16,08	15,77	15,45	15,17	14,87	14,57	14,24	13,92	13,54	13,17	12,77	12,37	11,95	11,53	16,73
18/09/2019 21:40:00	16,39	17,02	17,09	17,03	16,80	16,53	16,25	16,00	15,69	15,36	15,03	14,71	14,38	14,05	13,71	13,34	12,97	12,58	12,18	11,77	11,36	16,39
18/09/2019 21:45:00	16,50	16,91	16,79	16,64	16,50	16,27	16,00	15,72	15,46	15,21	14,94	14,67	14,40	14,10	13,80	13,45	13,11	12,73	12,34	11,94	11,54	16,28
18/09/2019 21:50:00	16,14	16,50	16,53	16,48	16,34	16,21	16,03	15,81	15,55	15,29	15,06	14,82	14,57	14,29	14,00	13,66	13,31	12,92	12,54	12,13	11,72	15,95
18/09/2019 21:55:00	15,96	16,51	16,55	16,49	16,36	16,17	15,95	15,69	15,42	15,17	14,96	14,72	14,49	14,21	13,93	13,58	13,24	12,86	12,48	12,08	11,68	15,55
18/09/2019 22:00:00	15,73	16,33	16,44	16,47	16,43	16,33	16,17	15,95	15,70	15,45	15,16	14,87	14,57	14,25	13,93	13,56	13,20	12,80	12,40	11,97	11,54	15,45
18/09/2019 22:05:00	15,86	16,37	16,48	16,48	16,39	16,21	16,02	15,86	15,62	15,36	15,18	14,96	14,75	14,48	14,22	13,88	13,54	13,16	12,79	12,39	11,99	15,60
18/09/2019 22:10:00	15,83	16,26	16,39	16,43	16,30	16,28	16,21	16,04	15,86	15,70	15,50	15,28	15,06	14,81	14,55	14,23	13,91	13,54	13,18	12,78	12,38	15,52
18/09/2019 22:15:00	15,84	16,65	16,87	16,94	16,83	16,63	16,42	16,22	15,93	15,63	15,39	15,12	14,86	14,55	14,25	13,88	13,51	13,11	12,72	12,31	11,89	15,91
18/09/2019 22:20:00	15,81	16,66	16,96	17,06	16,91	16,82	16,65	16,38	16,10	15,83	15,56	15,27	14,98	14,66	14,34	13,96	13,58	13,18	12,78	12,35	11,93	16,37
18/09/2019 22:25:00	16,33	17,61	17,82	17,73	17,31	16,89	16,48	16,06	15,71	15,38	14,99	14,63	14,27	13,91	13,56	13,18	12,80	12,41	12,03	11,66	11,28	16,71
18/09/2019 22:30:00	16,20	17,05	17,31	17,32	17,03	16,88	16,69	16,41	16,09	15,76	15,44	15,11	14,79	14,45	14,11	13,73	13,36	12,96	12,56	12,14	11,72	16,82
18/09/2019 22:35:00	15,74	16,58	17,10	17,38	17,25	17,09	16,87	16,62	16,32	15,99	15,59	15,19	14,78	14,38	13,97	13,55	13,13	12,70	12,27	11,82	11,37	15,72
18/09/2019 22:40:00	15,51	16,09	16,49	16,78	16,87	16,90	16,85	16,72	16,52	16,28	15,97	15,63	15,29	14,93	14,58	14,19	13,81	13,38	12,95	12,49	12,03	15,29
18/09/2019 22:45:00	15,42	16,01	16,32	16,57	16,74	16,78	16,75	16,69	16,54	16,35	16,08	15,79	15,49	15,17	14,86	14,50	14,14	13,72	13,31	12,86	12,41	15,11
18/09/2019 22:50:00	15,73	16,09	16,36	16,50	16,44	16,32	16,16	16,00	15,77	15,51	15,28	15,02	14,75	14,45	14,15	13,78	13,42	13,03	12,64	12,22	11,80	15,42
18/09/2019 22:55:00	15,56	16,08	16,36	16,56	16,67	16,69	16,60	16,44	16,21	15,95	15,71	15,42	15,13	14,81	14,48	14,10	13,71	13,28	12,86	12,40	11,94	15,15
18/09/2019 23:00:00	15,43	16,04	16,34	16,53	16,56	16,45	16,30	16,15	15,96	15,74	15,45	15,14	14,83	14,51	14,18	13,82	13,45	13,05	12,66	12,23	11,81	15,15
18/09/2019 23:05:00	15,45	16,51	16,88	17,04	16,95	16,74	16,48	16,21	15,92	15,61	15,21	14,81	14,42	14,03	13,64	13,24	12,83	12,41	12,00	11,56	11,13	15,00
18/09/2019 23:10:00	15,89	16,52	16,62	16,59	16,45	16,22	15,99	15,76	15,56	15,38	15,16	14,94	14,71	14,45	14,19	13,86	13,54	13,18	12,83	12,45	12,08	14,60
18/09/2019 23:15:00	15,57	16,41	16,64	16,74	16,69	16,48	16,25	16,04	15,78	15,50	15,26	15,00	14,74	14,43	14,13	13,76	13,39	12,99	12,60	12,19	11,78	14,99
18/09/2019 23:20:00	15,55	16,50	16,79	16,92	16,85	16,67	16,46	16,28	16,03	15,74	15,42	15,09	14,76	14,42	14,08	13,71	13,33	12,93	12,53	12,11	11,69	14,87
18/09/2019 23:25:00	15,55	16,33	16,59	16,68	16,56	16,34	16,11	15,92	15,69	15,45	15,21	14,96	14,70	14,41	14,13	13,78	13,43	13,05	12,68	12,29	11,90	14,67
18/09/2019 23:30:00	15,31	16,57	16,92	17,01	16,84	16,61	16,36	16,11	15,81	15,51	15,20	14,89	14,58	14,25	13,92	13,54	13,17	12,78	12,39	11,99	11,59	14,57
18/09/2019 23:35:00	15,24	16,45	16,76	16,87	16,81	16,65	16,42	16,11	15,80	15,48	15,16	14,83	14,49	14,13	13,78	13,38	12,97	12,55	12,14	11,70	11,27	14,54
18/09/2019 23:40:00	15,15	15,94	16,20	16,31	16,22	16,10	15,97	15,85	15,69	15,53	15,35	15,15	14,95	14,71	14,47	14,15	13,84	13,49	13,14	12,77	12,40	14,38
18/09/2019 23:45:00	15,01	15,57	15,94	16,23	16,37	16,32	16,22	16,15	16,00	15,82	15,63	15,39	15,15	14,87	14,59	14,23	13,88	13,49	13,10	12,67	12,25	14,16
18/09/2019 23:50:00	15,13	15,60	16,00	16,32	16,45	16,49	16,47	16,39	16,23	16,02	15,67	15,31	14,95	14,59	14,23	13,85	13,47	13,06	12,64	12,18	11,72	14,52
18/09/2019 23:55:00	15,17	15,51	15,87	16,13	16,22	16,33	16,32	16,20	16,06	15,91	15,77	15,56	15,36	15,09	14,83	14,49	14,14	13,75	13,36	12,93	12,50	14,65
