FileFormat:0002.2 file with temperature of atmosphere
SN105HE102 RTK
local	GMT or Local
0	GMT-Local=[hours]
20	Height[m]
0	0	0	Longitude                [grd]               [min]               [sec]
0	0	0	Latitude                [grd]               [min]               [sec]
N	NS
56,45	Freq[GHz]
0,00	dTemostat[K]
0,150	MessErr[K]
0,248	//[grad/step]
version 14.4.20120406
MTP5HE102F5645K-38.60I70D222917+A1.1
Commentary:
SN105HE102
парабола ДНА = 2,5 град
НЕ102 - ПУ - ХВБ с ЦСД " S "
АЦП - 202 - 09 с контр.U пит.и М
оптопара серии - 2
Т out № 178 пл
БП LPS - 112
End Of Commentary

SYSTEM\alaska.dat
data time	0	50	100	150	200	250	300	350	400	450	500	550	600	650	700	750	800	850	900	950	1000	OutsideTemperature
18/11/2021 00:00:00	-12,24	-12,16	-11,92	-11,61	-11,33	-11,14	-11,22	-11,42	-11,70	-12,06	-12,49	-12,86	-13,24	-13,44	-13,63	-13,72	-13,81	-13,91	-14,00	-14,10	-14,19	-12,40
18/11/2021 00:05:00	-12,03	-11,98	-11,60	-11,13	-10,80	-10,71	-10,93	-11,32	-11,76	-12,23	-12,76	-13,23	-13,69	-13,95	-14,21	-14,32	-14,44	-14,55	-14,67	-14,76	-14,86	-12,18
18/11/2021 00:10:00	-12,04	-12,04	-11,67	-11,11	-10,72	-10,60	-10,71	-11,01	-11,40	-11,90	-12,46	-12,95	-13,45	-13,73	-14,01	-14,14	-14,26	-14,38	-14,49	-14,59	-14,69	-12,18
18/11/2021 00:15:00	-12,24	-12,10	-11,57	-11,02	-10,72	-10,74	-10,96	-11,41	-11,88	-12,34	-12,84	-13,24	-13,64	-13,82	-14,01	-14,08	-14,14	-14,21	-14,28	-14,35	-14,42	-11,86
18/11/2021 00:20:00	-11,85	-12,05	-11,82	-11,44	-11,14	-11,02	-11,07	-11,37	-11,70	-12,00	-12,37	-12,70	-13,03	-13,19	-13,36	-13,45	-13,53	-13,62	-13,70	-13,79	-13,88	-11,86
18/11/2021 00:25:00	-11,87	-12,10	-11,74	-11,17	-10,72	-10,50	-10,42	-10,70	-11,05	-11,38	-11,78	-12,17	-12,55	-12,77	-12,99	-13,11	-13,23	-13,35	-13,46	-13,56	-13,67	-11,98
18/11/2021 00:30:00	-11,94	-11,90	-11,47	-10,96	-10,56	-10,35	-10,46	-10,83	-11,22	-11,57	-11,99	-12,39	-12,79	-13,02	-13,25	-13,38	-13,51	-13,64	-13,77	-13,87	-13,98	-12,21
18/11/2021 00:35:00	-12,07	-11,91	-11,35	-10,69	-10,29	-10,25	-10,42	-10,87	-11,37	-11,87	-12,42	-12,91	-13,41	-13,68	-13,95	-14,08	-14,21	-14,32	-14,44	-14,54	-14,64	-12,13
18/11/2021 00:40:00	-11,93	-11,97	-11,50	-10,82	-10,33	-10,22	-10,47	-10,95	-11,38	-11,71	-12,08	-12,46	-12,84	-13,06	-13,27	-13,41	-13,55	-13,67	-13,79	-13,89	-13,99	-11,85
18/11/2021 00:45:00	-11,76	-11,85	-11,21	-10,48	-9,89	-9,59	-9,80	-10,28	-10,80	-11,32	-11,93	-12,53	-13,12	-13,50	-13,88	-14,08	-14,29	-14,47	-14,65	-14,78	-14,91	-12,00
18/11/2021 00:50:00	-11,74	-11,98	-11,34	-10,52	-9,98	-9,89	-10,18	-10,83	-11,43	-11,88	-12,38	-12,87	-13,37	-13,65	-13,94	-14,11	-14,28	-14,42	-14,55	-14,65	-14,76	-12,51
18/11/2021 00:55:00	-11,87	-11,92	-11,46	-10,86	-10,43	-10,28	-10,45	-10,84	-11,28	-11,75	-12,29	-12,78	-13,27	-13,55	-13,84	-13,98	-14,12	-14,25	-14,37	-14,48	-14,58	-12,41
18/11/2021 01:00:00	-11,87	-11,75	-10,97	-10,08	-9,54	-9,51	-9,84	-10,45	-11,07	-11,66	-12,28	-12,86	-13,43	-13,76	-14,09	-14,25	-14,42	-14,55	-14,69	-14,79	-14,90	-12,38
18/11/2021 01:05:00	-11,90	-11,80	-11,25	-10,66	-10,27	-10,17	-10,36	-10,86	-11,35	-11,75	-12,20	-12,62	-13,03	-13,26	-13,49	-13,61	-13,74	-13,85	-13,97	-14,07	-14,16	-12,58
18/11/2021 01:10:00	-12,09	-11,74	-11,16	-10,51	-10,08	-9,95	-10,13	-10,57	-11,06	-11,55	-12,10	-12,60	-13,11	-13,41	-13,71	-13,87	-14,03	-14,17	-14,31	-14,43	-14,54	-12,29
18/11/2021 01:15:00	-12,16	-12,12	-11,48	-10,67	-10,08	-9,85	-9,96	-10,39	-10,87	-11,36	-11,93	-12,47	-13,01	-13,35	-13,68	-13,86	-14,04	-14,19	-14,35	-14,46	-14,58	-12,68
18/11/2021 01:20:00	-12,21	-11,92	-11,35	-10,67	-10,13	-9,88	-9,96	-10,17	-10,54	-11,09	-11,72	-12,28	-12,84	-13,18	-13,52	-13,67	-13,83	-13,97	-14,12	-14,23	-14,35	-12,48
18/11/2021 01:25:00	-12,24	-11,98	-11,33	-10,67	-10,28	-10,26	-10,60	-11,06	-11,53	-12,04	-12,57	-13,02	-13,46	-13,68	-13,90	-13,99	-14,08	-14,16	-14,24	-14,32	-14,40	-12,24
18/11/2021 01:30:00	-12,24	-11,75	-11,04	-10,35	-9,95	-9,95	-10,28	-10,77	-11,29	-11,85	-12,44	-12,94	-13,44	-13,71	-13,97	-14,09	-14,21	-14,31	-14,42	-14,51	-14,61	-12,26
18/11/2021 01:35:00	-12,16	-11,76	-11,15	-10,42	-9,96	-9,90	-10,05	-10,45	-10,91	-11,43	-12,01	-12,53	-13,05	-13,35	-13,66	-13,81	-13,96	-14,09	-14,23	-14,34	-14,45	-11,81
18/11/2021 01:40:00	-11,97	-11,80	-11,13	-10,33	-9,83	-9,78	-9,98	-10,42	-10,92	-11,46	-12,05	-12,57	-13,09	-13,38	-13,66	-13,79	-13,93	-14,04	-14,15	-14,25	-14,35	-11,96
18/11/2021 01:45:00	-12,10	-11,64	-10,98	-10,31	-9,92	-9,89	-10,06	-10,49	-10,98	-11,50	-12,06	-12,55	-13,03	-13,30	-13,56	-13,69	-13,81	-13,92	-14,03	-14,13	-14,23	-11,95
18/11/2021 01:50:00	-11,92	-11,56	-11,04	-10,54	-10,22	-10,12	-10,30	-10,72	-11,16	-11,57	-12,03	-12,43	-12,84	-13,06	-13,29	-13,40	-13,52	-13,63	-13,74	-13,84	-13,94	-11,89
18/11/2021 01:55:00	-11,85	-11,57	-11,04	-10,46	-10,06	-9,91	-9,99	-10,34	-10,77	-11,26	-11,81	-12,30	-12,80	-13,08	-13,37	-13,51	-13,65	-13,78	-13,92	-14,03	-14,14	-11,75
18/11/2021 02:00:00	-11,62	-11,59	-10,90	-10,06	-9,48	-9,28	-9,48	-9,95	-10,48	-11,01	-11,61	-12,18	-12,74	-13,08	-13,42	-13,61	-13,79	-13,95	-14,10	-14,22	-14,34	-11,73
18/11/2021 02:05:00	-11,61	-11,61	-11,09	-10,46	-10,01	-9,84	-9,96	-10,36	-10,79	-11,20	-11,66	-12,10	-12,53	-12,78	-13,02	-13,16	-13,29	-13,41	-13,53	-13,64	-13,74	-11,81
18/11/2021 02:10:00	-11,81	-11,62	-11,06	-10,53	-10,20	-10,15	-10,39	-10,82	-11,23	-11,59	-11,98	-12,30	-12,63	-12,78	-12,92	-12,99	-13,06	-13,13	-13,20	-13,28	-13,36	-12,09
18/11/2021 02:15:00	-11,83	-11,64	-11,04	-10,29	-9,79	-9,66	-9,79	-10,21	-10,67	-11,12	-11,64	-12,11	-12,59	-12,87	-13,14	-13,29	-13,44	-13,57	-13,70	-13,81	-13,92	-12,56
18/11/2021 02:20:00	-11,84	-11,52	-10,93	-10,31	-9,90	-9,77	-9,96	-10,37	-10,80	-11,20	-11,65	-12,06	-12,47	-12,69	-12,92	-13,05	-13,17	-13,28	-13,40	-13,50	-13,61	-12,86
18/11/2021 02:25:00	-12,02	-11,76	-11,07	-10,16	-9,50	-9,27	-9,43	-9,92	-10,41	-10,83	-11,33	-11,85	-12,38	-12,72	-13,07	-13,29	-13,51	-13,70	-13,88	-14,02	-14,15	-13,10
18/11/2021 02:30:00	-12,08	-11,65	-10,82	-10,04	-9,58	-9,51	-9,80	-10,34	-10,87	-11,36	-11,88	-12,34	-12,79	-13,03	-13,27	-13,39	-13,51	-13,61	-13,72	-13,81	-13,91	-13,23
18/11/2021 02:35:00	-12,48	-11,89	-11,19	-10,38	-9,86	-9,77	-10,01	-10,47	-10,93	-11,38	-11,87	-12,34	-12,82	-13,10	-13,38	-13,54	-13,71	-13,85	-13,99	-14,10	-14,21	-13,11
18/11/2021 02:40:00	-12,63	-12,36	-11,79	-11,07	-10,62	-10,56	-10,73	-11,12	-11,54	-11,97	-12,44	-12,86	-13,28	-13,50	-13,72	-13,83	-13,93	-14,03	-14,13	-14,22	-14,31	-13,21
18/11/2021 02:45:00	-13,09	-12,55	-11,92	-11,35	-11,00	-10,94	-11,12	-11,48	-11,91	-12,38	-12,89	-13,31	-13,73	-13,94	-14,15	-14,23	-14,31	-14,39	-14,47	-14,55	-14,63	-13,28
18/11/2021 02:50:00	-13,22	-12,80	-12,08	-11,40	-11,04	-11,05	-11,27	-11,72	-12,14	-12,51	-12,89	-13,20	-13,50	-13,62	-13,73	-13,77	-13,82	-13,86	-13,90	-13,96	-14,02	-13,19
18/11/2021 02:55:00	-13,26	-12,67	-11,97	-11,33	-10,88	-10,70	-10,82	-11,16	-11,57	-12,03	-12,55	-13,00	-13,46	-13,71	-13,96	-14,08	-14,20	-14,31	-14,42	-14,52	-14,62	-12,96
18/11/2021 03:00:00	-12,92	-12,34	-11,65	-10,96	-10,44	-10,21	-10,41	-10,82	-11,26	-11,71	-12,23	-12,73	-13,23	-13,54	-13,84	-14,01	-14,18	-14,34	-14,50	-14,62	-14,74	-13,04
18/11/2021 03:05:00	-12,79	-12,45	-11,72	-10,85	-10,27	-10,11	-10,29	-10,71	-11,23	-11,84	-12,53	-13,15	-13,77	-14,14	-14,51	-14,68	-14,86	-15,02	-15,17	-15,28	-15,40	-12,86
18/11/2021 03:10:00	-12,92	-12,36	-11,36	-10,46	-9,97	-9,97	-10,32	-10,97	-11,60	-12,17	-12,76	-13,26	-13,77	-14,03	-14,29	-14,42	-14,54	-14,64	-14,74	-14,83	-14,91	-12,95
18/11/2021 03:15:00	-12,91	-12,54	-11,68	-10,78	-10,23	-10,11	-10,23	-10,65	-11,14	-11,69	-12,27	-12,77	-13,27	-13,54	-13,81	-13,93	-14,05	-14,15	-14,25	-14,34	-14,43	-13,06
18/11/2021 03:20:00	-13,17	-12,36	-11,39	-10,59	-10,15	-10,09	-10,35	-10,87	-11,43	-12,00	-12,60	-13,10	-13,61	-13,88	-14,15	-14,27	-14,39	-14,50	-14,60	-14,70	-14,79	-13,10
18/11/2021 03:25:00	-13,21	-12,64	-11,64	-10,77	-10,23	-10,08	-10,31	-10,72	-11,21	-11,77	-12,36	-12,83	-13,31	-13,55	-13,79	-13,88	-13,97	-14,05	-14,13	-14,21	-14,29	-13,16
18/11/2021 03:30:00	-13,27	-12,68	-11,62	-10,56	-9,96	-9,87	-10,09	-10,61	-11,19	-11,77	-12,39	-12,92	-13,45	-13,74	-14,03	-14,16	-14,29	-14,40	-14,51	-14,60	-14,69	-13,06
18/11/2021 03:35:00	-12,98	-12,54	-11,54	-10,65	-10,09	-9,95	-10,25	-10,75	-11,28	-11,82	-12,38	-12,86	-13,33	-13,57	-13,82	-13,92	-14,03	-14,12	-14,21	-14,29	-14,38	-13,05
18/11/2021 03:40:00	-13,10	-12,54	-11,67	-10,88	-10,38	-10,28	-10,58	-10,98	-11,42	-11,90	-12,41	-12,83	-13,25	-13,46	-13,66	-13,75	-13,84	-13,92	-13,99	-14,07	-14,15	-13,08
18/11/2021 03:45:00	-13,09	-12,69	-11,66	-10,58	-9,77	-9,35	-9,40	-9,86	-10,45	-11,14	-11,93	-12,69	-13,45	-13,95	-14,45	-14,71	-14,97	-15,19	-15,42	-15,57	-15,72	-13,08
18/11/2021 03:50:00	-13,12	-12,30	-11,31	-10,46	-10,01	-10,02	-10,37	-11,03	-11,63	-12,13	-12,65	-13,10	-13,55	-13,80	-14,04	-14,16	-14,29	-14,40	-14,50	-14,60	-14,69	-12,94
18/11/2021 03:55:00	-13,03	-12,47	-11,62	-10,57	-9,89	-9,73	-9,87	-10,33	-10,84	-11,35	-11,93	-12,49	-13,05	-13,40	-13,75	-13,95	-14,14	-14,31	-14,47	-14,59	-14,72	-12,98
18/11/2021 04:00:00	-13,10	-12,65	-11,68	-10,65	-9,97	-9,77	-9,98	-10,52	-11,10	-11,65	-12,27	-12,84	-13,42	-13,77	-14,12	-14,31	-14,50	-14,65	-14,81	-14,92	-15,04	-12,80
18/11/2021 04:05:00	-12,93	-12,44	-11,26	-9,99	-9,18	-9,03	-9,40	-10,12	-10,80	-11,37	-11,99	-12,61	-13,23	-13,61	-14,00	-14,23	-14,46	-14,64	-14,82	-14,94	-15,07	-12,83
18/11/2021 04:10:00	-12,77	-12,17	-11,22	-10,22	-9,54	-9,29	-9,42	-9,85	-10,31	-10,76	-11,27	-11,75	-12,24	-12,54	-12,83	-13,01	-13,18	-13,33	-13,48	-13,60	-13,72	-12,92
18/11/2021 04:15:00	-12,79	-12,29	-11,26	-10,17	-9,39	-9,09	-9,24	-9,69	-10,21	-10,77	-11,39	-11,99	-12,60	-12,97	-13,35	-13,56	-13,77	-13,95	-14,13	-14,25	-14,38	-12,93
18/11/2021 04:20:00	-12,93	-12,46	-11,68	-10,68	-10,00	-9,75	-9,70	-10,07	-10,51	-10,97	-11,51	-12,04	-12,57	-12,91	-13,25	-13,44	-13,64	-13,81	-13,98	-14,11	-14,24	-12,80
18/11/2021 04:25:00	-12,94	-12,39	-11,62	-10,74	-10,14	-9,94	-10,09	-10,37	-10,74	-11,20	-11,72	-12,18	-12,64	-12,91	-13,17	-13,30	-13,43	-13,55	-13,67	-13,77	-13,87	-12,81
18/11/2021 04:30:00	-12,90	-12,06	-11,10	-10,27	-9,78	-9,69	-9,91	-10,37	-10,89	-11,46	-12,07	-12,58	-13,10	-13,38	-13,67	-13,80	-13,93	-14,04	-14,16	-14,26	-14,36	-12,96
18/11/2021 04:35:00	-12,90	-12,14	-11,11	-10,15	-9,65	-9,67	-10,00	-10,67	-11,28	-11,76	-12,25	-12,69	-13,13	-13,36	-13,59	-13,72	-13,84	-13,95	-14,05	-14,14	-14,24	-13,03
18/11/2021 04:40:00	-12,90	-12,25	-11,28	-10,29	-9,64	-9,49	-9,76	-10,22	-10,74	-11,30	-11,91	-12,46	-13,02	-13,34	-13,66	-13,82	-13,99	-14,12	-14,26	-14,37	-14,48	-13,00
18/11/2021 04:45:00	-12,86	-12,30	-11,17	-10,16	-9,62	-9,59	-9,76	-10,36	-10,99	-11,56	-12,16	-12,66	-13,16	-13,41	-13,67	-13,78	-13,90	-13,99	-14,08	-14,17	-14,26	-12,88
18/11/2021 04:50:00	-12,82	-12,37	-11,27	-10,09	-9,43	-9,40	-9,74	-10,41	-11,08	-11,71	-12,36	-12,95	-13,54	-13,87	-14,20	-14,37	-14,54	-14,67	-14,80	-14,90	-14,99	-12,84
18/11/2021 04:55:00	-12,84	-12,28	-11,30	-10,23	-9,53	-9,33	-9,54	-10,03	-10,61	-11,23	-11,93	-12,57	-13,21	-13,60	-14,00	-14,20	-14,40	-14,57	-14,74	-14,86	-14,99	-12,93
18/11/2021 05:00:00	-12,92	-12,44	-11,48	-10,52	-9,89	-9,70	-9,89	-10,39	-10,93	-11,49	-12,10	-12,66	-13,21	-13,53	-13,85	-14,01	-14,18	-14,31	-14,45	-14,56	-14,67	-12,78
18/11/2021 05:05:00	-13,05	-12,70	-11,86	-10,80	-10,05	-9,80	-9,99	-10,38	-10,84	-11,34	-11,91	-12,46	-13,02	-13,36	-13,70	-13,89	-14,09	-14,25	-14,40	-14,52	-14,64	-12,91
18/11/2021 05:10:00	-12,73	-12,46	-11,51	-10,42	-9,66	-9,37	-9,54	-10,02	-10,56	-11,14	-11,79	-12,42	-13,05	-13,44	-13,84	-14,05	-14,26	-14,44	-14,62	-14,74	-14,87	-12,80
18/11/2021 05:15:00	-12,74	-12,39	-11,11	-9,93	-9,24	-9,17	-9,60	-10,29	-10,94	-11,50	-12,06	-12,53	-13,00	-13,23	-13,47	-13,58	-13,69	-13,76	-13,84	-13,91	-13,99	-12,94
18/11/2021 05:20:00	-12,99	-12,83	-11,76	-10,64	-9,97	-9,87	-10,19	-10,87	-11,50	-12,00	-12,53	-13,02	-13,51	-13,77	-14,03	-14,17	-14,31	-14,42	-14,52	-14,61	-14,69	-12,97
18/11/2021 05:25:00	-13,01	-12,79	-11,93	-11,08	-10,37	-9,88	-9,87	-10,19	-10,59	-11,03	-11,54	-12,04	-12,54	-12,86	-13,18	-13,35	-13,53	-13,69	-13,85	-13,97	-14,10	-13,00
18/11/2021 05:30:00	-13,04	-12,78	-11,78	-10,65	-9,83	-9,48	-9,53	-9,93	-10,46	-11,05	-11,73	-12,37	-13,01	-13,41	-13,81	-14,02	-14,23	-14,41	-14,58	-14,71	-14,84	-13,00
18/11/2021 05:35:00	-13,24	-12,55	-11,63	-10,59	-9,86	-9,57	-9,65	-10,01	-10,48	-11,04	-11,67	-12,28	-12,88	-13,27	-13,66	-13,87	-14,08	-14,27	-14,45	-14,58	-14,72	-13,14
18/11/2021 05:40:00	-12,91	-12,12	-11,02	-9,87	-9,19	-9,10	-9,35	-9,93	-10,55	-11,19	-11,87	-12,49	-13,11	-13,49	-13,86	-14,06	-14,25	-14,41	-14,57	-14,69	-14,81	-13,03
18/11/2021 05:45:00	-12,99	-12,28	-11,23	-10,13	-9,48	-9,39	-9,62	-10,25	-10,86	-11,39	-11,98	-12,53	-13,08	-13,41	-13,74	-13,92	-14,11	-14,26	-14,41	-14,53	-14,65	-13,11
18/11/2021 05:50:00	-12,90	-12,06	-11,18	-10,40	-9,91	-9,76	-9,97	-10,38	-10,88	-11,44	-12,06	-12,60	-13,14	-13,45	-13,76	-13,91	-14,05	-14,19	-14,32	-14,43	-14,55	-12,98
18/11/2021 05:55:00	-13,12	-12,05	-11,11	-10,36	-9,94	-9,92	-10,25	-10,90	-11,47	-11,92	-12,40	-12,84	-13,29	-13,54	-13,80	-13,95	-14,10	-14,23	-14,36	-14,47	-14,58	-13,05
18/11/2021 06:00:00	-13,01	-11,94	-11,01	-10,20	-9,78	-9,85	-10,27	-10,75	-11,25	-11,80	-12,37	-12,84	-13,30	-13,54	-13,78	-13,88	-13,98	-14,07	-14,16	-14,25	-14,34	-13,10
18/11/2021 06:05:00	-13,00	-11,66	-10,62	-9,78	-9,39	-9,45	-9,82	-10,43	-11,02	-11,55	-12,10	-12,57	-13,04	-13,29	-13,54	-13,67	-13,79	-13,91	-14,02	-14,12	-14,23	-12,99
18/11/2021 06:10:00	-12,88	-11,34	-10,44	-9,80	-9,56	-9,74	-10,23	-10,77	-11,29	-11,79	-12,28	-12,67	-13,05	-13,23	-13,41	-13,49	-13,56	-13,64	-13,71	-13,80	-13,88	-13,05
18/11/2021 06:15:00	-13,16	-11,89	-10,82	-10,16	-9,87	-9,89	-10,19	-10,73	-11,25	-11,73	-12,21	-12,57	-12,92	-13,08	-13,24	-13,29	-13,35	-13,41	-13,47	-13,55	-13,63	-13,10
18/11/2021 06:20:00	-12,79	-11,68	-10,90	-10,16	-9,75	-9,70	-9,87	-10,28	-10,74	-11,22	-11,75	-12,23	-12,71	-12,99	-13,27	-13,42	-13,57	-13,71	-13,86	-13,97	-14,09	-13,23
18/11/2021 06:25:00	-12,85	-11,75	-10,81	-10,04	-9,65	-9,66	-9,89	-10,35	-10,86	-11,41	-11,98	-12,45	-12,93	-13,18	-13,42	-13,53	-13,64	-13,74	-13,84	-13,94	-14,04	-13,05
18/11/2021 06:30:00	-13,01	-12,26	-11,24	-10,37	-9,89	-9,82	-10,07	-10,63	-11,22	-11,78	-12,36	-12,86	-13,35	-13,62	-13,89	-14,01	-14,13	-14,24	-14,34	-14,44	-14,53	-13,01
18/11/2021 06:35:00	-13,00	-12,44	-11,48	-10,54	-9,89	-9,67	-9,91	-10,34	-10,85	-11,42	-12,04	-12,60	-13,16	-13,48	-13,81	-13,98	-14,14	-14,28	-14,42	-14,53	-14,64	-12,80
18/11/2021 06:40:00	-12,53	-11,89	-11,23	-10,57	-10,22	-10,24	-10,33	-10,66	-11,02	-11,38	-11,76	-12,06	-12,36	-12,50	-12,63	-12,68	-12,74	-12,80	-12,86	-12,94	-13,02	-12,72
18/11/2021 06:45:00	-12,90	-12,23	-11,19	-10,44	-10,11	-10,21	-10,57	-11,02	-11,52	-12,07	-12,59	-12,94	-13,28	-13,38	-13,48	-13,47	-13,46	-13,46	-13,45	-13,49	-13,53	-12,49
18/11/2021 06:50:00	-12,41	-11,69	-10,76	-9,94	-9,47	-9,44	-9,76	-10,22	-10,67	-11,09	-11,51	-11,86	-12,21	-12,36	-12,52	-12,60	-12,67	-12,74	-12,80	-12,88	-12,96	-12,47
18/11/2021 06:55:00	-12,30	-11,80	-10,86	-10,07	-9,67	-9,71	-10,10	-10,65	-11,13	-11,51	-11,87	-12,13	-12,39	-12,47	-12,55	-12,58	-12,60	-12,63	-12,65	-12,70	-12,76	-12,31
18/11/2021 07:00:00	-12,20	-12,18	-11,67	-11,07	-10,59	-10,27	-10,15	-10,30	-10,54	-10,83	-11,18	-11,49	-11,79	-11,95	-12,11	-12,19	-12,27	-12,36	-12,44	-12,53	-12,63	-12,05
18/11/2021 07:05:00	-11,85	-11,94	-11,55	-11,17	-10,86	-10,69	-10,82	-10,95	-11,12	-11,38	-11,65	-11,83	-12,00	-12,03	-12,05	-12,03	-12,01	-12,02	-12,02	-12,07	-12,12	-11,89
18/11/2021 07:10:00	-12,04	-12,24	-11,81	-11,25	-10,74	-10,40	-10,36	-10,51	-10,74	-11,07	-11,46	-11,80	-12,15	-12,33	-12,51	-12,60	-12,69	-12,78	-12,87	-12,96	-13,05	-11,96
18/11/2021 07:15:00	-12,15	-12,36	-11,97	-11,33	-10,75	-10,37	-10,38	-10,50	-10,72	-11,05	-11,45	-11,83	-12,21	-12,43	-12,65	-12,77	-12,88	-12,99	-13,10	-13,20	-13,30	-12,37
18/11/2021 07:20:00	-12,43	-12,39	-11,91	-11,24	-10,74	-10,53	-10,55	-10,72	-11,00	-11,37	-11,79	-12,16	-12,53	-12,72	-12,91	-12,99	-13,08	-13,16	-13,24	-13,33	-13,41	-12,53
18/11/2021 07:25:00	-12,39	-12,07	-11,57	-11,02	-10,64	-10,54	-10,71	-11,09	-11,42	-11,66	-11,92	-12,17	-12,42	-12,54	-12,66	-12,73	-12,81	-12,89	-12,97	-13,05	-13,13	-12,77
18/11/2021 07:30:00	-12,35	-11,79	-11,35	-10,96	-10,74	-10,75	-10,96	-11,31	-11,62	-11,86	-12,11	-12,32	-12,53	-12,60	-12,68	-12,72	-12,76	-12,81	-12,87	-12,94	-13,02	-12,68
18/11/2021 07:35:00	-12,50	-12,04	-11,45	-10,98	-10,74	-10,73	-10,90	-11,34	-11,79	-12,19	-12,62	-12,96	-13,31	-13,46	-13,62	-13,68	-13,74	-13,80	-13,87	-13,95	-14,03	-12,61
18/11/2021 07:40:00	-12,50	-12,19	-11,51	-10,98	-10,73	-10,80	-11,10	-11,52	-12,01	-12,55	-13,10	-13,51	-13,91	-14,07	-14,22	-14,25	-14,27	-14,30	-14,33	-14,38	-14,44	-12,55
18/11/2021 07:45:00	-12,20	-11,40	-10,94	-10,69	-10,70	-10,95	-11,36	-11,99	-12,49	-12,77	-13,06	-13,27	-13,47	-13,53	-13,59	-13,61	-13,63	-13,67	-13,71	-13,77	-13,84	-11,92
18/11/2021 07:50:00	-12,24	-11,64	-11,17	-10,82	-10,72	-10,90	-11,24	-11,71	-12,20	-12,70	-13,22	-13,62	-14,01	-14,18	-14,35	-14,40	-14,44	-14,50	-14,55	-14,62	-14,69	-11,71
18/11/2021 07:55:00	-12,46	-12,32	-11,88	-11,43	-11,18	-11,18	-11,39	-11,86	-12,32	-12,72	-13,15	-13,51	-13,87	-14,04	-14,22	-14,29	-14,36	-14,44	-14,51	-14,59	-14,67	-11,98
18/11/2021 08:00:00	-12,64	-12,35	-11,74	-11,12	-10,73	-10,68	-10,94	-11,41	-11,91	-12,40	-12,93	-13,40	-13,86	-14,11	-14,35	-14,46	-14,57	-14,67	-14,78	-14,87	-14,95	-12,41
18/11/2021 08:05:00	-12,62	-12,54	-12,07	-11,57	-11,22	-11,09	-11,19	-11,50	-11,89	-12,34	-12,84	-13,25	-13,66	-13,87	-14,07	-14,15	-14,23	-14,31	-14,39	-14,47	-14,55	-12,36
18/11/2021 08:10:00	-12,53	-12,60	-12,07	-11,42	-11,02	-10,94	-11,08	-11,46	-11,86	-12,25	-12,66	-13,01	-13,36	-13,51	-13,67	-13,73	-13,79	-13,84	-13,90	-13,97	-14,03	-12,45
18/11/2021 08:15:00	-12,67	-12,47	-11,94	-11,40	-11,03	-10,90	-11,00	-11,34	-11,72	-12,09	-12,50	-12,86	-13,21	-13,38	-13,56	-13,64	-13,72	-13,80	-13,88	-13,96	-14,05	-12,74
18/11/2021 08:20:00	-12,67	-12,54	-12,20	-11,79	-11,53	-11,46	-11,58	-11,87	-12,16	-12,44	-12,74	-12,99	-13,24	-13,33	-13,42	-13,45	-13,48	-13,53	-13,57	-13,64	-13,71	-12,72
18/11/2021 08:25:00	-12,80	-12,67	-12,21	-11,66	-11,32	-11,26	-11,35	-11,70	-12,05	-12,37	-12,72	-13,02	-13,32	-13,45	-13,58	-13,63	-13,69	-13,74	-13,80	-13,87	-13,94	-12,58
18/11/2021 08:30:00	-12,70	-12,62	-12,24	-11,73	-11,38	-11,27	-11,31	-11,52	-11,79	-12,12	-12,48	-12,77	-13,07	-13,19	-13,32	-13,36	-13,40	-13,45	-13,50	-13,57	-13,65	-12,73
18/11/2021 08:35:00	-12,76	-12,83	-12,19	-11,45	-10,99	-10,90	-11,06	-11,48	-11,92	-12,34	-12,79	-13,16	-13,53	-13,70	-13,86	-13,93	-13,99	-14,05	-14,11	-14,17	-14,24	-12,80
18/11/2021 08:40:00	-12,81	-12,83	-12,50	-12,01	-11,56	-11,24	-11,12	-11,32	-11,60	-11,92	-12,32	-12,71	-13,10	-13,34	-13,57	-13,70	-13,83	-13,95	-14,08	-14,19	-14,30	-12,75
18/11/2021 08:45:00	-12,80	-12,74	-12,25	-11,72	-11,37	-11,33	-11,63	-12,02	-12,36	-12,63	-12,92	-13,15	-13,38	-13,46	-13,53	-13,56	-13,59	-13,62	-13,65	-13,70	-13,76	-12,71
18/11/2021 08:50:00	-12,65	-12,74	-12,30	-11,72	-11,29	-11,10	-11,15	-11,36	-11,68	-12,10	-12,57	-12,96	-13,36	-13,55	-13,75	-13,82	-13,89	-13,96	-14,03	-14,10	-14,18	-12,71
18/11/2021 08:55:00	-12,67	-12,67	-12,11	-11,47	-11,09	-11,03	-11,14	-11,58	-11,99	-12,33	-12,70	-13,01	-13,32	-13,45	-13,59	-13,65	-13,71	-13,77	-13,82	-13,89	-13,96	-12,53
18/11/2021 09:00:00	-12,71	-12,59	-11,99	-11,33	-10,95	-10,96	-11,25	-11,72	-12,17	-12,56	-12,96	-13,31	-13,65	-13,80	-13,96	-14,02	-14,09	-14,15	-14,21	-14,27	-14,34	-12,68
18/11/2021 09:05:00	-12,53	-12,59	-12,28	-11,74	-11,33	-11,17	-11,18	-11,49	-11,83	-12,14	-12,51	-12,87	-13,23	-13,43	-13,63	-13,74	-13,85	-13,96	-14,07	-14,16	-14,26	-12,61
18/11/2021 09:10:00	-12,48	-12,44	-12,08	-11,72	-11,56	-11,63	-11,85	-12,15	-12,50	-12,88	-13,27	-13,54	-13,81	-13,89	-13,96	-13,95	-13,94	-13,94	-13,94	-13,99	-14,03	-12,55
18/11/2021 09:15:00	-12,43	-12,49	-12,32	-11,99	-11,76	-11,71	-11,79	-11,96	-12,23	-12,62	-13,06	-13,41	-13,76	-13,91	-14,06	-14,10	-14,14	-14,20	-14,25	-14,32	-14,39	-12,46
18/11/2021 09:20:00	-12,54	-12,49	-12,33	-12,06	-11,93	-12,06	-12,39	-12,75	-13,06	-13,36	-13,66	-13,89	-14,12	-14,18	-14,24	-14,24	-14,25	-14,26	-14,28	-14,33	-14,37	-12,59
18/11/2021 09:25:00	-12,47	-12,42	-12,33	-12,22	-12,14	-12,11	-12,22	-12,52	-12,83	-13,10	-13,41	-13,68	-13,94	-14,05	-14,16	-14,19	-14,23	-14,29	-14,35	-14,43	-14,50	-12,51
18/11/2021 09:30:00	-12,57	-12,54	-12,49	-12,33	-12,19	-12,15	-12,22	-12,45	-12,72	-13,02	-13,36	-13,66	-13,96	-14,09	-14,23	-14,28	-14,33	-14,40	-14,47	-14,55	-14,62	-12,65
18/11/2021 09:35:00	-12,58	-12,58	-12,35	-12,11	-12,00	-12,07	-12,31	-12,70	-13,07	-13,39	-13,73	-13,98	-14,24	-14,31	-14,39	-14,40	-14,41	-14,43	-14,45	-14,51	-14,56	-12,51
18/11/2021 09:40:00	-12,55	-12,62	-12,44	-12,10	-11,87	-11,86	-12,01	-12,39	-12,80	-13,20	-13,66	-14,07	-14,49	-14,70	-14,92	-15,01	-15,10	-15,20	-15,29	-15,38	-15,46	-12,65
18/11/2021 09:45:00	-12,58	-12,54	-12,48	-12,31	-12,23	-12,28	-12,45	-12,72	-13,06	-13,46	-13,90	-14,24	-14,59	-14,74	-14,89	-14,92	-14,96	-15,01	-15,06	-15,13	-15,20	-12,46
18/11/2021 09:50:00	-12,46	-12,41	-12,25	-12,04	-12,03	-12,27	-12,58	-13,05	-13,48	-13,80	-14,14	-14,37	-14,61	-14,66	-14,72	-14,71	-14,70	-14,71	-14,72	-14,76	-14,80	-12,58
18/11/2021 09:55:00	-12,51	-12,68	-12,72	-12,66	-12,57	-12,47	-12,42	-12,57	-12,86	-13,30	-13,80	-14,21	-14,62	-14,83	-15,03	-15,09	-15,15	-15,23	-15,31	-15,39	-15,47	-12,58
18/11/2021 10:00:00	-12,55	-12,69	-12,74	-12,68	-12,56	-12,44	-12,47	-12,67	-12,98	-13,37	-13,84	-14,25	-14,66	-14,89	-15,11	-15,20	-15,29	-15,39	-15,49	-15,59	-15,68	-12,51
18/11/2021 10:05:00	-12,52	-12,62	-12,50	-12,29	-12,23	-12,37	-12,63	-13,04	-13,46	-13,87	-14,30	-14,64	-14,97	-15,10	-15,22	-15,25	-15,27	-15,30	-15,33	-15,39	-15,44	-12,38
18/11/2021 10:10:00	-12,31	-12,53	-12,27	-11,93	-11,72	-11,74	-12,02	-12,53	-13,03	-13,49	-13,99	-14,42	-14,85	-15,07	-15,28	-15,37	-15,46	-15,54	-15,63	-15,70	-15,78	-12,28
18/11/2021 10:15:00	-12,32	-12,42	-12,26	-12,04	-11,90	-11,94	-12,29	-12,69	-13,13	-13,63	-14,18	-14,63	-15,08	-15,30	-15,52	-15,59	-15,66	-15,73	-15,80	-15,88	-15,95	-12,25
18/11/2021 10:20:00	-12,27	-12,58	-12,29	-11,85	-11,58	-11,57	-11,84	-12,35	-12,88	-13,41	-13,99	-14,50	-15,01	-15,28	-15,55	-15,66	-15,77	-15,87	-15,97	-16,06	-16,14	-12,20
18/11/2021 10:25:00	-12,21	-12,23	-11,96	-11,67	-11,57	-11,73	-12,08	-12,63	-13,19	-13,71	-14,27	-14,72	-15,18	-15,40	-15,61	-15,68	-15,76	-15,83	-15,90	-15,97	-16,04	-12,21
18/11/2021 10:30:00	-12,05	-12,22	-12,10	-11,77	-11,62	-11,75	-12,03	-12,48	-12,97	-13,48	-14,04	-14,51	-14,98	-15,21	-15,44	-15,52	-15,60	-15,68	-15,76	-15,83	-15,91	-12,13
18/11/2021 10:35:00	-12,09	-12,16	-11,82	-11,45	-11,30	-11,43	-11,86	-12,44	-13,02	-13,58	-14,17	-14,65	-15,13	-15,36	-15,59	-15,67	-15,75	-15,83	-15,90	-15,97	-16,04	-12,05
18/11/2021 10:40:00	-12,03	-12,15	-11,95	-11,70	-11,59	-11,68	-11,89	-12,39	-12,93	-13,47	-14,06	-14,56	-15,05	-15,31	-15,56	-15,65	-15,75	-15,84	-15,93	-16,02	-16,10	-12,04
18/11/2021 10:45:00	-11,93	-12,11	-12,13	-12,06	-11,99	-11,98	-12,12	-12,47	-12,87	-13,30	-13,80	-14,23	-14,66	-14,89	-15,11	-15,20	-15,29	-15,39	-15,49	-15,58	-15,67	-11,85
18/11/2021 10:50:00	-11,78	-11,97	-11,73	-11,55	-11,53	-11,70	-12,14	-12,78	-13,39	-13,92	-14,47	-14,92	-15,36	-15,56	-15,77	-15,83	-15,90	-15,96	-16,03	-16,10	-16,16	-11,83
18/11/2021 10:55:00	-11,73	-12,09	-11,98	-11,85	-11,84	-11,98	-12,30	-12,84	-13,38	-13,87	-14,40	-14,82	-15,25	-15,44	-15,62	-15,68	-15,73	-15,79	-15,85	-15,92	-15,98	-11,73
18/11/2021 11:00:00	-11,57	-11,83	-12,00	-12,06	-12,14	-12,35	-12,71	-13,14	-13,55	-13,91	-14,31	-14,63	-14,95	-15,07	-15,20	-15,23	-15,26	-15,31	-15,36	-15,42	-15,49	-11,60
18/11/2021 11:05:00	-11,46	-11,75	-11,88	-11,94	-12,05	-12,26	-12,60	-13,09	-13,57	-13,97	-14,41	-14,76	-15,11	-15,26	-15,41	-15,44	-15,48	-15,54	-15,59	-15,66	-15,72	-11,56
18/11/2021 11:10:00	-11,44	-11,75	-11,80	-11,77	-11,81	-12,01	-12,40	-12,91	-13,45	-14,00	-14,61	-15,10	-15,60	-15,84	-16,08	-16,16	-16,24	-16,32	-16,40	-16,48	-16,55	-11,41
18/11/2021 11:15:00	-11,26	-11,74	-11,85	-11,93	-12,00	-12,12	-12,49	-13,04	-13,59	-14,09	-14,64	-15,11	-15,58	-15,82	-16,06	-16,15	-16,23	-16,33	-16,42	-16,50	-16,58	-11,34
18/11/2021 11:20:00	-11,31	-11,48	-11,79	-12,07	-12,33	-12,59	-12,88	-13,32	-13,79	-14,27	-14,79	-15,21	-15,63	-15,82	-16,01	-16,05	-16,10	-16,17	-16,24	-16,31	-16,39	-11,28
18/11/2021 11:25:00	-11,00	-11,51	-11,71	-11,93	-12,24	-12,67	-13,20	-13,79	-14,31	-14,75	-15,19	-15,48	-15,77	-15,83	-15,88	-15,84	-15,80	-15,78	-15,77	-15,79	-15,82	-11,16
18/11/2021 11:30:00	-11,08	-11,50	-11,65	-11,75	-11,99	-12,42	-13,01	-13,74	-14,37	-14,86	-15,36	-15,75	-16,13	-16,28	-16,42	-16,44	-16,46	-16,49	-16,53	-16,57	-16,62	-11,10
18/11/2021 11:35:00	-11,13	-11,53	-11,71	-11,77	-11,90	-12,19	-12,61	-13,20	-13,81	-14,38	-15,01	-15,54	-16,06	-16,32	-16,59	-16,68	-16,77	-16,86	-16,95	-17,03	-17,11	-10,94
18/11/2021 11:40:00	-10,83	-11,23	-11,51	-11,75	-12,04	-12,42	-13,00	-13,61	-14,17	-14,66	-15,18	-15,56	-15,95	-16,09	-16,24	-16,26	-16,28	-16,31	-16,35	-16,40	-16,45	-10,96
18/11/2021 11:45:00	-10,90	-11,28	-11,55	-11,77	-11,98	-12,24	-12,79	-13,40	-13,96	-14,45	-14,98	-15,42	-15,86	-16,07	-16,28	-16,35	-16,42	-16,50	-16,58	-16,65	-16,72	-10,85
18/11/2021 11:50:00	-10,76	-11,05	-11,30	-11,57	-11,89	-12,28	-12,91	-13,62	-14,23	-14,68	-15,14	-15,51	-15,87	-16,02	-16,16	-16,19	-16,23	-16,28	-16,33	-16,39	-16,45	-10,83
18/11/2021 11:55:00	-10,73	-11,07	-11,45	-11,73	-11,90	-12,04	-12,42	-12,79	-13,26	-13,93	-14,68	-15,30	-15,93	-16,27	-16,61	-16,73	-16,84	-16,97	-17,09	-17,19	-17,29	-10,76
18/11/2021 12:00:00	-10,64	-10,99	-11,32	-11,52	-11,78	-12,23	-12,79	-13,45	-14,05	-14,53	-15,05	-15,47	-15,90	-16,08	-16,27	-16,32	-16,38	-16,45	-16,52	-16,58	-16,65	-10,68
18/11/2021 12:05:00	-10,54	-10,93	-11,21	-11,45	-11,78	-12,27	-12,87	-13,56	-14,19	-14,76	-15,35	-15,79	-16,23	-16,41	-16,59	-16,61	-16,64	-16,68	-16,72	-16,77	-16,82	-10,57
18/11/2021 12:10:00	-10,50	-10,84	-11,12	-11,43	-11,81	-12,24	-12,82	-13,49	-14,11	-14,63	-15,18	-15,59	-16,00	-16,16	-16,32	-16,35	-16,37	-16,41	-16,45	-16,51	-16,56	-10,48
18/11/2021 12:15:00	-10,47	-10,72	-10,96	-11,22	-11,52	-11,89	-12,46	-13,17	-13,84	-14,42	-15,04	-15,55	-16,05	-16,30	-16,54	-16,62	-16,70	-16,79	-16,88	-16,96	-17,04	-10,37
18/11/2021 12:20:00	-10,36	-10,66	-10,99	-11,31	-11,66	-12,10	-12,81	-13,42	-13,99	-14,59	-15,22	-15,69	-16,16	-16,35	-16,55	-16,58	-16,60	-16,65	-16,70	-16,75	-16,81	-10,35
18/11/2021 12:25:00	-10,20	-10,57	-10,89	-11,12	-11,43	-11,89	-12,43	-13,19	-13,92	-14,55	-15,23	-15,80	-16,37	-16,66	-16,95	-17,05	-17,16	-17,27	-17,38	-17,46	-17,55	-10,24
18/11/2021 12:30:00	-10,11	-10,40	-10,79	-11,11	-11,49	-12,00	-12,58	-13,28	-13,96	-14,55	-15,19	-15,71	-16,23	-16,48	-16,73	-16,80	-16,88	-16,97	-17,06	-17,13	-17,21	-10,16
18/11/2021 12:35:00	-10,08	-10,31	-10,66	-11,00	-11,39	-11,86	-12,49	-13,17	-13,82	-14,47	-15,16	-15,70	-16,24	-16,50	-16,76	-16,83	-16,90	-16,98	-17,06	-17,14	-17,21	-10,01
18/11/2021 12:40:00	-9,94	-10,24	-10,53	-10,95	-11,41	-11,88	-12,56	-13,38	-14,12	-14,68	-15,26	-15,72	-16,18	-16,38	-16,59	-16,64	-16,70	-16,77	-16,84	-16,91	-16,98	-9,97
18/11/2021 12:45:00	-9,92	-10,20	-10,53	-10,74	-11,05	-11,55	-12,20	-12,97	-13,70	-14,35	-15,06	-15,65	-16,24	-16,54	-16,85	-16,96	-17,07	-17,18	-17,29	-17,38	-17,47	-9,83
18/11/2021 12:50:00	-9,71	-10,04	-10,32	-10,69	-11,12	-11,59	-12,17	-12,97	-13,74	-14,38	-15,06	-15,61	-16,17	-16,45	-16,72	-16,81	-16,91	-17,01	-17,11	-17,20	-17,28	-9,69
18/11/2021 12:55:00	-9,58	-10,06	-10,49	-10,77	-11,08	-11,51	-12,00	-12,58	-13,21	-13,97	-14,80	-15,47	-16,15	-16,50	-16,85	-16,95	-17,06	-17,17	-17,29	-17,38	-17,47	-9,61
18/11/2021 13:00:00	-9,47	-9,94	-10,22	-10,44	-10,72	-11,16	-11,83	-12,66	-13,45	-14,11	-14,82	-15,43	-16,04	-16,37	-16,69	-16,82	-16,95	-17,08	-17,21	-17,30	-17,40	-9,52
18/11/2021 13:05:00	-9,53	-9,89	-10,19	-10,46	-10,84	-11,35	-12,04	-12,86	-13,63	-14,29	-14,99	-15,56	-16,13	-16,42	-16,70	-16,80	-16,89	-16,99	-17,10	-17,18	-17,26	-9,43
18/11/2021 13:10:00	-9,41	-9,85	-10,24	-10,51	-10,83	-11,31	-11,97	-12,71	-13,43	-14,15	-14,91	-15,55	-16,19	-16,52	-16,85	-16,97	-17,08	-17,20	-17,32	-17,41	-17,50	-9,40
18/11/2021 13:15:00	-9,39	-9,82	-10,13	-10,37	-10,72	-11,27	-12,02	-12,83	-13,58	-14,31	-15,07	-15,68	-16,29	-16,58	-16,88	-16,97	-17,06	-17,15	-17,24	-17,32	-17,39	-9,29
18/11/2021 13:20:00	-9,30	-9,63	-10,05	-10,36	-10,74	-11,29	-12,01	-12,77	-13,50	-14,22	-14,99	-15,63	-16,26	-16,58	-16,91	-17,02	-17,13	-17,24	-17,35	-17,44	-17,53	-9,22
18/11/2021 13:25:00	-9,23	-9,53	-9,95	-10,32	-10,75	-11,33	-12,11	-12,93	-13,66	-14,30	-14,98	-15,53	-16,09	-16,36	-16,63	-16,72	-16,81	-16,91	-17,01	-17,09	-17,17	-9,10
18/11/2021 13:30:00	-9,03	-9,39	-9,63	-9,84	-10,23	-10,87	-11,65	-12,51	-13,32	-14,11	-14,93	-15,57	-16,20	-16,51	-16,81	-16,89	-16,97	-17,06	-17,14	-17,22	-17,29	-9,10
18/11/2021 13:35:00	-8,94	-9,59	-10,07	-10,37	-10,63	-10,95	-11,56	-12,22	-12,87	-13,58	-14,37	-15,05	-15,73	-16,11	-16,49	-16,64	-16,80	-16,95	-17,10	-17,20	-17,31	-9,06
18/11/2021 13:40:00	-8,92	-9,37	-9,66	-9,93	-10,32	-10,86	-11,64	-12,52	-13,32	-14,03	-14,77	-15,37	-15,97	-16,27	-16,57	-16,66	-16,76	-16,86	-16,97	-17,05	-17,13	-8,89
18/11/2021 13:45:00	-8,96	-9,32	-9,58	-9,85	-10,22	-10,76	-11,54	-12,45	-13,29	-14,03	-14,81	-15,47	-16,12	-16,47	-16,81	-16,95	-17,08	-17,21	-17,34	-17,44	-17,53	-8,92
18/11/2021 13:50:00	-8,99	-9,20	-9,52	-9,88	-10,30	-10,83	-11,66	-12,52	-13,30	-14,02	-14,79	-15,42	-16,05	-16,38	-16,71	-16,83	-16,95	-17,08	-17,20	-17,30	-17,39	-8,89
18/11/2021 13:55:00	-8,81	-9,16	-9,53	-9,88	-10,32	-10,90	-11,66	-12,50	-13,29	-14,05	-14,84	-15,47	-16,11	-16,43	-16,75	-16,86	-16,96	-17,07	-17,18	-17,27	-17,35	-8,86
18/11/2021 14:00:00	-8,79	-9,28	-9,63	-9,93	-10,33	-10,89	-11,61	-12,43	-13,23	-13,99	-14,79	-15,45	-16,10	-16,43	-16,76	-16,87	-16,98	-17,09	-17,20	-17,29	-17,37	-8,80
18/11/2021 14:05:00	-8,70	-9,16	-9,58	-9,91	-10,32	-10,90	-11,75	-12,61	-13,38	-14,07	-14,80	-15,40	-15,99	-16,29	-16,58	-16,69	-16,79	-16,89	-17,00	-17,08	-17,16	-8,75
18/11/2021 14:10:00	-8,66	-9,10	-9,47	-9,76	-10,19	-10,83	-11,71	-12,63	-13,48	-14,29	-15,15	-15,85	-16,54	-16,90	-17,25	-17,37	-17,49	-17,60	-17,72	-17,80	-17,89	-8,60
18/11/2021 14:15:00	-8,74	-9,29	-9,65	-9,98	-10,39	-10,94	-11,82	-12,80	-13,69	-14,46	-15,28	-15,97	-16,66	-17,02	-17,39	-17,53	-17,68	-17,81	-17,95	-18,04	-18,14	-8,65
18/11/2021 14:20:00	-9,02	-9,73	-10,22	-10,54	-10,80	-11,11	-11,68	-12,44	-13,22	-13,97	-14,82	-15,59	-16,36	-16,83	-17,29	-17,50	-17,70	-17,90	-18,10	-18,22	-18,35	-8,82
18/11/2021 14:25:00	-8,96	-9,30	-9,77	-10,26	-10,79	-11,33	-11,97	-12,75	-13,52	-14,24	-15,01	-15,63	-16,25	-16,57	-16,89	-16,99	-17,10	-17,21	-17,33	-17,42	-17,52	-8,91
18/11/2021 14:30:00	-8,87	-9,37	-9,77	-9,99	-10,34	-10,98	-11,90	-12,78	-13,58	-14,37	-15,20	-15,88	-16,56	-16,90	-17,24	-17,36	-17,47	-17,58	-17,68	-17,76	-17,84	-8,89
18/11/2021 14:35:00	-8,94	-9,35	-9,71	-10,09	-10,52	-11,03	-11,73	-12,60	-13,47	-14,24	-15,08	-15,79	-16,50	-16,88	-17,27	-17,41	-17,56	-17,71	-17,86	-17,96	-18,07	-8,93
18/11/2021 14:40:00	-8,80	-9,29	-9,71	-10,08	-10,54	-11,16	-12,03	-13,00	-13,90	-14,70	-15,55	-16,25	-16,96	-17,33	-17,69	-17,83	-17,96	-18,09	-18,22	-18,31	-18,40	-8,86
18/11/2021 14:45:00	-8,95	-9,42	-9,83	-10,20	-10,64	-11,20	-12,02	-12,98	-13,89	-14,69	-15,55	-16,28	-17,02	-17,42	-17,82	-17,98	-18,13	-18,28	-18,44	-18,54	-18,64	-8,88
18/11/2021 14:50:00	-9,03	-9,60	-10,02	-10,39	-10,81	-11,32	-11,92	-12,70	-13,51	-14,36	-15,26	-16,01	-16,76	-17,16	-17,56	-17,70	-17,83	-17,97	-18,10	-18,20	-18,30	-9,06
18/11/2021 14:55:00	-9,14	-9,47	-9,88	-10,19	-10,60	-11,19	-12,00	-12,93	-13,80	-14,55	-15,35	-16,04	-16,73	-17,10	-17,47	-17,62	-17,77	-17,92	-18,06	-18,16	-18,26	-9,21
18/11/2021 15:00:00	-9,13	-9,61	-10,04	-10,36	-10,73	-11,26	-12,02	-12,88	-13,69	-14,47	-15,31	-16,02	-16,73	-17,12	-17,51	-17,65	-17,80	-17,94	-18,09	-18,18	-18,28	-9,23
18/11/2021 15:05:00	-9,37	-9,86	-10,29	-10,64	-11,10	-11,77	-12,49	-13,26	-14,02	-14,82	-15,65	-16,30	-16,95	-17,26	-17,56	-17,63	-17,70	-17,78	-17,85	-17,92	-17,99	-9,32
18/11/2021 15:10:00	-9,37	-9,95	-10,36	-10,73	-11,22	-11,90	-12,74	-13,63	-14,44	-15,19	-15,96	-16,57	-17,17	-17,43	-17,70	-17,77	-17,83	-17,89	-17,96	-18,02	-18,08	-9,36
18/11/2021 15:15:00	-9,46	-10,01	-10,38	-10,67	-11,05	-11,65	-12,60	-13,59	-14,48	-15,28	-16,12	-16,83	-17,54	-17,91	-18,27	-18,40	-18,53	-18,66	-18,78	-18,86	-18,94	-9,43
18/11/2021 15:20:00	-9,44	-9,95	-10,44	-10,79	-11,25	-11,94	-12,89	-13,78	-14,59	-15,41	-16,27	-16,95	-17,63	-17,96	-18,29	-18,38	-18,47	-18,56	-18,65	-18,72	-18,78	-9,46
18/11/2021 15:25:00	-9,70	-10,26	-10,76	-11,07	-11,46	-12,06	-12,80	-13,69	-14,54	-15,29	-16,11	-16,81	-17,51	-17,89	-18,26	-18,40	-18,54	-18,68	-18,81	-18,90	-18,99	-9,60
18/11/2021 15:30:00	-9,65	-10,17	-10,59	-10,89	-11,35	-12,12	-13,08	-14,06	-14,92	-15,67	-16,43	-17,04	-17,64	-17,92	-18,19	-18,27	-18,34	-18,41	-18,48	-18,54	-18,59	-9,63
18/11/2021 15:35:00	-9,67	-10,29	-10,68	-10,97	-11,40	-12,04	-12,84	-13,78	-14,68	-15,52	-16,40	-17,12	-17,83	-18,20	-18,56	-18,68	-18,79	-18,90	-19,01	-19,08	-19,16	-9,63
18/11/2021 15:40:00	-9,74	-10,08	-10,50	-10,93	-11,45	-12,09	-12,98	-13,89	-14,75	-15,59	-16,48	-17,18	-17,89	-18,24	-18,60	-18,70	-18,80	-18,91	-19,01	-19,09	-19,17	-9,68
18/11/2021 15:45:00	-9,77	-10,33	-10,83	-11,19	-11,58	-12,12	-12,84	-13,75	-14,62	-15,41	-16,27	-17,02	-17,76	-18,18	-18,60	-18,77	-18,94	-19,09	-19,25	-19,36	-19,46	-9,80
18/11/2021 15:50:00	-9,85	-10,28	-10,70	-11,13	-11,69	-12,40	-13,21	-14,08	-14,92	-15,74	-16,58	-17,23	-17,88	-18,17	-18,46	-18,52	-18,58	-18,65	-18,71	-18,77	-18,83	-9,78
18/11/2021 15:55:00	-9,76	-10,34	-10,75	-11,14	-11,65	-12,33	-13,12	-14,01	-14,86	-15,66	-16,50	-17,15	-17,79	-18,09	-18,38	-18,45	-18,51	-18,58	-18,65	-18,71	-18,77	-9,80
18/11/2021 16:00:00	-9,95	-10,36	-10,81	-11,20	-11,69	-12,35	-13,23	-14,12	-14,93	-15,69	-16,49	-17,12	-17,76	-18,06	-18,36	-18,44	-18,52	-18,61	-18,69	-18,76	-18,82	-9,86
18/11/2021 16:05:00	-9,87	-10,25	-10,76	-11,26	-11,77	-12,36	-13,22	-14,10	-14,91	-15,65	-16,44	-17,09	-17,73	-18,06	-18,38	-18,48	-18,58	-18,69	-18,80	-18,87	-18,95	-9,95
18/11/2021 16:10:00	-9,86	-10,38	-10,81	-11,24	-11,68	-12,17	-12,95	-13,82	-14,66	-15,46	-16,32	-17,04	-17,76	-18,14	-18,52	-18,66	-18,79	-18,92	-19,05	-19,14	-19,23	-9,95
18/11/2021 16:15:00	-9,89	-10,50	-10,83	-11,14	-11,59	-12,26	-13,16	-14,09	-14,95	-15,76	-16,59	-17,24	-17,89	-18,19	-18,48	-18,55	-18,61	-18,68	-18,74	-18,80	-18,85	-10,03
18/11/2021 16:20:00	-9,98	-10,38	-10,75	-11,12	-11,60	-12,24	-13,07	-14,12	-15,08	-15,81	-16,59	-17,26	-17,93	-18,28	-18,63	-18,76	-18,90	-19,03	-19,16	-19,24	-19,33	-10,01
18/11/2021 16:25:00	-10,05	-10,35	-10,85	-11,36	-11,88	-12,46	-13,23	-14,07	-14,87	-15,66	-16,51	-17,20	-17,90	-18,26	-18,62	-18,74	-18,85	-18,98	-19,10	-19,19	-19,27	-10,10
18/11/2021 16:30:00	-10,10	-10,44	-10,92	-11,49	-12,12	-12,80	-13,66	-14,54	-15,35	-16,12	-16,91	-17,51	-18,11	-18,38	-18,65	-18,70	-18,75	-18,82	-18,88	-18,94	-19,00	-10,07
18/11/2021 16:35:00	-10,20	-10,61	-11,02	-11,46	-11,93	-12,45	-13,26	-14,17	-15,02	-15,77	-16,58	-17,26	-17,94	-18,29	-18,65	-18,77	-18,89	-19,01	-19,13	-19,22	-19,30	-10,15
18/11/2021 16:40:00	-10,22	-10,63	-11,02	-11,39	-11,85	-12,44	-13,20	-14,10	-14,97	-15,77	-16,62	-17,33	-18,03	-18,40	-18,76	-18,88	-19,00	-19,11	-19,23	-19,31	-19,39	-10,20
18/11/2021 16:45:00	-10,24	-10,70	-11,09	-11,42	-11,87	-12,51	-13,35	-14,26	-15,10	-15,86	-16,66	-17,30	-17,95	-18,26	-18,57	-18,65	-18,74	-18,83	-18,92	-18,98	-19,05	-10,29
18/11/2021 16:50:00	-10,29	-10,57	-11,02	-11,49	-12,05	-12,74	-13,57	-14,47	-15,31	-16,11	-16,95	-17,61	-18,28	-18,60	-18,91	-19,00	-19,08	-19,17	-19,26	-19,33	-19,40	-10,26
18/11/2021 16:55:00	-10,35	-10,87	-11,24	-11,49	-11,85	-12,44	-13,27	-14,24	-15,15	-15,94	-16,79	-17,51	-18,23	-18,60	-18,98	-19,12	-19,26	-19,39	-19,52	-19,60	-19,68	-10,24
18/11/2021 17:00:00	-10,34	-10,61	-11,00	-11,41	-11,93	-12,59	-13,47	-14,40	-15,24	-16,00	-16,79	-17,41	-18,04	-18,33	-18,63	-18,71	-18,79	-18,87	-18,95	-19,02	-19,09	-10,36
18/11/2021 17:05:00	-10,42	-10,78	-11,16	-11,52	-11,98	-12,60	-13,45	-14,36	-15,20	-15,97	-16,77	-17,41	-18,05	-18,36	-18,67	-18,76	-18,85	-18,94	-19,02	-19,09	-19,16	-10,33
18/11/2021 17:10:00	-10,34	-10,73	-11,06	-11,38	-11,84	-12,51	-13,44	-14,43	-15,31	-16,05	-16,81	-17,42	-18,04	-18,32	-18,61	-18,69	-18,78	-18,86	-18,94	-19,01	-19,07	-10,36
18/11/2021 17:15:00	-10,36	-10,81	-11,22	-11,52	-11,89	-12,42	-13,21	-14,09	-14,93	-15,69	-16,51	-17,21	-17,91	-18,29	-18,66	-18,80	-18,94	-19,07	-19,20	-19,29	-19,37	-10,38
18/11/2021 17:20:00	-10,39	-10,79	-11,18	-11,59	-12,04	-12,56	-13,26	-14,04	-14,85	-15,73	-16,67	-17,43	-18,19	-18,58	-18,97	-19,08	-19,19	-19,31	-19,42	-19,51	-19,59	-10,33
18/11/2021 17:25:00	-10,36	-10,81	-11,24	-11,69	-12,19	-12,80	-13,60	-14,54	-15,38	-16,02	-16,70	-17,26	-17,82	-18,09	-18,35	-18,44	-18,52	-18,61	-18,70	-18,77	-18,84	-10,40
18/11/2021 17:30:00	-10,46	-10,86	-11,28	-11,70	-12,18	-12,76	-13,45	-14,35	-15,20	-15,94	-16,73	-17,39	-18,04	-18,37	-18,70	-18,80	-18,91	-19,02	-19,13	-19,21	-19,29	-10,39
18/11/2021 17:35:00	-10,47	-10,68	-11,16	-11,69	-12,25	-12,85	-13,69	-14,50	-15,25	-15,96	-16,70	-17,29	-17,87	-18,14	-18,40	-18,46	-18,52	-18,60	-18,67	-18,74	-18,80	-10,46
18/11/2021 17:40:00	-10,30	-10,88	-11,24	-11,48	-11,91	-12,64	-13,51	-14,57	-15,52	-16,25	-17,01	-17,63	-18,26	-18,55	-18,84	-18,93	-19,03	-19,11	-19,19	-19,25	-19,31	-10,43
18/11/2021 17:45:00	-10,52	-10,91	-11,19	-11,49	-11,94	-12,62	-13,51	-14,46	-15,34	-16,15	-16,99	-17,64	-18,29	-18,59	-18,89	-18,97	-19,04	-19,11	-19,18	-19,24	-19,29	-10,45
18/11/2021 17:50:00	-10,37	-10,74	-11,21	-11,69	-12,21	-12,80	-13,53	-14,32	-15,10	-15,86	-16,67	-17,31	-17,96	-18,27	-18,58	-18,66	-18,74	-18,83	-18,92	-19,00	-19,07	-10,38
18/11/2021 17:55:00	-10,39	-10,80	-11,19	-11,54	-11,97	-12,56	-13,38	-14,28	-15,15	-15,98	-16,86	-17,58	-18,30	-18,67	-19,04	-19,15	-19,27	-19,39	-19,50	-19,58	-19,66	-10,48
18/11/2021 18:00:00	-10,40	-10,91	-11,28	-11,54	-11,91	-12,45	-13,15	-13,97	-14,83	-15,77	-16,79	-17,62	-18,46	-18,91	-19,35	-19,49	-19,63	-19,77	-19,90	-19,99	-20,08	-10,41
18/11/2021 18:05:00	-10,51	-10,84	-11,18	-11,56	-12,06	-12,73	-13,65	-14,59	-15,45	-16,26	-17,10	-17,76	-18,41	-18,72	-19,03	-19,10	-19,17	-19,25	-19,32	-19,38	-19,44	-10,53
18/11/2021 18:10:00	-10,51	-10,90	-11,29	-11,63	-12,14	-12,86	-13,66	-14,54	-15,38	-16,21	-17,07	-17,72	-18,38	-18,68	-18,98	-19,03	-19,09	-19,16	-19,22	-19,27	-19,33	-10,52
18/11/2021 18:15:00	-10,65	-10,91	-11,41	-11,85	-12,35	-12,96	-13,64	-14,46	-15,27	-16,05	-16,88	-17,57	-18,25	-18,61	-18,96	-19,07	-19,18	-19,30	-19,41	-19,49	-19,58	-10,60
18/11/2021 18:20:00	-10,79	-11,02	-11,40	-11,83	-12,29	-12,78	-13,41	-14,18	-15,01	-15,92	-16,91	-17,72	-18,53	-18,97	-19,41	-19,54	-19,68	-19,82	-19,96	-20,06	-20,16	-10,60
18/11/2021 18:25:00	-10,80	-11,19	-11,50	-11,87	-12,34	-12,97	-13,83	-14,74	-15,59	-16,40	-17,25	-17,91	-18,57	-18,88	-19,18	-19,26	-19,33	-19,40	-19,48	-19,53	-19,59	-10,71
18/11/2021 18:30:00	-10,78	-11,00	-11,52	-12,00	-12,51	-13,15	-13,92	-14,71	-15,46	-16,20	-16,99	-17,62	-18,25	-18,55	-18,86	-18,94	-19,02	-19,11	-19,21	-19,28	-19,35	-10,75
18/11/2021 18:35:00	-10,88	-11,21	-11,60	-11,98	-12,42	-13,00	-13,84	-14,71	-15,56	-16,40	-17,30	-18,03	-18,76	-19,13	-19,51	-19,62	-19,73	-19,84	-19,95	-20,03	-20,10	-10,75
18/11/2021 18:40:00	-10,94	-11,34	-11,81	-12,21	-12,65	-13,20	-13,88	-14,68	-15,47	-16,21	-17,00	-17,65	-18,30	-18,63	-18,96	-19,06	-19,15	-19,26	-19,36	-19,44	-19,51	-10,93
18/11/2021 18:45:00	-10,95	-11,49	-11,90	-12,23	-12,61	-13,14	-13,84	-14,68	-15,50	-16,29	-17,14	-17,84	-18,54	-18,90	-19,26	-19,37	-19,48	-19,59	-19,70	-19,77	-19,85	-10,98
18/11/2021 18:50:00	-11,05	-11,30	-11,74	-12,09	-12,52	-13,14	-13,98	-14,85	-15,67	-16,47	-17,31	-18,00	-18,70	-19,05	-19,40	-19,51	-19,62	-19,73	-19,84	-19,91	-19,99	-10,98
18/11/2021 18:55:00	-10,95	-11,44	-11,93	-12,37	-12,85	-13,42	-14,22	-15,05	-15,81	-16,51	-17,25	-17,84	-18,42	-18,70	-18,97	-19,04	-19,10	-19,18	-19,25	-19,31	-19,37	-10,97
18/11/2021 19:00:00	-11,01	-11,28	-11,73	-12,19	-12,72	-13,35	-14,06	-14,91	-15,74	-16,51	-17,32	-17,97	-18,62	-18,94	-19,26	-19,35	-19,43	-19,53	-19,62	-19,69	-19,77	-11,02
18/11/2021 19:05:00	-11,10	-11,56	-11,94	-12,27	-12,68	-13,22	-13,91	-14,80	-15,69	-16,52	-17,42	-18,17	-18,92	-19,32	-19,71	-19,85	-19,98	-20,10	-20,23	-20,31	-20,39	-11,12
18/11/2021 19:10:00	-11,14	-11,70	-12,05	-12,26	-12,53	-13,00	-13,78	-14,74	-15,65	-16,47	-17,37	-18,16	-18,96	-19,41	-19,85	-20,03	-20,21	-20,37	-20,53	-20,63	-20,72	-11,15
18/11/2021 19:15:00	-11,09	-11,54	-11,92	-12,26	-12,72	-13,31	-14,08	-15,08	-16,02	-16,86	-17,75	-18,51	-19,26	-19,65	-20,05	-20,18	-20,31	-20,44	-20,57	-20,65	-20,73	-11,08
18/11/2021 19:20:00	-11,06	-11,56	-11,99	-12,39	-12,85	-13,46	-14,33	-15,37	-16,28	-16,99	-17,74	-18,37	-19,01	-19,33	-19,64	-19,75	-19,86	-19,97	-20,07	-20,14	-20,21	-11,23
18/11/2021 19:25:00	-11,29	-11,74	-12,15	-12,51	-12,96	-13,57	-14,42	-15,41	-16,32	-17,10	-17,92	-18,61	-19,29	-19,64	-19,98	-20,10	-20,21	-20,31	-20,42	-20,49	-20,56	-11,31
18/11/2021 19:30:00	-11,39	-11,79	-12,26	-12,69	-13,21	-13,88	-14,66	-15,56	-16,41	-17,19	-18,01	-18,67	-19,32	-19,64	-19,95	-20,02	-20,10	-20,18	-20,26	-20,32	-20,38	-11,43
18/11/2021 19:35:00	-11,54	-11,99	-12,30	-12,64	-13,12	-13,81	-14,74	-15,72	-16,62	-17,43	-18,26	-18,91	-19,56	-19,84	-20,13	-20,19	-20,24	-20,30	-20,35	-20,40	-20,44	-11,55
18/11/2021 19:40:00	-11,58	-12,01	-12,43	-12,84	-13,26	-13,76	-14,55	-15,48	-16,35	-17,15	-18,02	-18,76	-19,49	-19,88	-20,27	-20,41	-20,54	-20,67	-20,80	-20,88	-20,97	-11,55
18/11/2021 19:45:00	-11,62	-12,00	-12,44	-12,83	-13,26	-13,81	-14,54	-15,40	-16,27	-17,12	-18,04	-18,81	-19,58	-19,98	-20,39	-20,52	-20,65	-20,77	-20,90	-20,98	-21,06	-11,72
18/11/2021 19:50:00	-11,93	-12,28	-12,68	-13,07	-13,57	-14,23	-15,06	-16,00	-16,87	-17,67	-18,50	-19,17	-19,83	-20,14	-20,46	-20,53	-20,60	-20,68	-20,75	-20,81	-20,86	-11,90
18/11/2021 19:55:00	-11,82	-12,26	-12,80	-13,22	-13,69	-14,32	-15,16	-16,00	-16,82	-17,64	-18,52	-19,22	-19,92	-20,26	-20,60	-20,68	-20,76	-20,84	-20,92	-20,98	-21,04	-11,95
18/11/2021 20:00:00	-12,14	-12,44	-12,87	-13,32	-13,80	-14,32	-15,00	-15,80	-16,63	-17,50	-18,43	-19,19	-19,95	-20,33	-20,72	-20,82	-20,92	-21,03	-21,14	-21,21	-21,28	-12,01
18/11/2021 20:05:00	-12,08	-12,69	-13,08	-13,40	-13,80	-14,39	-15,27	-16,22	-17,08	-17,87	-18,70	-19,39	-20,07	-20,40	-20,73	-20,82	-20,91	-20,99	-21,07	-21,13	-21,18	-12,02
18/11/2021 20:10:00	-12,10	-12,72	-13,00	-13,28	-13,70	-14,34	-15,30	-16,36	-17,30	-18,09	-18,90	-19,55	-20,21	-20,50	-20,79	-20,86	-20,93	-20,99	-21,04	-21,09	-21,13	-12,11
18/11/2021 20:15:00	-12,33	-12,83	-13,16	-13,45	-13,88	-14,49	-15,32	-16,33	-17,22	-17,97	-18,75	-19,38	-20,02	-20,32	-20,61	-20,69	-20,77	-20,84	-20,92	-20,97	-21,02	-12,39
18/11/2021 20:20:00	-12,35	-13,06	-13,33	-13,48	-13,81	-14,38	-15,10	-16,09	-17,04	-17,91	-18,83	-19,59	-20,35	-20,73	-21,10	-21,21	-21,32	-21,41	-21,50	-21,56	-21,62	-12,60
18/11/2021 20:25:00	-12,46	-12,97	-13,30	-13,55	-13,97	-14,62	-15,49	-16,51	-17,45	-18,27	-19,12	-19,82	-20,51	-20,83	-21,16	-21,24	-21,33	-21,40	-21,47	-21,52	-21,57	-12,64
18/11/2021 20:30:00	-12,69	-13,29	-13,52	-13,83	-14,28	-14,90	-15,73	-16,74	-17,67	-18,48	-19,32	-19,97	-20,62	-20,90	-21,19	-21,24	-21,29	-21,33	-21,38	-21,41	-21,45	-12,73
18/11/2021 20:35:00	-12,69	-13,13	-13,63	-14,04	-14,48	-15,06	-15,91	-16,73	-17,54	-18,37	-19,26	-19,97	-20,69	-21,03	-21,37	-21,45	-21,53	-21,61	-21,69	-21,74	-21,79	-12,63
18/11/2021 20:40:00	-12,83	-13,25	-13,63	-14,02	-14,48	-15,05	-15,82	-16,79	-17,69	-18,47	-19,31	-19,99	-20,67	-21,01	-21,35	-21,44	-21,53	-21,62	-21,70	-21,76	-21,82	-12,90
18/11/2021 20:45:00	-12,92	-13,36	-13,80	-14,16	-14,64	-15,29	-16,02	-16,91	-17,77	-18,59	-19,45	-20,14	-20,83	-21,14	-21,46	-21,52	-21,58	-21,65	-21,71	-21,75	-21,80	-12,89
18/11/2021 20:50:00	-13,15	-13,63	-14,01	-14,38	-14,82	-15,40	-16,19	-17,12	-17,96	-18,69	-19,46	-20,08	-20,69	-20,98	-21,26	-21,32	-21,38	-21,44	-21,49	-21,54	-21,58	-13,03
18/11/2021 20:55:00	-13,32	-13,66	-14,03	-14,53	-15,14	-15,85	-16,67	-17,45	-18,25	-19,08	-19,92	-20,51	-21,10	-21,31	-21,51	-21,48	-21,45	-21,44	-21,42	-21,43	-21,44	-13,49
18/11/2021 21:00:00	-13,28	-13,79	-14,06	-14,35	-14,75	-15,35	-16,26	-17,23	-18,15	-19,00	-19,89	-20,59	-21,30	-21,62	-21,94	-22,01	-22,07	-22,13	-22,19	-22,23	-22,27	-13,35
18/11/2021 21:05:00	-13,44	-13,80	-14,27	-14,59	-15,00	-15,56	-16,19	-17,06	-17,91	-18,73	-19,62	-20,37	-21,11	-21,49	-21,88	-21,99	-22,10	-22,20	-22,31	-22,37	-22,44	-13,28
18/11/2021 21:10:00	-13,55	-13,86	-14,13	-14,42	-14,87	-15,57	-16,58	-17,55	-18,43	-19,22	-20,03	-20,66	-21,28	-21,53	-21,79	-21,82	-21,85	-21,88	-21,91	-21,93	-21,95	-13,57
18/11/2021 21:15:00	-13,56	-13,97	-14,23	-14,54	-15,02	-15,69	-16,59	-17,55	-18,45	-19,28	-20,12	-20,76	-21,40	-21,67	-21,93	-21,96	-21,98	-22,00	-22,03	-22,05	-22,07	-13,73
18/11/2021 21:20:00	-13,60	-13,98	-14,39	-14,74	-15,24	-15,94	-16,73	-17,61	-18,42	-19,14	-19,88	-20,44	-21,00	-21,22	-21,44	-21,46	-21,47	-21,49	-21,51	-21,53	-21,55	-13,64
18/11/2021 21:25:00	-13,71	-14,23	-14,53	-14,73	-15,07	-15,62	-16,31	-17,20	-18,08	-18,93	-19,84	-20,58	-21,32	-21,68	-22,03	-22,12	-22,20	-22,28	-22,35	-22,40	-22,45	-13,95
18/11/2021 21:30:00	-13,76	-14,28	-14,57	-14,70	-14,97	-15,54	-16,43	-17,37	-18,26	-19,11	-20,02	-20,76	-21,50	-21,86	-22,22	-22,31	-22,40	-22,48	-22,55	-22,60	-22,64	-13,74
18/11/2021 21:35:00	-13,85	-14,30	-14,53	-14,75	-15,10	-15,64	-16,45	-17,39	-18,26	-19,04	-19,87	-20,53	-21,19	-21,49	-21,80	-21,86	-21,93	-21,98	-22,04	-22,08	-22,12	-14,11
18/11/2021 21:40:00	-14,13	-14,49	-14,73	-14,85	-15,22	-15,93	-16,78	-17,72	-18,61	-19,43	-20,28	-20,94	-21,60	-21,88	-22,16	-22,19	-22,23	-22,26	-22,28	-22,31	-22,33	-14,15
18/11/2021 21:45:00	-14,18	-14,52	-14,84	-15,07	-15,43	-15,97	-16,64	-17,55	-18,40	-19,17	-19,99	-20,67	-21,35	-21,68	-22,00	-22,09	-22,17	-22,25	-22,32	-22,37	-22,42	-14,26
18/11/2021 21:50:00	-14,26	-14,64	-14,91	-15,17	-15,50	-15,95	-16,64	-17,48	-18,29	-19,06	-19,89	-20,55	-21,22	-21,54	-21,86	-21,93	-22,00	-22,07	-22,14	-22,19	-22,23	-14,28
18/11/2021 21:55:00	-14,33	-14,59	-14,94	-15,15	-15,44	-15,91	-16,59	-17,35	-18,14	-18,94	-19,82	-20,54	-21,26	-21,63	-21,99	-22,09	-22,18	-22,27	-22,36	-22,42	-22,47	-14,47
18/11/2021 22:00:00	-14,37	-14,79	-14,99	-15,11	-15,36	-15,85	-16,60	-17,47	-18,30	-19,09	-19,92	-20,60	-21,28	-21,60	-21,92	-21,99	-22,06	-22,12	-22,19	-22,23	-22,27	-14,55
18/11/2021 22:05:00	-14,48	-14,72	-14,86	-14,96	-15,26	-15,85	-16,68	-17,51	-18,34	-19,16	-20,01	-20,66	-21,31	-21,58	-21,86	-21,89	-21,93	-21,95	-21,98	-22,00	-22,03	-14,95
18/11/2021 22:10:00	-14,56	-14,80	-14,95	-15,12	-15,39	-15,81	-16,40	-17,31	-18,14	-18,87	-19,66	-20,32	-20,97	-21,30	-21,63	-21,72	-21,81	-21,90	-21,98	-22,04	-22,10	-15,09
18/11/2021 22:15:00	-14,91	-15,10	-15,21	-15,27	-15,43	-15,88	-16,78	-17,73	-18,55	-19,24	-19,99	-20,63	-21,27	-21,58	-21,90	-22,00	-22,11	-22,19	-22,28	-22,33	-22,38	-15,03
18/11/2021 22:20:00	-14,87	-15,13	-15,30	-15,43	-15,67	-16,07	-16,69	-17,54	-18,32	-19,00	-19,73	-20,34	-20,95	-21,24	-21,54	-21,61	-21,69	-21,76	-21,83	-21,88	-21,93	-15,20
18/11/2021 22:25:00	-14,87	-15,21	-15,30	-15,35	-15,56	-16,02	-16,70	-17,58	-18,37	-19,06	-19,79	-20,38	-20,97	-21,24	-21,50	-21,55	-21,61	-21,65	-21,70	-21,73	-21,77	-15,30
18/11/2021 22:30:00	-15,21	-15,57	-15,62	-15,59	-15,73	-16,13	-16,80	-17,69	-18,50	-19,22	-19,99	-20,64	-21,28	-21,58	-21,89	-21,97	-22,05	-22,11	-22,18	-22,22	-22,26	-15,32
18/11/2021 22:35:00	-15,28	-15,56	-15,72	-15,68	-15,73	-16,02	-16,67	-17,44	-18,22	-18,99	-19,85	-20,59	-21,34	-21,74	-22,14	-22,28	-22,42	-22,53	-22,65	-22,71	-22,78	-15,27
18/11/2021 22:40:00	-15,34	-15,61	-15,71	-15,76	-15,94	-16,34	-17,02	-17,84	-18,66	-19,45	-20,31	-21,00	-21,69	-22,03	-22,36	-22,43	-22,51	-22,57	-22,64	-22,68	-22,72	-15,45
18/11/2021 22:45:00	-15,25	-15,55	-15,61	-15,63	-15,80	-16,18	-16,80	-17,65	-18,51	-19,34	-20,23	-20,96	-21,70	-22,07	-22,44	-22,54	-22,63	-22,72	-22,80	-22,85	-22,90	-15,48
18/11/2021 22:50:00	-15,56	-15,73	-15,81	-15,72	-15,81	-16,21	-16,98	-17,93	-18,83	-19,67	-20,59	-21,40	-22,20	-22,64	-23,07	-23,23	-23,38	-23,51	-23,63	-23,70	-23,76	-15,49
18/11/2021 22:55:00	-15,60	-15,72	-15,61	-15,60	-15,80	-16,29	-17,07	-18,00	-18,91	-19,78	-20,68	-21,39	-22,10	-22,43	-22,76	-22,82	-22,88	-22,92	-22,97	-23,00	-23,03	-15,78
18/11/2021 23:00:00	-15,68	-15,79	-15,85	-15,83	-16,03	-16,50	-17,21	-18,06	-18,92	-19,77	-20,66	-21,38	-22,09	-22,44	-22,78	-22,85	-22,93	-22,99	-23,05	-23,09	-23,12	-15,68
18/11/2021 23:05:00	-15,79	-15,77	-15,72	-15,79	-15,99	-16,42	-17,21	-18,15	-19,03	-19,83	-20,68	-21,37	-22,07	-22,40	-22,74	-22,83	-22,92	-22,99	-23,06	-23,11	-23,15	-15,46
18/11/2021 23:10:00	-15,55	-15,75	-15,59	-15,50	-15,66	-16,16	-17,02	-18,17	-19,17	-20,02	-20,90	-21,63	-22,36	-22,71	-23,06	-23,16	-23,26	-23,33	-23,40	-23,44	-23,48	-15,02
18/11/2021 23:15:00	-15,18	-15,44	-15,39	-15,35	-15,51	-15,99	-16,83	-17,72	-18,63	-19,52	-20,44	-21,19	-21,93	-22,28	-22,63	-22,70	-22,78	-22,83	-22,89	-22,92	-22,96	-15,07
18/11/2021 23:20:00	-15,11	-15,40	-15,54	-15,54	-15,72	-16,17	-16,85	-17,71	-18,54	-19,33	-20,18	-20,88	-21,59	-21,93	-22,27	-22,36	-22,45	-22,53	-22,60	-22,65	-22,69	-14,85
18/11/2021 23:25:00	-15,02	-14,87	-15,12	-15,36	-15,73	-16,29	-17,09	-18,05	-18,86	-19,53	-20,25	-20,86	-21,47	-21,76	-22,06	-22,14	-22,23	-22,31	-22,39	-22,45	-22,50	-14,68
18/11/2021 23:30:00	-15,00	-15,03	-15,14	-15,17	-15,42	-16,04	-16,97	-17,93	-18,82	-19,62	-20,45	-21,14	-21,83	-22,16	-22,48	-22,57	-22,65	-22,72	-22,79	-22,83	-22,87	-14,43
18/11/2021 23:35:00	-15,11	-15,25	-15,28	-15,33	-15,58	-16,09	-16,91	-17,82	-18,73	-19,64	-20,59	-21,34	-22,10	-22,46	-22,81	-22,89	-22,97	-23,03	-23,09	-23,13	-23,17	-15,04
18/11/2021 23:40:00	-15,04	-15,19	-15,29	-15,51	-15,83	-16,28	-16,96	-17,82	-18,65	-19,45	-20,30	-20,96	-21,62	-21,93	-22,24	-22,29	-22,34	-22,40	-22,45	-22,49	-22,53	-15,08
18/11/2021 23:45:00	-15,15	-15,29	-15,40	-15,36	-15,52	-15,95	-16,61	-17,67	-18,62	-19,46	-20,37	-21,19	-22,01	-22,47	-22,92	-23,10	-23,27	-23,42	-23,57	-23,65	-23,73	-15,12
18/11/2021 23:50:00	-15,15	-15,23	-15,22	-15,22	-15,45	-15,96	-16,72	-17,69	-18,66	-19,60	-20,60	-21,42	-22,24	-22,64	-23,05	-23,16	-23,27	-23,35	-23,44	-23,49	-23,54	-14,93
18/11/2021 23:55:00	-15,16	-15,10	-15,16	-15,24	-15,51	-16,04	-16,81	-17,76	-18,72	-19,66	-20,66	-21,48	-22,31	-22,73	-23,15	-23,27	-23,39	-23,49	-23,59	-23,65	-23,71	-14,90
