FileFormat:0002.2 file with temperature of atmosphere
SN105HE102 RTK
local	GMT or Local
0	GMT-Local=[hours]
20	Height[m]
0	0	0	Longitude                [grd]               [min]               [sec]
0	0	0	Latitude                [grd]               [min]               [sec]
N	NS
56,45	Freq[GHz]
0,00	dTemostat[K]
0,150	MessErr[K]
0,248	//[grad/step]
version 14.4.20120406
MTP5HE102F5645K-38.60I70D222917+A1.1
Commentary:
SN105HE102
парабола ДНА = 2,5 град
НЕ102 - ПУ - ХВБ с ЦСД " S "
АЦП - 202 - 09 с контр.U пит.и М
оптопара серии - 2
Т out № 178 пл
БП LPS - 112
End Of Commentary

SYSTEM\alaska.dat
data time	0	50	100	150	200	250	300	350	400	450	500	550	600	650	700	750	800	850	900	950	1000	OutsideTemperature
04/03/2022 00:00:00	-5,99	-6,22	-6,74	-7,32	-7,92	-8,55	-9,02	-9,48	-9,91	-10,23	-10,54	-10,70	-10,86	-10,85	-10,84	-10,79	-10,74	-10,74	-10,75	-10,81	-10,86	-5,92
04/03/2022 00:05:00	-6,07	-6,40	-6,83	-7,27	-7,76	-8,34	-8,89	-9,43	-9,90	-10,24	-10,57	-10,76	-10,96	-10,97	-10,99	-10,96	-10,94	-10,95	-10,97	-11,03	-11,09	-5,99
04/03/2022 00:10:00	-6,22	-6,56	-7,00	-7,55	-8,13	-8,68	-9,26	-9,76	-10,16	-10,45	-10,72	-10,84	-10,95	-10,90	-10,85	-10,77	-10,70	-10,68	-10,66	-10,70	-10,74	-6,06
04/03/2022 00:15:00	-6,26	-6,56	-7,09	-7,61	-8,08	-8,57	-8,97	-9,38	-9,77	-10,10	-10,44	-10,67	-10,91	-10,97	-11,03	-11,03	-11,03	-11,08	-11,12	-11,20	-11,28	-6,15
04/03/2022 00:20:00	-6,13	-6,66	-7,08	-7,51	-7,94	-8,33	-8,84	-9,32	-9,72	-10,05	-10,38	-10,59	-10,80	-10,83	-10,87	-10,86	-10,85	-10,87	-10,90	-10,97	-11,03	-6,12
04/03/2022 00:25:00	-6,07	-6,67	-7,00	-7,35	-7,79	-8,30	-8,89	-9,41	-9,82	-10,21	-10,57	-10,76	-10,95	-10,93	-10,92	-10,86	-10,79	-10,76	-10,74	-10,78	-10,82	-6,15
04/03/2022 00:30:00	-6,20	-6,77	-7,14	-7,32	-7,60	-8,17	-8,80	-9,40	-9,88	-10,23	-10,57	-10,80	-11,04	-11,08	-11,12	-11,12	-11,12	-11,14	-11,16	-11,21	-11,27	-6,18
04/03/2022 00:35:00	-6,25	-6,68	-7,09	-7,45	-7,84	-8,36	-8,90	-9,42	-9,85	-10,19	-10,53	-10,74	-10,95	-10,98	-11,02	-11,00	-10,99	-11,01	-11,03	-11,09	-11,15	-6,24
04/03/2022 00:40:00	-6,33	-6,60	-6,99	-7,42	-7,82	-8,26	-8,79	-9,30	-9,73	-10,00	-10,26	-10,44	-10,62	-10,64	-10,67	-10,67	-10,67	-10,71	-10,74	-10,82	-10,89	-6,19
04/03/2022 00:45:00	-6,28	-6,63	-7,08	-7,52	-8,00	-8,55	-9,08	-9,52	-9,87	-10,17	-10,46	-10,59	-10,72	-10,69	-10,65	-10,59	-10,52	-10,50	-10,48	-10,53	-10,58	-6,26
04/03/2022 00:50:00	-6,37	-6,74	-7,14	-7,60	-8,06	-8,46	-8,93	-9,36	-9,73	-10,05	-10,37	-10,56	-10,75	-10,77	-10,78	-10,76	-10,73	-10,75	-10,76	-10,83	-10,89	-6,27
04/03/2022 00:55:00	-6,21	-6,75	-7,15	-7,68	-8,21	-8,61	-9,09	-9,56	-9,95	-10,24	-10,51	-10,64	-10,76	-10,73	-10,69	-10,63	-10,57	-10,56	-10,55	-10,60	-10,65	-6,25
04/03/2022 01:00:00	-6,25	-6,52	-7,13	-7,71	-8,27	-8,87	-9,36	-9,70	-9,95	-10,23	-10,49	-10,59	-10,69	-10,63	-10,57	-10,48	-10,39	-10,36	-10,33	-10,37	-10,42	-6,33
04/03/2022 01:05:00	-6,32	-6,70	-7,13	-7,64	-8,17	-8,71	-9,25	-9,66	-9,97	-10,27	-10,55	-10,65	-10,75	-10,68	-10,61	-10,51	-10,41	-10,37	-10,32	-10,36	-10,39	-6,29
04/03/2022 01:10:00	-6,38	-6,74	-7,16	-7,65	-8,18	-8,75	-9,20	-9,64	-10,03	-10,33	-10,60	-10,72	-10,85	-10,80	-10,76	-10,69	-10,62	-10,60	-10,58	-10,63	-10,67	-6,29
04/03/2022 01:15:00	-6,37	-6,77	-7,27	-7,86	-8,43	-8,96	-9,37	-9,75	-10,09	-10,37	-10,64	-10,75	-10,85	-10,80	-10,74	-10,66	-10,57	-10,55	-10,52	-10,57	-10,61	-6,39
04/03/2022 01:20:00	-6,36	-6,82	-7,25	-7,68	-8,14	-8,69	-9,18	-9,62	-9,97	-10,30	-10,61	-10,77	-10,92	-10,90	-10,87	-10,81	-10,75	-10,73	-10,72	-10,76	-10,80	-6,39
04/03/2022 01:25:00	-6,46	-6,94	-7,40	-7,80	-8,20	-8,66	-9,05	-9,49	-9,89	-10,20	-10,51	-10,71	-10,91	-10,94	-10,98	-10,97	-10,96	-10,99	-11,02	-11,09	-11,16	-6,46
04/03/2022 01:30:00	-6,41	-6,83	-7,23	-7,61	-7,99	-8,45	-8,95	-9,46	-9,89	-10,11	-10,33	-10,46	-10,59	-10,58	-10,57	-10,55	-10,53	-10,55	-10,57	-10,63	-10,69	-6,33
04/03/2022 01:35:00	-6,37	-6,93	-7,41	-7,85	-8,26	-8,69	-9,06	-9,47	-9,87	-10,22	-10,58	-10,81	-11,04	-11,10	-11,16	-11,15	-11,14	-11,18	-11,21	-11,28	-11,35	-6,42
04/03/2022 01:40:00	-6,41	-6,78	-7,35	-7,95	-8,48	-8,94	-9,39	-9,71	-9,97	-10,35	-10,74	-10,95	-11,17	-11,20	-11,23	-11,18	-11,13	-11,13	-11,14	-11,20	-11,26	-6,45
04/03/2022 01:45:00	-6,52	-6,81	-7,27	-7,83	-8,40	-8,96	-9,47	-9,98	-10,41	-10,62	-10,80	-10,87	-10,93	-10,86	-10,78	-10,72	-10,65	-10,63	-10,62	-10,66	-10,71	-6,50
04/03/2022 01:50:00	-6,46	-6,94	-7,47	-8,02	-8,52	-8,98	-9,45	-9,89	-10,26	-10,48	-10,68	-10,77	-10,87	-10,82	-10,77	-10,72	-10,67	-10,67	-10,66	-10,72	-10,77	-6,50
04/03/2022 01:55:00	-6,63	-6,94	-7,39	-7,95	-8,54	-9,14	-9,71	-10,20	-10,59	-10,87	-11,12	-11,20	-11,28	-11,19	-11,11	-11,01	-10,91	-10,86	-10,82	-10,85	-10,88	-6,59
04/03/2022 02:00:00	-6,50	-7,02	-7,61	-8,26	-8,83	-9,28	-9,81	-10,18	-10,44	-10,67	-10,87	-10,93	-10,98	-10,89	-10,80	-10,70	-10,60	-10,56	-10,52	-10,56	-10,60	-6,57
04/03/2022 02:05:00	-6,60	-6,96	-7,52	-8,07	-8,62	-9,22	-9,72	-10,12	-10,43	-10,73	-11,01	-11,12	-11,24	-11,18	-11,13	-11,04	-10,95	-10,92	-10,88	-10,92	-10,96	-6,59
04/03/2022 02:10:00	-6,57	-6,94	-7,54	-8,31	-8,99	-9,44	-9,89	-10,19	-10,41	-10,70	-10,96	-11,04	-11,12	-11,04	-10,96	-10,85	-10,74	-10,70	-10,65	-10,69	-10,73	-6,59
04/03/2022 02:15:00	-6,66	-6,90	-7,61	-8,43	-9,10	-9,53	-9,82	-10,08	-10,35	-10,60	-10,85	-10,96	-11,08	-11,06	-11,04	-10,98	-10,93	-10,94	-10,95	-11,02	-11,09	-6,63
04/03/2022 02:20:00	-6,60	-6,96	-7,47	-8,08	-8,68	-9,19	-9,78	-10,25	-10,60	-10,90	-11,17	-11,29	-11,40	-11,35	-11,29	-11,21	-11,13	-11,10	-11,08	-11,12	-11,16	-6,69
04/03/2022 02:25:00	-6,69	-7,14	-7,62	-8,11	-8,62	-9,18	-9,63	-10,09	-10,51	-10,78	-11,03	-11,16	-11,28	-11,24	-11,20	-11,13	-11,07	-11,06	-11,04	-11,09	-11,14	-6,69
04/03/2022 02:30:00	-6,82	-7,10	-7,64	-8,34	-9,04	-9,64	-10,10	-10,48	-10,79	-11,03	-11,24	-11,27	-11,29	-11,16	-11,03	-10,90	-10,76	-10,70	-10,63	-10,66	-10,68	-6,77
04/03/2022 02:35:00	-6,91	-7,35	-7,92	-8,51	-8,95	-9,22	-9,48	-9,68	-9,87	-10,12	-10,38	-10,52	-10,67	-10,66	-10,66	-10,62	-10,58	-10,59	-10,61	-10,67	-10,74	-6,98
04/03/2022 02:40:00	-6,96	-7,28	-7,72	-8,28	-8,89	-9,47	-9,95	-10,38	-10,73	-10,98	-11,19	-11,23	-11,27	-11,15	-11,03	-10,91	-10,79	-10,73	-10,66	-10,69	-10,71	-7,04
04/03/2022 02:45:00	-6,97	-7,38	-7,87	-8,42	-8,97	-9,51	-9,95	-10,35	-10,67	-10,93	-11,17	-11,24	-11,31	-11,23	-11,14	-11,04	-10,94	-10,90	-10,85	-10,89	-10,92	-7,03
04/03/2022 02:50:00	-7,06	-7,36	-7,98	-8,66	-9,30	-9,91	-10,27	-10,56	-10,81	-11,01	-11,17	-11,17	-11,17	-11,04	-10,90	-10,77	-10,64	-10,57	-10,51	-10,54	-10,56	-7,05
04/03/2022 02:55:00	-7,10	-7,51	-8,04	-8,60	-9,15	-9,68	-10,18	-10,62	-10,95	-11,06	-11,13	-11,09	-11,06	-10,90	-10,75	-10,64	-10,53	-10,48	-10,42	-10,45	-10,48	-7,11
04/03/2022 03:00:00	-7,15	-7,61	-8,10	-8,63	-9,11	-9,50	-9,96	-10,35	-10,65	-10,86	-11,05	-11,12	-11,20	-11,13	-11,06	-10,99	-10,91	-10,89	-10,87	-10,91	-10,96	-7,19
04/03/2022 03:05:00	-7,25	-7,51	-8,00	-8,59	-9,16	-9,70	-10,21	-10,51	-10,68	-10,91	-11,09	-11,09	-11,09	-10,94	-10,78	-10,63	-10,48	-10,39	-10,31	-10,32	-10,33	-7,23
04/03/2022 03:10:00	-7,35	-7,66	-8,01	-8,47	-9,00	-9,55	-9,95	-10,31	-10,61	-10,85	-11,04	-11,05	-11,06	-10,92	-10,77	-10,63	-10,49	-10,41	-10,33	-10,35	-10,37	-7,28
04/03/2022 03:15:00	-7,37	-7,68	-8,19	-8,79	-9,29	-9,61	-9,93	-10,18	-10,39	-10,57	-10,75	-10,80	-10,85	-10,77	-10,70	-10,62	-10,54	-10,52	-10,51	-10,56	-10,61	-7,32
04/03/2022 03:20:00	-7,48	-7,59	-8,12	-8,81	-9,43	-9,91	-10,28	-10,51	-10,66	-10,76	-10,83	-10,73	-10,64	-10,44	-10,24	-10,08	-9,93	-9,84	-9,76	-9,78	-9,80	-7,34
04/03/2022 03:25:00	-7,38	-7,78	-8,26	-8,80	-9,34	-9,87	-10,41	-10,80	-11,05	-11,14	-11,19	-11,09	-11,00	-10,79	-10,58	-10,43	-10,27	-10,18	-10,09	-10,10	-10,10	-7,41
04/03/2022 03:30:00	-7,35	-7,84	-8,38	-8,92	-9,42	-9,86	-10,15	-10,45	-10,72	-10,83	-10,92	-10,90	-10,88	-10,75	-10,61	-10,51	-10,40	-10,36	-10,31	-10,35	-10,38	-7,42
04/03/2022 03:35:00	-7,48	-7,66	-8,19	-8,85	-9,52	-10,18	-10,56	-10,85	-11,07	-11,21	-11,30	-11,20	-11,10	-10,87	-10,65	-10,46	-10,28	-10,17	-10,06	-10,06	-10,07	-7,41
04/03/2022 03:40:00	-7,44	-7,74	-8,33	-8,95	-9,52	-10,01	-10,45	-10,70	-10,84	-10,97	-11,06	-10,99	-10,92	-10,74	-10,55	-10,40	-10,24	-10,16	-10,07	-10,09	-10,11	-7,44
04/03/2022 03:45:00	-7,45	-7,89	-8,30	-8,83	-9,41	-9,99	-10,36	-10,71	-11,01	-11,19	-11,32	-11,28	-11,23	-11,05	-10,86	-10,70	-10,54	-10,45	-10,35	-10,36	-10,37	-7,41
04/03/2022 03:50:00	-7,44	-7,90	-8,41	-9,02	-9,61	-10,09	-10,44	-10,76	-11,02	-11,15	-11,24	-11,19	-11,14	-10,97	-10,79	-10,65	-10,51	-10,43	-10,36	-10,38	-10,40	-7,44
04/03/2022 03:55:00	-7,46	-7,92	-8,38	-8,94	-9,53	-10,05	-10,50	-10,85	-11,10	-11,25	-11,36	-11,29	-11,22	-11,02	-10,81	-10,64	-10,48	-10,37	-10,27	-10,27	-10,28	-7,44
04/03/2022 04:00:00	-7,48	-7,87	-8,42	-8,97	-9,47	-9,96	-10,24	-10,46	-10,65	-10,81	-10,95	-10,94	-10,93	-10,80	-10,66	-10,54	-10,42	-10,36	-10,30	-10,32	-10,35	-7,48
04/03/2022 04:05:00	-7,52	-7,96	-8,45	-9,01	-9,55	-10,03	-10,47	-10,75	-10,93	-11,08	-11,18	-11,12	-11,07	-10,88	-10,69	-10,53	-10,38	-10,28	-10,19	-10,20	-10,21	-7,47
04/03/2022 04:10:00	-7,55	-7,86	-8,35	-9,00	-9,64	-10,17	-10,61	-11,00	-11,29	-11,36	-11,39	-11,28	-11,17	-10,95	-10,74	-10,59	-10,44	-10,35	-10,27	-10,28	-10,30	-7,46
04/03/2022 04:15:00	-7,52	-7,84	-8,38	-9,03	-9,59	-9,99	-10,45	-10,76	-10,97	-11,11	-11,22	-11,19	-11,17	-11,03	-10,89	-10,77	-10,65	-10,60	-10,54	-10,57	-10,60	-7,48
04/03/2022 04:20:00	-7,59	-7,77	-8,26	-8,97	-9,66	-10,22	-10,67	-10,96	-11,14	-11,30	-11,40	-11,32	-11,23	-11,01	-10,79	-10,60	-10,41	-10,30	-10,19	-10,20	-10,20	-7,49
04/03/2022 04:25:00	-7,49	-7,83	-8,32	-8,90	-9,55	-10,22	-10,66	-11,05	-11,35	-11,51	-11,60	-11,52	-11,44	-11,23	-11,01	-10,84	-10,66	-10,56	-10,45	-10,45	-10,45	-7,52
04/03/2022 04:30:00	-7,51	-7,88	-8,34	-8,96	-9,64	-10,30	-10,85	-11,24	-11,49	-11,63	-11,70	-11,56	-11,42	-11,15	-10,88	-10,66	-10,45	-10,30	-10,16	-10,14	-10,12	-7,55
04/03/2022 04:35:00	-7,59	-7,90	-8,39	-9,00	-9,60	-10,15	-10,67	-11,08	-11,35	-11,44	-11,47	-11,36	-11,26	-11,05	-10,83	-10,68	-10,53	-10,44	-10,35	-10,36	-10,38	-7,63
04/03/2022 04:40:00	-7,69	-8,10	-8,49	-9,05	-9,66	-10,24	-10,60	-10,92	-11,19	-11,43	-11,61	-11,60	-11,58	-11,41	-11,23	-11,06	-10,89	-10,78	-10,68	-10,68	-10,69	-7,60
04/03/2022 04:45:00	-7,75	-7,91	-8,50	-9,28	-9,97	-10,49	-10,88	-11,07	-11,16	-11,23	-11,25	-11,10	-10,95	-10,70	-10,44	-10,24	-10,05	-9,93	-9,82	-9,82	-9,82	-7,67
04/03/2022 04:50:00	-7,70	-8,15	-8,59	-9,08	-9,59	-10,12	-10,59	-10,91	-11,14	-11,33	-11,47	-11,44	-11,41	-11,24	-11,06	-10,90	-10,75	-10,65	-10,55	-10,56	-10,56	-7,65
04/03/2022 04:55:00	-7,72	-8,16	-8,52	-9,05	-9,63	-10,19	-10,66	-11,08	-11,39	-11,52	-11,59	-11,50	-11,40	-11,17	-10,95	-10,78	-10,60	-10,49	-10,38	-10,38	-10,38	-7,74
04/03/2022 05:00:00	-7,80	-8,10	-8,70	-9,34	-9,87	-10,24	-10,63	-10,86	-11,02	-11,12	-11,20	-11,15	-11,11	-10,96	-10,81	-10,69	-10,57	-10,52	-10,47	-10,50	-10,53	-7,79
04/03/2022 05:05:00	-7,80	-7,96	-8,48	-9,18	-9,88	-10,51	-10,94	-11,24	-11,45	-11,55	-11,60	-11,46	-11,31	-11,05	-10,79	-10,59	-10,38	-10,26	-10,13	-10,12	-10,12	-7,78
04/03/2022 05:10:00	-7,84	-8,13	-8,59	-9,15	-9,73	-10,27	-10,67	-11,01	-11,26	-11,36	-11,42	-11,33	-11,24	-11,03	-10,82	-10,66	-10,51	-10,41	-10,32	-10,33	-10,34	-7,78
04/03/2022 05:15:00	-7,84	-8,23	-8,77	-9,37	-9,90	-10,34	-10,68	-10,88	-11,01	-11,10	-11,15	-11,06	-10,97	-10,78	-10,58	-10,42	-10,26	-10,17	-10,09	-10,10	-10,11	-7,81
04/03/2022 05:20:00	-7,90	-8,04	-8,58	-9,32	-10,02	-10,59	-11,03	-11,27	-11,39	-11,44	-11,42	-11,22	-11,03	-10,73	-10,43	-10,20	-9,98	-9,84	-9,70	-9,69	-9,68	-7,83
04/03/2022 05:25:00	-7,96	-8,21	-8,69	-9,43	-10,14	-10,70	-10,93	-11,09	-11,22	-11,35	-11,42	-11,28	-11,14	-10,87	-10,60	-10,38	-10,15	-10,01	-9,87	-9,86	-9,85	-7,83
04/03/2022 05:30:00	-7,90	-8,22	-8,70	-9,30	-9,87	-10,32	-10,71	-10,99	-11,18	-11,26	-11,31	-11,21	-11,10	-10,89	-10,68	-10,52	-10,36	-10,27	-10,17	-10,19	-10,20	-7,86
04/03/2022 05:35:00	-7,90	-8,19	-8,70	-9,35	-9,97	-10,47	-10,88	-11,12	-11,27	-11,40	-11,47	-11,36	-11,25	-11,02	-10,78	-10,59	-10,40	-10,29	-10,17	-10,17	-10,17	-7,81
04/03/2022 05:40:00	-7,81	-8,09	-8,59	-9,26	-9,95	-10,58	-11,16	-11,51	-11,69	-11,73	-11,69	-11,47	-11,24	-10,91	-10,58	-10,35	-10,11	-9,94	-9,78	-9,76	-9,73	-7,77
04/03/2022 05:45:00	-7,79	-8,08	-8,64	-9,27	-9,91	-10,58	-10,97	-11,28	-11,50	-11,61	-11,65	-11,53	-11,40	-11,16	-10,91	-10,72	-10,53	-10,42	-10,30	-10,30	-10,29	-7,78
04/03/2022 05:50:00	-7,72	-8,16	-8,74	-9,36	-9,91	-10,38	-10,74	-11,01	-11,20	-11,27	-11,32	-11,23	-11,15	-10,96	-10,77	-10,62	-10,48	-10,40	-10,32	-10,34	-10,36	-7,77
04/03/2022 05:55:00	-7,75	-8,15	-8,62	-9,21	-9,80	-10,33	-10,73	-11,08	-11,34	-11,46	-11,53	-11,44	-11,35	-11,14	-10,93	-10,77	-10,60	-10,51	-10,41	-10,42	-10,42	-7,76
04/03/2022 06:00:00	-7,75	-8,17	-8,64	-9,23	-9,82	-10,34	-10,81	-11,14	-11,34	-11,43	-11,45	-11,31	-11,17	-10,92	-10,67	-10,48	-10,30	-10,18	-10,06	-10,05	-10,05	-7,81
04/03/2022 06:05:00	-7,82	-8,18	-8,69	-9,27	-9,81	-10,30	-10,75	-11,10	-11,34	-11,37	-11,36	-11,24	-11,11	-10,89	-10,67	-10,53	-10,38	-10,29	-10,21	-10,22	-10,23	-7,81
04/03/2022 06:10:00	-7,83	-8,07	-8,59	-9,26	-9,91	-10,46	-10,86	-11,14	-11,31	-11,35	-11,33	-11,15	-10,97	-10,70	-10,43	-10,23	-10,03	-9,91	-9,79	-9,79	-9,79	-7,80
04/03/2022 06:15:00	-7,73	-8,14	-8,63	-9,25	-9,90	-10,48	-10,90	-11,20	-11,39	-11,48	-11,49	-11,33	-11,16	-10,88	-10,59	-10,37	-10,16	-10,01	-9,87	-9,86	-9,84	-7,78
04/03/2022 06:20:00	-7,80	-8,06	-8,62	-9,26	-9,91	-10,52	-10,92	-11,17	-11,32	-11,35	-11,33	-11,13	-10,93	-10,64	-10,34	-10,13	-9,91	-9,77	-9,63	-9,62	-9,61	-7,78
04/03/2022 06:25:00	-7,71	-8,04	-8,52	-9,12	-9,76	-10,40	-10,75	-11,04	-11,26	-11,34	-11,36	-11,20	-11,05	-10,78	-10,51	-10,30	-10,10	-9,97	-9,84	-9,83	-9,83	-7,78
04/03/2022 06:30:00	-7,80	-8,14	-8,59	-9,20	-9,84	-10,44	-10,96	-11,29	-11,46	-11,56	-11,58	-11,41	-11,23	-10,94	-10,64	-10,41	-10,19	-10,03	-9,88	-9,85	-9,83	-7,78
04/03/2022 06:35:00	-7,78	-8,12	-8,68	-9,27	-9,85	-10,42	-10,80	-11,06	-11,22	-11,25	-11,22	-11,04	-10,86	-10,59	-10,32	-10,13	-9,93	-9,81	-9,69	-9,69	-9,68	-7,76
04/03/2022 06:40:00	-7,82	-8,18	-8,69	-9,30	-9,85	-10,30	-10,63	-10,81	-10,92	-11,09	-11,22	-11,16	-11,11	-10,92	-10,74	-10,57	-10,40	-10,30	-10,20	-10,21	-10,22	-7,73
04/03/2022 06:45:00	-7,81	-8,10	-8,71	-9,40	-10,02	-10,54	-10,98	-11,25	-11,37	-11,33	-11,23	-11,00	-10,77	-10,47	-10,17	-9,97	-9,78	-9,65	-9,53	-9,53	-9,53	-7,79
04/03/2022 06:50:00	-7,78	-8,13	-8,71	-9,37	-9,97	-10,50	-10,84	-11,09	-11,25	-11,24	-11,19	-10,99	-10,80	-10,52	-10,25	-10,06	-9,87	-9,76	-9,64	-9,64	-9,64	-7,78
04/03/2022 06:55:00	-7,87	-8,22	-8,77	-9,51	-10,18	-10,64	-10,95	-11,14	-11,25	-11,22	-11,12	-10,87	-10,62	-10,30	-9,97	-9,75	-9,53	-9,39	-9,25	-9,25	-9,24	-7,86
04/03/2022 07:00:00	-7,75	-8,27	-8,88	-9,52	-10,12	-10,60	-10,85	-10,97	-11,02	-11,07	-11,07	-10,88	-10,70	-10,42	-10,14	-9,92	-9,70	-9,56	-9,43	-9,42	-9,41	-7,84
04/03/2022 07:05:00	-7,85	-8,22	-8,67	-9,25	-9,81	-10,27	-10,72	-10,95	-11,06	-11,11	-11,09	-10,90	-10,72	-10,43	-10,15	-9,94	-9,73	-9,59	-9,45	-9,44	-9,43	-7,85
04/03/2022 07:10:00	-7,84	-8,28	-8,89	-9,56	-10,13	-10,54	-10,77	-10,87	-10,92	-10,97	-10,99	-10,84	-10,70	-10,46	-10,22	-10,04	-9,85	-9,75	-9,64	-9,65	-9,65	-7,86
04/03/2022 07:15:00	-7,78	-8,18	-8,77	-9,42	-10,01	-10,53	-10,85	-11,04	-11,14	-11,19	-11,18	-11,01	-10,84	-10,57	-10,31	-10,11	-9,91	-9,78	-9,66	-9,66	-9,66	-7,79
04/03/2022 07:20:00	-7,82	-8,21	-8,78	-9,34	-9,88	-10,41	-10,83	-11,11	-11,26	-11,22	-11,12	-10,90	-10,68	-10,39	-10,10	-9,91	-9,72	-9,60	-9,48	-9,47	-9,47	-7,79
04/03/2022 07:25:00	-7,90	-8,16	-8,66	-9,25	-9,76	-10,17	-10,51	-10,72	-10,84	-10,87	-10,87	-10,73	-10,60	-10,38	-10,15	-10,00	-9,84	-9,75	-9,66	-9,68	-9,69	-7,81
04/03/2022 07:30:00	-7,75	-8,21	-8,73	-9,31	-9,80	-10,14	-10,46	-10,67	-10,81	-10,83	-10,82	-10,69	-10,55	-10,34	-10,13	-9,98	-9,83	-9,75	-9,67	-9,69	-9,71	-7,78
04/03/2022 07:35:00	-7,73	-8,01	-8,64	-9,39	-10,05	-10,53	-10,83	-10,97	-11,03	-11,01	-10,94	-10,71	-10,48	-10,18	-9,88	-9,66	-9,44	-9,31	-9,18	-9,18	-9,18	-7,78
04/03/2022 07:40:00	-7,77	-8,14	-8,69	-9,29	-9,85	-10,32	-10,62	-10,80	-10,90	-10,94	-10,94	-10,78	-10,62	-10,36	-10,11	-9,92	-9,73	-9,62	-9,50	-9,51	-9,51	-7,78
04/03/2022 07:45:00	-7,82	-8,11	-8,59	-9,28	-9,93	-10,41	-10,76	-11,00	-11,14	-11,12	-11,03	-10,79	-10,55	-10,23	-9,91	-9,69	-9,47	-9,34	-9,20	-9,19	-9,19	-7,77
04/03/2022 07:50:00	-7,82	-8,19	-8,65	-9,18	-9,77	-10,40	-10,77	-11,01	-11,13	-11,16	-11,11	-10,87	-10,63	-10,29	-9,95	-9,70	-9,46	-9,29	-9,12	-9,09	-9,07	-7,78
04/03/2022 07:55:00	-7,85	-8,17	-8,72	-9,34	-9,83	-10,18	-10,42	-10,47	-10,48	-10,58	-10,66	-10,58	-10,49	-10,30	-10,11	-9,94	-9,77	-9,69	-9,60	-9,61	-9,63	-7,78
04/03/2022 08:00:00	-7,86	-8,09	-8,64	-9,37	-9,99	-10,37	-10,66	-10,86	-10,97	-10,91	-10,81	-10,59	-10,37	-10,09	-9,81	-9,63	-9,46	-9,36	-9,26	-9,27	-9,29	-7,77
04/03/2022 08:05:00	-7,89	-8,13	-8,57	-9,17	-9,75	-10,28	-10,63	-10,83	-10,93	-10,99	-10,99	-10,81	-10,64	-10,35	-10,07	-9,86	-9,65	-9,51	-9,37	-9,37	-9,36	-7,76
04/03/2022 08:10:00	-7,69	-8,09	-8,64	-9,21	-9,70	-10,09	-10,39	-10,56	-10,66	-10,72	-10,76	-10,65	-10,55	-10,35	-10,15	-9,99	-9,84	-9,76	-9,67	-9,69	-9,71	-7,72
04/03/2022 08:15:00	-7,70	-7,96	-8,54	-9,25	-9,88	-10,34	-10,62	-10,76	-10,83	-10,80	-10,72	-10,49	-10,26	-9,96	-9,66	-9,45	-9,24	-9,12	-8,99	-8,99	-8,99	-7,74
04/03/2022 08:20:00	-7,66	-8,20	-8,61	-9,12	-9,61	-10,02	-10,38	-10,64	-10,80	-10,79	-10,72	-10,52	-10,31	-10,03	-9,75	-9,56	-9,37	-9,25	-9,13	-9,13	-9,12	-7,68
04/03/2022 08:25:00	-7,76	-8,02	-8,56	-9,24	-9,85	-10,29	-10,60	-10,73	-10,77	-10,75	-10,66	-10,42	-10,18	-9,86	-9,55	-9,33	-9,11	-8,98	-8,84	-8,84	-8,83	-7,68
04/03/2022 08:30:00	-7,65	-7,91	-8,55	-9,22	-9,80	-10,28	-10,59	-10,71	-10,72	-10,65	-10,52	-10,25	-9,99	-9,67	-9,35	-9,13	-8,92	-8,79	-8,66	-8,66	-8,66	-7,66
04/03/2022 08:35:00	-7,53	-7,89	-8,55	-9,20	-9,69	-10,04	-10,21	-10,27	-10,30	-10,25	-10,19	-10,02	-9,85	-9,62	-9,39	-9,23	-9,08	-9,01	-8,93	-8,96	-8,98	-7,63
04/03/2022 08:40:00	-7,50	-7,85	-8,46	-9,16	-9,72	-10,03	-10,29	-10,34	-10,33	-10,33	-10,30	-10,12	-9,95	-9,69	-9,44	-9,26	-9,08	-8,98	-8,87	-8,89	-8,90	-7,60
04/03/2022 08:45:00	-7,51	-7,94	-8,47	-9,13	-9,72	-10,18	-10,46	-10,61	-10,68	-10,70	-10,66	-10,46	-10,25	-9,96	-9,66	-9,45	-9,23	-9,10	-8,96	-8,96	-8,95	-7,56
04/03/2022 08:50:00	-7,52	-7,88	-8,49	-9,14	-9,67	-10,06	-10,32	-10,41	-10,43	-10,45	-10,43	-10,27	-10,11	-9,86	-9,62	-9,45	-9,27	-9,18	-9,08	-9,09	-9,10	-7,54
04/03/2022 08:55:00	-7,55	-7,95	-8,44	-9,06	-9,65	-10,17	-10,46	-10,64	-10,74	-10,72	-10,63	-10,39	-10,14	-9,81	-9,48	-9,25	-9,03	-8,88	-8,73	-8,72	-8,70	-7,53
04/03/2022 09:00:00	-7,46	-7,77	-8,43	-9,18	-9,78	-10,14	-10,44	-10,51	-10,48	-10,43	-10,34	-10,11	-9,88	-9,59	-9,29	-9,09	-8,89	-8,77	-8,66	-8,66	-8,67	-7,49
04/03/2022 09:05:00	-7,61	-7,77	-8,32	-9,07	-9,74	-10,22	-10,47	-10,60	-10,67	-10,70	-10,67	-10,47	-10,28	-9,99	-9,71	-9,50	-9,29	-9,17	-9,05	-9,05	-9,05	-7,48
04/03/2022 09:10:00	-7,51	-7,65	-8,35	-9,15	-9,84	-10,35	-10,60	-10,71	-10,74	-10,64	-10,49	-10,21	-9,93	-9,60	-9,27	-9,06	-8,84	-8,72	-8,60	-8,60	-8,61	-7,44
04/03/2022 09:15:00	-7,38	-7,74	-8,27	-8,92	-9,49	-9,95	-10,28	-10,47	-10,57	-10,58	-10,53	-10,34	-10,14	-9,87	-9,59	-9,39	-9,20	-9,08	-8,96	-8,97	-8,97	-7,36
04/03/2022 09:20:00	-7,35	-7,69	-8,18	-8,89	-9,57	-10,10	-10,43	-10,69	-10,85	-10,85	-10,77	-10,53	-10,29	-9,97	-9,66	-9,44	-9,22	-9,08	-8,94	-8,94	-8,93	-7,37
04/03/2022 09:25:00	-7,34	-7,58	-8,16	-8,92	-9,65	-10,28	-10,59	-10,79	-10,90	-10,82	-10,66	-10,33	-10,01	-9,63	-9,24	-8,99	-8,73	-8,57	-8,40	-8,38	-8,36	-7,29
04/03/2022 09:30:00	-7,29	-7,74	-8,29	-8,99	-9,63	-10,05	-10,37	-10,54	-10,61	-10,59	-10,50	-10,25	-10,00	-9,68	-9,35	-9,13	-8,91	-8,76	-8,62	-8,62	-8,61	-7,26
04/03/2022 09:35:00	-7,22	-7,59	-8,27	-9,03	-9,69	-10,20	-10,46	-10,62	-10,71	-10,59	-10,42	-10,13	-9,83	-9,50	-9,16	-8,95	-8,74	-8,62	-8,49	-8,50	-8,50	-7,25
04/03/2022 09:40:00	-7,17	-7,54	-8,16	-8,83	-9,41	-9,86	-10,20	-10,44	-10,59	-10,60	-10,57	-10,42	-10,27	-10,04	-9,81	-9,66	-9,51	-9,42	-9,34	-9,36	-9,38	-7,20
04/03/2022 09:45:00	-7,19	-7,45	-8,10	-8,92	-9,63	-10,09	-10,44	-10,58	-10,63	-10,63	-10,57	-10,35	-10,13	-9,83	-9,54	-9,32	-9,11	-8,99	-8,86	-8,87	-8,87	-7,16
04/03/2022 09:50:00	-7,14	-7,48	-8,04	-8,82	-9,54	-10,02	-10,41	-10,53	-10,54	-10,63	-10,64	-10,44	-10,24	-9,93	-9,61	-9,36	-9,11	-8,95	-8,79	-8,77	-8,76	-7,09
04/03/2022 09:55:00	-7,12	-7,33	-7,94	-8,68	-9,41	-10,06	-10,58	-10,84	-10,93	-10,89	-10,76	-10,46	-10,16	-9,79	-9,42	-9,17	-8,91	-8,75	-8,58	-8,56	-8,53	-7,10
04/03/2022 10:00:00	-7,12	-7,58	-8,16	-8,92	-9,60	-10,05	-10,44	-10,57	-10,57	-10,61	-10,58	-10,34	-10,11	-9,78	-9,45	-9,20	-8,94	-8,78	-8,62	-8,60	-8,58	-7,06
04/03/2022 10:05:00	-7,09	-7,36	-7,88	-8,67	-9,49	-10,20	-10,50	-10,66	-10,74	-10,75	-10,66	-10,34	-10,02	-9,61	-9,19	-8,88	-8,58	-8,37	-8,16	-8,12	-8,08	-7,01
04/03/2022 10:10:00	-7,04	-7,41	-8,01	-8,67	-9,26	-9,77	-10,11	-10,34	-10,47	-10,46	-10,39	-10,20	-10,00	-9,74	-9,47	-9,29	-9,12	-9,01	-8,91	-8,92	-8,93	-7,01
04/03/2022 10:15:00	-6,89	-7,40	-7,93	-8,68	-9,39	-9,86	-10,13	-10,26	-10,31	-10,30	-10,22	-9,94	-9,67	-9,30	-8,94	-8,68	-8,42	-8,25	-8,08	-8,06	-8,04	-6,93
04/03/2022 10:20:00	-6,83	-7,38	-8,00	-8,62	-9,19	-9,69	-10,12	-10,36	-10,44	-10,35	-10,19	-9,90	-9,61	-9,27	-8,93	-8,71	-8,50	-8,35	-8,21	-8,20	-8,19	-6,88
04/03/2022 10:25:00	-6,78	-7,30	-7,85	-8,53	-9,18	-9,65	-9,98	-10,15	-10,21	-10,22	-10,15	-9,91	-9,66	-9,33	-9,00	-8,77	-8,53	-8,38	-8,23	-8,22	-8,21	-6,86
04/03/2022 10:30:00	-6,77	-7,23	-7,92	-8,65	-9,25	-9,66	-9,92	-9,95	-9,91	-9,98	-10,02	-9,87	-9,73	-9,48	-9,24	-9,04	-8,84	-8,73	-8,61	-8,62	-8,63	-6,81
04/03/2022 10:35:00	-6,88	-7,13	-7,77	-8,64	-9,43	-10,00	-10,23	-10,35	-10,41	-10,38	-10,28	-10,00	-9,72	-9,37	-9,02	-8,77	-8,53	-8,38	-8,22	-8,22	-8,21	-6,80
04/03/2022 10:40:00	-6,79	-7,10	-7,84	-8,71	-9,42	-9,91	-10,15	-10,11	-10,00	-10,05	-10,05	-9,85	-9,64	-9,33	-9,03	-8,78	-8,54	-8,39	-8,24	-8,24	-8,23	-6,79
04/03/2022 10:45:00	-6,73	-7,02	-7,71	-8,52	-9,26	-9,88	-10,26	-10,49	-10,60	-10,47	-10,26	-9,92	-9,57	-9,18	-8,80	-8,56	-8,32	-8,16	-8,01	-8,00	-7,99	-6,70
04/03/2022 10:50:00	-6,52	-7,09	-7,72	-8,41	-9,06	-9,63	-10,01	-10,21	-10,28	-10,29	-10,22	-9,98	-9,74	-9,41	-9,08	-8,84	-8,60	-8,45	-8,29	-8,28	-8,26	-6,65
04/03/2022 10:55:00	-6,64	-7,02	-7,72	-8,55	-9,28	-9,80	-10,13	-10,27	-10,29	-10,18	-10,01	-9,67	-9,34	-8,95	-8,57	-8,32	-8,07	-7,91	-7,75	-7,74	-7,73	-6,63
04/03/2022 11:00:00	-6,60	-6,87	-7,47	-8,27	-9,05	-9,66	-9,99	-10,11	-10,11	-10,07	-9,94	-9,60	-9,27	-8,86	-8,45	-8,16	-7,87	-7,68	-7,49	-7,47	-7,44	-6,61
04/03/2022 11:05:00	-6,44	-6,89	-7,50	-8,33	-9,11	-9,67	-10,13	-10,31	-10,31	-10,26	-10,12	-9,77	-9,42	-9,00	-8,57	-8,27	-7,97	-7,77	-7,56	-7,53	-7,49	-6,53
04/03/2022 11:10:00	-6,47	-6,80	-7,50	-8,39	-9,19	-9,75	-9,93	-10,04	-10,10	-9,94	-9,72	-9,34	-8,96	-8,55	-8,14	-7,88	-7,62	-7,47	-7,31	-7,30	-7,29	-6,52
04/03/2022 11:15:00	-6,45	-6,81	-7,52	-8,41	-9,18	-9,72	-10,00	-10,12	-10,13	-9,98	-9,76	-9,38	-9,01	-8,60	-8,20	-7,94	-7,68	-7,51	-7,35	-7,34	-7,33	-6,42
04/03/2022 11:20:00	-6,35	-6,65	-7,32	-8,26	-9,13	-9,73	-10,14	-10,31	-10,33	-10,22	-10,01	-9,60	-9,20	-8,75	-8,30	-8,00	-7,70	-7,50	-7,30	-7,27	-7,24	-6,32
04/03/2022 11:25:00	-6,26	-6,58	-7,30	-8,18	-8,98	-9,57	-9,87	-9,97	-9,98	-9,94	-9,83	-9,53	-9,22	-8,85	-8,48	-8,21	-7,95	-7,78	-7,62	-7,61	-7,59	-6,30
04/03/2022 11:30:00	-6,32	-6,52	-7,20	-8,12	-8,97	-9,59	-9,93	-10,05	-10,07	-10,11	-10,06	-9,80	-9,54	-9,19	-8,83	-8,56	-8,30	-8,13	-7,96	-7,95	-7,94	-6,24
04/03/2022 11:35:00	-6,13	-6,58	-7,24	-8,05	-8,70	-9,06	-9,33	-9,43	-9,46	-9,49	-9,48	-9,32	-9,16	-8,92	-8,68	-8,50	-8,33	-8,23	-8,14	-8,16	-8,19	-6,18
04/03/2022 11:40:00	-6,08	-6,34	-6,95	-7,78	-8,63	-9,36	-9,85	-10,15	-10,31	-10,32	-10,24	-9,95	-9,66	-9,28	-8,90	-8,64	-8,37	-8,19	-8,02	-8,00	-7,97	-6,12
04/03/2022 11:45:00	-6,03	-6,33	-6,97	-7,81	-8,63	-9,36	-9,77	-10,03	-10,18	-10,08	-9,89	-9,53	-9,16	-8,75	-8,33	-8,06	-7,79	-7,61	-7,43	-7,41	-7,39	-6,07
04/03/2022 11:50:00	-5,99	-6,39	-6,99	-7,71	-8,39	-8,98	-9,40	-9,69	-9,86	-9,83	-9,74	-9,50	-9,26	-8,95	-8,64	-8,44	-8,23	-8,11	-7,99	-7,99	-8,00	-6,07
04/03/2022 11:55:00	-6,11	-6,38	-6,92	-7,59	-8,27	-8,94	-9,49	-9,86	-10,05	-10,03	-9,93	-9,67	-9,41	-9,07	-8,73	-8,51	-8,29	-8,15	-8,00	-7,99	-7,98	-5,99
04/03/2022 12:00:00	-5,94	-6,43	-6,97	-7,57	-8,18	-8,80	-9,22	-9,49	-9,65	-9,78	-9,85	-9,73	-9,61	-9,36	-9,12	-8,92	-8,73	-8,61	-8,49	-8,49	-8,49	-5,93
04/03/2022 12:05:00	-5,79	-6,23	-6,77	-7,49	-8,20	-8,80	-9,38	-9,78	-10,00	-9,98	-9,87	-9,62	-9,36	-9,03	-8,70	-8,48	-8,27	-8,13	-7,99	-7,98	-7,97	-5,84
04/03/2022 12:10:00	-5,80	-6,33	-6,92	-7,64	-8,29	-8,76	-9,03	-9,22	-9,35	-9,40	-9,39	-9,23	-9,07	-8,82	-8,58	-8,40	-8,22	-8,12	-8,02	-8,04	-8,06	-5,76
04/03/2022 12:15:00	-5,75	-6,03	-6,74	-7,57	-8,28	-8,84	-9,07	-9,19	-9,28	-9,39	-9,46	-9,36	-9,26	-9,05	-8,85	-8,68	-8,52	-8,44	-8,36	-8,39	-8,42	-5,76
04/03/2022 12:20:00	-5,65	-6,06	-6,59	-7,30	-7,95	-8,39	-8,75	-9,00	-9,17	-9,33	-9,45	-9,40	-9,35	-9,18	-9,01	-8,87	-8,72	-8,65	-8,58	-8,62	-8,65	-5,67
04/03/2022 12:25:00	-5,51	-5,86	-6,36	-7,01	-7,70	-8,38	-8,85	-9,22	-9,49	-9,64	-9,73	-9,64	-9,55	-9,33	-9,10	-8,93	-8,76	-8,65	-8,55	-8,56	-8,57	-5,50
04/03/2022 12:30:00	-5,35	-5,79	-6,25	-6,90	-7,59	-8,17	-8,74	-9,16	-9,42	-9,59	-9,69	-9,60	-9,51	-9,28	-9,06	-8,88	-8,71	-8,60	-8,49	-8,50	-8,51	-5,28
04/03/2022 12:35:00	-5,10	-5,49	-6,13	-6,89	-7,60	-8,23	-8,64	-8,92	-9,10	-9,20	-9,24	-9,12	-8,99	-8,76	-8,52	-8,35	-8,18	-8,08	-7,99	-8,00	-8,02	-5,23
04/03/2022 12:40:00	-4,99	-5,43	-5,96	-6,65	-7,42	-8,21	-8,79	-9,11	-9,21	-9,36	-9,40	-9,19	-8,98	-8,63	-8,28	-8,00	-7,73	-7,54	-7,35	-7,31	-7,28	-5,06
04/03/2022 12:45:00	-4,97	-5,32	-5,93	-6,62	-7,28	-7,88	-8,25	-8,57	-8,86	-8,99	-9,07	-9,02	-8,97	-8,81	-8,65	-8,53	-8,42	-8,37	-8,32	-8,36	-8,41	-4,89
04/03/2022 12:50:00	-4,90	-5,32	-5,93	-6,53	-7,07	-7,52	-7,99	-8,39	-8,73	-8,92	-9,12	-9,20	-9,29	-9,25	-9,21	-9,18	-9,14	-9,16	-9,17	-9,24	-9,31	-4,98
04/03/2022 12:55:00	-4,81	-5,13	-5,78	-6,56	-7,25	-7,72	-8,07	-8,33	-8,55	-8,77	-8,97	-9,01	-9,05	-8,96	-8,88	-8,78	-8,69	-8,68	-8,66	-8,72	-8,78	-4,91
04/03/2022 13:00:00	-4,80	-5,30	-5,84	-6,42	-6,98	-7,54	-8,10	-8,55	-8,88	-9,08	-9,25	-9,28	-9,31	-9,21	-9,11	-9,02	-8,93	-8,90	-8,87	-8,91	-8,96	-4,79
04/03/2022 13:05:00	-4,65	-5,02	-5,51	-6,17	-6,84	-7,41	-7,89	-8,31	-8,65	-8,88	-9,06	-9,09	-9,11	-8,99	-8,88	-8,77	-8,66	-8,62	-8,58	-8,62	-8,67	-4,58
04/03/2022 13:10:00	-4,60	-4,83	-5,31	-5,97	-6,63	-7,21	-7,70	-8,11	-8,46	-8,71	-8,93	-8,99	-9,05	-8,96	-8,88	-8,79	-8,70	-8,68	-8,66	-8,71	-8,76	-4,38
04/03/2022 13:15:00	-4,40	-4,85	-5,27	-5,79	-6,44	-7,21	-7,83	-8,38	-8,80	-8,92	-8,96	-8,84	-8,72	-8,48	-8,24	-8,07	-7,91	-7,81	-7,71	-7,72	-7,73	-4,55
04/03/2022 13:20:00	-4,42	-4,68	-5,08	-5,66	-6,30	-6,92	-7,54	-7,99	-8,27	-8,65	-8,97	-9,08	-9,19	-9,10	-9,02	-8,91	-8,80	-8,74	-8,69	-8,73	-8,77	-4,31
04/03/2022 13:25:00	-4,26	-4,58	-5,03	-5,56	-6,23	-7,10	-7,81	-8,38	-8,77	-8,97	-9,07	-8,98	-8,90	-8,67	-8,45	-8,28	-8,11	-8,01	-7,90	-7,91	-7,91	-4,22
04/03/2022 13:30:00	-4,11	-4,48	-5,01	-5,70	-6,39	-6,95	-7,49	-7,91	-8,21	-8,48	-8,71	-8,76	-8,81	-8,72	-8,62	-8,52	-8,42	-8,39	-8,36	-8,40	-8,45	-3,98
04/03/2022 13:35:00	-4,04	-4,39	-4,96	-5,58	-6,21	-6,91	-7,48	-7,94	-8,29	-8,54	-8,75	-8,80	-8,84	-8,75	-8,65	-8,56	-8,47	-8,44	-8,41	-8,45	-8,50	-4,12
04/03/2022 13:40:00	-4,03	-4,44	-4,88	-5,42	-6,04	-6,65	-7,28	-7,85	-8,33	-8,58	-8,79	-8,85	-8,91	-8,83	-8,75	-8,68	-8,61	-8,59	-8,57	-8,62	-8,67	-4,08
04/03/2022 13:45:00	-4,10	-4,57	-4,99	-5,52	-6,14	-6,77	-7,41	-7,98	-8,44	-8,67	-8,84	-8,87	-8,89	-8,78	-8,66	-8,57	-8,48	-8,45	-8,41	-8,45	-8,49	-3,96
04/03/2022 13:50:00	-3,95	-4,42	-4,75	-5,24	-5,86	-6,50	-7,09	-7,71	-8,25	-8,45	-8,59	-8,59	-8,59	-8,46	-8,33	-8,24	-8,15	-8,11	-8,07	-8,11	-8,15	-4,03
04/03/2022 13:55:00	-3,83	-4,07	-4,56	-5,18	-5,88	-6,61	-7,26	-7,85	-8,34	-8,46	-8,52	-8,45	-8,37	-8,20	-8,02	-7,91	-7,81	-7,76	-7,71	-7,75	-7,79	-3,84
04/03/2022 14:00:00	-3,62	-4,02	-4,49	-4,99	-5,52	-6,11	-6,70	-7,24	-7,70	-7,99	-8,26	-8,41	-8,56	-8,56	-8,55	-8,53	-8,51	-8,53	-8,56	-8,63	-8,71	-3,55
04/03/2022 14:05:00	-3,68	-3,94	-4,29	-4,81	-5,43	-6,06	-6,82	-7,47	-7,96	-8,30	-8,59	-8,72	-8,85	-8,80	-8,76	-8,70	-8,64	-8,63	-8,62	-8,68	-8,73	-3,65
04/03/2022 14:10:00	-3,59	-3,99	-4,46	-5,00	-5,57	-6,14	-6,66	-7,26	-7,87	-8,11	-8,33	-8,48	-8,62	-8,64	-8,66	-8,67	-8,68	-8,74	-8,80	-8,89	-8,97	-3,48
04/03/2022 14:15:00	-3,52	-3,81	-4,37	-5,02	-5,64	-6,26	-6,78	-7,22	-7,57	-7,78	-7,95	-8,00	-8,04	-7,96	-7,88	-7,81	-7,75	-7,74	-7,74	-7,80	-7,86	-3,31
04/03/2022 14:20:00	-3,29	-3,65	-4,10	-4,55	-5,08	-5,83	-6,36	-6,90	-7,38	-7,76	-8,11	-8,30	-8,50	-8,51	-8,53	-8,51	-8,48	-8,51	-8,53	-8,60	-8,67	-3,31
04/03/2022 14:25:00	-3,29	-3,70	-4,07	-4,54	-5,16	-5,94	-6,61	-7,19	-7,62	-7,99	-8,28	-8,38	-8,48	-8,39	-8,30	-8,20	-8,10	-8,06	-8,01	-8,05	-8,08	-3,30
04/03/2022 14:30:00	-3,29	-3,42	-3,92	-4,57	-5,22	-5,79	-6,40	-6,89	-7,24	-7,59	-7,91	-8,07	-8,22	-8,22	-8,21	-8,17	-8,13	-8,15	-8,17	-8,25	-8,33	-3,11
04/03/2022 14:35:00	-3,10	-3,43	-3,83	-4,28	-4,81	-5,42	-6,12	-6,77	-7,28	-7,60	-7,90	-8,07	-8,23	-8,24	-8,25	-8,23	-8,22	-8,25	-8,28	-8,36	-8,43	-2,76
04/03/2022 14:40:00	-2,84	-3,14	-3,62	-4,18	-4,75	-5,32	-5,87	-6,31	-6,62	-7,07	-7,50	-7,76	-8,01	-8,06	-8,12	-8,10	-8,08	-8,11	-8,14	-8,23	-8,31	-2,77
04/03/2022 14:45:00	-2,70	-3,18	-3,62	-4,15	-4,69	-5,22	-5,69	-6,16	-6,60	-7,03	-7,45	-7,72	-7,99	-8,08	-8,16	-8,17	-8,18	-8,24	-8,30	-8,39	-8,48	-2,83
04/03/2022 14:50:00	-2,83	-3,25	-3,66	-4,09	-4,56	-5,08	-5,64	-6,24	-6,84	-7,20	-7,55	-7,80	-8,06	-8,16	-8,26	-8,32	-8,37	-8,46	-8,55	-8,66	-8,76	-2,87
04/03/2022 14:55:00	-2,95	-3,53	-3,84	-4,13	-4,46	-4,78	-5,36	-5,98	-6,52	-6,98	-7,46	-7,84	-8,23	-8,42	-8,61	-8,71	-8,81	-8,93	-9,05	-9,16	-9,28	-2,88
04/03/2022 15:00:00	-2,78	-3,24	-3,78	-4,33	-4,84	-5,25	-5,78	-6,25	-6,63	-7,08	-7,54	-7,87	-8,21	-8,35	-8,50	-8,55	-8,61	-8,70	-8,80	-8,91	-9,02	-2,85
04/03/2022 15:05:00	-2,84	-3,07	-3,40	-3,86	-4,45	-5,09	-5,78	-6,48	-7,08	-7,53	-7,96	-8,24	-8,52	-8,60	-8,69	-8,71	-8,73	-8,79	-8,85	-8,94	-9,03	-2,82
04/03/2022 15:10:00	-2,96	-3,13	-3,61	-4,22	-4,81	-5,35	-5,90	-6,37	-6,77	-7,22	-7,67	-7,97	-8,27	-8,37	-8,48	-8,50	-8,52	-8,59	-8,67	-8,77	-8,87	-2,90
04/03/2022 15:15:00	-2,92	-3,16	-3,67	-4,22	-4,78	-5,34	-5,92	-6,44	-6,85	-7,24	-7,62	-7,87	-8,12	-8,19	-8,26	-8,28	-8,29	-8,35	-8,41	-8,51	-8,60	-2,92
04/03/2022 15:20:00	-2,83	-3,23	-3,74	-4,26	-4,76	-5,25	-5,82	-6,30	-6,65	-7,10	-7,55	-7,84	-8,14	-8,25	-8,35	-8,37	-8,39	-8,45	-8,52	-8,62	-8,71	-2,81
04/03/2022 15:25:00	-2,80	-3,06	-3,49	-4,08	-4,74	-5,37	-5,98	-6,58	-7,13	-7,48	-7,79	-7,97	-8,15	-8,17	-8,18	-8,17	-8,16	-8,20	-8,24	-8,32	-8,41	-2,72
04/03/2022 15:30:00	-2,54	-3,01	-3,49	-3,93	-4,42	-5,06	-5,78	-6,50	-7,11	-7,46	-7,79	-8,02	-8,25	-8,32	-8,39	-8,43	-8,47	-8,54	-8,60	-8,70	-8,79	-2,62
04/03/2022 15:35:00	-2,52	-2,70	-3,29	-3,98	-4,64	-5,29	-5,84	-6,35	-6,80	-7,16	-7,50	-7,71	-7,92	-7,97	-8,02	-8,02	-8,03	-8,09	-8,14	-8,24	-8,34	-2,41
04/03/2022 15:40:00	-2,47	-2,79	-3,19	-3,67	-4,23	-4,81	-5,47	-6,10	-6,62	-7,01	-7,37	-7,60	-7,82	-7,88	-7,93	-7,94	-7,95	-8,00	-8,05	-8,15	-8,24	-2,52
04/03/2022 15:45:00	-2,52	-2,88	-3,30	-3,77	-4,27	-4,81	-5,35	-5,98	-6,66	-7,04	-7,42	-7,72	-8,02	-8,16	-8,30	-8,39	-8,48	-8,60	-8,71	-8,84	-8,96	-2,47
04/03/2022 15:50:00	-2,41	-2,63	-3,10	-3,70	-4,32	-4,89	-5,47	-5,97	-6,36	-6,77	-7,16	-7,39	-7,62	-7,67	-7,72	-7,72	-7,72	-7,76	-7,81	-7,90	-8,00	-2,42
04/03/2022 15:55:00	-2,29	-2,67	-3,26	-3,88	-4,47	-5,04	-5,55	-6,02	-6,44	-6,88	-7,32	-7,62	-7,92	-8,03	-8,14	-8,18	-8,21	-8,29	-8,37	-8,47	-8,58	-2,31
04/03/2022 16:00:00	-2,37	-2,80	-3,12	-3,52	-4,07	-4,74	-5,45	-6,13	-6,65	-7,13	-7,57	-7,84	-8,11	-8,16	-8,22	-8,21	-8,20	-8,23	-8,25	-8,33	-8,40	-2,47
04/03/2022 16:05:00	-2,32	-2,62	-3,13	-3,78	-4,39	-4,85	-5,30	-5,75	-6,21	-6,60	-7,00	-7,27	-7,55	-7,66	-7,77	-7,82	-7,87	-7,96	-8,06	-8,18	-8,29	-2,42
04/03/2022 16:10:00	-2,38	-2,63	-2,96	-3,39	-3,94	-4,53	-5,24	-5,94	-6,54	-7,00	-7,44	-7,74	-8,04	-8,15	-8,26	-8,30	-8,34	-8,42	-8,50	-8,60	-8,70	-2,51
04/03/2022 16:15:00	-2,21	-2,50	-2,88	-3,35	-3,91	-4,58	-5,30	-6,00	-6,59	-7,02	-7,43	-7,70	-7,97	-8,04	-8,12	-8,15	-8,17	-8,24	-8,30	-8,39	-8,49	-2,44
04/03/2022 16:20:00	-2,53	-2,72	-3,03	-3,60	-4,32	-4,96	-5,71	-6,40	-6,95	-7,42	-7,85	-8,08	-8,32	-8,35	-8,38	-8,35	-8,33	-8,35	-8,37	-8,44	-8,52	-2,37
04/03/2022 16:25:00	-2,41	-2,91	-3,34	-3,73	-4,18	-4,77	-5,33	-5,89	-6,40	-6,94	-7,48	-7,88	-8,27	-8,44	-8,62	-8,68	-8,74	-8,83	-8,92	-9,03	-9,14	-2,38
04/03/2022 16:30:00	-2,50	-2,59	-3,00	-3,62	-4,33	-4,99	-5,70	-6,30	-6,76	-7,20	-7,60	-7,82	-8,04	-8,06	-8,09	-8,06	-8,03	-8,06	-8,08	-8,16	-8,24	-2,36
04/03/2022 16:35:00	-2,65	-2,98	-3,38	-3,80	-4,30	-5,00	-5,61	-6,19	-6,66	-7,07	-7,45	-7,67	-7,90	-7,93	-7,97	-7,96	-7,96	-7,99	-8,02	-8,10	-8,18	-2,74
04/03/2022 16:40:00	-2,69	-2,80	-3,12	-3,51	-4,00	-4,65	-5,27	-5,92	-6,54	-7,04	-7,54	-7,90	-8,26	-8,42	-8,58	-8,65	-8,72	-8,82	-8,92	-9,04	-9,15	-2,65
04/03/2022 16:45:00	-2,57	-2,75	-3,07	-3,47	-3,99	-4,63	-5,24	-5,89	-6,52	-7,00	-7,47	-7,82	-8,16	-8,30	-8,44	-8,50	-8,56	-8,65	-8,74	-8,85	-8,96	-2,69
04/03/2022 16:50:00	-2,62	-2,89	-3,16	-3,43	-3,83	-4,40	-5,10	-5,86	-6,57	-7,08	-7,58	-7,99	-8,40	-8,61	-8,81	-8,93	-9,04	-9,16	-9,29	-9,42	-9,54	-2,67
04/03/2022 16:55:00	-2,43	-2,54	-2,99	-3,51	-4,02	-4,47	-4,99	-5,50	-5,98	-6,54	-7,14	-7,60	-8,07	-8,32	-8,57	-8,68	-8,79	-8,94	-9,09	-9,23	-9,38	-2,62
04/03/2022 17:00:00	-2,86	-3,04	-3,19	-3,46	-3,91	-4,52	-5,19	-5,87	-6,46	-6,95	-7,41	-7,72	-8,04	-8,14	-8,24	-8,27	-8,30	-8,37	-8,43	-8,52	-8,61	-2,84
04/03/2022 17:05:00	-2,81	-3,04	-3,36	-3,77	-4,27	-4,83	-5,48	-6,09	-6,57	-7,08	-7,56	-7,89	-8,22	-8,33	-8,45	-8,48	-8,50	-8,57	-8,64	-8,73	-8,83	-3,00
04/03/2022 17:10:00	-2,74	-2,95	-3,25	-3,55	-3,97	-4,59	-5,32	-6,06	-6,70	-7,20	-7,68	-8,05	-8,42	-8,59	-8,75	-8,83	-8,91	-9,01	-9,11	-9,22	-9,33	-2,83
04/03/2022 17:15:00	-2,92	-3,00	-3,38	-3,77	-4,26	-5,01	-5,68	-6,36	-6,96	-7,40	-7,81	-8,09	-8,38	-8,47	-8,57	-8,61	-8,64	-8,72	-8,79	-8,88	-8,98	-2,95
04/03/2022 17:20:00	-2,91	-3,20	-3,33	-3,52	-3,91	-4,42	-5,18	-6,01	-6,78	-7,22	-7,64	-7,97	-8,30	-8,45	-8,59	-8,68	-8,77	-8,87	-8,97	-9,08	-9,19	-2,92
04/03/2022 17:25:00	-2,85	-3,08	-3,20	-3,33	-3,71	-4,44	-5,22	-6,09	-6,90	-7,40	-7,88	-8,24	-8,60	-8,75	-8,90	-8,97	-9,04	-9,13	-9,22	-9,32	-9,41	-3,01
04/03/2022 17:30:00	-2,84	-2,93	-3,15	-3,55	-4,09	-4,63	-5,35	-6,05	-6,65	-7,11	-7,55	-7,84	-8,14	-8,24	-8,35	-8,38	-8,42	-8,49	-8,57	-8,67	-8,77	-2,92
04/03/2022 17:35:00	-2,90	-3,06	-3,38	-3,76	-4,26	-4,90	-5,52	-6,15	-6,74	-7,14	-7,53	-7,78	-8,04	-8,12	-8,20	-8,23	-8,26	-8,32	-8,39	-8,48	-8,58	-2,79
04/03/2022 17:40:00	-2,89	-3,18	-3,40	-3,68	-4,11	-4,64	-5,31	-5,98	-6,54	-7,00	-7,43	-7,74	-8,04	-8,15	-8,25	-8,29	-8,33	-8,40	-8,47	-8,56	-8,66	-2,77
04/03/2022 17:45:00	-2,84	-3,20	-3,45	-3,64	-3,92	-4,40	-5,00	-5,68	-6,30	-6,83	-7,38	-7,83	-8,29	-8,53	-8,77	-8,90	-9,03	-9,17	-9,31	-9,44	-9,57	-2,76
04/03/2022 17:50:00	-3,09	-3,37	-3,51	-3,68	-3,97	-4,37	-4,97	-5,65	-6,27	-6,81	-7,37	-7,83	-8,29	-8,53	-8,77	-8,90	-9,02	-9,16	-9,31	-9,44	-9,57	-2,97
04/03/2022 17:55:00	-2,97	-3,25	-3,53	-3,81	-4,17	-4,67	-5,21	-5,86	-6,52	-7,00	-7,49	-7,89	-8,29	-8,50	-8,71	-8,83	-8,95	-9,08	-9,22	-9,35	-9,48	-2,81
04/03/2022 18:00:00	-3,01	-3,31	-3,55	-3,85	-4,24	-4,64	-5,27	-5,88	-6,37	-6,90	-7,42	-7,82	-8,21	-8,39	-8,57	-8,64	-8,71	-8,81	-8,91	-9,03	-9,14	-2,84
04/03/2022 18:05:00	-3,06	-3,34	-3,70	-4,06	-4,42	-4,83	-5,45	-6,07	-6,59	-7,02	-7,45	-7,81	-8,17	-8,34	-8,52	-8,62	-8,71	-8,84	-8,96	-9,08	-9,20	-2,94
04/03/2022 18:10:00	-3,22	-3,14	-3,47	-3,96	-4,54	-5,14	-5,69	-6,23	-6,73	-7,17	-7,61	-7,89	-8,17	-8,26	-8,35	-8,38	-8,40	-8,47	-8,53	-8,64	-8,74	-3,05
04/03/2022 18:15:00	-3,20	-3,35	-3,64	-3,94	-4,33	-4,88	-5,41	-6,02	-6,61	-7,04	-7,47	-7,81	-8,14	-8,29	-8,44	-8,52	-8,59	-8,70	-8,81	-8,92	-9,04	-2,94
04/03/2022 18:20:00	-3,18	-3,38	-3,68	-4,03	-4,48	-5,07	-5,62	-6,20	-6,75	-7,17	-7,59	-7,88	-8,17	-8,27	-8,38	-8,42	-8,46	-8,54	-8,61	-8,71	-8,82	-2,99
04/03/2022 18:25:00	-3,19	-3,48	-3,79	-4,06	-4,31	-4,59	-5,09	-5,63	-6,12	-6,66	-7,24	-7,75	-8,25	-8,55	-8,85	-9,01	-9,17	-9,34	-9,52	-9,67	-9,82	-3,08
04/03/2022 18:30:00	-3,28	-3,47	-3,79	-4,17	-4,59	-5,02	-5,51	-6,02	-6,49	-6,96	-7,44	-7,79	-8,15	-8,32	-8,48	-8,56	-8,63	-8,73	-8,84	-8,96	-9,08	-3,23
04/03/2022 18:35:00	-3,35	-3,52	-3,85	-4,26	-4,69	-5,08	-5,57	-6,08	-6,57	-6,99	-7,41	-7,73	-8,05	-8,20	-8,35	-8,42	-8,49	-8,60	-8,71	-8,83	-8,95	-3,30
04/03/2022 18:40:00	-3,43	-3,47	-3,71	-4,05	-4,46	-4,98	-5,53	-6,09	-6,59	-7,14	-7,70	-8,11	-8,52	-8,71	-8,91	-8,98	-9,06	-9,17	-9,27	-9,39	-9,51	-3,29
04/03/2022 18:45:00	-3,45	-3,37	-3,59	-3,92	-4,39	-5,01	-5,56	-6,08	-6,53	-7,16	-7,78	-8,21	-8,64	-8,83	-9,01	-9,05	-9,09	-9,17	-9,25	-9,35	-9,46	-3,27
04/03/2022 18:50:00	-3,36	-3,40	-3,79	-4,32	-4,82	-5,15	-5,63	-6,10	-6,54	-6,93	-7,34	-7,65	-7,96	-8,10	-8,25	-8,32	-8,40	-8,51	-8,63	-8,76	-8,89	-3,35
04/03/2022 18:55:00	-3,35	-3,35	-3,62	-4,01	-4,53	-5,15	-5,81	-6,42	-6,94	-7,35	-7,74	-7,98	-8,22	-8,27	-8,32	-8,33	-8,33	-8,37	-8,42	-8,51	-8,59	-3,34
04/03/2022 19:00:00	-3,42	-3,56	-3,76	-4,07	-4,48	-4,97	-5,46	-5,97	-6,44	-6,95	-7,46	-7,81	-8,16	-8,31	-8,45	-8,50	-8,55	-8,63	-8,71	-8,82	-8,92	-3,34
04/03/2022 19:05:00	-3,41	-3,50	-3,73	-4,08	-4,53	-5,00	-5,67	-6,34	-6,92	-7,31	-7,68	-7,94	-8,21	-8,30	-8,40	-8,45	-8,50	-8,58	-8,66	-8,77	-8,87	-3,47
04/03/2022 19:10:00	-3,49	-3,59	-3,83	-4,15	-4,63	-5,25	-5,81	-6,43	-7,03	-7,37	-7,67	-7,86	-8,05	-8,08	-8,11	-8,11	-8,12	-8,17	-8,22	-8,30	-8,39	-3,55
04/03/2022 19:15:00	-3,65	-3,80	-4,03	-4,35	-4,73	-5,13	-5,55	-6,04	-6,53	-7,02	-7,52	-7,90	-8,28	-8,46	-8,65	-8,73	-8,81	-8,92	-9,03	-9,15	-9,28	-3,49
04/03/2022 19:20:00	-3,39	-3,61	-3,86	-4,25	-4,77	-5,33	-5,89	-6,44	-6,93	-7,31	-7,64	-7,83	-8,01	-8,02	-8,03	-8,00	-7,98	-8,00	-8,02	-8,10	-8,18	-3,53
04/03/2022 19:25:00	-3,58	-3,70	-3,99	-4,32	-4,72	-5,23	-5,70	-6,15	-6,55	-7,01	-7,47	-7,77	-8,08	-8,19	-8,30	-8,32	-8,35	-8,41	-8,48	-8,58	-8,68	-3,60
04/03/2022 19:30:00	-3,55	-3,68	-3,96	-4,30	-4,72	-5,16	-5,78	-6,36	-6,85	-7,22	-7,58	-7,83	-8,07	-8,16	-8,24	-8,28	-8,32	-8,39	-8,47	-8,57	-8,67	-3,66
04/03/2022 19:35:00	-3,66	-3,88	-4,13	-4,51	-4,93	-5,27	-5,75	-6,24	-6,69	-7,10	-7,51	-7,80	-8,09	-8,20	-8,32	-8,36	-8,41	-8,50	-8,58	-8,69	-8,80	-3,68
04/03/2022 19:40:00	-3,75	-4,01	-4,32	-4,64	-4,99	-5,40	-6,00	-6,52	-6,90	-7,23	-7,56	-7,77	-7,99	-8,04	-8,10	-8,12	-8,14	-8,19	-8,25	-8,34	-8,43	-3,61
04/03/2022 19:45:00	-3,67	-4,09	-4,33	-4,65	-5,05	-5,48	-5,90	-6,35	-6,75	-7,24	-7,72	-8,03	-8,35	-8,46	-8,56	-8,58	-8,59	-8,64	-8,70	-8,79	-8,88	-3,69
04/03/2022 19:50:00	-3,70	-3,87	-4,21	-4,66	-5,19	-5,71	-6,23	-6,67	-7,01	-7,41	-7,78	-7,98	-8,18	-8,20	-8,21	-8,18	-8,14	-8,16	-8,18	-8,25	-8,33	-3,78
04/03/2022 19:55:00	-3,74	-4,06	-4,28	-4,64	-5,10	-5,51	-6,05	-6,55	-6,96	-7,36	-7,74	-7,96	-8,19	-8,22	-8,26	-8,25	-8,24	-8,27	-8,30	-8,38	-8,46	-3,76
04/03/2022 20:00:00	-3,77	-4,09	-4,37	-4,66	-5,01	-5,43	-5,92	-6,44	-6,90	-7,27	-7,64	-7,91	-8,17	-8,27	-8,37	-8,41	-8,45	-8,53	-8,61	-8,71	-8,81	-3,83
04/03/2022 20:05:00	-3,78	-4,10	-4,37	-4,71	-5,17	-5,72	-6,18	-6,69	-7,19	-7,52	-7,83	-8,01	-8,18	-8,20	-8,21	-8,19	-8,18	-8,20	-8,23	-8,31	-8,39	-3,88
04/03/2022 20:10:00	-3,84	-4,05	-4,44	-4,83	-5,23	-5,65	-6,10	-6,52	-6,87	-7,21	-7,55	-7,78	-8,01	-8,08	-8,14	-8,17	-8,19	-8,25	-8,32	-8,42	-8,51	-3,81
04/03/2022 20:15:00	-3,81	-4,07	-4,34	-4,70	-5,10	-5,49	-5,98	-6,50	-6,99	-7,35	-7,71	-7,96	-8,21	-8,31	-8,40	-8,44	-8,48	-8,56	-8,64	-8,74	-8,84	-3,94
04/03/2022 20:20:00	-3,90	-4,11	-4,38	-4,64	-4,99	-5,45	-5,99	-6,58	-7,12	-7,51	-7,90	-8,20	-8,50	-8,63	-8,75	-8,82	-8,88	-8,98	-9,07	-9,18	-9,29	-4,05
04/03/2022 20:25:00	-3,86	-4,10	-4,42	-4,87	-5,33	-5,75	-6,16	-6,65	-7,16	-7,51	-7,86	-8,11	-8,36	-8,45	-8,55	-8,59	-8,63	-8,72	-8,80	-8,91	-9,02	-3,93
04/03/2022 20:30:00	-3,96	-4,11	-4,38	-4,83	-5,38	-5,84	-6,40	-6,87	-7,23	-7,65	-8,05	-8,25	-8,46	-8,48	-8,50	-8,46	-8,42	-8,43	-8,44	-8,51	-8,59	-3,86
04/03/2022 20:35:00	-3,95	-4,27	-4,65	-5,06	-5,47	-5,90	-6,28	-6,69	-7,09	-7,44	-7,79	-8,02	-8,25	-8,33	-8,40	-8,42	-8,44	-8,51	-8,57	-8,67	-8,77	-4,09
04/03/2022 20:40:00	-3,90	-4,46	-4,88	-5,16	-5,38	-5,68	-6,04	-6,46	-6,88	-7,26	-7,67	-8,02	-8,37	-8,56	-8,75	-8,85	-8,95	-9,08	-9,21	-9,33	-9,46	-4,03
04/03/2022 20:45:00	-4,04	-4,32	-4,77	-5,18	-5,57	-5,96	-6,49	-6,98	-7,39	-7,69	-8,01	-8,24	-8,47	-8,55	-8,64	-8,69	-8,73	-8,82	-8,90	-9,00	-9,11	-4,00
04/03/2022 20:50:00	-4,03	-4,34	-4,71	-5,20	-5,79	-6,39	-6,96	-7,46	-7,86	-8,20	-8,51	-8,63	-8,75	-8,70	-8,65	-8,58	-8,51	-8,49	-8,47	-8,52	-8,57	-3,99
04/03/2022 20:55:00	-4,15	-4,27	-4,75	-5,32	-5,88	-6,40	-6,97	-7,40	-7,68	-7,96	-8,21	-8,31	-8,41	-8,37	-8,32	-8,27	-8,21	-8,21	-8,22	-8,28	-8,35	-4,14
04/03/2022 21:00:00	-4,09	-4,36	-4,87	-5,46	-6,04	-6,55	-6,98	-7,36	-7,68	-7,91	-8,12	-8,20	-8,28	-8,23	-8,17	-8,12	-8,07	-8,07	-8,08	-8,15	-8,22	-4,06
04/03/2022 21:05:00	-4,13	-4,44	-4,98	-5,54	-6,01	-6,43	-6,79	-7,11	-7,40	-7,69	-7,98	-8,16	-8,33	-8,37	-8,41	-8,40	-8,40	-8,46	-8,51	-8,60	-8,69	-4,13
04/03/2022 21:10:00	-4,15	-4,47	-5,01	-5,49	-5,96	-6,55	-7,00	-7,34	-7,59	-7,91	-8,22	-8,37	-8,52	-8,51	-8,49	-8,45	-8,40	-8,41	-8,41	-8,48	-8,54	-4,13
04/03/2022 21:15:00	-4,19	-4,55	-5,11	-5,72	-6,24	-6,59	-6,96	-7,19	-7,33	-7,67	-8,00	-8,18	-8,36	-8,38	-8,39	-8,36	-8,32	-8,34	-8,37	-8,45	-8,53	-4,22
04/03/2022 21:20:00	-4,24	-4,60	-5,03	-5,53	-6,08	-6,69	-7,24	-7,80	-8,28	-8,42	-8,51	-8,50	-8,48	-8,37	-8,25	-8,18	-8,12	-8,10	-8,09	-8,14	-8,20	-4,26
04/03/2022 21:25:00	-4,43	-4,61	-5,10	-5,58	-6,00	-6,42	-6,87	-7,27	-7,62	-7,96	-8,31	-8,55	-8,80	-8,89	-8,98	-9,01	-9,05	-9,12	-9,20	-9,30	-9,40	-4,43
04/03/2022 21:30:00	-4,41	-4,74	-5,10	-5,54	-6,07	-6,68	-7,13	-7,55	-7,91	-8,23	-8,51	-8,62	-8,72	-8,66	-8,60	-8,52	-8,44	-8,42	-8,39	-8,44	-8,49	-4,39
04/03/2022 21:35:00	-4,45	-4,75	-5,18	-5,74	-6,29	-6,77	-7,23	-7,65	-8,01	-8,25	-8,46	-8,54	-8,63	-8,58	-8,52	-8,47	-8,42	-8,42	-8,43	-8,50	-8,56	-4,42
04/03/2022 21:40:00	-4,58	-4,89	-5,36	-5,83	-6,24	-6,62	-7,00	-7,32	-7,58	-7,92	-8,26	-8,48	-8,69	-8,75	-8,80	-8,80	-8,80	-8,85	-8,90	-8,99	-9,08	-4,57
04/03/2022 21:45:00	-4,68	-4,83	-5,29	-5,88	-6,45	-6,92	-7,32	-7,65	-7,94	-8,31	-8,66	-8,84	-9,03	-9,04	-9,06	-9,02	-8,98	-9,00	-9,02	-9,10	-9,18	-4,58
04/03/2022 21:50:00	-4,70	-4,90	-5,42	-5,96	-6,42	-6,85	-7,16	-7,47	-7,79	-8,05	-8,32	-8,49	-8,66	-8,69	-8,73	-8,74	-8,75	-8,81	-8,87	-8,96	-9,06	-4,64
04/03/2022 21:55:00	-4,72	-4,97	-5,43	-6,04	-6,63	-7,08	-7,41	-7,71	-8,01	-8,22	-8,42	-8,48	-8,53	-8,46	-8,39	-8,33	-8,26	-8,25	-8,25	-8,32	-8,39	-4,77
04/03/2022 22:00:00	-4,84	-4,98	-5,43	-5,98	-6,53	-7,04	-7,50	-7,88	-8,18	-8,39	-8,56	-8,60	-8,64	-8,55	-8,47	-8,39	-8,32	-8,31	-8,30	-8,36	-8,42	-4,83
04/03/2022 22:05:00	-4,84	-5,11	-5,53	-5,99	-6,41	-6,75	-7,07	-7,41	-7,74	-8,09	-8,46	-8,72	-8,97	-9,06	-9,16	-9,18	-9,21	-9,28	-9,35	-9,45	-9,55	-4,92
04/03/2022 22:10:00	-4,79	-5,26	-5,72	-6,05	-6,38	-6,81	-7,25	-7,69	-8,09	-8,40	-8,72	-8,95	-9,18	-9,26	-9,33	-9,36	-9,39	-9,46	-9,52	-9,61	-9,70	-4,79
04/03/2022 22:15:00	-4,86	-5,17	-5,60	-6,19	-6,78	-7,24	-7,61	-7,91	-8,15	-8,47	-8,75	-8,86	-8,96	-8,91	-8,85	-8,77	-8,69	-8,67	-8,65	-8,70	-8,76	-4,82
04/03/2022 22:20:00	-4,98	-5,19	-5,64	-6,23	-6,79	-7,25	-7,63	-8,00	-8,34	-8,57	-8,79	-8,88	-8,97	-8,93	-8,89	-8,84	-8,79	-8,81	-8,82	-8,89	-8,96	-4,78
04/03/2022 22:25:00	-4,84	-5,10	-5,47	-6,07	-6,75	-7,37	-7,98	-8,47	-8,83	-9,14	-9,39	-9,43	-9,48	-9,36	-9,24	-9,11	-8,98	-8,92	-8,86	-8,89	-8,92	-4,84
04/03/2022 22:30:00	-4,89	-5,20	-5,76	-6,28	-6,72	-7,16	-7,48	-7,79	-8,11	-8,43	-8,77	-8,99	-9,21	-9,28	-9,35	-9,36	-9,37	-9,43	-9,49	-9,58	-9,67	-4,81
04/03/2022 22:35:00	-4,86	-5,30	-5,71	-6,21	-6,72	-7,14	-7,60	-8,06	-8,50	-8,86	-9,21	-9,42	-9,64	-9,68	-9,73	-9,72	-9,71	-9,75	-9,79	-9,87	-9,95	-4,78
04/03/2022 22:40:00	-4,88	-5,29	-5,78	-6,28	-6,78	-7,32	-7,91	-8,36	-8,66	-8,95	-9,21	-9,32	-9,43	-9,38	-9,34	-9,27	-9,21	-9,19	-9,18	-9,23	-9,28	-4,86
04/03/2022 22:45:00	-5,01	-5,23	-5,59	-6,13	-6,72	-7,24	-7,78	-8,24	-8,60	-8,94	-9,24	-9,38	-9,51	-9,47	-9,43	-9,36	-9,29	-9,28	-9,26	-9,32	-9,37	-4,83
04/03/2022 22:50:00	-4,76	-5,11	-5,59	-6,05	-6,54	-7,08	-7,49	-7,90	-8,29	-8,68	-9,07	-9,31	-9,55	-9,60	-9,66	-9,65	-9,64	-9,68	-9,71	-9,79	-9,87	-4,78
04/03/2022 22:55:00	-4,73	-5,03	-5,58	-6,17	-6,73	-7,26	-7,60	-7,95	-8,31	-8,57	-8,82	-8,95	-9,08	-9,07	-9,06	-9,03	-9,00	-9,02	-9,05	-9,12	-9,20	-4,69
04/03/2022 23:00:00	-4,75	-5,08	-5,64	-6,23	-6,74	-7,14	-7,57	-7,89	-8,14	-8,40	-8,64	-8,77	-8,89	-8,88	-8,87	-8,83	-8,80	-8,82	-8,84	-8,91	-8,99	-4,76
04/03/2022 23:05:00	-4,73	-5,24	-5,74	-6,23	-6,67	-7,01	-7,41	-7,76	-8,06	-8,33	-8,59	-8,75	-8,90	-8,91	-8,92	-8,90	-8,89	-8,92	-8,95	-9,03	-9,11	-4,81
04/03/2022 23:10:00	-4,78	-5,10	-5,60	-6,13	-6,64	-7,19	-7,56	-7,94	-8,31	-8,51	-8,70	-8,77	-8,84	-8,79	-8,73	-8,69	-8,64	-8,65	-8,66	-8,73	-8,79	-4,76
04/03/2022 23:15:00	-4,80	-5,21	-5,78	-6,31	-6,77	-7,21	-7,59	-7,92	-8,20	-8,44	-8,67	-8,79	-8,91	-8,89	-8,88	-8,85	-8,82	-8,84	-8,86	-8,94	-9,01	-4,86
04/03/2022 23:20:00	-4,88	-5,30	-5,76	-6,26	-6,74	-7,23	-7,63	-7,94	-8,16	-8,47	-8,76	-8,88	-9,01	-8,97	-8,93	-8,86	-8,79	-8,77	-8,75	-8,81	-8,86	-4,76
04/03/2022 23:25:00	-4,82	-5,15	-5,70	-6,31	-6,89	-7,38	-7,75	-8,05	-8,30	-8,55	-8,77	-8,83	-8,90	-8,83	-8,76	-8,68	-8,60	-8,59	-8,57	-8,63	-8,69	-4,88
04/03/2022 23:30:00	-4,80	-5,20	-5,67	-6,20	-6,73	-7,22	-7,69	-8,08	-8,38	-8,66	-8,93	-9,03	-9,14	-9,10	-9,05	-8,99	-8,92	-8,91	-8,90	-8,96	-9,02	-4,81
04/03/2022 23:35:00	-4,79	-5,28	-5,70	-6,13	-6,59	-7,06	-7,46	-7,82	-8,12	-8,48	-8,83	-9,01	-9,19	-9,20	-9,20	-9,15	-9,11	-9,11	-9,12	-9,18	-9,25	-4,83
04/03/2022 23:40:00	-4,77	-5,06	-5,62	-6,30	-6,90	-7,27	-7,65	-7,85	-7,96	-8,25	-8,53	-8,63	-8,73	-8,67	-8,61	-8,53	-8,44	-8,42	-8,40	-8,46	-8,52	-4,78
04/03/2022 23:45:00	-4,77	-5,14	-5,58	-6,05	-6,52	-7,02	-7,57	-8,00	-8,28	-8,57	-8,83	-8,94	-9,06	-9,02	-8,97	-8,92	-8,86	-8,85	-8,84	-8,89	-8,95	-4,73
04/03/2022 23:50:00	-4,72	-5,30	-5,80	-6,22	-6,63	-7,11	-7,54	-7,91	-8,21	-8,48	-8,74	-8,86	-8,99	-8,96	-8,94	-8,89	-8,85	-8,85	-8,85	-8,91	-8,98	-4,86
04/03/2022 23:55:00	-4,82	-5,22	-5,68	-6,25	-6,79	-7,20	-7,55	-7,95	-8,35	-8,62	-8,87	-9,02	-9,17	-9,17	-9,18	-9,17	-9,15	-9,19	-9,22	-9,31	-9,39	-4,82
