FileFormat:0002.2 file with temperature of atmosphere
SN105HE102 RTK
local	GMT or Local
0	GMT-Local=[hours]
20	Height[m]
0	0	0	Longitude                [grd]               [min]               [sec]
0	0	0	Latitude                [grd]               [min]               [sec]
N	NS
56,45	Freq[GHz]
0,00	dTemostat[K]
0,150	MessErr[K]
0,248	//[grad/step]
version 14.4.20120406
MTP5HE102F5645K-38.60I70D222917+A1.1
Commentary:
SN105HE102
парабола ДНА = 2,5 град
НЕ102 - ПУ - ХВБ с ЦСД " S "
АЦП - 202 - 09 с контр.U пит.и М
оптопара серии - 2
Т out № 178 пл
БП LPS - 112
End Of Commentary

SYSTEM\summer.dat
data time	0	50	100	150	200	250	300	350	400	450	500	550	600	650	700	750	800	850	900	950	1000	OutsideTemperature
10/08/2022 00:00:00	20,46	20,38	20,39	20,39	20,24	20,02	19,73	19,39	19,06	18,73	18,46	18,15	17,84	17,49	17,14	16,72	16,30	15,83	15,37	14,87	14,37	20,45
10/08/2022 00:05:00	20,50	20,43	20,47	20,44	20,22	20,06	19,87	19,55	19,22	18,87	18,52	18,14	17,77	17,39	17,01	16,59	16,17	15,70	15,22	14,72	14,21	20,49
10/08/2022 00:10:00	20,45	20,41	20,40	20,37	20,19	19,98	19,75	19,53	19,23	18,85	18,45	18,04	17,64	17,24	16,84	16,42	16,00	15,53	15,05	14,54	14,02	20,44
10/08/2022 00:15:00	20,19	20,16	20,09	20,04	19,97	19,75	19,48	19,23	18,98	18,72	18,40	18,06	17,72	17,37	17,02	16,62	16,23	15,78	15,33	14,84	14,35	20,26
10/08/2022 00:20:00	20,11	19,99	20,07	20,09	19,88	19,72	19,54	19,30	19,02	18,70	18,31	17,92	17,52	17,14	16,75	16,34	15,93	15,47	15,02	14,52	14,02	20,17
10/08/2022 00:25:00	20,07	19,99	19,92	19,86	19,77	19,59	19,35	19,11	18,83	18,51	18,21	17,89	17,56	17,22	16,87	16,47	16,07	15,61	15,16	14,66	14,16	20,05
10/08/2022 00:30:00	19,98	19,79	19,84	19,90	19,82	19,75	19,61	19,36	19,10	18,83	18,42	18,00	17,58	17,17	16,77	16,35	15,94	15,46	14,98	14,46	13,94	19,97
10/08/2022 00:35:00	19,80	19,76	19,79	19,81	19,70	19,56	19,37	19,12	18,84	18,52	18,20	17,86	17,52	17,15	16,79	16,39	15,98	15,52	15,05	14,55	14,05	19,81
10/08/2022 00:40:00	19,71	19,67	19,67	19,65	19,51	19,36	19,18	18,96	18,67	18,32	18,05	17,75	17,45	17,12	16,79	16,40	16,00	15,55	15,10	14,61	14,12	19,75
10/08/2022 00:45:00	19,58	19,66	19,70	19,73	19,69	19,53	19,33	19,16	18,91	18,59	18,20	17,80	17,41	17,02	16,63	16,22	15,81	15,34	14,88	14,37	13,86	19,64
10/08/2022 00:50:00	19,63	19,71	19,74	19,72	19,61	19,50	19,34	19,11	18,84	18,56	18,21	17,85	17,50	17,14	16,78	16,38	15,98	15,53	15,07	14,57	14,08	19,64
10/08/2022 00:55:00	19,57	19,62	19,60	19,59	19,55	19,42	19,25	19,12	18,90	18,61	18,23	17,86	17,49	17,12	16,76	16,37	15,98	15,52	15,07	14,57	14,07	19,57
10/08/2022 01:00:00	19,51	19,62	19,54	19,44	19,36	19,16	18,94	18,82	18,54	18,16	17,88	17,59	17,30	16,98	16,66	16,27	15,88	15,43	14,99	14,50	14,02	19,44
10/08/2022 01:05:00	19,34	19,40	19,49	19,57	19,53	19,41	19,20	18,89	18,64	18,42	18,09	17,74	17,38	17,01	16,65	16,24	15,84	15,38	14,92	14,43	13,94	19,40
10/08/2022 01:10:00	19,24	19,46	19,59	19,65	19,58	19,41	19,18	18,97	18,66	18,29	18,00	17,68	17,36	17,00	16,65	16,23	15,82	15,36	14,89	14,40	13,90	19,32
10/08/2022 01:15:00	19,25	19,53	19,57	19,55	19,45	19,37	19,21	18,90	18,62	18,34	18,05	17,74	17,42	17,08	16,74	16,34	15,94	15,49	15,04	14,55	14,06	19,34
10/08/2022 01:20:00	19,29	19,40	19,60	19,74	19,64	19,45	19,20	18,95	18,68	18,41	18,01	17,60	17,19	16,80	16,40	15,98	15,56	15,10	14,64	14,14	13,65	19,28
10/08/2022 01:25:00	19,15	19,46	19,55	19,57	19,50	19,35	19,14	18,89	18,61	18,32	18,01	17,69	17,36	17,01	16,66	16,26	15,86	15,41	14,96	14,47	13,99	19,18
10/08/2022 01:30:00	19,09	19,41	19,51	19,56	19,49	19,34	19,13	18,88	18,58	18,26	17,97	17,65	17,33	16,98	16,62	16,21	15,80	15,34	14,88	14,39	13,89	19,11
10/08/2022 01:35:00	19,12	19,35	19,38	19,39	19,34	19,23	19,04	18,77	18,50	18,24	17,95	17,64	17,33	17,00	16,66	16,26	15,86	15,41	14,96	14,47	13,98	19,15
10/08/2022 01:40:00	19,06	19,15	19,33	19,44	19,30	19,22	19,08	18,82	18,59	18,37	18,00	17,62	17,25	16,88	16,50	16,11	15,71	15,27	14,82	14,34	13,85	19,09
10/08/2022 01:45:00	19,04	19,21	19,41	19,55	19,51	19,36	19,15	18,94	18,63	18,25	17,83	17,40	16,97	16,54	16,12	15,67	15,23	14,74	14,26	13,73	13,21	19,14
10/08/2022 01:50:00	19,01	19,23	19,30	19,34	19,30	19,31	19,25	19,04	18,68	18,22	17,89	17,53	17,17	16,78	16,39	15,95	15,50	15,00	14,50	13,95	13,40	19,06
10/08/2022 01:55:00	18,95	19,23	19,33	19,34	19,16	18,93	18,67	18,38	18,08	17,76	17,48	17,17	16,85	16,52	16,18	15,78	15,38	14,95	14,51	14,04	13,58	18,94
10/08/2022 02:00:00	18,98	19,12	19,30	19,46	19,47	19,37	19,22	19,12	18,85	18,47	18,08	17,67	17,26	16,86	16,45	16,02	15,59	15,11	14,63	14,10	13,57	18,94
10/08/2022 02:05:00	18,82	19,03	19,19	19,33	19,38	19,28	19,11	18,89	18,56	18,16	17,81	17,42	17,03	16,63	16,22	15,77	15,33	14,83	14,33	13,79	13,26	18,99
10/08/2022 02:10:00	19,12	19,34	19,41	19,43	19,35	19,21	19,00	18,75	18,47	18,18	17,83	17,46	17,10	16,73	16,36	15,96	15,55	15,10	14,64	14,15	13,66	19,09
10/08/2022 02:15:00	19,06	19,47	19,62	19,64	19,41	19,24	19,06	18,81	18,50	18,16	17,79	17,42	17,06	16,69	16,32	15,91	15,51	15,06	14,61	14,13	13,65	19,07
10/08/2022 02:20:00	19,03	19,54	19,63	19,63	19,56	19,32	19,02	18,72	18,42	18,12	17,78	17,43	17,08	16,72	16,35	15,94	15,53	15,08	14,63	14,15	13,67	19,08
10/08/2022 02:25:00	19,05	19,34	19,40	19,43	19,37	19,22	19,00	18,74	18,44	18,09	17,82	17,51	17,20	16,85	16,51	16,09	15,68	15,22	14,76	14,27	13,77	19,07
10/08/2022 02:30:00	18,83	19,36	19,63	19,77	19,67	19,40	19,06	18,77	18,46	18,12	17,74	17,34	16,95	16,55	16,15	15,72	15,28	14,82	14,36	13,87	13,38	18,89
10/08/2022 02:35:00	18,77	19,30	19,52	19,65	19,54	19,38	19,17	18,95	18,65	18,30	17,88	17,46	17,04	16,63	16,22	15,79	15,36	14,89	14,42	13,92	13,41	18,82
10/08/2022 02:40:00	18,80	19,30	19,57	19,72	19,64	19,48	19,27	19,03	18,74	18,40	17,96	17,51	17,06	16,63	16,21	15,77	15,34	14,86	14,39	13,88	13,37	18,76
10/08/2022 02:45:00	18,63	19,18	19,44	19,57	19,49	19,39	19,24	19,05	18,74	18,34	17,92	17,50	17,08	16,66	16,25	15,81	15,37	14,89	14,41	13,89	13,37	18,69
10/08/2022 02:50:00	18,64	19,32	19,61	19,73	19,59	19,42	19,18	18,83	18,53	18,25	17,83	17,41	16,99	16,58	16,17	15,75	15,32	14,86	14,40	13,91	13,43	18,66
10/08/2022 02:55:00	18,67	19,35	19,65	19,77	19,61	19,46	19,27	19,02	18,67	18,26	17,87	17,46	17,06	16,65	16,24	15,80	15,37	14,89	14,42	13,91	13,41	18,62
10/08/2022 03:00:00	18,45	18,96	19,26	19,42	19,33	19,19	19,01	18,78	18,54	18,29	17,83	17,39	16,95	16,53	16,12	15,71	15,29	14,84	14,38	13,90	13,41	18,49
10/08/2022 03:05:00	18,40	18,88	19,16	19,35	19,34	19,22	19,04	18,88	18,63	18,32	17,94	17,55	17,16	16,77	16,38	15,96	15,54	15,08	14,61	14,11	13,61	18,44
10/08/2022 03:10:00	18,33	18,65	18,83	18,95	18,96	18,86	18,71	18,56	18,38	18,19	17,87	17,54	17,21	16,88	16,54	16,17	15,80	15,37	14,94	14,47	14,00	18,15
10/08/2022 03:15:00	18,15	18,59	18,91	19,10	19,08	18,96	18,80	18,67	18,43	18,13	17,80	17,45	17,10	16,74	16,37	15,97	15,57	15,12	14,67	14,19	13,70	17,79
10/08/2022 03:20:00	18,13	18,85	19,04	19,17	19,32	19,28	19,11	18,83	18,58	18,35	18,03	17,68	17,34	16,97	16,60	16,18	15,77	15,30	14,83	14,32	13,81	17,58
10/08/2022 03:25:00	17,82	18,34	18,65	18,88	18,96	19,03	19,00	18,83	18,61	18,36	18,04	17,69	17,34	16,98	16,62	16,21	15,80	15,34	14,87	14,36	13,85	17,67
10/08/2022 03:30:00	17,50	18,51	18,94	19,21	19,23	19,19	19,05	18,79	18,47	18,10	17,76	17,39	17,01	16,61	16,21	15,76	15,32	14,83	14,34	13,82	13,30	17,62
10/08/2022 03:35:00	17,66	18,31	18,74	19,05	19,09	19,15	19,10	18,87	18,59	18,26	17,92	17,55	17,17	16,77	16,37	15,93	15,49	15,00	14,51	13,98	13,45	17,61
10/08/2022 03:40:00	17,59	18,21	18,77	19,21	19,35	19,34	19,23	19,05	18,83	18,56	18,17	17,75	17,33	16,91	16,49	16,04	15,60	15,11	14,62	14,10	13,57	17,56
10/08/2022 03:45:00	17,55	18,10	18,58	18,93	19,01	19,02	18,96	18,83	18,56	18,21	17,89	17,52	17,15	16,76	16,37	15,93	15,49	15,01	14,53	14,00	13,48	17,46
10/08/2022 03:50:00	17,44	18,29	18,66	18,95	19,13	19,10	18,95	18,73	18,43	18,08	17,70	17,28	16,86	16,43	16,00	15,55	15,09	14,58	14,08	13,54	13,00	17,41
10/08/2022 03:55:00	17,37	18,43	18,96	19,28	19,27	19,12	18,89	18,65	18,32	17,94	17,59	17,20	16,81	16,40	16,00	15,55	15,09	14,62	14,14	13,64	13,14	17,32
10/08/2022 04:00:00	17,25	18,19	18,90	19,39	19,44	19,36	19,20	18,98	18,66	18,25	17,83	17,37	16,91	16,44	15,98	15,50	15,02	14,51	14,00	13,46	12,92	17,27
10/08/2022 04:05:00	17,17	18,13	18,82	19,31	19,49	19,46	19,31	19,09	18,77	18,35	17,89	17,39	16,89	16,40	15,91	15,40	14,90	14,37	13,85	13,28	12,72	17,19
10/08/2022 04:10:00	17,11	17,79	18,47	19,03	19,31	19,34	19,24	19,07	18,82	18,48	18,06	17,58	17,11	16,64	16,18	15,69	15,20	14,68	14,15	13,59	13,02	16,93
10/08/2022 04:15:00	16,92	17,55	18,13	18,61	18,84	18,80	18,68	18,58	18,36	18,05	17,66	17,24	16,81	16,39	15,96	15,51	15,06	14,57	14,09	13,56	13,03	16,80
10/08/2022 04:20:00	16,65	17,59	18,25	18,73	18,85	18,87	18,78	18,56	18,32	18,06	17,65	17,21	16,78	16,34	15,91	15,46	15,01	14,53	14,04	13,52	13,00	16,75
10/08/2022 04:25:00	16,82	17,86	18,50	18,94	19,04	18,96	18,82	18,68	18,37	17,96	17,60	17,20	16,79	16,37	15,95	15,48	15,02	14,53	14,03	13,51	12,98	16,74
10/08/2022 04:30:00	16,67	17,81	18,43	18,87	19,04	19,01	18,88	18,71	18,38	17,97	17,62	17,21	16,81	16,38	15,95	15,48	15,00	14,50	13,99	13,45	12,91	16,70
10/08/2022 04:35:00	16,75	17,66	18,27	18,71	18,85	18,81	18,69	18,52	18,23	17,86	17,47	17,04	16,62	16,18	15,75	15,29	14,82	14,33	13,83	13,30	12,77	16,72
10/08/2022 04:40:00	16,60	17,44	18,14	18,66	18,79	18,78	18,67	18,50	18,25	17,94	17,56	17,15	16,73	16,30	15,88	15,42	14,97	14,48	13,99	13,47	12,96	16,45
10/08/2022 04:45:00	16,31	16,91	17,66	18,21	18,33	18,43	18,43	18,34	18,10	17,77	17,39	16,97	16,55	16,13	15,70	15,25	14,80	14,32	13,83	13,30	12,78	16,31
10/08/2022 04:50:00	16,18	17,25	17,92	18,40	18,54	18,55	18,47	18,34	18,01	17,59	17,28	16,91	16,54	16,13	15,72	15,26	14,79	14,29	13,80	13,27	12,74	16,15
10/08/2022 04:55:00	16,01	17,19	17,92	18,44	18,59	18,58	18,47	18,29	17,99	17,62	17,27	16,87	16,47	16,04	15,62	15,15	14,68	14,19	13,69	13,17	12,64	16,07
10/08/2022 05:00:00	16,07	17,11	17,89	18,49	18,75	18,77	18,65	18,42	18,15	17,82	17,48	17,06	16,65	16,21	15,78	15,29	14,81	14,30	13,79	13,25	12,71	16,14
10/08/2022 05:05:00	15,95	16,95	17,86	18,56	18,80	18,76	18,61	18,42	18,15	17,80	17,40	16,94	16,48	16,02	15,55	15,05	14,56	14,04	13,53	12,99	12,45	16,05
10/08/2022 05:10:00	15,92	17,00	17,88	18,57	18,92	19,05	19,01	18,84	18,62	18,33	17,94	17,49	17,04	16,59	16,13	15,65	15,16	14,65	14,13	13,57	13,02	15,92
10/08/2022 05:15:00	15,92	17,23	18,04	18,58	18,70	18,73	18,67	18,52	18,26	17,93	17,53	17,10	16,68	16,25	15,82	15,36	14,91	14,42	13,93	13,42	12,90	15,92
10/08/2022 05:20:00	15,93	16,89	17,79	18,48	18,75	18,91	18,96	18,92	18,71	18,38	17,97	17,52	17,06	16,61	16,17	15,70	15,23	14,73	14,22	13,67	13,11	15,91
10/08/2022 05:25:00	15,77	16,26	17,27	18,16	18,68	19,03	19,21	19,25	19,18	19,02	18,71	18,31	17,92	17,51	17,10	16,65	16,20	15,69	15,19	14,62	14,05	15,78
10/08/2022 05:30:00	15,77	16,87	17,86	18,66	19,10	19,32	19,37	19,26	19,05	18,75	18,36	17,90	17,44	16,98	16,51	16,01	15,51	14,97	14,44	13,85	13,27	15,71
10/08/2022 05:35:00	15,65	16,28	17,13	17,92	18,50	18,76	18,84	18,81	18,68	18,47	18,22	17,87	17,53	17,13	16,74	16,28	15,82	15,31	14,79	14,22	13,66	15,69
10/08/2022 05:40:00	15,70	16,44	17,38	18,24	18,85	19,10	19,20	19,22	19,08	18,82	18,37	17,86	17,36	16,87	16,38	15,89	15,40	14,85	14,31	13,70	13,10	15,59
10/08/2022 05:45:00	15,57	16,11	16,96	17,76	18,30	18,68	18,86	18,85	18,77	18,61	18,24	17,82	17,39	16,96	16,53	16,08	15,63	15,12	14,60	14,03	13,45	15,55
10/08/2022 05:50:00	15,58	16,09	17,04	17,88	18,36	18,67	18,81	18,78	18,63	18,38	18,16	17,82	17,48	17,09	16,70	16,24	15,77	15,26	14,74	14,17	13,60	15,57
10/08/2022 05:55:00	15,62	16,35	17,30	18,13	18,58	18,89	19,04	19,05	18,93	18,69	18,27	17,79	17,32	16,86	16,40	15,93	15,47	14,94	14,42	13,84	13,27	15,61
10/08/2022 06:00:00	15,54	16,10	16,98	17,79	18,34	18,65	18,81	18,88	18,79	18,59	18,19	17,75	17,30	16,87	16,43	15,98	15,53	15,01	14,50	13,93	13,35	15,79
10/08/2022 06:05:00	15,82	16,49	17,44	18,27	18,70	19,03	19,19	19,19	19,10	18,93	18,56	18,13	17,71	17,28	16,86	16,41	15,96	15,46	14,95	14,38	13,82	15,90
10/08/2022 06:10:00	16,07	16,84	17,70	18,48	18,98	19,18	19,25	19,29	19,12	18,84	18,52	18,13	17,74	17,32	16,90	16,44	15,97	15,45	14,93	14,35	13,78	16,00
10/08/2022 06:15:00	16,08	16,93	17,85	18,70	19,28	19,49	19,52	19,45	19,30	19,06	18,65	18,17	17,69	17,22	16,74	16,24	15,75	15,20	14,66	14,06	13,47	16,17
10/08/2022 06:20:00	16,16	17,01	17,94	18,74	19,20	19,43	19,50	19,45	19,30	19,07	18,79	18,43	18,06	17,66	17,26	16,80	16,33	15,82	15,30	14,74	14,17	16,24
10/08/2022 06:25:00	16,16	17,11	17,99	18,73	19,11	19,36	19,46	19,40	19,16	18,81	18,47	18,05	17,63	17,18	16,74	16,25	15,76	15,22	14,68	14,09	13,50	16,23
10/08/2022 06:30:00	16,04	16,69	17,68	18,58	19,13	19,48	19,64	19,64	19,49	19,23	18,87	18,42	17,97	17,51	17,05	16,56	16,07	15,52	14,97	14,36	13,75	16,60
10/08/2022 06:35:00	16,10	16,96	17,88	18,66	19,05	19,21	19,25	19,22	19,09	18,88	18,54	18,15	17,75	17,34	16,93	16,48	16,03	15,53	15,03	14,48	13,94	16,32
10/08/2022 06:40:00	16,22	17,04	17,94	18,71	19,15	19,40	19,47	19,40	19,23	18,98	18,61	18,17	17,74	17,29	16,84	16,37	15,89	15,36	14,83	14,25	13,67	16,17
10/08/2022 06:45:00	16,22	17,13	18,11	18,90	19,26	19,48	19,52	19,41	19,22	18,95	18,59	18,16	17,73	17,28	16,84	16,36	15,87	15,35	14,82	14,25	13,68	15,97
10/08/2022 06:50:00	15,97	16,72	17,72	18,56	18,97	19,12	19,13	19,04	18,89	18,65	18,17	17,64	17,12	16,63	16,13	15,64	15,15	14,63	14,10	13,53	12,95	16,00
10/08/2022 06:55:00	15,67	16,43	17,26	17,97	18,36	18,62	18,74	18,71	18,59	18,40	18,08	17,71	17,34	16,94	16,55	16,12	15,68	15,19	14,70	14,16	13,62	16,55
10/08/2022 07:00:00	15,88	16,24	16,95	17,62	18,11	18,33	18,44	18,52	18,47	18,34	18,10	17,80	17,49	17,15	16,81	16,41	16,01	15,55	15,08	14,56	14,04	16,76
10/08/2022 07:05:00	15,76	16,96	18,02	18,81	19,10	19,13	19,03	18,90	18,66	18,33	17,86	17,35	16,83	16,33	15,84	15,34	14,84	14,31	13,79	13,24	12,69	16,21
10/08/2022 07:10:00	15,71	16,21	17,18	18,08	18,66	18,93	19,05	19,11	18,98	18,71	18,29	17,80	17,31	16,83	16,35	15,86	15,37	14,83	14,29	13,69	13,08	15,93
10/08/2022 07:15:00	15,70	16,59	17,74	18,69	19,12	19,42	19,52	19,44	19,21	18,86	18,46	17,97	17,48	16,98	16,48	15,96	15,43	14,87	14,31	13,70	13,09	15,75
10/08/2022 07:20:00	15,88	16,79	17,72	18,45	18,73	18,85	18,87	18,82	18,60	18,28	17,89	17,45	17,00	16,56	16,11	15,64	15,17	14,66	14,15	13,60	13,05	16,14
10/08/2022 07:25:00	15,84	16,67	17,69	18,52	18,89	19,03	19,05	19,03	18,86	18,59	18,22	17,78	17,34	16,90	16,45	15,98	15,51	15,00	14,49	13,93	13,38	16,74
10/08/2022 07:30:00	16,20	17,25	18,08	18,70	18,92	19,02	19,01	18,92	18,73	18,46	18,04	17,58	17,13	16,69	16,25	15,80	15,35	14,86	14,37	13,84	13,31	17,06
10/08/2022 07:35:00	16,23	17,01	17,69	18,20	18,35	18,39	18,33	18,19	17,95	17,66	17,40	17,07	16,74	16,37	16,00	15,56	15,13	14,66	14,19	13,68	13,18	17,76
10/08/2022 07:40:00	16,39	16,90	17,54	18,12	18,45	18,54	18,52	18,46	18,29	18,04	17,75	17,39	17,03	16,64	16,25	15,82	15,38	14,90	14,41	13,88	13,35	17,72
10/08/2022 07:45:00	16,59	16,75	17,34	17,90	18,21	18,38	18,45	18,42	18,31	18,13	17,82	17,45	17,09	16,71	16,33	15,92	15,51	15,03	14,56	14,03	13,51	18,02
10/08/2022 07:50:00	16,59	16,74	17,19	17,63	17,92	18,12	18,22	18,22	18,15	18,03	17,84	17,59	17,33	17,04	16,74	16,38	16,01	15,57	15,14	14,65	14,16	17,83
10/08/2022 07:55:00	16,74	16,93	17,42	17,86	18,07	18,16	18,15	18,08	17,98	17,84	17,50	17,13	16,76	16,40	16,03	15,64	15,25	14,80	14,36	13,86	13,37	17,92
10/08/2022 08:00:00	16,65	16,65	17,35	18,01	18,32	18,48	18,49	18,38	18,15	17,83	17,47	17,02	16,58	16,12	15,67	15,18	14,70	14,18	13,65	13,08	12,51	17,63
10/08/2022 08:05:00	16,69	16,81	17,42	17,94	18,08	18,02	17,91	17,86	17,65	17,35	17,12	16,81	16,50	16,14	15,79	15,37	14,94	14,49	14,03	13,54	13,05	17,78
10/08/2022 08:10:00	16,89	16,72	17,00	17,38	17,79	17,96	18,04	18,11	18,01	17,80	17,47	17,10	16,74	16,36	15,99	15,59	15,20	14,73	14,25	13,72	13,18	18,02
10/08/2022 08:15:00	17,07	17,06	17,44	17,85	18,14	18,38	18,48	18,44	18,33	18,16	17,73	17,29	16,85	16,43	16,02	15,61	15,20	14,72	14,23	13,69	13,14	17,96
10/08/2022 08:20:00	17,40	17,30	17,78	18,17	18,17	18,07	17,90	17,68	17,41	17,08	16,84	16,51	16,18	15,81	15,45	15,01	14,58	14,12	13,66	13,17	12,68	18,25
10/08/2022 08:25:00	17,71	17,65	17,90	18,10	18,07	18,05	17,99	17,88	17,65	17,33	17,07	16,76	16,46	16,12	15,78	15,39	15,00	14,55	14,11	13,63	13,14	18,46
10/08/2022 08:30:00	17,93	17,61	17,87	18,17	18,30	18,28	18,16	17,93	17,67	17,34	17,07	16,71	16,36	15,97	15,59	15,15	14,71	14,22	13,74	13,21	12,69	19,21
10/08/2022 08:35:00	17,98	17,71	17,91	18,16	18,26	18,22	18,12	18,03	17,83	17,57	17,20	16,80	16,40	16,01	15,62	15,22	14,81	14,35	13,88	13,37	12,87	19,30
10/08/2022 08:40:00	18,21	17,94	18,01	18,10	18,08	18,08	18,00	17,79	17,55	17,27	16,98	16,66	16,33	15,98	15,64	15,24	14,85	14,40	13,95	13,45	12,96	19,61
10/08/2022 08:45:00	18,27	18,15	18,16	18,24	18,33	18,15	17,89	17,66	17,41	17,16	16,87	16,55	16,23	15,88	15,53	15,12	14,72	14,27	13,83	13,35	12,86	19,55
10/08/2022 08:50:00	18,40	18,32	18,27	18,25	18,23	18,10	17,93	17,78	17,49	17,11	16,82	16,50	16,17	15,83	15,48	15,08	14,68	14,23	13,78	13,29	12,80	19,81
10/08/2022 08:55:00	18,48	18,38	18,39	18,39	18,28	18,03	17,76	17,57	17,30	16,98	16,73	16,45	16,16	15,85	15,53	15,15	14,77	14,35	13,93	13,48	13,03	21,14
10/08/2022 09:00:00	18,66	18,40	18,36	18,36	18,29	18,12	17,92	17,74	17,51	17,23	16,88	16,52	16,16	15,80	15,44	15,06	14,67	14,24	13,80	13,33	12,85	20,45
10/08/2022 09:05:00	18,97	18,77	18,46	18,16	17,88	17,69	17,51	17,25	16,94	16,61	16,37	16,13	15,88	15,59	15,31	14,96	14,61	14,21	13,80	13,36	12,93	20,74
10/08/2022 09:10:00	19,16	18,78	18,50	18,26	18,08	17,77	17,42	17,14	16,84	16,53	16,26	15,97	15,69	15,37	15,06	14,69	14,32	13,91	13,50	13,06	12,63	20,44
10/08/2022 09:15:00	19,42	19,01	18,68	18,39	18,12	17,84	17,53	17,22	16,91	16,62	16,33	16,04	15,74	15,43	15,12	14,76	14,40	13,99	13,59	13,15	12,71	20,29
10/08/2022 09:20:00	19,72	19,30	18,99	18,66	18,28	17,89	17,51	17,17	16,83	16,52	16,23	15,94	15,65	15,34	15,03	14,67	14,31	13,92	13,52	13,11	12,69	21,09
10/08/2022 09:25:00	19,79	19,43	19,04	18,69	18,41	18,08	17,72	17,36	17,04	16,75	16,46	16,16	15,86	15,55	15,23	14,87	14,51	14,10	13,69	13,26	12,83	21,43
10/08/2022 09:30:00	19,99	19,55	19,19	18,86	18,49	18,13	17,77	17,40	17,06	16,74	16,43	16,12	15,80	15,48	15,15	14,78	14,41	14,01	13,60	13,16	12,73	20,91
10/08/2022 09:35:00	20,03	19,73	19,39	19,05	18,68	18,34	17,98	17,58	17,23	16,92	16,58	16,24	15,90	15,56	15,22	14,85	14,47	14,06	13,64	13,20	12,76	21,69
10/08/2022 09:40:00	19,93	19,78	19,50	19,17	18,78	18,39	18,00	17,59	17,24	16,93	16,61	16,29	15,97	15,64	15,31	14,94	14,57	14,16	13,76	13,33	12,90	22,96
10/08/2022 09:45:00	20,05	19,99	19,69	19,38	19,06	18,75	18,41	17,99	17,61	17,27	16,85	16,44	16,03	15,63	15,24	14,84	14,43	13,99	13,55	13,07	12,60	22,03
10/08/2022 09:50:00	20,36	20,26	19,99	19,60	19,02	18,55	18,15	17,78	17,36	16,89	16,44	16,03	15,61	15,22	14,84	14,44	14,05	13,62	13,20	12,76	12,32	22,01
10/08/2022 09:55:00	20,64	20,35	20,07	19,74	19,25	18,82	18,40	17,97	17,49	16,96	16,51	16,08	15,65	15,23	14,82	14,38	13,94	13,48	13,02	12,54	12,06	22,93
10/08/2022 10:00:00	20,85	20,46	20,06	19,66	19,20	18,73	18,26	17,79	17,34	16,88	16,49	16,11	15,73	15,35	14,97	14,55	14,14	13,70	13,26	12,80	12,34	23,09
10/08/2022 10:05:00	20,81	20,56	20,11	19,64	19,17	18,69	18,20	17,71	17,27	16,88	16,49	16,11	15,74	15,37	15,00	14,60	14,20	13,78	13,36	12,91	12,47	23,46
10/08/2022 10:10:00	20,99	20,60	20,19	19,77	19,30	18,82	18,35	17,90	17,43	16,95	16,54	16,14	15,75	15,36	14,97	14,55	14,13	13,69	13,24	12,77	12,31	22,93
10/08/2022 10:15:00	21,22	20,80	20,26	19,66	19,02	18,44	17,90	17,39	16,94	16,55	16,23	15,93	15,63	15,31	15,00	14,64	14,27	13,89	13,50	13,10	12,71	23,34
10/08/2022 10:20:00	21,20	20,81	20,22	19,61	19,05	18,54	18,05	17,54	17,05	16,58	16,30	16,04	15,78	15,48	15,18	14,79	14,41	14,00	13,58	13,16	12,73	23,05
10/08/2022 10:25:00	21,15	20,73	20,19	19,61	18,98	18,43	17,92	17,39	16,95	16,63	16,34	16,07	15,80	15,50	15,21	14,86	14,51	14,13	13,75	13,36	12,97	23,33
10/08/2022 10:30:00	21,01	20,68	20,23	19,76	19,26	18,83	18,42	17,98	17,54	17,10	16,80	16,52	16,23	15,91	15,59	15,20	14,82	14,40	13,98	13,54	13,10	22,56
10/08/2022 10:35:00	21,17	20,88	20,44	19,96	19,39	18,91	18,45	17,94	17,45	16,99	16,59	16,21	15,83	15,45	15,08	14,67	14,26	13,82	13,39	12,94	12,48	22,13
10/08/2022 10:40:00	21,18	20,71	20,15	19,56	18,99	18,43	17,91	17,47	17,03	16,61	16,31	16,03	15,75	15,45	15,15	14,78	14,42	14,03	13,64	13,23	12,82	22,25
10/08/2022 10:45:00	21,30	20,82	20,35	19,83	19,15	18,57	18,06	17,64	17,24	16,86	16,54	16,24	15,94	15,63	15,32	14,97	14,62	14,24	13,87	13,47	13,08	23,26
10/08/2022 10:50:00	21,40	20,97	20,53	20,04	19,51	18,94	18,37	17,90	17,39	16,85	16,51	16,19	15,86	15,51	15,16	14,74	14,33	13,89	13,46	13,01	12,56	22,88
10/08/2022 10:55:00	21,31	21,01	20,52	19,99	19,43	18,93	18,45	17,95	17,52	17,16	16,72	16,31	15,90	15,52	15,14	14,76	14,37	13,95	13,54	13,10	12,67	22,36
10/08/2022 11:00:00	21,74	21,27	20,65	20,04	19,49	18,96	18,46	17,97	17,49	17,03	16,65	16,29	15,94	15,58	15,22	14,83	14,43	14,00	13,57	13,12	12,68	22,99
10/08/2022 11:05:00	21,94	21,46	20,85	20,23	19,60	19,02	18,50	18,12	17,69	17,21	16,78	16,39	16,01	15,64	15,28	14,90	14,52	14,10	13,68	13,24	12,81	23,74
10/08/2022 11:10:00	21,89	21,36	20,80	20,21	19,61	19,05	18,53	18,11	17,72	17,38	17,02	16,68	16,33	16,00	15,68	15,32	14,97	14,57	14,18	13,77	13,36	23,92
10/08/2022 11:15:00	22,12	21,71	21,18	20,61	20,07	19,47	18,88	18,42	17,91	17,34	16,89	16,48	16,07	15,66	15,26	14,83	14,40	13,95	13,49	13,02	12,55	23,58
10/08/2022 11:20:00	22,23	21,97	21,48	20,89	20,16	19,41	18,69	18,05	17,52	17,11	16,59	16,09	15,59	15,15	14,71	14,30	13,88	13,46	13,04	12,62	12,20	23,79
10/08/2022 11:25:00	22,12	21,71	21,11	20,45	19,84	19,21	18,60	18,09	17,59	17,12	16,73	16,37	16,02	15,66	15,30	14,91	14,51	14,10	13,68	13,25	12,82	23,59
10/08/2022 11:30:00	22,12	21,64	20,93	20,22	19,60	19,02	18,48	17,88	17,35	16,91	16,60	16,32	16,04	15,73	15,42	15,03	14,65	14,23	13,82	13,39	12,97	23,70
10/08/2022 11:35:00	22,23	21,84	21,29	20,67	19,97	19,38	18,87	18,39	17,88	17,33	16,90	16,52	16,14	15,77	15,39	14,99	14,58	14,15	13,71	13,26	12,81	24,19
10/08/2022 11:40:00	22,27	21,96	21,36	20,75	20,23	19,62	19,02	18,53	18,05	17,58	17,14	16,74	16,34	15,95	15,56	15,15	14,74	14,30	13,85	13,40	12,94	22,88
10/08/2022 11:45:00	22,38	21,94	21,40	20,83	20,16	19,60	19,10	18,62	18,13	17,61	17,18	16,78	16,39	16,01	15,63	15,22	14,81	14,37	13,93	13,47	13,01	23,34
10/08/2022 11:50:00	22,51	22,11	21,52	20,88	20,24	19,63	19,05	18,51	18,03	17,61	17,18	16,78	16,38	16,00	15,62	15,23	14,83	14,41	13,98	13,55	13,11	23,29
10/08/2022 11:55:00	22,66	22,29	21,73	21,13	20,50	19,82	19,15	18,57	18,03	17,53	17,04	16,58	16,13	15,70	15,27	14,84	14,41	13,96	13,51	13,05	12,60	23,31
10/08/2022 12:00:00	22,26	21,89	21,38	20,79	20,11	19,44	18,80	18,23	17,69	17,19	16,78	16,41	16,04	15,67	15,29	14,88	14,47	14,04	13,61	13,18	12,74	22,82
10/08/2022 12:05:00	21,90	21,61	21,06	20,48	19,89	19,35	18,84	18,30	17,85	17,49	17,13	16,78	16,43	16,09	15,75	15,37	14,99	14,58	14,16	13,74	13,31	22,48
10/08/2022 12:10:00	21,90	21,44	20,99	20,54	20,07	19,64	19,22	18,78	18,32	17,83	17,43	17,05	16,67	16,29	15,91	15,49	15,07	14,61	14,15	13,66	13,17	22,56
10/08/2022 12:15:00	22,10	21,49	21,06	20,65	20,26	19,77	19,25	18,86	18,41	17,91	17,53	17,17	16,81	16,43	16,05	15,63	15,20	14,74	14,28	13,80	13,31	23,09
10/08/2022 12:20:00	22,06	21,63	21,24	20,86	20,38	19,94	19,51	19,10	18,68	18,26	17,84	17,43	17,03	16,64	16,24	15,83	15,42	14,97	14,52	14,04	13,56	23,00
10/08/2022 12:25:00	22,25	22,13	21,78	21,37	20,95	20,42	19,85	19,32	18,82	18,33	17,84	17,36	16,88	16,43	15,98	15,53	15,07	14,59	14,10	13,60	13,10	23,32
10/08/2022 12:30:00	22,60	22,39	21,97	21,49	20,93	20,35	19,77	19,26	18,79	18,34	17,82	17,32	16,82	16,37	15,92	15,49	15,06	14,60	14,14	13,66	13,18	23,64
10/08/2022 12:35:00	22,71	22,39	21,89	21,33	20,63	20,06	19,55	18,94	18,41	17,97	17,58	17,20	16,83	16,46	16,09	15,68	15,27	14,83	14,39	13,94	13,49	23,26
10/08/2022 12:40:00	22,86	22,50	22,02	21,47	20,86	20,25	19,65	19,11	18,59	18,09	17,64	17,21	16,79	16,39	15,98	15,55	15,12	14,66	14,21	13,74	13,28	23,23
10/08/2022 12:45:00	22,94	22,48	21,96	21,40	20,82	20,22	19,63	19,14	18,63	18,08	17,59	17,15	16,70	16,28	15,86	15,42	14,98	14,52	14,05	13,57	13,08	23,55
10/08/2022 12:50:00	23,08	22,78	22,18	21,51	20,81	20,18	19,59	18,98	18,46	18,03	17,60	17,19	16,79	16,40	16,02	15,61	15,21	14,78	14,35	13,90	13,46	24,16
10/08/2022 12:55:00	23,41	22,83	22,35	21,85	21,25	20,67	20,09	19,53	18,98	18,45	17,89	17,36	16,83	16,35	15,87	15,41	14,94	14,45	13,96	13,45	12,94	24,61
10/08/2022 13:00:00	23,36	22,90	22,24	21,57	20,97	20,39	19,83	19,22	18,67	18,16	17,71	17,30	16,89	16,49	16,09	15,65	15,22	14,76	14,29	13,81	13,32	24,11
10/08/2022 13:05:00	23,15	22,71	22,15	21,55	20,89	20,23	19,59	19,03	18,51	18,04	17,67	17,34	17,01	16,67	16,32	15,91	15,51	15,08	14,65	14,21	13,77	23,83
10/08/2022 13:10:00	23,24	22,63	22,06	21,49	20,90	20,23	19,55	19,02	18,49	17,97	17,59	17,25	16,91	16,56	16,20	15,77	15,35	14,91	14,46	14,01	13,55	24,36
10/08/2022 13:15:00	23,02	22,76	22,22	21,64	20,99	20,36	19,74	19,17	18,68	18,27	17,84	17,43	17,02	16,63	16,24	15,84	15,43	14,99	14,56	14,11	13,67	24,39
10/08/2022 13:20:00	23,44	22,92	22,37	21,82	21,23	20,61	19,98	19,37	18,81	18,29	17,85	17,44	17,02	16,61	16,20	15,75	15,31	14,84	14,37	13,88	13,40	25,09
10/08/2022 13:25:00	23,56	23,09	22,56	22,03	21,44	20,83	20,21	19,60	18,98	18,33	17,87	17,47	17,07	16,64	16,22	15,74	15,26	14,76	14,27	13,75	13,24	24,58
10/08/2022 13:30:00	23,47	23,04	22,60	22,14	21,60	21,11	20,62	20,02	19,42	18,81	18,31	17,86	17,40	16,95	16,50	16,01	15,52	15,01	14,49	13,95	13,41	26,16
10/08/2022 13:35:00	23,44	23,11	22,62	22,14	21,67	21,26	20,85	20,21	19,63	19,14	18,57	18,00	17,44	16,93	16,41	15,93	15,44	14,91	14,38	13,82	13,26	25,51
10/08/2022 13:40:00	23,60	23,19	22,63	22,04	21,48	20,91	20,33	19,73	19,19	18,73	18,29	17,88	17,47	17,07	16,66	16,23	15,79	15,32	14,85	14,37	13,88	26,17
10/08/2022 13:45:00	23,54	23,12	22,57	22,00	21,44	20,83	20,23	19,68	19,15	18,63	18,18	17,77	17,35	16,94	16,53	16,09	15,65	15,18	14,71	14,22	13,73	25,23
10/08/2022 13:50:00	23,57	23,10	22,57	22,01	21,46	20,88	20,29	19,74	19,22	18,74	18,24	17,75	17,27	16,83	16,38	15,94	15,49	15,02	14,54	14,04	13,55	24,63
10/08/2022 13:55:00	23,31	22,75	22,18	21,64	21,16	20,63	20,09	19,62	19,17	18,75	18,32	17,90	17,48	17,08	16,68	16,27	15,85	15,39	14,93	14,45	13,96	24,02
10/08/2022 14:00:00	23,37	22,82	22,30	21,77	21,27	20,75	20,24	19,77	19,30	18,81	18,41	18,05	17,69	17,32	16,94	16,52	16,10	15,63	15,17	14,68	14,19	24,70
10/08/2022 14:05:00	23,57	22,97	22,37	21,84	21,40	20,82	20,18	19,73	19,29	18,86	18,42	17,99	17,56	17,15	16,75	16,32	15,90	15,44	14,97	14,48	14,00	24,65
10/08/2022 14:10:00	23,62	23,44	22,91	22,30	21,70	21,08	20,47	19,91	19,35	18,79	18,34	17,94	17,55	17,14	16,74	16,30	15,86	15,38	14,91	14,42	13,93	24,77
10/08/2022 14:15:00	24,00	23,38	22,83	22,27	21,69	21,12	20,57	20,07	19,57	19,06	18,57	18,12	17,67	17,24	16,81	16,37	15,93	15,46	14,98	14,48	13,97	25,25
10/08/2022 14:20:00	24,07	23,48	22,86	22,25	21,71	21,19	20,68	20,14	19,61	19,09	18,67	18,29	17,90	17,51	17,12	16,68	16,24	15,76	15,28	14,78	14,27	25,08
10/08/2022 14:25:00	24,01	23,69	23,12	22,51	21,88	21,26	20,67	20,05	19,50	19,05	18,58	18,12	17,67	17,25	16,82	16,38	15,95	15,48	15,01	14,53	14,04	25,34
10/08/2022 14:30:00	23,97	23,50	23,01	22,49	21,92	21,30	20,69	20,20	19,70	19,16	18,68	18,25	17,81	17,39	16,97	16,53	16,08	15,61	15,13	14,63	14,14	25,12
10/08/2022 14:35:00	24,02	23,60	23,08	22,53	21,87	21,24	20,65	20,17	19,67	19,15	18,73	18,36	17,99	17,62	17,25	16,83	16,41	15,95	15,49	15,02	14,55	24,88
10/08/2022 14:40:00	24,40	23,95	23,39	22,79	22,20	21,59	20,97	20,36	19,78	19,26	18,81	18,41	18,01	17,60	17,19	16,74	16,29	15,81	15,32	14,82	14,32	26,36
10/08/2022 14:45:00	24,42	24,13	23,63	23,07	22,46	21,83	21,22	20,75	20,27	19,74	19,22	18,75	18,27	17,84	17,40	16,96	16,51	16,03	15,55	15,05	14,55	25,71
10/08/2022 14:50:00	24,64	24,36	23,87	23,39	22,91	22,40	21,89	21,41	20,88	20,25	19,67	19,15	18,63	18,13	17,64	17,15	16,65	16,10	15,56	14,98	14,41	26,86
10/08/2022 14:55:00	24,78	24,44	23,94	23,37	22,70	22,03	21,39	20,81	20,24	19,66	19,11	18,61	18,11	17,64	17,18	16,71	16,24	15,74	15,24	14,72	14,21	25,69
10/08/2022 15:00:00	24,91	24,30	23,71	23,11	22,48	21,81	21,13	20,63	20,13	19,64	19,19	18,78	18,37	17,98	17,58	17,15	16,73	16,26	15,80	15,32	14,83	25,56
10/08/2022 15:05:00	25,07	24,61	24,04	23,48	22,93	22,36	21,78	21,23	20,71	20,26	19,81	19,38	18,95	18,53	18,12	17,68	17,23	16,75	16,26	15,74	15,23	27,56
10/08/2022 15:10:00	25,04	24,59	24,03	23,43	22,83	22,21	21,60	21,11	20,62	20,13	19,64	19,18	18,73	18,30	17,88	17,44	17,00	16,52	16,04	15,53	15,03	26,16
10/08/2022 15:15:00	24,92	24,42	23,86	23,29	22,74	22,21	21,71	21,24	20,77	20,27	19,79	19,34	18,89	18,47	18,04	17,61	17,17	16,67	16,18	15,66	15,13	25,73
10/08/2022 15:20:00	25,18	24,96	24,45	23,84	23,10	22,44	21,83	21,22	20,61	20,00	19,47	19,02	18,57	18,13	17,69	17,22	16,75	16,25	15,75	15,23	14,71	26,58
10/08/2022 15:25:00	25,04	24,69	24,18	23,62	23,05	22,46	21,85	21,24	20,66	20,11	19,62	19,18	18,73	18,29	17,85	17,38	16,91	16,40	15,89	15,36	14,83	26,22
10/08/2022 15:30:00	25,07	24,87	24,39	23,84	23,25	22,62	21,98	21,42	20,85	20,27	19,76	19,31	18,86	18,41	17,97	17,50	17,02	16,51	16,00	15,47	14,94	26,86
10/08/2022 15:35:00	25,30	24,91	24,35	23,76	23,12	22,53	21,99	21,39	20,82	20,31	19,81	19,34	18,87	18,43	17,99	17,53	17,07	16,57	16,06	15,54	15,01	27,63
10/08/2022 15:40:00	25,20	24,64	24,14	23,67	23,18	22,64	22,07	21,53	20,99	20,43	19,86	19,33	18,79	18,29	17,79	17,30	16,80	16,26	15,73	15,16	14,59	26,28
10/08/2022 15:45:00	25,03	24,66	24,11	23,50	22,80	22,16	21,57	20,98	20,44	19,99	19,54	19,12	18,69	18,29	17,88	17,45	17,03	16,56	16,09	15,60	15,12	25,18
10/08/2022 15:50:00	24,91	24,48	24,03	23,55	22,93	22,33	21,75	21,24	20,71	20,15	19,65	19,20	18,76	18,32	17,89	17,43	16,97	16,47	15,97	15,44	14,92	25,13
10/08/2022 15:55:00	25,06	24,73	24,20	23,67	23,09	22,56	22,07	21,54	21,01	20,51	19,98	19,48	18,98	18,52	18,05	17,59	17,13	16,62	16,10	15,56	15,01	26,08
10/08/2022 16:00:00	25,17	24,79	24,26	23,71	23,15	22,59	22,05	21,56	21,04	20,44	19,89	19,39	18,89	18,42	17,95	17,47	17,00	16,48	15,95	15,40	14,85	25,98
10/08/2022 16:05:00	25,35	24,89	24,34	23,76	23,14	22,56	22,02	21,40	20,84	20,39	19,92	19,47	19,01	18,58	18,16	17,71	17,26	16,76	16,27	15,75	15,24	26,15
10/08/2022 16:10:00	25,51	25,01	24,37	23,71	23,10	22,48	21,87	21,27	20,70	20,17	19,71	19,31	18,90	18,49	18,08	17,63	17,18	16,69	16,19	15,67	15,16	26,54
10/08/2022 16:15:00	25,52	24,92	24,31	23,73	23,26	22,68	22,03	21,49	20,97	20,49	20,01	19,55	19,09	18,65	18,21	17,75	17,29	16,79	16,28	15,75	15,21	26,93
10/08/2022 16:20:00	25,41	25,08	24,58	24,02	23,38	22,72	22,06	21,43	20,87	20,44	19,92	19,40	18,88	18,41	17,94	17,48	17,02	16,53	16,04	15,53	15,02	26,86
10/08/2022 16:25:00	25,68	25,27	24,70	24,08	23,38	22,74	22,16	21,58	21,03	20,53	20,03	19,57	19,10	18,67	18,23	17,78	17,34	16,85	16,36	15,84	15,33	26,98
10/08/2022 16:30:00	25,69	25,31	24,74	24,14	23,46	22,88	22,37	21,76	21,20	20,71	20,24	19,79	19,34	18,91	18,48	18,03	17,58	17,08	16,58	16,06	15,54	27,41
10/08/2022 16:35:00	25,71	25,30	24,71	24,05	23,30	22,68	22,15	21,56	20,98	20,40	19,89	19,45	19,01	18,58	18,15	17,70	17,24	16,74	16,24	15,71	15,19	27,15
10/08/2022 16:40:00	25,64	25,08	24,48	23,91	23,36	22,81	22,27	21,68	21,12	20,63	20,16	19,72	19,27	18,84	18,41	17,95	17,49	16,97	16,46	15,92	15,38	26,14
10/08/2022 16:45:00	25,60	25,16	24,55	23,96	23,47	22,95	22,42	21,95	21,47	20,98	20,50	20,04	19,58	19,14	18,71	18,26	17,81	17,30	16,79	16,24	15,70	26,66
10/08/2022 16:50:00	25,91	25,48	24,99	24,51	24,00	23,41	22,78	22,23	21,66	21,09	20,49	19,92	19,35	18,82	18,30	17,80	17,29	16,74	16,18	15,60	15,02	26,88
10/08/2022 16:55:00	25,77	25,41	24,87	24,30	23,68	23,03	22,37	21,76	21,19	20,69	20,20	19,74	19,28	18,84	18,40	17,94	17,48	16,97	16,47	15,95	15,42	26,68
10/08/2022 17:00:00	25,58	25,15	24,56	23,94	23,39	22,77	22,13	21,61	21,10	20,56	20,09	19,68	19,27	18,86	18,45	18,00	17,55	17,05	16,56	16,03	15,51	26,01
10/08/2022 17:05:00	25,65	25,26	24,65	24,01	23,34	22,75	22,21	21,60	21,02	20,50	20,00	19,54	19,09	18,65	18,21	17,75	17,30	16,79	16,29	15,76	15,23	26,28
10/08/2022 17:10:00	25,81	25,19	24,60	24,03	23,43	22,86	22,31	21,83	21,34	20,84	20,36	19,92	19,48	19,06	18,64	18,19	17,75	17,25	16,75	16,22	15,69	26,77
10/08/2022 17:15:00	25,75	25,23	24,70	24,16	23,59	22,94	22,26	21,73	21,22	20,75	20,32	19,92	19,52	19,12	18,72	18,28	17,84	17,35	16,87	16,37	15,86	26,71
10/08/2022 17:20:00	25,78	25,28	24,75	24,25	23,76	23,26	22,76	22,27	21,79	21,34	20,81	20,29	19,76	19,29	18,81	18,35	17,89	17,36	16,84	16,28	15,72	27,16
10/08/2022 17:25:00	25,89	25,37	24,78	24,23	23,71	23,11	22,46	21,97	21,47	20,95	20,43	19,95	19,47	19,02	18,56	18,10	17,63	17,11	16,60	16,05	15,50	27,16
10/08/2022 17:30:00	25,65	25,20	24,63	24,02	23,33	22,70	22,11	21,57	21,03	20,50	20,06	19,68	19,30	18,92	18,53	18,09	17,66	17,17	16,69	16,18	15,68	25,90
10/08/2022 17:35:00	25,50	25,11	24,54	23,95	23,41	22,82	22,22	21,68	21,16	20,64	20,23	19,87	19,51	19,13	18,75	18,30	17,86	17,37	16,87	16,36	15,84	25,54
10/08/2022 17:40:00	25,62	25,33	24,86	24,32	23,69	23,03	22,38	21,81	21,29	20,82	20,33	19,86	19,39	18,95	18,51	18,06	17,61	17,12	16,63	16,12	15,62	26,35
10/08/2022 17:45:00	25,71	25,26	24,74	24,20	23,63	23,07	22,52	22,02	21,55	21,12	20,66	20,21	19,75	19,33	18,91	18,48	18,04	17,55	17,06	16,54	16,02	26,74
10/08/2022 17:50:00	25,82	25,46	24,88	24,26	23,57	22,91	22,29	21,73	21,22	20,78	20,35	19,93	19,52	19,12	18,72	18,30	17,88	17,41	16,94	16,45	15,96	27,06
10/08/2022 17:55:00	25,63	25,35	24,83	24,23	23,54	22,91	22,35	21,79	21,26	20,74	20,30	19,91	19,52	19,12	18,73	18,30	17,86	17,37	16,89	16,39	15,88	26,79
10/08/2022 18:00:00	25,82	25,39	24,81	24,21	23,66	23,03	22,36	21,80	21,27	20,77	20,26	19,77	19,28	18,83	18,37	17,91	17,45	16,94	16,43	15,90	15,37	26,81
10/08/2022 18:05:00	25,79	25,47	24,86	24,20	23,60	22,99	22,40	21,85	21,34	20,90	20,47	20,06	19,64	19,25	18,85	18,42	18,00	17,52	17,04	16,53	16,03	26,59
10/08/2022 18:10:00	25,81	25,31	24,78	24,22	23,60	22,99	22,40	21,90	21,40	20,87	20,36	19,90	19,43	19,00	18,56	18,10	17,65	17,15	16,64	16,11	15,59	26,90
10/08/2022 18:15:00	25,86	25,42	24,89	24,33	23,70	23,11	22,55	22,09	21,60	21,06	20,54	20,08	19,62	19,18	18,74	18,29	17,84	17,33	16,83	16,29	15,76	26,96
10/08/2022 18:20:00	25,77	25,42	24,79	24,11	23,54	22,91	22,25	21,69	21,15	20,65	20,26	19,93	19,59	19,23	18,87	18,44	18,00	17,52	17,04	16,54	16,04	26,57
10/08/2022 18:25:00	25,73	25,39	24,88	24,32	23,64	23,04	22,49	21,92	21,39	20,91	20,43	19,98	19,53	19,10	18,68	18,23	17,79	17,29	16,80	16,29	15,77	26,37
10/08/2022 18:30:00	25,76	25,24	24,68	24,09	23,53	23,01	22,52	22,01	21,50	21,00	20,56	20,15	19,75	19,35	18,95	18,50	18,06	17,56	17,06	16,53	15,99	26,58
10/08/2022 18:35:00	25,68	25,25	24,75	24,23	23,64	23,08	22,54	22,01	21,49	20,97	20,47	20,01	19,55	19,12	18,68	18,21	17,75	17,24	16,73	16,19	15,65	26,64
10/08/2022 18:40:00	25,72	25,34	24,79	24,20	23,51	22,86	22,25	21,72	21,23	20,80	20,34	19,89	19,44	19,03	18,61	18,19	17,76	17,29	16,82	16,33	15,83	26,27
10/08/2022 18:45:00	25,79	25,26	24,73	24,20	23,63	23,01	22,36	21,82	21,28	20,77	20,30	19,88	19,45	19,03	18,61	18,15	17,69	17,19	16,68	16,16	15,63	26,41
10/08/2022 18:50:00	25,65	25,29	24,84	24,33	23,75	23,14	22,53	22,03	21,53	21,03	20,52	20,04	19,57	19,12	18,68	18,22	17,76	17,26	16,76	16,23	15,70	26,08
10/08/2022 18:55:00	25,92	25,47	24,89	24,32	23,79	23,28	22,78	22,27	21,78	21,32	20,88	20,47	20,06	19,66	19,26	18,81	18,37	17,87	17,36	16,83	16,29	26,04
10/08/2022 19:00:00	25,97	25,38	24,88	24,35	23,76	23,19	22,65	22,13	21,63	21,13	20,69	20,28	19,86	19,46	19,05	18,60	18,16	17,66	17,16	16,63	16,11	26,46
10/08/2022 19:05:00	25,91	25,57	24,95	24,32	23,82	23,31	22,79	22,26	21,74	21,26	20,85	20,47	20,09	19,70	19,32	18,87	18,43	17,93	17,42	16,88	16,35	26,63
10/08/2022 19:10:00	25,92	25,54	25,04	24,52	23,96	23,42	22,90	22,42	21,93	21,43	20,92	20,45	19,98	19,53	19,09	18,63	18,17	17,66	17,14	16,59	16,04	26,27
10/08/2022 19:15:00	25,83	25,48	24,96	24,40	23,84	23,28	22,71	22,16	21,65	21,19	20,76	20,35	19,95	19,54	19,14	18,70	18,25	17,76	17,26	16,74	16,22	26,43
10/08/2022 19:20:00	25,82	25,38	24,87	24,32	23,73	23,18	22,67	22,13	21,63	21,20	20,77	20,35	19,94	19,53	19,13	18,69	18,26	17,77	17,27	16,75	16,23	26,14
10/08/2022 19:25:00	25,76	25,23	24,65	24,09	23,56	23,03	22,52	21,99	21,51	21,13	20,76	20,39	20,03	19,66	19,29	18,87	18,45	17,97	17,49	16,98	16,47	26,18
10/08/2022 19:30:00	25,63	25,24	24,71	24,16	23,54	23,00	22,51	21,96	21,46	21,02	20,64	20,29	19,93	19,56	19,20	18,77	18,35	17,87	17,39	16,88	16,38	25,91
10/08/2022 19:35:00	25,65	25,25	24,75	24,23	23,69	23,13	22,57	22,06	21,58	21,16	20,69	20,22	19,75	19,31	18,88	18,44	17,99	17,50	17,00	16,47	15,95	25,95
10/08/2022 19:40:00	25,60	25,25	24,77	24,25	23,69	23,13	22,59	22,06	21,55	21,03	20,57	20,16	19,74	19,32	18,91	18,45	18,00	17,49	16,99	16,45	15,92	25,83
10/08/2022 19:45:00	25,52	25,19	24,72	24,20	23,61	23,07	22,56	22,01	21,50	21,06	20,61	20,17	19,73	19,31	18,89	18,45	18,01	17,51	17,02	16,50	15,98	25,59
10/08/2022 19:50:00	25,64	25,30	24,77	24,23	23,73	23,22	22,69	22,18	21,68	21,20	20,75	20,31	19,88	19,46	19,04	18,59	18,14	17,63	17,12	16,58	16,04	25,63
10/08/2022 19:55:00	25,53	25,19	24,65	24,08	23,60	23,09	22,57	22,09	21,64	21,24	20,81	20,39	19,97	19,57	19,17	18,74	18,31	17,82	17,33	16,81	16,28	25,46
10/08/2022 20:00:00	25,36	25,03	24,54	24,03	23,53	23,02	22,51	21,94	21,43	21,02	20,57	20,12	19,67	19,25	18,82	18,37	17,92	17,42	16,92	16,39	15,85	25,34
10/08/2022 20:05:00	25,36	24,93	24,46	23,97	23,46	22,92	22,37	21,89	21,42	20,96	20,52	20,11	19,69	19,28	18,87	18,43	17,99	17,50	17,01	16,48	15,96	25,26
10/08/2022 20:10:00	25,26	24,94	24,46	23,95	23,43	22,88	22,32	21,80	21,32	20,91	20,48	20,07	19,66	19,26	18,86	18,43	18,00	17,51	17,03	16,52	16,00	25,19
10/08/2022 20:15:00	25,13	24,85	24,37	23,84	23,31	22,80	22,31	21,76	21,23	20,72	20,29	19,91	19,53	19,13	18,74	18,29	17,83	17,33	16,83	16,30	15,77	25,12
10/08/2022 20:20:00	25,01	24,68	24,22	23,75	23,27	22,72	22,14	21,67	21,21	20,75	20,31	19,89	19,48	19,07	18,66	18,22	17,77	17,28	16,79	16,27	15,75	25,04
10/08/2022 20:25:00	24,97	24,79	24,30	23,78	23,29	22,77	22,26	21,75	21,26	20,80	20,34	19,90	19,46	19,03	18,61	18,16	17,71	17,21	16,71	16,18	15,65	25,01
10/08/2022 20:30:00	24,97	24,57	24,13	23,69	23,19	22,68	22,17	21,65	21,17	20,77	20,37	19,97	19,57	19,18	18,78	18,35	17,91	17,42	16,94	16,42	15,91	24,91
10/08/2022 20:35:00	24,76	24,52	24,05	23,55	23,01	22,54	22,12	21,62	21,15	20,70	20,31	19,94	19,58	19,20	18,82	18,40	17,97	17,49	17,00	16,49	15,97	24,85
10/08/2022 20:40:00	24,82	24,56	24,15	23,70	23,20	22,64	22,05	21,60	21,15	20,72	20,30	19,89	19,48	19,08	18,68	18,25	17,82	17,34	16,86	16,36	15,86	24,71
10/08/2022 20:45:00	24,73	24,43	24,02	23,58	23,04	22,57	22,14	21,76	21,35	20,87	20,43	20,03	19,63	19,24	18,84	18,42	17,99	17,50	17,01	16,49	15,97	24,53
10/08/2022 20:50:00	24,44	24,14	23,75	23,32	22,84	22,37	21,92	21,47	21,01	20,55	20,15	19,78	19,41	19,02	18,64	18,21	17,78	17,29	16,80	16,28	15,76	24,42
10/08/2022 20:55:00	24,23	23,99	23,63	23,25	22,77	22,30	21,83	21,41	20,98	20,53	20,09	19,67	19,25	18,85	18,44	18,00	17,57	17,08	16,59	16,07	15,55	24,28
10/08/2022 21:00:00	24,07	23,81	23,46	23,09	22,63	22,21	21,79	21,34	20,90	20,47	20,06	19,67	19,28	18,88	18,49	18,05	17,62	17,13	16,64	16,12	15,60	24,11
10/08/2022 21:05:00	24,14	23,95	23,60	23,20	22,74	22,30	21,86	21,44	21,01	20,58	20,13	19,69	19,26	18,84	18,43	17,99	17,56	17,07	16,58	16,05	15,53	24,13
10/08/2022 21:10:00	24,00	23,83	23,49	23,10	22,62	22,17	21,74	21,27	20,83	20,41	20,05	19,70	19,35	18,99	18,63	18,20	17,78	17,31	16,83	16,33	15,83	24,06
10/08/2022 21:15:00	24,06	23,83	23,49	23,13	22,71	22,29	21,85	21,38	20,93	20,51	20,11	19,73	19,34	18,95	18,56	18,12	17,68	17,19	16,70	16,18	15,65	23,99
10/08/2022 21:20:00	23,89	23,85	23,56	23,22	22,75	22,29	21,86	21,46	21,04	20,58	20,13	19,72	19,30	18,90	18,49	18,06	17,62	17,13	16,64	16,11	15,59	23,84
10/08/2022 21:25:00	23,79	23,81	23,44	22,97	22,54	22,05	21,56	21,10	20,64	20,17	19,80	19,47	19,14	18,78	18,42	17,99	17,56	17,09	16,61	16,11	15,61	23,76
10/08/2022 21:30:00	23,73	23,62	23,34	23,02	22,68	22,30	21,89	21,46	21,04	20,65	20,24	19,83	19,42	19,02	18,62	18,18	17,74	17,24	16,75	16,22	15,69	23,73
10/08/2022 21:35:00	23,73	23,78	23,47	23,05	22,56	22,15	21,78	21,27	20,80	20,39	20,01	19,65	19,29	18,92	18,55	18,12	17,70	17,22	16,74	16,24	15,73	23,73
10/08/2022 21:40:00	23,63	23,66	23,38	23,03	22,58	22,09	21,59	21,12	20,64	20,15	19,79	19,45	19,11	18,74	18,37	17,93	17,48	17,00	16,51	16,00	15,50	23,68
10/08/2022 21:45:00	23,60	23,51	23,27	22,96	22,49	22,05	21,63	21,21	20,80	20,42	20,03	19,64	19,25	18,86	18,48	18,06	17,64	17,16	16,69	16,19	15,69	23,64
10/08/2022 21:50:00	23,59	23,60	23,33	23,00	22,58	22,13	21,67	21,23	20,81	20,40	20,02	19,65	19,29	18,91	18,53	18,10	17,68	17,20	16,72	16,22	15,71	23,62
10/08/2022 21:55:00	23,61	23,76	23,53	23,20	22,72	22,28	21,84	21,33	20,84	20,39	20,02	19,66	19,31	18,94	18,56	18,12	17,68	17,19	16,70	16,19	15,68	23,57
10/08/2022 22:00:00	23,68	23,77	23,57	23,29	22,87	22,45	22,04	21,64	21,19	20,67	20,23	19,84	19,44	19,03	18,62	18,16	17,71	17,20	16,69	16,15	15,61	23,64
10/08/2022 22:05:00	23,62	23,88	23,69	23,40	22,97	22,46	21,93	21,46	20,98	20,48	20,05	19,65	19,25	18,83	18,42	17,96	17,50	17,00	16,50	15,97	15,45	23,48
10/08/2022 22:10:00	23,42	23,62	23,44	23,17	22,78	22,32	21,82	21,34	20,87	20,43	19,99	19,56	19,13	18,70	18,28	17,82	17,36	16,86	16,35	15,83	15,30	23,48
10/08/2022 22:15:00	23,64	23,69	23,49	23,20	22,83	22,39	21,90	21,46	21,01	20,55	20,14	19,76	19,37	18,97	18,57	18,12	17,67	17,17	16,67	16,15	15,62	23,59
10/08/2022 22:20:00	23,56	23,76	23,54	23,23	22,80	22,30	21,78	21,30	20,84	20,40	19,99	19,60	19,21	18,81	18,41	17,96	17,52	17,03	16,54	16,03	15,52	23,53
10/08/2022 22:25:00	23,57	23,65	23,43	23,09	22,59	22,17	21,78	21,35	20,93	20,50	20,07	19,65	19,24	18,84	18,44	18,01	17,58	17,10	16,62	16,11	15,59	23,46
10/08/2022 22:30:00	23,37	23,58	23,30	22,96	22,56	22,13	21,68	21,18	20,72	20,32	19,94	19,57	19,19	18,81	18,43	17,99	17,55	17,07	16,58	16,07	15,56	23,32
10/08/2022 22:35:00	23,35	23,54	23,30	22,96	22,50	22,05	21,60	21,13	20,67	20,22	19,79	19,39	18,98	18,58	18,17	17,73	17,29	16,80	16,31	15,80	15,29	23,41
10/08/2022 22:40:00	23,20	23,50	23,24	22,89	22,50	22,06	21,58	21,11	20,65	20,22	19,84	19,47	19,11	18,73	18,35	17,92	17,48	16,99	16,51	16,00	15,49	23,28
10/08/2022 22:45:00	23,14	23,46	23,31	23,04	22,65	22,18	21,70	21,30	20,87	20,41	20,02	19,65	19,28	18,90	18,51	18,07	17,63	17,15	16,66	16,16	15,65	23,31
10/08/2022 22:50:00	23,00	23,46	23,32	23,06	22,66	22,27	21,87	21,40	20,96	20,57	20,13	19,69	19,26	18,84	18,41	17,97	17,53	17,03	16,54	16,01	15,49	23,19
10/08/2022 22:55:00	23,17	23,67	23,57	23,33	22,95	22,50	22,04	21,68	21,27	20,80	20,37	19,97	19,57	19,17	18,77	18,32	17,88	17,38	16,89	16,37	15,85	23,21
10/08/2022 23:00:00	23,11	23,69	23,59	23,35	22,96	22,61	22,26	21,81	21,35	20,88	20,46	20,06	19,65	19,25	18,84	18,38	17,92	17,41	16,89	16,35	15,81	23,09
10/08/2022 23:05:00	22,88	23,55	23,53	23,33	22,88	22,47	22,07	21,61	21,16	20,74	20,37	20,01	19,65	19,27	18,89	18,46	18,02	17,53	17,05	16,54	16,04	22,33
10/08/2022 23:10:00	23,03	23,52	23,45	23,25	22,86	22,46	22,05	21,61	21,18	20,77	20,39	20,01	19,64	19,25	18,86	18,42	17,98	17,49	17,00	16,49	15,98	22,01
10/08/2022 23:15:00	22,95	23,54	23,51	23,30	22,93	22,49	22,01	21,51	21,06	20,70	20,30	19,90	19,49	19,09	18,69	18,24	17,80	17,31	16,82	16,32	15,81	21,89
10/08/2022 23:20:00	22,62	23,21	23,19	23,02	22,64	22,22	21,78	21,35	20,89	20,40	19,98	19,58	19,18	18,77	18,36	17,90	17,43	16,93	16,43	15,90	15,38	21,81
10/08/2022 23:25:00	22,54	23,11	23,05	22,87	22,54	22,14	21,72	21,28	20,87	20,50	20,07	19,64	19,21	18,79	18,38	17,93	17,49	17,00	16,51	15,99	15,48	21,59
10/08/2022 23:30:00	22,41	23,09	23,06	22,88	22,48	22,10	21,72	21,30	20,87	20,44	20,02	19,62	19,22	18,82	18,42	17,97	17,53	17,04	16,54	16,03	15,51	21,48
10/08/2022 23:35:00	22,60	23,13	23,04	22,81	22,41	21,95	21,47	21,07	20,69	20,32	19,96	19,61	19,25	18,89	18,53	18,11	17,70	17,24	16,78	16,30	15,82	21,47
10/08/2022 23:40:00	22,65	23,13	22,99	22,72	22,37	21,95	21,52	21,15	20,76	20,35	19,99	19,64	19,29	18,93	18,56	18,14	17,72	17,25	16,77	16,27	15,78	21,28
10/08/2022 23:45:00	22,35	22,89	22,74	22,45	22,04	21,60	21,17	20,73	20,32	19,95	19,59	19,24	18,89	18,53	18,17	17,75	17,34	16,88	16,42	15,94	15,46	21,24
10/08/2022 23:50:00	22,13	22,79	22,68	22,47	22,19	21,83	21,42	21,01	20,56	20,05	19,62	19,22	18,81	18,39	17,97	17,50	17,04	16,52	16,01	15,47	14,93	20,96
10/08/2022 23:55:00	21,52	22,44	22,38	22,17	21,79	21,36	20,93	20,49	20,05	19,61	19,24	18,89	18,54	18,17	17,79	17,36	16,92	16,45	15,97	15,48	14,99	20,87
