FileFormat:0002.2 file with temperature of atmosphere
SN105HE102
local	GMT or Local
0	GMT-Local=[hours]
0	Height[m]
0	0	0	Longitude                [grd]               [min]               [sec]
0	0	0	Latitude                [grd]               [min]               [sec]
N	NS
56,45	Freq[GHz]
0,00	dTemostat[K]
0,150	MessErr[K]
0,248	//[grad/step]
version 14.4.20120406
MTP5HE102F5645K-38.60I70D219217+A1.1
Commentary:
SN105HE102
парабола ДНА = 2,5 град
НЕ102 - ПУ - ХВБ с ЦСД " S "
АЦП - 202 - 09 с контр.U пит.и М
оптопара серии - 2
Т out № 178 пл
БП LPS - 112
End Of Commentary

SYSTEM\summer.dat
data time	0	50	100	150	200	250	300	350	400	450	500	550	600	650	700	750	800	850	900	950	1000	OutsideTemperature
25/04/2020 00:00:00	14,57	15,65	17,31	18,86	19,99	20,90	21,57	22,09	22,42	22,63	22,62	22,48	22,34	22,10	21,87	21,50	21,14	20,65	20,16	19,56	18,97	14,57
25/04/2020 00:05:00	14,77	15,90	17,43	18,93	20,18	21,08	21,76	22,28	22,60	22,80	22,83	22,72	22,61	22,39	22,17	21,80	21,44	20,94	20,43	19,83	19,22	14,97
25/04/2020 00:10:00	14,97	16,07	17,40	18,62	19,50	20,26	20,88	21,42	21,72	21,94	22,02	21,99	21,96	21,82	21,68	21,39	21,09	20,67	20,25	19,73	19,21	15,06
25/04/2020 00:15:00	15,13	16,58	17,77	18,82	19,56	20,13	20,57	20,93	21,17	21,38	21,53	21,57	21,61	21,50	21,40	21,10	20,81	20,41	20,01	19,53	19,05	15,41
25/04/2020 00:20:00	15,18	16,69	17,93	19,05	19,94	20,53	20,96	21,30	21,57	21,80	21,91	21,91	21,90	21,77	21,63	21,32	21,01	20,58	20,16	19,66	19,16	15,50
25/04/2020 00:25:00	15,56	16,87	18,12	19,25	20,05	20,82	21,36	21,68	21,91	22,09	22,21	22,19	22,18	22,03	21,88	21,55	21,23	20,78	20,33	19,80	19,26	15,87
25/04/2020 00:30:00	16,28	17,65	18,62	19,51	20,23	20,84	21,33	21,74	21,93	22,06	22,16	22,17	22,17	22,05	21,92	21,63	21,33	20,91	20,48	19,97	19,46	16,09
25/04/2020 00:35:00	16,57	18,17	19,09	19,91	20,51	21,00	21,36	21,62	21,78	21,92	21,98	21,95	21,93	21,79	21,65	21,35	21,04	20,62	20,20	19,71	19,22	17,24
25/04/2020 00:40:00	16,89	18,19	19,21	20,09	20,64	21,16	21,56	21,88	22,02	22,08	22,09	22,01	21,94	21,76	21,58	21,26	20,94	20,50	20,06	19,55	19,04	17,96
25/04/2020 00:45:00	17,59	18,38	19,13	19,87	20,41	20,91	21,29	21,51	21,69	21,87	21,89	21,84	21,79	21,64	21,48	21,19	20,89	20,47	20,05	19,55	19,05	18,02
25/04/2020 00:50:00	17,71	18,61	19,40	20,16	20,77	21,22	21,53	21,76	21,91	22,04	21,96	21,82	21,69	21,47	21,26	20,93	20,60	20,16	19,71	19,19	18,66	18,71
25/04/2020 00:55:00	17,91	18,74	19,43	20,10	20,63	21,06	21,36	21,55	21,63	21,67	21,72	21,68	21,63	21,46	21,30	20,97	20,64	20,20	19,76	19,24	18,72	19,25
25/04/2020 01:00:00	17,92	18,88	19,64	20,36	20,94	21,33	21,59	21,80	21,91	21,98	21,88	21,73	21,57	21,34	21,11	20,77	20,42	19,97	19,51	18,98	18,45	19,07
25/04/2020 01:05:00	17,99	18,83	19,49	20,17	20,85	21,32	21,64	21,83	21,94	22,01	21,95	21,81	21,68	21,45	21,23	20,89	20,54	20,07	19,60	19,05	18,50	19,15
25/04/2020 01:10:00	17,72	18,28	18,90	19,52	19,97	20,31	20,56	20,77	20,91	21,03	21,09	21,08	21,06	20,92	20,79	20,50	20,21	19,81	19,42	18,95	18,48	19,01
25/04/2020 01:15:00	14,88	17,00	18,35	19,54	20,43	21,12	21,62	21,97	22,15	22,28	22,39	22,37	22,36	22,20	22,04	21,70	21,36	20,90	20,43	19,90	19,36	14,42
25/04/2020 01:20:00	15,26	18,01	19,23	20,15	20,70	21,06	21,28	21,39	21,45	21,50	21,53	21,47	21,42	21,24	21,06	20,71	20,36	19,93	19,49	19,01	18,53	14,65
25/04/2020 01:25:00	15,44	17,07	18,00	18,77	19,28	19,64	19,88	20,04	20,17	20,31	20,38	20,37	20,35	20,22	20,08	19,78	19,48	19,09	18,70	18,25	17,80	14,55
25/04/2020 01:30:00	13,66	15,08	16,73	18,22	19,31	20,17	20,79	21,24	21,40	21,46	21,45	21,29	21,13	20,86	20,59	20,19	19,78	19,27	18,75	18,15	17,55	13,14
25/04/2020 01:35:00	13,44	14,27	15,55	16,84	17,99	18,89	19,57	20,10	20,52	20,88	21,15	21,25	21,35	21,29	21,23	20,96	20,70	20,29	19,89	19,39	18,89	12,90
25/04/2020 01:40:00	13,65	14,72	15,90	17,07	18,13	19,02	19,70	20,22	20,59	20,91	21,12	21,20	21,27	21,20	21,12	20,86	20,60	20,20	19,80	19,31	18,81	12,88
25/04/2020 01:45:00	13,65	13,96	14,75	15,69	16,68	17,51	18,17	18,74	19,26	19,79	20,25	20,55	20,85	20,95	21,05	20,91	20,76	20,46	20,16	19,76	19,36	13,24
25/04/2020 01:50:00	13,50	14,05	14,94	15,92	16,91	17,72	18,40	18,99	19,39	19,76	20,15	20,38	20,61	20,65	20,68	20,49	20,29	19,95	19,61	19,18	18,74	12,60
25/04/2020 01:55:00	13,41	14,00	14,95	15,92	16,78	17,57	18,22	18,80	19,21	19,59	19,94	20,15	20,36	20,39	20,43	20,24	20,05	19,73	19,41	18,99	18,57	12,50
25/04/2020 02:00:00	13,75	13,94	14,79	15,78	16,77	17,61	18,25	18,74	19,17	19,57	19,87	20,02	20,18	20,17	20,16	19,94	19,73	19,37	19,02	18,57	18,11	13,39
25/04/2020 02:05:00	13,40	13,89	14,68	15,52	16,33	17,03	17,61	18,11	18,54	18,98	19,43	19,72	20,02	20,11	20,20	20,05	19,89	19,60	19,31	18,94	18,56	13,44
25/04/2020 02:10:00	13,41	13,59	14,50	15,48	16,34	17,28	18,06	18,72	19,19	19,63	20,02	20,27	20,52	20,59	20,66	20,50	20,35	20,04	19,73	19,32	18,91	13,10
25/04/2020 02:15:00	13,48	13,92	14,68	15,45	16,13	16,72	17,20	17,62	17,90	18,17	18,46	18,62	18,78	18,77	18,76	18,55	18,34	18,02	17,70	17,30	16,90	13,72
25/04/2020 02:20:00	12,77	13,29	14,07	14,90	15,70	16,40	16,94	17,37	17,76	18,11	18,38	18,53	18,69	18,68	18,68	18,49	18,30	17,98	17,67	17,27	16,87	12,86
25/04/2020 02:25:00	11,97	11,93	12,61	13,41	14,21	14,99	15,72	16,43	17,01	17,61	18,24	18,71	19,17	19,40	19,63	19,58	19,53	19,33	19,13	18,84	18,54	12,11
25/04/2020 02:30:00	11,53	11,43	12,01	12,77	13,65	14,38	15,06	15,74	16,29	16,83	17,35	17,73	18,10	18,27	18,44	18,37	18,29	18,07	17,85	17,54	17,23	11,20
25/04/2020 02:35:00	10,98	10,99	11,80	12,77	13,81	14,82	15,70	16,50	17,10	17,69	18,25	18,64	19,04	19,22	19,40	19,32	19,25	19,01	18,77	18,42	18,08	10,10
25/04/2020 02:40:00	10,66	10,57	11,43	12,43	13,47	14,34	15,09	15,80	16,36	16,91	17,45	17,81	18,17	18,32	18,46	18,35	18,24	18,00	17,75	17,40	17,06	10,00
25/04/2020 02:45:00	10,46	10,47	11,21	12,09	13,04	14,00	14,78	15,47	16,06	16,65	17,26	17,70	18,13	18,33	18,53	18,46	18,39	18,17	17,95	17,64	17,32	9,70
25/04/2020 02:50:00	10,37	10,12	10,65	11,34	12,13	13,00	13,75	14,43	15,02	15,69	16,48	17,06	17,65	17,96	18,27	18,26	18,24	18,08	17,92	17,67	17,42	9,48
25/04/2020 02:55:00	10,23	10,24	10,93	11,73	12,57	13,40	14,11	14,78	15,29	15,83	16,43	16,86	17,28	17,48	17,67	17,59	17,52	17,31	17,10	16,80	16,51	9,35
25/04/2020 03:00:00	10,02	10,10	10,82	11,60	12,37	13,12	13,74	14,28	14,80	15,31	15,79	16,12	16,45	16,59	16,72	16,63	16,53	16,32	16,11	15,82	15,53	8,98
25/04/2020 03:05:00	9,98	10,02	10,53	11,15	11,83	12,43	12,99	13,55	14,02	14,53	15,08	15,49	15,89	16,08	16,27	16,20	16,13	15,95	15,77	15,52	15,27	8,73
25/04/2020 03:10:00	9,76	9,65	9,92	10,34	10,88	11,55	12,13	12,68	13,21	13,76	14,32	14,76	15,21	15,44	15,68	15,67	15,66	15,53	15,40	15,19	14,98	8,21
25/04/2020 03:15:00	9,74	9,63	9,71	9,98	10,44	11,03	11,54	12,04	12,53	13,06	13,62	14,08	14,53	14,78	15,03	15,03	15,03	14,91	14,79	14,60	14,42	8,55
25/04/2020 03:20:00	9,69	9,55	9,55	9,73	10,10	10,56	11,04	11,56	12,01	12,59	13,34	13,94	14,54	14,88	15,22	15,25	15,29	15,21	15,13	14,99	14,85	8,69
25/04/2020 03:25:00	9,31	9,19	9,35	9,69	10,19	10,75	11,29	11,86	12,34	12,88	13,52	14,02	14,53	14,80	15,07	15,07	15,08	14,97	14,86	14,68	14,50	8,77
25/04/2020 03:30:00	8,92	8,79	8,93	9,27	9,83	10,39	10,94	11,51	12,02	12,58	13,23	13,74	14,25	14,53	14,81	14,82	14,83	14,73	14,63	14,45	14,28	8,74
25/04/2020 03:35:00	8,76	8,69	8,82	9,16	9,72	10,38	10,95	11,49	12,03	12,60	13,18	13,65	14,13	14,39	14,65	14,66	14,67	14,56	14,45	14,27	14,09	8,68
25/04/2020 03:40:00	8,61	8,57	8,78	9,19	9,79	10,45	11,04	11,61	12,29	12,94	13,56	14,08	14,59	14,89	15,19	15,23	15,27	15,19	15,12	14,96	14,81	8,67
25/04/2020 03:45:00	8,52	8,55	8,83	9,25	9,81	10,50	11,13	11,74	12,18	12,69	13,30	13,77	14,24	14,49	14,73	14,72	14,71	14,58	14,45	14,25	14,04	8,76
25/04/2020 03:50:00	8,61	8,54	8,65	9,03	9,72	10,37	11,03	11,72	12,25	12,85	13,54	14,09	14,64	14,95	15,26	15,29	15,32	15,22	15,12	14,94	14,76	8,68
25/04/2020 03:55:00	8,54	8,58	8,75	9,12	9,67	10,23	10,75	11,29	11,80	12,36	13,00	13,50	14,01	14,28	14,56	14,56	14,57	14,46	14,36	14,19	14,02	8,69
25/04/2020 04:00:00	8,87	8,76	8,80	9,09	9,67	10,20	10,71	11,24	11,73	12,28	12,92	13,42	13,93	14,20	14,47	14,48	14,48	14,37	14,26	14,09	13,91	8,77
25/04/2020 04:05:00	8,54	8,51	8,56	8,79	9,21	9,71	10,20	10,71	11,20	11,77	12,45	13,00	13,56	13,86	14,17	14,20	14,23	14,16	14,08	13,94	13,80	8,07
25/04/2020 04:10:00	8,52	8,50	8,45	8,60	8,98	9,46	9,95	10,47	10,89	11,42	12,10	12,66	13,21	13,52	13,83	13,86	13,89	13,81	13,73	13,59	13,46	7,98
25/04/2020 04:15:00	8,47	8,48	8,46	8,62	8,97	9,46	9,93	10,41	10,90	11,49	12,18	12,76	13,33	13,66	13,99	14,03	14,07	14,01	13,95	13,83	13,71	7,78
25/04/2020 04:20:00	8,44	8,47	8,49	8,71	9,18	9,65	10,11	10,59	11,01	11,53	12,19	12,71	13,23	13,51	13,78	13,79	13,79	13,69	13,58	13,43	13,27	8,12
25/04/2020 04:25:00	8,12	8,00	8,17	8,58	9,22	9,83	10,37	10,91	11,43	12,02	12,71	13,24	13,78	14,06	14,35	14,35	14,35	14,24	14,13	13,95	13,77	8,06
25/04/2020 04:30:00	8,10	8,01	8,27	8,75	9,43	10,11	10,67	11,19	11,65	12,17	12,75	13,19	13,63	13,84	14,05	14,01	13,97	13,82	13,67	13,45	13,22	8,18
25/04/2020 04:35:00	8,15	7,91	7,96	8,27	8,84	9,47	10,05	10,63	11,09	11,65	12,32	12,85	13,38	13,67	13,95	13,96	13,97	13,87	13,77	13,59	13,42	8,16
25/04/2020 04:40:00	8,19	7,96	8,04	8,33	8,82	9,41	9,94	10,45	10,90	11,39	11,94	12,38	12,81	13,04	13,27	13,26	13,25	13,14	13,03	12,85	12,68	8,23
25/04/2020 04:45:00	7,99	7,74	7,56	7,64	8,00	8,51	8,97	9,42	9,86	10,40	11,08	11,63	12,18	12,49	12,80	12,84	12,87	12,80	12,74	12,61	12,49	8,11
25/04/2020 04:50:00	7,85	7,61	7,57	7,72	8,05	8,52	8,99	9,49	9,87	10,34	10,92	11,39	11,87	12,12	12,38	12,39	12,40	12,32	12,24	12,10	11,96	7,80
25/04/2020 04:55:00	7,82	7,82	7,60	7,59	7,83	8,13	8,50	8,93	9,36	9,89	10,54	11,09	11,64	11,96	12,28	12,33	12,38	12,34	12,31	12,23	12,15	7,85
25/04/2020 05:00:00	8,03	7,72	7,57	7,63	7,92	8,40	8,86	9,34	9,82	10,39	11,06	11,63	12,19	12,52	12,84	12,90	12,96	12,91	12,87	12,77	12,67	7,87
25/04/2020 05:05:00	7,83	7,54	7,44	7,59	8,00	8,54	9,09	9,66	10,10	10,66	11,36	11,93	12,50	12,82	13,15	13,19	13,24	13,18	13,11	12,99	12,86	7,87
25/04/2020 05:10:00	7,86	7,60	7,46	7,62	8,11	8,70	9,25	9,82	10,32	10,90	11,58	12,14	12,70	13,02	13,35	13,40	13,45	13,38	13,32	13,18	13,05	7,86
25/04/2020 05:15:00	7,93	7,60	7,65	7,90	8,36	8,97	9,56	10,17	10,70	11,30	11,99	12,55	13,11	13,44	13,76	13,82	13,87	13,81	13,74	13,61	13,48	7,87
25/04/2020 05:20:00	7,90	7,52	7,72	8,18	8,91	9,61	10,24	10,86	11,49	12,16	12,88	13,45	14,02	14,34	14,66	14,69	14,72	14,63	14,54	14,37	14,20	7,74
25/04/2020 05:25:00	7,89	7,70	8,33	9,15	10,10	10,96	11,71	12,42	12,94	13,42	13,87	14,18	14,49	14,62	14,74	14,67	14,59	14,39	14,19	13,91	13,62	7,62
25/04/2020 05:30:00	7,75	7,62	8,32	9,17	10,10	10,96	11,71	12,41	12,94	13,40	13,81	14,09	14,37	14,48	14,59	14,50	14,42	14,22	14,01	13,72	13,43	7,70
25/04/2020 05:35:00	7,66	7,48	7,96	8,70	9,65	10,44	11,11	11,74	12,31	12,82	13,29	13,62	13,95	14,09	14,24	14,18	14,11	13,93	13,75	13,49	13,22	7,66
25/04/2020 05:40:00	7,78	7,50	7,89	8,49	9,27	10,00	10,60	11,15	11,66	12,11	12,52	12,81	13,10	13,23	13,35	13,29	13,22	13,05	12,87	12,62	12,37	7,75
25/04/2020 05:45:00	7,77	7,53	7,98	8,64	9,49	10,22	10,82	11,36	11,70	12,09	12,54	12,82	13,11	13,20	13,29	13,17	13,05	12,82	12,60	12,30	12,00	7,80
25/04/2020 05:50:00	7,82	7,68	7,75	7,96	8,31	8,79	9,19	9,58	9,96	10,37	10,83	11,18	11,54	11,72	11,89	11,86	11,83	11,71	11,60	11,43	11,26	7,93
25/04/2020 05:55:00	7,44	7,62	7,79	8,12	8,63	9,21	9,73	10,22	10,65	11,14	11,70	12,15	12,59	12,82	13,05	13,04	13,02	12,91	12,80	12,62	12,45	7,39
25/04/2020 06:00:00	7,27	7,41	7,76	8,27	8,94	9,55	10,06	10,52	10,97	11,37	11,75	12,03	12,30	12,42	12,53	12,46	12,38	12,22	12,05	11,82	11,59	7,42
25/04/2020 06:05:00	6,81	7,14	7,53	8,07	8,74	9,32	9,85	10,38	10,83	11,24	11,65	11,96	12,27	12,41	12,54	12,48	12,43	12,28	12,13	11,92	11,71	6,80
25/04/2020 06:10:00	6,62	6,95	7,34	7,83	8,37	8,93	9,36	9,74	10,05	10,38	10,76	11,01	11,26	11,35	11,43	11,33	11,22	11,04	10,87	10,64	10,42	6,66
25/04/2020 06:15:00	6,31	6,83	7,02	7,21	7,41	7,69	7,90	8,10	8,33	8,63	9,00	9,28	9,56	9,67	9,77	9,69	9,60	9,48	9,35	9,20	9,05	6,55
25/04/2020 06:20:00	6,66	6,99	6,97	6,99	7,06	7,25	7,40	7,56	7,77	8,08	8,50	8,83	9,16	9,30	9,45	9,39	9,33	9,23	9,13	9,01	8,89	6,43
25/04/2020 06:25:00	6,51	6,91	6,85	6,83	6,87	7,01	7,18	7,38	7,60	7,88	8,23	8,52	8,81	8,95	9,08	9,04	8,99	8,91	8,82	8,72	8,61	6,75
25/04/2020 06:30:00	6,57	6,77	6,68	6,64	6,67	6,90	7,10	7,32	7,60	7,93	8,36	8,71	9,07	9,25	9,43	9,41	9,38	9,32	9,25	9,15	9,06	6,70
25/04/2020 06:35:00	6,46	6,67	6,65	6,66	6,70	6,90	7,09	7,28	7,46	7,71	8,04	8,30	8,56	8,67	8,77	8,71	8,64	8,54	8,43	8,30	8,18	6,92
25/04/2020 06:40:00	6,54	6,71	6,56	6,51	6,57	6,65	6,82	7,02	7,19	7,42	7,75	8,01	8,27	8,39	8,50	8,44	8,38	8,28	8,19	8,07	7,96	6,55
25/04/2020 06:45:00	6,64	6,75	6,65	6,57	6,52	6,63	6,74	6,87	7,04	7,29	7,63	7,90	8,18	8,29	8,41	8,35	8,29	8,20	8,11	8,01	7,90	7,23
25/04/2020 06:50:00	6,85	6,62	6,36	6,18	6,10	6,20	6,37	6,58	6,71	6,93	7,28	7,55	7,83	7,96	8,09	8,05	8,01	7,93	7,85	7,75	7,65	7,55
25/04/2020 06:55:00	7,23	6,96	6,65	6,43	6,33	6,30	6,36	6,48	6,65	6,90	7,25	7,54	7,83	7,97	8,10	8,06	8,02	7,94	7,87	7,79	7,70	7,63
25/04/2020 07:00:00	7,61	7,24	6,86	6,61	6,50	6,51	6,60	6,74	6,90	7,14	7,48	7,76	8,05	8,18	8,31	8,28	8,24	8,16	8,09	8,00	7,90	7,77
25/04/2020 07:05:00	7,67	7,32	6,91	6,64	6,55	6,58	6,65	6,77	6,95	7,18	7,48	7,74	8,00	8,12	8,24	8,19	8,15	8,08	8,00	7,90	7,80	7,92
25/04/2020 07:10:00	7,79	7,46	7,06	6,76	6,62	6,65	6,65	6,67	6,84	7,03	7,28	7,48	7,68	7,76	7,84	7,78	7,72	7,63	7,54	7,44	7,33	8,11
25/04/2020 07:15:00	8,23	7,79	7,42	7,15	7,01	6,96	6,93	6,94	6,99	7,14	7,40	7,60	7,80	7,86	7,92	7,82	7,73	7,61	7,49	7,36	7,22	8,23
25/04/2020 07:20:00	8,33	8,00	7,59	7,21	6,89	6,84	6,82	6,84	6,88	7,00	7,21	7,38	7,56	7,62	7,68	7,61	7,53	7,44	7,34	7,23	7,13	8,31
25/04/2020 07:25:00	8,48	8,00	7,61	7,29	7,05	6,90	6,80	6,76	6,86	7,04	7,33	7,55	7,77	7,86	7,94	7,86	7,78	7,69	7,60	7,50	7,40	8,38
25/04/2020 07:30:00	8,38	7,93	7,48	7,13	6,91	6,86	6,78	6,72	6,85	7,02	7,23	7,41	7,59	7,64	7,70	7,63	7,55	7,45	7,36	7,25	7,14	8,34
25/04/2020 07:35:00	8,38	8,04	7,63	7,26	6,93	6,82	6,71	6,63	6,70	6,82	7,01	7,17	7,33	7,38	7,43	7,34	7,25	7,15	7,05	6,95	6,84	8,40
25/04/2020 07:40:00	8,46	8,01	7,64	7,33	7,07	6,90	6,77	6,70	6,74	6,82	6,97	7,07	7,18	7,18	7,19	7,08	6,97	6,85	6,73	6,61	6,48	8,45
25/04/2020 07:45:00	8,52	8,11	7,71	7,33	6,99	6,85	6,80	6,80	6,79	6,86	7,05	7,20	7,34	7,38	7,42	7,33	7,23	7,13	7,02	6,91	6,80	8,40
25/04/2020 07:50:00	8,54	8,12	7,70	7,33	7,02	6,87	6,73	6,63	6,62	6,69	6,86	6,99	7,12	7,13	7,15	7,03	6,92	6,80	6,68	6,55	6,43	8,52
25/04/2020 07:55:00	8,55	8,22	7,84	7,47	7,14	7,01	6,91	6,84	6,88	6,95	7,06	7,15	7,25	7,25	7,26	7,16	7,06	6,94	6,83	6,71	6,59	8,63
25/04/2020 08:00:00	8,70	8,32	7,88	7,51	7,24	7,01	6,85	6,75	6,75	6,81	6,96	7,07	7,18	7,18	7,18	7,07	6,95	6,83	6,70	6,58	6,45	8,67
25/04/2020 08:05:00	8,70	8,31	7,99	7,67	7,36	7,23	7,11	7,01	7,01	7,05	7,14	7,20	7,26	7,24	7,21	7,08	6,95	6,82	6,68	6,54	6,40	8,80
25/04/2020 08:10:00	8,79	8,53	8,12	7,75	7,43	7,17	7,02	6,96	6,95	6,99	7,11	7,21	7,30	7,30	7,31	7,20	7,08	6,97	6,85	6,73	6,61	8,83
25/04/2020 08:15:00	8,92	8,65	8,26	7,92	7,64	7,38	7,20	7,08	7,04	7,06	7,15	7,22	7,28	7,25	7,23	7,09	6,95	6,81	6,67	6,53	6,38	8,96
25/04/2020 08:20:00	8,99	8,60	8,27	7,92	7,57	7,35	7,19	7,09	7,06	7,10	7,21	7,29	7,37	7,35	7,34	7,21	7,08	6,95	6,82	6,69	6,56	9,19
25/04/2020 08:25:00	9,27	8,88	8,51	8,14	7,78	7,59	7,44	7,34	7,29	7,31	7,40	7,47	7,53	7,51	7,48	7,35	7,21	7,08	6,94	6,79	6,65	9,16
25/04/2020 08:30:00	9,36	8,99	8,56	8,21	7,96	7,70	7,52	7,41	7,38	7,40	7,48	7,52	7,57	7,53	7,49	7,35	7,21	7,07	6,92	6,77	6,62	9,17
25/04/2020 08:35:00	9,19	8,88	8,55	8,20	7,85	7,58	7,38	7,23	7,17	7,17	7,23	7,27	7,30	7,25	7,21	7,06	6,91	6,77	6,62	6,48	6,33	9,20
25/04/2020 08:40:00	9,31	8,92	8,47	8,12	7,90	7,65	7,47	7,35	7,29	7,27	7,28	7,27	7,27	7,19	7,12	6,96	6,80	6,64	6,48	6,31	6,14	9,30
25/04/2020 08:45:00	9,42	9,00	8,57	8,20	7,92	7,63	7,44	7,31	7,24	7,19	7,16	7,12	7,08	6,99	6,90	6,74	6,58	6,41	6,25	6,09	5,92	9,34
25/04/2020 08:50:00	9,49	9,00	8,60	8,23	7,93	7,70	7,49	7,30	7,18	7,12	7,14	7,12	7,10	7,01	6,91	6,73	6,55	6,37	6,20	6,01	5,83	9,55
25/04/2020 08:55:00	9,47	9,11	8,69	8,27	7,86	7,60	7,38	7,20	7,06	6,96	6,90	6,85	6,79	6,68	6,57	6,40	6,22	6,05	5,88	5,71	5,54	9,57
25/04/2020 09:00:00	9,50	9,12	8,67	8,24	7,85	7,58	7,31	7,05	6,91	6,80	6,72	6,64	6,56	6,43	6,30	6,11	5,92	5,74	5,56	5,39	5,21	9,55
25/04/2020 09:05:00	9,47	9,08	8,64	8,21	7,82	7,49	7,22	6,99	6,82	6,70	6,64	6,56	6,49	6,36	6,24	6,05	5,86	5,68	5,50	5,33	5,16	9,48
25/04/2020 09:10:00	9,39	9,07	8,66	8,23	7,79	7,52	7,26	7,00	6,80	6,64	6,54	6,43	6,32	6,17	6,02	5,82	5,61	5,43	5,24	5,05	4,87	9,69
25/04/2020 09:15:00	9,39	9,11	8,69	8,25	7,82	7,45	7,13	6,83	6,61	6,43	6,30	6,17	6,03	5,86	5,69	5,48	5,26	5,07	4,88	4,69	4,51	9,52
25/04/2020 09:20:00	9,42	9,04	8,60	8,16	7,76	7,45	7,15	6,87	6,66	6,48	6,33	6,18	6,04	5,86	5,68	5,46	5,24	5,05	4,85	4,66	4,46	9,45
25/04/2020 09:25:00	9,40	9,03	8,62	8,21	7,84	7,40	7,04	6,75	6,52	6,32	6,17	6,00	5,84	5,65	5,46	5,23	5,00	4,80	4,60	4,41	4,22	9,38
25/04/2020 09:30:00	9,28	8,92	8,56	8,17	7,75	7,41	7,09	6,78	6,56	6,35	6,15	5,95	5,75	5,54	5,33	5,10	4,86	4,66	4,45	4,25	4,05	9,11
25/04/2020 09:35:00	9,31	8,93	8,50	8,08	7,70	7,34	7,00	6,69	6,46	6,26	6,13	5,98	5,83	5,64	5,45	5,22	4,99	4,79	4,58	4,39	4,19	9,20
25/04/2020 09:40:00	9,23	8,85	8,45	8,06	7,67	7,34	7,02	6,73	6,50	6,32	6,18	6,03	5,88	5,70	5,51	5,28	5,05	4,85	4,65	4,45	4,26	9,27
25/04/2020 09:45:00	9,22	8,84	8,36	7,92	7,52	7,11	6,82	6,61	6,42	6,24	6,07	5,92	5,77	5,60	5,44	5,24	5,04	4,87	4,69	4,52	4,35	9,16
25/04/2020 09:50:00	9,12	8,79	8,36	7,94	7,55	7,24	6,97	6,73	6,51	6,31	6,13	5,96	5,79	5,60	5,41	5,19	4,97	4,77	4,58	4,38	4,19	9,12
25/04/2020 09:55:00	9,01	8,79	8,37	7,96	7,57	7,18	6,87	6,62	6,40	6,20	6,01	5,83	5,65	5,46	5,27	5,05	4,83	4,64	4,45	4,26	4,08	9,15
25/04/2020 10:00:00	9,06	8,64	8,28	7,90	7,50	7,18	6,86	6,55	6,33	6,12	5,93	5,74	5,55	5,33	5,12	4,89	4,65	4,44	4,24	4,04	3,84	8,90
25/04/2020 10:05:00	8,72	8,38	8,01	7,60	7,17	6,88	6,62	6,38	6,15	5,95	5,81	5,67	5,52	5,35	5,17	4,96	4,75	4,56	4,37	4,18	4,00	8,76
25/04/2020 10:10:00	8,53	8,27	7,96	7,64	7,33	7,05	6,79	6,56	6,38	6,25	6,19	6,09	6,00	5,85	5,70	5,49	5,28	5,09	4,90	4,72	4,53	8,46
25/04/2020 10:15:00	8,29	8,18	7,88	7,62	7,41	7,18	6,99	6,85	6,71	6,60	6,52	6,43	6,33	6,19	6,05	5,85	5,65	5,46	5,27	5,08	4,89	8,32
25/04/2020 10:20:00	8,22	8,04	7,85	7,60	7,29	7,11	6,92	6,74	6,64	6,59	6,60	6,58	6,55	6,46	6,36	6,18	5,99	5,82	5,66	5,49	5,32	8,08
25/04/2020 10:25:00	8,09	7,89	7,65	7,41	7,15	7,07	6,95	6,84	6,68	6,59	6,58	6,54	6,49	6,38	6,26	6,07	5,88	5,69	5,50	5,31	5,12	8,10
25/04/2020 10:30:00	8,01	7,87	7,62	7,36	7,10	6,89	6,76	6,68	6,59	6,54	6,53	6,51	6,49	6,40	6,31	6,15	5,98	5,83	5,67	5,51	5,35	8,02
25/04/2020 10:35:00	8,08	7,90	7,65	7,40	7,17	6,91	6,73	6,58	6,40	6,30	6,30	6,25	6,21	6,09	5,97	5,77	5,57	5,38	5,19	5,01	4,83	8,05
25/04/2020 10:40:00	8,16	7,82	7,54	7,28	7,04	6,78	6,59	6,46	6,32	6,22	6,15	6,06	5,98	5,84	5,70	5,51	5,32	5,14	4,96	4,78	4,60	8,08
25/04/2020 10:45:00	8,02	7,87	7,61	7,33	7,04	6,79	6,56	6,36	6,26	6,16	6,06	5,96	5,86	5,71	5,57	5,38	5,19	5,01	4,84	4,67	4,50	8,18
25/04/2020 10:50:00	8,07	7,81	7,53	7,16	6,70	6,50	6,31	6,14	5,98	5,88	5,85	5,81	5,76	5,66	5,56	5,39	5,21	5,06	4,91	4,76	4,61	8,09
25/04/2020 10:55:00	8,08	7,74	7,41	7,12	6,89	6,66	6,47	6,30	6,12	6,00	5,96	5,88	5,81	5,67	5,53	5,33	5,13	4,94	4,75	4,56	4,37	8,19
25/04/2020 11:00:00	7,97	7,63	7,27	6,95	6,68	6,42	6,21	6,04	5,91	5,79	5,69	5,58	5,47	5,32	5,17	4,98	4,79	4,62	4,45	4,27	4,10	8,08
25/04/2020 11:05:00	7,98	7,72	7,49	7,18	6,79	6,57	6,35	6,14	5,97	5,81	5,66	5,51	5,37	5,19	5,02	4,81	4,61	4,43	4,25	4,07	3,89	8,03
25/04/2020 11:10:00	7,93	7,74	7,38	7,06	6,79	6,47	6,22	6,01	5,87	5,74	5,60	5,47	5,33	5,17	5,01	4,81	4,61	4,44	4,26	4,09	3,92	8,03
25/04/2020 11:15:00	7,92	7,69	7,36	6,99	6,57	6,24	5,99	5,78	5,60	5,46	5,38	5,29	5,20	5,07	4,93	4,74	4,55	4,39	4,23	4,08	3,93	7,97
25/04/2020 11:20:00	7,88	7,63	7,29	6,97	6,66	6,37	6,08	5,80	5,58	5,43	5,38	5,28	5,19	5,03	4,87	4,65	4,42	4,23	4,03	3,85	3,66	7,78
25/04/2020 11:25:00	7,89	7,52	7,18	6,83	6,48	6,19	5,97	5,80	5,64	5,49	5,36	5,23	5,10	4,94	4,79	4,60	4,41	4,24	4,07	3,91	3,74	7,88
25/04/2020 11:30:00	7,84	7,53	7,23	6,91	6,58	6,22	5,98	5,80	5,58	5,40	5,29	5,16	5,03	4,87	4,70	4,49	4,28	4,10	3,92	3,75	3,58	7,90
25/04/2020 11:35:00	7,92	7,61	7,22	6,85	6,50	6,23	5,99	5,78	5,66	5,52	5,39	5,27	5,14	4,99	4,84	4,66	4,47	4,31	4,14	3,98	3,82	7,94
25/04/2020 11:40:00	8,00	7,70	7,29	6,91	6,57	6,25	5,99	5,76	5,52	5,33	5,21	5,08	4,94	4,77	4,60	4,39	4,17	3,98	3,79	3,61	3,43	8,13
25/04/2020 11:45:00	8,16	7,83	7,43	7,02	6,59	6,32	6,03	5,74	5,50	5,32	5,20	5,07	4,94	4,76	4,59	4,38	4,16	3,97	3,78	3,61	3,43	8,38
25/04/2020 11:50:00	8,29	7,88	7,47	7,05	6,63	6,34	6,08	5,84	5,64	5,47	5,33	5,18	5,04	4,88	4,71	4,51	4,31	4,13	3,96	3,79	3,62	8,56
25/04/2020 11:55:00	8,45	8,08	7,67	7,24	6,79	6,51	6,18	5,85	5,64	5,44	5,27	5,09	4,92	4,73	4,53	4,31	4,09	3,90	3,71	3,53	3,35	8,73
25/04/2020 12:00:00	8,60	8,18	7,86	7,48	7,05	6,72	6,42	6,12	5,86	5,62	5,39	5,16	4,94	4,71	4,48	4,24	3,99	3,79	3,58	3,38	3,18	8,90
25/04/2020 12:05:00	8,77	8,32	7,85	7,40	7,01	6,69	6,39	6,09	5,81	5,59	5,45	5,29	5,14	4,94	4,75	4,52	4,28	4,08	3,87	3,67	3,48	9,13
25/04/2020 12:10:00	8,79	8,52	8,13	7,71	7,29	6,89	6,54	6,22	5,87	5,57	5,34	5,11	4,88	4,63	4,38	4,12	3,86	3,63	3,41	3,20	2,98	9,13
25/04/2020 12:15:00	8,85	8,53	8,14	7,72	7,27	6,84	6,44	6,06	5,77	5,49	5,24	4,99	4,74	4,49	4,24	3,98	3,72	3,50	3,28	3,09	2,89	8,98
25/04/2020 12:20:00	8,96	8,53	8,12	7,71	7,29	6,87	6,49	6,15	5,85	5,58	5,32	5,08	4,83	4,57	4,32	4,06	3,81	3,59	3,37	3,16	2,96	9,10
25/04/2020 12:25:00	8,96	8,45	8,04	7,66	7,32	6,93	6,57	6,23	5,94	5,67	5,41	5,15	4,89	4,63	4,36	4,10	3,83	3,60	3,37	3,14	2,92	8,97
25/04/2020 12:30:00	9,03	8,56	8,17	7,75	7,30	6,95	6,58	6,19	5,94	5,69	5,40	5,14	4,87	4,61	4,35	4,10	3,85	3,63	3,41	3,21	3,01	9,10
25/04/2020 12:35:00	9,10	8,80	8,37	7,92	7,45	7,03	6,61	6,20	5,86	5,58	5,35	5,12	4,88	4,63	4,39	4,12	3,85	3,62	3,40	3,19	2,98	9,28
25/04/2020 12:40:00	9,19	8,71	8,28	7,85	7,43	7,01	6,63	6,27	5,95	5,68	5,47	5,25	5,03	4,79	4,56	4,29	4,03	3,81	3,58	3,37	3,16	9,31
25/04/2020 12:45:00	9,24	8,83	8,43	8,03	7,63	7,23	6,85	6,47	6,12	5,78	5,45	5,13	4,81	4,51	4,20	3,91	3,62	3,37	3,12	2,88	2,64	9,52
25/04/2020 12:50:00	9,60	8,92	8,49	8,08	7,68	7,21	6,83	6,50	6,19	5,87	5,57	5,27	4,97	4,69	4,41	4,13	3,86	3,63	3,39	3,17	2,95	10,14
25/04/2020 12:55:00	9,50	9,03	8,55	8,11	7,72	7,32	6,95	6,60	6,21	5,85	5,52	5,20	4,88	4,57	4,27	3,98	3,68	3,43	3,17	2,93	2,68	10,13
25/04/2020 13:00:00	9,43	9,09	8,66	8,21	7,75	7,32	6,94	6,60	6,21	5,87	5,60	5,34	5,07	4,80	4,53	4,25	3,97	3,73	3,49	3,27	3,04	9,67
25/04/2020 13:05:00	9,79	9,26	8,83	8,42	8,05	7,60	7,19	6,82	6,44	6,07	5,68	5,32	4,95	4,61	4,27	3,96	3,65	3,39	3,12	2,87	2,61	10,67
25/04/2020 13:10:00	10,11	9,41	8,83	8,33	7,92	7,54	7,18	6,84	6,45	6,09	5,78	5,48	5,18	4,89	4,59	4,31	4,02	3,76	3,51	3,25	3,00	11,29
25/04/2020 13:15:00	10,08	9,65	9,12	8,60	8,12	7,61	7,14	6,71	6,28	5,92	5,64	5,37	5,09	4,80	4,52	4,22	3,92	3,67	3,42	3,19	2,96	11,62
25/04/2020 13:20:00	10,08	9,54	9,15	8,70	8,18	7,82	7,41	6,96	6,58	6,19	5,78	5,40	5,01	4,67	4,32	4,01	3,69	3,43	3,16	2,90	2,64	11,32
25/04/2020 13:25:00	10,21	9,85	9,41	8,96	8,52	8,04	7,61	7,23	6,87	6,48	6,04	5,65	5,25	4,90	4,56	4,25	3,95	3,69	3,43	3,18	2,93	11,48
25/04/2020 13:30:00	10,16	9,73	9,28	8,82	8,36	7,87	7,44	7,05	6,65	6,27	5,94	5,62	5,30	4,99	4,68	4,38	4,08	3,82	3,56	3,32	3,07	10,66
25/04/2020 13:35:00	10,33	9,88	9,48	9,04	8,57	8,10	7,65	7,21	6,82	6,43	6,06	5,70	5,35	5,01	4,68	4,36	4,05	3,78	3,51	3,25	3,00	10,88
25/04/2020 13:40:00	10,43	9,92	9,51	9,09	8,66	8,25	7,85	7,45	7,05	6,67	6,32	5,98	5,64	5,31	4,98	4,67	4,36	4,08	3,81	3,54	3,27	11,08
25/04/2020 13:45:00	10,66	10,19	9,74	9,31	8,91	8,45	8,00	7,56	7,18	6,79	6,38	5,99	5,61	5,25	4,90	4,57	4,25	3,97	3,69	3,41	3,14	11,48
25/04/2020 13:50:00	10,91	10,40	9,93	9,45	8,97	8,46	7,98	7,55	7,11	6,73	6,46	6,17	5,88	5,59	5,29	4,97	4,66	4,39	4,12	3,86	3,61	12,69
25/04/2020 13:55:00	11,09	10,59	10,15	9,69	9,21	8,76	8,29	7,80	7,39	6,97	6,53	6,12	5,71	5,33	4,96	4,62	4,29	3,99	3,70	3,42	3,14	12,20
25/04/2020 14:00:00	11,16	10,61	10,14	9,66	9,19	8,76	8,34	7,92	7,54	7,16	6,79	6,43	6,08	5,75	5,42	5,11	4,80	4,53	4,25	3,98	3,72	12,35
25/04/2020 14:05:00	11,10	10,59	10,15	9,72	9,31	8,88	8,42	7,93	7,52	7,11	6,71	6,32	5,94	5,57	5,21	4,87	4,52	4,22	3,92	3,63	3,34	11,97
25/04/2020 14:10:00	11,06	10,72	10,30	9,87	9,44	9,01	8,55	8,06	7,63	7,19	6,74	6,32	5,89	5,50	5,12	4,77	4,42	4,11	3,80	3,51	3,21	11,93
25/04/2020 14:15:00	11,11	10,77	10,42	10,03	9,58	9,18	8,75	8,29	7,84	7,37	6,88	6,42	5,95	5,54	5,13	4,77	4,41	4,09	3,77	3,46	3,15	12,21
25/04/2020 14:20:00	11,20	10,66	10,24	9,83	9,40	8,90	8,44	8,01	7,59	7,18	6,78	6,39	6,00	5,64	5,28	4,94	4,61	4,31	4,02	3,74	3,45	11,98
25/04/2020 14:25:00	11,13	10,66	10,28	9,89	9,47	9,09	8,71	8,32	7,94	7,51	7,02	6,57	6,11	5,72	5,33	5,00	4,67	4,37	4,07	3,77	3,47	11,75
25/04/2020 14:30:00	11,32	10,78	10,38	9,96	9,50	8,97	8,49	8,05	7,59	7,15	6,74	6,34	5,95	5,58	5,21	4,86	4,52	4,22	3,92	3,63	3,35	12,42
25/04/2020 14:35:00	11,35	10,96	10,56	10,12	9,63	9,17	8,75	8,36	7,90	7,44	6,99	6,57	6,15	5,77	5,39	5,05	4,72	4,42	4,12	3,83	3,53	12,82
25/04/2020 14:40:00	11,40	10,92	10,49	10,06	9,63	9,23	8,83	8,44	7,94	7,45	7,04	6,63	6,22	5,84	5,45	5,10	4,74	4,42	4,10	3,79	3,47	12,25
25/04/2020 14:45:00	11,50	11,05	10,61	10,15	9,68	9,21	8,75	8,28	7,93	7,54	7,06	6,64	6,21	5,84	5,47	5,15	4,82	4,54	4,25	3,98	3,70	12,59
25/04/2020 14:50:00	11,51	11,08	10,67	10,25	9,82	9,37	8,88	8,36	7,95	7,51	7,02	6,56	6,10	5,69	5,28	4,92	4,56	4,25	3,93	3,62	3,32	12,87
25/04/2020 14:55:00	11,66	10,94	10,46	10,03	9,65	9,27	8,91	8,57	8,13	7,70	7,29	6,90	6,50	6,14	5,77	5,44	5,10	4,80	4,49	4,18	3,87	12,92
25/04/2020 15:00:00	11,58	11,03	10,60	10,17	9,73	9,30	8,89	8,48	8,02	7,58	7,18	6,78	6,39	6,02	5,66	5,32	4,97	4,66	4,36	4,05	3,75	13,45
25/04/2020 15:05:00	11,56	11,04	10,59	10,16	9,77	9,33	8,89	8,47	8,07	7,66	7,22	6,81	6,40	6,02	5,65	5,32	4,98	4,68	4,37	4,07	3,77	13,18
25/04/2020 15:10:00	11,61	11,26	10,85	10,43	9,99	9,45	8,94	8,47	8,01	7,56	7,12	6,70	6,27	5,89	5,50	5,14	4,79	4,48	4,17	3,87	3,57	12,53
25/04/2020 15:15:00	11,54	11,05	10,69	10,29	9,82	9,34	8,88	8,46	8,04	7,62	7,22	6,84	6,45	6,09	5,73	5,40	5,06	4,76	4,46	4,18	3,89	12,19
25/04/2020 15:20:00	11,54	11,15	10,74	10,30	9,81	9,37	8,92	8,48	8,02	7,58	7,19	6,80	6,42	6,05	5,69	5,35	5,01	4,70	4,40	4,11	3,81	12,37
25/04/2020 15:25:00	11,64	11,24	10,89	10,49	10,02	9,58	9,15	8,71	8,22	7,74	7,28	6,84	6,41	6,01	5,61	5,24	4,88	4,56	4,23	3,92	3,61	12,34
25/04/2020 15:30:00	11,62	11,22	10,76	10,27	9,75	9,28	8,81	8,35	7,91	7,48	7,08	6,71	6,33	5,98	5,63	5,30	4,97	4,68	4,39	4,10	3,82	12,39
25/04/2020 15:35:00	11,64	11,21	10,85	10,45	10,00	9,57	9,12	8,67	8,24	7,77	7,22	6,72	6,22	5,79	5,35	4,99	4,63	4,31	3,99	3,67	3,36	12,95
25/04/2020 15:40:00	11,74	11,33	10,89	10,45	10,00	9,61	9,19	8,71	8,29	7,85	7,40	6,98	6,55	6,16	5,78	5,43	5,08	4,77	4,45	4,14	3,83	12,89
25/04/2020 15:45:00	11,93	11,41	11,02	10,66	10,30	9,85	9,40	8,94	8,52	8,07	7,54	7,05	6,55	6,12	5,69	5,32	4,95	4,62	4,28	3,95	3,62	12,55
25/04/2020 15:50:00	11,81	11,29	10,89	10,49	10,08	9,64	9,24	8,87	8,48	8,04	7,51	7,04	6,56	6,15	5,75	5,41	5,07	4,76	4,45	4,14	3,84	13,10
25/04/2020 15:55:00	11,87	11,46	11,03	10,61	10,22	9,81	9,39	8,95	8,49	8,03	7,60	7,17	6,75	6,36	5,97	5,61	5,25	4,92	4,60	4,27	3,95	12,65
25/04/2020 16:00:00	11,91	11,46	11,05	10,62	10,15	9,74	9,32	8,88	8,49	8,07	7,58	7,13	6,69	6,30	5,91	5,57	5,24	4,93	4,62	4,32	4,02	12,92
25/04/2020 16:05:00	11,92	11,41	10,99	10,56	10,13	9,66	9,22	8,81	8,40	8,00	7,60	7,22	6,84	6,49	6,14	5,80	5,47	5,17	4,87	4,58	4,28	12,62
25/04/2020 16:10:00	11,97	11,53	11,13	10,73	10,31	9,82	9,35	8,90	8,43	7,96	7,51	7,07	6,64	6,24	5,84	5,47	5,11	4,78	4,46	4,14	3,82	12,83
25/04/2020 16:15:00	11,95	11,50	11,04	10,63	10,26	9,86	9,46	9,04	8,60	8,14	7,67	7,22	6,78	6,38	5,98	5,62	5,26	4,93	4,60	4,28	3,95	12,77
25/04/2020 16:20:00	12,04	11,62	11,20	10,79	10,39	9,99	9,57	9,15	8,73	8,30	7,86	7,44	7,02	6,63	6,25	5,90	5,56	5,24	4,91	4,60	4,28	12,69
25/04/2020 16:25:00	12,05	11,54	11,13	10,72	10,31	9,91	9,52	9,12	8,71	8,27	7,80	7,37	6,93	6,54	6,15	5,80	5,46	5,14	4,82	4,51	4,19	12,97
25/04/2020 16:30:00	11,91	11,54	11,17	10,74	10,26	9,80	9,35	8,91	8,46	8,01	7,57	7,15	6,73	6,34	5,96	5,61	5,26	4,95	4,64	4,34	4,03	12,59
25/04/2020 16:35:00	11,85	11,56	11,19	10,77	10,31	9,85	9,41	8,97	8,50	8,04	7,60	7,18	6,76	6,37	5,99	5,63	5,28	4,96	4,64	4,33	4,02	12,56
25/04/2020 16:40:00	11,85	11,53	11,13	10,73	10,32	9,91	9,48	9,03	8,64	8,21	7,70	7,23	6,77	6,36	5,95	5,60	5,25	4,93	4,61	4,30	3,98	12,77
25/04/2020 16:45:00	11,92	11,62	11,29	10,92	10,49	9,96	9,50	9,09	8,65	8,18	7,66	7,17	6,69	6,27	5,85	5,49	5,14	4,81	4,49	4,18	3,87	12,75
25/04/2020 16:50:00	11,93	11,61	11,19	10,76	10,33	9,91	9,48	9,04	8,57	8,11	7,68	7,26	6,85	6,47	6,08	5,73	5,37	5,05	4,72	4,40	4,09	12,64
25/04/2020 16:55:00	12,19	11,94	11,57	11,18	10,77	10,32	9,87	9,40	8,97	8,53	8,04	7,58	7,13	6,72	6,31	5,95	5,59	5,26	4,93	4,61	4,28	12,62
25/04/2020 17:00:00	12,49	12,27	11,90	11,50	11,09	10,63	10,18	9,74	9,31	8,87	8,37	7,92	7,46	7,06	6,65	6,29	5,93	5,60	5,27	4,94	4,62	12,67
25/04/2020 17:05:00	12,67	12,44	12,06	11,67	11,23	10,81	10,39	9,96	9,50	9,04	8,60	8,18	7,76	7,37	6,98	6,62	6,26	5,92	5,58	5,25	4,92	12,66
25/04/2020 17:10:00	12,57	12,31	11,96	11,60	11,22	10,79	10,37	9,96	9,50	9,03	8,55	8,10	7,65	7,24	6,84	6,46	6,09	5,75	5,40	5,06	4,72	12,60
25/04/2020 17:15:00	12,63	12,44	12,05	11,62	11,17	10,69	10,22	9,76	9,31	8,87	8,46	8,07	7,68	7,31	6,94	6,59	6,23	5,91	5,58	5,27	4,95	12,63
25/04/2020 17:20:00	12,59	12,43	12,00	11,56	11,14	10,69	10,24	9,80	9,35	8,90	8,44	8,01	7,59	7,20	6,81	6,45	6,09	5,76	5,43	5,11	4,78	12,59
25/04/2020 17:25:00	12,58	12,41	12,05	11,63	11,12	10,67	10,21	9,72	9,26	8,82	8,37	7,95	7,54	7,15	6,76	6,41	6,05	5,72	5,39	5,08	4,76	12,59
25/04/2020 17:30:00	12,64	12,32	11,95	11,56	11,15	10,69	10,25	9,83	9,42	8,99	8,51	8,06	7,62	7,22	6,83	6,47	6,12	5,79	5,47	5,15	4,82	12,61
25/04/2020 17:35:00	12,61	12,38	12,01	11,60	11,16	10,69	10,23	9,79	9,32	8,86	8,42	8,01	7,59	7,20	6,82	6,45	6,09	5,76	5,42	5,10	4,77	12,59
25/04/2020 17:40:00	12,67	12,38	11,92	11,50	11,15	10,74	10,29	9,77	9,34	8,90	8,44	7,99	7,55	7,14	6,73	6,36	5,99	5,64	5,30	4,95	4,61	12,58
25/04/2020 17:45:00	12,55	12,36	11,97	11,56	11,15	10,73	10,28	9,80	9,39	8,96	8,45	7,98	7,52	7,11	6,70	6,34	5,98	5,64	5,31	4,98	4,65	12,54
25/04/2020 17:50:00	12,51	12,31	11,97	11,60	11,19	10,73	10,28	9,84	9,38	8,91	8,45	8,00	7,56	7,15	6,75	6,38	6,01	5,66	5,32	4,99	4,66	12,59
25/04/2020 17:55:00	12,59	12,36	11,92	11,51	11,17	10,68	10,24	9,87	9,41	8,93	8,47	8,03	7,60	7,20	6,80	6,44	6,08	5,74	5,40	5,06	4,73	12,62
25/04/2020 18:00:00	12,50	12,33	11,90	11,48	11,08	10,66	10,23	9,81	9,39	8,95	8,43	7,96	7,49	7,08	6,67	6,32	5,96	5,63	5,30	4,97	4,65	12,49
25/04/2020 18:05:00	12,50	12,31	11,91	11,47	11,02	10,55	10,07	9,58	9,16	8,74	8,29	7,88	7,46	7,08	6,70	6,35	6,00	5,68	5,36	5,05	4,74	12,53
25/04/2020 18:10:00	12,51	12,28	11,87	11,42	10,96	10,55	10,14	9,72	9,29	8,85	8,39	7,96	7,54	7,16	6,77	6,43	6,08	5,76	5,44	5,12	4,80	12,59
25/04/2020 18:15:00	12,64	12,43	12,05	11,62	11,15	10,76	10,33	9,84	9,40	8,97	8,53	8,11	7,70	7,31	6,93	6,57	6,22	5,89	5,56	5,23	4,91	12,57
25/04/2020 18:20:00	12,65	12,45	12,06	11,65	11,23	10,78	10,34	9,90	9,47	9,02	8,51	8,05	7,59	7,18	6,77	6,41	6,05	5,71	5,38	5,05	4,72	12,65
25/04/2020 18:25:00	12,55	12,41	12,03	11,61	11,17	10,75	10,28	9,77	9,32	8,88	8,44	8,01	7,59	7,20	6,81	6,44	6,07	5,74	5,41	5,08	4,75	12,50
25/04/2020 18:30:00	12,58	12,35	11,96	11,54	11,11	10,70	10,27	9,82	9,39	8,95	8,48	8,04	7,60	7,20	6,80	6,45	6,09	5,76	5,43	5,10	4,77	12,49
25/04/2020 18:35:00	12,48	12,27	11,94	11,57	11,13	10,67	10,27	9,90	9,39	8,88	8,41	7,96	7,51	7,10	6,69	6,32	5,95	5,61	5,26	4,93	4,59	12,46
25/04/2020 18:40:00	12,44	12,31	11,98	11,58	11,11	10,70	10,25	9,75	9,32	8,89	8,42	7,98	7,54	7,15	6,75	6,39	6,03	5,70	5,37	5,05	4,73	12,42
25/04/2020 18:45:00	12,31	12,15	11,82	11,46	11,10	10,70	10,27	9,81	9,37	8,91	8,40	7,93	7,45	7,03	6,60	6,22	5,85	5,50	5,15	4,80	4,46	12,37
25/04/2020 18:50:00	12,42	12,24	11,89	11,49	11,04	10,61	10,20	9,78	9,33	8,86	8,36	7,91	7,45	7,04	6,63	6,27	5,91	5,58	5,25	4,92	4,60	12,45
25/04/2020 18:55:00	12,38	12,23	11,90	11,52	11,08	10,66	10,21	9,72	9,28	8,84	8,37	7,92	7,48	7,07	6,67	6,30	5,94	5,60	5,27	4,94	4,62	12,40
25/04/2020 19:00:00	12,37	12,25	11,88	11,47	11,03	10,63	10,19	9,70	9,27	8,83	8,37	7,94	7,52	7,12	6,73	6,37	6,01	5,68	5,35	5,03	4,70	12,38
25/04/2020 19:05:00	12,34	12,18	11,81	11,42	11,05	10,53	10,07	9,66	9,22	8,77	8,30	7,86	7,42	7,03	6,63	6,27	5,91	5,59	5,26	4,94	4,62	12,34
25/04/2020 19:10:00	12,27	12,19	11,87	11,50	11,09	10,69	10,26	9,79	9,34	8,86	8,36	7,89	7,42	7,00	6,58	6,20	5,82	5,47	5,13	4,79	4,45	12,35
25/04/2020 19:15:00	12,27	12,05	11,73	11,40	11,03	10,58	10,13	9,69	9,24	8,78	8,32	7,88	7,43	7,02	6,62	6,24	5,87	5,53	5,18	4,85	4,51	12,28
25/04/2020 19:20:00	12,25	12,06	11,76	11,42	11,00	10,57	10,13	9,67	9,23	8,77	8,29	7,83	7,37	6,96	6,55	6,18	5,81	5,47	5,13	4,80	4,46	12,26
25/04/2020 19:25:00	12,18	12,15	11,83	11,42	10,90	10,44	9,99	9,52	9,04	8,56	8,12	7,70	7,28	6,89	6,51	6,14	5,78	5,46	5,13	4,82	4,50	12,19
25/04/2020 19:30:00	12,09	12,02	11,68	11,30	10,88	10,41	9,94	9,49	9,06	8,61	8,13	7,69	7,24	6,84	6,44	6,08	5,72	5,39	5,07	4,75	4,43	12,12
25/04/2020 19:35:00	11,98	11,92	11,58	11,22	10,83	10,39	9,96	9,55	9,16	8,73	8,22	7,76	7,30	6,90	6,50	6,15	5,80	5,48	5,16	4,84	4,53	12,02
25/04/2020 19:40:00	11,94	11,86	11,57	11,22	10,79	10,37	9,92	9,42	9,03	8,61	8,10	7,63	7,16	6,75	6,33	5,97	5,61	5,29	4,96	4,64	4,33	11,97
25/04/2020 19:45:00	11,92	11,79	11,53	11,21	10,80	10,38	9,95	9,52	9,15	8,74	8,21	7,73	7,25	6,84	6,43	6,07	5,72	5,40	5,08	4,76	4,45	11,94
25/04/2020 19:50:00	11,84	11,92	11,54	11,13	10,71	10,27	9,82	9,36	8,94	8,52	8,08	7,68	7,27	6,90	6,52	6,18	5,83	5,52	5,20	4,90	4,59	11,77
25/04/2020 19:55:00	11,76	11,78	11,47	11,11	10,73	10,30	9,87	9,46	9,05	8,61	8,14	7,70	7,26	6,87	6,47	6,12	5,77	5,45	5,12	4,81	4,49	11,79
25/04/2020 20:00:00	11,70	11,77	11,46	11,12	10,77	10,35	9,93	9,50	9,07	8,61	8,11	7,64	7,18	6,77	6,35	5,98	5,61	5,28	4,94	4,61	4,28	11,73
25/04/2020 20:05:00	11,72	11,62	11,36	11,05	10,66	10,29	9,90	9,49	9,08	8,64	8,15	7,69	7,24	6,84	6,43	6,07	5,71	5,38	5,05	4,73	4,40	11,63
25/04/2020 20:10:00	11,50	11,53	11,27	10,91	10,44	10,01	9,55	9,08	8,65	8,22	7,76	7,34	6,91	6,53	6,14	5,79	5,43	5,12	4,80	4,50	4,20	11,48
25/04/2020 20:15:00	11,49	11,41	11,17	10,86	10,47	10,09	9,69	9,25	8,81	8,35	7,90	7,47	7,03	6,63	6,23	5,86	5,50	5,16	4,83	4,50	4,17	11,57
25/04/2020 20:20:00	11,33	11,46	11,21	10,86	10,42	10,06	9,67	9,22	8,78	8,33	7,87	7,44	7,02	6,63	6,24	5,88	5,52	5,19	4,87	4,55	4,24	11,43
25/04/2020 20:25:00	11,29	11,49	11,19	10,83	10,47	10,00	9,54	9,09	8,67	8,25	7,83	7,43	7,03	6,66	6,28	5,93	5,58	5,26	4,95	4,64	4,34	11,35
25/04/2020 20:30:00	11,21	11,46	11,24	10,92	10,48	10,07	9,63	9,14	8,75	8,34	7,87	7,44	7,01	6,62	6,24	5,88	5,53	5,22	4,91	4,60	4,30	11,08
25/04/2020 20:35:00	11,32	11,48	11,20	10,87	10,51	10,12	9,69	9,22	8,76	8,29	7,82	7,38	6,94	6,53	6,12	5,74	5,37	5,02	4,68	4,35	4,02	11,45
25/04/2020 20:40:00	11,21	11,38	11,18	10,90	10,52	10,09	9,68	9,30	8,86	8,40	7,93	7,49	7,05	6,65	6,25	5,88	5,52	5,19	4,87	4,55	4,23	11,08
25/04/2020 20:45:00	11,25	11,38	11,10	10,76	10,39	10,02	9,62	9,19	8,72	8,28	7,87	7,47	7,07	6,69	6,32	5,95	5,59	5,26	4,93	4,61	4,29	11,20
25/04/2020 20:50:00	11,21	11,31	11,10	10,82	10,44	10,01	9,59	9,17	8,78	8,35	7,84	7,37	6,91	6,50	6,09	5,73	5,38	5,06	4,74	4,43	4,13	10,72
25/04/2020 20:55:00	11,25	11,33	11,08	10,75	10,35	9,93	9,51	9,10	8,69	8,25	7,77	7,33	6,89	6,49	6,10	5,75	5,40	5,08	4,76	4,46	4,15	11,08
25/04/2020 21:00:00	11,21	11,26	11,01	10,70	10,34	9,91	9,52	9,15	8,73	8,30	7,84	7,41	6,98	6,60	6,21	5,86	5,51	5,20	4,88	4,57	4,26	10,97
25/04/2020 21:05:00	10,78	10,89	10,67	10,38	10,03	9,69	9,32	8,91	8,54	8,12	7,61	7,14	6,68	6,27	5,86	5,51	5,17	4,85	4,53	4,22	3,90	10,86
25/04/2020 21:10:00	10,82	10,87	10,63	10,37	10,10	9,69	9,32	8,96	8,56	8,12	7,62	7,16	6,70	6,29	5,88	5,52	5,16	4,84	4,51	4,19	3,87	10,77
25/04/2020 21:15:00	10,81	10,89	10,66	10,36	9,99	9,65	9,26	8,83	8,43	8,00	7,52	7,08	6,63	6,24	5,84	5,48	5,13	4,81	4,49	4,18	3,86	10,93
25/04/2020 21:20:00	10,82	10,90	10,63	10,34	10,06	9,69	9,30	8,90	8,46	8,01	7,54	7,09	6,64	6,23	5,82	5,46	5,09	4,75	4,42	4,09	3,76	10,83
25/04/2020 21:25:00	10,79	10,85	10,60	10,31	9,99	9,60	9,22	8,82	8,39	7,95	7,48	7,03	6,59	6,18	5,78	5,42	5,06	4,74	4,41	4,09	3,77	10,83
25/04/2020 21:30:00	10,68	10,88	10,59	10,25	9,91	9,43	8,99	8,59	8,18	7,76	7,33	6,92	6,52	6,14	5,77	5,43	5,09	4,78	4,48	4,19	3,90	10,67
25/04/2020 21:35:00	10,64	10,75	10,54	10,25	9,88	9,51	9,09	8,65	8,19	7,75	7,36	6,96	6,56	6,18	5,80	5,44	5,07	4,75	4,42	4,11	3,80	10,57
25/04/2020 21:40:00	10,52	10,75	10,56	10,29	9,95	9,53	9,12	8,70	8,28	7,83	7,35	6,90	6,45	6,04	5,64	5,28	4,92	4,59	4,27	3,96	3,65	10,45
25/04/2020 21:45:00	10,40	10,63	10,45	10,21	9,91	9,53	9,14	8,74	8,34	7,92	7,46	7,02	6,59	6,19	5,79	5,44	5,08	4,76	4,44	4,13	3,82	10,21
25/04/2020 21:50:00	10,42	10,71	10,50	10,20	9,82	9,39	8,98	8,56	8,12	7,68	7,24	6,82	6,40	6,02	5,64	5,28	4,93	4,62	4,30	4,00	3,71	10,45
25/04/2020 21:55:00	10,36	10,67	10,48	10,20	9,86	9,51	9,12	8,68	8,24	7,79	7,32	6,87	6,43	6,02	5,62	5,25	4,88	4,55	4,22	3,91	3,59	10,48
25/04/2020 22:00:00	10,32	10,63	10,48	10,24	9,93	9,46	9,02	8,59	8,15	7,71	7,27	6,84	6,41	6,01	5,61	5,25	4,88	4,55	4,23	3,92	3,62	10,43
25/04/2020 22:05:00	10,25	10,48	10,36	10,12	9,75	9,34	8,96	8,60	8,16	7,71	7,28	6,86	6,44	6,05	5,67	5,31	4,96	4,64	4,33	4,03	3,73	10,18
25/04/2020 22:10:00	10,12	10,47	10,34	10,13	9,84	9,47	9,08	8,65	8,25	7,81	7,33	6,88	6,42	6,01	5,60	5,23	4,87	4,54	4,21	3,90	3,58	10,18
25/04/2020 22:15:00	10,15	10,49	10,39	10,18	9,85	9,49	9,11	8,69	8,29	7,87	7,41	6,98	6,55	6,16	5,76	5,40	5,04	4,72	4,40	4,10	3,79	10,10
25/04/2020 22:20:00	10,11	10,48	10,39	10,17	9,82	9,48	9,10	8,69	8,23	7,76	7,30	6,85	6,41	6,00	5,59	5,21	4,84	4,51	4,18	3,86	3,54	10,12
25/04/2020 22:25:00	10,08	10,44	10,34	10,12	9,78	9,41	9,04	8,66	8,25	7,83	7,38	6,95	6,52	6,14	5,75	5,40	5,04	4,73	4,42	4,11	3,81	10,06
25/04/2020 22:30:00	10,12	10,33	10,26	10,08	9,76	9,45	9,09	8,70	8,29	7,87	7,42	6,99	6,56	6,17	5,77	5,41	5,05	4,72	4,40	4,08	3,77	9,85
25/04/2020 22:35:00	10,00	10,40	10,28	10,09	9,84	9,46	9,10	8,75	8,29	7,82	7,33	6,87	6,40	5,98	5,56	5,19	4,81	4,48	4,14	3,81	3,49	9,86
25/04/2020 22:40:00	9,92	10,24	10,16	9,98	9,67	9,33	8,96	8,56	8,17	7,74	7,25	6,80	6,34	5,94	5,53	5,17	4,80	4,48	4,16	3,85	3,54	9,93
25/04/2020 22:45:00	9,97	10,24	10,20	10,05	9,76	9,40	9,02	8,61	8,20	7,75	7,27	6,81	6,34	5,92	5,50	5,12	4,75	4,42	4,09	3,76	3,44	9,82
25/04/2020 22:50:00	9,89	10,06	10,01	9,86	9,59	9,29	8,98	8,65	8,28	7,85	7,35	6,88	6,41	5,99	5,58	5,22	4,87	4,55	4,23	3,91	3,59	9,88
25/04/2020 22:55:00	9,73	10,07	10,05	9,91	9,62	9,35	9,01	8,62	8,22	7,79	7,30	6,83	6,37	5,95	5,53	5,16	4,79	4,46	4,13	3,81	3,48	9,71
25/04/2020 23:00:00	9,71	10,17	10,12	9,96	9,67	9,26	8,87	8,50	8,05	7,58	7,08	6,61	6,14	5,71	5,29	4,91	4,54	4,21	3,88	3,56	3,25	9,61
25/04/2020 23:05:00	9,72	10,08	9,99	9,78	9,47	9,14	8,80	8,43	8,05	7,64	7,17	6,74	6,30	5,91	5,52	5,18	4,83	4,53	4,22	3,92	3,62	9,58
25/04/2020 23:10:00	9,62	10,07	10,02	9,86	9,60	9,25	8,90	8,56	8,07	7,60	7,16	6,73	6,30	5,90	5,49	5,11	4,74	4,40	4,06	3,74	3,41	9,39
25/04/2020 23:15:00	9,66	9,98	9,95	9,83	9,63	9,26	8,93	8,61	8,17	7,72	7,27	6,83	6,39	5,98	5,58	5,20	4,83	4,50	4,16	3,84	3,51	9,50
25/04/2020 23:20:00	9,43	9,81	9,79	9,64	9,35	9,05	8,69	8,30	7,95	7,56	7,11	6,68	6,25	5,86	5,47	5,12	4,77	4,46	4,15	3,86	3,56	9,43
25/04/2020 23:25:00	9,36	9,74	9,74	9,66	9,48	9,19	8,87	8,50	8,14	7,73	7,28	6,84	6,39	5,99	5,58	5,22	4,85	4,52	4,19	3,87	3,55	9,37
25/04/2020 23:30:00	9,29	9,64	9,62	9,53	9,36	9,14	8,87	8,56	8,23	7,83	7,36	6,91	6,47	6,07	5,67	5,32	4,97	4,65	4,33	4,01	3,69	9,20
25/04/2020 23:35:00	9,19	9,51	9,60	9,60	9,49	9,26	8,97	8,65	8,25	7,82	7,35	6,88	6,40	5,97	5,54	5,15	4,77	4,42	4,07	3,72	3,37	9,13
25/04/2020 23:40:00	9,11	9,36	9,44	9,44	9,33	9,06	8,77	8,47	8,11	7,71	7,28	6,85	6,41	6,01	5,61	5,24	4,86	4,53	4,20	3,87	3,54	8,93
25/04/2020 23:45:00	9,06	9,36	9,49	9,52	9,42	9,25	9,00	8,69	8,34	7,93	7,44	6,95	6,47	6,04	5,60	5,22	4,84	4,50	4,16	3,81	3,47	8,74
25/04/2020 23:50:00	8,78	9,11	9,25	9,25	9,06	8,91	8,67	8,38	8,00	7,59	7,15	6,71	6,26	5,86	5,45	5,09	4,72	4,39	4,06	3,73	3,40	8,87
25/04/2020 23:55:00	8,72	9,06	9,13	9,14	9,06	8,91	8,68	8,39	8,09	7,71	7,23	6,78	6,32	5,91	5,51	5,15	4,79	4,47	4,14	3,81	3,48	8,67
