FileFormat:0002.2 file with temperature of atmosphere
SN105HE102 RTK
local	GMT or Local
0	GMT-Local=[hours]
20	Height[m]
0	0	0	Longitude                [grd]               [min]               [sec]
0	0	0	Latitude                [grd]               [min]               [sec]
N	NS
56,45	Freq[GHz]
0,00	dTemostat[K]
0,150	MessErr[K]
0,248	//[grad/step]
version 14.4.20120406
MTP5HE102F5645K-38.60I70D222917+A1.1
Commentary:
SN105HE102
парабола ДНА = 2,5 град
НЕ102 - ПУ - ХВБ с ЦСД " S "
АЦП - 202 - 09 с контр.U пит.и М
оптопара серии - 2
Т out № 178 пл
БП LPS - 112
End Of Commentary

SYSTEM\summer.dat
data time	0	50	100	150	200	250	300	350	400	450	500	550	600	650	700	750	800	850	900	950	1000	OutsideTemperature
09/06/2022 00:00:00	12,30	12,63	12,52	12,29	11,94	11,49	11,03	10,58	10,08	9,58	9,10	8,63	8,16	7,72	7,28	6,88	6,47	6,10	5,73	5,38	5,02	11,82
09/06/2022 00:05:00	12,18	12,59	12,60	12,44	12,06	11,63	11,19	10,72	10,20	9,66	9,11	8,57	8,04	7,56	7,08	6,65	6,22	5,84	5,45	5,08	4,70	12,20
09/06/2022 00:10:00	12,10	12,39	12,42	12,29	11,93	11,58	11,13	10,57	10,08	9,58	9,10	8,61	8,13	7,67	7,21	6,77	6,34	5,95	5,56	5,19	4,81	11,67
09/06/2022 00:15:00	11,83	12,23	12,24	12,10	11,79	11,43	11,01	10,54	10,07	9,57	9,01	8,48	7,95	7,47	6,99	6,57	6,15	5,77	5,38	5,01	4,63	11,65
09/06/2022 00:20:00	11,26	12,04	12,20	12,12	11,75	11,30	10,84	10,37	9,88	9,37	8,84	8,33	7,82	7,36	6,90	6,47	6,05	5,68	5,31	4,96	4,61	11,20
09/06/2022 00:25:00	11,03	12,11	12,22	12,16	11,95	11,49	11,01	10,53	10,06	9,56	9,00	8,47	7,93	7,45	6,97	6,54	6,11	5,73	5,34	4,97	4,61	10,29
09/06/2022 00:30:00	10,77	12,15	12,31	12,23	11,92	11,45	10,96	10,44	9,91	9,37	8,83	8,32	7,81	7,34	6,86	6,42	5,99	5,60	5,22	4,85	4,49	10,79
09/06/2022 00:35:00	11,05	12,37	12,45	12,27	11,86	11,37	10,84	10,25	9,76	9,25	8,72	8,22	7,72	7,26	6,80	6,39	5,97	5,60	5,24	4,90	4,57	10,62
09/06/2022 00:40:00	10,63	12,02	12,19	12,12	11,81	11,38	10,88	10,33	9,85	9,36	8,84	8,35	7,86	7,40	6,94	6,52	6,09	5,71	5,34	4,99	4,64	10,64
09/06/2022 00:45:00	10,31	11,27	11,56	11,68	11,59	11,36	11,04	10,65	10,28	9,83	9,22	8,65	8,08	7,58	7,08	6,66	6,23	5,84	5,44	5,06	4,67	10,21
09/06/2022 00:50:00	10,05	11,22	11,68	11,88	11,76	11,52	11,21	10,83	10,36	9,83	9,22	8,64	8,05	7,53	7,00	6,54	6,08	5,66	5,25	4,84	4,44	10,02
09/06/2022 00:55:00	9,98	11,20	11,63	11,85	11,80	11,48	11,11	10,70	10,26	9,76	9,18	8,60	8,03	7,51	6,99	6,53	6,07	5,66	5,25	4,85	4,45	9,41
09/06/2022 01:00:00	10,56	11,48	11,71	11,75	11,58	11,20	10,81	10,40	9,96	9,47	8,91	8,37	7,84	7,35	6,87	6,44	6,01	5,63	5,24	4,87	4,50	9,67
09/06/2022 01:05:00	10,90	11,68	11,83	11,81	11,58	11,21	10,80	10,36	9,86	9,33	8,78	8,24	7,70	7,21	6,72	6,28	5,84	5,44	5,05	4,67	4,29	10,40
09/06/2022 01:10:00	10,90	11,64	11,84	11,84	11,61	11,24	10,85	10,47	9,95	9,40	8,84	8,28	7,73	7,24	6,74	6,30	5,86	5,46	5,06	4,68	4,29	9,45
09/06/2022 01:15:00	10,63	11,71	11,86	11,79	11,48	11,10	10,70	10,28	9,79	9,29	8,80	8,32	7,85	7,41	6,96	6,55	6,14	5,78	5,41	5,06	4,71	9,17
09/06/2022 01:20:00	10,88	11,75	11,88	11,81	11,54	11,13	10,73	10,32	9,84	9,33	8,79	8,27	7,76	7,29	6,83	6,41	6,00	5,62	5,25	4,89	4,53	9,20
09/06/2022 01:25:00	10,87	11,86	11,92	11,75	11,35	10,94	10,46	9,93	9,48	9,01	8,51	8,03	7,56	7,13	6,69	6,30	5,90	5,55	5,20	4,87	4,54	8,78
09/06/2022 01:30:00	11,01	11,77	11,80	11,68	11,42	11,04	10,66	10,27	9,75	9,24	8,78	8,32	7,86	7,42	6,98	6,57	6,16	5,79	5,41	5,05	4,69	8,81
09/06/2022 01:35:00	10,81	11,69	11,80	11,71	11,39	11,06	10,68	10,26	9,78	9,28	8,76	8,26	7,77	7,31	6,86	6,45	6,04	5,68	5,31	4,95	4,59	8,70
09/06/2022 01:40:00	10,71	11,58	11,67	11,60	11,40	11,00	10,58	10,14	9,66	9,18	8,74	8,28	7,83	7,40	6,96	6,55	6,13	5,76	5,38	5,02	4,67	8,40
09/06/2022 01:45:00	9,76	11,36	11,74	11,83	11,62	11,28	10,89	10,46	9,93	9,38	8,83	8,30	7,76	7,27	6,77	6,32	5,87	5,47	5,07	4,69	4,31	8,16
09/06/2022 01:50:00	9,26	11,02	11,51	11,70	11,57	11,29	10,94	10,54	10,05	9,54	9,01	8,49	7,97	7,48	7,00	6,55	6,10	5,70	5,30	4,92	4,54	8,05
09/06/2022 01:55:00	9,06	10,86	11,47	11,73	11,63	11,31	10,95	10,55	10,06	9,53	8,96	8,40	7,84	7,33	6,81	6,35	5,88	5,47	5,06	4,68	4,29	7,88
09/06/2022 02:00:00	8,47	10,47	11,13	11,49	11,51	11,17	10,89	10,63	10,18	9,70	9,16	8,63	8,10	7,62	7,14	6,69	6,25	5,86	5,46	5,08	4,71	7,76
09/06/2022 02:05:00	9,03	10,97	11,45	11,63	11,48	11,20	10,85	10,44	9,94	9,44	8,93	8,43	7,92	7,45	6,97	6,53	6,09	5,69	5,30	4,93	4,55	7,56
09/06/2022 02:10:00	9,23	11,00	11,40	11,53	11,38	11,07	10,67	10,20	9,81	9,36	8,83	8,32	7,81	7,35	6,88	6,46	6,04	5,67	5,29	4,94	4,59	8,19
09/06/2022 02:15:00	9,40	10,93	11,37	11,52	11,36	11,02	10,64	10,24	9,82	9,34	8,76	8,22	7,67	7,19	6,70	6,27	5,84	5,47	5,09	4,73	4,37	7,48
09/06/2022 02:20:00	8,85	10,56	10,99	11,10	10,87	10,65	10,33	9,92	9,49	9,02	8,49	7,99	7,50	7,04	6,58	6,17	5,76	5,39	5,02	4,68	4,33	7,49
09/06/2022 02:25:00	9,08	10,80	11,26	11,41	11,21	10,79	10,37	9,94	9,48	8,97	8,37	7,81	7,25	6,75	6,25	5,81	5,37	4,99	4,61	4,26	3,91	7,43
09/06/2022 02:30:00	8,51	10,40	10,96	11,21	11,15	10,81	10,42	10,00	9,49	8,96	8,40	7,85	7,29	6,78	6,27	5,80	5,33	4,92	4,51	4,13	3,75	7,52
09/06/2022 02:35:00	8,30	10,06	10,66	10,93	10,82	10,63	10,29	9,86	9,45	9,01	8,55	8,07	7,59	7,13	6,68	6,24	5,80	5,42	5,04	4,68	4,31	7,57
09/06/2022 02:40:00	8,38	10,29	10,79	11,02	10,97	10,59	10,19	9,77	9,34	8,86	8,34	7,82	7,31	6,83	6,35	5,91	5,47	5,08	4,70	4,35	3,99	7,57
09/06/2022 02:45:00	8,26	10,06	10,66	10,90	10,76	10,50	10,17	9,79	9,42	8,98	8,43	7,92	7,40	6,93	6,46	6,05	5,63	5,27	4,91	4,56	4,22	7,32
09/06/2022 02:50:00	8,46	10,58	11,09	11,22	11,00	10,55	10,11	9,67	9,14	8,64	8,18	7,71	7,25	6,80	6,35	5,91	5,47	5,10	4,73	4,40	4,06	6,92
09/06/2022 02:55:00	9,01	10,70	10,98	11,01	10,80	10,30	9,87	9,47	9,06	8,59	8,05	7,55	7,05	6,61	6,16	5,77	5,37	5,03	4,69	4,37	4,06	6,65
09/06/2022 03:00:00	9,25	10,65	10,97	11,02	10,79	10,42	10,00	9,54	9,07	8,59	8,10	7,62	7,13	6,68	6,22	5,80	5,38	5,01	4,64	4,30	3,95	6,45
09/06/2022 03:05:00	9,20	10,45	10,59	10,50	10,19	9,84	9,43	8,98	8,54	8,08	7,60	7,15	6,70	6,28	5,86	5,47	5,08	4,75	4,41	4,09	3,78	6,36
09/06/2022 03:10:00	8,70	9,98	10,21	10,22	10,00	9,75	9,37	8,91	8,39	7,89	7,40	6,91	6,43	5,97	5,51	5,08	4,65	4,27	3,90	3,54	3,19	6,25
09/06/2022 03:15:00	7,76	9,57	10,02	10,13	9,90	9,61	9,25	8,82	8,28	7,74	7,17	6,63	6,08	5,59	5,09	4,65	4,21	3,84	3,46	3,11	2,76	6,22
09/06/2022 03:20:00	7,25	9,35	9,75	9,84	9,63	9,25	8,83	8,37	7,93	7,41	6,80	6,25	5,70	5,21	4,72	4,30	3,89	3,54	3,19	2,87	2,56	6,19
09/06/2022 03:25:00	7,38	9,38	9,84	9,98	9,81	9,43	9,04	8,62	8,09	7,55	6,96	6,41	5,86	5,36	4,86	4,42	3,97	3,60	3,23	2,88	2,54	6,00
09/06/2022 03:30:00	7,02	9,13	9,59	9,70	9,47	9,08	8,64	8,15	7,65	7,11	6,52	5,96	5,41	4,91	4,41	3,97	3,54	3,18	2,82	2,50	2,18	5,89
09/06/2022 03:35:00	6,80	8,92	9,36	9,41	9,08	8,77	8,30	7,75	7,23	6,70	6,12	5,58	5,04	4,55	4,06	3,62	3,19	2,83	2,48	2,17	1,85	5,80
09/06/2022 03:40:00	7,06	8,94	9,30	9,38	9,19	8,77	8,26	7,70	7,19	6,69	6,15	5,63	5,11	4,62	4,13	3,69	3,24	2,88	2,51	2,19	1,86	5,65
09/06/2022 03:45:00	7,02	8,76	8,99	8,96	8,69	8,26	7,84	7,40	6,85	6,31	5,77	5,26	4,74	4,28	3,81	3,40	2,99	2,65	2,32	2,01	1,71	5,59
09/06/2022 03:50:00	6,14	8,49	8,85	8,85	8,52	8,01	7,53	7,05	6,50	5,96	5,41	4,90	4,39	3,93	3,47	3,06	2,65	2,33	2,00	1,72	1,45	5,45
09/06/2022 03:55:00	5,45	8,21	8,54	8,54	8,26	7,77	7,27	6,74	6,21	5,68	5,13	4,63	4,13	3,68	3,22	2,81	2,41	2,08	1,76	1,49	1,22	5,33
09/06/2022 04:00:00	5,04	7,95	8,65	8,90	8,70	8,27	7,83	7,36	6,89	6,37	5,78	5,24	4,70	4,21	3,72	3,29	2,86	2,53	2,19	1,90	1,61	5,31
09/06/2022 04:05:00	5,10	8,11	8,81	9,06	8,87	8,49	8,08	7,63	7,16	6,64	6,06	5,53	4,99	4,51	4,03	3,60	3,18	2,84	2,50	2,20	1,91	5,16
09/06/2022 04:10:00	4,68	7,86	8,69	9,07	9,01	8,65	8,21	7,72	7,25	6,73	6,14	5,58	5,01	4,50	3,98	3,51	3,05	2,68	2,32	2,00	1,67	5,05
09/06/2022 04:15:00	5,00	8,28	9,08	9,42	9,33	8,99	8,56	8,07	7,59	7,05	6,44	5,88	5,31	4,79	4,27	3,81	3,35	2,98	2,60	2,28	1,96	4,96
09/06/2022 04:20:00	5,14	8,23	9,02	9,37	9,28	8,92	8,52	8,07	7,58	7,02	6,36	5,75	5,15	4,61	4,07	3,61	3,15	2,78	2,41	2,08	1,75	4,91
09/06/2022 04:25:00	5,04	8,00	8,89	9,22	8,99	8,64	8,21	7,72	7,23	6,70	6,11	5,56	5,00	4,49	3,99	3,53	3,08	2,73	2,37	2,06	1,76	4,83
09/06/2022 04:30:00	4,91	7,97	8,87	9,25	9,12	8,73	8,32	7,87	7,38	6,86	6,29	5,74	5,18	4,68	4,17	3,71	3,25	2,89	2,53	2,22	1,90	4,76
09/06/2022 04:35:00	4,86	7,87	8,84	9,32	9,28	8,97	8,58	8,15	7,73	7,22	6,62	6,04	5,47	4,94	4,42	3,96	3,50	3,13	2,75	2,43	2,10	4,74
09/06/2022 04:40:00	4,82	7,88	8,91	9,40	9,34	9,02	8,68	8,29	7,80	7,24	6,58	5,96	5,34	4,79	4,24	3,76	3,29	2,91	2,53	2,19	1,85	4,75
09/06/2022 04:45:00	4,96	8,05	8,84	9,16	9,02	8,65	8,21	7,72	7,23	6,74	6,21	5,70	5,19	4,70	4,22	3,77	3,32	2,97	2,61	2,30	2,00	4,76
09/06/2022 04:50:00	5,07	8,20	8,92	9,17	8,96	8,52	7,99	7,41	6,88	6,32	5,70	5,11	4,53	4,00	3,47	3,00	2,53	2,17	1,80	1,49	1,18	4,68
09/06/2022 04:55:00	5,31	8,02	8,50	8,56	8,22	7,73	7,25	6,74	6,24	5,74	5,22	4,74	4,27	3,83	3,38	2,98	2,58	2,27	1,97	1,71	1,45	4,78
09/06/2022 05:00:00	5,24	7,70	8,16	8,26	8,00	7,56	7,08	6,55	6,00	5,48	4,95	4,45	3,94	3,47	3,00	2,57	2,13	1,80	1,46	1,17	0,88	4,93
09/06/2022 05:05:00	5,15	7,91	8,34	8,37	8,03	7,61	7,09	6,52	6,02	5,49	4,91	4,39	3,87	3,40	2,93	2,51	2,10	1,78	1,47	1,20	0,93	4,95
09/06/2022 05:10:00	4,73	8,20	8,80	9,01	8,83	8,25	7,75	7,22	6,54	5,93	5,33	4,77	4,20	3,68	3,15	2,67	2,19	1,82	1,44	1,13	0,81	4,93
09/06/2022 05:15:00	4,76	8,58	9,30	9,48	9,14	8,68	8,11	7,48	6,84	6,25	5,67	5,12	4,58	4,06	3,55	3,08	2,60	2,24	1,87	1,57	1,27	5,08
09/06/2022 05:20:00	5,41	8,72	9,44	9,71	9,52	8,91	8,33	7,74	7,21	6,63	6,00	5,41	4,81	4,28	3,74	3,26	2,79	2,42	2,05	1,74	1,43	5,15
09/06/2022 05:25:00	5,48	8,51	9,49	9,87	9,67	9,29	8,82	8,27	7,71	7,12	6,48	5,86	5,24	4,67	4,10	3,60	3,10	2,71	2,31	1,97	1,62	5,17
09/06/2022 05:30:00	5,44	8,47	9,28	9,55	9,30	8,91	8,46	7,98	7,54	7,00	6,38	5,81	5,24	4,73	4,23	3,80	3,36	3,02	2,68	2,39	2,10	5,21
09/06/2022 05:35:00	5,24	8,11	8,86	9,22	9,18	8,86	8,43	7,94	7,43	6,91	6,34	5,78	5,23	4,70	4,18	3,71	3,24	2,85	2,47	2,12	1,78	5,28
09/06/2022 05:40:00	4,39	7,71	8,89	9,52	9,59	9,42	9,08	8,67	8,26	7,71	7,02	6,36	5,70	5,12	4,54	4,05	3,55	3,15	2,75	2,38	2,02	5,39
09/06/2022 05:45:00	4,26	7,45	9,00	9,87	10,03	9,88	9,58	9,18	8,72	8,06	7,21	6,39	5,57	4,87	4,16	3,60	3,04	2,58	2,12	1,69	1,27	5,86
09/06/2022 05:50:00	4,86	8,41	9,41	9,85	9,73	9,32	8,81	8,27	7,85	7,31	6,67	6,07	5,47	4,93	4,39	3,91	3,44	3,07	2,71	2,39	2,08	5,56
09/06/2022 05:55:00	5,76	8,69	9,46	9,75	9,56	9,16	8,70	8,19	7,66	7,12	6,52	5,96	5,39	4,87	4,35	3,89	3,42	3,05	2,68	2,35	2,03	5,85
09/06/2022 06:00:00	6,46	9,20	9,60	9,60	9,26	8,65	8,11	7,58	7,05	6,55	6,07	5,62	5,17	4,75	4,32	3,91	3,51	3,19	2,87	2,60	2,34	5,69
09/06/2022 06:05:00	6,96	9,28	9,55	9,49	9,12	8,73	8,24	7,69	7,17	6,67	6,16	5,69	5,22	4,78	4,34	3,94	3,54	3,21	2,88	2,59	2,30	6,23
09/06/2022 06:10:00	7,12	9,51	9,91	9,89	9,48	8,87	8,29	7,71	7,13	6,58	6,05	5,54	5,04	4,57	4,10	3,67	3,24	2,90	2,56	2,28	2,00	6,43
09/06/2022 06:15:00	7,28	9,47	9,89	9,89	9,49	8,97	8,41	7,83	7,28	6,73	6,14	5,59	5,05	4,55	4,06	3,62	3,19	2,84	2,50	2,20	1,90	6,80
09/06/2022 06:20:00	6,67	9,23	9,78	9,89	9,57	9,07	8,57	8,04	7,46	6,90	6,35	5,82	5,29	4,80	4,31	3,86	3,41	3,06	2,70	2,39	2,09	7,22
09/06/2022 06:25:00	6,33	9,15	9,83	10,02	9,72	9,19	8,65	8,10	7,55	6,97	6,32	5,73	5,13	4,59	4,06	3,60	3,14	2,77	2,41	2,10	1,79	6,90
09/06/2022 06:30:00	6,03	8,93	9,72	10,04	9,90	9,45	8,98	8,45	7,82	7,18	6,50	5,84	5,18	4,59	4,00	3,49	2,98	2,57	2,15	1,79	1,42	7,06
09/06/2022 06:35:00	5,94	8,71	9,64	9,99	9,73	9,26	8,75	8,21	7,72	7,14	6,47	5,84	5,21	4,65	4,09	3,61	3,13	2,76	2,39	2,07	1,75	7,60
09/06/2022 06:40:00	6,35	9,03	9,73	9,93	9,65	9,20	8,70	8,17	7,64	7,05	6,39	5,78	5,17	4,64	4,10	3,63	3,17	2,80	2,44	2,12	1,80	7,74
09/06/2022 06:45:00	6,78	9,53	10,06	10,13	9,77	9,30	8,69	8,00	7,48	6,93	6,36	5,81	5,27	4,77	4,27	3,81	3,35	2,99	2,63	2,33	2,02	7,48
09/06/2022 06:50:00	7,24	9,61	10,01	10,01	9,64	9,08	8,50	7,90	7,34	6,78	6,21	5,67	5,14	4,64	4,15	3,71	3,27	2,92	2,57	2,27	1,97	7,54
09/06/2022 06:55:00	7,83	10,02	10,35	10,28	9,84	9,31	8,80	8,30	7,70	7,12	6,54	6,02	5,49	5,01	4,54	4,11	3,69	3,35	3,01	2,71	2,41	7,60
09/06/2022 07:00:00	7,51	9,71	10,12	10,19	9,93	9,45	8,95	8,43	7,90	7,33	6,72	6,15	5,58	5,07	4,56	4,12	3,67	3,31	2,94	2,61	2,29	7,72
09/06/2022 07:05:00	7,60	9,98	10,20	10,15	9,87	9,32	8,74	8,13	7,60	7,08	6,54	6,04	5,54	5,07	4,60	4,17	3,74	3,40	3,05	2,75	2,44	8,03
09/06/2022 07:10:00	7,63	9,54	9,92	9,99	9,74	9,32	8,85	8,34	7,80	7,29	6,77	6,27	5,76	5,29	4,82	4,38	3,94	3,57	3,21	2,88	2,55	8,32
09/06/2022 07:15:00	8,02	10,01	10,30	10,21	9,75	9,24	8,74	8,23	7,69	7,15	6,60	6,11	5,61	5,16	4,71	4,30	3,90	3,57	3,24	2,96	2,67	8,67
09/06/2022 07:20:00	8,37	10,22	10,40	10,23	9,75	9,18	8,60	7,99	7,49	6,99	6,47	5,99	5,52	5,08	4,64	4,25	3,85	3,53	3,21	2,94	2,67	9,12
09/06/2022 07:25:00	8,18	9,64	10,07	10,17	9,91	9,43	8,97	8,50	8,01	7,47	6,84	6,26	5,67	5,15	4,64	4,20	3,76	3,40	3,03	2,70	2,37	9,60
09/06/2022 07:30:00	8,54	10,02	10,27	10,21	9,83	9,35	8,80	8,19	7,72	7,19	6,55	5,97	5,39	4,88	4,37	3,94	3,51	3,16	2,81	2,50	2,19	9,93
09/06/2022 07:35:00	8,93	10,39	10,27	9,93	9,43	8,79	8,20	7,63	7,20	6,75	6,26	5,83	5,41	5,02	4,64	4,29	3,95	3,67	3,39	3,15	2,91	10,13
09/06/2022 07:40:00	9,26	10,34	10,25	9,96	9,50	8,94	8,35	7,75	7,28	6,81	6,30	5,83	5,37	4,94	4,52	4,14	3,76	3,45	3,14	2,86	2,58	9,93
09/06/2022 07:45:00	9,36	10,30	10,15	9,83	9,38	8,86	8,31	7,74	7,24	6,78	6,37	5,97	5,57	5,19	4,80	4,43	4,06	3,75	3,44	3,16	2,89	10,35
09/06/2022 07:50:00	9,33	10,37	10,30	9,98	9,41	8,90	8,38	7,83	7,42	6,97	6,44	5,99	5,53	5,13	4,73	4,39	4,04	3,76	3,48	3,23	2,98	10,38
09/06/2022 07:55:00	9,58	10,32	10,18	9,87	9,43	8,86	8,38	7,94	7,42	6,92	6,46	6,03	5,60	5,20	4,80	4,44	4,07	3,77	3,46	3,18	2,91	10,78
09/06/2022 08:00:00	9,76	10,20	9,96	9,58	9,06	8,45	7,97	7,58	7,15	6,74	6,35	5,99	5,64	5,31	4,98	4,67	4,36	4,10	3,84	3,61	3,38	11,27
09/06/2022 08:05:00	9,80	10,21	10,07	9,72	9,14	8,66	8,12	7,55	7,12	6,72	6,34	5,98	5,61	5,26	4,91	4,56	4,22	3,94	3,66	3,41	3,16	11,75
09/06/2022 08:10:00	10,03	10,39	10,22	9,87	9,33	8,79	8,27	7,77	7,32	6,88	6,45	6,06	5,66	5,29	4,92	4,57	4,23	3,94	3,65	3,39	3,12	12,14
09/06/2022 08:15:00	10,25	10,38	10,09	9,70	9,20	8,65	8,12	7,60	7,17	6,75	6,36	5,99	5,61	5,25	4,90	4,56	4,22	3,94	3,66	3,40	3,14	12,55
09/06/2022 08:20:00	10,23	10,37	10,12	9,77	9,32	8,86	8,40	7,93	7,46	7,01	6,60	6,20	5,81	5,43	5,06	4,70	4,35	4,05	3,74	3,46	3,17	12,45
09/06/2022 08:25:00	10,18	10,36	10,12	9,76	9,27	8,74	8,26	7,81	7,34	6,90	6,51	6,13	5,75	5,40	5,04	4,69	4,35	4,06	3,77	3,50	3,24	12,10
09/06/2022 08:30:00	10,38	10,33	10,01	9,59	9,09	8,64	8,19	7,73	7,35	6,96	6,56	6,19	5,82	5,48	5,14	4,83	4,51	4,24	3,97	3,71	3,46	12,42
09/06/2022 08:35:00	10,44	10,28	9,94	9,52	9,02	8,48	8,03	7,64	7,21	6,83	6,51	6,20	5,88	5,58	5,27	4,96	4,65	4,39	4,13	3,88	3,64	12,86
09/06/2022 08:40:00	10,57	10,27	9,86	9,40	8,88	8,46	8,02	7,55	7,26	6,97	6,62	6,30	5,99	5,69	5,40	5,12	4,84	4,60	4,35	4,12	3,89	13,50
09/06/2022 08:45:00	10,72	10,34	9,87	9,38	8,89	8,44	7,98	7,53	7,11	6,74	6,44	6,14	5,85	5,55	5,24	4,94	4,63	4,36	4,09	3,84	3,58	13,92
09/06/2022 08:50:00	10,92	10,40	9,79	9,23	8,75	8,25	7,81	7,41	7,01	6,65	6,37	6,09	5,81	5,53	5,25	4,97	4,68	4,43	4,17	3,93	3,69	13,74
09/06/2022 08:55:00	11,10	10,73	10,14	9,54	8,98	8,44	7,87	7,27	6,90	6,58	6,30	6,03	5,75	5,47	5,19	4,89	4,60	4,35	4,10	3,88	3,65	13,95
09/06/2022 09:00:00	11,38	10,83	10,26	9,66	9,00	8,38	7,86	7,41	7,00	6,64	6,36	6,10	5,84	5,57	5,31	5,03	4,76	4,52	4,29	4,08	3,86	13,87
09/06/2022 09:05:00	11,39	10,93	10,36	9,76	9,15	8,56	8,07	7,64	7,22	6,82	6,48	6,17	5,86	5,57	5,27	4,98	4,69	4,44	4,19	3,96	3,73	13,77
09/06/2022 09:10:00	11,50	11,15	10,57	9,95	9,32	8,71	8,20	7,76	7,27	6,83	6,47	6,14	5,81	5,50	5,18	4,88	4,57	4,31	4,05	3,81	3,57	13,94
09/06/2022 09:15:00	11,55	11,30	10,68	10,03	9,40	8,79	8,24	7,74	7,28	6,88	6,56	6,26	5,96	5,66	5,37	5,07	4,77	4,52	4,27	4,04	3,81	14,20
09/06/2022 09:20:00	11,61	11,34	10,70	10,01	9,30	8,71	8,15	7,61	7,20	6,84	6,50	6,20	5,90	5,62	5,33	5,05	4,77	4,54	4,30	4,09	3,87	14,04
09/06/2022 09:25:00	11,83	11,36	10,77	10,15	9,52	8,89	8,38	7,98	7,49	7,06	6,81	6,55	6,29	6,02	5,75	5,46	5,16	4,91	4,65	4,42	4,18	14,41
09/06/2022 09:30:00	11,92	11,45	10,94	10,39	9,80	9,24	8,67	8,10	7,57	7,07	6,65	6,25	5,84	5,45	5,07	4,71	4,35	4,04	3,73	3,43	3,14	14,24
09/06/2022 09:35:00	12,07	11,57	10,95	10,31	9,65	9,05	8,52	8,06	7,59	7,14	6,76	6,41	6,06	5,74	5,41	5,10	4,79	4,53	4,26	4,01	3,76	14,10
09/06/2022 09:40:00	11,97	11,63	11,06	10,43	9,77	9,10	8,51	7,98	7,57	7,19	6,83	6,51	6,19	5,88	5,58	5,28	4,99	4,74	4,49	4,26	4,03	13,77
09/06/2022 09:45:00	12,24	11,78	11,20	10,60	10,01	9,43	8,90	8,41	7,84	7,30	6,85	6,43	6,01	5,62	5,23	4,87	4,51	4,19	3,88	3,58	3,28	14,62
09/06/2022 09:50:00	12,28	11,86	11,24	10,59	9,94	9,28	8,68	8,14	7,65	7,18	6,76	6,37	5,99	5,63	5,28	4,95	4,62	4,34	4,06	3,80	3,54	14,33
09/06/2022 09:55:00	12,31	11,76	11,23	10,64	9,99	9,38	8,82	8,31	7,85	7,42	7,06	6,71	6,37	6,04	5,71	5,39	5,07	4,80	4,52	4,27	4,01	14,77
09/06/2022 10:00:00	12,55	12,12	11,52	10,88	10,22	9,60	9,05	8,56	8,08	7,60	7,13	6,71	6,30	5,93	5,56	5,23	4,90	4,62	4,33	4,07	3,80	15,77
09/06/2022 10:05:00	12,50	12,15	11,69	11,12	10,39	9,81	9,24	8,66	8,09	7,53	7,01	6,53	6,04	5,62	5,19	4,81	4,44	4,12	3,80	3,50	3,20	15,09
09/06/2022 10:10:00	12,54	11,92	11,26	10,63	10,02	9,49	9,01	8,57	8,15	7,76	7,38	7,05	6,71	6,39	6,08	5,78	5,49	5,22	4,95	4,69	4,43	15,49
09/06/2022 10:15:00	12,72	12,23	11,66	11,05	10,38	9,77	9,24	8,76	8,26	7,74	7,16	6,66	6,16	5,74	5,31	4,97	4,62	4,32	4,01	3,72	3,43	15,47
09/06/2022 10:20:00	12,67	12,24	11,60	10,96	10,34	9,70	9,12	8,60	8,12	7,70	7,37	7,06	6,75	6,44	6,13	5,81	5,50	5,22	4,94	4,68	4,43	14,79
09/06/2022 10:25:00	12,85	12,35	11,81	11,22	10,58	9,97	9,44	8,97	8,49	7,99	7,46	6,99	6,52	6,12	5,72	5,38	5,04	4,73	4,43	4,15	3,86	15,04
09/06/2022 10:30:00	12,73	12,39	11,83	11,21	10,56	9,89	9,26	8,67	8,20	7,76	7,34	6,96	6,57	6,22	5,86	5,53	5,19	4,91	4,62	4,36	4,09	15,33
09/06/2022 10:35:00	12,75	12,30	11,60	10,94	10,37	9,70	9,10	8,59	8,10	7,66	7,38	7,10	6,82	6,52	6,23	5,91	5,59	5,31	5,03	4,77	4,51	15,12
09/06/2022 10:40:00	12,86	12,43	11,77	11,05	10,31	9,65	9,08	8,58	8,16	7,77	7,38	7,05	6,72	6,42	6,12	5,84	5,55	5,30	5,06	4,83	4,60	14,80
09/06/2022 10:45:00	12,98	12,33	11,69	11,08	10,51	9,99	9,47	8,95	8,55	8,17	7,76	7,39	7,02	6,68	6,35	6,03	5,72	5,43	5,14	4,87	4,59	15,45
09/06/2022 10:50:00	13,12	12,59	11,99	11,37	10,73	10,17	9,64	9,14	8,64	8,15	7,69	7,28	6,86	6,49	6,11	5,77	5,43	5,12	4,81	4,52	4,22	14,97
09/06/2022 10:55:00	13,02	12,71	12,10	11,46	10,81	10,29	9,76	9,21	8,78	8,36	7,88	7,46	7,04	6,68	6,31	5,99	5,66	5,37	5,08	4,80	4,51	15,48
09/06/2022 11:00:00	12,93	12,56	11,98	11,31	10,56	9,98	9,45	8,96	8,56	8,17	7,76	7,40	7,05	6,74	6,42	6,13	5,84	5,59	5,33	5,09	4,86	15,97
09/06/2022 11:05:00	13,14	12,87	12,30	11,68	11,06	10,33	9,71	9,19	8,74	8,31	7,91	7,55	7,19	6,86	6,52	6,20	5,88	5,60	5,32	5,06	4,80	15,91
09/06/2022 11:10:00	13,20	12,67	12,06	11,44	10,84	10,27	9,75	9,28	8,89	8,53	8,19	7,88	7,57	7,28	6,98	6,69	6,39	6,12	5,85	5,60	5,34	16,01
09/06/2022 11:15:00	13,42	13,13	12,52	11,81	11,00	10,23	9,56	9,00	8,37	7,80	7,46	7,13	6,80	6,47	6,13	5,78	5,44	5,14	4,85	4,58	4,32	16,70
09/06/2022 11:20:00	13,60	13,30	12,54	11,75	11,03	10,46	9,87	9,25	8,74	8,30	7,99	7,71	7,42	7,12	6,82	6,51	6,19	5,91	5,62	5,36	5,09	16,61
09/06/2022 11:25:00	13,60	12,96	12,16	11,42	10,82	10,25	9,74	9,30	8,83	8,39	7,99	7,63	7,28	6,95	6,62	6,31	6,00	5,71	5,42	5,13	4,85	16,41
09/06/2022 11:30:00	13,54	13,29	12,62	11,86	11,08	10,42	9,81	9,24	8,69	8,20	7,86	7,54	7,22	6,91	6,59	6,27	5,94	5,66	5,37	5,11	4,84	15,75
09/06/2022 11:35:00	13,96	13,71	13,09	12,32	11,42	10,69	10,01	9,35	8,77	8,25	7,84	7,47	7,10	6,75	6,40	6,05	5,71	5,42	5,14	4,88	4,62	17,03
09/06/2022 11:40:00	13,88	13,58	13,04	12,43	11,80	11,14	10,44	9,70	9,23	8,84	8,49	8,14	7,79	7,45	7,11	6,75	6,40	6,09	5,78	5,50	5,22	16,97
09/06/2022 11:45:00	14,02	13,50	12,97	12,37	11,69	11,05	10,44	9,85	9,27	8,73	8,40	8,05	7,69	7,34	6,98	6,61	6,24	5,91	5,59	5,28	4,97	16,14
09/06/2022 11:50:00	14,03	13,55	12,91	12,20	11,47	10,86	10,29	9,75	9,23	8,75	8,43	8,12	7,81	7,50	7,18	6,86	6,53	6,23	5,94	5,66	5,38	16,01
09/06/2022 11:55:00	14,21	13,68	13,16	12,58	11,94	11,31	10,73	10,19	9,69	9,22	8,82	8,44	8,06	7,70	7,34	6,98	6,63	6,31	6,00	5,70	5,40	17,31
09/06/2022 12:00:00	14,31	13,77	13,19	12,57	11,86	11,25	10,64	10,01	9,54	9,13	8,73	8,35	7,98	7,63	7,28	6,94	6,60	6,29	5,99	5,70	5,42	17,16
09/06/2022 12:05:00	14,46	13,60	12,91	12,23	11,55	10,91	10,33	9,81	9,41	9,06	8,65	8,28	7,92	7,60	7,27	6,97	6,67	6,39	6,12	5,85	5,59	16,72
09/06/2022 12:10:00	14,49	13,82	13,24	12,65	12,01	11,43	10,89	10,37	9,91	9,46	9,01	8,60	8,18	7,81	7,44	7,09	6,75	6,43	6,11	5,80	5,49	16,64
09/06/2022 12:15:00	14,72	14,12	13,51	12,83	12,06	11,40	10,82	10,31	9,81	9,33	8,96	8,63	8,29	7,97	7,64	7,32	6,99	6,69	6,40	6,12	5,84	16,97
09/06/2022 12:20:00	14,64	14,42	13,74	13,03	12,35	11,78	11,21	10,58	9,96	9,36	8,85	8,39	7,92	7,49	7,07	6,67	6,28	5,92	5,55	5,21	4,86	16,70
09/06/2022 12:25:00	14,88	14,35	13,77	13,13	12,43	11,80	11,22	10,68	10,20	9,73	9,22	8,77	8,31	7,92	7,52	7,17	6,82	6,50	6,18	5,87	5,56	16,80
09/06/2022 12:30:00	14,93	14,24	13,54	12,80	12,03	11,27	10,62	10,09	9,61	9,16	8,80	8,48	8,15	7,84	7,53	7,21	6,90	6,61	6,33	6,07	5,81	18,01
09/06/2022 12:35:00	14,69	14,45	13,93	13,28	12,48	11,70	11,00	10,37	9,80	9,29	8,91	8,56	8,20	7,85	7,50	7,14	6,79	6,48	6,17	5,89	5,61	16,96
09/06/2022 12:40:00	15,14	14,62	13,88	13,18	12,56	11,75	11,06	10,56	10,07	9,59	9,17	8,78	8,40	8,04	7,69	7,35	7,01	6,70	6,39	6,10	5,81	16,89
09/06/2022 12:45:00	15,31	14,93	14,13	13,35	12,69	12,01	11,37	10,79	10,23	9,70	9,19	8,73	8,28	7,87	7,47	7,10	6,74	6,40	6,06	5,73	5,40	17,91
09/06/2022 12:50:00	15,26	14,70	13,98	13,22	12,45	11,79	11,19	10,64	10,17	9,74	9,33	8,96	8,60	8,27	7,94	7,62	7,30	7,01	6,72	6,44	6,16	17,01
09/06/2022 12:55:00	15,42	14,58	13,96	13,34	12,68	12,14	11,67	11,25	10,82	10,38	9,88	9,44	9,00	8,62	8,25	7,91	7,58	7,26	6,94	6,62	6,30	17,56
09/06/2022 13:00:00	15,46	14,86	14,21	13,55	12,95	12,28	11,67	11,17	10,64	10,12	9,75	9,38	9,02	8,67	8,31	7,95	7,60	7,26	6,93	6,61	6,29	17,84
09/06/2022 13:05:00	15,53	14,90	14,25	13,55	12,80	12,13	11,48	10,82	10,33	9,93	9,56	9,22	8,88	8,55	8,22	7,88	7,54	7,24	6,94	6,65	6,36	17,19
09/06/2022 13:10:00	15,52	14,99	14,40	13,77	13,13	12,39	11,74	11,24	10,73	10,21	9,77	9,36	8,95	8,57	8,19	7,83	7,47	7,14	6,81	6,49	6,18	17,21
09/06/2022 13:15:00	15,58	15,07	14,59	14,05	13,39	12,79	12,22	11,67	11,14	10,61	10,12	9,65	9,19	8,77	8,36	7,97	7,58	7,22	6,87	6,52	6,17	17,81
09/06/2022 13:20:00	15,79	15,23	14,55	13,83	13,10	12,43	11,83	11,29	10,80	10,34	9,86	9,45	9,03	8,66	8,29	7,95	7,61	7,29	6,98	6,67	6,37	17,51
09/06/2022 13:25:00	16,04	15,30	14,67	13,97	13,17	12,48	11,87	11,35	10,86	10,40	9,94	9,54	9,13	8,77	8,41	8,07	7,74	7,43	7,12	6,82	6,52	17,74
09/06/2022 13:30:00	15,77	15,11	14,49	13,85	13,21	12,60	12,01	11,46	11,03	10,63	10,11	9,66	9,20	8,81	8,42	8,07	7,73	7,40	7,07	6,75	6,43	17,86
09/06/2022 13:35:00	15,93	15,51	14,87	14,19	13,50	12,85	12,23	11,63	11,18	10,78	10,32	9,91	9,51	9,14	8,78	8,44	8,10	7,78	7,46	7,15	6,84	18,23
09/06/2022 13:40:00	16,23	15,60	14,96	14,27	13,51	12,91	12,30	11,58	11,02	10,53	10,12	9,73	9,34	8,96	8,58	8,20	7,83	7,48	7,13	6,80	6,47	17,96
09/06/2022 13:45:00	16,14	15,84	15,18	14,49	13,79	13,07	12,45	11,97	11,53	11,11	10,63	10,22	9,80	9,44	9,09	8,76	8,43	8,12	7,81	7,51	7,20	18,21
09/06/2022 13:50:00	16,13	15,69	15,13	14,54	13,95	13,21	12,48	11,81	11,26	10,77	10,36	9,95	9,55	9,16	8,77	8,37	7,98	7,62	7,27	6,93	6,60	18,40
09/06/2022 13:55:00	16,27	15,81	15,21	14,61	14,06	13,33	12,60	11,95	11,38	10,83	10,37	9,92	9,47	9,04	8,62	8,21	7,79	7,42	7,04	6,68	6,32	18,70
09/06/2022 14:00:00	16,38	16,11	15,64	15,06	14,32	13,62	12,97	12,39	11,94	11,54	10,89	10,34	9,80	9,35	8,90	8,54	8,17	7,83	7,49	7,16	6,84	19,06
09/06/2022 14:05:00	16,48	16,06	15,42	14,74	14,06	13,29	12,57	11,92	11,33	10,77	10,32	9,90	9,48	9,08	8,68	8,28	7,89	7,53	7,17	6,83	6,49	18,36
09/06/2022 14:10:00	16,74	16,41	15,83	15,20	14,58	13,92	13,28	12,65	12,09	11,55	10,87	10,28	9,68	9,17	8,67	8,25	7,83	7,43	7,04	6,65	6,26	18,76
09/06/2022 14:15:00	16,75	16,32	15,73	15,04	14,25	13,48	12,78	12,16	11,64	11,17	10,57	10,05	9,54	9,10	8,66	8,29	7,92	7,58	7,24	6,92	6,59	18,16
09/06/2022 14:20:00	16,96	16,37	15,81	15,22	14,55	13,82	13,11	12,45	11,89	11,35	10,75	10,19	9,64	9,16	8,68	8,26	7,84	7,46	7,07	6,70	6,33	19,01
09/06/2022 14:25:00	16,84	16,36	15,77	15,11	14,39	13,82	13,29	12,75	12,19	11,62	11,12	10,67	10,22	9,80	9,39	9,00	8,62	8,25	7,87	7,50	7,14	18,77
09/06/2022 14:30:00	17,01	16,74	16,17	15,48	14,65	13,86	13,12	12,41	11,78	11,17	10,64	10,15	9,66	9,22	8,78	8,37	7,95	7,58	7,21	6,86	6,51	19,17
09/06/2022 14:35:00	17,24	16,63	16,07	15,45	14,73	14,06	13,40	12,69	12,10	11,54	10,97	10,43	9,90	9,43	8,95	8,53	8,11	7,72	7,32	6,95	6,57	20,52
09/06/2022 14:40:00	17,20	16,59	15,96	15,32	14,66	14,06	13,50	12,96	12,43	11,91	11,50	11,11	10,71	10,34	9,97	9,59	9,22	8,85	8,49	8,13	7,77	19,05
09/06/2022 14:45:00	17,24	16,73	16,14	15,51	14,81	14,11	13,43	12,76	12,16	11,59	11,08	10,60	10,11	9,67	9,23	8,81	8,39	8,01	7,62	7,24	6,87	19,66
09/06/2022 14:50:00	17,41	17,01	16,43	15,69	14,78	14,05	13,40	12,79	12,18	11,57	11,08	10,64	10,20	9,79	9,39	9,01	8,62	8,27	7,91	7,57	7,23	20,17
09/06/2022 14:55:00	17,47	16,95	16,27	15,56	14,87	14,13	13,47	12,94	12,41	11,89	11,44	11,02	10,61	10,23	9,85	9,48	9,11	8,76	8,41	8,06	7,72	19,50
09/06/2022 15:00:00	17,32	16,87	16,28	15,65	14,95	14,35	13,76	13,10	12,46	11,83	11,26	10,73	10,20	9,72	9,25	8,81	8,37	7,96	7,55	7,14	6,73	19,49
09/06/2022 15:05:00	17,25	16,89	16,38	15,80	15,11	14,55	14,00	13,40	12,83	12,26	11,63	11,06	10,50	10,01	9,52	9,10	8,67	8,27	7,86	7,45	7,05	18,74
09/06/2022 15:10:00	17,59	16,88	16,21	15,56	14,91	14,29	13,69	13,12	12,59	12,08	11,52	11,01	10,50	10,05	9,61	9,21	8,81	8,43	8,05	7,66	7,28	19,40
09/06/2022 15:15:00	17,61	17,12	16,45	15,75	15,07	14,38	13,74	13,16	12,58	11,98	11,50	11,05	10,59	10,18	9,76	9,36	8,96	8,58	8,20	7,82	7,45	19,38
09/06/2022 15:20:00	17,60	16,99	16,35	15,70	15,00	14,38	13,78	13,19	12,61	12,02	11,50	11,02	10,54	10,10	9,66	9,25	8,85	8,45	8,06	7,67	7,28	19,65
09/06/2022 15:25:00	17,82	17,22	16,37	15,54	14,84	14,14	13,46	12,80	12,24	11,75	11,33	10,95	10,56	10,19	9,83	9,45	9,08	8,73	8,37	8,02	7,67	19,96
09/06/2022 15:30:00	17,93	17,56	16,80	16,01	15,27	14,56	13,90	13,29	12,62	11,90	11,48	11,08	10,67	10,27	9,87	9,45	9,04	8,64	8,25	7,86	7,48	21,06
09/06/2022 15:35:00	17,92	17,26	16,64	16,01	15,35	14,79	14,23	13,60	13,00	12,42	11,86	11,35	10,83	10,37	9,90	9,47	9,05	8,63	8,22	7,81	7,39	19,61
09/06/2022 15:40:00	17,94	17,51	16,92	16,27	15,57	14,95	14,36	13,77	13,29	12,88	12,35	11,88	11,42	11,01	10,60	10,23	9,86	9,50	9,14	8,78	8,42	20,10
09/06/2022 15:45:00	18,20	17,58	16,86	16,06	15,23	14,51	13,85	13,22	12,70	12,23	11,79	11,40	11,01	10,65	10,29	9,94	9,58	9,25	8,91	8,58	8,25	20,33
09/06/2022 15:50:00	17,85	17,28	16,67	16,05	15,44	14,81	14,23	13,71	13,14	12,53	12,09	11,67	11,24	10,84	10,43	10,03	9,62	9,22	8,82	8,43	8,03	19,79
09/06/2022 15:55:00	18,17	17,68	17,06	16,45	15,85	15,18	14,51	13,85	13,22	12,58	12,07	11,58	11,09	10,62	10,16	9,71	9,27	8,84	8,42	8,00	7,58	20,43
09/06/2022 16:00:00	18,49	17,87	17,15	16,42	15,72	14,93	14,18	13,58	13,00	12,45	12,12	11,78	11,45	11,11	10,77	10,39	10,01	9,65	9,29	8,94	8,59	20,82
09/06/2022 16:05:00	18,58	18,03	17,50	16,87	16,05	15,24	14,51	13,93	13,37	12,84	12,21	11,66	11,11	10,64	10,17	9,77	9,36	8,98	8,61	8,24	7,87	20,60
09/06/2022 16:10:00	18,43	17,90	17,23	16,54	15,85	15,16	14,50	13,90	13,33	12,77	12,29	11,84	11,39	10,98	10,56	10,16	9,75	9,37	8,98	8,59	8,21	21,04
09/06/2022 16:15:00	18,43	18,07	17,45	16,82	16,25	15,65	15,04	14,42	13,80	13,18	12,55	11,97	11,38	10,87	10,36	9,91	9,45	9,01	8,56	8,11	7,67	20,85
09/06/2022 16:20:00	18,43	17,89	17,29	16,66	16,00	15,40	14,85	14,33	13,77	13,20	12,69	12,22	11,75	11,32	10,89	10,48	10,08	9,67	9,27	8,86	8,46	20,01
09/06/2022 16:25:00	18,70	18,13	17,47	16,80	16,15	15,50	14,88	14,30	13,78	13,30	12,83	12,41	11,98	11,59	11,19	10,81	10,42	10,04	9,66	9,28	8,90	20,33
09/06/2022 16:30:00	18,75	18,13	17,55	16,92	16,19	15,46	14,76	14,14	13,60	13,12	12,64	12,20	11,76	11,35	10,95	10,55	10,16	9,79	9,41	9,05	8,68	20,74
09/06/2022 16:35:00	18,44	18,05	17,52	16,92	16,20	15,50	14,84	14,23	13,67	13,15	12,66	12,20	11,75	11,33	10,91	10,51	10,10	9,72	9,33	8,95	8,58	20,47
09/06/2022 16:40:00	18,72	18,30	17,73	17,11	16,48	15,80	15,14	14,56	13,95	13,33	12,83	12,36	11,89	11,45	11,01	10,58	10,15	9,73	9,31	8,90	8,48	20,87
09/06/2022 16:45:00	18,94	18,48	17,90	17,28	16,64	15,95	15,28	14,66	14,06	13,45	12,86	12,31	11,76	11,28	10,79	10,35	9,90	9,48	9,05	8,62	8,20	20,71
09/06/2022 16:50:00	18,88	18,37	17,77	17,14	16,49	15,82	15,21	14,70	14,13	13,50	13,05	12,62	12,20	11,79	11,38	10,97	10,56	10,15	9,75	9,34	8,94	20,99
09/06/2022 16:55:00	19,02	18,61	18,13	17,59	16,95	16,27	15,64	15,12	14,53	13,88	13,31	12,77	12,24	11,76	11,29	10,84	10,40	9,96	9,53	9,09	8,66	21,10
09/06/2022 17:00:00	19,10	18,44	17,84	17,28	16,77	16,13	15,50	14,94	14,36	13,74	13,20	12,68	12,16	11,69	11,22	10,77	10,32	9,87	9,43	8,98	8,54	21,22
09/06/2022 17:05:00	19,01	18,59	18,07	17,49	16,81	16,14	15,50	14,92	14,30	13,66	13,18	12,73	12,28	11,84	11,41	10,97	10,54	10,12	9,69	9,28	8,86	21,34
09/06/2022 17:10:00	19,06	18,39	17,80	17,26	16,80	16,18	15,53	14,92	14,35	13,79	13,20	12,63	12,06	11,56	11,06	10,60	10,15	9,70	9,25	8,80	8,34	21,07
09/06/2022 17:15:00	19,12	18,61	18,01	17,38	16,73	15,99	15,27	14,61	14,03	13,52	13,02	12,56	12,10	11,67	11,24	10,83	10,41	10,01	9,61	9,22	8,82	21,18
09/06/2022 17:20:00	19,02	18,60	18,05	17,46	16,78	16,19	15,60	14,96	14,37	13,81	13,31	12,84	12,37	11,93	11,49	11,06	10,63	10,21	9,79	9,37	8,96	21,05
09/06/2022 17:25:00	19,24	18,84	18,36	17,76	16,97	16,21	15,50	14,85	14,21	13,56	13,00	12,48	11,97	11,50	11,03	10,58	10,14	9,72	9,30	8,90	8,49	21,66
09/06/2022 17:30:00	19,26	18,69	18,11	17,50	16,84	16,25	15,67	15,06	14,50	13,96	13,43	12,94	12,45	12,01	11,56	11,14	10,72	10,30	9,88	9,46	9,04	21,57
09/06/2022 17:35:00	19,16	18,75	18,26	17,71	17,05	16,36	15,70	15,11	14,50	13,86	13,31	12,79	12,27	11,80	11,33	10,88	10,43	10,00	9,57	9,14	8,71	21,52
09/06/2022 17:40:00	19,35	18,96	18,29	17,60	16,93	16,26	15,66	15,13	14,56	13,95	13,41	12,93	12,45	12,01	11,57	11,15	10,74	10,32	9,91	9,49	9,07	21,58
09/06/2022 17:45:00	19,37	19,04	18,47	17,83	17,16	16,57	16,00	15,38	14,82	14,30	13,70	13,16	12,62	12,15	11,68	11,25	10,83	10,41	9,98	9,56	9,13	22,38
09/06/2022 17:50:00	19,25	18,80	18,30	17,73	17,01	16,38	15,78	15,17	14,59	14,01	13,41	12,86	12,32	11,83	11,35	10,91	10,48	10,05	9,62	9,19	8,76	21,35
09/06/2022 17:55:00	19,28	18,85	18,33	17,75	17,01	16,43	15,88	15,25	14,66	14,08	13,51	12,98	12,45	11,97	11,50	11,07	10,63	10,20	9,77	9,34	8,90	21,36
09/06/2022 18:00:00	19,40	18,83	18,25	17,62	16,94	16,34	15,77	15,16	14,58	14,02	13,47	12,95	12,44	11,98	11,52	11,10	10,67	10,24	9,82	9,39	8,96	21,83
09/06/2022 18:05:00	19,22	18,82	18,25	17,65	17,00	16,36	15,73	15,07	14,46	13,87	13,38	12,91	12,44	12,00	11,55	11,12	10,68	10,25	9,82	9,39	8,97	21,91
09/06/2022 18:10:00	19,25	18,93	18,32	17,66	17,00	16,28	15,61	15,07	14,48	13,86	13,34	12,86	12,39	11,96	11,52	11,10	10,67	10,26	9,85	9,43	9,02	21,40
09/06/2022 18:15:00	19,23	18,89	18,31	17,68	17,04	16,36	15,71	15,11	14,57	14,05	13,47	12,94	12,42	11,95	11,49	11,07	10,65	10,24	9,83	9,41	9,00	21,35
09/06/2022 18:20:00	19,18	18,67	18,13	17,57	16,96	16,37	15,77	15,14	14,58	14,07	13,63	13,21	12,79	12,39	11,98	11,56	11,14	10,73	10,32	9,90	9,49	21,09
09/06/2022 18:25:00	19,11	18,54	18,03	17,49	16,87	16,26	15,67	15,14	14,63	14,13	13,61	13,13	12,65	12,22	11,78	11,38	10,97	10,56	10,15	9,74	9,33	21,12
09/06/2022 18:30:00	19,07	18,71	18,10	17,48	16,90	16,30	15,71	15,15	14,61	14,09	13,62	13,18	12,74	12,32	11,91	11,50	11,09	10,68	10,27	9,86	9,45	21,16
09/06/2022 18:35:00	19,06	18,39	17,89	17,36	16,75	16,19	15,67	15,17	14,70	14,25	13,70	13,21	12,71	12,27	11,83	11,43	11,04	10,64	10,23	9,82	9,41	20,92
09/06/2022 18:40:00	18,98	18,54	17,98	17,39	16,81	16,20	15,62	15,11	14,59	14,06	13,58	13,13	12,68	12,26	11,84	11,44	11,03	10,63	10,22	9,81	9,40	20,99
09/06/2022 18:45:00	18,73	18,42	17,91	17,33	16,66	16,04	15,47	14,90	14,34	13,80	13,32	12,88	12,44	12,03	11,62	11,21	10,80	10,39	9,99	9,59	9,18	20,59
09/06/2022 18:50:00	18,71	18,29	17,76	17,23	16,72	16,16	15,60	15,09	14,58	14,07	13,58	13,12	12,66	12,23	11,81	11,40	10,98	10,57	10,16	9,73	9,31	20,42
09/06/2022 18:55:00	18,73	18,33	17,82	17,29	16,76	16,21	15,66	15,11	14,60	14,10	13,60	13,13	12,66	12,23	11,79	11,38	10,96	10,54	10,13	9,70	9,28	20,76
09/06/2022 19:00:00	18,77	18,36	17,75	17,12	16,54	15,96	15,41	14,90	14,40	13,90	13,44	13,02	12,60	12,20	11,81	11,42	11,03	10,63	10,23	9,83	9,43	20,57
09/06/2022 19:05:00	18,63	18,31	17,82	17,27	16,62	16,03	15,48	14,95	14,41	13,87	13,45	13,05	12,65	12,26	11,87	11,47	11,07	10,67	10,28	9,88	9,48	20,46
09/06/2022 19:10:00	18,61	18,32	17,76	17,17	16,63	16,07	15,51	14,94	14,46	14,02	13,56	13,13	12,70	12,30	11,90	11,51	11,11	10,72	10,33	9,93	9,53	20,17
09/06/2022 19:15:00	18,93	18,58	18,05	17,50	17,00	16,41	15,84	15,31	14,79	14,28	13,81	13,37	12,92	12,50	12,09	11,67	11,26	10,85	10,43	10,01	9,59	20,17
09/06/2022 19:20:00	19,20	18,71	18,20	17,67	17,08	16,59	16,11	15,58	15,10	14,66	14,25	13,85	13,46	13,08	12,71	12,32	11,93	11,53	11,13	10,72	10,31	20,18
09/06/2022 19:25:00	19,16	18,73	18,26	17,72	17,10	16,54	16,00	15,47	14,98	14,52	14,05	13,61	13,17	12,77	12,37	11,97	11,58	11,18	10,78	10,38	9,97	20,20
09/06/2022 19:30:00	19,35	19,07	18,54	17,99	17,42	16,86	16,34	15,86	15,36	14,83	14,40	14,00	13,60	13,21	12,82	12,42	12,02	11,61	11,20	10,78	10,36	20,17
09/06/2022 19:35:00	19,43	18,99	18,51	18,00	17,44	16,96	16,48	15,92	15,44	15,03	14,57	14,13	13,70	13,29	12,89	12,49	12,09	11,68	11,27	10,85	10,43	20,42
09/06/2022 19:40:00	19,32	19,03	18,55	18,04	17,52	16,91	16,33	15,86	15,34	14,80	14,44	14,09	13,74	13,37	13,01	12,60	12,20	11,78	11,37	10,96	10,54	20,18
09/06/2022 19:45:00	19,33	18,94	18,45	17,92	17,35	16,79	16,27	15,81	15,33	14,86	14,44	14,05	13,66	13,29	12,92	12,53	12,14	11,74	11,34	10,93	10,52	20,21
09/06/2022 19:50:00	19,28	18,95	18,39	17,81	17,23	16,68	16,16	15,70	15,23	14,77	14,39	14,04	13,68	13,33	12,98	12,61	12,23	11,85	11,46	11,06	10,66	20,18
09/06/2022 19:55:00	19,34	18,86	18,40	17,92	17,40	16,85	16,30	15,75	15,27	14,82	14,41	14,00	13,60	13,21	12,82	12,42	12,01	11,60	11,20	10,78	10,37	20,16
09/06/2022 20:00:00	19,28	18,88	18,35	17,80	17,27	16,77	16,31	15,88	15,45	15,05	14,57	14,13	13,70	13,31	12,92	12,54	12,17	11,77	11,37	10,96	10,55	20,26
09/06/2022 20:05:00	19,20	18,81	18,25	17,68	17,12	16,55	16,02	15,58	15,14	14,72	14,32	13,95	13,58	13,23	12,88	12,51	12,15	11,76	11,38	10,99	10,60	20,05
09/06/2022 20:10:00	19,18	18,76	18,21	17,65	17,11	16,60	16,11	15,64	15,19	14,76	14,34	13,96	13,57	13,20	12,83	12,45	12,08	11,68	11,29	10,89	10,48	19,90
09/06/2022 20:15:00	19,05	18,60	18,08	17,53	16,97	16,47	15,99	15,52	15,09	14,71	14,33	13,98	13,62	13,28	12,93	12,57	12,21	11,83	11,46	11,07	10,68	19,74
09/06/2022 20:20:00	19,32	18,83	18,31	17,79	17,26	16,79	16,35	15,90	15,49	15,13	14,70	14,30	13,90	13,53	13,16	12,80	12,43	12,04	11,65	11,25	10,84	19,79
09/06/2022 20:25:00	19,17	18,78	18,20	17,62	17,10	16,64	16,22	15,80	15,34	14,84	14,58	14,32	14,07	13,77	13,47	13,11	12,74	12,35	11,96	11,56	11,15	19,56
09/06/2022 20:30:00	19,09	18,63	18,14	17,63	17,13	16,66	16,20	15,74	15,34	14,98	14,62	14,28	13,94	13,61	13,27	12,91	12,55	12,16	11,78	11,39	10,99	19,46
09/06/2022 20:35:00	19,40	18,87	18,35	17,85	17,42	16,96	16,53	16,17	15,79	15,42	15,05	14,69	14,34	14,00	13,66	13,30	12,94	12,56	12,17	11,76	11,35	19,31
09/06/2022 20:40:00	19,20	18,88	18,40	17,92	17,49	17,05	16,62	16,22	15,84	15,47	15,11	14,77	14,43	14,10	13,76	13,40	13,04	12,65	12,25	11,85	11,44	19,22
09/06/2022 20:45:00	19,12	18,74	18,35	17,92	17,40	16,98	16,56	16,09	15,68	15,31	14,92	14,54	14,16	13,80	13,44	13,06	12,68	12,29	11,89	11,48	11,07	19,18
09/06/2022 20:50:00	19,04	18,80	18,30	17,81	17,41	16,96	16,52	16,13	15,77	15,44	15,07	14,72	14,37	14,03	13,70	13,34	12,99	12,60	12,22	11,82	11,42	19,07
09/06/2022 20:55:00	18,96	18,67	18,20	17,71	17,24	16,81	16,40	15,95	15,59	15,30	14,99	14,69	14,40	14,09	13,79	13,45	13,10	12,73	12,36	11,98	11,59	19,02
09/06/2022 21:00:00	18,93	18,56	18,14	17,71	17,23	16,81	16,40	16,00	15,60	15,23	14,95	14,67	14,39	14,08	13,78	13,42	13,07	12,69	12,30	11,91	11,51	18,86
09/06/2022 21:05:00	18,77	18,41	18,04	17,63	17,15	16,75	16,37	15,99	15,64	15,31	14,95	14,62	14,28	13,95	13,63	13,28	12,93	12,55	12,17	11,78	11,39	18,72
09/06/2022 21:10:00	18,62	18,30	17,91	17,54	17,22	16,84	16,46	16,12	15,77	15,42	15,09	14,76	14,43	14,09	13,76	13,39	13,03	12,63	12,24	11,82	11,40	18,64
09/06/2022 21:15:00	18,51	18,30	17,90	17,51	17,16	16,72	16,27	15,90	15,56	15,26	14,97	14,68	14,39	14,09	13,78	13,44	13,09	12,72	12,34	11,95	11,57	18,48
09/06/2022 21:20:00	18,37	18,14	17,78	17,40	17,02	16,65	16,31	16,00	15,66	15,32	15,03	14,75	14,47	14,17	13,88	13,53	13,19	12,81	12,44	12,04	11,64	18,35
09/06/2022 21:25:00	18,25	17,96	17,70	17,42	17,07	16,73	16,38	16,04	15,69	15,33	15,04	14,74	14,45	14,13	13,81	13,44	13,08	12,69	12,29	11,88	11,47	18,22
09/06/2022 21:30:00	18,15	17,92	17,70	17,41	16,96	16,62	16,29	15,96	15,65	15,35	14,99	14,65	14,30	13,97	13,64	13,30	12,95	12,58	12,21	11,81	11,42	18,10
09/06/2022 21:35:00	18,00	17,85	17,66	17,40	17,01	16,62	16,25	15,92	15,56	15,18	14,93	14,66	14,40	14,10	13,80	13,44	13,08	12,70	12,32	11,92	11,53	17,96
09/06/2022 21:40:00	17,87	17,76	17,53	17,22	16,78	16,39	16,03	15,71	15,39	15,08	14,84	14,59	14,34	14,07	13,80	13,46	13,13	12,77	12,42	12,05	11,68	17,88
09/06/2022 21:45:00	17,65	17,50	17,22	16,92	16,62	16,25	15,87	15,55	15,25	14,98	14,71	14,44	14,17	13,89	13,60	13,26	12,92	12,55	12,19	11,81	11,43	17,76
09/06/2022 21:50:00	17,47	17,38	17,22	17,02	16,69	16,40	16,08	15,66	15,31	15,00	14,71	14,39	14,08	13,75	13,42	13,05	12,67	12,28	11,89	11,48	11,07	17,68
09/06/2022 21:55:00	17,69	17,48	17,30	17,08	16,75	16,46	16,16	15,85	15,56	15,30	15,02	14,73	14,45	14,15	13,85	13,51	13,17	12,79	12,42	12,03	11,64	17,62
09/06/2022 22:00:00	17,47	17,30	17,09	16,89	16,69	16,44	16,17	15,93	15,65	15,37	15,07	14,76	14,46	14,14	13,83	13,48	13,13	12,74	12,35	11,93	11,52	17,44
09/06/2022 22:05:00	17,41	17,33	17,14	16,91	16,67	16,41	16,13	15,86	15,59	15,34	14,99	14,67	14,34	14,02	13,70	13,35	13,01	12,63	12,25	11,84	11,44	17,32
09/06/2022 22:10:00	17,26	17,29	17,05	16,78	16,55	16,26	15,95	15,65	15,35	15,08	14,88	14,65	14,43	14,16	13,90	13,56	13,23	12,86	12,49	12,10	11,72	17,28
09/06/2022 22:15:00	17,21	17,20	17,06	16,86	16,58	16,35	16,10	15,78	15,49	15,22	14,88	14,55	14,22	13,89	13,56	13,20	12,85	12,46	12,08	11,67	11,26	17,22
09/06/2022 22:20:00	17,08	17,05	16,94	16,79	16,56	16,33	16,11	15,88	15,63	15,36	15,09	14,82	14,55	14,25	13,96	13,62	13,28	12,91	12,53	12,13	11,72	17,15
09/06/2022 22:25:00	16,99	17,10	16,99	16,82	16,57	16,26	15,96	15,70	15,45	15,20	14,86	14,54	14,22	13,90	13,58	13,24	12,90	12,53	12,16	11,77	11,38	17,10
09/06/2022 22:30:00	17,00	17,10	17,02	16,87	16,66	16,40	16,13	15,90	15,59	15,25	14,99	14,71	14,43	14,12	13,81	13,45	13,09	12,70	12,31	11,90	11,49	17,02
09/06/2022 22:35:00	16,93	16,93	16,86	16,75	16,54	16,40	16,23	16,01	15,76	15,50	15,21	14,92	14,63	14,32	14,01	13,67	13,32	12,94	12,55	12,14	11,72	16,92
09/06/2022 22:40:00	16,89	16,89	16,87	16,82	16,69	16,51	16,30	16,08	15,78	15,44	15,18	14,89	14,59	14,27	13,95	13,57	13,20	12,79	12,38	11,94	11,50	16,76
09/06/2022 22:45:00	16,74	16,95	16,84	16,68	16,47	16,32	16,13	15,85	15,57	15,31	15,13	14,92	14,71	14,44	14,18	13,84	13,50	13,13	12,75	12,35	11,95	16,74
09/06/2022 22:50:00	16,65	16,83	16,80	16,71	16,52	16,32	16,12	15,94	15,71	15,47	15,20	14,92	14,65	14,36	14,07	13,74	13,40	13,03	12,66	12,26	11,86	16,52
09/06/2022 22:55:00	16,43	16,60	16,72	16,79	16,70	16,58	16,43	16,28	16,00	15,67	15,38	15,07	14,76	14,42	14,09	13,71	13,33	12,91	12,50	12,05	11,60	16,37
09/06/2022 23:00:00	16,41	16,59	16,61	16,58	16,48	16,36	16,19	15,95	15,67	15,37	15,17	14,92	14,67	14,38	14,09	13,72	13,36	12,96	12,56	12,13	11,71	16,35
09/06/2022 23:05:00	16,39	16,59	16,58	16,55	16,52	16,36	16,16	15,96	15,72	15,48	15,33	15,12	14,92	14,66	14,40	14,05	13,70	13,32	12,94	12,53	12,12	16,39
09/06/2022 23:10:00	16,31	16,60	16,65	16,69	16,74	16,64	16,49	16,32	16,11	15,87	15,53	15,19	14,85	14,51	14,16	13,79	13,42	13,01	12,60	12,15	11,71	16,14
09/06/2022 23:15:00	16,11	16,41	16,47	16,52	16,55	16,51	16,41	16,25	16,02	15,76	15,49	15,20	14,90	14,58	14,26	13,90	13,53	13,12	12,70	12,26	11,81	16,12
09/06/2022 23:20:00	16,09	16,48	16,55	16,58	16,53	16,41	16,24	16,03	15,79	15,55	15,29	15,01	14,73	14,42	14,12	13,76	13,40	13,00	12,60	12,18	11,75	16,05
09/06/2022 23:25:00	16,00	16,29	16,43	16,49	16,41	16,33	16,22	16,06	15,85	15,62	15,38	15,11	14,85	14,56	14,26	13,92	13,57	13,18	12,80	12,38	11,96	15,95
09/06/2022 23:30:00	15,99	16,25	16,35	16,41	16,43	16,37	16,28	16,17	15,97	15,74	15,56	15,35	15,13	14,86	14,60	14,25	13,91	13,53	13,14	12,72	12,30	15,92
09/06/2022 23:35:00	15,80	16,16	16,48	16,69	16,66	16,58	16,46	16,33	16,11	15,86	15,59	15,29	14,99	14,66	14,34	13,97	13,60	13,19	12,79	12,35	11,92	15,71
09/06/2022 23:40:00	15,68	16,14	16,31	16,47	16,61	16,58	16,50	16,38	16,19	15,98	15,75	15,49	15,22	14,92	14,62	14,26	13,90	13,49	13,08	12,63	12,19	15,54
09/06/2022 23:45:00	15,73	16,05	16,27	16,48	16,63	16,69	16,69	16,65	16,46	16,22	15,98	15,71	15,43	15,13	14,82	14,45	14,08	13,66	13,24	12,78	12,31	15,39
09/06/2022 23:50:00	15,32	15,85	16,15	16,40	16,52	16,60	16,56	16,40	16,26	16,11	15,81	15,50	15,19	14,87	14,54	14,18	13,81	13,40	12,99	12,54	12,09	15,38
09/06/2022 23:55:00	15,31	16,11	16,47	16,70	16,75	16,65	16,51	16,35	16,11	15,84	15,60	15,32	15,04	14,72	14,40	14,02	13,64	13,22	12,81	12,37	11,93	15,30
