FileFormat:0002.2 file with temperature of atmosphere
SN105HE102 RTK
local	GMT or Local
0	GMT-Local=[hours]
20	Height[m]
0	0	0	Longitude                [grd]               [min]               [sec]
0	0	0	Latitude                [grd]               [min]               [sec]
N	NS
56,45	Freq[GHz]
0,00	dTemostat[K]
0,150	MessErr[K]
0,248	//[grad/step]
version 14.4.20120406
MTP5HE102F5645K-38.60I70D222917+A1.1
Commentary:
SN105HE102
парабола ДНА = 2,5 град
НЕ102 - ПУ - ХВБ с ЦСД " S "
АЦП - 202 - 09 с контр.U пит.и М
оптопара серии - 2
Т out № 178 пл
БП LPS - 112
End Of Commentary

SYSTEM\summer.dat
data time	0	50	100	150	200	250	300	350	400	450	500	550	600	650	700	750	800	850	900	950	1000	OutsideTemperature
10/09/2022 00:00:00	8,74	9,17	9,52	9,82	10,04	9,96	9,83	9,66	9,34	8,96	8,48	7,99	7,50	7,05	6,59	6,19	5,78	5,40	5,02	4,62	4,22	8,77
10/09/2022 00:05:00	8,68	9,03	9,51	9,84	9,95	10,03	9,97	9,81	9,52	9,11	8,56	8,02	7,48	7,00	6,52	6,12	5,71	5,33	4,94	4,54	4,13	8,80
10/09/2022 00:10:00	8,72	9,21	9,63	9,91	10,02	9,95	9,86	9,74	9,40	9,01	8,55	8,08	7,61	7,18	6,74	6,35	5,96	5,59	5,22	4,84	4,45	8,80
10/09/2022 00:15:00	8,74	9,26	9,68	10,02	10,22	10,32	10,22	10,01	9,76	9,38	8,81	8,26	7,71	7,23	6,74	6,33	5,92	5,52	5,13	4,71	4,30	8,70
10/09/2022 00:20:00	8,64	9,12	9,58	9,86	9,88	9,92	9,81	9,60	9,30	8,95	8,51	8,06	7,60	7,18	6,76	6,37	5,98	5,62	5,25	4,88	4,51	8,65
10/09/2022 00:25:00	8,64	8,95	9,46	9,85	10,05	10,03	9,93	9,77	9,48	9,09	8,59	8,07	7,55	7,07	6,60	6,19	5,77	5,38	4,99	4,58	4,18	8,52
10/09/2022 00:30:00	8,49	9,04	9,53	9,91	10,14	10,12	9,96	9,72	9,40	9,01	8,52	8,00	7,49	7,01	6,53	6,10	5,66	5,26	4,86	4,44	4,03	8,56
10/09/2022 00:35:00	8,44	9,06	9,55	9,96	10,22	10,22	10,08	9,86	9,61	9,21	8,64	8,07	7,50	7,00	6,50	6,08	5,65	5,25	4,85	4,43	4,02	8,48
10/09/2022 00:40:00	8,36	8,77	9,21	9,58	9,84	9,90	9,86	9,73	9,50	9,15	8,65	8,15	7,65	7,20	6,75	6,36	5,96	5,59	5,21	4,81	4,41	8,35
10/09/2022 00:45:00	8,40	8,79	9,19	9,56	9,84	9,92	9,89	9,79	9,54	9,15	8,59	8,04	7,50	7,02	6,54	6,14	5,74	5,36	4,97	4,56	4,15	8,33
10/09/2022 00:50:00	8,31	8,71	9,14	9,52	9,80	9,91	9,90	9,81	9,55	9,24	8,85	8,43	8,01	7,60	7,19	6,81	6,43	6,05	5,67	5,27	4,87	8,33
10/09/2022 00:55:00	8,15	8,74	9,21	9,61	9,90	9,95	9,92	9,80	9,50	9,13	8,68	8,21	7,73	7,29	6,85	6,44	6,03	5,64	5,25	4,85	4,44	8,27
10/09/2022 01:00:00	8,19	8,75	9,19	9,60	9,97	10,03	9,97	9,84	9,54	9,18	8,74	8,27	7,80	7,35	6,90	6,49	6,07	5,67	5,27	4,84	4,42	8,03
10/09/2022 01:05:00	8,08	8,47	9,09	9,55	9,78	9,93	9,89	9,74	9,53	9,21	8,75	8,27	7,78	7,34	6,90	6,50	6,10	5,72	5,34	4,94	4,54	8,20
10/09/2022 01:10:00	8,03	8,43	8,99	9,49	9,87	10,02	10,02	9,92	9,68	9,33	8,87	8,38	7,88	7,42	6,96	6,55	6,14	5,73	5,33	4,91	4,48	7,99
10/09/2022 01:15:00	7,89	8,50	9,16	9,69	10,00	10,16	10,14	10,00	9,72	9,33	8,81	8,27	7,73	7,23	6,74	6,31	5,87	5,46	5,04	4,61	4,18	7,85
10/09/2022 01:20:00	7,88	8,37	9,00	9,54	9,94	10,09	10,07	9,93	9,59	9,20	8,75	8,23	7,72	7,23	6,74	6,29	5,84	5,41	4,98	4,53	4,08	7,88
10/09/2022 01:25:00	7,86	8,61	9,39	9,94	10,20	10,16	10,05	9,87	9,59	9,20	8,67	8,12	7,57	7,07	6,57	6,13	5,69	5,29	4,89	4,48	4,08	7,88
10/09/2022 01:30:00	7,57	8,34	8,97	9,49	9,84	9,91	9,87	9,77	9,61	9,31	8,86	8,39	7,92	7,49	7,06	6,67	6,28	5,91	5,54	5,16	4,77	7,36
10/09/2022 01:35:00	7,41	8,17	8,97	9,60	9,98	10,11	10,11	10,01	9,74	9,39	8,94	8,45	7,95	7,48	7,01	6,58	6,15	5,74	5,33	4,91	4,48	7,17
10/09/2022 01:40:00	7,57	8,12	8,76	9,36	9,83	10,03	10,06	9,98	9,81	9,50	9,04	8,55	8,05	7,60	7,14	6,73	6,32	5,92	5,52	5,09	4,66	6,98
10/09/2022 01:45:00	7,46	8,01	8,58	9,07	9,44	9,57	9,59	9,53	9,30	8,99	8,58	8,14	7,69	7,27	6,85	6,46	6,07	5,69	5,31	4,91	4,51	6,98
10/09/2022 01:50:00	7,42	8,00	8,61	9,11	9,45	9,61	9,63	9,55	9,33	9,01	8,57	8,10	7,63	7,19	6,76	6,37	5,97	5,59	5,21	4,81	4,41	7,56
10/09/2022 01:55:00	7,54	8,05	8,75	9,37	9,82	10,29	10,39	10,27	10,01	9,63	9,12	8,56	8,00	7,49	6,98	6,54	6,09	5,64	5,20	4,72	4,24	7,67
10/09/2022 02:00:00	7,69	8,28	8,87	9,34	9,66	9,76	9,73	9,60	9,41	9,08	8,58	8,07	7,57	7,11	6,66	6,26	5,87	5,49	5,11	4,72	4,32	7,45
10/09/2022 02:05:00	7,53	7,96	8,66	9,25	9,64	9,81	9,80	9,67	9,41	9,07	8,63	8,13	7,63	7,16	6,69	6,25	5,82	5,41	5,00	4,57	4,14	7,73
10/09/2022 02:10:00	7,50	8,08	8,72	9,25	9,61	9,79	9,83	9,78	9,55	9,19	8,67	8,15	7,62	7,15	6,68	6,28	5,87	5,48	5,09	4,67	4,25	7,28
10/09/2022 02:15:00	7,51	7,93	8,44	8,90	9,26	9,49	9,53	9,46	9,35	9,16	8,87	8,53	8,19	7,85	7,50	7,15	6,81	6,46	6,12	5,75	5,38	7,63
10/09/2022 02:20:00	7,43	7,88	8,57	9,20	9,68	9,87	9,90	9,82	9,59	9,29	8,89	8,43	7,98	7,53	7,09	6,67	6,24	5,83	5,42	4,99	4,56	7,18
10/09/2022 02:25:00	7,10	7,60	8,27	8,90	9,42	9,66	9,77	9,78	9,59	9,26	8,77	8,25	7,74	7,28	6,81	6,41	6,00	5,60	5,20	4,77	4,33	7,03
10/09/2022 02:30:00	7,00	7,60	8,23	8,82	9,31	9,55	9,62	9,60	9,44	9,15	8,72	8,25	7,79	7,36	6,93	6,54	6,15	5,77	5,39	4,98	4,57	7,25
10/09/2022 02:35:00	6,93	7,49	8,21	8,81	9,21	9,49	9,55	9,49	9,28	8,97	8,55	8,08	7,61	7,17	6,73	6,33	5,92	5,53	5,14	4,72	4,31	6,98
10/09/2022 02:40:00	6,99	7,62	8,32	8,98	9,53	9,66	9,68	9,62	9,45	9,16	8,73	8,25	7,78	7,33	6,88	6,47	6,06	5,66	5,27	4,85	4,43	6,94
10/09/2022 02:45:00	6,75	7,53	8,25	8,88	9,37	9,60	9,63	9,54	9,39	9,12	8,70	8,24	7,79	7,35	6,92	6,52	6,12	5,73	5,35	4,94	4,53	6,85
10/09/2022 02:50:00	6,60	7,25	7,97	8,63	9,20	9,45	9,53	9,51	9,38	9,11	8,69	8,23	7,77	7,33	6,90	6,51	6,11	5,72	5,34	4,92	4,50	6,94
10/09/2022 02:55:00	6,62	7,28	7,94	8,57	9,11	9,36	9,42	9,37	9,23	8,96	8,54	8,09	7,63	7,21	6,78	6,38	5,99	5,61	5,22	4,81	4,40	6,78
10/09/2022 03:00:00	6,69	7,50	8,27	8,92	9,40	9,70	9,73	9,61	9,39	9,07	8,63	8,14	7,64	7,18	6,71	6,28	5,85	5,43	5,02	4,58	4,14	6,62
10/09/2022 03:05:00	6,70	7,47	8,08	8,66	9,17	9,40	9,47	9,44	9,21	8,95	8,61	8,22	7,82	7,43	7,03	6,63	6,24	5,85	5,47	5,06	4,65	6,91
10/09/2022 03:10:00	6,83	7,56	8,42	9,10	9,52	9,66	9,67	9,59	9,30	8,97	8,56	8,08	7,61	7,15	6,69	6,25	5,82	5,41	5,00	4,57	4,15	7,32
10/09/2022 03:15:00	7,04	7,80	8,79	9,60	10,15	10,39	10,46	10,40	10,16	9,79	9,26	8,69	8,11	7,59	7,06	6,60	6,14	5,69	5,25	4,78	4,31	7,22
10/09/2022 03:20:00	7,15	7,89	8,72	9,43	9,95	10,15	10,18	10,11	9,92	9,60	9,11	8,59	8,07	7,59	7,10	6,67	6,24	5,82	5,41	4,97	4,53	7,08
10/09/2022 03:25:00	6,97	7,57	8,27	8,98	9,62	9,93	10,06	10,07	9,87	9,56	9,14	8,65	8,17	7,72	7,26	6,84	6,42	6,00	5,58	5,12	4,66	6,98
10/09/2022 03:30:00	6,92	7,83	8,66	9,34	9,80	10,03	10,06	9,97	9,78	9,46	9,00	8,50	8,00	7,53	7,07	6,64	6,22	5,81	5,41	4,98	4,55	6,86
10/09/2022 03:35:00	6,88	7,70	8,55	9,28	9,81	9,95	9,99	9,94	9,77	9,45	8,96	8,43	7,91	7,43	6,95	6,53	6,11	5,70	5,30	4,88	4,45	7,02
10/09/2022 03:40:00	7,11	7,71	8,61	9,34	9,83	10,02	10,13	10,16	9,92	9,60	9,18	8,70	8,23	7,78	7,32	6,90	6,48	6,07	5,66	5,23	4,79	7,15
10/09/2022 03:45:00	7,12	7,73	8,60	9,40	10,03	10,26	10,32	10,27	10,14	9,84	9,34	8,80	8,26	7,77	7,28	6,85	6,41	5,99	5,57	5,11	4,66	7,05
10/09/2022 03:50:00	7,07	7,74	8,57	9,30	9,85	10,17	10,27	10,23	10,05	9,77	9,35	8,88	8,41	7,96	7,51	7,09	6,66	6,25	5,84	5,39	4,95	7,08
10/09/2022 03:55:00	7,19	7,98	8,95	9,78	10,39	10,58	10,63	10,58	10,36	10,00	9,49	8,92	8,35	7,83	7,31	6,84	6,38	5,93	5,49	5,02	4,55	7,15
10/09/2022 04:00:00	7,22	8,11	9,13	9,95	10,47	10,68	10,69	10,57	10,38	10,04	9,52	8,95	8,38	7,86	7,34	6,88	6,42	5,98	5,54	5,09	4,63	7,12
10/09/2022 04:05:00	7,23	7,99	8,91	9,66	10,16	10,33	10,38	10,33	10,12	9,79	9,32	8,81	8,29	7,81	7,33	6,89	6,46	6,04	5,62	5,18	4,74	7,22
10/09/2022 04:10:00	7,30	8,03	8,87	9,54	9,95	10,20	10,29	10,27	10,01	9,68	9,23	8,74	8,25	7,79	7,33	6,91	6,48	6,07	5,66	5,23	4,79	7,18
10/09/2022 04:15:00	7,35	8,01	8,84	9,51	9,94	10,20	10,25	10,19	10,05	9,76	9,31	8,83	8,35	7,90	7,45	7,05	6,64	6,25	5,85	5,43	5,01	7,39
10/09/2022 04:20:00	7,35	7,88	8,71	9,40	9,85	10,09	10,20	10,21	10,00	9,69	9,26	8,79	8,32	7,88	7,43	7,02	6,61	6,20	5,80	5,37	4,94	7,28
10/09/2022 04:25:00	7,25	7,90	8,62	9,27	9,79	10,09	10,18	10,17	10,12	9,85	9,33	8,82	8,30	7,85	7,40	7,02	6,64	6,26	5,87	5,46	5,05	7,31
10/09/2022 04:30:00	7,25	7,85	8,55	9,11	9,49	9,78	9,84	9,78	9,66	9,41	9,01	8,58	8,15	7,75	7,34	6,97	6,60	6,23	5,86	5,47	5,07	7,23
10/09/2022 04:35:00	7,15	7,71	8,36	8,96	9,45	9,72	9,89	10,00	9,83	9,57	9,19	8,78	8,38	7,99	7,60	7,23	6,87	6,50	6,13	5,73	5,33	7,18
10/09/2022 04:40:00	7,13	7,85	8,58	9,25	9,78	10,03	10,12	10,10	9,96	9,69	9,26	8,80	8,34	7,91	7,48	7,08	6,68	6,29	5,90	5,47	5,05	6,76
10/09/2022 04:45:00	7,18	7,68	8,39	9,00	9,45	9,70	9,89	10,02	9,83	9,53	9,12	8,69	8,25	7,84	7,43	7,06	6,69	6,32	5,95	5,54	5,13	6,82
10/09/2022 04:50:00	7,07	7,83	8,60	9,27	9,78	9,91	9,97	9,97	9,81	9,54	9,15	8,72	8,28	7,87	7,45	7,05	6,66	6,28	5,89	5,49	5,08	6,80
10/09/2022 04:55:00	7,20	7,80	8,53	9,16	9,61	9,89	9,99	9,99	9,83	9,59	9,25	8,85	8,46	8,07	7,68	7,30	6,92	6,54	6,16	5,75	5,35	6,64
10/09/2022 05:00:00	7,12	7,63	8,41	9,08	9,57	9,91	10,13	10,26	10,08	9,80	9,40	8,96	8,52	8,11	7,70	7,32	6,95	6,56	6,18	5,76	5,33	6,97
10/09/2022 05:05:00	7,01	7,79	8,60	9,32	9,87	10,21	10,38	10,43	10,31	10,04	9,61	9,15	8,68	8,25	7,82	7,44	7,05	6,66	6,26	5,83	5,41	6,79
10/09/2022 05:10:00	6,85	7,60	8,42	9,18	9,80	10,05	10,18	10,23	10,14	9,92	9,55	9,13	8,71	8,30	7,89	7,51	7,12	6,74	6,35	5,94	5,52	6,82
10/09/2022 05:15:00	6,96	7,75	8,51	9,20	9,78	10,11	10,27	10,30	10,15	9,90	9,52	9,09	8,67	8,26	7,85	7,45	7,06	6,67	6,27	5,84	5,42	6,63
10/09/2022 05:20:00	6,67	7,44	8,47	9,31	9,86	10,20	10,40	10,50	10,32	10,00	9,52	9,01	8,50	8,03	7,56	7,14	6,73	6,31	5,90	5,46	5,01	6,68
10/09/2022 05:25:00	6,69	7,53	8,49	9,31	9,91	10,17	10,30	10,34	10,24	10,00	9,62	9,18	8,75	8,33	7,90	7,51	7,11	6,72	6,32	5,90	5,48	6,70
10/09/2022 05:30:00	6,95	7,90	8,63	9,29	9,85	10,11	10,21	10,20	10,03	9,79	9,45	9,05	8,65	8,25	7,86	7,46	7,07	6,68	6,29	5,87	5,45	6,87
10/09/2022 05:35:00	6,94	7,36	8,20	8,97	9,60	10,04	10,24	10,29	10,18	9,99	9,70	9,32	8,95	8,56	8,17	7,78	7,39	6,99	6,60	6,16	5,72	6,84
10/09/2022 05:40:00	6,80	7,27	8,13	8,91	9,53	9,90	10,11	10,22	10,15	9,92	9,52	9,07	8,63	8,21	7,79	7,41	7,04	6,65	6,26	5,84	5,41	6,96
10/09/2022 05:45:00	6,79	7,17	7,92	8,57	9,07	9,45	9,65	9,74	9,72	9,59	9,36	9,06	8,76	8,44	8,13	7,80	7,47	7,14	6,80	6,43	6,06	6,82
10/09/2022 05:50:00	6,80	7,41	8,32	9,17	9,89	10,26	10,45	10,52	10,49	10,23	9,73	9,20	8,68	8,21	7,74	7,34	6,94	6,53	6,12	5,67	5,22	6,68
10/09/2022 05:55:00	6,81	7,53	8,53	9,35	9,92	10,26	10,42	10,46	10,31	10,06	9,69	9,26	8,82	8,39	7,96	7,55	7,15	6,74	6,33	5,90	5,46	6,73
10/09/2022 06:00:00	6,83	7,47	8,40	9,24	9,91	10,27	10,41	10,41	10,25	10,00	9,62	9,17	8,72	8,27	7,83	7,40	6,97	6,54	6,11	5,65	5,19	6,73
10/09/2022 06:05:00	6,74	7,40	8,31	9,11	9,72	10,11	10,32	10,41	10,31	10,09	9,73	9,32	8,90	8,50	8,09	7,70	7,32	6,93	6,53	6,10	5,68	6,77
10/09/2022 06:10:00	6,86	7,64	8,74	9,67	10,33	10,61	10,76	10,83	10,68	10,38	9,92	9,40	8,88	8,39	7,91	7,47	7,04	6,61	6,18	5,72	5,26	6,85
10/09/2022 06:15:00	6,80	7,54	8,59	9,47	10,07	10,52	10,74	10,82	10,72	10,45	9,99	9,50	9,00	8,54	8,09	7,68	7,27	6,85	6,44	5,99	5,53	6,83
10/09/2022 06:20:00	6,89	7,55	8,45	9,26	9,88	10,24	10,42	10,48	10,40	10,18	9,78	9,34	8,90	8,48	8,05	7,66	7,27	6,88	6,48	6,05	5,62	6,80
10/09/2022 06:25:00	6,91	7,56	8,59	9,49	10,16	10,57	10,72	10,71	10,56	10,29	9,90	9,43	8,95	8,49	8,02	7,58	7,14	6,70	6,26	5,78	5,31	6,89
10/09/2022 06:30:00	6,89	7,42	8,32	9,16	9,87	10,29	10,51	10,59	10,44	10,23	9,93	9,54	9,15	8,75	8,34	7,93	7,53	7,11	6,69	6,24	5,78	6,90
10/09/2022 06:35:00	6,90	7,55	8,38	9,11	9,69	10,08	10,27	10,34	10,23	10,04	9,75	9,40	9,04	8,67	8,30	7,93	7,55	7,17	6,79	6,37	5,95	6,88
10/09/2022 06:40:00	6,76	7,40	8,32	9,18	9,90	10,30	10,49	10,55	10,45	10,23	9,85	9,41	8,96	8,53	8,10	7,69	7,28	6,87	6,45	6,00	5,54	6,76
10/09/2022 06:45:00	6,79	7,39	8,22	8,95	9,52	9,80	9,96	10,04	10,01	9,84	9,52	9,15	8,78	8,42	8,06	7,71	7,35	6,99	6,64	6,25	5,86	6,73
10/09/2022 06:50:00	6,61	7,31	8,23	9,03	9,62	10,05	10,28	10,38	10,30	10,11	9,79	9,41	9,03	8,65	8,27	7,90	7,53	7,15	6,77	6,35	5,93	6,44
10/09/2022 06:55:00	6,40	7,15	7,94	8,63	9,14	9,43	9,64	9,77	9,74	9,62	9,39	9,11	8,82	8,52	8,22	7,90	7,58	7,26	6,93	6,58	6,22	6,41
10/09/2022 07:00:00	6,44	7,22	8,12	8,90	9,50	9,76	9,97	10,12	10,05	9,85	9,51	9,12	8,74	8,36	7,99	7,63	7,27	6,91	6,55	6,15	5,76	6,53
10/09/2022 07:05:00	6,54	6,97	7,69	8,42	9,09	9,41	9,67	9,88	9,89	9,79	9,56	9,28	9,00	8,70	8,40	8,09	7,77	7,44	7,10	6,73	6,35	6,83
10/09/2022 07:10:00	6,81	7,17	7,95	8,74	9,45	9,89	10,13	10,24	10,20	10,04	9,74	9,38	9,01	8,64	8,27	7,91	7,54	7,15	6,77	6,34	5,91	6,78
10/09/2022 07:15:00	6,83	7,26	8,01	8,72	9,34	9,66	9,88	10,02	9,99	9,89	9,70	9,43	9,16	8,86	8,56	8,23	7,90	7,55	7,21	6,83	6,44	6,83
10/09/2022 07:20:00	6,83	7,30	8,10	8,86	9,49	10,01	10,25	10,34	10,31	10,15	9,83	9,46	9,09	8,72	8,35	7,99	7,63	7,25	6,88	6,45	6,03	6,77
10/09/2022 07:25:00	6,76	7,40	8,14	8,85	9,45	9,73	9,91	10,02	9,94	9,82	9,67	9,42	9,17	8,87	8,58	8,24	7,89	7,54	7,19	6,81	6,43	6,71
10/09/2022 07:30:00	6,80	7,38	8,04	8,70	9,31	9,51	9,71	9,87	9,80	9,67	9,47	9,20	8,93	8,63	8,34	8,01	7,68	7,35	7,01	6,63	6,26	6,81
10/09/2022 07:35:00	6,82	7,19	7,92	8,59	9,13	9,59	9,86	10,01	9,97	9,84	9,62	9,33	9,04	8,73	8,42	8,10	7,78	7,43	7,09	6,70	6,31	7,16
10/09/2022 07:40:00	6,92	7,18	7,78	8,34	8,79	9,11	9,34	9,50	9,43	9,30	9,10	8,84	8,58	8,30	8,02	7,72	7,41	7,09	6,77	6,41	6,06	7,35
10/09/2022 07:45:00	6,91	7,31	8,01	8,70	9,33	9,60	9,78	9,89	9,84	9,73	9,54	9,27	8,99	8,69	8,38	8,04	7,70	7,35	7,00	6,61	6,22	7,35
10/09/2022 07:50:00	7,10	7,50	7,97	8,45	8,91	9,25	9,42	9,48	9,40	9,30	9,14	8,92	8,70	8,43	8,17	7,86	7,55	7,23	6,90	6,54	6,18	6,98
10/09/2022 07:55:00	7,02	7,30	7,83	8,38	8,91	9,28	9,50	9,64	9,57	9,41	9,16	8,85	8,55	8,23	7,92	7,60	7,28	6,94	6,60	6,22	5,84	7,08
10/09/2022 08:00:00	7,05	7,20	7,62	8,09	8,59	8,96	9,23	9,42	9,42	9,34	9,17	8,96	8,74	8,50	8,25	7,98	7,72	7,42	7,12	6,78	6,44	7,18
10/09/2022 08:05:00	7,09	7,20	7,67	8,20	8,74	8,99	9,23	9,43	9,44	9,36	9,20	8,99	8,78	8,53	8,29	8,01	7,74	7,44	7,14	6,80	6,46	7,15
10/09/2022 08:10:00	7,25	7,26	7,60	7,99	8,39	8,68	8,87	9,00	9,06	9,04	8,94	8,79	8,64	8,45	8,25	8,01	7,78	7,51	7,24	6,94	6,63	7,23
10/09/2022 08:15:00	7,33	7,37	7,58	7,91	8,36	8,63	8,87	9,08	8,98	8,92	8,87	8,75	8,63	8,44	8,26	8,00	7,75	7,46	7,18	6,86	6,53	7,53
10/09/2022 08:20:00	7,37	7,30	7,46	7,77	8,20	8,48	8,63	8,71	8,65	8,62	8,61	8,51	8,41	8,23	8,06	7,80	7,54	7,25	6,97	6,64	6,32	7,60
10/09/2022 08:25:00	7,28	7,21	7,51	7,88	8,29	8,57	8,74	8,84	8,85	8,81	8,74	8,59	8,45	8,25	8,05	7,80	7,54	7,26	6,99	6,67	6,36	7,49
10/09/2022 08:30:00	7,56	7,33	7,45	7,70	8,05	8,14	8,28	8,43	8,47	8,48	8,46	8,38	8,29	8,15	8,01	7,80	7,59	7,36	7,12	6,86	6,59	7,46
10/09/2022 08:35:00	7,56	7,71	8,01	8,33	8,64	8,96	9,17	9,30	9,25	9,09	8,82	8,53	8,25	7,97	7,70	7,43	7,16	6,87	6,57	6,24	5,91	7,60
10/09/2022 08:40:00	7,70	7,57	7,80	8,16	8,62	8,99	9,24	9,40	9,45	9,45	9,39	9,27	9,15	8,97	8,79	8,56	8,32	8,04	7,77	7,44	7,12	7,67
10/09/2022 08:45:00	7,70	7,63	7,90	8,30	8,80	9,11	9,33	9,49	9,53	9,50	9,39	9,22	9,04	8,83	8,62	8,37	8,12	7,83	7,54	7,21	6,88	7,62
10/09/2022 08:50:00	7,81	7,70	8,14	8,68	9,26	9,66	9,88	10,00	10,01	9,93	9,74	9,48	9,22	8,94	8,66	8,35	8,05	7,71	7,38	6,99	6,61	7,85
10/09/2022 08:55:00	8,12	7,87	8,10	8,41	8,78	8,98	9,14	9,27	9,24	9,11	8,90	8,65	8,40	8,14	7,88	7,61	7,34	7,05	6,75	6,42	6,09	8,05
10/09/2022 09:00:00	8,23	7,89	7,95	8,21	8,65	8,76	8,85	8,92	8,95	8,86	8,65	8,41	8,16	7,91	7,66	7,40	7,14	6,86	6,58	6,25	5,93	8,15
10/09/2022 09:05:00	8,07	7,93	7,99	8,19	8,53	8,78	8,97	9,11	9,21	9,19	9,02	8,84	8,67	8,48	8,30	8,09	7,88	7,64	7,39	7,11	6,82	8,17
10/09/2022 09:10:00	8,15	7,83	7,97	8,25	8,63	8,96	9,13	9,21	9,19	9,15	9,07	8,93	8,78	8,58	8,38	8,12	7,87	7,58	7,29	6,96	6,63	8,55
10/09/2022 09:15:00	8,21	7,97	8,27	8,61	8,92	9,25	9,42	9,50	9,45	9,39	9,30	9,14	8,98	8,77	8,55	8,28	8,01	7,71	7,42	7,08	6,75	8,43
10/09/2022 09:20:00	8,54	8,21	8,38	8,69	9,11	9,52	9,74	9,84	9,83	9,79	9,68	9,52	9,35	9,14	8,92	8,66	8,39	8,09	7,78	7,43	7,08	8,72
10/09/2022 09:25:00	8,72	8,27	8,39	8,68	9,12	9,54	9,81	9,98	10,06	10,07	10,01	9,90	9,79	9,62	9,45	9,22	9,00	8,72	8,44	8,10	7,77	9,00
10/09/2022 09:30:00	8,92	8,53	8,52	8,60	8,74	8,87	8,98	9,08	9,12	9,11	9,04	8,94	8,84	8,69	8,55	8,36	8,16	7,93	7,71	7,45	7,19	9,05
10/09/2022 09:35:00	8,85	8,57	8,53	8,64	8,88	9,06	9,18	9,26	9,25	9,19	9,08	8,93	8,78	8,60	8,42	8,19	7,96	7,70	7,44	7,14	6,85	8,94
10/09/2022 09:40:00	8,87	8,51	8,55	8,75	9,08	9,51	9,72	9,80	9,83	9,80	9,69	9,55	9,40	9,21	9,01	8,78	8,54	8,25	7,97	7,63	7,30	8,86
10/09/2022 09:45:00	8,89	8,68	8,82	9,06	9,37	9,58	9,74	9,86	9,75	9,64	9,52	9,35	9,17	8,95	8,73	8,46	8,19	7,89	7,59	7,25	6,91	8,92
10/09/2022 09:50:00	8,98	8,67	8,71	8,85	9,09	9,40	9,51	9,51	9,43	9,25	8,94	8,62	8,30	7,99	7,69	7,40	7,11	6,80	6,48	6,13	5,77	8,94
10/09/2022 09:55:00	9,00	8,60	8,50	8,62	8,96	9,25	9,42	9,52	9,53	9,50	9,40	9,26	9,13	8,95	8,77	8,54	8,31	8,04	7,77	7,45	7,13	9,01
10/09/2022 10:00:00	9,10	8,69	8,68	8,88	9,28	9,54	9,74	9,91	9,86	9,78	9,69	9,54	9,38	9,19	8,99	8,74	8,49	8,20	7,90	7,56	7,22	9,05
10/09/2022 10:05:00	9,10	8,73	8,79	9,03	9,44	9,68	9,89	10,07	10,07	10,00	9,86	9,69	9,51	9,30	9,09	8,85	8,60	8,32	8,03	7,69	7,36	9,08
10/09/2022 10:10:00	9,21	8,66	8,90	9,22	9,54	9,93	10,16	10,29	10,33	10,28	10,14	9,94	9,75	9,53	9,31	9,06	8,80	8,51	8,21	7,87	7,52	9,20
10/09/2022 10:15:00	9,24	8,87	8,83	8,98	9,29	9,55	9,71	9,81	9,82	9,78	9,70	9,57	9,44	9,26	9,09	8,86	8,63	8,36	8,08	7,76	7,45	9,23
10/09/2022 10:20:00	9,40	9,02	9,02	9,17	9,46	9,77	9,92	9,97	10,00	9,99	9,90	9,77	9,64	9,46	9,28	9,05	8,82	8,54	8,26	7,94	7,62	9,32
10/09/2022 10:25:00	9,70	9,29	9,44	9,71	10,09	10,35	10,50	10,58	10,51	10,40	10,25	10,04	9,83	9,58	9,33	9,04	8,75	8,42	8,10	7,73	7,36	9,45
10/09/2022 10:30:00	9,82	9,51	9,64	9,82	10,00	10,26	10,40	10,45	10,51	10,49	10,35	10,19	10,03	9,84	9,65	9,42	9,19	8,92	8,66	8,35	8,04	9,73
10/09/2022 10:35:00	9,69	9,38	9,47	9,68	9,98	10,20	10,35	10,46	10,37	10,25	10,12	9,93	9,75	9,52	9,30	9,03	8,75	8,44	8,14	7,78	7,43	9,72
10/09/2022 10:40:00	9,80	9,45	9,47	9,64	9,94	10,08	10,06	9,94	9,86	9,70	9,41	9,09	8,77	8,45	8,13	7,82	7,50	7,17	6,83	6,46	6,09	9,87
10/09/2022 10:45:00	9,73	9,42	9,49	9,63	9,79	9,92	10,00	10,07	9,99	9,87	9,69	9,48	9,27	9,04	8,81	8,55	8,30	8,01	7,72	7,40	7,08	9,85
10/09/2022 10:50:00	9,69	9,36	9,33	9,48	9,80	9,96	10,06	10,11	10,00	9,86	9,71	9,51	9,30	9,06	8,82	8,54	8,26	7,94	7,63	7,28	6,92	9,96
10/09/2022 10:55:00	9,77	9,45	9,33	9,41	9,71	9,77	9,81	9,85	9,81	9,72	9,56	9,36	9,17	8,95	8,74	8,48	8,23	7,95	7,66	7,34	7,02	9,90
10/09/2022 11:00:00	9,79	9,45	9,47	9,64	9,94	10,10	10,18	10,21	10,14	10,08	10,03	9,90	9,78	9,59	9,40	9,13	8,86	8,57	8,27	7,93	7,60	10,00
10/09/2022 11:05:00	9,88	9,53	9,57	9,79	10,16	10,38	10,51	10,56	10,45	10,30	10,10	9,86	9,61	9,34	9,07	8,77	8,47	8,13	7,80	7,42	7,04	10,12
10/09/2022 11:10:00	9,98	9,67	9,80	10,00	10,22	10,40	10,49	10,53	10,44	10,30	10,09	9,84	9,59	9,32	9,06	8,78	8,49	8,18	7,86	7,51	7,16	10,35
10/09/2022 11:15:00	10,21	9,90	9,97	10,13	10,35	10,56	10,66	10,68	10,55	10,36	10,11	9,83	9,55	9,26	8,97	8,67	8,37	8,04	7,71	7,34	6,97	10,33
10/09/2022 11:20:00	10,54	10,12	10,19	10,42	10,76	10,97	11,06	11,04	10,99	10,85	10,54	10,22	9,89	9,58	9,26	8,95	8,64	8,30	7,95	7,56	7,17	11,13
10/09/2022 11:25:00	10,78	10,31	10,22	10,30	10,54	10,68	10,76	10,79	10,71	10,57	10,34	10,10	9,85	9,59	9,33	9,05	8,78	8,46	8,15	7,79	7,43	10,86
10/09/2022 11:30:00	10,98	10,37	10,29	10,38	10,63	10,81	10,90	10,92	10,81	10,66	10,47	10,24	10,00	9,74	9,48	9,20	8,91	8,58	8,25	7,88	7,51	10,98
10/09/2022 11:35:00	10,86	10,45	10,35	10,35	10,44	10,45	10,43	10,40	10,31	10,17	9,95	9,71	9,47	9,22	8,98	8,71	8,45	8,16	7,87	7,55	7,23	10,82
10/09/2022 11:40:00	10,65	10,39	10,30	10,33	10,47	10,59	10,64	10,63	10,52	10,36	10,15	9,92	9,69	9,44	9,20	8,92	8,65	8,34	8,04	7,70	7,35	10,78
10/09/2022 11:45:00	10,82	10,55	10,43	10,44	10,58	10,74	10,73	10,59	10,50	10,36	10,12	9,87	9,62	9,35	9,08	8,79	8,50	8,19	7,87	7,52	7,17	10,89
10/09/2022 11:50:00	11,05	10,49	10,24	10,21	10,40	10,46	10,51	10,56	10,45	10,31	10,16	9,97	9,79	9,57	9,36	9,10	8,84	8,55	8,25	7,91	7,58	11,02
10/09/2022 11:55:00	11,26	10,70	10,55	10,52	10,58	10,66	10,69	10,68	10,57	10,39	10,14	9,88	9,61	9,35	9,09	8,82	8,55	8,25	7,94	7,60	7,26	11,27
10/09/2022 12:00:00	11,35	10,92	10,70	10,57	10,52	10,47	10,40	10,33	10,07	9,83	9,70	9,52	9,34	9,11	8,88	8,59	8,31	8,00	7,70	7,37	7,04	11,52
10/09/2022 12:05:00	11,53	11,26	10,94	10,77	10,76	10,76	10,69	10,54	10,31	10,04	9,72	9,41	9,10	8,79	8,48	8,18	7,88	7,55	7,22	6,86	6,51	11,75
10/09/2022 12:10:00	11,93	11,43	11,14	10,94	10,83	10,79	10,67	10,46	10,25	10,03	9,76	9,49	9,22	8,94	8,66	8,37	8,07	7,76	7,45	7,12	6,78	12,12
10/09/2022 12:15:00	12,04	11,54	11,28	11,09	10,98	10,92	10,79	10,59	10,43	10,23	9,93	9,64	9,35	9,07	8,79	8,50	8,22	7,92	7,62	7,29	6,96	12,25
10/09/2022 12:20:00	12,25	11,78	11,53	11,34	11,18	11,04	10,91	10,78	10,58	10,35	10,01	9,70	9,38	9,09	8,80	8,51	8,23	7,93	7,63	7,31	6,98	12,27
10/09/2022 12:25:00	12,55	12,14	11,79	11,49	11,25	11,04	10,83	10,62	10,32	10,03	9,84	9,62	9,41	9,16	8,91	8,62	8,32	8,02	7,72	7,41	7,09	12,75
10/09/2022 12:30:00	12,67	12,28	11,90	11,59	11,36	11,18	10,98	10,75	10,50	10,25	9,98	9,72	9,45	9,18	8,92	8,63	8,34	8,05	7,75	7,43	7,12	13,02
10/09/2022 12:35:00	12,87	12,57	12,16	11,81	11,57	11,28	10,99	10,68	10,33	10,00	9,79	9,56	9,32	9,05	8,78	8,46	8,15	7,83	7,51	7,18	6,86	13,12
10/09/2022 12:40:00	13,29	12,99	12,60	12,27	12,05	11,87	11,65	11,36	11,07	10,76	10,36	10,00	9,63	9,29	8,95	8,63	8,30	7,97	7,63	7,28	6,92	13,68
10/09/2022 12:45:00	13,39	12,90	12,56	12,28	12,05	11,83	11,58	11,27	10,90	10,52	10,22	9,89	9,57	9,24	8,90	8,56	8,21	7,86	7,51	7,14	6,78	13,66
10/09/2022 12:50:00	13,63	13,22	12,94	12,65	12,29	12,01	11,72	11,40	11,05	10,67	10,27	9,88	9,49	9,14	8,78	8,43	8,09	7,75	7,41	7,06	6,71	13,74
10/09/2022 12:55:00	13,89	13,28	12,91	12,60	12,35	12,07	11,74	11,35	11,04	10,70	10,27	9,85	9,43	9,05	8,67	8,32	7,97	7,62	7,27	6,90	6,54	14,60
10/09/2022 13:00:00	14,00	13,58	13,16	12,78	12,47	12,16	11,83	11,46	11,10	10,72	10,30	9,90	9,49	9,12	8,75	8,40	8,05	7,71	7,36	6,99	6,63	13,99
10/09/2022 13:05:00	14,09	13,46	12,96	12,55	12,26	11,94	11,63	11,33	11,04	10,75	10,40	10,08	9,75	9,44	9,13	8,82	8,52	8,20	7,88	7,55	7,22	13,95
10/09/2022 13:10:00	13,93	13,48	13,12	12,82	12,57	12,26	11,95	11,65	11,27	10,85	10,40	9,98	9,55	9,16	8,77	8,40	8,04	7,67	7,31	6,93	6,55	13,94
10/09/2022 13:15:00	13,89	13,43	13,00	12,64	12,35	12,07	11,74	11,35	11,03	10,69	10,24	9,83	9,41	9,03	8,66	8,31	7,97	7,62	7,28	6,92	6,56	13,95
10/09/2022 13:20:00	14,05	13,65	13,19	12,74	12,32	11,86	11,47	11,15	10,80	10,44	10,08	9,74	9,41	9,09	8,77	8,46	8,15	7,84	7,53	7,22	6,91	14,07
10/09/2022 13:25:00	14,03	13,75	13,31	12,92	12,60	12,34	12,05	11,69	11,26	10,82	10,45	10,09	9,72	9,36	9,00	8,64	8,28	7,92	7,55	7,17	6,79	14,37
10/09/2022 13:30:00	14,29	13,99	13,52	13,10	12,78	12,44	12,09	11,73	11,29	10,85	10,43	10,04	9,64	9,26	8,89	8,52	8,16	7,80	7,43	7,06	6,68	14,58
10/09/2022 13:35:00	14,58	14,11	13,68	13,26	12,86	12,43	12,05	11,72	11,34	10,94	10,45	10,01	9,57	9,18	8,79	8,45	8,10	7,76	7,42	7,07	6,71	14,71
10/09/2022 13:40:00	14,88	14,63	14,11	13,58	13,12	12,69	12,26	11,81	11,37	10,91	10,40	9,95	9,49	9,09	8,68	8,32	7,95	7,59	7,24	6,87	6,51	14,91
10/09/2022 13:45:00	15,29	14,92	14,46	13,98	13,51	12,95	12,46	12,10	11,66	11,18	10,60	10,09	9,58	9,14	8,70	8,33	7,96	7,60	7,24	6,88	6,52	15,20
10/09/2022 13:50:00	15,47	14,97	14,58	14,20	13,79	13,33	12,85	12,35	11,84	11,29	10,73	10,18	9,64	9,16	8,68	8,26	7,83	7,42	7,01	6,60	6,19	15,73
10/09/2022 13:55:00	15,46	15,05	14,61	14,16	13,67	13,23	12,78	12,29	11,80	11,30	10,67	10,11	9,54	9,06	8,58	8,17	7,77	7,37	6,98	6,58	6,18	15,52
10/09/2022 14:00:00	15,33	14,94	14,52	14,09	13,65	13,18	12,69	12,19	11,67	11,11	10,55	10,02	9,49	9,01	8,54	8,12	7,70	7,30	6,89	6,49	6,08	15,26
10/09/2022 14:05:00	15,24	14,80	14,35	13,92	13,49	13,10	12,69	12,22	11,73	11,22	10,69	10,19	9,69	9,24	8,79	8,39	7,98	7,59	7,19	6,79	6,39	15,22
10/09/2022 14:10:00	15,44	14,98	14,52	14,08	13,66	13,20	12,76	12,35	11,83	11,28	10,79	10,32	9,85	9,42	8,99	8,58	8,18	7,78	7,39	6,99	6,59	15,61
10/09/2022 14:15:00	15,67	15,37	14,93	14,51	14,09	13,68	13,26	12,81	12,31	11,77	11,18	10,63	10,08	9,60	9,12	8,70	8,29	7,88	7,47	7,05	6,63	15,63
10/09/2022 14:20:00	15,76	15,43	15,05	14,65	14,22	13,74	13,29	12,88	12,30	11,66	11,11	10,58	10,05	9,58	9,10	8,66	8,22	7,80	7,37	6,94	6,52	15,63
10/09/2022 14:25:00	15,64	15,35	14,91	14,49	14,15	13,66	13,17	12,73	12,23	11,68	11,05	10,47	9,89	9,39	8,89	8,47	8,04	7,63	7,21	6,79	6,37	15,59
10/09/2022 14:30:00	15,75	15,35	14,94	14,54	14,16	13,72	13,25	12,77	12,28	11,75	11,17	10,63	10,08	9,60	9,12	8,70	8,28	7,87	7,45	7,04	6,62	15,67
10/09/2022 14:35:00	15,76	15,43	15,04	14,64	14,24	13,74	13,24	12,79	12,27	11,70	11,14	10,60	10,07	9,59	9,11	8,69	8,26	7,85	7,44	7,02	6,61	15,88
10/09/2022 14:40:00	15,84	15,47	15,08	14,69	14,30	13,83	13,35	12,87	12,34	11,77	11,20	10,66	10,12	9,63	9,15	8,71	8,28	7,86	7,44	7,01	6,58	15,91
10/09/2022 14:45:00	15,97	15,63	15,19	14,75	14,33	13,85	13,38	12,92	12,39	11,80	11,20	10,64	10,08	9,59	9,10	8,67	8,24	7,82	7,40	6,98	6,55	15,96
10/09/2022 14:50:00	16,06	15,66	15,24	14,81	14,36	13,86	13,36	12,86	12,34	11,78	11,24	10,73	10,22	9,75	9,29	8,87	8,44	8,04	7,63	7,22	6,81	16,12
10/09/2022 14:55:00	16,05	15,84	15,46	15,02	14,52	14,03	13,53	13,00	12,47	11,92	11,36	10,84	10,32	9,85	9,38	8,96	8,53	8,13	7,72	7,31	6,90	16,35
10/09/2022 15:00:00	16,33	16,04	15,66	15,23	14,70	14,25	13,78	13,22	12,68	12,13	11,54	10,98	10,43	9,94	9,45	9,02	8,59	8,17	7,75	7,33	6,91	16,40
10/09/2022 15:05:00	16,45	16,09	15,77	15,40	14,93	14,51	14,08	13,62	13,10	12,54	11,93	11,37	10,80	10,31	9,82	9,38	8,95	8,53	8,10	7,67	7,23	16,65
10/09/2022 15:10:00	16,65	16,26	15,80	15,33	14,88	14,41	13,94	13,44	12,88	12,28	11,70	11,14	10,59	10,10	9,60	9,17	8,73	8,30	7,87	7,43	7,00	17,42
10/09/2022 15:15:00	16,71	16,37	15,96	15,50	14,98	14,42	13,89	13,39	12,79	12,12	11,52	10,94	10,37	9,86	9,35	8,90	8,44	8,01	7,57	7,14	6,70	18,19
10/09/2022 15:20:00	16,88	16,56	16,14	15,71	15,23	14,78	14,28	13,71	13,14	12,56	11,91	11,30	10,69	10,16	9,63	9,17	8,72	8,27	7,83	7,38	6,92	17,32
10/09/2022 15:25:00	16,84	16,44	16,01	15,57	15,13	14,65	14,15	13,58	13,05	12,50	11,90	11,33	10,76	10,26	9,76	9,32	8,88	8,44	8,01	7,57	7,13	17,11
10/09/2022 15:30:00	16,90	16,55	16,06	15,59	15,17	14,68	14,18	13,68	13,16	12,60	11,95	11,35	10,75	10,24	9,72	9,29	8,85	8,42	7,99	7,54	7,10	17,78
10/09/2022 15:35:00	17,02	16,69	16,33	15,94	15,46	14,87	14,28	13,73	13,14	12,50	11,83	11,20	10,57	10,03	9,48	9,01	8,54	8,09	7,64	7,19	6,74	17,46
10/09/2022 15:40:00	17,05	16,76	16,32	15,87	15,40	14,85	14,29	13,75	13,19	12,61	11,93	11,32	10,70	10,17	9,64	9,18	8,73	8,29	7,86	7,42	6,97	17,46
10/09/2022 15:45:00	17,10	16,76	16,30	15,78	15,15	14,67	14,20	13,65	13,11	12,57	11,95	11,40	10,85	10,37	9,89	9,47	9,05	8,64	8,23	7,82	7,40	17,43
10/09/2022 15:50:00	17,11	16,72	16,32	15,90	15,42	14,87	14,30	13,74	13,13	12,46	11,87	11,30	10,72	10,21	9,69	9,22	8,75	8,30	7,85	7,40	6,95	17,66
10/09/2022 15:55:00	17,01	16,63	16,20	15,77	15,36	14,81	14,23	13,63	13,10	12,57	11,93	11,33	10,73	10,21	9,69	9,24	8,79	8,36	7,92	7,49	7,05	17,43
10/09/2022 16:00:00	17,00	16,71	16,28	15,81	15,29	14,79	14,30	13,79	13,20	12,56	11,97	11,42	10,86	10,36	9,87	9,42	8,97	8,53	8,09	7,65	7,21	17,68
10/09/2022 16:05:00	17,17	17,00	16,56	16,03	15,42	14,89	14,34	13,72	13,14	12,57	11,99	11,45	10,91	10,43	9,96	9,52	9,08	8,67	8,25	7,83	7,42	18,56
10/09/2022 16:10:00	17,38	17,01	16,52	16,02	15,48	14,95	14,41	13,84	13,25	12,64	12,04	11,47	10,91	10,41	9,91	9,46	9,01	8,57	8,14	7,70	7,26	19,29
10/09/2022 16:15:00	17,55	17,06	16,57	16,09	15,58	15,04	14,49	13,91	13,34	12,76	12,16	11,60	11,04	10,54	10,04	9,59	9,15	8,71	8,27	7,84	7,40	19,26
10/09/2022 16:20:00	17,54	17,14	16,60	16,04	15,52	14,96	14,40	13,84	13,28	12,69	12,06	11,48	10,90	10,40	9,90	9,46	9,02	8,59	8,16	7,73	7,30	18,44
10/09/2022 16:25:00	17,46	17,08	16,62	16,12	15,55	14,99	14,44	13,89	13,32	12,72	12,12	11,56	11,01	10,52	10,02	9,58	9,15	8,72	8,29	7,87	7,44	17,95
10/09/2022 16:30:00	17,37	17,03	16,51	16,01	15,57	15,10	14,60	14,04	13,43	12,79	12,25	11,72	11,20	10,71	10,22	9,77	9,31	8,86	8,40	7,95	7,49	17,52
10/09/2022 16:35:00	17,39	17,11	16,56	16,04	15,61	15,08	14,52	13,97	13,40	12,80	12,21	11,66	11,10	10,60	10,11	9,66	9,21	8,77	8,33	7,88	7,44	17,91
10/09/2022 16:40:00	17,39	16,98	16,53	16,04	15,50	14,94	14,38	13,83	13,27	12,68	12,08	11,52	10,96	10,47	9,98	9,53	9,09	8,67	8,24	7,82	7,39	17,70
10/09/2022 16:45:00	17,33	17,01	16,56	16,04	15,44	14,88	14,34	13,82	13,26	12,67	12,05	11,48	10,92	10,43	9,93	9,50	9,07	8,65	8,24	7,82	7,40	17,82
10/09/2022 16:50:00	17,41	16,87	16,41	15,94	15,43	14,94	14,46	13,95	13,44	12,91	12,29	11,72	11,16	10,66	10,17	9,75	9,32	8,90	8,47	8,04	7,61	17,66
10/09/2022 16:55:00	17,27	16,92	16,45	15,98	15,50	15,13	14,71	14,13	13,62	13,13	12,50	11,92	11,34	10,84	10,34	9,91	9,47	9,04	8,61	8,16	7,71	17,75
10/09/2022 17:00:00	17,54	17,26	16,73	16,21	15,79	15,27	14,74	14,21	13,68	13,14	12,63	12,15	11,67	11,22	10,78	10,35	9,93	9,50	9,08	8,65	8,22	17,81
10/09/2022 17:05:00	17,49	17,17	16,68	16,19	15,71	15,20	14,70	14,20	13,65	13,06	12,55	12,06	11,57	11,12	10,67	10,24	9,81	9,38	8,96	8,52	8,09	17,62
10/09/2022 17:10:00	17,73	17,37	16,92	16,44	15,95	15,51	15,05	14,53	13,98	13,39	12,89	12,41	11,92	11,47	11,02	10,59	10,15	9,72	9,29	8,85	8,40	17,69
10/09/2022 17:15:00	17,82	17,43	17,02	16,59	16,11	15,60	15,09	14,57	14,03	13,46	12,79	12,17	11,56	11,03	10,51	10,05	9,60	9,15	8,70	8,25	7,79	18,02
10/09/2022 17:20:00	17,86	17,47	17,02	16,54	15,97	15,51	15,06	14,53	13,96	13,34	12,74	12,19	11,63	11,13	10,64	10,19	9,75	9,30	8,86	8,41	7,95	18,45
10/09/2022 17:25:00	17,90	17,57	17,06	16,53	16,00	15,46	14,95	14,47	13,91	13,30	12,71	12,17	11,62	11,14	10,66	10,23	9,79	9,36	8,93	8,49	8,05	18,81
10/09/2022 17:30:00	17,74	17,51	17,02	16,52	16,01	15,53	15,04	14,51	13,95	13,36	12,80	12,28	11,75	11,28	10,80	10,36	9,92	9,48	9,05	8,60	8,16	18,14
10/09/2022 17:35:00	17,72	17,41	16,98	16,49	15,91	15,37	14,83	14,28	13,69	13,07	12,55	12,06	11,56	11,10	10,65	10,20	9,76	9,33	8,90	8,47	8,04	17,86
10/09/2022 17:40:00	17,60	17,28	16,83	16,36	15,87	15,33	14,81	14,34	13,85	13,33	12,75	12,22	11,70	11,23	10,77	10,35	9,94	9,52	9,11	8,69	8,27	17,57
10/09/2022 17:45:00	17,57	17,21	16,79	16,34	15,88	15,36	14,85	14,33	13,81	13,26	12,66	12,10	11,54	11,05	10,56	10,12	9,68	9,25	8,82	8,38	7,94	17,58
10/09/2022 17:50:00	17,46	17,17	16,75	16,29	15,76	15,22	14,72	14,24	13,74	13,22	12,69	12,20	11,71	11,27	10,83	10,42	10,01	9,61	9,20	8,79	8,38	18,07
10/09/2022 17:55:00	17,53	17,00	16,63	16,26	15,79	15,38	14,94	14,41	13,92	13,44	12,83	12,26	11,69	11,19	10,70	10,26	9,83	9,40	8,96	8,52	8,07	17,70
10/09/2022 18:00:00	17,38	17,08	16,66	16,26	15,91	15,46	14,99	14,51	13,99	13,43	12,87	12,34	11,80	11,32	10,83	10,39	9,94	9,50	9,05	8,59	8,14	17,42
10/09/2022 18:05:00	17,40	17,05	16,69	16,30	15,87	15,37	14,87	14,41	13,90	13,36	12,78	12,23	11,69	11,20	10,72	10,29	9,85	9,42	8,99	8,55	8,11	17,25
10/09/2022 18:10:00	17,19	16,86	16,46	16,03	15,52	15,10	14,69	14,25	13,76	13,24	12,62	12,07	11,51	11,03	10,55	10,13	9,71	9,29	8,87	8,44	8,01	17,19
10/09/2022 18:15:00	17,08	16,63	16,10	15,54	14,94	14,43	13,91	13,31	12,77	12,26	11,73	11,24	10,75	10,30	9,86	9,45	9,04	8,64	8,24	7,84	7,44	16,99
10/09/2022 18:20:00	16,46	16,22	15,87	15,47	15,03	14,65	14,25	13,77	13,34	12,91	12,34	11,82	11,31	10,85	10,40	10,00	9,60	9,20	8,80	8,39	7,98	16,00
10/09/2022 18:25:00	16,14	15,84	15,48	15,09	14,64	14,19	13,72	13,21	12,75	12,29	11,78	11,29	10,81	10,37	9,94	9,53	9,13	8,74	8,35	7,95	7,55	15,71
10/09/2022 18:30:00	15,93	15,66	15,34	15,03	14,75	14,43	14,08	13,69	13,31	12,91	12,40	11,92	11,44	11,02	10,59	10,20	9,81	9,41	9,01	8,59	8,18	15,32
10/09/2022 18:35:00	15,61	15,45	15,15	14,84	14,50	14,05	13,56	13,06	12,61	12,14	11,53	10,97	10,41	9,92	9,43	9,00	8,58	8,17	7,76	7,34	6,93	15,28
10/09/2022 18:40:00	15,32	14,83	14,49	14,16	13,82	13,46	13,09	12,72	12,30	11,83	11,35	10,90	10,44	10,02	9,60	9,21	8,82	8,44	8,05	7,65	7,25	15,10
10/09/2022 18:45:00	15,07	14,79	14,44	14,08	13,69	13,35	13,01	12,65	12,25	11,82	11,34	10,91	10,47	10,07	9,67	9,30	8,94	8,56	8,19	7,81	7,43	14,85
10/09/2022 18:50:00	14,79	14,51	14,19	13,86	13,47	13,13	12,76	12,34	11,90	11,45	10,97	10,52	10,06	9,65	9,23	8,84	8,46	8,08	7,69	7,31	6,92	14,86
10/09/2022 18:55:00	14,81	14,49	14,15	13,78	13,38	13,02	12,68	12,33	11,87	11,39	10,93	10,49	10,05	9,65	9,25	8,87	8,49	8,12	7,74	7,36	6,97	14,74
10/09/2022 19:00:00	14,49	14,08	13,56	13,04	12,57	12,19	11,81	11,40	10,99	10,57	10,04	9,58	9,12	8,72	8,32	7,97	7,62	7,28	6,93	6,58	6,23	14,52
10/09/2022 19:05:00	13,74	13,23	12,85	12,53	12,26	11,96	11,62	11,26	10,89	10,50	10,12	9,73	9,35	8,99	8,62	8,26	7,91	7,56	7,20	6,84	6,47	13,93
10/09/2022 19:10:00	13,29	12,99	12,66	12,38	12,14	11,81	11,49	11,20	10,81	10,37	9,89	9,43	8,97	8,56	8,15	7,78	7,42	7,06	6,69	6,32	5,95	13,35
10/09/2022 19:15:00	13,13	12,84	12,56	12,28	11,98	11,65	11,32	10,96	10,54	10,10	9,67	9,25	8,83	8,44	8,04	7,67	7,30	6,94	6,58	6,22	5,85	13,14
10/09/2022 19:20:00	13,10	12,77	12,43	12,11	11,83	11,52	11,19	10,83	10,50	10,12	9,61	9,15	8,69	8,29	7,89	7,54	7,19	6,84	6,50	6,15	5,79	13,14
10/09/2022 19:25:00	13,07	12,80	12,62	12,40	12,10	11,74	11,37	11,01	10,65	10,31	10,02	9,70	9,39	9,07	8,75	8,40	8,05	7,72	7,39	7,06	6,73	13,08
10/09/2022 19:30:00	13,13	12,83	12,56	12,34	12,18	11,99	11,77	11,51	11,16	10,82	10,55	10,26	9,97	9,65	9,34	9,00	8,66	8,31	7,96	7,59	7,23	13,07
10/09/2022 19:35:00	13,13	12,73	12,48	12,28	12,11	11,91	11,71	11,50	11,21	10,90	10,55	10,20	9,86	9,53	9,20	8,87	8,54	8,20	7,87	7,51	7,15	13,07
10/09/2022 19:40:00	12,95	12,71	12,51	12,33	12,14	11,95	11,70	11,38	11,10	10,78	10,36	9,97	9,57	9,20	8,84	8,49	8,14	7,79	7,44	7,08	6,72	12,98
10/09/2022 19:45:00	12,86	12,56	12,35	12,21	12,11	11,95	11,74	11,47	11,21	10,92	10,58	10,24	9,89	9,56	9,22	8,88	8,54	8,20	7,85	7,48	7,11	12,89
10/09/2022 19:50:00	12,91	12,64	12,44	12,29	12,17	12,02	11,85	11,67	11,36	11,03	10,68	10,33	9,98	9,64	9,30	8,97	8,63	8,28	7,93	7,56	7,18	12,84
10/09/2022 19:55:00	13,02	12,61	12,56	12,53	12,45	12,45	12,32	12,05	11,77	11,44	11,06	10,67	10,27	9,89	9,51	9,14	8,77	8,39	8,01	7,60	7,19	12,88
10/09/2022 20:00:00	12,85	12,66	12,66	12,71	12,80	12,73	12,58	12,37	12,13	11,83	11,42	11,00	10,59	10,20	9,80	9,43	9,05	8,67	8,28	7,86	7,45	12,75
10/09/2022 20:05:00	12,76	12,50	12,60	12,69	12,66	12,57	12,40	12,17	11,87	11,52	11,12	10,70	10,28	9,88	9,48	9,09	8,70	8,31	7,92	7,51	7,09	12,72
10/09/2022 20:10:00	12,73	12,55	12,59	12,63	12,63	12,58	12,51	12,41	12,09	11,72	11,33	10,93	10,54	10,15	9,77	9,40	9,03	8,65	8,26	7,85	7,43	12,72
10/09/2022 20:15:00	12,72	12,74	12,86	12,99	13,06	13,01	12,89	12,72	12,46	12,14	11,74	11,33	10,91	10,52	10,13	9,75	9,36	8,97	8,58	8,16	7,73	12,74
10/09/2022 20:20:00	12,75	13,11	13,54	13,81	13,82	13,64	13,40	13,13	12,92	12,60	11,97	11,39	10,80	10,31	9,81	9,39	8,98	8,57	8,17	7,75	7,33	12,63
10/09/2022 20:25:00	12,69	13,32	13,55	13,67	13,66	13,49	13,24	12,93	12,52	12,04	11,50	10,96	10,42	9,93	9,44	8,99	8,54	8,10	7,67	7,22	6,77	12,47
10/09/2022 20:30:00	12,43	13,02	13,18	13,21	13,11	12,85	12,60	12,39	12,07	11,71	11,26	10,83	10,40	10,01	9,61	9,24	8,86	8,50	8,13	7,75	7,38	12,39
10/09/2022 20:35:00	12,40	13,12	13,44	13,61	13,58	13,32	12,98	12,59	12,13	11,63	11,17	10,67	10,18	9,70	9,22	8,75	8,28	7,83	7,39	6,95	6,51	12,49
10/09/2022 20:40:00	12,40	13,15	13,23	13,25	13,24	13,08	12,85	12,58	12,18	11,75	11,29	10,83	10,37	9,94	9,51	9,09	8,68	8,27	7,86	7,43	7,01	12,42
10/09/2022 20:45:00	12,25	12,53	12,77	12,92	12,92	12,84	12,70	12,52	12,24	11,87	11,39	10,92	10,44	10,02	9,59	9,20	8,81	8,42	8,02	7,61	7,20	12,32
10/09/2022 20:50:00	12,24	12,30	12,70	12,99	13,01	12,94	12,81	12,66	12,36	11,98	11,52	11,04	10,55	10,11	9,67	9,26	8,84	8,44	8,03	7,60	7,17	12,38
10/09/2022 20:55:00	12,28	12,28	12,59	12,81	12,81	12,73	12,60	12,44	12,19	11,85	11,32	10,80	10,29	9,84	9,39	9,00	8,60	8,21	7,82	7,41	6,99	12,30
10/09/2022 21:00:00	12,30	12,03	12,13	12,24	12,30	12,40	12,37	12,21	12,07	11,87	11,53	11,18	10,83	10,49	10,15	9,82	9,48	9,13	8,77	8,38	7,99	12,27
10/09/2022 21:05:00	12,21	12,51	12,82	12,99	12,95	12,87	12,69	12,42	12,06	11,63	11,11	10,59	10,07	9,59	9,12	8,69	8,26	7,84	7,42	6,98	6,55	12,26
10/09/2022 21:10:00	12,13	12,48	12,88	13,16	13,23	13,22	13,08	12,83	12,54	12,17	11,68	11,18	10,69	10,23	9,77	9,34	8,92	8,49	8,07	7,63	7,18	12,15
10/09/2022 21:15:00	12,10	11,86	11,97	12,15	12,34	12,25	12,17	12,12	11,88	11,59	11,25	10,88	10,51	10,15	9,79	9,43	9,07	8,69	8,31	7,90	7,50	12,17
10/09/2022 21:20:00	11,63	11,35	11,19	11,12	11,14	11,13	11,07	10,97	10,83	10,64	10,40	10,15	9,90	9,64	9,37	9,09	8,81	8,50	8,20	7,86	7,52	11,57
10/09/2022 21:25:00	11,58	11,27	11,35	11,46	11,54	11,59	11,56	11,46	11,31	11,12	10,87	10,59	10,31	10,01	9,72	9,41	9,09	8,76	8,42	8,06	7,69	11,45
10/09/2022 21:30:00	11,37	11,26	11,19	11,16	11,15	11,10	11,00	10,88	10,64	10,38	10,08	9,78	9,48	9,17	8,86	8,55	8,23	7,90	7,57	7,22	6,87	11,32
10/09/2022 21:35:00	11,44	11,76	11,92	11,99	11,94	11,86	11,69	11,47	11,25	11,00	10,73	10,44	10,14	9,83	9,52	9,18	8,85	8,51	8,17	7,82	7,47	11,40
10/09/2022 21:40:00	12,45	13,02	13,27	13,37	13,25	13,04	12,79	12,49	12,12	11,68	11,15	10,64	10,13	9,67	9,20	8,78	8,36	7,96	7,55	7,14	6,72	11,20
10/09/2022 21:45:00	12,28	12,84	13,00	13,07	13,01	12,78	12,49	12,15	11,88	11,56	11,13	10,70	10,28	9,88	9,48	9,09	8,71	8,34	7,96	7,59	7,21	11,47
10/09/2022 21:50:00	12,31	12,73	12,81	12,81	12,73	12,52	12,25	11,92	11,57	11,16	10,65	10,17	9,68	9,23	8,79	8,38	7,98	7,58	7,19	6,79	6,38	11,41
10/09/2022 21:55:00	11,92	12,52	12,54	12,46	12,28	12,01	11,73	11,43	11,11	10,78	10,39	10,01	9,64	9,28	8,93	8,57	8,22	7,88	7,54	7,19	6,85	11,44
10/09/2022 22:00:00	11,62	12,36	12,44	12,39	12,20	11,95	11,70	11,44	11,06	10,66	10,22	9,81	9,39	9,00	8,61	8,24	7,87	7,52	7,16	6,80	6,44	11,50
10/09/2022 22:05:00	11,41	12,13	12,31	12,35	12,21	11,97	11,73	11,51	11,10	10,68	10,30	9,91	9,52	9,14	8,75	8,37	7,99	7,62	7,25	6,87	6,50	11,56
10/09/2022 22:10:00	11,75	12,64	12,64	12,54	12,36	12,13	11,83	11,47	10,98	10,51	10,11	9,70	9,30	8,89	8,49	8,08	7,68	7,29	6,89	6,50	6,11	11,48
10/09/2022 22:15:00	11,33	12,09	12,32	12,40	12,32	12,02	11,71	11,38	11,00	10,57	10,04	9,54	9,03	8,57	8,11	7,70	7,28	6,89	6,51	6,12	5,73	11,41
10/09/2022 22:20:00	11,01	12,15	12,68	12,95	12,89	12,75	12,50	12,18	11,74	11,24	10,65	10,07	9,50	8,98	8,45	7,99	7,53	7,09	6,66	6,22	5,79	11,40
10/09/2022 22:25:00	11,02	11,29	11,55	11,79	11,96	12,02	11,96	11,84	11,64	11,38	11,00	10,61	10,22	9,84	9,47	9,10	8,74	8,37	7,99	7,59	7,19	11,42
10/09/2022 22:30:00	10,89	11,64	12,25	12,71	12,93	12,87	12,69	12,43	12,04	11,59	11,10	10,56	10,03	9,51	9,00	8,52	8,04	7,58	7,12	6,64	6,17	11,39
10/09/2022 22:35:00	11,23	12,05	12,40	12,64	12,76	12,82	12,68	12,38	12,10	11,73	11,24	10,75	10,25	9,79	9,34	8,91	8,49	8,07	7,65	7,21	6,77	11,42
10/09/2022 22:40:00	11,20	11,68	12,30	12,76	12,90	12,85	12,68	12,43	12,10	11,69	11,22	10,70	10,19	9,70	9,21	8,75	8,29	7,84	7,40	6,95	6,49	11,40
10/09/2022 22:45:00	11,29	11,56	11,83	12,15	12,49	12,50	12,44	12,33	12,05	11,68	11,19	10,69	10,18	9,72	9,26	8,83	8,41	7,98	7,55	7,08	6,62	11,38
10/09/2022 22:50:00	11,21	11,20	11,45	11,73	11,98	12,07	12,09	12,04	11,82	11,52	11,11	10,68	10,25	9,85	9,45	9,07	8,70	8,30	7,91	7,48	7,05	11,23
10/09/2022 22:55:00	11,23	11,00	11,08	11,23	11,40	11,53	11,53	11,40	11,23	11,01	10,73	10,42	10,10	9,78	9,45	9,11	8,77	8,41	8,05	7,65	7,25	11,11
10/09/2022 23:00:00	11,22	10,96	11,07	11,28	11,53	11,59	11,60	11,59	11,39	11,14	10,84	10,51	10,18	9,84	9,50	9,16	8,81	8,44	8,07	7,67	7,26	11,06
10/09/2022 23:05:00	11,08	11,09	11,19	11,32	11,43	11,48	11,45	11,36	11,14	10,88	10,61	10,30	9,99	9,67	9,36	9,02	8,68	8,33	7,98	7,59	7,21	11,27
10/09/2022 23:10:00	11,13	11,15	11,41	11,67	11,83	11,91	11,91	11,87	11,70	11,43	10,99	10,56	10,13	9,74	9,36	9,00	8,65	8,28	7,91	7,50	7,10	11,22
10/09/2022 23:15:00	11,19	11,09	11,34	11,60	11,82	11,87	11,82	11,70	11,54	11,30	10,91	10,50	10,09	9,70	9,32	8,95	8,59	8,22	7,84	7,44	7,03	11,03
10/09/2022 23:20:00	10,89	10,81	11,09	11,35	11,52	11,59	11,54	11,42	11,20	10,92	10,58	10,21	9,83	9,45	9,08	8,71	8,34	7,96	7,58	7,17	6,77	10,98
10/09/2022 23:25:00	10,86	10,72	10,76	10,84	10,93	10,99	10,94	10,80	10,55	10,27	9,96	9,62	9,28	8,94	8,60	8,25	7,91	7,55	7,19	6,81	6,42	10,78
10/09/2022 23:30:00	10,82	10,63	10,65	10,74	10,89	11,01	11,02	10,95	10,75	10,47	10,12	9,75	9,38	9,03	8,68	8,35	8,01	7,66	7,30	6,91	6,52	10,85
10/09/2022 23:35:00	10,81	10,72	10,79	10,92	11,09	11,16	11,09	10,91	10,75	10,55	10,29	10,00	9,70	9,39	9,07	8,74	8,40	8,05	7,71	7,33	6,96	10,87
10/09/2022 23:40:00	10,67	10,94	11,31	11,64	11,84	11,92	11,85	11,67	11,28	10,88	10,55	10,14	9,72	9,30	8,88	8,44	8,00	7,57	7,14	6,68	6,23	10,69
10/09/2022 23:45:00	10,69	11,00	11,68	12,20	12,43	12,43	12,33	12,15	11,88	11,46	10,81	10,17	9,53	8,97	8,42	7,95	7,49	7,05	6,60	6,13	5,66	10,69
10/09/2022 23:50:00	10,57	10,57	11,09	11,67	12,21	12,42	12,47	12,38	12,07	11,67	11,19	10,65	10,11	9,60	9,08	8,60	8,13	7,64	7,15	6,63	6,10	10,72
10/09/2022 23:55:00	10,59	10,34	10,34	10,53	10,92	11,05	11,15	11,22	11,05	10,84	10,62	10,35	10,08	9,78	9,49	9,17	8,85	8,49	8,13	7,73	7,33	10,58
