FileFormat:0002.2 file with temperature of atmosphere
SN105HE102 RTK
local	GMT or Local
0	GMT-Local=[hours]
20	Height[m]
0	0	0	Longitude                [grd]               [min]               [sec]
0	0	0	Latitude                [grd]               [min]               [sec]
N	NS
56,45	Freq[GHz]
0,00	dTemostat[K]
0,150	MessErr[K]
0,248	//[grad/step]
version 14.4.20120406
MTP5HE102F5645K-38.60I70D222917+A1.1
Commentary:
SN105HE102
парабола ДНА = 2,5 град
НЕ102 - ПУ - ХВБ с ЦСД " S "
АЦП - 202 - 09 с контр.U пит.и М
оптопара серии - 2
Т out № 178 пл
БП LPS - 112
End Of Commentary

SYSTEM\summer.dat
data time	0	50	100	150	200	250	300	350	400	450	500	550	600	650	700	750	800	850	900	950	1000	OutsideTemperature
16/04/2022 00:00:00	12,01	12,65	13,14	13,55	13,81	13,83	13,79	13,73	13,60	13,41	13,13	12,82	12,50	12,17	11,84	11,48	11,12	10,74	10,36	9,95	9,54	11,98
16/04/2022 00:05:00	11,82	12,65	13,18	13,60	13,86	14,00	14,02	13,93	13,73	13,50	13,26	12,96	12,66	12,32	11,99	11,61	11,23	10,82	10,42	9,98	9,55	11,74
16/04/2022 00:10:00	11,84	12,77	13,26	13,64	13,84	13,82	13,75	13,66	13,48	13,28	13,04	12,76	12,48	12,16	11,85	11,49	11,13	10,75	10,37	9,98	9,58	11,37
16/04/2022 00:15:00	11,84	12,43	13,01	13,47	13,74	13,86	13,85	13,75	13,65	13,49	13,19	12,86	12,53	12,18	11,84	11,47	11,10	10,72	10,33	9,91	9,49	11,33
16/04/2022 00:20:00	11,81	12,27	12,78	13,24	13,54	13,74	13,80	13,75	13,62	13,42	13,13	12,78	12,44	12,09	11,74	11,37	10,99	10,59	10,19	9,75	9,31	11,37
16/04/2022 00:25:00	11,54	12,10	12,62	13,07	13,37	13,53	13,60	13,60	13,47	13,29	13,06	12,78	12,50	12,19	11,87	11,52	11,17	10,78	10,40	9,98	9,56	11,31
16/04/2022 00:30:00	11,39	11,97	12,50	12,93	13,21	13,35	13,37	13,31	13,26	13,16	12,99	12,76	12,53	12,26	11,98	11,65	11,32	10,97	10,61	10,22	9,84	10,99
16/04/2022 00:35:00	11,32	12,25	12,87	13,37	13,68	13,76	13,76	13,69	13,64	13,49	13,15	12,80	12,45	12,11	11,76	11,40	11,05	10,67	10,29	9,89	9,48	11,10
16/04/2022 00:40:00	11,34	12,02	12,59	13,03	13,27	13,39	13,43	13,42	13,23	13,04	12,89	12,66	12,43	12,15	11,87	11,51	11,15	10,78	10,40	9,99	9,59	10,98
16/04/2022 00:45:00	11,25	11,82	12,36	12,84	13,19	13,36	13,48	13,58	13,47	13,33	13,18	12,97	12,76	12,50	12,24	11,91	11,58	11,21	10,84	10,44	10,03	11,12
16/04/2022 00:50:00	11,16	11,91	12,52	13,04	13,41	13,58	13,67	13,71	13,58	13,41	13,19	12,91	12,64	12,33	12,02	11,66	11,30	10,91	10,52	10,10	9,67	11,16
16/04/2022 00:55:00	11,16	11,78	12,42	12,96	13,29	13,50	13,59	13,62	13,49	13,31	13,11	12,84	12,58	12,27	11,96	11,60	11,24	10,85	10,46	10,04	9,61	11,03
16/04/2022 01:00:00	11,15	11,86	12,33	12,79	13,23	13,47	13,55	13,53	13,45	13,34	13,18	12,95	12,73	12,45	12,17	11,82	11,48	11,09	10,71	10,29	9,87	11,02
16/04/2022 01:05:00	11,20	11,81	12,43	12,95	13,26	13,50	13,58	13,53	13,39	13,23	13,08	12,85	12,61	12,32	12,02	11,66	11,30	10,90	10,51	10,09	9,66	10,92
16/04/2022 01:10:00	11,13	11,92	12,61	13,13	13,41	13,52	13,60	13,67	13,53	13,34	13,10	12,81	12,52	12,21	11,89	11,54	11,19	10,82	10,44	10,04	9,63	11,08
16/04/2022 01:15:00	11,07	11,93	12,58	13,14	13,53	13,69	13,74	13,73	13,56	13,36	13,17	12,91	12,64	12,32	12,00	11,62	11,24	10,84	10,43	10,00	9,56	11,05
16/04/2022 01:20:00	11,12	11,95	12,56	13,05	13,36	13,47	13,49	13,46	13,39	13,27	13,07	12,82	12,57	12,29	12,00	11,66	11,32	10,96	10,59	10,20	9,81	11,17
16/04/2022 01:25:00	11,07	11,89	12,52	13,04	13,37	13,58	13,68	13,70	13,60	13,44	13,20	12,92	12,63	12,32	12,01	11,66	11,31	10,93	10,55	10,13	9,72	11,00
16/04/2022 01:30:00	10,91	11,88	12,67	13,36	13,85	14,08	14,18	14,18	13,97	13,71	13,38	12,99	12,60	12,19	11,79	11,36	10,93	10,49	10,04	9,55	9,06	10,85
16/04/2022 01:35:00	10,82	11,71	12,52	13,21	13,69	13,89	14,02	14,12	14,03	13,83	13,48	13,10	12,71	12,34	11,96	11,58	11,20	10,79	10,38	9,93	9,49	10,87
16/04/2022 01:40:00	10,73	11,76	12,52	13,17	13,67	13,87	13,96	13,96	13,75	13,53	13,34	13,06	12,78	12,44	12,10	11,69	11,28	10,85	10,42	9,95	9,49	10,72
16/04/2022 01:45:00	10,79	11,68	12,49	13,22	13,80	14,09	14,22	14,24	14,10	13,86	13,50	13,09	12,68	12,26	11,85	11,42	11,00	10,55	10,10	9,60	9,11	10,60
16/04/2022 01:50:00	10,49	11,67	12,52	13,19	13,60	13,78	13,90	13,98	13,90	13,75	13,47	13,16	12,85	12,52	12,19	11,83	11,47	11,08	10,70	10,28	9,87	10,27
16/04/2022 01:55:00	10,31	11,41	12,34	13,10	13,59	13,85	14,01	14,12	13,98	13,80	13,55	13,24	12,92	12,58	12,23	11,84	11,46	11,04	10,63	10,18	9,73	10,28
16/04/2022 02:00:00	10,37	11,46	12,38	13,13	13,62	13,90	14,05	14,11	14,07	13,91	13,56	13,18	12,80	12,42	12,05	11,67	11,29	10,89	10,48	10,04	9,59	9,97
16/04/2022 02:05:00	10,26	11,62	12,71	13,49	13,83	14,07	14,12	14,03	13,85	13,60	13,27	12,88	12,49	12,08	11,67	11,24	10,81	10,37	9,94	9,48	9,02	10,08
16/04/2022 02:10:00	10,08	11,24	12,26	13,09	13,62	13,94	14,09	14,11	14,01	13,84	13,58	13,24	12,90	12,53	12,16	11,76	11,35	10,92	10,50	10,04	9,57	10,05
16/04/2022 02:15:00	10,04	11,07	12,02	12,83	13,41	13,70	13,89	14,02	13,93	13,78	13,56	13,26	12,96	12,62	12,29	11,91	11,53	11,11	10,70	10,25	9,80	10,28
16/04/2022 02:20:00	9,92	10,99	12,05	12,92	13,46	13,82	14,02	14,11	14,04	13,88	13,59	13,24	12,88	12,51	12,14	11,75	11,35	10,93	10,51	10,05	9,59	10,12
16/04/2022 02:25:00	9,93	11,02	11,95	12,75	13,31	13,65	13,82	13,87	13,81	13,69	13,48	13,20	12,91	12,59	12,26	11,88	11,50	11,09	10,68	10,23	9,78	9,82
16/04/2022 02:30:00	9,97	10,76	11,79	12,71	13,41	13,91	14,20	14,36	14,28	14,15	13,95	13,64	13,34	12,99	12,65	12,24	11,84	11,40	10,96	10,47	9,97	10,12
16/04/2022 02:35:00	9,93	10,80	12,02	13,03	13,65	14,07	14,30	14,38	14,27	14,05	13,71	13,28	12,86	12,42	11,99	11,55	11,10	10,64	10,17	9,66	9,15	9,83
16/04/2022 02:40:00	9,76	10,75	12,35	13,64	14,36	14,85	15,08	15,12	14,96	14,67	14,23	13,68	13,13	12,60	12,06	11,54	11,02	10,49	9,96	9,38	8,81	10,28
16/04/2022 02:45:00	10,15	11,36	12,49	13,41	13,99	14,15	14,22	14,25	13,99	13,69	13,39	12,98	12,58	12,14	11,71	11,24	10,77	10,29	9,81	9,31	8,80	9,91
16/04/2022 02:50:00	10,04	10,94	11,97	12,81	13,34	13,75	13,98	14,08	14,02	13,88	13,64	13,32	13,00	12,65	12,31	11,92	11,54	11,12	10,71	10,25	9,79	10,07
16/04/2022 02:55:00	10,11	10,97	11,81	12,59	13,22	13,67	13,93	14,06	13,99	13,83	13,57	13,24	12,92	12,56	12,21	11,83	11,45	11,02	10,59	10,11	9,63	10,36
16/04/2022 03:00:00	10,17	10,83	11,70	12,49	13,07	13,37	13,54	13,64	13,59	13,50	13,37	13,14	12,91	12,62	12,32	11,96	11,59	11,19	10,80	10,36	9,92	10,61
16/04/2022 03:05:00	10,05	10,67	11,46	12,17	12,70	13,21	13,53	13,72	13,85	13,86	13,66	13,42	13,18	12,92	12,66	12,37	12,07	11,72	11,37	10,96	10,55	10,47
16/04/2022 03:10:00	9,99	10,75	11,63	12,42	13,02	13,42	13,70	13,89	13,90	13,83	13,65	13,39	13,13	12,84	12,55	12,21	11,87	11,48	11,10	10,66	10,23	10,17
16/04/2022 03:15:00	10,19	11,02	11,93	12,71	13,23	13,65	13,93	14,11	14,06	13,92	13,66	13,35	13,03	12,70	12,37	12,01	11,64	11,24	10,84	10,39	9,93	10,22
16/04/2022 03:20:00	10,07	10,76	11,67	12,53	13,21	13,70	13,99	14,15	14,15	14,07	13,90	13,63	13,37	13,06	12,75	12,38	12,02	11,60	11,19	10,72	10,25	10,18
16/04/2022 03:25:00	10,09	10,91	11,76	12,51	13,06	13,40	13,64	13,82	13,77	13,68	13,54	13,31	13,09	12,81	12,53	12,19	11,85	11,46	11,08	10,65	10,22	9,96
16/04/2022 03:30:00	9,99	10,99	11,89	12,66	13,24	13,57	13,80	13,96	13,96	13,86	13,62	13,33	13,03	12,72	12,40	12,05	11,70	11,31	10,93	10,49	10,06	10,12
16/04/2022 03:35:00	9,99	10,97	11,91	12,73	13,35	13,83	14,08	14,16	14,14	14,02	13,77	13,45	13,13	12,78	12,44	12,06	11,67	11,25	10,83	10,36	9,89	9,80
16/04/2022 03:40:00	9,78	10,93	11,89	12,72	13,34	13,75	13,98	14,09	14,04	13,91	13,68	13,38	13,08	12,75	12,41	12,03	11,65	11,23	10,82	10,36	9,90	9,98
16/04/2022 03:45:00	9,74	10,71	11,76	12,70	13,44	13,96	14,27	14,44	14,37	14,23	14,00	13,68	13,36	13,00	12,65	12,24	11,84	11,40	10,95	10,46	9,96	9,84
16/04/2022 03:50:00	9,61	10,87	12,06	12,97	13,48	13,76	13,91	13,98	14,11	14,04	13,67	13,29	12,92	12,56	12,20	11,84	11,49	11,11	10,74	10,33	9,92	9,63
16/04/2022 03:55:00	9,47	10,61	11,68	12,61	13,31	13,80	14,12	14,32	14,31	14,20	13,97	13,67	13,37	13,03	12,70	12,33	11,95	11,54	11,12	10,65	10,18	9,22
16/04/2022 04:00:00	9,60	10,62	11,69	12,60	13,24	13,64	13,89	14,03	14,00	13,90	13,71	13,43	13,15	12,82	12,50	12,12	11,74	11,33	10,92	10,46	10,01	9,22
16/04/2022 04:05:00	9,46	10,76	11,74	12,50	12,96	13,24	13,40	13,49	13,50	13,46	13,36	13,19	13,01	12,76	12,52	12,19	11,86	11,51	11,15	10,77	10,38	9,15
16/04/2022 04:10:00	9,54	10,66	11,61	12,47	13,15	13,50	13,75	13,95	13,96	13,91	13,76	13,53	13,31	13,03	12,75	12,40	12,05	11,67	11,28	10,85	10,42	9,35
16/04/2022 04:15:00	9,45	10,53	11,57	12,42	13,00	13,46	13,75	13,93	13,94	13,88	13,72	13,49	13,25	12,97	12,68	12,34	12,00	11,61	11,23	10,80	10,37	9,61
16/04/2022 04:20:00	9,14	10,48	11,59	12,50	13,09	13,54	13,81	13,98	14,03	13,98	13,80	13,55	13,31	13,02	12,73	12,39	12,05	11,67	11,28	10,86	10,44	9,07
16/04/2022 04:25:00	8,86	10,18	11,40	12,42	13,14	13,57	13,81	13,93	14,00	13,95	13,75	13,47	13,19	12,87	12,54	12,17	11,80	11,39	10,99	10,54	10,10	8,46
16/04/2022 04:30:00	8,29	9,90	11,11	12,19	13,08	13,56	13,88	14,10	14,12	14,07	13,93	13,69	13,44	13,14	12,83	12,45	12,08	11,66	11,24	10,78	10,31	8,33
16/04/2022 04:35:00	7,97	10,17	11,52	12,55	13,21	13,64	13,87	13,97	14,00	13,93	13,75	13,49	13,23	12,92	12,62	12,24	11,87	11,48	11,08	10,66	10,23	8,07
16/04/2022 04:40:00	7,92	9,98	11,35	12,46	13,22	13,65	13,89	14,01	14,00	13,91	13,71	13,43	13,15	12,81	12,48	12,08	11,68	11,26	10,84	10,38	9,93	7,18
16/04/2022 04:45:00	7,49	9,36	10,92	12,16	12,98	13,43	13,77	14,02	14,11	14,04	13,81	13,51	13,20	12,87	12,53	12,15	11,78	11,37	10,97	10,52	10,08	5,21
16/04/2022 04:50:00	7,32	9,23	10,65	11,86	12,78	13,30	13,75	14,13	14,19	14,16	14,01	13,77	13,54	13,25	12,97	12,62	12,27	11,87	11,48	11,03	10,58	5,39
16/04/2022 04:55:00	7,34	9,56	10,96	12,10	12,91	13,48	13,78	13,94	13,96	13,95	13,89	13,72	13,55	13,28	13,01	12,64	12,26	11,85	11,45	11,00	10,55	5,71
16/04/2022 05:00:00	7,41	9,49	11,01	12,27	13,18	13,58	13,89	14,14	14,17	14,10	13,91	13,62	13,33	13,00	12,66	12,26	11,87	11,45	11,03	10,57	10,11	5,61
16/04/2022 05:05:00	7,29	9,25	10,75	12,00	12,94	13,40	13,75	14,02	14,06	14,01	13,86	13,60	13,35	13,03	12,71	12,33	11,94	11,52	11,11	10,65	10,19	5,56
16/04/2022 05:10:00	7,89	9,56	10,78	11,81	12,60	13,04	13,38	13,64	13,61	13,57	13,49	13,31	13,12	12,85	12,59	12,23	11,87	11,48	11,08	10,65	10,21	5,50
16/04/2022 05:15:00	8,01	9,71	11,00	12,01	12,67	13,01	13,29	13,52	13,52	13,50	13,43	13,26	13,10	12,85	12,60	12,26	11,92	11,55	11,18	10,77	10,37	5,64
16/04/2022 05:20:00	8,36	9,61	10,79	11,81	12,55	13,01	13,30	13,47	13,56	13,53	13,36	13,11	12,85	12,55	12,25	11,90	11,54	11,16	10,77	10,34	9,91	7,86
16/04/2022 05:25:00	8,31	9,71	10,88	11,87	12,60	13,11	13,42	13,62	13,66	13,62	13,46	13,23	12,99	12,70	12,40	12,05	11,70	11,30	10,91	10,47	10,03	7,94
16/04/2022 05:30:00	8,39	9,88	11,01	11,97	12,68	13,08	13,34	13,53	13,58	13,53	13,36	13,12	12,88	12,59	12,29	11,95	11,60	11,21	10,83	10,41	9,99	8,70
16/04/2022 05:35:00	8,44	9,81	10,85	11,78	12,54	13,01	13,35	13,59	13,61	13,59	13,52	13,34	13,17	12,92	12,67	12,34	12,00	11,62	11,24	10,81	10,38	8,45
16/04/2022 05:40:00	8,27	9,80	11,02	12,03	12,76	13,19	13,51	13,76	13,80	13,71	13,46	13,16	12,86	12,54	12,21	11,86	11,50	11,11	10,72	10,28	9,84	8,59
16/04/2022 05:45:00	8,07	9,63	10,91	11,94	12,62	13,16	13,49	13,70	13,75	13,71	13,56	13,32	13,09	12,80	12,52	12,17	11,82	11,43	11,05	10,62	10,19	8,35
16/04/2022 05:50:00	7,85	9,78	11,17	12,32	13,13	13,58	13,87	14,05	14,01	13,92	13,77	13,50	13,24	12,91	12,59	12,18	11,78	11,35	10,92	10,46	9,99	8,21
16/04/2022 05:55:00	7,85	9,75	11,19	12,37	13,19	13,65	13,91	14,05	14,07	13,97	13,71	13,38	13,04	12,67	12,30	11,89	11,48	11,05	10,62	10,14	9,67	7,87
16/04/2022 06:00:00	7,96	9,78	11,23	12,39	13,15	13,62	13,90	14,07	14,14	14,04	13,76	13,41	13,07	12,70	12,34	11,95	11,56	11,15	10,73	10,28	9,83	7,63
16/04/2022 06:05:00	8,01	9,75	11,10	12,24	13,07	13,56	13,90	14,12	14,12	14,04	13,83	13,53	13,24	12,90	12,56	12,17	11,78	11,36	10,94	10,47	10,00	7,67
16/04/2022 06:10:00	8,05	9,61	10,92	12,05	12,91	13,44	13,77	13,99	14,05	14,03	13,90	13,66	13,43	13,13	12,83	12,46	12,09	11,68	11,27	10,81	10,35	7,22
16/04/2022 06:15:00	8,31	9,65	10,97	12,05	12,78	13,29	13,65	13,93	14,05	14,04	13,88	13,64	13,41	13,13	12,85	12,51	12,18	11,80	11,43	11,00	10,58	7,80
16/04/2022 06:20:00	8,23	9,56	10,93	12,12	13,02	13,50	13,84	14,10	14,18	14,13	13,92	13,62	13,33	12,99	12,66	12,27	11,89	11,47	11,06	10,59	10,12	8,03
16/04/2022 06:25:00	8,37	9,67	10,91	12,00	12,83	13,30	13,68	14,00	14,10	14,04	13,80	13,50	13,19	12,87	12,55	12,20	11,85	11,46	11,07	10,62	10,18	8,23
16/04/2022 06:30:00	8,25	9,74	11,05	12,09	12,77	13,30	13,60	13,76	13,76	13,71	13,60	13,38	13,17	12,87	12,58	12,21	11,84	11,44	11,03	10,59	10,15	8,34
16/04/2022 06:35:00	8,15	9,66	10,98	12,12	12,98	13,54	13,88	14,10	14,16	14,10	13,90	13,60	13,31	12,98	12,65	12,26	11,88	11,46	11,04	10,57	10,10	8,35
16/04/2022 06:40:00	8,12	9,94	11,33	12,47	13,26	13,74	14,01	14,17	14,18	14,09	13,89	13,60	13,30	12,96	12,62	12,22	11,83	11,40	10,97	10,51	10,04	8,09
16/04/2022 06:45:00	8,39	10,04	11,38	12,50	13,29	13,63	13,91	14,14	14,04	13,91	13,73	13,44	13,16	12,81	12,47	12,06	11,66	11,22	10,79	10,32	9,85	8,17
16/04/2022 06:50:00	8,42	10,06	11,42	12,55	13,35	13,70	13,94	14,10	14,17	14,06	13,73	13,34	12,96	12,57	12,19	11,79	11,40	10,98	10,56	10,10	9,65	8,40
16/04/2022 06:55:00	8,24	9,74	11,08	12,24	13,13	13,64	13,95	14,14	14,22	14,20	14,04	13,78	13,52	13,20	12,88	12,50	12,12	11,70	11,28	10,81	10,35	8,27
16/04/2022 07:00:00	8,10	9,67	11,05	12,20	13,00	13,55	13,89	14,09	14,15	14,12	13,97	13,72	13,47	13,16	12,86	12,48	12,11	11,70	11,28	10,83	10,37	7,47
16/04/2022 07:05:00	8,10	9,54	10,88	12,10	13,07	13,60	13,99	14,30	14,39	14,32	14,07	13,75	13,42	13,07	12,72	12,34	11,96	11,53	11,10	10,62	10,14	7,12
16/04/2022 07:10:00	7,64	9,46	10,97	12,20	13,04	13,51	13,83	14,08	14,22	14,20	14,00	13,72	13,43	13,12	12,80	12,44	12,07	11,68	11,29	10,85	10,41	7,38
16/04/2022 07:15:00	7,32	9,04	10,59	11,96	13,04	13,60	14,02	14,32	14,36	14,32	14,19	13,93	13,67	13,34	13,00	12,60	12,19	11,74	11,30	10,80	10,30	7,35
16/04/2022 07:20:00	7,27	9,12	10,55	11,73	12,59	13,14	13,53	13,80	13,82	13,84	13,85	13,71	13,58	13,34	13,10	12,74	12,38	11,98	11,59	11,15	10,71	6,73
16/04/2022 07:25:00	7,27	9,19	10,72	12,02	13,01	13,53	13,92	14,24	14,33	14,31	14,14	13,88	13,62	13,30	12,98	12,61	12,23	11,81	11,40	10,94	10,47	5,85
16/04/2022 07:30:00	7,39	8,99	10,51	11,80	12,76	13,41	13,82	14,09	14,22	14,22	14,07	13,81	13,55	13,24	12,92	12,55	12,17	11,75	11,33	10,86	10,39	6,03
16/04/2022 07:35:00	7,46	8,85	10,43	11,81	12,86	13,49	13,96	14,32	14,43	14,43	14,28	14,02	13,75	13,43	13,11	12,73	12,35	11,92	11,49	11,00	10,52	5,77
16/04/2022 07:40:00	7,59	9,01	10,51	11,82	12,82	13,45	13,89	14,20	14,28	14,26	14,10	13,83	13,56	13,24	12,91	12,52	12,14	11,71	11,28	10,79	10,30	7,36
16/04/2022 07:45:00	7,59	9,04	10,41	11,64	12,63	13,20	13,64	13,98	14,07	14,10	14,03	13,84	13,65	13,39	13,12	12,76	12,40	12,00	11,60	11,14	10,68	6,52
16/04/2022 07:50:00	7,69	9,08	10,58	11,86	12,80	13,41	13,81	14,08	14,20	14,19	14,05	13,79	13,53	13,22	12,90	12,53	12,15	11,73	11,32	10,85	10,38	7,15
16/04/2022 07:55:00	7,81	9,19	10,51	11,73	12,77	13,38	13,78	14,04	14,21	14,24	14,11	13,87	13,64	13,34	13,05	12,68	12,32	11,91	11,50	11,02	10,55	7,45
16/04/2022 08:00:00	7,75	9,26	10,58	11,69	12,49	13,11	13,53	13,83	13,92	13,93	13,85	13,67	13,49	13,23	12,98	12,64	12,31	11,93	11,54	11,11	10,67	7,32
16/04/2022 08:05:00	7,72	9,23	10,55	11,70	12,60	13,22	13,61	13,87	14,02	14,05	13,91	13,69	13,47	13,19	12,91	12,56	12,22	11,82	11,43	10,98	10,54	7,43
16/04/2022 08:10:00	7,74	9,19	10,55	11,70	12,57	13,17	13,59	13,89	13,96	13,97	13,91	13,73	13,54	13,28	13,02	12,67	12,32	11,92	11,53	11,08	10,63	7,40
16/04/2022 08:15:00	7,46	8,88	10,28	11,47	12,35	12,88	13,31	13,66	13,70	13,71	13,66	13,49	13,32	13,06	12,80	12,45	12,10	11,70	11,31	10,87	10,43	7,22
16/04/2022 08:20:00	7,44	8,95	10,35	11,52	12,35	12,93	13,32	13,59	13,65	13,65	13,55	13,34	13,13	12,85	12,57	12,21	11,85	11,46	11,06	10,62	10,17	7,42
16/04/2022 08:25:00	7,49	8,82	10,12	11,28	12,20	12,84	13,23	13,49	13,62	13,67	13,62	13,45	13,28	13,03	12,77	12,43	12,08	11,69	11,30	10,86	10,41	6,90
16/04/2022 08:30:00	7,57	8,97	10,28	11,45	12,40	12,97	13,38	13,68	13,79	13,81	13,74	13,54	13,35	13,09	12,82	12,47	12,12	11,73	11,33	10,89	10,44	7,00
16/04/2022 08:35:00	7,69	9,20	10,45	11,52	12,35	12,89	13,27	13,56	13,68	13,68	13,53	13,31	13,09	12,81	12,54	12,21	11,88	11,50	11,13	10,70	10,28	7,65
16/04/2022 08:40:00	7,71	9,00	10,34	11,46	12,25	12,82	13,22	13,52	13,63	13,63	13,51	13,30	13,09	12,81	12,54	12,21	11,87	11,49	11,11	10,68	10,26	7,83
16/04/2022 08:45:00	7,62	9,04	10,28	11,36	12,21	12,74	13,14	13,45	13,56	13,60	13,54	13,37	13,21	12,97	12,74	12,41	12,09	11,72	11,35	10,93	10,51	7,75
16/04/2022 08:50:00	7,70	9,16	10,51	11,64	12,47	12,95	13,30	13,56	13,67	13,70	13,62	13,44	13,26	13,00	12,74	12,40	12,06	11,68	11,30	10,88	10,45	7,92
16/04/2022 08:55:00	7,76	9,24	10,49	11,54	12,30	12,88	13,24	13,47	13,61	13,66	13,61	13,47	13,32	13,09	12,86	12,54	12,22	11,85	11,49	11,08	10,67	7,78
16/04/2022 09:00:00	8,34	9,65	10,86	11,87	12,58	13,08	13,42	13,65	13,81	13,83	13,68	13,46	13,24	12,97	12,71	12,39	12,07	11,71	11,35	10,94	10,53	8,08
16/04/2022 09:05:00	8,50	9,63	10,81	11,82	12,57	13,15	13,51	13,73	13,86	13,88	13,75	13,54	13,33	13,06	12,80	12,47	12,13	11,76	11,38	10,95	10,52	8,85
16/04/2022 09:10:00	8,76	9,77	10,91	11,90	12,62	13,11	13,47	13,75	13,83	13,81	13,63	13,39	13,14	12,85	12,57	12,23	11,90	11,52	11,14	10,71	10,28	8,87
16/04/2022 09:15:00	8,83	9,86	10,92	11,85	12,57	13,03	13,34	13,56	13,59	13,59	13,54	13,38	13,22	12,98	12,74	12,40	12,06	11,68	11,30	10,87	10,45	9,27
16/04/2022 09:20:00	8,95	9,71	10,72	11,62	12,31	12,87	13,24	13,48	13,62	13,66	13,57	13,39	13,22	12,98	12,74	12,44	12,13	11,77	11,41	11,00	10,58	8,94
16/04/2022 09:25:00	8,78	9,72	10,78	11,75	12,52	13,12	13,50	13,73	13,84	13,85	13,75	13,55	13,35	13,09	12,83	12,50	12,17	11,78	11,40	10,96	10,52	8,87
16/04/2022 09:30:00	8,73	9,59	10,59	11,50	12,21	12,72	13,12	13,45	13,52	13,56	13,56	13,45	13,34	13,14	12,94	12,64	12,34	11,98	11,63	11,22	10,81	8,80
16/04/2022 09:35:00	8,85	9,64	10,58	11,43	12,09	12,57	12,93	13,23	13,34	13,42	13,44	13,36	13,28	13,11	12,93	12,65	12,37	12,04	11,71	11,32	10,94	9,96
16/04/2022 09:40:00	8,93	9,75	10,52	11,29	12,00	12,56	12,91	13,15	13,28	13,38	13,43	13,38	13,33	13,17	13,02	12,74	12,46	12,13	11,79	11,40	11,01	9,39
16/04/2022 09:45:00	9,07	9,99	10,75	11,48	12,16	12,48	12,77	13,04	13,14	13,21	13,24	13,17	13,10	12,94	12,78	12,51	12,24	11,92	11,60	11,23	10,86	9,25
16/04/2022 09:50:00	9,39	10,27	11,09	11,85	12,49	12,83	13,07	13,25	13,35	13,39	13,34	13,21	13,08	12,87	12,66	12,36	12,07	11,72	11,38	10,99	10,61	9,36
16/04/2022 09:55:00	9,48	10,40	11,14	11,88	12,57	12,95	13,28	13,57	13,62	13,64	13,61	13,49	13,37	13,18	12,98	12,69	12,40	12,05	11,71	11,31	10,91	9,68
16/04/2022 10:00:00	9,80	10,54	11,37	12,10	12,66	13,01	13,26	13,45	13,46	13,41	13,28	13,08	12,87	12,62	12,36	12,04	11,71	11,35	10,99	10,58	10,17	10,01
16/04/2022 10:05:00	10,11	10,86	11,56	12,15	12,58	12,83	12,98	13,07	13,10	13,10	13,03	12,89	12,74	12,53	12,32	12,02	11,72	11,39	11,06	10,69	10,32	10,49
16/04/2022 10:10:00	10,42	11,07	11,59	12,08	12,49	12,72	12,84	12,88	12,97	13,00	12,89	12,73	12,58	12,37	12,16	11,88	11,60	11,28	10,96	10,60	10,24	10,70
16/04/2022 10:15:00	10,59	11,04	11,50	11,92	12,27	12,42	12,54	12,65	12,70	12,71	12,67	12,57	12,47	12,30	12,12	11,86	11,60	11,30	11,00	10,67	10,33	10,80
16/04/2022 10:20:00	10,91	11,19	11,61	11,98	12,25	12,49	12,64	12,73	12,73	12,70	12,61	12,47	12,33	12,13	11,93	11,66	11,38	11,07	10,76	10,40	10,05	11,32
16/04/2022 10:25:00	11,19	11,40	11,76	12,07	12,26	12,47	12,59	12,64	12,68	12,70	12,65	12,56	12,46	12,30	12,13	11,89	11,64	11,35	11,05	10,72	10,40	11,32
16/04/2022 10:30:00	11,58	11,63	11,72	11,89	12,16	12,33	12,41	12,42	12,44	12,46	12,44	12,36	12,29	12,13	11,98	11,73	11,49	11,19	10,90	10,56	10,22	12,08
16/04/2022 10:35:00	11,90	11,88	11,91	12,01	12,17	12,29	12,37	12,42	12,37	12,34	12,38	12,35	12,32	12,19	12,07	11,83	11,59	11,30	11,01	10,69	10,36	12,26
16/04/2022 10:40:00	12,38	12,24	12,27	12,30	12,28	12,35	12,37	12,34	12,27	12,23	12,29	12,27	12,26	12,14	12,03	11,79	11,56	11,28	11,01	10,70	10,40	12,50
16/04/2022 10:45:00	12,61	12,50	12,44	12,40	12,39	12,38	12,33	12,27	12,25	12,25	12,23	12,18	12,12	11,99	11,87	11,64	11,42	11,16	10,90	10,60	10,31	12,95
16/04/2022 10:50:00	13,04	12,70	12,53	12,46	12,48	12,54	12,54	12,49	12,40	12,34	12,38	12,34	12,31	12,18	12,06	11,82	11,58	11,29	11,00	10,68	10,36	13,16
16/04/2022 10:55:00	13,04	12,83	12,72	12,67	12,65	12,57	12,51	12,49	12,44	12,41	12,42	12,39	12,35	12,24	12,12	11,89	11,67	11,40	11,14	10,85	10,55	13,62
16/04/2022 11:00:00	13,25	12,98	12,92	12,90	12,88	12,82	12,78	12,76	12,73	12,69	12,65	12,57	12,50	12,35	12,21	11,98	11,75	11,47	11,20	10,89	10,59	13,62
16/04/2022 11:05:00	13,61	13,30	13,11	12,98	12,93	12,82	12,71	12,64	12,61	12,59	12,51	12,41	12,31	12,16	12,01	11,78	11,56	11,29	11,03	10,74	10,44	14,10
16/04/2022 11:10:00	13,82	13,44	13,16	12,94	12,78	12,75	12,72	12,68	12,60	12,53	12,50	12,43	12,37	12,25	12,12	11,91	11,69	11,43	11,17	10,87	10,57	14,34
16/04/2022 11:15:00	14,05	13,81	13,45	13,17	13,03	12,80	12,64	12,56	12,45	12,36	12,29	12,21	12,13	11,99	11,85	11,63	11,40	11,14	10,88	10,59	10,30	14,82
16/04/2022 11:20:00	14,27	13,96	13,73	13,54	13,33	13,18	13,06	12,94	12,75	12,58	12,51	12,41	12,30	12,13	11,96	11,70	11,43	11,14	10,84	10,52	10,20	14,76
16/04/2022 11:25:00	14,56	14,28	14,11	13,94	13,73	13,55	13,37	13,20	12,99	12,78	12,62	12,44	12,26	12,04	11,82	11,53	11,23	10,92	10,60	10,26	9,92	14,94
16/04/2022 11:30:00	14,71	14,43	14,24	14,04	13,78	13,52	13,33	13,25	13,04	12,82	12,63	12,43	12,24	12,02	11,79	11,52	11,25	10,94	10,64	10,32	9,99	14,95
16/04/2022 11:35:00	14,99	14,62	14,39	14,17	13,90	13,69	13,51	13,36	13,14	12,92	12,76	12,58	12,40	12,18	11,97	11,68	11,40	11,09	10,78	10,44	10,11	14,73
16/04/2022 11:40:00	15,05	14,80	14,49	14,22	14,05	13,85	13,62	13,40	13,21	13,05	12,85	12,65	12,44	12,21	11,98	11,69	11,41	11,09	10,78	10,44	10,10	14,69
16/04/2022 11:45:00	15,21	14,90	14,49	14,14	13,92	13,66	13,45	13,30	13,10	12,90	12,71	12,52	12,34	12,12	11,91	11,64	11,37	11,07	10,76	10,43	10,11	15,79
16/04/2022 11:50:00	15,32	15,00	14,59	14,21	13,89	13,64	13,43	13,27	13,08	12,91	12,67	12,46	12,26	12,04	11,82	11,56	11,31	11,01	10,72	10,41	10,09	15,66
16/04/2022 11:55:00	15,43	14,95	14,48	14,08	13,77	13,50	13,25	13,03	12,84	12,70	12,54	12,39	12,23	12,04	11,85	11,60	11,34	11,06	10,78	10,47	10,16	15,91
16/04/2022 12:00:00	15,54	15,16	14,74	14,35	14,01	13,77	13,51	13,22	13,02	12,88	12,71	12,54	12,37	12,17	11,97	11,71	11,44	11,15	10,86	10,55	10,23	15,99
16/04/2022 12:05:00	15,67	15,27	14,86	14,48	14,15	13,94	13,72	13,45	13,21	13,01	12,80	12,60	12,39	12,16	11,93	11,64	11,36	11,05	10,73	10,39	10,06	16,18
16/04/2022 12:10:00	15,70	15,40	15,03	14,70	14,39	13,99	13,65	13,41	13,18	12,97	12,74	12,52	12,31	12,07	11,83	11,54	11,26	10,95	10,64	10,32	10,00	16,31
16/04/2022 12:15:00	15,95	15,47	15,07	14,68	14,24	13,93	13,63	13,33	13,12	12,98	12,77	12,58	12,38	12,17	11,95	11,69	11,43	11,14	10,85	10,55	10,24	16,50
16/04/2022 12:20:00	16,08	15,63	15,21	14,79	14,39	14,08	13,78	13,44	13,17	12,94	12,81	12,65	12,50	12,30	12,09	11,81	11,52	11,21	10,91	10,59	10,26	16,18
16/04/2022 12:25:00	16,10	15,77	15,29	14,79	14,33	13,94	13,65	13,47	13,21	12,95	12,72	12,52	12,32	12,11	11,89	11,63	11,37	11,08	10,79	10,48	10,17	16,21
16/04/2022 12:30:00	16,24	15,82	15,36	14,94	14,60	14,24	13,91	13,62	13,35	13,10	12,85	12,61	12,37	12,11	11,86	11,56	11,26	10,94	10,62	10,28	9,94	16,79
16/04/2022 12:35:00	16,22	15,88	15,39	14,92	14,51	14,14	13,81	13,52	13,25	13,02	12,79	12,58	12,36	12,13	11,89	11,61	11,33	11,03	10,72	10,40	10,08	16,37
16/04/2022 12:40:00	16,54	16,02	15,58	15,13	14,63	14,29	13,99	13,70	13,39	13,09	12,84	12,60	12,36	12,11	11,85	11,56	11,26	10,94	10,62	10,29	9,95	16,79
16/04/2022 12:45:00	16,56	16,16	15,64	15,15	14,74	14,34	13,96	13,61	13,36	13,19	12,98	12,79	12,60	12,38	12,16	11,88	11,61	11,31	11,02	10,71	10,39	16,64
16/04/2022 12:50:00	16,52	16,20	15,78	15,32	14,82	14,38	14,01	13,72	13,41	13,12	12,91	12,71	12,50	12,27	12,04	11,75	11,46	11,15	10,85	10,53	10,21	16,68
16/04/2022 12:55:00	16,62	16,26	15,76	15,27	14,82	14,48	14,14	13,77	13,49	13,27	13,06	12,86	12,67	12,44	12,21	11,92	11,64	11,33	11,02	10,69	10,37	16,51
16/04/2022 13:00:00	16,76	16,42	15,99	15,61	15,29	15,00	14,71	14,39	14,08	13,79	13,43	13,09	12,76	12,43	12,11	11,77	11,44	11,07	10,71	10,32	9,94	16,86
16/04/2022 13:05:00	16,90	16,65	16,18	15,71	15,27	14,96	14,66	14,31	13,99	13,70	13,46	13,22	12,99	12,73	12,47	12,16	11,85	11,51	11,18	10,82	10,47	17,09
16/04/2022 13:10:00	17,05	16,72	16,26	15,78	15,32	14,88	14,47	14,07	13,69	13,33	13,14	12,93	12,72	12,46	12,21	11,88	11,56	11,22	10,88	10,53	10,18	16,99
16/04/2022 13:15:00	17,16	16,78	16,30	15,83	15,41	14,92	14,47	14,13	13,79	13,47	13,21	12,96	12,70	12,43	12,16	11,84	11,52	11,19	10,85	10,51	10,16	17,27
16/04/2022 13:20:00	17,29	17,03	16,51	15,97	15,42	14,90	14,45	14,08	13,72	13,39	13,08	12,80	12,52	12,23	11,95	11,64	11,32	11,00	10,67	10,34	10,00	17,27
16/04/2022 13:25:00	17,34	17,09	16,59	16,04	15,51	15,09	14,67	14,18	13,82	13,55	13,25	12,97	12,70	12,41	12,13	11,81	11,49	11,15	10,82	10,48	10,14	17,13
16/04/2022 13:30:00	17,61	17,09	16,63	16,20	15,77	15,41	15,07	14,73	14,42	14,13	13,66	13,24	12,83	12,46	12,10	11,76	11,42	11,05	10,69	10,30	9,91	17,06
16/04/2022 13:35:00	17,67	17,50	16,98	16,42	15,93	15,41	14,92	14,47	14,09	13,76	13,41	13,09	12,77	12,46	12,14	11,81	11,47	11,13	10,78	10,43	10,07	17,34
16/04/2022 13:40:00	17,74	17,40	16,91	16,40	15,91	15,43	15,00	14,66	14,33	14,03	13,71	13,42	13,13	12,84	12,56	12,24	11,93	11,59	11,25	10,91	10,56	17,74
16/04/2022 13:45:00	17,98	17,55	17,03	16,48	15,88	15,45	15,06	14,64	14,26	13,91	13,62	13,35	13,07	12,79	12,50	12,18	11,86	11,51	11,17	10,82	10,46	17,89
16/04/2022 13:50:00	17,97	17,67	17,20	16,74	16,31	15,88	15,47	15,13	14,79	14,45	14,07	13,72	13,36	13,03	12,70	12,35	12,01	11,65	11,28	10,89	10,51	18,11
16/04/2022 13:55:00	18,25	17,94	17,48	16,99	16,46	15,99	15,55	15,09	14,68	14,29	13,96	13,65	13,33	13,01	12,68	12,33	11,97	11,60	11,23	10,85	10,47	18,21
16/04/2022 14:00:00	18,45	18,23	17,67	17,09	16,57	16,10	15,64	15,17	14,76	14,40	13,97	13,59	13,20	12,84	12,48	12,13	11,77	11,40	11,02	10,64	10,25	18,06
16/04/2022 14:05:00	18,66	18,28	17,75	17,21	16,68	16,16	15,70	15,34	14,90	14,43	14,07	13,73	13,39	13,05	12,71	12,35	11,99	11,61	11,23	10,83	10,44	18,56
16/04/2022 14:10:00	18,79	18,28	17,83	17,39	16,93	16,49	16,04	15,58	15,15	14,73	14,27	13,83	13,39	12,99	12,58	12,19	11,79	11,38	10,97	10,54	10,11	18,74
16/04/2022 14:15:00	19,04	18,70	18,20	17,64	17,03	16,51	16,00	15,47	14,97	14,49	14,11	13,75	13,39	13,02	12,66	12,27	11,89	11,49	11,10	10,69	10,29	19,09
16/04/2022 14:20:00	19,10	18,91	18,36	17,79	17,27	16,68	16,12	15,61	15,16	14,75	14,29	13,88	13,46	13,07	12,69	12,30	11,92	11,53	11,14	10,74	10,34	19,06
16/04/2022 14:25:00	19,16	18,90	18,45	17,94	17,31	16,78	16,29	15,81	15,34	14,90	14,47	14,07	13,68	13,30	12,93	12,55	12,17	11,78	11,39	10,99	10,59	18,74
16/04/2022 14:30:00	19,40	18,96	18,49	17,98	17,39	16,89	16,40	15,84	15,36	14,95	14,56	14,19	13,82	13,45	13,08	12,69	12,31	11,91	11,51	11,10	10,70	19,42
16/04/2022 14:35:00	19,22	19,17	18,69	18,12	17,53	16,99	16,48	15,95	15,48	15,06	14,59	14,17	13,75	13,36	12,97	12,59	12,20	11,81	11,41	11,01	10,60	18,54
16/04/2022 14:40:00	19,56	19,11	18,59	18,08	17,57	17,09	16,62	16,11	15,65	15,23	14,73	14,27	13,80	13,38	12,96	12,56	12,16	11,74	11,32	10,88	10,45	19,27
16/04/2022 14:45:00	19,70	19,34	18,79	18,21	17,64	17,19	16,77	16,28	15,77	15,26	14,81	14,40	13,99	13,60	13,21	12,80	12,40	11,98	11,55	11,11	10,67	19,27
16/04/2022 14:50:00	19,71	19,39	18,93	18,40	17,72	17,12	16,57	16,01	15,54	15,12	14,56	14,06	13,56	13,13	12,69	12,30	11,90	11,49	11,09	10,68	10,27	19,47
16/04/2022 14:55:00	19,72	19,31	18,85	18,37	17,86	17,36	16,88	16,42	15,95	15,46	14,91	14,41	13,91	13,46	13,01	12,59	12,17	11,74	11,31	10,86	10,41	19,42
16/04/2022 15:00:00	19,72	19,34	18,81	18,29	17,82	17,25	16,70	16,29	15,85	15,39	14,90	14,45	14,00	13,59	13,17	12,78	12,38	11,97	11,55	11,12	10,70	19,58
16/04/2022 15:05:00	19,57	19,64	19,24	18,70	18,08	17,46	16,87	16,30	15,72	15,14	14,62	14,15	13,68	13,24	12,79	12,36	11,92	11,48	11,05	10,61	10,17	18,81
16/04/2022 15:10:00	19,97	19,67	19,20	18,68	18,10	17,55	17,02	16,49	16,00	15,54	14,99	14,49	13,99	13,54	13,09	12,68	12,27	11,84	11,41	10,98	10,54	19,34
16/04/2022 15:15:00	20,03	19,80	19,24	18,65	18,13	17,60	17,07	16,51	15,96	15,40	14,88	14,40	13,92	13,47	13,02	12,58	12,15	11,70	11,25	10,78	10,32	19,46
16/04/2022 15:20:00	19,71	19,70	19,27	18,77	18,31	17,75	17,18	16,62	16,06	15,50	15,02	14,56	14,10	13,65	13,21	12,76	12,32	11,86	11,41	10,95	10,49	19,62
16/04/2022 15:25:00	20,10	19,74	19,30	18,79	18,13	17,53	16,98	16,50	16,00	15,50	14,97	14,48	14,00	13,57	13,13	12,72	12,31	11,89	11,48	11,05	10,62	19,66
16/04/2022 15:30:00	19,92	19,78	19,31	18,79	18,28	17,66	17,01	16,43	15,91	15,43	14,83	14,27	13,72	13,23	12,74	12,30	11,86	11,42	10,98	10,53	10,09	19,37
16/04/2022 15:35:00	19,92	19,70	19,28	18,81	18,25	17,69	17,13	16,54	16,00	15,51	14,97	14,46	13,96	13,50	13,04	12,60	12,16	11,72	11,27	10,82	10,38	19,12
16/04/2022 15:40:00	19,81	19,58	19,17	18,72	18,18	17,66	17,15	16,67	16,17	15,66	15,11	14,60	14,10	13,64	13,18	12,75	12,32	11,88	11,44	10,98	10,52	18,92
16/04/2022 15:45:00	19,98	19,64	19,18	18,69	18,18	17,64	17,09	16,53	16,05	15,62	15,10	14,61	14,12	13,68	13,24	12,82	12,40	11,97	11,54	11,10	10,66	19,14
16/04/2022 15:50:00	20,02	19,56	19,14	18,70	18,21	17,69	17,17	16,69	16,19	15,66	15,23	14,81	14,39	13,98	13,58	13,15	12,72	12,29	11,85	11,40	10,95	19,62
16/04/2022 15:55:00	20,01	19,72	19,18	18,65	18,20	17,70	17,21	16,75	16,25	15,70	15,27	14,86	14,46	14,06	13,66	13,24	12,81	12,37	11,93	11,47	11,01	19,51
16/04/2022 16:00:00	20,19	19,91	19,48	19,02	18,58	18,05	17,50	16,95	16,43	15,91	15,32	14,75	14,19	13,70	13,20	12,74	12,28	11,81	11,35	10,86	10,38	19,52
16/04/2022 16:05:00	20,06	19,60	19,20	18,75	18,18	17,58	17,01	16,55	16,08	15,61	15,10	14,62	14,15	13,72	13,29	12,88	12,47	12,05	11,63	11,20	10,77	19,59
16/04/2022 16:10:00	20,17	19,83	19,38	18,88	18,32	17,77	17,25	16,79	16,30	15,79	15,26	14,78	14,29	13,85	13,42	13,00	12,58	12,14	11,71	11,26	10,81	19,50
16/04/2022 16:15:00	20,16	19,88	19,44	18,96	18,39	17,86	17,34	16,78	16,27	15,80	15,22	14,68	14,14	13,66	13,19	12,75	12,32	11,87	11,43	10,97	10,52	19,70
16/04/2022 16:20:00	20,09	19,98	19,58	19,07	18,41	17,83	17,28	16,73	16,19	15,68	15,15	14,66	14,17	13,73	13,29	12,86	12,43	12,00	11,57	11,13	10,70	19,81
16/04/2022 16:25:00	20,32	19,99	19,57	19,13	18,69	18,15	17,58	17,01	16,48	15,95	15,45	14,97	14,49	14,03	13,58	13,12	12,67	12,21	11,74	11,27	10,79	19,97
16/04/2022 16:30:00	20,19	19,97	19,49	18,97	18,42	17,94	17,46	16,90	16,39	15,94	15,42	14,94	14,46	14,02	13,59	13,16	12,74	12,30	11,86	11,41	10,95	19,60
16/04/2022 16:35:00	20,26	20,03	19,59	19,14	18,67	18,21	17,71	17,11	16,59	16,11	15,56	15,04	14,52	14,04	13,57	13,12	12,67	12,20	11,73	11,25	10,77	19,77
16/04/2022 16:40:00	20,67	20,16	19,63	19,12	18,64	18,06	17,46	16,92	16,39	15,87	15,41	14,98	14,54	14,12	13,70	13,27	12,83	12,38	11,93	11,48	11,02	20,59
16/04/2022 16:45:00	20,56	20,21	19,78	19,31	18,70	18,08	17,49	16,94	16,46	16,04	15,54	15,08	14,61	14,18	13,76	13,35	12,94	12,52	12,11	11,68	11,26	19,72
16/04/2022 16:50:00	20,53	20,38	20,00	19,55	19,00	18,44	17,89	17,37	16,85	16,33	15,78	15,27	14,76	14,29	13,83	13,39	12,95	12,49	12,04	11,58	11,11	19,94
16/04/2022 16:55:00	20,63	20,30	19,84	19,36	18,84	18,33	17,82	17,30	16,80	16,30	15,84	15,41	14,98	14,56	14,14	13,72	13,29	12,85	12,40	11,95	11,49	20,26
16/04/2022 17:00:00	20,58	20,42	19,96	19,44	18,89	18,32	17,74	17,12	16,58	16,11	15,60	15,13	14,65	14,21	13,77	13,34	12,90	12,46	12,02	11,57	11,12	20,04
16/04/2022 17:05:00	20,76	20,44	19,92	19,36	18,78	18,21	17,68	17,20	16,70	16,20	15,70	15,25	14,80	14,38	13,96	13,55	13,14	12,70	12,27	11,83	11,38	20,06
16/04/2022 17:10:00	20,78	20,51	20,05	19,59	19,12	18,57	18,00	17,45	16,88	16,27	15,78	15,31	14,84	14,38	13,92	13,45	12,99	12,51	12,03	11,54	11,05	19,81
16/04/2022 17:15:00	20,78	20,53	20,14	19,69	19,14	18,64	18,13	17,58	17,03	16,49	15,91	15,37	14,82	14,33	13,85	13,39	12,93	12,46	11,98	11,50	11,01	20,11
16/04/2022 17:20:00	20,77	20,66	20,24	19,74	19,15	18,54	17,94	17,39	16,87	16,37	15,81	15,29	14,77	14,31	13,85	13,41	12,97	12,53	12,08	11,62	11,17	20,14
16/04/2022 17:25:00	20,75	20,37	19,98	19,57	19,13	18,57	18,01	17,56	17,05	16,46	15,92	15,40	14,89	14,41	13,94	13,48	13,02	12,55	12,08	11,59	11,10	20,08
16/04/2022 17:30:00	20,80	20,45	20,12	19,71	19,13	18,54	17,96	17,40	16,86	16,34	15,85	15,38	14,90	14,46	14,02	13,57	13,13	12,68	12,23	11,77	11,31	20,11
16/04/2022 17:35:00	20,91	20,61	20,16	19,66	19,14	18,64	18,13	17,58	17,02	16,45	15,93	15,44	14,95	14,49	14,03	13,57	13,12	12,64	12,17	11,68	11,20	20,17
16/04/2022 17:40:00	20,83	20,59	20,23	19,79	19,24	18,70	18,17	17,65	17,09	16,49	15,93	15,40	14,88	14,40	13,92	13,46	12,99	12,52	12,04	11,56	11,07	20,21
16/04/2022 17:45:00	20,88	20,59	20,16	19,69	19,19	18,67	18,15	17,63	17,09	16,53	16,04	15,58	15,12	14,68	14,24	13,79	13,34	12,87	12,41	11,93	11,44	20,11
16/04/2022 17:50:00	20,78	20,56	20,13	19,65	19,12	18,60	18,08	17,57	17,06	16,57	16,05	15,58	15,10	14,66	14,22	13,78	13,35	12,90	12,45	11,99	11,52	19,96
16/04/2022 17:55:00	20,88	20,58	20,12	19,62	19,09	18,58	18,07	17,53	17,02	16,56	16,06	15,59	15,11	14,68	14,24	13,82	13,39	12,94	12,49	12,03	11,56	20,27
16/04/2022 18:00:00	20,86	20,54	20,12	19,67	19,19	18,68	18,14	17,58	17,05	16,53	16,04	15,58	15,11	14,67	14,23	13,78	13,33	12,86	12,40	11,92	11,44	19,80
16/04/2022 18:05:00	20,72	20,48	20,08	19,65	19,15	18,61	18,07	17,54	17,04	16,54	16,04	15,57	15,10	14,66	14,22	13,78	13,34	12,89	12,44	11,97	11,51	19,86
16/04/2022 18:10:00	20,71	20,53	20,13	19,66	19,10	18,54	18,00	17,48	16,95	16,41	15,92	15,47	15,02	14,59	14,16	13,72	13,28	12,83	12,38	11,92	11,46	19,72
16/04/2022 18:15:00	20,68	20,48	20,06	19,59	19,08	18,51	17,95	17,48	16,96	16,39	15,95	15,53	15,12	14,71	14,30	13,87	13,44	12,99	12,54	12,08	11,62	19,67
16/04/2022 18:20:00	20,52	20,45	20,12	19,70	19,19	18,66	18,12	17,60	17,11	16,65	16,12	15,63	15,13	14,68	14,23	13,80	13,36	12,92	12,47	12,01	11,55	19,72
16/04/2022 18:25:00	20,50	20,50	20,13	19,68	19,17	18,60	18,03	17,47	16,99	16,59	16,09	15,61	15,14	14,70	14,27	13,85	13,43	13,00	12,56	12,12	11,68	19,59
16/04/2022 18:30:00	20,50	20,28	19,95	19,59	19,17	18,72	18,24	17,70	17,19	16,70	16,23	15,78	15,32	14,88	14,44	14,00	13,55	13,08	12,61	12,13	11,64	19,49
16/04/2022 18:35:00	20,43	20,38	20,02	19,58	19,09	18,60	18,10	17,57	17,06	16,57	16,09	15,63	15,18	14,75	14,32	13,88	13,44	12,99	12,54	12,07	11,61	19,62
16/04/2022 18:40:00	20,41	20,32	19,98	19,61	19,19	18,74	18,28	17,81	17,32	16,81	16,28	15,78	15,27	14,81	14,35	13,90	13,45	12,98	12,50	12,01	11,52	19,19
16/04/2022 18:45:00	20,48	20,39	20,01	19,58	19,11	18,63	18,14	17,59	17,08	16,59	16,10	15,63	15,16	14,72	14,28	13,84	13,39	12,93	12,47	12,00	11,52	19,07
16/04/2022 18:50:00	20,43	20,24	19,93	19,58	19,15	18,72	18,25	17,70	17,22	16,81	16,27	15,76	15,24	14,77	14,31	13,86	13,42	12,96	12,49	12,01	11,53	19,49
16/04/2022 18:55:00	20,40	20,39	20,06	19,67	19,25	18,76	18,26	17,79	17,28	16,72	16,17	15,65	15,14	14,66	14,19	13,73	13,27	12,79	12,31	11,82	11,33	19,33
16/04/2022 19:00:00	20,28	20,23	19,98	19,65	19,20	18,73	18,25	17,73	17,24	16,76	16,22	15,71	15,21	14,74	14,27	13,82	13,37	12,91	12,44	11,96	11,48	19,23
16/04/2022 19:05:00	20,24	20,21	19,91	19,53	19,06	18,60	18,14	17,62	17,09	16,54	16,11	15,69	15,26	14,84	14,42	13,98	13,53	13,07	12,61	12,13	11,65	18,91
16/04/2022 19:10:00	20,20	20,19	19,90	19,53	19,10	18,64	18,15	17,65	17,17	16,69	16,20	15,74	15,27	14,84	14,40	13,96	13,52	13,06	12,60	12,13	11,66	18,67
16/04/2022 19:15:00	20,11	20,11	19,87	19,54	19,04	18,55	18,06	17,57	17,10	16,64	16,15	15,68	15,21	14,77	14,34	13,91	13,48	13,03	12,59	12,13	11,67	18,85
16/04/2022 19:20:00	20,21	20,05	19,72	19,38	19,01	18,57	18,11	17,62	17,16	16,72	16,26	15,81	15,36	14,93	14,51	14,07	13,64	13,18	12,73	12,25	11,78	18,79
16/04/2022 19:25:00	20,15	19,96	19,68	19,38	19,02	18,59	18,13	17,66	17,22	16,80	16,31	15,82	15,34	14,89	14,45	14,01	13,58	13,12	12,66	12,18	11,70	18,61
16/04/2022 19:30:00	20,08	20,00	19,68	19,31	18,91	18,46	18,00	17,55	17,12	16,70	16,23	15,77	15,32	14,90	14,48	14,06	13,65	13,21	12,76	12,30	11,84	18,71
16/04/2022 19:35:00	19,98	19,92	19,61	19,26	18,88	18,41	17,93	17,50	17,06	16,61	16,12	15,66	15,20	14,77	14,33	13,91	13,48	13,03	12,58	12,12	11,65	18,04
16/04/2022 19:40:00	19,79	19,78	19,54	19,21	18,74	18,31	17,87	17,37	16,88	16,37	15,98	15,59	15,20	14,80	14,41	13,97	13,54	13,10	12,65	12,19	11,73	17,92
16/04/2022 19:45:00	19,51	19,71	19,50	19,20	18,79	18,37	17,93	17,47	16,96	16,40	15,93	15,47	15,02	14,57	14,13	13,68	13,22	12,75	12,28	11,80	11,32	17,53
16/04/2022 19:50:00	19,67	19,49	19,32	19,07	18,60	18,16	17,74	17,33	16,87	16,37	15,96	15,55	15,14	14,73	14,33	13,90	13,48	13,04	12,59	12,14	11,68	17,63
16/04/2022 19:55:00	19,46	19,35	19,05	18,76	18,48	18,07	17,63	17,27	16,89	16,51	16,11	15,72	15,33	14,95	14,57	14,17	13,77	13,34	12,91	12,45	12,00	17,41
16/04/2022 20:00:00	19,41	19,35	19,15	18,88	18,48	18,05	17,64	17,26	16,87	16,45	16,03	15,63	15,22	14,84	14,45	14,05	13,64	13,22	12,79	12,35	11,90	17,50
16/04/2022 20:05:00	19,22	19,18	19,01	18,80	18,48	18,15	17,78	17,36	16,94	16,53	16,09	15,66	15,23	14,81	14,40	13,97	13,55	13,09	12,64	12,17	11,70	17,48
16/04/2022 20:10:00	19,01	18,99	18,87	18,71	18,37	18,03	17,67	17,28	16,90	16,53	16,10	15,68	15,26	14,86	14,46	14,04	13,63	13,19	12,76	12,30	11,84	17,27
16/04/2022 20:15:00	18,83	19,09	18,91	18,64	18,21	17,83	17,44	17,01	16,60	16,22	15,81	15,42	15,02	14,64	14,26	13,87	13,47	13,05	12,63	12,19	11,76	17,02
16/04/2022 20:20:00	18,51	18,77	18,68	18,49	18,18	17,83	17,46	17,07	16,67	16,27	15,79	15,33	14,87	14,45	14,02	13,60	13,18	12,74	12,30	11,83	11,37	16,84
16/04/2022 20:25:00	18,46	18,57	18,45	18,27	18,00	17,68	17,33	17,01	16,67	16,30	15,91	15,52	15,13	14,76	14,38	13,98	13,59	13,16	12,74	12,29	11,85	16,54
16/04/2022 20:30:00	18,23	18,46	18,36	18,18	17,88	17,61	17,31	16,94	16,58	16,24	15,87	15,51	15,14	14,78	14,42	14,03	13,64	13,22	12,80	12,35	11,91	16,24
16/04/2022 20:35:00	18,20	18,42	18,37	18,25	18,01	17,65	17,29	16,99	16,60	16,17	15,76	15,36	14,96	14,56	14,16	13,74	13,33	12,89	12,45	11,99	11,53	16,28
16/04/2022 20:40:00	18,09	18,20	18,08	17,92	17,69	17,41	17,10	16,75	16,40	16,05	15,68	15,31	14,94	14,57	14,20	13,81	13,41	12,99	12,56	12,12	11,67	16,25
16/04/2022 20:45:00	17,93	18,20	18,13	17,99	17,75	17,42	17,10	16,81	16,46	16,09	15,67	15,26	14,86	14,47	14,08	13,69	13,29	12,86	12,44	11,99	11,55	16,38
16/04/2022 20:50:00	17,76	18,00	17,96	17,83	17,56	17,31	17,03	16,67	16,31	15,95	15,57	15,19	14,81	14,43	14,06	13,66	13,26	12,83	12,40	11,96	11,51	15,77
16/04/2022 20:55:00	17,57	17,67	17,64	17,61	17,55	17,28	16,98	16,72	16,42	16,08	15,72	15,36	14,99	14,62	14,24	13,84	13,44	13,01	12,57	12,11	11,65	15,41
16/04/2022 21:00:00	17,38	17,51	17,56	17,55	17,40	17,26	17,06	16,77	16,42	16,04	15,65	15,25	14,85	14,45	14,05	13,63	13,22	12,77	12,32	11,84	11,36	15,12
16/04/2022 21:05:00	17,07	17,47	17,55	17,54	17,37	17,16	16,92	16,62	16,30	15,96	15,58	15,19	14,81	14,43	14,05	13,65	13,25	12,82	12,39	11,94	11,49	15,23
16/04/2022 21:10:00	17,07	17,39	17,43	17,42	17,34	17,12	16,80	16,41	16,16	15,96	15,51	15,08	14,65	14,25	13,84	13,45	13,05	12,63	12,21	11,77	11,32	15,30
16/04/2022 21:15:00	16,91	17,33	17,41	17,41	17,34	17,10	16,83	16,59	16,23	15,81	15,46	15,09	14,71	14,33	13,94	13,53	13,11	12,66	12,22	11,75	11,29	15,10
16/04/2022 21:20:00	16,95	17,33	17,35	17,28	17,11	16,87	16,59	16,30	16,02	15,74	15,36	15,00	14,63	14,27	13,91	13,54	13,16	12,75	12,35	11,92	11,49	14,87
16/04/2022 21:25:00	16,91	17,26	17,37	17,39	17,24	17,05	16,78	16,41	16,05	15,68	15,33	14,96	14,59	14,20	13,82	13,40	12,98	12,53	12,09	11,63	11,17	15,14
16/04/2022 21:30:00	16,75	17,29	17,33	17,24	17,04	16,77	16,47	16,13	15,80	15,46	15,10	14,75	14,39	14,03	13,67	13,28	12,89	12,48	12,07	11,64	11,21	14,80
16/04/2022 21:35:00	16,69	16,88	16,98	17,03	16,97	16,83	16,63	16,38	16,09	15,77	15,39	15,00	14,62	14,23	13,85	13,45	13,05	12,61	12,18	11,72	11,25	15,00
16/04/2022 21:40:00	16,55	16,88	16,95	16,94	16,80	16,53	16,24	16,02	15,75	15,46	15,07	14,69	14,31	13,95	13,58	13,21	12,83	12,43	12,03	11,61	11,19	15,10
16/04/2022 21:45:00	16,18	16,55	16,71	16,79	16,68	16,46	16,22	15,98	15,72	15,44	15,11	14,77	14,43	14,08	13,73	13,35	12,97	12,57	12,16	11,74	11,31	14,20
16/04/2022 21:50:00	16,24	16,42	16,57	16,67	16,62	16,48	16,31	16,16	15,90	15,57	15,21	14,83	14,46	14,08	13,71	13,32	12,94	12,52	12,09	11,64	11,19	14,42
16/04/2022 21:55:00	16,10	16,46	16,53	16,57	16,53	16,42	16,26	16,05	15,80	15,53	15,21	14,88	14,54	14,20	13,86	13,49	13,11	12,70	12,29	11,85	11,41	14,20
16/04/2022 22:00:00	15,96	16,17	16,31	16,41	16,41	16,31	16,15	15,92	15,68	15,43	15,16	14,86	14,56	14,23	13,91	13,53	13,15	12,74	12,33	11,89	11,45	14,15
16/04/2022 22:05:00	15,89	16,32	16,45	16,52	16,50	16,43	16,28	16,04	15,78	15,51	15,17	14,82	14,46	14,11	13,75	13,36	12,98	12,56	12,14	11,69	11,24	13,53
16/04/2022 22:10:00	15,67	16,02	16,26	16,41	16,37	16,23	16,08	15,99	15,74	15,42	15,08	14,74	14,39	14,04	13,69	13,31	12,94	12,53	12,12	11,68	11,24	13,97
16/04/2022 22:15:00	15,59	15,87	15,99	16,10	16,15	16,13	16,02	15,81	15,62	15,42	15,18	14,90	14,62	14,32	14,01	13,65	13,29	12,88	12,48	12,05	11,61	13,45
16/04/2022 22:20:00	15,53	15,77	15,99	16,19	16,27	16,28	16,22	16,09	15,88	15,61	15,28	14,93	14,58	14,22	13,86	13,48	13,10	12,67	12,24	11,78	11,32	13,52
16/04/2022 22:25:00	15,11	15,77	16,17	16,45	16,47	16,48	16,40	16,24	16,01	15,73	15,36	14,99	14,61	14,23	13,85	13,45	13,06	12,63	12,20	11,73	11,27	12,95
16/04/2022 22:30:00	15,12	15,62	15,98	16,28	16,44	16,43	16,33	16,15	16,00	15,83	15,51	15,16	14,82	14,46	14,11	13,73	13,35	12,93	12,51	12,06	11,61	13,60
16/04/2022 22:35:00	15,14	15,57	15,92	16,26	16,51	16,49	16,39	16,27	16,15	16,00	15,60	15,21	14,81	14,43	14,05	13,67	13,29	12,87	12,44	11,98	11,52	13,90
16/04/2022 22:40:00	14,96	15,49	15,92	16,26	16,39	16,52	16,55	16,46	16,27	16,03	15,68	15,32	14,95	14,58	14,21	13,82	13,43	13,00	12,56	12,09	11,61	13,89
16/04/2022 22:45:00	14,88	15,45	15,91	16,26	16,39	16,43	16,39	16,31	16,13	15,89	15,55	15,18	14,81	14,45	14,08	13,69	13,31	12,88	12,46	12,00	11,53	13,61
16/04/2022 22:50:00	14,77	15,31	15,70	16,03	16,26	16,29	16,25	16,19	16,01	15,78	15,53	15,24	14,95	14,62	14,29	13,91	13,53	13,11	12,69	12,23	11,77	13,45
16/04/2022 22:55:00	14,71	15,07	15,48	15,84	16,04	16,22	16,26	16,15	16,03	15,87	15,61	15,31	15,00	14,68	14,35	13,98	13,61	13,19	12,78	12,32	11,85	13,29
16/04/2022 23:00:00	14,56	15,12	15,47	15,78	16,00	16,12	16,16	16,14	15,98	15,77	15,56	15,30	15,04	14,74	14,45	14,08	13,72	13,31	12,90	12,44	11,99	12,73
16/04/2022 23:05:00	14,73	15,00	15,37	15,70	15,89	15,96	15,94	15,83	15,74	15,63	15,42	15,15	14,89	14,60	14,30	13,95	13,60	13,21	12,82	12,39	11,96	12,83
16/04/2022 23:10:00	14,65	15,01	15,44	15,82	16,06	16,19	16,23	16,19	16,08	15,90	15,58	15,24	14,89	14,55	14,20	13,83	13,46	13,04	12,61	12,15	11,68	12,43
16/04/2022 23:15:00	14,49	14,91	15,36	15,78	16,10	16,27	16,32	16,29	16,15	15,96	15,73	15,44	15,15	14,82	14,50	14,12	13,73	13,30	12,87	12,39	11,91	12,59
16/04/2022 23:20:00	14,45	14,84	15,30	15,69	15,87	16,03	16,11	16,11	15,96	15,77	15,59	15,35	15,11	14,82	14,54	14,18	13,82	13,41	13,00	12,55	12,10	12,36
16/04/2022 23:25:00	14,35	14,67	15,13	15,57	15,88	16,00	16,07	16,14	16,05	15,90	15,75	15,54	15,33	15,06	14,79	14,45	14,10	13,70	13,30	12,85	12,41	12,37
16/04/2022 23:30:00	14,15	14,71	15,19	15,59	15,80	16,09	16,23	16,21	16,17	16,09	15,78	15,46	15,15	14,83	14,52	14,18	13,84	13,44	13,04	12,59	12,14	12,37
16/04/2022 23:35:00	14,30	14,61	15,09	15,57	15,97	16,15	16,18	16,13	16,13	16,09	15,81	15,50	15,19	14,86	14,54	14,18	13,82	13,42	13,01	12,55	12,09	12,78
16/04/2022 23:40:00	14,19	14,53	15,06	15,57	15,93	16,08	16,16	16,20	16,13	16,01	15,83	15,58	15,34	15,05	14,75	14,40	14,04	13,63	13,22	12,76	12,30	12,72
16/04/2022 23:45:00	14,08	14,51	15,00	15,52	16,01	16,23	16,34	16,38	16,34	16,23	15,98	15,69	15,39	15,07	14,75	14,38	14,02	13,59	13,16	12,68	12,20	12,70
16/04/2022 23:50:00	14,06	14,31	14,86	15,42	15,86	16,14	16,29	16,35	16,31	16,22	16,08	15,86	15,64	15,37	15,09	14,73	14,38	13,96	13,54	13,07	12,60	12,59
16/04/2022 23:55:00	13,88	14,41	15,05	15,65	16,08	16,37	16,55	16,62	16,57	16,43	16,10	15,74	15,39	15,02	14,66	14,29	13,91	13,47	13,03	12,53	12,04	12,89
