FileFormat:0002.2 file with temperature of atmosphere
SN105HE102 RTK
local	GMT or Local
0	GMT-Local=[hours]
20	Height[m]
0	0	0	Longitude                [grd]               [min]               [sec]
0	0	0	Latitude                [grd]               [min]               [sec]
N	NS
56,45	Freq[GHz]
0,00	dTemostat[K]
0,150	MessErr[K]
0,248	//[grad/step]
version 14.4.20120406
MTP5HE102F5645K-38.60I70D222917+A1.1
Commentary:
SN105HE102
парабола ДНА = 2,5 град
НЕ102 - ПУ - ХВБ с ЦСД " S "
АЦП - 202 - 09 с контр.U пит.и М
оптопара серии - 2
Т out № 178 пл
БП LPS - 112
End Of Commentary

SYSTEM\summer.dat
data time	0	50	100	150	200	250	300	350	400	450	500	550	600	650	700	750	800	850	900	950	1000	OutsideTemperature
07/07/2022 00:00:00	17,89	18,14	18,09	17,92	17,62	17,29	16,93	16,57	16,22	15,88	15,54	15,20	14,86	14,51	14,17	13,78	13,40	12,99	12,59	12,17	11,75	17,83
07/07/2022 00:05:00	17,96	18,15	18,01	17,81	17,57	17,28	16,97	16,67	16,34	16,01	15,75	15,48	15,21	14,91	14,60	14,24	13,87	13,47	13,07	12,65	12,22	17,96
07/07/2022 00:10:00	18,05	18,08	18,02	17,91	17,69	17,42	17,11	16,74	16,42	16,13	15,77	15,40	15,03	14,67	14,30	13,91	13,52	13,10	12,68	12,23	11,79	18,08
07/07/2022 00:15:00	18,16	18,29	18,23	18,11	17,86	17,62	17,35	17,03	16,69	16,34	16,05	15,74	15,43	15,10	14,76	14,38	13,99	13,57	13,15	12,71	12,27	18,24
07/07/2022 00:20:00	18,14	18,30	18,19	18,02	17,74	17,45	17,16	16,87	16,58	16,31	16,10	15,87	15,64	15,37	15,10	14,75	14,40	14,02	13,64	13,24	12,83	18,23
07/07/2022 00:25:00	18,18	18,25	18,18	18,09	17,90	17,64	17,37	17,14	16,89	16,63	16,29	15,96	15,62	15,29	14,95	14,59	14,23	13,83	13,42	12,99	12,56	18,22
07/07/2022 00:30:00	18,08	18,17	18,20	18,16	17,96	17,69	17,41	17,17	16,92	16,67	16,39	16,10	15,82	15,51	15,20	14,84	14,48	14,09	13,69	13,27	12,85	18,17
07/07/2022 00:35:00	18,13	18,07	17,96	17,86	17,72	17,51	17,27	17,03	16,82	16,64	16,39	16,14	15,88	15,60	15,31	14,97	14,63	14,25	13,86	13,45	13,03	17,43
07/07/2022 00:40:00	17,78	18,00	17,92	17,77	17,61	17,37	17,08	16,78	16,52	16,28	16,06	15,81	15,56	15,28	15,00	14,65	14,29	13,91	13,52	13,11	12,69	17,29
07/07/2022 00:45:00	17,76	17,60	17,51	17,41	17,25	17,03	16,78	16,53	16,28	16,05	15,76	15,46	15,17	14,86	14,54	14,19	13,83	13,44	13,05	12,63	12,20	17,32
07/07/2022 00:50:00	17,73	17,78	17,63	17,42	17,11	16,92	16,71	16,42	16,16	15,92	15,66	15,40	15,14	14,86	14,58	14,24	13,91	13,53	13,16	12,75	12,35	17,72
07/07/2022 00:55:00	17,90	17,76	17,53	17,29	17,06	16,83	16,60	16,40	16,12	15,82	15,71	15,55	15,40	15,18	14,96	14,63	14,30	13,93	13,56	13,16	12,76	17,86
07/07/2022 01:00:00	17,80	17,61	17,43	17,26	17,04	16,88	16,71	16,48	16,22	15,94	15,75	15,52	15,30	15,03	14,76	14,43	14,09	13,70	13,31	12,89	12,47	17,86
07/07/2022 01:05:00	17,80	17,82	17,62	17,42	17,19	16,95	16,74	16,58	16,37	16,14	15,87	15,61	15,35	15,08	14,80	14,49	14,17	13,80	13,43	13,03	12,63	17,86
07/07/2022 01:10:00	17,71	17,73	17,66	17,57	17,39	17,19	16,97	16,71	16,43	16,13	15,98	15,77	15,57	15,30	15,04	14,68	14,33	13,93	13,54	13,12	12,70	17,83
07/07/2022 01:15:00	17,87	17,86	17,70	17,52	17,35	17,13	16,90	16,67	16,47	16,29	16,11	15,92	15,72	15,48	15,24	14,93	14,61	14,25	13,88	13,49	13,10	17,81
07/07/2022 01:20:00	17,70	17,80	17,69	17,52	17,29	17,05	16,79	16,55	16,35	16,19	15,90	15,62	15,35	15,06	14,78	14,46	14,14	13,78	13,41	13,02	12,64	17,78
07/07/2022 01:25:00	17,66	17,61	17,50	17,41	17,35	17,18	16,97	16,73	16,54	16,40	16,15	15,89	15,63	15,34	15,06	14,72	14,39	14,00	13,62	13,20	12,78	17,69
07/07/2022 01:30:00	17,72	17,58	17,54	17,52	17,50	17,33	17,14	17,03	16,81	16,53	16,29	16,01	15,74	15,44	15,14	14,78	14,42	14,01	13,60	13,16	12,71	17,64
07/07/2022 01:35:00	17,48	17,46	17,45	17,41	17,30	17,17	17,02	16,91	16,70	16,44	16,22	15,98	15,73	15,45	15,18	14,84	14,49	14,10	13,71	13,29	12,86	17,51
07/07/2022 01:40:00	17,24	17,32	17,46	17,61	17,67	17,62	17,48	17,28	17,05	16,80	16,43	16,05	15,66	15,28	14,89	14,49	14,09	13,64	13,19	12,71	12,22	17,06
07/07/2022 01:45:00	17,21	17,10	17,02	17,03	17,18	17,16	17,08	17,01	16,88	16,72	16,48	16,22	15,96	15,68	15,40	15,06	14,72	14,32	13,92	13,46	13,01	16,88
07/07/2022 01:50:00	16,87	16,91	16,88	16,86	16,83	16,78	16,68	16,55	16,38	16,20	15,90	15,61	15,32	15,02	14,72	14,38	14,04	13,65	13,26	12,82	12,39	16,80
07/07/2022 01:55:00	17,03	17,07	17,15	17,22	17,17	17,11	16,99	16,82	16,66	16,50	16,19	15,87	15,56	15,24	14,92	14,57	14,22	13,82	13,43	12,99	12,55	16,87
07/07/2022 02:00:00	17,03	17,05	17,17	17,28	17,29	17,22	17,11	16,99	16,75	16,45	16,24	15,98	15,72	15,41	15,11	14,73	14,36	13,94	13,51	13,05	12,59	17,24
07/07/2022 02:05:00	17,20	17,23	17,32	17,39	17,36	17,32	17,21	17,03	16,82	16,59	16,35	16,08	15,81	15,50	15,20	14,83	14,47	14,06	13,64	13,19	12,74	17,19
07/07/2022 02:10:00	17,12	17,20	17,17	17,14	17,14	17,05	16,88	16,64	16,43	16,22	15,96	15,69	15,41	15,10	14,80	14,44	14,08	13,67	13,26	12,82	12,38	17,11
07/07/2022 02:15:00	17,30	17,27	17,27	17,31	17,35	17,26	17,12	16,98	16,80	16,59	16,27	15,94	15,61	15,28	14,95	14,58	14,22	13,80	13,39	12,93	12,47	17,35
07/07/2022 02:20:00	17,33	17,37	17,35	17,30	17,18	17,04	16,84	16,56	16,32	16,09	15,81	15,51	15,21	14,90	14,58	14,22	13,85	13,45	13,05	12,61	12,18	17,39
07/07/2022 02:25:00	17,27	17,34	17,27	17,19	17,07	16,94	16,77	16,54	16,33	16,14	15,92	15,69	15,45	15,18	14,91	14,57	14,24	13,85	13,47	13,05	12,64	17,37
07/07/2022 02:30:00	17,24	17,27	17,22	17,18	17,11	16,92	16,73	16,64	16,39	16,06	15,87	15,64	15,41	15,13	14,86	14,50	14,15	13,75	13,36	12,93	12,49	16,91
07/07/2022 02:35:00	17,05	17,07	16,99	16,90	16,73	16,58	16,41	16,20	16,00	15,81	15,62	15,41	15,20	14,95	14,70	14,38	14,05	13,69	13,32	12,92	12,53	16,77
07/07/2022 02:40:00	17,21	17,26	17,12	17,02	17,01	16,93	16,79	16,58	16,38	16,19	15,90	15,60	15,30	15,00	14,69	14,34	13,99	13,59	13,19	12,75	12,31	16,88
07/07/2022 02:45:00	17,07	16,98	16,96	16,97	16,91	16,80	16,66	16,54	16,39	16,22	16,01	15,77	15,54	15,27	15,01	14,68	14,36	13,98	13,60	13,19	12,77	16,92
07/07/2022 02:50:00	17,10	17,16	17,11	17,08	17,09	16,96	16,80	16,69	16,48	16,24	16,07	15,86	15,65	15,39	15,13	14,79	14,45	14,06	13,66	13,23	12,81	16,72
07/07/2022 02:55:00	16,56	16,60	16,71	16,83	16,92	16,89	16,76	16,56	16,39	16,22	15,95	15,65	15,36	15,04	14,72	14,35	13,98	13,57	13,16	12,71	12,26	16,57
07/07/2022 03:00:00	16,58	16,47	16,58	16,71	16,75	16,76	16,72	16,62	16,42	16,17	15,94	15,68	15,41	15,10	14,80	14,43	14,07	13,65	13,24	12,78	12,32	16,51
07/07/2022 03:05:00	16,41	16,36	16,57	16,79	16,89	16,87	16,76	16,58	16,37	16,12	15,77	15,40	15,02	14,64	14,26	13,86	13,46	13,02	12,58	12,10	11,62	16,46
07/07/2022 03:10:00	16,35	16,59	16,79	16,92	16,91	16,81	16,66	16,49	16,28	16,04	15,74	15,42	15,10	14,77	14,43	14,06	13,69	13,28	12,87	12,43	11,98	16,50
07/07/2022 03:15:00	16,58	16,77	16,94	17,04	16,97	16,78	16,57	16,41	16,14	15,80	15,47	15,12	14,76	14,41	14,05	13,66	13,27	12,85	12,43	11,99	11,54	16,63
07/07/2022 03:20:00	16,67	16,78	16,78	16,75	16,63	16,47	16,27	16,04	15,77	15,49	15,21	14,91	14,61	14,28	13,96	13,60	13,23	12,83	12,43	12,00	11,57	16,65
07/07/2022 03:25:00	16,87	16,62	16,35	16,07	15,74	15,41	15,05	14,65	14,29	13,94	13,63	13,31	12,99	12,66	12,33	11,96	11,59	11,21	10,83	10,43	10,03	16,75
07/07/2022 03:30:00	16,69	16,83	16,66	16,40	16,02	15,53	15,07	14,73	14,37	14,03	13,88	13,70	13,51	13,27	13,02	12,68	12,34	12,00	11,66	11,31	10,97	16,91
07/07/2022 03:35:00	17,33	17,47	17,18	16,85	16,49	16,05	15,60	15,16	14,72	14,27	13,85	13,44	13,03	12,63	12,24	11,83	11,43	11,02	10,60	10,18	9,76	17,14
07/07/2022 03:40:00	17,33	17,40	17,08	16,70	16,27	15,83	15,45	15,16	14,89	14,67	14,50	14,33	14,16	13,95	13,74	13,45	13,16	12,85	12,53	12,21	11,88	17,20
07/07/2022 03:45:00	17,45	17,52	17,23	16,88	16,44	16,08	15,71	15,27	14,94	14,68	14,38	14,09	13,80	13,50	13,20	12,87	12,53	12,17	11,81	11,44	11,07	17,47
07/07/2022 03:50:00	17,51	17,69	17,39	17,01	16,62	16,14	15,71	15,39	15,01	14,61	14,36	14,11	13,86	13,58	13,30	12,95	12,60	12,24	11,87	11,50	11,13	17,42
07/07/2022 03:55:00	17,77	17,78	17,56	17,23	16,77	16,28	15,83	15,44	15,04	14,64	14,30	13,97	13,64	13,30	12,97	12,60	12,23	11,85	11,47	11,09	10,70	17,69
07/07/2022 04:00:00	17,45	17,60	17,40	17,10	16,63	16,32	16,01	15,62	15,25	14,90	14,60	14,30	14,00	13,69	13,38	13,02	12,67	12,29	11,91	11,52	11,13	17,84
07/07/2022 04:05:00	17,27	17,20	16,95	16,68	16,39	16,11	15,82	15,54	15,17	14,76	14,60	14,39	14,18	13,91	13,64	13,29	12,93	12,55	12,16	11,76	11,35	17,37
07/07/2022 04:10:00	17,00	16,97	16,79	16,58	16,31	16,01	15,72	15,43	15,16	14,91	14,74	14,54	14,35	14,10	13,86	13,53	13,20	12,85	12,49	12,12	11,74	17,15
07/07/2022 04:15:00	17,09	17,14	16,98	16,84	16,69	16,45	16,19	15,97	15,72	15,48	15,29	15,07	14,85	14,59	14,33	13,99	13,66	13,29	12,91	12,51	12,11	17,19
07/07/2022 04:20:00	17,02	17,08	16,81	16,51	16,26	15,98	15,74	15,57	15,35	15,15	15,04	14,91	14,79	14,60	14,41	14,13	13,85	13,52	13,19	12,84	12,49	17,12
07/07/2022 04:25:00	16,96	17,12	17,04	16,92	16,74	16,54	16,34	16,15	15,95	15,76	15,57	15,37	15,17	14,93	14,69	14,37	14,06	13,70	13,35	12,96	12,58	17,06
07/07/2022 04:30:00	17,10	17,21	17,19	17,12	16,96	16,77	16,56	16,33	16,14	15,97	15,70	15,43	15,16	14,88	14,59	14,26	13,93	13,56	13,19	12,79	12,39	17,02
07/07/2022 04:35:00	17,01	17,18	17,19	17,15	17,03	16,83	16,62	16,43	16,20	15,96	15,75	15,51	15,27	14,99	14,71	14,37	14,03	13,64	13,26	12,85	12,44	16,77
07/07/2022 04:40:00	16,87	17,11	17,15	17,10	16,85	16,70	16,52	16,25	15,97	15,69	15,42	15,13	14,84	14,53	14,22	13,86	13,50	13,11	12,71	12,30	11,88	16,59
07/07/2022 04:45:00	16,36	16,58	16,71	16,78	16,73	16,63	16,49	16,32	16,10	15,85	15,58	15,28	14,98	14,67	14,35	13,99	13,63	13,22	12,82	12,39	11,95	16,52
07/07/2022 04:50:00	16,46	16,56	16,66	16,72	16,62	16,49	16,34	16,19	16,02	15,86	15,62	15,37	15,13	14,85	14,58	14,25	13,92	13,55	13,18	12,78	12,38	16,47
07/07/2022 04:55:00	16,43	16,55	16,47	16,39	16,34	16,26	16,14	15,97	15,79	15,63	15,48	15,30	15,12	14,89	14,66	14,34	14,03	13,67	13,30	12,90	12,50	16,40
07/07/2022 05:00:00	16,44	16,56	16,52	16,46	16,39	16,26	16,11	15,97	15,82	15,68	15,46	15,24	15,01	14,76	14,51	14,20	13,89	13,53	13,17	12,78	12,39	16,44
07/07/2022 05:05:00	16,36	16,44	16,51	16,61	16,71	16,64	16,50	16,35	16,22	16,10	15,90	15,66	15,43	15,15	14,88	14,55	14,21	13,82	13,44	13,02	12,60	16,34
07/07/2022 05:10:00	16,45	16,38	16,44	16,48	16,44	16,33	16,23	16,19	16,08	15,94	15,67	15,41	15,14	14,87	14,60	14,29	13,98	13,62	13,26	12,86	12,46	16,40
07/07/2022 05:15:00	16,45	16,29	16,39	16,50	16,49	16,46	16,39	16,32	16,21	16,07	15,80	15,52	15,24	14,95	14,66	14,33	14,01	13,63	13,25	12,83	12,41	16,41
07/07/2022 05:20:00	16,23	16,40	16,37	16,34	16,28	16,24	16,16	16,00	15,85	15,71	15,56	15,39	15,21	14,99	14,76	14,45	14,15	13,79	13,42	13,03	12,63	16,40
07/07/2022 05:25:00	16,37	16,43	16,47	16,50	16,50	16,48	16,40	16,25	16,14	16,05	15,89	15,70	15,51	15,27	15,04	14,73	14,42	14,06	13,69	13,29	12,89	16,44
07/07/2022 05:30:00	16,39	16,55	16,69	16,80	16,76	16,76	16,71	16,59	16,49	16,40	16,17	15,94	15,70	15,44	15,18	14,87	14,56	14,19	13,82	13,41	13,00	16,40
07/07/2022 05:35:00	16,23	16,28	16,33	16,38	16,41	16,45	16,46	16,42	16,26	16,08	16,01	15,89	15,77	15,57	15,37	15,05	14,74	14,37	13,99	13,58	13,16	16,35
07/07/2022 05:40:00	16,03	16,40	16,51	16,61	16,69	16,67	16,61	16,57	16,41	16,22	16,08	15,90	15,72	15,48	15,24	14,91	14,58	14,20	13,82	13,39	12,97	15,95
07/07/2022 05:45:00	15,94	16,12	16,21	16,27	16,27	16,30	16,27	16,19	16,13	16,10	15,99	15,85	15,72	15,53	15,34	15,06	14,78	14,44	14,10	13,72	13,34	15,84
07/07/2022 05:50:00	15,70	15,93	16,11	16,25	16,30	16,37	16,38	16,31	16,19	16,06	15,98	15,85	15,71	15,50	15,29	14,98	14,67	14,30	13,94	13,53	13,12	15,72
07/07/2022 05:55:00	15,65	15,86	16,16	16,44	16,58	16,61	16,60	16,60	16,49	16,35	16,22	16,03	15,84	15,59	15,34	15,01	14,68	14,30	13,91	13,49	13,06	15,63
07/07/2022 06:00:00	15,64	15,91	16,10	16,28	16,41	16,47	16,50	16,54	16,44	16,29	16,14	15,95	15,76	15,52	15,29	14,97	14,66	14,28	13,90	13,48	13,05	15,62
07/07/2022 06:05:00	15,67	15,90	16,08	16,26	16,43	16,52	16,54	16,50	16,43	16,35	16,20	16,01	15,82	15,58	15,34	15,03	14,72	14,34	13,96	13,54	13,12	15,68
07/07/2022 06:10:00	15,72	15,97	16,16	16,33	16,40	16,44	16,42	16,34	16,28	16,23	16,09	15,93	15,76	15,54	15,32	15,02	14,72	14,36	14,00	13,61	13,21	15,71
07/07/2022 06:15:00	15,65	15,95	16,18	16,41	16,57	16,67	16,72	16,74	16,61	16,44	16,27	16,07	15,86	15,60	15,34	15,01	14,68	14,28	13,88	13,44	12,99	15,74
07/07/2022 06:20:00	15,75	15,99	16,21	16,41	16,55	16,62	16,63	16,60	16,51	16,40	16,20	15,97	15,74	15,47	15,21	14,88	14,56	14,17	13,79	13,36	12,93	15,79
07/07/2022 06:25:00	15,90	15,83	16,04	16,25	16,34	16,43	16,45	16,41	16,38	16,35	16,15	15,93	15,72	15,47	15,22	14,92	14,62	14,25	13,89	13,47	13,06	15,89
07/07/2022 06:30:00	16,00	16,02	16,10	16,24	16,45	16,58	16,63	16,62	16,55	16,45	16,34	16,18	16,02	15,79	15,57	15,26	14,95	14,56	14,18	13,74	13,31	15,99
07/07/2022 06:35:00	15,96	15,85	15,96	16,17	16,43	16,56	16,60	16,56	16,51	16,45	16,39	16,26	16,12	15,91	15,70	15,39	15,08	14,69	14,31	13,88	13,44	16,05
07/07/2022 06:40:00	15,96	15,97	16,14	16,31	16,43	16,49	16,49	16,44	16,37	16,29	16,28	16,19	16,10	15,92	15,75	15,45	15,15	14,79	14,42	14,02	13,62	16,12
07/07/2022 06:45:00	16,09	15,96	16,06	16,21	16,35	16,43	16,52	16,67	16,65	16,58	16,48	16,35	16,22	16,03	15,84	15,57	15,30	14,95	14,59	14,19	13,78	16,07
07/07/2022 06:50:00	16,21	16,22	16,26	16,37	16,56	16,67	16,71	16,72	16,67	16,61	16,56	16,45	16,33	16,15	15,96	15,67	15,38	15,02	14,65	14,24	13,82	16,13
07/07/2022 06:55:00	16,10	16,15	16,19	16,31	16,50	16,55	16,52	16,43	16,40	16,41	16,36	16,26	16,15	15,97	15,79	15,50	15,21	14,86	14,50	14,10	13,70	16,15
07/07/2022 07:00:00	16,20	16,10	16,18	16,34	16,56	16,58	16,58	16,62	16,58	16,51	16,45	16,33	16,21	16,02	15,83	15,54	15,24	14,88	14,51	14,10	13,69	16,20
07/07/2022 07:05:00	16,29	15,93	16,03	16,18	16,28	16,42	16,49	16,49	16,47	16,44	16,37	16,25	16,14	15,95	15,77	15,48	15,20	14,85	14,49	14,09	13,68	16,33
07/07/2022 07:10:00	16,15	15,95	16,03	16,17	16,31	16,41	16,44	16,42	16,37	16,33	16,25	16,12	15,98	15,79	15,59	15,29	15,00	14,64	14,27	13,86	13,45	16,53
07/07/2022 07:15:00	16,24	15,90	15,93	16,02	16,11	16,22	16,27	16,26	16,28	16,32	16,32	16,27	16,22	16,08	15,95	15,70	15,45	15,12	14,80	14,42	14,04	16,34
07/07/2022 07:20:00	16,12	15,96	15,96	16,04	16,17	16,29	16,37	16,41	16,38	16,34	16,31	16,24	16,16	16,00	15,84	15,57	15,31	14,96	14,62	14,22	13,82	16,11
07/07/2022 07:25:00	16,09	15,81	15,76	15,81	15,94	16,02	16,05	16,07	16,07	16,07	16,07	16,02	15,97	15,83	15,69	15,44	15,18	14,85	14,52	14,14	13,76	16,13
07/07/2022 07:30:00	16,16	15,92	15,82	15,80	15,86	15,90	15,95	16,04	16,03	16,00	16,03	16,01	16,00	15,89	15,78	15,54	15,31	15,00	14,68	14,32	13,96	16,29
07/07/2022 07:35:00	16,20	15,81	15,78	15,84	15,90	16,00	16,07	16,09	16,12	16,15	16,06	15,94	15,83	15,66	15,49	15,24	14,99	14,67	14,34	13,96	13,58	16,44
07/07/2022 07:40:00	16,15	15,90	15,89	15,94	16,05	16,13	16,15	16,12	16,06	16,00	15,98	15,89	15,81	15,64	15,47	15,19	14,91	14,56	14,21	13,81	13,42	16,57
07/07/2022 07:45:00	16,47	16,11	16,12	16,21	16,36	16,47	16,53	16,52	16,49	16,45	16,41	16,30	16,20	16,02	15,85	15,56	15,28	14,92	14,56	14,15	13,74	16,64
07/07/2022 07:50:00	16,51	16,13	16,02	16,06	16,25	16,40	16,50	16,58	16,59	16,58	16,53	16,44	16,34	16,18	16,02	15,76	15,50	15,15	14,80	14,39	13,98	16,45
07/07/2022 07:55:00	16,50	16,24	16,25	16,33	16,42	16,56	16,62	16,57	16,52	16,48	16,41	16,29	16,18	15,99	15,80	15,51	15,23	14,87	14,51	14,09	13,68	16,61
07/07/2022 08:00:00	16,53	16,31	16,27	16,28	16,27	16,23	16,20	16,24	16,25	16,27	16,27	16,24	16,21	16,10	15,98	15,75	15,52	15,22	14,91	14,57	14,22	16,74
07/07/2022 08:05:00	16,50	16,19	16,13	16,16	16,24	16,39	16,51	16,58	16,58	16,57	16,54	16,47	16,40	16,26	16,11	15,86	15,61	15,28	14,94	14,55	14,15	16,41
07/07/2022 08:10:00	16,60	16,21	16,13	16,15	16,24	16,36	16,42	16,40	16,39	16,41	16,42	16,38	16,33	16,20	16,06	15,81	15,55	15,22	14,89	14,50	14,11	16,42
07/07/2022 08:15:00	16,57	16,29	16,21	16,20	16,21	16,23	16,27	16,38	16,39	16,40	16,37	16,32	16,27	16,15	16,03	15,81	15,58	15,27	14,96	14,60	14,24	16,52
07/07/2022 08:20:00	16,67	16,18	16,06	16,09	16,28	16,44	16,55	16,63	16,66	16,70	16,76	16,75	16,74	16,64	16,53	16,29	16,05	15,72	15,39	15,00	14,61	16,60
07/07/2022 08:25:00	16,66	16,31	16,17	16,17	16,38	16,53	16,60	16,59	16,58	16,58	16,59	16,53	16,48	16,34	16,19	15,93	15,66	15,31	14,96	14,55	14,14	17,19
07/07/2022 08:30:00	16,89	16,37	16,29	16,32	16,41	16,50	16,60	16,72	16,78	16,84	16,75	16,65	16,55	16,40	16,25	16,01	15,78	15,46	15,14	14,76	14,37	17,14
07/07/2022 08:35:00	16,98	16,54	16,36	16,38	16,64	16,73	16,75	16,71	16,64	16,58	16,63	16,59	16,54	16,39	16,24	15,95	15,66	15,29	14,92	14,49	14,07	17,74
07/07/2022 08:40:00	17,02	16,49	16,36	16,38	16,55	16,75	16,87	16,92	16,93	16,93	16,82	16,68	16,54	16,36	16,17	15,90	15,63	15,27	14,91	14,48	14,05	17,64
07/07/2022 08:45:00	16,97	16,47	16,38	16,36	16,34	16,44	16,50	16,48	16,44	16,41	16,38	16,29	16,21	16,06	15,90	15,65	15,39	15,05	14,71	14,33	13,94	16,83
07/07/2022 08:50:00	17,09	16,53	16,31	16,26	16,40	16,52	16,56	16,50	16,47	16,48	16,47	16,40	16,34	16,19	16,04	15,77	15,51	15,16	14,81	14,40	13,99	17,06
07/07/2022 08:55:00	17,17	16,65	16,39	16,26	16,28	16,43	16,52	16,46	16,39	16,34	16,35	16,31	16,26	16,13	15,99	15,73	15,48	15,13	14,79	14,38	13,98	17,19
07/07/2022 09:00:00	17,19	16,68	16,41	16,28	16,33	16,41	16,44	16,43	16,43	16,46	16,35	16,22	16,10	15,93	15,76	15,52	15,27	14,94	14,61	14,22	13,83	17,34
07/07/2022 09:05:00	17,25	16,59	16,42	16,39	16,49	16,57	16,61	16,65	16,65	16,66	16,57	16,45	16,33	16,15	15,98	15,72	15,47	15,12	14,78	14,38	13,98	17,13
07/07/2022 09:10:00	17,34	16,88	16,71	16,64	16,66	16,56	16,45	16,37	16,23	16,06	16,08	16,02	15,95	15,79	15,63	15,33	15,03	14,68	14,32	13,92	13,52	18,30
07/07/2022 09:15:00	17,34	16,71	16,48	16,35	16,25	16,28	16,30	16,26	16,22	16,21	16,18	16,12	16,06	15,93	15,79	15,55	15,31	14,99	14,67	14,30	13,93	17,35
07/07/2022 09:20:00	17,12	16,65	16,50	16,48	16,55	16,75	16,89	16,91	16,85	16,77	16,71	16,59	16,48	16,30	16,12	15,85	15,57	15,20	14,84	14,41	13,98	16,97
07/07/2022 09:25:00	17,32	16,89	16,70	16,57	16,48	16,51	16,50	16,39	16,28	16,20	16,11	16,00	15,88	15,70	15,52	15,24	14,96	14,62	14,27	13,88	13,48	17,29
07/07/2022 09:30:00	17,49	16,97	16,68	16,52	16,49	16,39	16,26	16,16	16,09	16,05	16,04	15,98	15,93	15,79	15,65	15,39	15,13	14,81	14,48	14,11	13,74	17,81
07/07/2022 09:35:00	17,25	16,91	16,87	16,85	16,73	16,68	16,58	16,38	16,24	16,12	16,05	15,92	15,78	15,58	15,38	15,08	14,77	14,41	14,06	13,66	13,27	17,51
07/07/2022 09:40:00	17,38	16,86	16,66	16,53	16,48	16,42	16,35	16,30	16,26	16,24	16,23	16,18	16,13	16,00	15,87	15,62	15,38	15,06	14,75	14,39	14,03	17,48
07/07/2022 09:45:00	17,52	17,01	16,77	16,64	16,65	16,52	16,40	16,44	16,36	16,25	16,19	16,09	16,00	15,83	15,67	15,40	15,14	14,80	14,47	14,08	13,70	17,70
07/07/2022 09:50:00	17,72	17,33	17,10	16,94	16,87	16,64	16,39	16,22	16,10	16,02	15,95	15,83	15,72	15,54	15,36	15,08	14,79	14,46	14,13	13,76	13,39	18,90
07/07/2022 09:55:00	17,74	17,26	16,94	16,67	16,49	16,40	16,28	16,08	15,91	15,79	15,80	15,76	15,71	15,57	15,44	15,17	14,90	14,56	14,23	13,87	13,50	18,26
07/07/2022 10:00:00	17,64	17,08	16,79	16,55	16,32	16,09	15,94	15,98	16,00	16,05	16,06	16,05	16,05	15,98	15,90	15,72	15,53	15,28	15,02	14,73	14,43	17,65
07/07/2022 10:05:00	17,49	17,15	16,89	16,70	16,59	16,48	16,44	16,52	16,48	16,41	16,28	16,16	16,03	15,87	15,71	15,47	15,24	14,92	14,61	14,24	13,88	17,31
07/07/2022 10:10:00	17,65	17,22	17,00	16,80	16,58	16,48	16,42	16,40	16,32	16,26	16,19	16,10	16,02	15,87	15,73	15,49	15,25	14,94	14,64	14,28	13,93	17,92
07/07/2022 10:15:00	17,97	17,44	17,24	17,15	17,09	17,11	17,08	16,97	16,82	16,65	16,45	16,23	16,01	15,75	15,50	15,18	14,86	14,47	14,07	13,63	13,19	18,54
07/07/2022 10:20:00	18,29	17,76	17,57	17,45	17,27	17,13	17,01	16,92	16,80	16,69	16,47	16,24	16,02	15,78	15,54	15,24	14,95	14,59	14,24	13,84	13,44	18,57
07/07/2022 10:25:00	18,52	18,09	17,83	17,64	17,49	17,30	17,09	16,93	16,77	16,63	16,41	16,18	15,96	15,71	15,46	15,15	14,84	14,48	14,11	13,70	13,30	19,70
07/07/2022 10:30:00	18,81	18,22	17,79	17,51	17,41	17,40	17,36	17,21	17,07	16,97	16,74	16,51	16,28	16,03	15,79	15,49	15,19	14,81	14,43	14,00	13,57	19,64
07/07/2022 10:35:00	18,93	18,51	18,12	17,87	17,94	17,81	17,59	17,31	17,04	16,78	16,56	16,30	16,04	15,74	15,43	15,06	14,69	14,26	13,82	13,35	12,87	19,56
07/07/2022 10:40:00	19,25	18,70	18,37	18,07	17,77	17,48	17,23	17,09	16,88	16,64	16,40	16,17	15,94	15,69	15,44	15,13	14,82	14,46	14,09	13,69	13,29	19,87
07/07/2022 10:45:00	19,64	19,33	18,91	18,48	18,07	17,60	17,18	16,94	16,63	16,29	16,07	15,86	15,65	15,40	15,15	14,83	14,50	14,14	13,78	13,39	13,01	20,36
07/07/2022 10:50:00	19,95	19,38	18,84	18,38	18,01	17,64	17,29	16,95	16,67	16,44	16,33	16,19	16,06	15,85	15,65	15,35	15,04	14,69	14,34	13,96	13,58	20,69
07/07/2022 10:55:00	20,00	19,54	19,12	18,71	18,29	17,92	17,62	17,46	17,25	17,02	16,76	16,51	16,27	16,02	15,77	15,47	15,18	14,83	14,47	14,09	13,70	20,84
07/07/2022 11:00:00	20,38	19,83	19,31	18,79	18,30	17,91	17,53	17,10	16,75	16,50	16,44	16,36	16,28	16,11	15,94	15,63	15,33	14,98	14,63	14,27	13,90	21,93
07/07/2022 11:05:00	20,65	20,17	19,66	19,09	18,43	17,89	17,47	17,24	16,98	16,72	16,52	16,34	16,16	15,96	15,76	15,49	15,22	14,90	14,58	14,25	13,91	22,09
07/07/2022 11:10:00	20,80	20,20	19,68	19,23	18,90	18,55	18,22	17,99	17,68	17,29	16,93	16,60	16,26	15,93	15,59	15,23	14,86	14,44	14,02	13,56	13,10	21,99
07/07/2022 11:15:00	21,03	20,63	20,06	19,50	18,99	18,51	18,10	17,83	17,52	17,15	16,79	16,47	16,15	15,84	15,53	15,19	14,86	14,47	14,08	13,67	13,25	22,19
07/07/2022 11:20:00	21,39	20,76	20,05	19,41	18,96	18,50	18,04	17,63	17,20	16,77	16,46	16,17	15,88	15,56	15,25	14,87	14,50	14,09	13,67	13,23	12,79	23,04
07/07/2022 11:25:00	21,24	20,84	20,25	19,67	19,15	18,70	18,27	17,80	17,35	16,91	16,54	16,19	15,85	15,49	15,14	14,75	14,36	13,94	13,51	13,06	12,61	22,54
07/07/2022 11:30:00	21,37	20,82	20,29	19,78	19,33	18,83	18,35	17,99	17,62	17,26	16,94	16,64	16,34	16,03	15,72	15,36	14,99	14,59	14,19	13,77	13,34	21,79
07/07/2022 11:35:00	21,82	21,26	20,74	20,23	19,66	19,08	18,52	18,09	17,65	17,21	16,77	16,36	15,95	15,57	15,18	14,78	14,38	13,96	13,53	13,09	12,64	22,96
07/07/2022 11:40:00	21,57	21,16	20,57	19,96	19,33	18,74	18,19	17,74	17,31	16,90	16,48	16,10	15,72	15,36	15,01	14,63	14,26	13,86	13,45	13,04	12,62	22,88
07/07/2022 11:45:00	21,66	21,13	20,53	19,88	19,23	18,67	18,19	17,88	17,54	17,20	16,87	16,58	16,29	16,00	15,71	15,40	15,08	14,71	14,35	13,96	13,58	22,32
07/07/2022 11:50:00	21,71	21,14	20,58	20,01	19,37	18,84	18,35	17,78	17,30	16,92	16,53	16,16	15,79	15,43	15,07	14,68	14,30	13,88	13,47	13,03	12,60	23,00
07/07/2022 11:55:00	22,07	21,64	21,01	20,37	19,74	19,20	18,70	18,16	17,68	17,26	16,79	16,35	15,91	15,51	15,11	14,71	14,31	13,88	13,45	13,00	12,55	22,38
07/07/2022 12:00:00	22,12	21,57	20,97	20,36	19,74	19,17	18,64	18,17	17,73	17,35	16,94	16,56	16,18	15,81	15,45	15,08	14,70	14,29	13,88	13,45	13,02	22,40
07/07/2022 12:05:00	22,12	21,47	20,94	20,36	19,67	19,08	18,55	18,04	17,60	17,24	16,84	16,45	16,07	15,71	15,35	14,98	14,60	14,20	13,81	13,39	12,98	23,31
07/07/2022 12:10:00	22,11	21,72	21,06	20,36	19,75	19,13	18,53	18,00	17,52	17,10	16,69	16,32	15,94	15,58	15,22	14,83	14,45	14,03	13,62	13,19	12,77	23,41
07/07/2022 12:15:00	22,18	21,73	21,10	20,41	19,71	19,12	18,60	18,08	17,60	17,17	16,85	16,55	16,26	15,95	15,64	15,27	14,90	14,50	14,11	13,69	13,28	23,21
07/07/2022 12:20:00	22,28	21,87	21,32	20,72	20,06	19,44	18,85	18,31	17,81	17,34	16,88	16,46	16,03	15,64	15,24	14,83	14,42	13,99	13,55	13,11	12,66	22,83
07/07/2022 12:25:00	22,22	21,70	21,17	20,62	20,04	19,43	18,82	18,29	17,82	17,40	16,97	16,56	16,15	15,76	15,37	14,97	14,57	14,14	13,71	13,27	12,83	22,74
07/07/2022 12:30:00	22,36	21,99	21,44	20,87	20,29	19,72	19,16	18,55	18,02	17,59	17,13	16,69	16,24	15,83	15,41	14,98	14,56	14,11	13,65	13,19	12,72	23,16
07/07/2022 12:35:00	22,34	21,94	21,35	20,72	20,19	19,62	19,07	18,61	18,17	17,74	17,36	17,01	16,66	16,31	15,96	15,57	15,19	14,77	14,34	13,90	13,46	23,08
07/07/2022 12:40:00	22,63	22,20	21,63	21,01	20,33	19,69	19,11	18,62	18,14	17,66	17,24	16,86	16,48	16,11	15,74	15,35	14,95	14,53	14,10	13,67	13,23	23,39
07/07/2022 12:45:00	22,54	22,16	21,62	21,06	20,45	19,87	19,33	18,83	18,33	17,84	17,40	17,00	16,60	16,20	15,81	15,40	14,98	14,53	14,09	13,62	13,16	22,98
07/07/2022 12:50:00	23,00	22,58	21,99	21,39	20,88	20,35	19,80	19,25	18,75	18,34	17,89	17,46	17,04	16,63	16,22	15,80	15,39	14,93	14,47	13,99	13,52	22,98
07/07/2022 12:55:00	23,00	22,78	22,30	21,76	21,17	20,58	19,99	19,37	18,82	18,34	17,85	17,38	16,92	16,48	16,04	15,60	15,15	14,68	14,21	13,72	13,23	23,78
07/07/2022 13:00:00	23,29	22,78	22,35	21,93	21,37	20,75	20,10	19,52	18,97	18,45	17,92	17,40	16,88	16,41	15,93	15,46	14,99	14,49	14,00	13,50	12,99	23,28
07/07/2022 13:05:00	23,34	22,77	22,22	21,63	20,91	20,22	19,57	19,04	18,54	18,06	17,61	17,20	16,79	16,40	16,01	15,61	15,20	14,76	14,33	13,89	13,45	23,54
07/07/2022 13:10:00	23,22	22,83	22,30	21,68	20,92	20,22	19,58	19,03	18,52	18,05	17,69	17,36	17,04	16,70	16,36	15,97	15,58	15,17	14,75	14,34	13,92	23,51
07/07/2022 13:15:00	23,46	23,03	22,46	21,86	21,19	20,57	20,01	19,47	18,95	18,46	17,97	17,52	17,08	16,66	16,24	15,82	15,39	14,94	14,48	14,00	13,53	23,91
07/07/2022 13:20:00	23,56	23,14	22,68	22,17	21,54	20,95	20,39	19,80	19,21	18,64	18,09	17,59	17,09	16,62	16,15	15,68	15,20	14,71	14,21	13,69	13,18	24,10
07/07/2022 13:25:00	23,73	23,20	22,58	21,95	21,40	20,83	20,28	19,80	19,32	18,85	18,36	17,89	17,42	16,99	16,57	16,14	15,72	15,25	14,78	14,29	13,80	24,12
07/07/2022 13:30:00	23,84	23,30	22,63	21,95	21,31	20,66	20,03	19,52	19,05	18,60	18,12	17,65	17,19	16,78	16,36	15,95	15,54	15,10	14,65	14,18	13,72	24,32
07/07/2022 13:35:00	23,97	23,44	22,66	21,86	21,16	20,49	19,88	19,36	18,88	18,46	18,02	17,61	17,21	16,84	16,46	16,08	15,69	15,27	14,84	14,40	13,95	24,33
07/07/2022 13:40:00	23,85	23,52	22,98	22,39	21,77	21,10	20,46	19,94	19,39	18,80	18,28	17,82	17,36	16,91	16,47	16,02	15,56	15,08	14,59	14,09	13,60	24,69
07/07/2022 13:45:00	23,90	23,54	22,87	22,20	21,71	21,06	20,34	19,78	19,19	18,58	18,08	17,64	17,20	16,76	16,32	15,85	15,38	14,88	14,38	13,87	13,35	24,86
07/07/2022 13:50:00	23,71	23,29	22,62	21,95	21,41	20,73	20,00	19,45	18,95	18,50	18,08	17,69	17,30	16,92	16,53	16,12	15,70	15,25	14,81	14,35	13,89	23,41
07/07/2022 13:55:00	23,68	23,24	22,72	22,16	21,54	21,00	20,51	20,05	19,57	19,05	18,57	18,13	17,69	17,28	16,86	16,44	16,01	15,54	15,07	14,58	14,08	24,06
07/07/2022 14:00:00	24,18	23,59	22,99	22,39	21,78	21,22	20,69	20,18	19,62	18,98	18,41	17,90	17,39	16,91	16,44	15,96	15,49	14,97	14,46	13,92	13,38	25,81
07/07/2022 14:05:00	24,02	23,48	22,90	22,30	21,64	20,96	20,30	19,72	19,19	18,74	18,28	17,84	17,40	16,98	16,57	16,14	15,72	15,27	14,81	14,35	13,88	24,27
07/07/2022 14:10:00	24,01	23,51	22,99	22,47	21,92	21,32	20,70	20,15	19,64	19,17	18,73	18,30	17,88	17,47	17,05	16,62	16,18	15,70	15,23	14,74	14,25	24,33
07/07/2022 14:15:00	24,33	23,84	23,32	22,77	22,04	21,38	20,76	20,11	19,49	18,93	18,37	17,85	17,34	16,86	16,38	15,91	15,43	14,94	14,44	13,93	13,42	25,41
07/07/2022 14:20:00	24,30	23,63	22,97	22,32	21,69	21,08	20,50	19,94	19,40	18,88	18,43	18,02	17,61	17,20	16,80	16,37	15,93	15,46	14,99	14,50	14,01	24,67
07/07/2022 14:25:00	24,13	23,86	23,32	22,69	21,97	21,26	20,58	19,92	19,32	18,83	18,38	17,97	17,56	17,16	16,76	16,32	15,89	15,43	14,97	14,51	14,04	23,93
07/07/2022 14:30:00	24,39	24,02	23,38	22,69	22,08	21,44	20,81	20,15	19,56	19,06	18,59	18,15	17,71	17,28	16,86	16,41	15,96	15,48	15,00	14,51	14,01	25,07
07/07/2022 14:35:00	24,35	23,96	23,49	23,00	22,45	21,86	21,26	20,70	20,16	19,64	19,05	18,48	17,92	17,41	16,91	16,43	15,95	15,43	14,92	14,39	13,85	24,94
07/07/2022 14:40:00	24,48	23,96	23,30	22,65	22,07	21,54	21,03	20,47	19,96	19,54	19,03	18,52	18,02	17,56	17,11	16,68	16,25	15,76	15,28	14,77	14,25	24,83
07/07/2022 14:45:00	24,37	23,89	23,32	22,72	22,14	21,58	21,02	20,43	19,88	19,39	18,90	18,43	17,97	17,53	17,09	16,64	16,19	15,70	15,21	14,70	14,18	24,49
07/07/2022 14:50:00	24,45	24,06	23,47	22,80	22,08	21,47	20,92	20,29	19,70	19,17	18,71	18,29	17,87	17,46	17,05	16,61	16,17	15,69	15,22	14,73	14,24	25,21
07/07/2022 14:55:00	24,71	24,34	23,76	23,10	22,37	21,65	20,98	20,44	19,92	19,40	18,90	18,45	18,00	17,58	17,16	16,74	16,31	15,85	15,39	14,91	14,44	25,11
07/07/2022 15:00:00	24,94	24,56	23,86	23,11	22,47	21,71	20,92	20,32	19,74	19,17	18,72	18,34	17,95	17,56	17,17	16,73	16,29	15,82	15,35	14,87	14,39	25,23
07/07/2022 15:05:00	24,74	24,31	23,63	22,89	22,11	21,37	20,67	20,08	19,55	19,08	18,65	18,27	17,88	17,51	17,14	16,73	16,33	15,89	15,46	15,01	14,56	26,51
07/07/2022 15:10:00	24,79	24,31	23,80	23,27	22,79	22,23	21,62	21,08	20,53	19,94	19,41	18,93	18,44	17,98	17,51	17,03	16,54	16,02	15,50	14,95	14,40	25,44
07/07/2022 15:15:00	24,81	24,22	23,66	23,09	22,45	21,93	21,48	21,03	20,53	19,92	19,41	18,96	18,52	18,09	17,66	17,21	16,76	16,26	15,75	15,22	14,68	25,51
07/07/2022 15:20:00	25,09	24,42	23,76	23,15	22,65	22,09	21,50	20,97	20,41	19,79	19,22	18,71	18,19	17,71	17,23	16,74	16,25	15,72	15,18	14,62	14,06	25,62
07/07/2022 15:25:00	24,76	24,52	23,93	23,21	22,37	21,63	20,98	20,39	19,83	19,28	18,81	18,42	18,02	17,64	17,25	16,83	16,41	15,96	15,51	15,05	14,59	24,57
07/07/2022 15:30:00	25,17	24,69	24,06	23,40	22,66	21,88	21,11	20,45	19,83	19,28	18,72	18,21	17,69	17,22	16,75	16,29	15,82	15,33	14,85	14,35	13,86	26,26
07/07/2022 15:35:00	25,10	24,60	23,97	23,26	22,49	21,69	20,91	20,32	19,75	19,18	18,66	18,19	17,72	17,29	16,85	16,41	15,97	15,50	15,03	14,56	14,09	25,44
07/07/2022 15:40:00	24,81	24,29	23,69	23,09	22,48	21,88	21,28	20,64	20,09	19,64	19,15	18,67	18,19	17,75	17,30	16,86	16,41	15,92	15,44	14,93	14,42	25,43
07/07/2022 15:45:00	24,94	24,53	23,87	23,12	22,33	21,55	20,81	20,19	19,60	19,07	18,61	18,21	17,81	17,42	17,03	16,60	16,17	15,72	15,27	14,82	14,36	24,89
07/07/2022 15:50:00	24,97	24,48	23,86	23,20	22,44	21,79	21,21	20,70	20,15	19,53	19,00	18,55	18,09	17,66	17,23	16,78	16,33	15,85	15,36	14,85	14,34	24,94
07/07/2022 15:55:00	24,82	24,44	23,93	23,37	22,56	21,82	21,15	20,59	20,04	19,48	18,94	18,44	17,95	17,50	17,05	16,60	16,15	15,68	15,20	14,71	14,23	24,84
07/07/2022 16:00:00	24,86	24,39	23,72	23,06	22,49	21,90	21,32	20,78	20,25	19,72	19,18	18,68	18,18	17,72	17,26	16,80	16,34	15,84	15,34	14,81	14,28	24,91
07/07/2022 16:05:00	25,03	24,62	24,08	23,54	22,98	22,40	21,81	21,23	20,62	19,96	19,39	18,89	18,39	17,91	17,42	16,92	16,41	15,87	15,33	14,76	14,20	25,11
07/07/2022 16:10:00	24,76	24,43	23,76	23,03	22,32	21,63	20,99	20,41	19,85	19,28	18,81	18,40	17,99	17,59	17,19	16,76	16,32	15,85	15,38	14,90	14,41	24,47
07/07/2022 16:15:00	24,46	23,95	23,44	22,94	22,42	21,86	21,29	20,76	20,27	19,86	19,34	18,83	18,31	17,85	17,39	16,94	16,50	16,01	15,52	15,00	14,49	23,99
07/07/2022 16:20:00	24,60	24,07	23,45	22,83	22,30	21,74	21,17	20,71	20,24	19,73	19,29	18,90	18,50	18,11	17,72	17,29	16,86	16,38	15,90	15,40	14,89	24,64
07/07/2022 16:25:00	24,75	24,40	23,84	23,26	22,65	22,00	21,35	20,76	20,21	19,71	19,19	18,70	18,20	17,75	17,29	16,83	16,38	15,88	15,39	14,88	14,37	25,35
07/07/2022 16:30:00	24,80	24,56	24,06	23,50	22,90	22,25	21,58	20,93	20,29	19,66	19,09	18,58	18,06	17,57	17,09	16,58	16,08	15,55	15,02	14,48	13,94	25,15
07/07/2022 16:35:00	25,06	24,43	23,79	23,16	22,50	21,81	21,14	20,60	20,08	19,58	19,08	18,62	18,16	17,73	17,31	16,87	16,43	15,96	15,48	14,99	14,50	25,18
07/07/2022 16:40:00	25,19	24,72	24,14	23,55	22,94	22,28	21,62	21,02	20,42	19,79	19,17	18,61	18,05	17,53	17,02	16,52	16,02	15,49	14,96	14,40	13,85	25,88
07/07/2022 16:45:00	24,95	24,48	23,96	23,40	22,81	22,21	21,60	21,03	20,45	19,84	19,28	18,78	18,29	17,81	17,34	16,85	16,37	15,84	15,32	14,78	14,24	25,03
07/07/2022 16:50:00	25,09	24,72	24,16	23,56	22,92	22,29	21,68	21,07	20,45	19,82	19,22	18,68	18,13	17,63	17,13	16,63	16,14	15,61	15,08	14,53	13,98	25,06
07/07/2022 16:55:00	25,29	24,66	24,06	23,43	22,73	22,06	21,43	20,84	20,28	19,72	19,23	18,79	18,35	17,93	17,50	17,05	16,60	16,11	15,63	15,13	14,62	25,54
07/07/2022 17:00:00	24,97	24,42	23,82	23,23	22,68	22,03	21,35	20,78	20,23	19,69	19,15	18,66	18,16	17,69	17,23	16,76	16,29	15,78	15,28	14,75	14,23	25,05
07/07/2022 17:05:00	24,90	24,57	23,99	23,33	22,69	22,02	21,36	20,75	20,18	19,69	19,16	18,66	18,16	17,70	17,25	16,79	16,34	15,85	15,37	14,86	14,36	24,86
07/07/2022 17:10:00	24,99	24,42	23,83	23,22	22,56	21,90	21,27	20,74	20,22	19,71	19,23	18,79	18,35	17,93	17,52	17,08	16,64	16,17	15,69	15,20	14,70	25,33
07/07/2022 17:15:00	25,01	24,72	24,18	23,57	22,90	22,33	21,80	21,07	20,42	19,89	19,40	18,93	18,46	18,01	17,56	17,08	16,61	16,10	15,59	15,06	14,53	26,09
07/07/2022 17:20:00	24,98	24,61	24,06	23,47	22,78	22,09	21,44	20,91	20,36	19,78	19,23	18,75	18,26	17,80	17,35	16,89	16,43	15,93	15,44	14,93	14,41	25,86
07/07/2022 17:25:00	25,06	24,44	23,90	23,37	22,80	22,24	21,70	21,14	20,59	20,06	19,52	19,01	18,50	18,02	17,55	17,08	16,61	16,09	15,58	15,04	14,50	25,37
07/07/2022 17:30:00	25,09	24,78	24,15	23,47	22,78	22,10	21,46	20,91	20,37	19,83	19,27	18,75	18,23	17,77	17,30	16,85	16,40	15,91	15,42	14,90	14,39	25,54
07/07/2022 17:35:00	25,02	24,46	23,86	23,26	22,70	22,08	21,44	20,83	20,24	19,70	19,18	18,70	18,21	17,75	17,29	16,82	16,34	15,84	15,33	14,80	14,27	25,86
07/07/2022 17:40:00	24,84	24,39	23,85	23,30	22,65	22,00	21,38	20,83	20,29	19,77	19,24	18,75	18,25	17,80	17,34	16,89	16,43	15,94	15,44	14,93	14,42	24,88
07/07/2022 17:45:00	24,84	24,40	23,85	23,30	22,70	22,09	21,48	20,82	20,24	19,81	19,30	18,80	18,29	17,83	17,37	16,91	16,45	15,95	15,45	14,94	14,43	24,91
07/07/2022 17:50:00	25,08	24,56	23,98	23,36	22,69	22,06	21,47	20,87	20,29	19,75	19,24	18,78	18,32	17,89	17,45	16,99	16,53	16,04	15,55	15,03	14,52	25,56
07/07/2022 17:55:00	25,14	24,69	24,12	23,53	22,94	22,27	21,56	20,91	20,31	19,75	19,21	18,71	18,21	17,74	17,27	16,78	16,30	15,79	15,28	14,75	14,23	25,93
07/07/2022 18:00:00	24,89	24,50	23,92	23,33	22,68	22,05	21,45	20,84	20,25	19,68	19,21	18,79	18,38	17,96	17,54	17,08	16,62	16,13	15,63	15,12	14,60	25,66
07/07/2022 18:05:00	24,88	24,43	23,81	23,17	22,53	22,05	21,66	21,10	20,57	20,11	19,59	19,09	18,59	18,14	17,69	17,25	16,81	16,31	15,81	15,28	14,75	25,50
07/07/2022 18:10:00	24,95	24,49	24,01	23,49	22,80	22,18	21,61	21,01	20,42	19,82	19,27	18,78	18,28	17,81	17,34	16,86	16,38	15,87	15,35	14,82	14,29	25,56
07/07/2022 18:15:00	25,11	24,50	23,92	23,36	22,80	22,26	21,74	21,19	20,64	20,07	19,54	19,05	18,55	18,09	17,62	17,15	16,67	16,15	15,63	15,08	14,53	25,41
07/07/2022 18:20:00	25,11	24,45	23,81	23,14	22,40	21,75	21,15	20,56	19,99	19,45	18,95	18,50	18,05	17,62	17,19	16,75	16,30	15,83	15,35	14,85	14,35	25,26
07/07/2022 18:25:00	24,80	24,33	23,78	23,19	22,55	21,95	21,37	20,82	20,26	19,66	19,16	18,71	18,27	17,83	17,40	16,93	16,47	15,97	15,47	14,95	14,43	25,33
07/07/2022 18:30:00	24,77	24,23	23,66	23,09	22,52	21,96	21,39	20,83	20,30	19,82	19,31	18,83	18,35	17,90	17,45	16,99	16,54	16,04	15,54	15,02	14,50	24,63
07/07/2022 18:35:00	24,78	24,34	23,79	23,22	22,63	21,99	21,32	20,77	20,23	19,70	19,16	18,64	18,12	17,65	17,18	16,71	16,25	15,75	15,25	14,73	14,22	24,76
07/07/2022 18:40:00	24,72	24,31	23,79	23,24	22,67	22,11	21,56	21,01	20,45	19,89	19,36	18,88	18,40	17,94	17,49	17,02	16,55	16,03	15,52	14,99	14,45	24,95
07/07/2022 18:45:00	24,86	24,34	23,75	23,16	22,58	21,98	21,38	20,77	20,20	19,68	19,20	18,74	18,28	17,85	17,41	16,95	16,48	15,99	15,49	14,97	14,45	25,44
07/07/2022 18:50:00	24,93	24,32	23,72	23,13	22,55	21,94	21,34	20,91	20,40	19,76	19,21	18,74	18,27	17,82	17,37	16,91	16,44	15,93	15,42	14,89	14,35	24,66
07/07/2022 18:55:00	24,57	24,20	23,69	23,14	22,57	21,97	21,37	20,85	20,31	19,74	19,18	18,67	18,16	17,69	17,21	16,74	16,27	15,76	15,25	14,72	14,19	25,18
07/07/2022 19:00:00	24,53	24,19	23,59	22,98	22,51	21,98	21,42	20,87	20,33	19,83	19,34	18,87	18,41	17,97	17,53	17,07	16,62	16,11	15,61	15,07	14,54	25,28
07/07/2022 19:05:00	24,52	24,09	23,58	23,07	22,58	22,03	21,45	20,93	20,40	19,85	19,29	18,76	18,23	17,75	17,26	16,78	16,30	15,78	15,26	14,71	14,17	24,69
07/07/2022 19:10:00	24,61	24,16	23,58	22,97	22,40	21,88	21,39	20,80	20,25	19,78	19,26	18,74	18,23	17,77	17,30	16,85	16,39	15,89	15,39	14,86	14,34	24,86
07/07/2022 19:15:00	24,66	24,08	23,52	22,97	22,44	21,94	21,46	20,95	20,43	19,89	19,36	18,86	18,36	17,90	17,44	16,97	16,51	15,99	15,48	14,93	14,39	24,67
07/07/2022 19:20:00	24,57	24,18	23,60	23,00	22,49	21,91	21,31	20,76	20,21	19,65	19,14	18,67	18,20	17,75	17,30	16,83	16,36	15,86	15,35	14,82	14,29	24,89
07/07/2022 19:25:00	24,58	24,22	23,66	23,05	22,42	21,78	21,15	20,52	19,97	19,53	18,99	18,46	17,92	17,45	16,98	16,53	16,08	15,59	15,11	14,61	14,11	24,32
07/07/2022 19:30:00	24,50	23,99	23,45	22,90	22,38	21,84	21,31	20,74	20,19	19,68	19,17	18,68	18,19	17,74	17,28	16,81	16,35	15,84	15,33	14,80	14,27	24,51
07/07/2022 19:35:00	24,50	24,03	23,44	22,85	22,25	21,66	21,10	20,55	19,99	19,41	18,91	18,47	18,03	17,60	17,17	16,71	16,25	15,75	15,25	14,73	14,21	24,07
07/07/2022 19:40:00	24,49	24,09	23,62	23,08	22,39	21,71	21,07	20,55	20,05	19,57	19,00	18,46	17,92	17,44	16,97	16,53	16,08	15,61	15,13	14,64	14,14	24,16
07/07/2022 19:45:00	24,41	24,05	23,46	22,84	22,20	21,63	21,11	20,56	20,02	19,47	18,99	18,56	18,13	17,72	17,30	16,85	16,41	15,92	15,44	14,93	14,42	24,08
07/07/2022 19:50:00	24,34	24,01	23,48	22,88	22,21	21,53	20,86	20,32	19,80	19,28	18,80	18,35	17,91	17,49	17,07	16,64	16,20	15,73	15,27	14,79	14,31	24,05
07/07/2022 19:55:00	24,27	23,76	23,23	22,71	22,15	21,62	21,10	20,54	20,02	19,55	19,05	18,57	18,08	17,63	17,18	16,73	16,28	15,79	15,29	14,77	14,26	24,13
07/07/2022 20:00:00	23,96	23,64	23,13	22,64	22,19	21,62	21,02	20,54	20,05	19,57	19,05	18,54	18,03	17,57	17,11	16,65	16,19	15,69	15,19	14,67	14,15	24,01
07/07/2022 20:05:00	23,90	23,62	23,15	22,68	22,24	21,72	21,15	20,55	19,99	19,50	18,96	18,45	17,93	17,44	16,96	16,48	16,00	15,48	14,96	14,42	13,88	23,94
07/07/2022 20:10:00	23,73	23,35	22,85	22,33	21,81	21,28	20,76	20,27	19,77	19,24	18,76	18,32	17,87	17,45	17,02	16,57	16,12	15,63	15,14	14,63	14,11	23,39
07/07/2022 20:15:00	23,30	23,13	22,74	22,28	21,72	21,16	20,61	20,11	19,62	19,11	18,56	18,03	17,51	17,04	16,56	16,11	15,65	15,16	14,68	14,17	13,66	23,32
07/07/2022 20:20:00	23,45	23,12	22,66	22,18	21,64	21,16	20,71	20,21	19,70	19,19	18,64	18,12	17,60	17,13	16,66	16,20	15,74	15,24	14,74	14,21	13,69	23,42
07/07/2022 20:25:00	23,52	23,28	22,80	22,30	21,76	21,23	20,70	20,15	19,63	19,18	18,62	18,08	17,54	17,06	16,58	16,12	15,66	15,17	14,68	14,16	13,64	23,51
07/07/2022 20:30:00	23,63	23,27	22,89	22,46	21,89	21,33	20,78	20,26	19,72	19,16	18,56	17,99	17,42	16,92	16,41	15,93	15,45	14,94	14,42	13,89	13,36	23,57
07/07/2022 20:35:00	23,68	23,40	22,90	22,35	21,88	21,39	20,88	20,31	19,75	19,21	18,67	18,15	17,64	17,16	16,68	16,21	15,73	15,22	14,71	14,17	13,63	23,56
07/07/2022 20:40:00	23,45	23,37	23,01	22,57	21,99	21,39	20,78	20,15	19,54	18,97	18,41	17,89	17,37	16,88	16,39	15,90	15,40	14,89	14,38	13,85	13,33	23,55
07/07/2022 20:45:00	23,19	22,93	22,55	22,13	21,69	21,19	20,67	20,12	19,59	19,09	18,49	17,92	17,35	16,83	16,32	15,84	15,35	14,83	14,32	13,78	13,23	23,31
07/07/2022 20:50:00	23,09	22,82	22,33	21,80	21,29	20,72	20,16	19,68	19,21	18,74	18,23	17,75	17,27	16,84	16,40	15,96	15,53	15,06	14,59	14,10	13,61	22,79
07/07/2022 20:55:00	22,99	22,63	22,23	21,82	21,38	20,92	20,45	19,95	19,39	18,75	18,26	17,82	17,37	16,92	16,47	15,98	15,50	14,97	14,45	13,90	13,36	22,58
07/07/2022 21:00:00	23,01	22,69	22,32	21,96	21,62	21,18	20,69	20,16	19,60	19,00	18,45	17,93	17,41	16,91	16,41	15,91	15,40	14,86	14,31	13,74	13,18	22,65
07/07/2022 21:05:00	23,13	22,94	22,47	21,95	21,43	20,88	20,34	19,85	19,33	18,78	18,25	17,77	17,29	16,84	16,39	15,94	15,48	14,99	14,50	13,98	13,47	22,81
07/07/2022 21:10:00	22,86	22,68	22,17	21,63	21,04	20,49	19,96	19,38	18,84	18,34	17,78	17,26	16,73	16,26	15,79	15,33	14,88	14,40	13,91	13,41	12,91	22,78
07/07/2022 21:15:00	22,82	22,33	21,84	21,34	20,84	20,30	19,77	19,29	18,81	18,32	17,78	17,26	16,74	16,27	15,81	15,36	14,92	14,44	13,96	13,46	12,96	22,77
07/07/2022 21:20:00	22,66	22,32	21,83	21,31	20,80	20,26	19,71	19,19	18,66	18,12	17,61	17,15	16,68	16,24	15,79	15,34	14,88	14,40	13,92	13,42	12,91	22,70
07/07/2022 21:25:00	22,61	22,35	21,86	21,36	20,88	20,29	19,68	19,20	18,71	18,21	17,66	17,15	16,64	16,17	15,71	15,26	14,81	14,33	13,86	13,36	12,86	22,60
07/07/2022 21:30:00	22,55	22,21	21,74	21,22	20,56	20,05	19,59	19,02	18,49	18,00	17,48	16,98	16,49	16,04	15,59	15,15	14,71	14,24	13,78	13,29	12,80	22,51
07/07/2022 21:35:00	22,39	22,00	21,60	21,20	20,69	20,16	19,63	19,13	18,58	17,98	17,39	16,85	16,30	15,80	15,30	14,82	14,34	13,83	13,32	12,79	12,26	22,46
07/07/2022 21:40:00	22,31	22,00	21,55	21,06	20,54	20,03	19,52	18,93	18,40	17,92	17,41	16,93	16,45	15,99	15,54	15,09	14,64	14,17	13,69	13,19	12,70	22,34
07/07/2022 21:45:00	22,27	21,96	21,49	20,98	20,45	19,93	19,44	18,95	18,43	17,86	17,38	16,94	16,49	16,07	15,64	15,19	14,75	14,27	13,79	13,30	12,80	22,19
07/07/2022 21:50:00	22,15	21,85	21,39	20,89	20,34	19,85	19,38	18,79	18,28	17,83	17,31	16,81	16,31	15,85	15,40	14,96	14,52	14,05	13,58	13,09	12,60	22,14
07/07/2022 21:55:00	22,00	21,75	21,31	20,83	20,32	19,80	19,27	18,78	18,24	17,66	17,17	16,71	16,26	15,82	15,38	14,92	14,47	13,99	13,50	13,01	12,51	21,99
07/07/2022 22:00:00	21,83	21,65	21,24	20,79	20,28	19,77	19,26	18,69	18,18	17,72	17,17	16,64	16,11	15,64	15,17	14,72	14,27	13,79	13,31	12,82	12,32	21,91
07/07/2022 22:05:00	21,83	21,57	21,19	20,78	20,28	19,80	19,33	18,83	18,31	17,77	17,28	16,82	16,35	15,91	15,47	15,01	14,56	14,08	13,60	13,09	12,59	21,88
07/07/2022 22:10:00	21,71	21,51	21,10	20,64	20,14	19,61	19,08	18,62	18,11	17,56	17,07	16,63	16,18	15,75	15,32	14,88	14,44	13,97	13,49	13,01	12,52	21,82
07/07/2022 22:15:00	21,67	21,50	21,12	20,69	20,22	19,72	19,24	18,78	18,27	17,71	17,23	16,78	16,32	15,89	15,45	15,00	14,55	14,07	13,59	13,10	12,60	21,74
07/07/2022 22:20:00	21,61	21,46	21,07	20,64	20,21	19,77	19,30	18,76	18,24	17,74	17,23	16,74	16,25	15,79	15,33	14,87	14,42	13,93	13,44	12,93	12,42	21,54
07/07/2022 22:25:00	21,39	21,28	20,91	20,53	20,15	19,68	19,17	18,66	18,15	17,63	17,16	16,71	16,26	15,82	15,39	14,93	14,47	13,98	13,49	12,99	12,48	21,52
07/07/2022 22:30:00	21,40	21,27	20,93	20,56	20,14	19,68	19,20	18,70	18,19	17,65	17,14	16,66	16,18	15,72	15,26	14,80	14,33	13,84	13,35	12,84	12,33	21,44
07/07/2022 22:35:00	21,39	21,15	20,80	20,42	20,04	19,61	19,16	18,68	18,20	17,72	17,21	16,72	16,23	15,78	15,32	14,87	14,42	13,94	13,46	12,95	12,45	21,37
07/07/2022 22:40:00	21,25	21,19	20,87	20,54	20,19	19,73	19,23	18,78	18,32	17,86	17,33	16,83	16,32	15,86	15,39	14,94	14,49	14,00	13,52	13,02	12,51	21,28
07/07/2022 22:45:00	21,19	21,13	20,84	20,51	20,09	19,63	19,17	18,73	18,27	17,78	17,26	16,78	16,29	15,84	15,39	14,94	14,50	14,02	13,54	13,05	12,55	21,24
07/07/2022 22:50:00	21,18	21,06	20,78	20,44	19,99	19,58	19,19	18,74	18,28	17,78	17,27	16,79	16,30	15,86	15,41	14,96	14,52	14,04	13,56	13,06	12,56	21,07
07/07/2022 22:55:00	21,15	20,88	20,66	20,44	20,08	19,73	19,35	18,91	18,42	17,88	17,36	16,85	16,34	15,86	15,38	14,90	14,43	13,92	13,41	12,87	12,33	20,92
07/07/2022 23:00:00	20,89	20,78	20,52	20,20	19,77	19,36	18,94	18,50	18,06	17,61	17,10	16,62	16,14	15,70	15,25	14,82	14,38	13,92	13,45	12,96	12,47	20,79
07/07/2022 23:05:00	20,70	20,62	20,39	20,13	19,79	19,43	19,03	18,58	18,12	17,63	17,12	16,63	16,14	15,67	15,21	14,75	14,29	13,80	13,31	12,80	12,28	20,70
07/07/2022 23:10:00	20,70	20,74	20,54	20,29	19,95	19,48	18,98	18,55	18,07	17,54	17,05	16,58	16,11	15,66	15,21	14,75	14,29	13,80	13,32	12,82	12,31	20,74
07/07/2022 23:15:00	20,62	20,85	20,69	20,46	20,18	19,75	19,26	18,79	18,32	17,84	17,29	16,76	16,24	15,75	15,26	14,79	14,31	13,82	13,32	12,80	12,28	20,69
07/07/2022 23:20:00	20,49	20,74	20,64	20,43	20,06	19,64	19,21	18,80	18,33	17,80	17,29	16,80	16,31	15,85	15,38	14,92	14,46	13,97	13,49	12,98	12,48	20,48
07/07/2022 23:25:00	20,57	20,78	20,63	20,41	20,05	19,63	19,19	18,73	18,26	17,78	17,24	16,72	16,20	15,72	15,24	14,78	14,32	13,83	13,34	12,83	12,32	20,60
07/07/2022 23:30:00	20,41	20,83	20,73	20,51	20,17	19,71	19,22	18,75	18,25	17,72	17,20	16,70	16,19	15,72	15,25	14,77	14,30	13,81	13,31	12,81	12,30	20,41
07/07/2022 23:35:00	20,37	20,91	20,86	20,68	20,33	19,89	19,43	18,98	18,50	18,00	17,44	16,91	16,38	15,89	15,40	14,93	14,46	13,96	13,47	12,96	12,45	20,44
07/07/2022 23:40:00	20,06	20,76	20,76	20,62	20,30	19,88	19,41	18,92	18,41	17,88	17,37	16,87	16,37	15,89	15,42	14,93	14,45	13,94	13,44	12,93	12,41	20,22
07/07/2022 23:45:00	19,76	20,58	20,67	20,59	20,28	19,85	19,38	18,92	18,42	17,90	17,38	16,89	16,39	15,91	15,44	14,95	14,47	13,97	13,47	12,96	12,45	19,65
07/07/2022 23:50:00	19,86	20,43	20,53	20,49	20,25	19,96	19,61	19,17	18,65	18,07	17,52	16,98	16,44	15,92	15,41	14,90	14,39	13,85	13,32	12,76	12,20	19,38
07/07/2022 23:55:00	19,61	20,31	20,27	20,06	19,66	19,22	18,77	18,28	17,79	17,29	16,84	16,40	15,97	15,54	15,11	14,66	14,21	13,74	13,27	12,80	12,32	19,22
