FileFormat:0002.2 file with temperature of atmosphere
SN105HE102
local	GMT or Local
0	GMT-Local=[hours]
0	Height[m]
0	0	0	Longitude                [grd]               [min]               [sec]
0	0	0	Latitude                [grd]               [min]               [sec]
N	NS
56,45	Freq[GHz]
0,00	dTemostat[K]
0,150	MessErr[K]
0,248	//[grad/step]
version 14.4.20120406
MTP5HE102F5645K-38.60I70D219217+A1.1
Commentary:
SN105HE102
парабола ДНА = 2,5 град
НЕ102 - ПУ - ХВБ с ЦСД " S "
АЦП - 202 - 09 с контр.U пит.и М
оптопара серии - 2
Т out № 178 пл
БП LPS - 112
End Of Commentary

SYSTEM\summer.dat
data time	0	50	100	150	200	250	300	350	400	450	500	550	600	650	700	750	800	850	900	950	1000	OutsideTemperature
21/05/2020 00:00:00	16,06	16,42	16,32	16,20	16,11	15,96	15,83	15,78	15,77	15,82	15,86	15,88	15,89	15,82	15,74	15,53	15,32	15,04	14,77	14,47	14,17	15,97
21/05/2020 00:05:00	16,03	16,31	16,22	16,06	15,85	15,77	15,70	15,62	15,58	15,60	15,70	15,76	15,82	15,76	15,71	15,51	15,30	15,04	14,77	14,47	14,18	16,15
21/05/2020 00:10:00	15,82	16,25	16,19	16,06	15,89	15,77	15,65	15,57	15,51	15,51	15,58	15,61	15,65	15,58	15,51	15,29	15,07	14,79	14,52	14,21	13,91	15,69
21/05/2020 00:15:00	15,91	16,20	16,08	15,92	15,75	15,63	15,53	15,44	15,40	15,44	15,59	15,69	15,79	15,75	15,72	15,52	15,32	15,06	14,80	14,52	14,23	15,86
21/05/2020 00:20:00	15,87	16,10	16,03	15,93	15,80	15,67	15,57	15,52	15,49	15,51	15,60	15,65	15,70	15,64	15,58	15,37	15,15	14,88	14,61	14,31	14,01	15,80
21/05/2020 00:25:00	15,70	15,93	15,77	15,62	15,52	15,41	15,32	15,29	15,25	15,27	15,43	15,53	15,64	15,61	15,58	15,38	15,18	14,91	14,65	14,35	14,06	15,75
21/05/2020 00:30:00	15,72	15,84	15,69	15,54	15,45	15,37	15,31	15,28	15,29	15,38	15,54	15,65	15,77	15,75	15,73	15,55	15,36	15,11	14,86	14,58	14,29	15,71
21/05/2020 00:35:00	15,73	15,73	15,62	15,53	15,46	15,40	15,36	15,38	15,42	15,51	15,64	15,73	15,81	15,78	15,75	15,57	15,38	15,13	14,87	14,58	14,29	15,76
21/05/2020 00:40:00	15,62	15,78	15,69	15,56	15,40	15,33	15,26	15,19	15,21	15,30	15,45	15,55	15,65	15,63	15,61	15,43	15,24	14,99	14,75	14,47	14,19	15,57
21/05/2020 00:45:00	15,56	15,74	15,61	15,45	15,31	15,22	15,18	15,23	15,22	15,26	15,43	15,55	15,67	15,67	15,66	15,48	15,30	15,06	14,82	14,54	14,26	15,33
21/05/2020 00:50:00	15,44	15,62	15,47	15,29	15,11	15,04	15,00	14,99	15,00	15,09	15,33	15,50	15,68	15,71	15,73	15,57	15,41	15,18	14,95	14,69	14,43	14,94
21/05/2020 00:55:00	15,42	15,53	15,38	15,22	15,10	15,02	14,99	15,02	15,03	15,10	15,30	15,45	15,59	15,60	15,61	15,43	15,26	15,02	14,78	14,51	14,24	14,54
21/05/2020 01:00:00	15,34	15,63	15,44	15,23	15,06	15,00	14,95	14,90	14,92	15,05	15,26	15,42	15,58	15,61	15,63	15,47	15,31	15,09	14,86	14,60	14,35	14,74
21/05/2020 01:05:00	15,40	15,61	15,44	15,27	15,13	15,00	14,92	14,91	14,94	15,06	15,24	15,38	15,53	15,54	15,55	15,39	15,22	15,00	14,77	14,51	14,26	14,74
21/05/2020 01:10:00	15,39	15,56	15,42	15,26	15,09	15,01	14,97	14,96	14,95	15,01	15,21	15,35	15,49	15,50	15,50	15,33	15,15	14,91	14,67	14,40	14,13	14,77
21/05/2020 01:15:00	15,30	15,56	15,41	15,24	15,08	14,98	14,91	14,86	14,86	14,95	15,14	15,27	15,41	15,41	15,41	15,24	15,06	14,83	14,59	14,33	14,06	14,94
21/05/2020 01:20:00	15,07	15,43	15,31	15,16	15,01	14,90	14,83	14,83	14,84	14,93	15,10	15,22	15,34	15,34	15,34	15,17	15,00	14,77	14,54	14,28	14,02	14,70
21/05/2020 01:25:00	15,03	15,32	15,22	15,08	14,90	14,90	14,88	14,81	14,87	15,01	15,17	15,30	15,42	15,43	15,43	15,26	15,10	14,87	14,64	14,38	14,12	14,34
21/05/2020 01:30:00	15,08	15,32	15,20	15,05	14,85	14,75	14,70	14,72	14,76	14,88	15,13	15,32	15,52	15,56	15,61	15,46	15,31	15,10	14,89	14,65	14,41	14,72
21/05/2020 01:35:00	15,18	15,25	15,15	15,04	14,94	14,93	14,92	14,90	14,97	15,13	15,32	15,45	15,59	15,60	15,61	15,44	15,28	15,05	14,82	14,55	14,28	14,57
21/05/2020 01:40:00	15,16	15,23	15,06	14,90	14,80	14,76	14,75	14,80	14,86	15,00	15,23	15,41	15,58	15,62	15,65	15,50	15,36	15,13	14,91	14,66	14,40	14,77
21/05/2020 01:45:00	14,87	15,12	14,99	14,86	14,77	14,78	14,76	14,72	14,82	15,00	15,18	15,33	15,47	15,49	15,50	15,35	15,20	14,97	14,75	14,49	14,24	14,41
21/05/2020 01:50:00	14,83	15,14	15,07	14,96	14,81	14,71	14,66	14,68	14,72	14,84	15,05	15,22	15,38	15,41	15,43	15,27	15,12	14,90	14,68	14,43	14,18	14,09
21/05/2020 01:55:00	14,71	14,97	14,92	14,80	14,64	14,57	14,53	14,52	14,56	14,67	14,87	15,01	15,15	15,16	15,17	15,01	14,84	14,62	14,40	14,15	13,90	14,17
21/05/2020 02:00:00	14,66	14,94	14,87	14,76	14,59	14,50	14,42	14,39	14,42	14,55	14,75	14,91	15,06	15,08	15,09	14,93	14,76	14,54	14,32	14,08	13,83	13,87
21/05/2020 02:05:00	14,71	14,91	14,81	14,68	14,55	14,48	14,44	14,44	14,46	14,55	14,71	14,82	14,93	14,92	14,91	14,74	14,57	14,34	14,10	13,84	13,58	13,61
21/05/2020 02:10:00	14,77	14,87	14,75	14,59	14,38	14,34	14,32	14,31	14,34	14,44	14,65	14,80	14,96	14,98	15,00	14,84	14,68	14,46	14,24	13,99	13,75	14,24
21/05/2020 02:15:00	14,39	14,50	14,45	14,34	14,16	14,13	14,08	14,01	14,01	14,09	14,31	14,46	14,61	14,61	14,62	14,44	14,26	14,03	13,80	13,54	13,28	14,14
21/05/2020 02:20:00	14,11	14,33	14,26	14,13	13,94	13,89	13,85	13,83	13,84	13,93	14,08	14,19	14,30	14,28	14,27	14,10	13,93	13,71	13,49	13,24	12,99	14,13
21/05/2020 02:25:00	14,20	14,32	14,17	14,03	13,93	13,92	13,96	14,06	14,06	14,12	14,33	14,48	14,63	14,64	14,65	14,49	14,33	14,10	13,87	13,61	13,35	14,14
21/05/2020 02:30:00	14,00	14,22	14,17	14,06	13,86	13,73	13,66	13,66	13,71	13,84	14,04	14,19	14,35	14,37	14,39	14,24	14,09	13,89	13,69	13,47	13,24	13,96
21/05/2020 02:35:00	13,92	14,21	14,10	13,97	13,86	13,79	13,75	13,73	13,73	13,82	14,07	14,26	14,44	14,47	14,49	14,33	14,16	13,94	13,72	13,47	13,22	13,60
21/05/2020 02:40:00	13,89	14,10	14,04	13,97	13,90	13,90	13,87	13,82	13,89	14,01	14,11	14,17	14,23	14,19	14,15	13,97	13,79	13,55	13,32	13,05	12,79	13,56
21/05/2020 02:45:00	14,00	14,13	14,06	13,98	13,89	13,87	13,86	13,86	13,90	14,01	14,17	14,28	14,38	14,37	14,36	14,18	14,01	13,78	13,55	13,29	13,03	13,73
21/05/2020 02:50:00	13,79	13,81	13,79	13,81	13,87	13,84	13,84	13,91	14,00	14,12	14,22	14,27	14,32	14,27	14,23	14,05	13,87	13,63	13,39	13,11	12,83	13,76
21/05/2020 02:55:00	13,80	13,82	13,70	13,63	13,61	13,60	13,60	13,64	13,66	13,75	13,98	14,14	14,30	14,31	14,32	14,14	13,97	13,74	13,50	13,23	12,97	13,71
21/05/2020 03:00:00	13,62	13,76	13,67	13,59	13,55	13,48	13,47	13,55	13,60	13,71	13,90	14,03	14,17	14,18	14,19	14,03	13,87	13,66	13,44	13,19	12,95	13,61
21/05/2020 03:05:00	13,61	13,67	13,55	13,42	13,27	13,27	13,29	13,33	13,43	13,59	13,78	13,93	14,08	14,10	14,13	14,00	13,86	13,67	13,47	13,24	13,02	13,43
21/05/2020 03:10:00	13,57	13,58	13,50	13,43	13,39	13,38	13,41	13,47	13,53	13,65	13,82	13,94	14,05	14,05	14,05	13,89	13,73	13,51	13,29	13,03	12,78	13,54
21/05/2020 03:15:00	13,57	13,66	13,56	13,48	13,44	13,43	13,42	13,43	13,49	13,61	13,79	13,92	14,04	14,04	14,04	13,88	13,71	13,49	13,27	13,01	12,76	13,45
21/05/2020 03:20:00	13,58	13,58	13,50	13,40	13,29	13,28	13,30	13,36	13,40	13,51	13,74	13,91	14,07	14,10	14,12	13,97	13,81	13,60	13,39	13,15	12,91	13,64
21/05/2020 03:25:00	13,79	13,75	13,59	13,47	13,43	13,39	13,39	13,48	13,53	13,64	13,90	14,08	14,27	14,31	14,34	14,19	14,04	13,83	13,62	13,37	13,13	13,67
21/05/2020 03:30:00	13,69	13,62	13,44	13,29	13,19	13,22	13,26	13,31	13,42	13,60	13,79	13,93	14,08	14,11	14,14	14,01	13,88	13,68	13,49	13,25	13,02	13,67
21/05/2020 03:35:00	13,68	13,55	13,40	13,29	13,24	13,29	13,32	13,35	13,46	13,63	13,88	14,07	14,25	14,29	14,33	14,19	14,05	13,85	13,64	13,40	13,16	13,51
21/05/2020 03:40:00	13,54	13,35	13,19	13,07	12,99	12,95	12,97	13,05	13,13	13,29	13,57	13,78	13,98	14,04	14,10	13,96	13,83	13,64	13,45	13,22	13,00	13,52
21/05/2020 03:45:00	13,44	13,34	13,13	12,98	12,91	12,96	13,00	13,05	13,16	13,35	13,59	13,78	13,97	14,02	14,06	13,94	13,81	13,62	13,42	13,20	12,97	13,36
21/05/2020 03:50:00	13,36	13,31	13,16	13,09	13,13	13,16	13,21	13,27	13,35	13,49	13,71	13,86	14,01	14,03	14,05	13,89	13,73	13,51	13,29	13,03	12,78	13,37
21/05/2020 03:55:00	13,41	13,38	13,19	13,07	13,07	13,06	13,10	13,19	13,26	13,41	13,71	13,93	14,15	14,21	14,27	14,13	14,00	13,79	13,59	13,36	13,12	13,21
21/05/2020 04:00:00	13,39	13,33	13,18	13,06	13,01	13,01	13,03	13,08	13,16	13,32	13,59	13,79	13,99	14,04	14,09	13,95	13,81	13,61	13,41	13,18	12,95	13,39
21/05/2020 04:05:00	13,37	13,28	13,11	13,00	12,97	12,98	12,99	13,03	13,17	13,37	13,61	13,80	13,98	14,03	14,07	13,95	13,82	13,62	13,43	13,20	12,97	13,37
21/05/2020 04:10:00	13,40	13,32	13,14	12,98	12,85	12,91	12,97	13,03	13,16	13,37	13,59	13,78	13,96	14,02	14,07	13,96	13,85	13,67	13,49	13,27	13,05	13,37
21/05/2020 04:15:00	13,41	13,27	13,08	12,93	12,84	12,86	12,91	13,00	13,12	13,31	13,58	13,80	14,01	14,08	14,15	14,03	13,92	13,74	13,55	13,34	13,12	13,30
21/05/2020 04:20:00	13,37	13,19	13,05	12,93	12,84	12,96	13,05	13,11	13,27	13,49	13,69	13,86	14,02	14,06	14,10	13,98	13,86	13,67	13,48	13,26	13,03	13,26
21/05/2020 04:25:00	13,18	13,08	12,94	12,84	12,80	12,81	12,85	12,95	13,07	13,26	13,57	13,81	14,04	14,12	14,20	14,07	13,95	13,77	13,58	13,36	13,14	13,14
21/05/2020 04:30:00	13,08	13,07	12,92	12,79	12,68	12,71	12,77	12,87	12,94	13,09	13,37	13,58	13,80	13,86	13,93	13,80	13,67	13,48	13,29	13,07	12,84	13,11
21/05/2020 04:35:00	13,02	12,99	12,84	12,71	12,60	12,62	12,66	12,75	12,79	12,92	13,22	13,44	13,66	13,72	13,78	13,65	13,51	13,32	13,12	12,90	12,67	12,79
21/05/2020 04:40:00	12,83	13,02	12,87	12,72	12,62	12,61	12,62	12,66	12,75	12,91	13,14	13,33	13,51	13,56	13,61	13,48	13,35	13,17	12,98	12,77	12,56	12,32
21/05/2020 04:45:00	12,77	12,90	12,80	12,68	12,56	12,61	12,66	12,71	12,80	12,96	13,19	13,36	13,54	13,58	13,62	13,49	13,36	13,17	12,98	12,76	12,54	11,95
21/05/2020 04:50:00	12,84	12,91	12,78	12,66	12,58	12,59	12,60	12,62	12,74	12,91	13,11	13,26	13,41	13,44	13,47	13,33	13,20	13,01	12,82	12,59	12,37	12,03
21/05/2020 04:55:00	12,84	12,90	12,77	12,67	12,62	12,60	12,63	12,73	12,84	13,00	13,16	13,29	13,43	13,44	13,46	13,33	13,20	13,01	12,82	12,59	12,36	11,82
21/05/2020 05:00:00	12,63	12,67	12,52	12,43	12,42	12,41	12,44	12,52	12,62	12,76	12,91	13,02	13,14	13,14	13,14	13,00	12,85	12,65	12,45	12,21	11,98	11,94
21/05/2020 05:05:00	12,51	12,46	12,33	12,22	12,15	12,17	12,21	12,28	12,35	12,48	12,70	12,85	13,00	13,03	13,05	12,91	12,77	12,57	12,38	12,15	11,92	12,12
21/05/2020 05:10:00	12,43	12,56	12,44	12,31	12,20	12,16	12,18	12,26	12,28	12,37	12,59	12,75	12,91	12,93	12,96	12,81	12,67	12,47	12,28	12,05	11,83	11,89
21/05/2020 05:15:00	12,58	12,53	12,39	12,27	12,20	12,19	12,21	12,26	12,33	12,46	12,66	12,80	12,95	12,97	12,99	12,84	12,70	12,50	12,31	12,08	11,85	12,12
21/05/2020 05:20:00	12,52	12,46	12,31	12,23	12,24	12,28	12,31	12,36	12,46	12,62	12,83	12,99	13,14	13,16	13,18	13,04	12,89	12,69	12,49	12,25	12,01	12,40
21/05/2020 05:25:00	12,61	12,61	12,47	12,36	12,30	12,37	12,43	12,50	12,57	12,70	12,91	13,06	13,22	13,24	13,26	13,12	12,98	12,78	12,58	12,34	12,11	12,55
21/05/2020 05:30:00	12,56	12,60	12,52	12,49	12,50	12,61	12,68	12,71	12,77	12,88	13,07	13,19	13,31	13,30	13,29	13,12	12,95	12,73	12,50	12,23	11,97	12,54
21/05/2020 05:35:00	12,59	12,61	12,49	12,40	12,35	12,43	12,49	12,54	12,65	12,82	13,02	13,18	13,33	13,36	13,38	13,25	13,12	12,92	12,72	12,49	12,26	12,59
21/05/2020 05:40:00	12,66	12,67	12,52	12,43	12,41	12,47	12,52	12,57	12,63	12,76	13,00	13,17	13,34	13,37	13,40	13,25	13,10	12,89	12,68	12,43	12,19	12,70
21/05/2020 05:45:00	12,60	12,49	12,38	12,33	12,36	12,39	12,47	12,63	12,78	12,96	13,16	13,32	13,47	13,50	13,54	13,41	13,29	13,10	12,91	12,68	12,45	12,62
21/05/2020 05:50:00	12,68	12,61	12,56	12,54	12,56	12,65	12,73	12,82	12,92	13,09	13,34	13,52	13,69	13,73	13,76	13,62	13,47	13,26	13,06	12,81	12,57	12,45
21/05/2020 05:55:00	12,71	12,65	12,53	12,47	12,51	12,62	12,73	12,85	12,93	13,09	13,41	13,63	13,86	13,92	13,98	13,84	13,71	13,50	13,30	13,05	12,81	12,56
21/05/2020 06:00:00	12,71	12,62	12,48	12,38	12,34	12,41	12,51	12,64	12,80	13,01	13,24	13,43	13,62	13,68	13,74	13,63	13,53	13,35	13,17	12,96	12,74	12,72
21/05/2020 06:05:00	12,79	12,68	12,54	12,45	12,43	12,54	12,64	12,75	12,89	13,08	13,31	13,49	13,67	13,72	13,76	13,64	13,52	13,33	13,14	12,92	12,69	12,90
21/05/2020 06:10:00	12,98	12,83	12,62	12,48	12,46	12,50	12,57	12,69	12,79	12,97	13,26	13,48	13,70	13,78	13,85	13,73	13,61	13,42	13,24	13,02	12,79	12,99
21/05/2020 06:15:00	12,98	12,86	12,67	12,58	12,65	12,76	12,88	13,03	13,17	13,36	13,60	13,78	13,97	14,01	14,06	13,94	13,81	13,61	13,41	13,17	12,92	13,03
21/05/2020 06:20:00	13,15	12,93	12,77	12,72	12,79	12,92	13,03	13,14	13,32	13,56	13,85	14,07	14,28	14,35	14,42	14,30	14,18	13,99	13,79	13,56	13,32	13,06
21/05/2020 06:25:00	13,08	12,92	12,82	12,81	12,90	13,04	13,16	13,26	13,36	13,53	13,82	14,02	14,22	14,26	14,31	14,16	14,01	13,78	13,56	13,30	13,03	13,04
21/05/2020 06:30:00	13,19	13,03	12,91	12,87	12,95	13,15	13,28	13,37	13,49	13,67	13,92	14,09	14,26	14,29	14,31	14,17	14,02	13,80	13,57	13,31	13,04	13,15
21/05/2020 06:35:00	13,29	13,01	12,83	12,77	12,88	12,97	13,08	13,23	13,37	13,55	13,78	13,94	14,11	14,14	14,17	14,04	13,90	13,69	13,48	13,22	12,96	13,34
21/05/2020 06:40:00	13,45	13,17	12,96	12,83	12,80	12,87	12,95	13,05	13,07	13,16	13,38	13,52	13,67	13,68	13,69	13,54	13,38	13,16	12,93	12,67	12,40	13,40
21/05/2020 06:45:00	13,28	13,05	12,88	12,76	12,71	12,76	12,81	12,86	12,97	13,12	13,28	13,40	13,52	13,52	13,53	13,38	13,24	13,03	12,82	12,58	12,33	13,36
21/05/2020 06:50:00	13,11	12,99	12,78	12,62	12,52	12,56	12,57	12,55	12,61	12,74	12,93	13,07	13,20	13,21	13,22	13,07	12,92	12,71	12,50	12,26	12,01	13,22
21/05/2020 06:55:00	13,21	13,10	12,84	12,60	12,40	12,37	12,36	12,37	12,39	12,50	12,75	12,94	13,13	13,18	13,23	13,09	12,96	12,77	12,59	12,37	12,15	12,79
21/05/2020 07:00:00	12,95	12,79	12,55	12,35	12,22	12,16	12,14	12,16	12,19	12,28	12,42	12,52	12,62	12,61	12,60	12,44	12,29	12,09	11,89	11,66	11,43	12,87
21/05/2020 07:05:00	13,10	12,88	12,57	12,33	12,20	12,10	12,08	12,15	12,21	12,32	12,47	12,58	12,70	12,71	12,72	12,59	12,46	12,28	12,09	11,87	11,66	13,01
21/05/2020 07:10:00	13,01	12,92	12,64	12,42	12,30	12,22	12,17	12,16	12,17	12,25	12,43	12,56	12,69	12,69	12,69	12,54	12,38	12,18	11,97	11,74	11,50	13,22
21/05/2020 07:15:00	13,17	12,90	12,62	12,40	12,26	12,24	12,26	12,34	12,38	12,48	12,64	12,76	12,87	12,88	12,89	12,75	12,62	12,42	12,23	12,00	11,77	13,39
21/05/2020 07:20:00	13,32	13,05	12,73	12,44	12,23	12,15	12,09	12,06	12,10	12,21	12,39	12,54	12,68	12,70	12,72	12,58	12,45	12,26	12,07	11,86	11,64	13,67
21/05/2020 07:25:00	13,39	13,09	12,77	12,49	12,26	12,19	12,14	12,14	12,16	12,26	12,44	12,58	12,72	12,74	12,76	12,62	12,49	12,30	12,11	11,89	11,68	13,93
21/05/2020 07:30:00	13,48	13,09	12,75	12,46	12,23	12,14	12,09	12,08	12,13	12,25	12,48	12,66	12,83	12,88	12,92	12,80	12,67	12,49	12,32	12,11	11,91	14,09
21/05/2020 07:35:00	13,55	13,08	12,70	12,42	12,25	12,21	12,19	12,19	12,26	12,40	12,62	12,78	12,95	12,99	13,03	12,90	12,78	12,60	12,41	12,19	11,98	14,34
21/05/2020 07:40:00	13,87	13,42	13,05	12,76	12,59	12,55	12,56	12,64	12,72	12,86	13,06	13,23	13,40	13,45	13,49	13,38	13,26	13,08	12,90	12,68	12,47	14,27
21/05/2020 07:45:00	13,88	13,51	13,06	12,73	12,62	12,54	12,53	12,61	12,67	12,80	13,07	13,29	13,50	13,57	13,64	13,53	13,42	13,24	13,06	12,84	12,63	14,60
21/05/2020 07:50:00	13,94	13,45	13,08	12,81	12,69	12,67	12,68	12,72	12,81	12,98	13,24	13,44	13,64	13,70	13,76	13,65	13,53	13,34	13,16	12,94	12,71	14,72
21/05/2020 07:55:00	14,28	13,76	13,39	13,12	12,96	12,93	12,92	12,94	13,04	13,23	13,49	13,70	13,91	13,98	14,04	13,93	13,82	13,64	13,45	13,24	13,02	14,67
21/05/2020 08:00:00	14,50	14,01	13,68	13,44	13,31	13,29	13,32	13,39	13,44	13,57	13,86	14,07	14,28	14,34	14,40	14,28	14,15	13,95	13,75	13,51	13,27	14,62
21/05/2020 08:05:00	14,65	14,22	13,91	13,65	13,47	13,50	13,59	13,73	13,86	14,07	14,33	14,56	14,78	14,87	14,96	14,87	14,78	14,60	14,43	14,22	14,00	14,70
21/05/2020 08:10:00	14,70	14,21	13,87	13,67	13,66	13,73	13,82	13,94	14,07	14,27	14,53	14,73	14,94	15,00	15,06	14,94	14,83	14,62	14,42	14,17	13,92	14,38
21/05/2020 08:15:00	14,77	14,26	13,90	13,70	13,71	13,79	13,88	14,02	14,13	14,30	14,56	14,76	14,96	15,02	15,07	14,95	14,82	14,61	14,40	14,14	13,88	14,49
21/05/2020 08:20:00	14,80	14,32	13,99	13,78	13,73	13,80	13,90	14,03	14,16	14,36	14,55	14,71	14,88	14,92	14,96	14,84	14,72	14,52	14,31	14,06	13,81	14,62
21/05/2020 08:25:00	14,86	14,33	13,95	13,71	13,64	13,69	13,74	13,80	13,93	14,13	14,38	14,57	14,77	14,83	14,89	14,77	14,65	14,45	14,25	14,01	13,76	14,55
21/05/2020 08:30:00	14,84	14,34	13,99	13,75	13,69	13,69	13,73	13,84	13,92	14,07	14,31	14,50	14,68	14,73	14,78	14,65	14,52	14,31	14,11	13,86	13,61	14,57
21/05/2020 08:35:00	14,85	14,28	13,91	13,64	13,50	13,61	13,73	13,82	13,99	14,24	14,47	14,66	14,86	14,93	15,01	14,91	14,82	14,64	14,46	14,24	14,01	14,64
21/05/2020 08:40:00	14,84	14,40	14,02	13,75	13,64	13,71	13,77	13,81	13,92	14,13	14,46	14,72	14,98	15,08	15,18	15,07	14,96	14,77	14,58	14,35	14,12	14,64
21/05/2020 08:45:00	14,61	14,10	13,76	13,55	13,51	13,55	13,63	13,77	13,92	14,13	14,30	14,44	14,58	14,62	14,65	14,54	14,43	14,23	14,03	13,79	13,54	14,66
21/05/2020 08:50:00	14,70	14,25	13,85	13,54	13,39	13,41	13,44	13,50	13,53	13,66	14,01	14,28	14,54	14,63	14,73	14,61	14,48	14,29	14,09	13,86	13,62	14,91
21/05/2020 08:55:00	14,71	14,19	13,87	13,61	13,40	13,38	13,39	13,44	13,55	13,74	13,97	14,16	14,35	14,41	14,47	14,36	14,25	14,07	13,88	13,67	13,45	14,90
21/05/2020 09:00:00	14,74	14,34	13,94	13,64	13,50	13,51	13,51	13,48	13,52	13,66	13,92	14,12	14,31	14,36	14,41	14,27	14,13	13,92	13,71	13,46	13,22	14,94
21/05/2020 09:05:00	14,77	14,28	13,89	13,57	13,35	13,34	13,35	13,38	13,46	13,62	13,90	14,13	14,35	14,43	14,51	14,40	14,29	14,10	13,92	13,70	13,48	15,19
21/05/2020 09:10:00	14,68	14,21	13,83	13,55	13,41	13,40	13,44	13,52	13,67	13,88	14,02	14,15	14,28	14,31	14,34	14,24	14,13	13,95	13,77	13,54	13,32	14,70
21/05/2020 09:15:00	14,63	14,24	13,90	13,65	13,56	13,42	13,34	13,36	13,40	13,51	13,76	13,94	14,12	14,16	14,20	14,05	13,91	13,70	13,50	13,26	13,02	14,72
21/05/2020 09:20:00	14,72	14,28	13,87	13,54	13,34	13,25	13,20	13,19	13,24	13,37	13,56	13,71	13,87	13,90	13,93	13,80	13,67	13,47	13,28	13,05	12,82	14,87
21/05/2020 09:25:00	14,70	14,32	13,97	13,69	13,52	13,50	13,46	13,37	13,40	13,51	13,68	13,81	13,94	13,94	13,94	13,78	13,62	13,40	13,18	12,93	12,67	14,82
21/05/2020 09:30:00	14,71	14,30	13,98	13,72	13,54	13,45	13,39	13,38	13,43	13,56	13,77	13,92	14,07	14,10	14,13	13,99	13,85	13,65	13,44	13,21	12,98	14,80
21/05/2020 09:35:00	14,84	14,36	13,93	13,62	13,49	13,50	13,50	13,46	13,55	13,73	13,97	14,16	14,35	14,40	14,45	14,32	14,20	14,00	13,80	13,56	13,32	14,85
21/05/2020 09:40:00	14,92	14,42	14,04	13,74	13,57	13,50	13,48	13,50	13,55	13,67	13,89	14,07	14,24	14,28	14,32	14,18	14,05	13,85	13,64	13,40	13,17	15,09
21/05/2020 09:45:00	15,12	14,72	14,32	14,01	13,85	13,75	13,75	13,87	13,94	14,06	14,25	14,42	14,58	14,62	14,66	14,54	14,42	14,23	14,03	13,80	13,56	15,21
21/05/2020 09:50:00	15,22	14,68	14,28	14,00	13,86	13,83	13,83	13,87	13,93	14,07	14,32	14,51	14,70	14,75	14,80	14,67	14,53	14,33	14,12	13,87	13,62	15,52
21/05/2020 09:55:00	15,26	14,74	14,32	13,99	13,80	13,72	13,69	13,71	13,79	13,94	14,10	14,23	14,37	14,39	14,42	14,29	14,17	13,97	13,77	13,54	13,30	15,41
21/05/2020 10:00:00	15,30	14,72	14,34	14,08	13,96	13,89	13,86	13,90	13,93	14,02	14,22	14,36	14,51	14,52	14,54	14,38	14,23	14,01	13,79	13,52	13,26	15,50
21/05/2020 10:05:00	15,23	14,83	14,44	14,11	13,90	13,88	13,89	13,93	14,00	14,15	14,35	14,52	14,69	14,73	14,78	14,66	14,54	14,34	14,15	13,91	13,68	15,80
21/05/2020 10:10:00	15,32	14,82	14,42	14,11	13,90	13,84	13,82	13,85	13,94	14,12	14,35	14,55	14,74	14,80	14,86	14,75	14,63	14,45	14,26	14,03	13,81	15,44
21/05/2020 10:15:00	15,33	14,90	14,45	14,08	13,86	13,75	13,69	13,68	13,76	13,93	14,15	14,34	14,53	14,59	14,65	14,54	14,43	14,24	14,06	13,84	13,62	15,57
21/05/2020 10:20:00	15,35	14,86	14,45	14,11	13,91	13,81	13,78	13,82	13,91	14,06	14,26	14,42	14,58	14,63	14,67	14,55	14,43	14,24	14,05	13,82	13,60	15,80
21/05/2020 10:25:00	15,43	14,85	14,42	14,09	13,92	13,85	13,82	13,85	13,89	14,01	14,28	14,48	14,69	14,74	14,80	14,67	14,54	14,34	14,13	13,89	13,65	15,75
21/05/2020 10:30:00	15,53	15,06	14,64	14,26	13,94	13,81	13,75	13,74	13,73	13,80	14,05	14,24	14,44	14,49	14,54	14,40	14,27	14,07	13,87	13,64	13,41	16,15
21/05/2020 10:35:00	15,61	14,96	14,50	14,17	14,03	13,93	13,85	13,81	13,82	13,90	14,11	14,25	14,39	14,40	14,41	14,25	14,09	13,87	13,64	13,38	13,12	16,84
21/05/2020 10:40:00	15,65	15,03	14,62	14,27	14,01	13,86	13,78	13,79	13,86	14,01	14,20	14,36	14,52	14,56	14,60	14,48	14,35	14,17	13,98	13,75	13,53	16,60
21/05/2020 10:45:00	15,71	15,13	14,73	14,42	14,18	14,04	13,93	13,86	13,94	14,12	14,23	14,33	14,43	14,43	14,43	14,29	14,15	13,95	13,75	13,51	13,28	16,84
21/05/2020 10:50:00	15,82	15,17	14,66	14,28	14,09	13,91	13,78	13,75	13,78	13,92	14,16	14,34	14,53	14,58	14,62	14,49	14,36	14,16	13,96	13,73	13,49	16,79
21/05/2020 10:55:00	15,83	15,29	14,87	14,48	14,17	14,03	13,91	13,78	13,78	13,88	14,09	14,25	14,41	14,43	14,46	14,31	14,16	13,96	13,75	13,52	13,28	17,59
21/05/2020 11:00:00	15,97	15,39	14,89	14,50	14,29	14,15	14,04	13,97	14,03	14,19	14,34	14,46	14,58	14,60	14,61	14,47	14,34	14,13	13,93	13,69	13,45	17,21
21/05/2020 11:05:00	16,05	15,49	15,02	14,65	14,41	14,26	14,15	14,09	14,11	14,20	14,31	14,39	14,48	14,47	14,45	14,30	14,14	13,92	13,70	13,44	13,19	17,32
21/05/2020 11:10:00	16,19	15,59	15,20	14,84	14,53	14,38	14,27	14,20	14,21	14,29	14,39	14,47	14,54	14,52	14,50	14,34	14,19	13,97	13,75	13,50	13,25	17,97
21/05/2020 11:15:00	16,44	15,86	15,36	14,94	14,63	14,50	14,42	14,40	14,40	14,46	14,57	14,66	14,75	14,75	14,74	14,59	14,44	14,22	14,00	13,75	13,49	18,46
21/05/2020 11:20:00	16,49	15,96	15,50	15,06	14,66	14,36	14,15	14,06	14,04	14,13	14,34	14,51	14,67	14,71	14,75	14,62	14,48	14,29	14,10	13,89	13,68	18,41
21/05/2020 11:25:00	16,68	16,07	15,60	15,18	14,85	14,64	14,47	14,34	14,30	14,35	14,45	14,52	14,59	14,56	14,53	14,36	14,19	13,96	13,73	13,47	13,21	18,87
21/05/2020 11:30:00	16,82	16,26	15,85	15,44	15,03	14,77	14,57	14,43	14,31	14,25	14,30	14,33	14,35	14,29	14,22	14,02	13,82	13,57	13,32	13,05	12,78	18,36
21/05/2020 11:35:00	16,96	16,47	16,02	15,58	15,16	14,84	14,56	14,36	14,26	14,24	14,31	14,34	14,38	14,32	14,27	14,07	13,88	13,64	13,41	13,15	12,89	19,43
21/05/2020 11:40:00	17,20	16,63	16,12	15,64	15,21	14,86	14,59	14,43	14,31	14,27	14,37	14,44	14,51	14,47	14,44	14,25	14,06	13,83	13,60	13,34	13,09	18,52
21/05/2020 11:45:00	17,26	16,67	16,19	15,74	15,34	15,00	14,74	14,59	14,47	14,41	14,46	14,49	14,52	14,45	14,39	14,19	13,99	13,74	13,50	13,23	12,96	19,42
21/05/2020 11:50:00	17,34	16,76	16,31	15,85	15,37	15,03	14,75	14,52	14,37	14,30	14,45	14,54	14,63	14,60	14,56	14,36	14,16	13,92	13,68	13,42	13,17	19,72
21/05/2020 11:55:00	17,45	16,76	16,29	15,87	15,51	15,17	14,88	14,69	14,53	14,43	14,43	14,40	14,37	14,26	14,15	13,92	13,69	13,41	13,14	12,84	12,55	19,33
21/05/2020 12:00:00	17,19	16,42	15,98	15,62	15,36	15,08	14,85	14,69	14,60	14,58	14,61	14,60	14,60	14,50	14,41	14,20	13,98	13,72	13,45	13,16	12,87	18,41
21/05/2020 12:05:00	17,05	16,35	15,88	15,45	15,08	14,81	14,57	14,35	14,21	14,15	14,24	14,28	14,32	14,25	14,19	13,97	13,76	13,51	13,25	12,97	12,69	18,24
21/05/2020 12:10:00	16,77	16,15	15,70	15,32	15,00	14,83	14,75	14,73	14,72	14,75	14,80	14,83	14,87	14,82	14,78	14,61	14,45	14,21	13,98	13,71	13,44	17,42
21/05/2020 12:15:00	16,75	15,98	15,49	15,02	14,55	14,22	14,00	13,95	13,94	14,01	14,14	14,26	14,37	14,39	14,40	14,27	14,14	13,95	13,77	13,56	13,34	18,31
21/05/2020 12:20:00	16,60	15,93	15,43	14,97	14,58	14,33	14,13	13,96	13,92	13,98	14,16	14,29	14,42	14,43	14,44	14,28	14,12	13,91	13,70	13,47	13,24	17,22
21/05/2020 12:25:00	16,45	15,74	15,28	14,90	14,64	14,50	14,36	14,21	14,19	14,26	14,46	14,59	14,73	14,73	14,73	14,56	14,40	14,17	13,94	13,68	13,42	17,37
21/05/2020 12:30:00	16,57	15,96	15,49	15,04	14,65	14,45	14,30	14,15	14,14	14,23	14,35	14,45	14,55	14,54	14,54	14,39	14,23	14,02	13,82	13,58	13,34	17,90
21/05/2020 12:35:00	16,60	15,74	15,20	14,72	14,32	14,06	13,87	13,78	13,80	13,93	14,10	14,25	14,40	14,43	14,46	14,34	14,21	14,03	13,85	13,64	13,43	18,24
21/05/2020 12:40:00	16,62	15,96	15,45	14,98	14,64	14,41	14,23	14,12	14,09	14,14	14,28	14,39	14,50	14,50	14,50	14,34	14,19	13,97	13,76	13,52	13,28	18,17
21/05/2020 12:45:00	16,58	15,92	15,43	14,98	14,58	14,32	14,12	14,00	13,93	13,94	14,10	14,21	14,33	14,33	14,32	14,16	13,99	13,78	13,56	13,32	13,08	17,98
21/05/2020 12:50:00	16,49	15,80	15,33	14,91	14,56	14,36	14,21	14,11	14,09	14,15	14,30	14,42	14,54	14,54	14,54	14,39	14,23	14,02	13,80	13,56	13,32	17,84
21/05/2020 12:55:00	16,57	15,91	15,39	14,93	14,58	14,38	14,22	14,09	14,06	14,11	14,21	14,29	14,37	14,35	14,33	14,17	14,01	13,78	13,56	13,31	13,06	17,48
21/05/2020 13:00:00	16,45	15,75	15,31	14,93	14,61	14,38	14,20	14,10	14,04	14,06	14,28	14,44	14,60	14,61	14,63	14,46	14,29	14,07	13,85	13,60	13,35	17,38
21/05/2020 13:05:00	16,56	15,89	15,36	14,91	14,58	14,40	14,29	14,24	14,23	14,30	14,42	14,51	14,61	14,61	14,60	14,46	14,31	14,10	13,88	13,63	13,39	17,21
21/05/2020 13:10:00	16,55	16,03	15,51	15,02	14,61	14,36	14,20	14,15	14,04	14,00	14,21	14,36	14,52	14,54	14,56	14,40	14,24	14,02	13,80	13,56	13,32	17,61
21/05/2020 13:15:00	16,43	15,81	15,30	14,88	14,62	14,48	14,36	14,26	14,18	14,18	14,43	14,60	14,77	14,79	14,81	14,64	14,47	14,23	14,00	13,73	13,46	17,10
21/05/2020 13:20:00	16,53	16,04	15,59	15,18	14,84	14,54	14,29	14,13	14,07	14,10	14,28	14,40	14,52	14,52	14,52	14,34	14,17	13,95	13,73	13,49	13,25	17,66
21/05/2020 13:25:00	16,59	16,05	15,59	15,15	14,76	14,54	14,38	14,28	14,22	14,25	14,42	14,55	14,68	14,69	14,69	14,54	14,38	14,16	13,95	13,70	13,46	18,06
21/05/2020 13:30:00	16,67	16,13	15,61	15,14	14,79	14,59	14,45	14,35	14,29	14,31	14,45	14,56	14,66	14,66	14,65	14,49	14,32	14,10	13,87	13,62	13,36	17,59
21/05/2020 13:35:00	16,68	16,15	15,68	15,26	14,93	14,66	14,48	14,44	14,37	14,35	14,46	14,54	14,62	14,59	14,57	14,39	14,22	13,99	13,75	13,49	13,23	17,24
21/05/2020 13:40:00	16,78	16,22	15,72	15,27	14,91	14,67	14,52	14,44	14,38	14,38	14,49	14,57	14,65	14,63	14,61	14,44	14,28	14,05	13,82	13,56	13,30	17,52
21/05/2020 13:45:00	16,77	16,17	15,69	15,26	14,93	14,68	14,50	14,39	14,36	14,41	14,51	14,59	14,67	14,65	14,62	14,46	14,29	14,07	13,85	13,60	13,35	17,25
21/05/2020 13:50:00	16,89	16,34	15,89	15,46	15,10	14,82	14,61	14,49	14,43	14,43	14,52	14,58	14,64	14,60	14,56	14,38	14,20	13,97	13,74	13,48	13,22	17,61
21/05/2020 13:55:00	16,86	16,42	16,01	15,60	15,18	14,91	14,69	14,53	14,46	14,49	14,56	14,62	14,68	14,63	14,59	14,41	14,23	14,00	13,77	13,52	13,26	18,05
21/05/2020 14:00:00	16,94	16,47	16,01	15,60	15,30	15,10	14,93	14,79	14,73	14,75	14,75	14,75	14,75	14,67	14,59	14,39	14,20	13,94	13,69	13,40	13,12	18,26
21/05/2020 14:05:00	17,04	16,43	15,96	15,53	15,12	14,89	14,71	14,57	14,51	14,55	14,68	14,77	14,86	14,85	14,83	14,66	14,50	14,27	14,05	13,80	13,55	18,42
21/05/2020 14:10:00	17,23	16,59	16,14	15,72	15,35	15,10	14,90	14,76	14,66	14,63	14,68	14,71	14,74	14,68	14,61	14,42	14,22	13,96	13,71	13,43	13,15	18,56
21/05/2020 14:15:00	17,31	16,71	16,17	15,69	15,33	15,08	14,90	14,81	14,77	14,80	14,86	14,92	14,97	14,94	14,90	14,73	14,57	14,34	14,11	13,84	13,58	19,05
21/05/2020 14:20:00	17,53	16,80	16,38	16,00	15,64	15,35	15,14	15,06	14,94	14,84	14,91	14,94	14,97	14,90	14,83	14,62	14,41	14,15	13,88	13,59	13,30	19,59
21/05/2020 14:25:00	17,55	16,92	16,47	16,03	15,59	15,27	15,02	14,85	14,70	14,62	14,72	14,77	14,82	14,76	14,71	14,50	14,30	14,05	13,80	13,53	13,25	20,12
21/05/2020 14:30:00	17,60	17,06	16,54	16,06	15,67	15,40	15,19	15,04	14,93	14,88	14,93	14,96	14,99	14,92	14,86	14,66	14,47	14,21	13,96	13,68	13,40	19,51
21/05/2020 14:35:00	17,57	17,11	16,73	16,32	15,85	15,56	15,35	15,20	15,10	15,08	15,15	15,19	15,23	15,18	15,13	14,94	14,75	14,51	14,27	14,01	13,74	19,61
21/05/2020 14:40:00	17,77	17,20	16,73	16,30	15,92	15,67	15,46	15,27	15,15	15,11	15,10	15,08	15,06	14,96	14,86	14,65	14,43	14,16	13,89	13,60	13,30	19,72
21/05/2020 14:45:00	17,95	17,32	16,93	16,55	16,16	15,88	15,65	15,47	15,35	15,29	15,31	15,30	15,30	15,20	15,11	14,89	14,67	14,40	14,13	13,83	13,54	20,40
21/05/2020 14:50:00	18,01	17,48	17,07	16,66	16,26	15,97	15,71	15,46	15,29	15,21	15,21	15,17	15,14	15,03	14,91	14,68	14,44	14,16	13,87	13,56	13,26	19,70
21/05/2020 14:55:00	17,96	17,50	17,07	16,66	16,30	16,03	15,80	15,63	15,49	15,42	15,40	15,37	15,34	15,23	15,12	14,89	14,67	14,38	14,10	13,79	13,48	19,61
21/05/2020 15:00:00	18,09	17,61	17,13	16,69	16,35	16,10	15,89	15,69	15,58	15,56	15,53	15,50	15,46	15,36	15,25	15,03	14,82	14,54	14,26	13,96	13,65	20,04
21/05/2020 15:05:00	18,23	17,68	17,25	16,82	16,38	16,11	15,90	15,72	15,57	15,47	15,54	15,58	15,62	15,55	15,48	15,26	15,05	14,78	14,51	14,21	13,91	19,92
21/05/2020 15:10:00	18,24	17,80	17,38	16,95	16,56	16,23	15,95	15,75	15,60	15,52	15,51	15,47	15,44	15,33	15,22	14,99	14,76	14,48	14,20	13,90	13,59	20,22
21/05/2020 15:15:00	18,30	17,79	17,36	16,96	16,60	16,33	16,06	15,76	15,64	15,66	15,59	15,52	15,44	15,31	15,17	14,94	14,70	14,42	14,13	13,82	13,51	20,19
21/05/2020 15:20:00	18,37	17,84	17,38	16,96	16,56	16,24	15,99	15,80	15,61	15,45	15,52	15,55	15,57	15,48	15,40	15,16	14,92	14,63	14,34	14,03	13,71	19,64
21/05/2020 15:25:00	18,46	18,00	17,56	17,11	16,69	16,35	16,05	15,82	15,65	15,56	15,49	15,41	15,33	15,19	15,05	14,81	14,57	14,29	14,00	13,69	13,37	19,74
21/05/2020 15:30:00	18,65	18,04	17,55	17,10	16,73	16,38	16,08	15,89	15,70	15,55	15,56	15,54	15,52	15,41	15,29	15,05	14,81	14,51	14,22	13,90	13,58	20,44
21/05/2020 15:35:00	18,85	18,25	17,68	17,14	16,68	16,29	15,97	15,74	15,55	15,43	15,43	15,42	15,40	15,30	15,20	14,97	14,74	14,47	14,19	13,89	13,59	21,31
21/05/2020 15:40:00	18,94	18,39	17,87	17,37	16,88	16,49	16,16	15,87	15,65	15,50	15,49	15,46	15,42	15,30	15,18	14,94	14,69	14,40	14,11	13,80	13,49	21,37
21/05/2020 15:45:00	18,93	18,35	17,89	17,43	16,94	16,54	16,20	15,93	15,72	15,57	15,48	15,39	15,29	15,14	14,98	14,72	14,47	14,17	13,87	13,56	13,24	20,91
21/05/2020 15:50:00	18,94	18,38	17,91	17,42	16,91	16,52	16,19	15,92	15,69	15,52	15,46	15,38	15,30	15,15	15,01	14,75	14,50	14,20	13,90	13,58	13,27	20,46
21/05/2020 15:55:00	19,01	18,44	17,89	17,36	16,89	16,54	16,22	15,93	15,72	15,59	15,51	15,43	15,35	15,21	15,06	14,82	14,57	14,27	13,97	13,65	13,33	20,61
21/05/2020 16:00:00	18,86	18,46	17,99	17,52	17,09	16,70	16,36	16,08	15,80	15,54	15,44	15,32	15,20	15,02	14,83	14,54	14,25	13,92	13,59	13,24	12,89	20,94
21/05/2020 16:05:00	18,78	18,25	17,79	17,35	16,95	16,59	16,26	15,97	15,76	15,63	15,54	15,44	15,33	15,17	15,00	14,74	14,48	14,17	13,86	13,53	13,20	20,27
21/05/2020 16:10:00	18,90	18,27	17,80	17,37	17,00	16,61	16,24	15,99	15,84	15,79	15,64	15,50	15,36	15,19	15,01	14,76	14,51	14,21	13,92	13,59	13,27	20,14
21/05/2020 16:15:00	18,77	18,36	17,89	17,43	17,03	16,67	16,36	16,11	15,88	15,69	15,59	15,48	15,37	15,19	15,02	14,75	14,48	14,16	13,84	13,50	13,16	20,82
21/05/2020 16:20:00	18,88	18,36	17,93	17,49	17,05	16,73	16,46	16,21	15,99	15,81	15,73	15,63	15,53	15,37	15,21	14,94	14,68	14,36	14,05	13,71	13,37	20,05
21/05/2020 16:25:00	18,83	18,42	17,96	17,50	17,05	16,66	16,33	16,08	15,84	15,65	15,58	15,50	15,42	15,27	15,12	14,85	14,59	14,28	13,98	13,65	13,32	20,11
21/05/2020 16:30:00	18,75	18,35	17,92	17,50	17,09	16,76	16,48	16,25	16,06	15,91	15,83	15,73	15,63	15,47	15,31	15,05	14,80	14,49	14,18	13,84	13,50	19,67
21/05/2020 16:35:00	18,71	18,29	17,87	17,46	17,10	16,74	16,42	16,19	16,02	15,92	15,83	15,74	15,65	15,49	15,34	15,09	14,83	14,53	14,23	13,90	13,57	19,76
21/05/2020 16:40:00	18,97	18,63	18,26	17,89	17,53	17,21	16,91	16,64	16,44	16,33	16,21	16,09	15,96	15,78	15,60	15,32	15,05	14,73	14,40	14,06	13,71	19,74
21/05/2020 16:45:00	18,89	18,61	18,20	17,79	17,40	17,07	16,75	16,45	16,24	16,11	16,04	15,95	15,86	15,70	15,54	15,27	15,00	14,69	14,37	14,03	13,69	19,44
21/05/2020 16:50:00	18,83	18,56	18,13	17,70	17,29	16,97	16,69	16,43	16,24	16,13	16,10	16,05	16,01	15,88	15,75	15,50	15,26	14,95	14,65	14,32	14,00	19,26
21/05/2020 16:55:00	19,08	18,69	18,27	17,86	17,48	17,22	16,99	16,74	16,54	16,41	16,40	16,36	16,32	16,20	16,07	15,81	15,55	15,24	14,92	14,58	14,24	19,17
21/05/2020 17:00:00	18,89	18,56	18,14	17,73	17,35	17,12	16,93	16,71	16,55	16,47	16,46	16,44	16,42	16,31	16,19	15,96	15,72	15,41	15,11	14,78	14,45	18,95
21/05/2020 17:05:00	18,75	18,40	17,98	17,58	17,23	16,93	16,67	16,47	16,33	16,26	16,28	16,27	16,26	16,16	16,06	15,83	15,59	15,30	15,02	14,70	14,38	18,72
21/05/2020 17:10:00	18,63	18,33	17,90	17,48	17,11	16,84	16,63	16,48	16,31	16,17	16,23	16,25	16,27	16,18	16,09	15,86	15,63	15,33	15,04	14,71	14,38	18,59
21/05/2020 17:15:00	18,55	18,14	17,68	17,25	16,90	16,62	16,39	16,22	16,07	15,98	16,04	16,07	16,09	16,02	15,94	15,71	15,49	15,21	14,92	14,61	14,30	18,53
21/05/2020 17:20:00	18,51	18,09	17,65	17,27	17,01	16,76	16,56	16,45	16,34	16,27	16,27	16,25	16,23	16,12	16,02	15,79	15,56	15,26	14,97	14,63	14,30	18,43
21/05/2020 17:25:00	18,34	17,97	17,57	17,18	16,80	16,57	16,40	16,26	16,15	16,08	16,12	16,12	16,13	16,05	15,97	15,75	15,54	15,26	14,98	14,67	14,36	18,35
21/05/2020 17:30:00	18,26	17,87	17,45	17,09	16,82	16,60	16,38	16,16	16,03	15,99	16,05	16,06	16,08	15,99	15,90	15,67	15,43	15,14	14,84	14,52	14,20	18,16
21/05/2020 17:35:00	18,16	17,76	17,38	17,01	16,66	16,42	16,23	16,09	15,94	15,83	15,85	15,84	15,83	15,73	15,63	15,40	15,17	14,88	14,59	14,26	13,94	18,11
21/05/2020 17:40:00	17,92	17,60	17,20	16,77	16,35	16,10	15,90	15,75	15,64	15,59	15,67	15,72	15,77	15,72	15,67	15,47	15,27	15,02	14,76	14,48	14,19	17,99
21/05/2020 17:45:00	17,95	17,53	17,11	16,73	16,44	16,20	15,98	15,80	15,70	15,70	15,74	15,76	15,77	15,69	15,61	15,40	15,18	14,91	14,64	14,33	14,03	17,92
21/05/2020 17:50:00	17,81	17,44	17,00	16,61	16,31	16,02	15,79	15,66	15,54	15,48	15,56	15,61	15,66	15,60	15,54	15,32	15,11	14,84	14,57	14,27	13,97	17,82
21/05/2020 17:55:00	17,64	17,35	16,93	16,53	16,22	15,94	15,73	15,61	15,51	15,48	15,58	15,65	15,72	15,67	15,63	15,43	15,23	14,97	14,71	14,42	14,14	17,69
21/05/2020 18:00:00	17,55	17,23	16,87	16,52	16,23	15,99	15,79	15,66	15,56	15,51	15,59	15,64	15,68	15,61	15,55	15,33	15,12	14,85	14,58	14,28	13,98	17,64
21/05/2020 18:05:00	17,45	17,12	16,81	16,50	16,19	16,04	15,92	15,82	15,77	15,82	15,93	16,01	16,09	16,06	16,03	15,84	15,65	15,40	15,15	14,86	14,57	17,47
21/05/2020 18:10:00	17,16	16,92	16,67	16,43	16,17	16,04	15,95	15,87	15,85	15,90	16,08	16,21	16,33	16,32	16,32	16,13	15,95	15,70	15,45	15,17	14,88	17,06
21/05/2020 18:15:00	16,89	16,85	16,61	16,39	16,24	16,11	16,00	15,92	15,93	16,03	16,18	16,29	16,39	16,38	16,36	16,18	15,99	15,74	15,49	15,20	14,91	16,80
21/05/2020 18:20:00	16,87	16,75	16,55	16,32	16,09	15,95	15,85	15,80	15,81	15,89	16,06	16,17	16,29	16,29	16,28	16,11	15,93	15,69	15,45	15,18	14,90	16,66
21/05/2020 18:25:00	16,80	16,70	16,48	16,25	16,04	15,89	15,79	15,75	15,75	15,81	15,97	16,10	16,22	16,21	16,20	16,02	15,84	15,60	15,35	15,07	14,79	16,52
21/05/2020 18:30:00	16,80	16,68	16,46	16,25	16,05	15,97	15,90	15,83	15,82	15,88	15,99	16,05	16,12	16,08	16,04	15,85	15,66	15,39	15,13	14,83	14,54	16,40
21/05/2020 18:35:00	16,46	16,24	16,02	15,79	15,53	15,40	15,34	15,36	15,42	15,54	15,68	15,79	15,90	15,91	15,91	15,76	15,61	15,39	15,18	14,92	14,67	16,44
21/05/2020 18:40:00	16,32	16,15	15,91	15,69	15,50	15,43	15,36	15,27	15,29	15,41	15,60	15,73	15,87	15,87	15,88	15,71	15,54	15,30	15,06	14,79	14,51	16,37
21/05/2020 18:45:00	16,24	15,96	15,71	15,51	15,39	15,28	15,22	15,25	15,31	15,44	15,64	15,78	15,93	15,94	15,96	15,81	15,65	15,42	15,19	14,93	14,66	16,30
21/05/2020 18:50:00	16,21	16,04	15,84	15,66	15,49	15,46	15,44	15,41	15,43	15,51	15,65	15,74	15,83	15,80	15,78	15,60	15,42	15,17	14,92	14,63	14,34	16,20
21/05/2020 18:55:00	16,21	15,96	15,71	15,48	15,29	15,20	15,12	15,07	15,10	15,22	15,40	15,53	15,67	15,67	15,68	15,51	15,35	15,12	14,89	14,62	14,35	16,12
21/05/2020 19:00:00	16,10	15,83	15,57	15,33	15,11	15,04	15,00	14,98	15,02	15,13	15,37	15,55	15,72	15,76	15,80	15,64	15,49	15,27	15,05	14,80	14,54	16,06
21/05/2020 19:05:00	16,00	15,74	15,45	15,24	15,18	15,15	15,15	15,21	15,25	15,35	15,48	15,58	15,67	15,66	15,64	15,47	15,31	15,06	14,81	14,53	14,24	16,00
21/05/2020 19:10:00	15,97	15,73	15,50	15,31	15,17	15,07	15,01	15,01	15,05	15,17	15,38	15,52	15,67	15,69	15,70	15,54	15,38	15,15	14,92	14,66	14,39	15,93
21/05/2020 19:15:00	15,84	15,60	15,37	15,20	15,13	15,06	15,02	15,06	15,13	15,28	15,47	15,61	15,75	15,76	15,77	15,62	15,46	15,23	15,00	14,73	14,46	15,86
21/05/2020 19:20:00	15,77	15,60	15,43	15,26	15,10	14,99	14,93	14,92	14,97	15,10	15,32	15,47	15,63	15,65	15,67	15,52	15,36	15,14	14,91	14,66	14,40	15,77
21/05/2020 19:25:00	15,67	15,45	15,25	15,07	14,89	14,84	14,79	14,76	14,81	14,96	15,16	15,32	15,47	15,49	15,51	15,35	15,20	14,97	14,75	14,49	14,24	15,66
21/05/2020 19:30:00	15,58	15,42	15,19	15,00	14,84	14,82	14,80	14,76	14,76	14,83	15,05	15,19	15,34	15,35	15,35	15,18	15,00	14,76	14,52	14,24	13,96	15,65
21/05/2020 19:35:00	15,53	15,43	15,15	14,91	14,73	14,69	14,65	14,58	14,63	14,78	14,98	15,13	15,29	15,31	15,33	15,18	15,02	14,80	14,58	14,33	14,07	15,53
21/05/2020 19:40:00	15,38	15,21	14,93	14,71	14,59	14,50	14,43	14,40	14,46	14,61	14,82	14,97	15,13	15,15	15,18	15,03	14,87	14,66	14,44	14,19	13,93	15,36
21/05/2020 19:45:00	15,33	15,13	14,88	14,67	14,50	14,38	14,30	14,29	14,32	14,43	14,64	14,79	14,95	14,97	14,99	14,83	14,67	14,46	14,24	13,99	13,74	15,16
21/05/2020 19:50:00	15,06	14,90	14,67	14,45	14,26	14,19	14,13	14,07	14,17	14,36	14,52	14,66	14,79	14,81	14,83	14,69	14,55	14,35	14,14	13,91	13,67	15,10
21/05/2020 19:55:00	14,97	14,74	14,53	14,36	14,22	14,17	14,14	14,14	14,18	14,30	14,53	14,70	14,87	14,90	14,92	14,77	14,61	14,39	14,17	13,92	13,66	14,99
21/05/2020 20:00:00	14,96	14,70	14,45	14,28	14,20	14,21	14,22	14,22	14,30	14,46	14,72	14,92	15,11	15,15	15,20	15,05	14,91	14,69	14,47	14,22	13,96	14,98
21/05/2020 20:05:00	14,92	14,64	14,46	14,32	14,21	14,18	14,18	14,23	14,33	14,49	14,63	14,74	14,84	14,84	14,84	14,70	14,55	14,33	14,12	13,86	13,61	14,93
21/05/2020 20:10:00	14,87	14,66	14,43	14,25	14,12	14,03	13,99	14,01	14,11	14,28	14,53	14,72	14,91	14,96	15,01	14,88	14,74	14,55	14,35	14,12	13,89	14,80
21/05/2020 20:15:00	14,64	14,47	14,30	14,15	14,04	14,01	14,00	14,03	14,15	14,36	14,61	14,82	15,02	15,07	15,13	15,00	14,88	14,68	14,49	14,26	14,03	14,65
21/05/2020 20:20:00	14,60	14,42	14,22	14,04	13,87	13,82	13,82	13,86	13,98	14,18	14,41	14,59	14,77	14,82	14,88	14,76	14,64	14,45	14,26	14,04	13,82	14,56
21/05/2020 20:25:00	14,53	14,30	14,08	13,92	13,85	13,83	13,83	13,86	13,97	14,16	14,49	14,74	14,98	15,06	15,15	15,02	14,89	14,69	14,50	14,27	14,04	14,57
21/05/2020 20:30:00	14,47	14,28	14,08	13,91	13,82	13,78	13,79	13,89	14,01	14,21	14,50	14,73	14,95	15,03	15,11	15,00	14,88	14,69	14,51	14,29	14,06	14,40
21/05/2020 20:35:00	14,38	14,09	13,86	13,69	13,59	13,63	13,66	13,68	13,80	14,00	14,23	14,41	14,59	14,64	14,68	14,55	14,42	14,23	14,03	13,79	13,55	14,39
21/05/2020 20:40:00	14,31	14,13	13,95	13,79	13,66	13,64	13,66	13,71	13,78	13,94	14,28	14,54	14,79	14,88	14,96	14,83	14,71	14,51	14,32	14,09	13,86	14,36
21/05/2020 20:45:00	14,36	14,10	13,94	13,78	13,65	13,59	13,61	13,72	13,84	14,04	14,38	14,65	14,92	15,03	15,13	15,02	14,92	14,74	14,57	14,36	14,15	14,34
21/05/2020 20:50:00	14,34	14,12	13,95	13,82	13,73	13,75	13,76	13,78	13,87	14,06	14,44	14,72	15,00	15,09	15,19	15,06	14,93	14,73	14,54	14,31	14,08	14,29
21/05/2020 20:55:00	14,27	14,04	13,84	13,66	13,50	13,42	13,40	13,48	13,63	13,88	14,22	14,50	14,77	14,88	15,00	14,90	14,81	14,65	14,49	14,30	14,11	14,22
21/05/2020 21:00:00	14,25	13,93	13,69	13,52	13,44	13,45	13,49	13,58	13,68	13,86	14,12	14,32	14,52	14,57	14,63	14,51	14,38	14,19	13,99	13,76	13,52	14,17
21/05/2020 21:05:00	14,23	14,03	13,78	13,57	13,44	13,37	13,34	13,38	13,52	13,75	14,04	14,27	14,51	14,59	14,68	14,57	14,47	14,30	14,13	13,92	13,72	14,17
21/05/2020 21:10:00	14,06	13,87	13,68	13,52	13,40	13,34	13,34	13,40	13,48	13,61	13,77	13,89	14,00	14,01	14,02	13,87	13,73	13,53	13,32	13,09	12,85	14,13
21/05/2020 21:15:00	14,07	13,90	13,75	13,58	13,39	13,32	13,27	13,25	13,31	13,46	13,76	13,98	14,20	14,27	14,33	14,19	14,05	13,86	13,67	13,45	13,24	14,13
21/05/2020 21:20:00	14,06	13,84	13,69	13,56	13,44	13,42	13,41	13,42	13,47	13,59	13,82	13,98	14,14	14,16	14,18	14,03	13,87	13,66	13,44	13,20	12,95	14,13
21/05/2020 21:25:00	14,11	13,88	13,63	13,44	13,35	13,28	13,25	13,28	13,34	13,47	13,71	13,88	14,05	14,08	14,11	13,97	13,83	13,62	13,42	13,18	12,94	14,15
21/05/2020 21:30:00	14,02	13,75	13,55	13,37	13,22	13,21	13,20	13,20	13,24	13,37	13,59	13,76	13,92	13,95	13,98	13,83	13,68	13,47	13,26	13,02	12,78	14,07
21/05/2020 21:35:00	13,97	13,86	13,64	13,45	13,34	13,28	13,18	13,07	13,11	13,24	13,45	13,60	13,74	13,75	13,75	13,59	13,42	13,20	12,99	12,74	12,50	14,04
21/05/2020 21:40:00	14,00	13,78	13,61	13,44	13,29	13,17	13,13	13,19	13,22	13,31	13,49	13,62	13,74	13,75	13,76	13,61	13,45	13,25	13,04	12,81	12,57	14,00
21/05/2020 21:45:00	14,02	13,82	13,57	13,35	13,19	13,12	13,07	13,04	13,07	13,19	13,42	13,59	13,76	13,79	13,82	13,67	13,52	13,32	13,11	12,88	12,65	14,02
21/05/2020 21:50:00	14,05	13,89	13,73	13,56	13,39	13,29	13,23	13,24	13,23	13,29	13,48	13,61	13,74	13,74	13,74	13,57	13,41	13,19	12,97	12,73	12,48	14,07
21/05/2020 21:55:00	14,11	13,94	13,72	13,54	13,43	13,40	13,38	13,38	13,41	13,51	13,69	13,82	13,95	13,95	13,95	13,79	13,63	13,41	13,19	12,94	12,68	14,17
21/05/2020 22:00:00	14,19	14,00	13,78	13,61	13,51	13,42	13,34	13,30	13,37	13,51	13,64	13,74	13,84	13,83	13,81	13,65	13,49	13,28	13,06	12,82	12,57	14,16
21/05/2020 22:05:00	14,13	13,92	13,74	13,59	13,46	13,36	13,31	13,32	13,36	13,47	13,63	13,74	13,85	13,85	13,84	13,68	13,52	13,31	13,09	12,85	12,60	14,15
21/05/2020 22:10:00	14,11	13,88	13,73	13,64	13,60	13,56	13,54	13,56	13,61	13,71	13,85	13,93	14,02	13,99	13,96	13,79	13,61	13,38	13,15	12,88	12,61	14,04
21/05/2020 22:15:00	14,08	13,83	13,72	13,61	13,45	13,40	13,34	13,29	13,31	13,39	13,52	13,61	13,69	13,65	13,62	13,44	13,26	13,03	12,80	12,54	12,29	14,04
21/05/2020 22:20:00	14,06	13,80	13,64	13,52	13,41	13,31	13,26	13,26	13,27	13,33	13,46	13,53	13,61	13,58	13,54	13,36	13,18	12,95	12,72	12,46	12,20	14,01
21/05/2020 22:25:00	14,02	13,85	13,64	13,46	13,31	13,21	13,14	13,11	13,13	13,22	13,39	13,50	13,61	13,60	13,59	13,43	13,26	13,05	12,83	12,58	12,34	14,03
21/05/2020 22:30:00	14,07	13,84	13,62	13,42	13,24	13,14	13,08	13,06	13,05	13,11	13,28	13,39	13,51	13,50	13,49	13,32	13,15	12,93	12,71	12,47	12,22	13,99
21/05/2020 22:35:00	13,98	13,83	13,59	13,39	13,23	13,12	13,07	13,08	13,09	13,17	13,35	13,47	13,60	13,60	13,60	13,44	13,29	13,07	12,86	12,62	12,38	13,92
21/05/2020 22:40:00	13,96	13,69	13,50	13,34	13,24	13,19	13,15	13,13	13,15	13,22	13,40	13,51	13,62	13,60	13,59	13,41	13,24	13,01	12,78	12,52	12,27	13,92
21/05/2020 22:45:00	13,92	13,72	13,50	13,32	13,19	13,11	13,03	12,99	12,99	13,06	13,20	13,29	13,38	13,36	13,33	13,15	12,98	12,75	12,52	12,27	12,01	13,89
21/05/2020 22:50:00	13,90	13,62	13,45	13,32	13,20	13,11	13,03	12,96	12,96	13,01	13,16	13,23	13,31	13,27	13,23	13,04	12,85	12,62	12,38	12,12	11,86	13,85
21/05/2020 22:55:00	13,94	13,71	13,46	13,24	13,10	13,02	12,94	12,87	12,89	12,99	13,15	13,26	13,37	13,36	13,35	13,18	13,02	12,80	12,59	12,34	12,10	13,88
21/05/2020 23:00:00	13,94	13,71	13,50	13,33	13,22	13,12	13,06	13,07	13,11	13,22	13,47	13,64	13,81	13,84	13,87	13,72	13,57	13,37	13,16	12,93	12,69	13,93
21/05/2020 23:05:00	14,02	13,67	13,46	13,32	13,21	13,23	13,25	13,28	13,39	13,57	13,81	13,99	14,17	14,21	14,26	14,12	13,99	13,79	13,60	13,36	13,13	13,93
21/05/2020 23:10:00	13,95	13,70	13,63	13,55	13,46	13,42	13,41	13,46	13,54	13,69	13,93	14,11	14,28	14,31	14,34	14,19	14,05	13,84	13,63	13,40	13,16	13,95
21/05/2020 23:15:00	14,01	13,77	13,59	13,47	13,45	13,41	13,40	13,46	13,50	13,61	13,85	14,01	14,17	14,18	14,20	14,04	13,88	13,66	13,44	13,18	12,93	14,04
21/05/2020 23:20:00	14,05	13,84	13,71	13,59	13,48	13,45	13,43	13,43	13,51	13,65	13,81	13,93	14,04	14,04	14,04	13,88	13,72	13,51	13,29	13,04	12,80	13,99
21/05/2020 23:25:00	14,01	13,83	13,66	13,55	13,50	13,52	13,51	13,48	13,51	13,61	13,78	13,89	13,99	13,98	13,96	13,78	13,60	13,36	13,13	12,85	12,58	13,96
21/05/2020 23:30:00	13,97	13,71	13,54	13,41	13,32	13,31	13,31	13,33	13,33	13,40	13,60	13,73	13,86	13,85	13,85	13,67	13,50	13,27	13,03	12,77	12,50	13,94
21/05/2020 23:35:00	14,03	13,79	13,61	13,46	13,35	13,31	13,27	13,27	13,30	13,39	13,57	13,68	13,80	13,79	13,78	13,61	13,45	13,22	13,00	12,74	12,49	13,96
21/05/2020 23:40:00	13,90	13,82	13,63	13,45	13,28	13,29	13,29	13,28	13,27	13,33	13,49	13,60	13,70	13,69	13,68	13,50	13,33	13,11	12,88	12,62	12,36	13,90
21/05/2020 23:45:00	13,87	13,69	13,47	13,31	13,21	13,12	13,08	13,10	13,11	13,18	13,33	13,43	13,53	13,51	13,49	13,32	13,15	12,93	12,71	12,45	12,20	13,85
21/05/2020 23:50:00	13,80	13,61	13,41	13,24	13,12	13,10	13,10	13,11	13,15	13,26	13,43	13,54	13,66	13,65	13,65	13,50	13,34	13,13	12,91	12,66	12,42	13,84
21/05/2020 23:55:00	13,66	13,53	13,29	13,12	13,07	13,01	12,97	12,99	13,05	13,18	13,33	13,45	13,56	13,56	13,55	13,40	13,24	13,03	12,82	12,57	12,33	13,74
