FileFormat:0002.2 file with temperature of atmosphere
SN105HE102
local	GMT or Local
0	GMT-Local=[hours]
0	Height[m]
0	0	0	Longitude                [grd]               [min]               [sec]
0	0	0	Latitude                [grd]               [min]               [sec]
N	NS
56,45	Freq[GHz]
0,00	dTemostat[K]
0,150	MessErr[K]
0,248	//[grad/step]
version 14.4.20120406
MTP5HE102F5645K-38.60I70D219217+A1.1
Commentary:
SN105HE102
парабола ДНА = 2,5 град
НЕ102 - ПУ - ХВБ с ЦСД " S "
АЦП - 202 - 09 с контр.U пит.и М
оптопара серии - 2
Т out № 178 пл
БП LPS - 112
End Of Commentary

SYSTEM\alaska.dat
data time	0	50	100	150	200	250	300	350	400	450	500	550	600	650	700	750	800	850	900	950	1000	OutsideTemperature
02/04/2019 00:00:00	1,26	1,29	1,01	0,76	0,59	0,35	0,17	-0,05	-0,34	-0,67	-1,04	-1,37	-1,69	-1,92	-2,14	-2,30	-2,47	-2,67	-2,88	-3,07	-3,26	1,13
02/04/2019 00:05:00	1,28	1,41	1,30	1,07	0,74	0,35	-0,05	-0,44	-0,80	-1,11	-1,39	-1,57	-1,75	-1,82	-1,89	-1,95	-2,01	-2,12	-2,23	-2,38	-2,52	1,08
02/04/2019 00:10:00	1,22	1,23	1,16	1,07	0,89	0,62	0,29	-0,08	-0,42	-0,76	-1,12	-1,38	-1,65	-1,80	-1,95	-2,06	-2,17	-2,32	-2,47	-2,64	-2,80	1,24
02/04/2019 00:15:00	1,17	1,10	0,98	0,80	0,57	0,32	0,03	-0,28	-0,57	-0,94	-1,34	-1,63	-1,93	-2,08	-2,24	-2,35	-2,45	-2,60	-2,75	-2,91	-3,07	1,16
02/04/2019 00:20:00	1,19	1,32	1,08	0,79	0,50	0,18	-0,17	-0,50	-0,81	-1,10	-1,41	-1,63	-1,86	-1,98	-2,11	-2,21	-2,31	-2,46	-2,61	-2,77	-2,93	1,05
02/04/2019 00:25:00	1,11	1,30	1,04	0,69	0,32	-0,13	-0,46	-0,75	-1,04	-1,32	-1,59	-1,75	-1,92	-1,98	-2,04	-2,09	-2,14	-2,25	-2,36	-2,50	-2,65	1,26
02/04/2019 00:30:00	1,24	1,38	1,16	0,84	0,49	0,13	-0,26	-0,64	-1,00	-1,32	-1,64	-1,87	-2,10	-2,22	-2,35	-2,44	-2,54	-2,68	-2,82	-2,99	-3,15	1,16
02/04/2019 00:35:00	1,15	1,22	0,91	0,46	0,05	-0,28	-0,52	-0,75	-1,03	-1,29	-1,55	-1,72	-1,89	-1,97	-2,05	-2,12	-2,20	-2,33	-2,46	-2,62	-2,77	1,21
02/04/2019 00:40:00	1,05	1,28	1,09	0,79	0,42	-0,11	-0,53	-0,88	-1,16	-1,45	-1,70	-1,83	-1,96	-1,97	-1,99	-2,01	-2,03	-2,10	-2,17	-2,30	-2,42	1,02
02/04/2019 00:45:00	1,05	1,16	0,96	0,69	0,43	0,19	-0,10	-0,40	-0,71	-0,96	-1,20	-1,39	-1,58	-1,69	-1,80	-1,90	-2,01	-2,16	-2,31	-2,48	-2,65	0,98
02/04/2019 00:50:00	0,98	1,13	1,04	0,82	0,48	0,18	-0,22	-0,62	-0,95	-1,23	-1,49	-1,64	-1,80	-1,85	-1,91	-1,97	-2,03	-2,13	-2,24	-2,38	-2,53	1,08
02/04/2019 00:55:00	1,10	1,32	1,07	0,67	0,26	-0,13	-0,49	-0,80	-1,09	-1,37	-1,63	-1,80	-1,97	-2,04	-2,10	-2,16	-2,22	-2,34	-2,45	-2,60	-2,75	1,18
02/04/2019 01:00:00	0,98	1,50	1,14	0,55	0,03	-0,45	-0,75	-0,97	-1,20	-1,43	-1,65	-1,76	-1,87	-1,90	-1,93	-1,97	-2,01	-2,12	-2,23	-2,38	-2,53	1,03
02/04/2019 01:05:00	1,05	1,23	0,98	0,59	0,20	-0,07	-0,47	-0,84	-1,14	-1,42	-1,70	-1,90	-2,10	-2,21	-2,31	-2,40	-2,49	-2,63	-2,77	-2,93	-3,09	1,07
02/04/2019 01:10:00	1,05	1,27	1,06	0,69	0,27	-0,17	-0,62	-1,02	-1,33	-1,63	-1,91	-2,08	-2,24	-2,29	-2,34	-2,38	-2,42	-2,51	-2,61	-2,75	-2,88	1,09
02/04/2019 01:15:00	1,17	1,30	1,02	0,56	0,03	-0,53	-0,90	-1,20	-1,49	-1,72	-1,91	-1,95	-1,99	-1,94	-1,88	-1,86	-1,83	-1,88	-1,92	-2,03	-2,14	1,28
02/04/2019 01:20:00	1,08	1,04	0,86	0,63	0,36	0,01	-0,30	-0,62	-0,96	-1,27	-1,56	-1,78	-1,99	-2,10	-2,20	-2,29	-2,37	-2,50	-2,63	-2,79	-2,94	1,05
02/04/2019 01:25:00	1,07	1,03	0,80	0,56	0,35	0,07	-0,25	-0,56	-0,81	-1,07	-1,34	-1,55	-1,75	-1,85	-1,96	-2,05	-2,15	-2,28	-2,42	-2,58	-2,73	1,03
02/04/2019 01:30:00	1,07	1,00	0,72	0,44	0,18	-0,18	-0,46	-0,71	-0,92	-1,19	-1,48	-1,67	-1,85	-1,93	-2,01	-2,07	-2,13	-2,24	-2,35	-2,50	-2,64	0,92
02/04/2019 01:35:00	0,76	0,79	0,62	0,39	0,13	-0,21	-0,51	-0,77	-0,99	-1,24	-1,50	-1,64	-1,79	-1,83	-1,88	-1,92	-1,96	-2,05	-2,14	-2,28	-2,41	0,77
02/04/2019 01:40:00	0,65	0,80	0,75	0,64	0,40	-0,06	-0,39	-0,73	-1,07	-1,36	-1,62	-1,77	-1,91	-1,95	-1,98	-2,02	-2,05	-2,14	-2,22	-2,35	-2,48	0,74
02/04/2019 01:45:00	0,75	0,70	0,56	0,37	0,15	-0,09	-0,36	-0,62	-0,88	-1,20	-1,53	-1,77	-2,01	-2,13	-2,25	-2,34	-2,43	-2,56	-2,69	-2,85	-3,00	0,70
02/04/2019 01:50:00	0,58	0,56	0,50	0,35	0,14	-0,11	-0,32	-0,56	-0,84	-1,12	-1,40	-1,59	-1,78	-1,86	-1,94	-2,01	-2,08	-2,19	-2,31	-2,45	-2,60	0,56
02/04/2019 01:55:00	0,50	0,55	0,47	0,37	0,25	0,08	-0,21	-0,49	-0,70	-0,91	-1,13	-1,28	-1,43	-1,50	-1,57	-1,65	-1,73	-1,85	-1,97	-2,12	-2,27	0,46
02/04/2019 02:00:00	0,62	0,75	0,66	0,51	0,26	-0,11	-0,46	-0,76	-0,99	-1,25	-1,50	-1,63	-1,75	-1,77	-1,79	-1,81	-1,84	-1,91	-1,99	-2,12	-2,24	0,55
02/04/2019 02:05:00	0,85	0,72	0,51	0,29	0,11	-0,10	-0,24	-0,37	-0,51	-0,75	-1,01	-1,18	-1,35	-1,43	-1,50	-1,57	-1,63	-1,74	-1,85	-2,00	-2,15	0,68
02/04/2019 02:10:00	0,62	0,67	0,63	0,52	0,29	-0,05	-0,32	-0,61	-0,93	-1,20	-1,45	-1,59	-1,74	-1,79	-1,83	-1,88	-1,93	-2,03	-2,13	-2,27	-2,41	0,69
02/04/2019 02:15:00	0,60	0,74	0,60	0,36	0,10	-0,09	-0,32	-0,52	-0,71	-0,94	-1,17	-1,32	-1,47	-1,53	-1,59	-1,66	-1,72	-1,84	-1,96	-2,11	-2,26	0,64
02/04/2019 02:20:00	0,66	0,60	0,47	0,33	0,17	-0,08	-0,30	-0,51	-0,68	-0,91	-1,15	-1,29	-1,43	-1,47	-1,52	-1,57	-1,62	-1,72	-1,82	-1,96	-2,10	0,70
02/04/2019 02:25:00	0,57	0,64	0,64	0,55	0,35	0,07	-0,23	-0,52	-0,79	-1,04	-1,28	-1,41	-1,55	-1,58	-1,62	-1,66	-1,70	-1,79	-1,88	-2,01	-2,15	0,69
02/04/2019 02:30:00	0,52	0,64	0,58	0,46	0,33	0,16	-0,04	-0,23	-0,41	-0,72	-1,06	-1,31	-1,56	-1,70	-1,83	-1,93	-2,03	-2,17	-2,31	-2,48	-2,64	0,53
02/04/2019 02:35:00	0,48	0,63	0,43	0,16	-0,13	-0,44	-0,69	-0,93	-1,20	-1,35	-1,47	-1,52	-1,57	-1,57	-1,57	-1,61	-1,65	-1,75	-1,85	-1,99	-2,13	0,44
02/04/2019 02:40:00	0,46	0,34	0,28	0,16	-0,03	-0,19	-0,43	-0,68	-0,89	-1,13	-1,37	-1,50	-1,64	-1,68	-1,72	-1,77	-1,81	-1,91	-2,00	-2,14	-2,27	0,56
02/04/2019 02:45:00	0,55	0,59	0,39	0,06	-0,28	-0,48	-0,71	-0,89	-1,05	-1,21	-1,36	-1,41	-1,47	-1,45	-1,44	-1,46	-1,48	-1,56	-1,64	-1,77	-1,91	0,46
02/04/2019 02:50:00	0,33	0,87	0,77	0,31	-0,27	-0,66	-1,02	-1,27	-1,44	-1,61	-1,74	-1,70	-1,66	-1,54	-1,42	-1,36	-1,29	-1,31	-1,32	-1,43	-1,53	0,66
02/04/2019 02:55:00	0,39	0,93	0,75	0,34	-0,11	-0,54	-0,84	-1,07	-1,32	-1,50	-1,66	-1,70	-1,74	-1,71	-1,68	-1,69	-1,70	-1,77	-1,85	-1,98	-2,11	0,78
02/04/2019 03:00:00	0,66	0,95	0,65	0,23	-0,11	-0,37	-0,62	-0,80	-0,95	-1,08	-1,21	-1,27	-1,33	-1,33	-1,34	-1,39	-1,43	-1,54	-1,64	-1,79	-1,94	0,49
02/04/2019 03:05:00	0,36	0,88	0,73	0,31	-0,13	-0,48	-0,76	-0,95	-1,10	-1,28	-1,43	-1,46	-1,48	-1,44	-1,39	-1,38	-1,37	-1,43	-1,50	-1,62	-1,75	0,88
02/04/2019 03:10:00	0,31	0,78	0,76	0,47	0,06	-0,37	-0,71	-0,97	-1,15	-1,34	-1,49	-1,49	-1,50	-1,41	-1,33	-1,29	-1,25	-1,27	-1,30	-1,41	-1,52	0,54
02/04/2019 03:15:00	0,43	0,80	0,71	0,42	0,03	-0,32	-0,57	-0,78	-1,00	-1,20	-1,36	-1,40	-1,43	-1,40	-1,36	-1,35	-1,35	-1,41	-1,47	-1,60	-1,73	0,68
02/04/2019 03:20:00	0,42	0,83	0,79	0,59	0,30	0,00	-0,38	-0,70	-0,90	-1,10	-1,28	-1,34	-1,41	-1,39	-1,38	-1,39	-1,41	-1,48	-1,55	-1,68	-1,81	0,55
02/04/2019 03:25:00	0,08	0,91	0,90	0,62	0,23	-0,19	-0,64	-0,97	-1,17	-1,38	-1,55	-1,59	-1,62	-1,58	-1,53	-1,52	-1,52	-1,57	-1,63	-1,75	-1,87	0,09
02/04/2019 03:30:00	0,32	1,09	0,94	0,47	-0,05	-0,47	-0,78	-1,00	-1,23	-1,41	-1,54	-1,56	-1,57	-1,53	-1,48	-1,47	-1,47	-1,54	-1,61	-1,75	-1,88	0,19
02/04/2019 03:35:00	0,41	1,01	0,83	0,43	0,01	-0,43	-0,71	-0,93	-1,17	-1,37	-1,55	-1,61	-1,68	-1,68	-1,68	-1,70	-1,72	-1,81	-1,90	-2,04	-2,18	0,49
02/04/2019 03:40:00	0,25	0,85	0,83	0,54	0,14	-0,27	-0,70	-1,04	-1,31	-1,51	-1,66	-1,69	-1,72	-1,67	-1,62	-1,61	-1,61	-1,66	-1,72	-1,84	-1,96	0,44
02/04/2019 03:45:00	0,23	0,81	0,74	0,50	0,22	-0,09	-0,47	-0,75	-0,92	-1,17	-1,43	-1,57	-1,72	-1,77	-1,82	-1,86	-1,91	-2,01	-2,11	-2,26	-2,40	0,44
02/04/2019 03:50:00	0,18	0,81	0,82	0,55	0,10	-0,42	-0,85	-1,20	-1,50	-1,72	-1,88	-1,88	-1,88	-1,80	-1,71	-1,67	-1,64	-1,66	-1,69	-1,80	-1,90	0,28
02/04/2019 03:55:00	0,24	0,75	0,63	0,32	-0,05	-0,42	-0,81	-1,12	-1,33	-1,54	-1,73	-1,80	-1,88	-1,86	-1,85	-1,86	-1,87	-1,95	-2,02	-2,15	-2,28	0,34
02/04/2019 04:00:00	-0,07	0,82	0,85	0,53	0,06	-0,44	-0,91	-1,24	-1,44	-1,66	-1,81	-1,80	-1,79	-1,69	-1,60	-1,55	-1,50	-1,52	-1,54	-1,64	-1,75	0,09
02/04/2019 04:05:00	-0,19	0,60	0,62	0,39	0,06	-0,21	-0,56	-0,86	-1,12	-1,31	-1,49	-1,56	-1,64	-1,65	-1,67	-1,71	-1,75	-1,85	-1,95	-2,09	-2,24	-0,30
02/04/2019 04:10:00	-0,04	0,33	0,37	0,26	0,03	-0,23	-0,52	-0,77	-0,97	-1,19	-1,38	-1,45	-1,53	-1,52	-1,51	-1,53	-1,54	-1,61	-1,68	-1,81	-1,94	-0,22
02/04/2019 04:15:00	0,09	0,55	0,52	0,38	0,18	-0,09	-0,30	-0,50	-0,70	-0,98	-1,27	-1,46	-1,64	-1,73	-1,82	-1,88	-1,95	-2,07	-2,20	-2,35	-2,50	0,19
02/04/2019 04:20:00	0,28	1,09	0,99	0,51	-0,08	-0,64	-1,11	-1,45	-1,70	-1,89	-2,02	-1,99	-1,97	-1,86	-1,75	-1,70	-1,64	-1,67	-1,69	-1,80	-1,90	0,31
02/04/2019 04:25:00	0,16	0,93	0,88	0,48	-0,05	-0,56	-0,93	-1,19	-1,37	-1,60	-1,77	-1,78	-1,79	-1,70	-1,61	-1,56	-1,51	-1,53	-1,56	-1,67	-1,78	-0,16
02/04/2019 04:30:00	0,45	1,07	0,75	0,19	-0,26	-0,53	-0,71	-0,78	-0,85	-0,94	-1,02	-1,01	-1,01	-0,97	-0,93	-0,95	-0,96	-1,06	-1,15	-1,30	-1,45	0,16
02/04/2019 04:35:00	-0,09	0,93	1,05	0,77	0,32	-0,13	-0,51	-0,78	-0,99	-1,17	-1,28	-1,23	-1,19	-1,08	-0,97	-0,92	-0,87	-0,90	-0,93	-1,04	-1,15	-0,23
02/04/2019 04:40:00	-0,04	1,00	1,07	0,88	0,58	0,22	-0,22	-0,55	-0,72	-0,95	-1,16	-1,25	-1,34	-1,34	-1,34	-1,37	-1,39	-1,48	-1,56	-1,70	-1,84	-0,13
02/04/2019 04:45:00	-0,05	1,17	1,23	0,99	0,62	0,17	-0,14	-0,38	-0,62	-0,82	-0,99	-1,04	-1,09	-1,07	-1,05	-1,07	-1,09	-1,17	-1,26	-1,40	-1,55	-0,06
02/04/2019 04:50:00	-0,17	0,66	1,03	1,18	1,01	0,60	0,15	-0,29	-0,66	-0,94	-1,15	-1,24	-1,32	-1,31	-1,29	-1,30	-1,31	-1,37	-1,43	-1,55	-1,67	-0,04
02/04/2019 04:55:00	-0,28	0,50	0,83	0,97	0,89	0,59	0,26	-0,05	-0,29	-0,53	-0,73	-0,81	-0,90	-0,89	-0,89	-0,92	-0,94	-1,01	-1,09	-1,21	-1,34	-0,31
02/04/2019 05:00:00	-0,29	0,63	0,92	1,02	0,94	0,72	0,47	0,23	-0,01	-0,29	-0,55	-0,72	-0,88	-0,95	-1,02	-1,10	-1,17	-1,29	-1,41	-1,56	-1,72	-0,37
02/04/2019 05:05:00	-0,26	0,54	0,95	1,14	1,03	0,64	0,28	-0,10	-0,46	-0,76	-1,00	-1,12	-1,24	-1,26	-1,27	-1,30	-1,33	-1,41	-1,48	-1,61	-1,74	-0,48
02/04/2019 05:10:00	-0,13	0,58	0,80	0,87	0,75	0,47	0,12	-0,16	-0,32	-0,56	-0,77	-0,86	-0,94	-0,94	-0,93	-0,95	-0,96	-1,03	-1,10	-1,23	-1,35	-0,34
02/04/2019 05:15:00	-0,27	0,30	0,53	0,62	0,61	0,50	0,42	0,27	0,03	-0,18	-0,40	-0,55	-0,71	-0,79	-0,88	-0,97	-1,07	-1,21	-1,35	-1,51	-1,68	-0,37
02/04/2019 05:20:00	-0,29	0,22	0,59	0,84	0,88	0,76	0,46	0,13	-0,14	-0,39	-0,61	-0,75	-0,89	-0,95	-1,01	-1,09	-1,16	-1,27	-1,38	-1,53	-1,67	-0,34
02/04/2019 05:25:00	-0,18	0,62	0,97	1,16	1,10	0,77	0,36	-0,05	-0,37	-0,62	-0,83	-0,94	-1,04	-1,06	-1,07	-1,12	-1,17	-1,25	-1,34	-1,47	-1,60	-0,31
02/04/2019 05:30:00	-0,19	0,87	1,37	1,57	1,37	0,88	0,31	-0,24	-0,68	-0,98	-1,21	-1,28	-1,36	-1,33	-1,30	-1,30	-1,30	-1,35	-1,40	-1,51	-1,62	-0,11
02/04/2019 05:35:00	-0,05	0,93	1,49	1,73	1,56	1,15	0,55	-0,07	-0,57	-0,90	-1,15	-1,27	-1,39	-1,39	-1,40	-1,43	-1,46	-1,53	-1,60	-1,72	-1,85	0,06
02/04/2019 05:40:00	-0,19	0,66	1,33	1,75	1,69	1,28	0,63	-0,02	-0,51	-0,94	-1,31	-1,52	-1,72	-1,77	-1,83	-1,87	-1,91	-1,97	-2,04	-2,16	-2,27	-0,07
02/04/2019 05:45:00	-0,29	0,24	0,83	1,28	1,37	1,22	0,81	0,30	-0,14	-0,61	-1,07	-1,42	-1,76	-1,95	-2,14	-2,27	-2,40	-2,55	-2,69	-2,85	-3,01	-0,22
02/04/2019 05:50:00	-0,42	0,00	0,59	1,08	1,19	0,92	0,49	-0,03	-0,47	-0,88	-1,25	-1,50	-1,75	-1,86	-1,96	-2,04	-2,12	-2,21	-2,31	-2,44	-2,57	-0,37
02/04/2019 05:55:00	-0,47	-0,05	0,32	0,59	0,62	0,50	0,27	-0,04	-0,37	-0,64	-0,89	-1,05	-1,22	-1,29	-1,37	-1,45	-1,53	-1,65	-1,77	-1,92	-2,07	-0,27
02/04/2019 06:00:00	-0,51	0,37	1,02	1,45	1,41	0,97	0,42	-0,19	-0,74	-1,19	-1,60	-1,85	-2,11	-2,21	-2,31	-2,38	-2,45	-2,54	-2,63	-2,76	-2,89	-0,27
02/04/2019 06:05:00	-0,46	0,28	0,89	1,35	1,39	1,05	0,54	0,00	-0,39	-0,88	-1,34	-1,65	-1,95	-2,07	-2,20	-2,27	-2,34	-2,43	-2,53	-2,66	-2,79	-0,21
02/04/2019 06:10:00	-0,54	0,04	0,69	1,20	1,27	0,98	0,48	-0,15	-0,76	-1,17	-1,52	-1,79	-2,05	-2,17	-2,29	-2,40	-2,51	-2,63	-2,76	-2,90	-3,04	-0,49
02/04/2019 06:15:00	-0,11	0,06	0,50	0,91	0,91	0,50	-0,09	-0,69	-1,13	-1,49	-1,80	-1,96	-2,12	-2,13	-2,15	-2,16	-2,18	-2,22	-2,26	-2,36	-2,46	-0,52
02/04/2019 06:20:00	-0,30	0,99	1,20	0,98	0,42	-0,22	-0,81	-1,21	-1,44	-1,78	-2,05	-2,08	-2,10	-1,99	-1,88	-1,79	-1,70	-1,68	-1,66	-1,75	-1,84	-0,32
02/04/2019 06:25:00	-0,22	0,79	0,69	0,25	-0,20	-0,50	-0,79	-0,93	-0,97	-1,08	-1,18	-1,14	-1,11	-1,04	-0,96	-0,94	-0,91	-0,97	-1,03	-1,16	-1,29	-0,06
02/04/2019 06:30:00	-0,16	1,22	1,54	1,55	1,23	0,70	0,03	-0,53	-0,92	-1,19	-1,38	-1,44	-1,49	-1,45	-1,41	-1,41	-1,42	-1,47	-1,53	-1,65	-1,78	-0,11
02/04/2019 06:35:00	-0,38	1,13	2,01	2,49	2,32	1,68	0,80	-0,08	-0,78	-1,31	-1,74	-1,98	-2,22	-2,28	-2,34	-2,37	-2,41	-2,47	-2,54	-2,65	-2,77	-0,06
02/04/2019 06:40:00	-0,14	1,78	1,89	1,37	0,61	-0,18	-0,91	-1,45	-1,85	-2,04	-2,12	-2,03	-1,94	-1,78	-1,63	-1,56	-1,49	-1,51	-1,52	-1,63	-1,74	-0,28
02/04/2019 06:45:00	0,36	1,66	1,86	1,66	1,13	0,44	-0,28	-0,86	-1,27	-1,61	-1,87	-1,93	-1,98	-1,92	-1,85	-1,82	-1,78	-1,80	-1,83	-1,94	-2,04	0,17
02/04/2019 06:50:00	-0,18	1,44	2,10	2,35	2,02	1,31	0,44	-0,35	-0,93	-1,39	-1,74	-1,88	-2,02	-2,00	-1,98	-1,97	-1,96	-1,99	-2,02	-2,12	-2,23	0,54
02/04/2019 06:55:00	0,25	1,12	1,38	1,47	1,39	1,20	0,95	0,63	0,24	-0,16	-0,57	-0,91	-1,25	-1,47	-1,70	-1,87	-2,04	-2,24	-2,45	-2,64	-2,84	0,03
02/04/2019 07:00:00	-0,46	1,46	1,39	0,69	-0,06	-0,62	-0,86	-0,89	-0,90	-1,10	-1,26	-1,23	-1,19	-1,09	-0,99	-0,92	-0,85	-0,89	-0,93	-1,06	-1,19	0,34
02/04/2019 07:05:00	-0,28	0,67	1,38	1,86	1,83	1,44	0,81	0,11	-0,48	-0,96	-1,38	-1,66	-1,94	-2,06	-2,18	-2,26	-2,35	-2,45	-2,56	-2,69	-2,83	-0,06
02/04/2019 07:10:00	0,12	1,83	2,05	1,70	0,98	0,18	-0,65	-1,32	-1,81	-2,09	-2,25	-2,21	-2,17	-2,03	-1,90	-1,83	-1,76	-1,76	-1,77	-1,86	-1,96	-0,13
02/04/2019 07:15:00	0,06	1,68	2,08	2,01	1,50	0,72	-0,04	-0,70	-1,22	-1,60	-1,88	-1,95	-2,02	-1,96	-1,90	-1,87	-1,83	-1,86	-1,88	-1,99	-2,10	-0,09
02/04/2019 07:20:00	-0,18	1,56	2,00	1,92	1,42	0,72	0,03	-0,58	-1,08	-1,51	-1,86	-2,00	-2,15	-2,14	-2,14	-2,14	-2,13	-2,19	-2,24	-2,36	-2,49	-0,12
02/04/2019 07:25:00	-0,13	0,94	1,04	0,82	0,38	-0,20	-0,74	-1,18	-1,51	-1,75	-1,92	-1,94	-1,96	-1,89	-1,82	-1,80	-1,77	-1,81	-1,85	-1,96	-2,08	-0,03
02/04/2019 07:30:00	-0,33	0,02	0,17	0,29	0,30	0,15	-0,08	-0,34	-0,61	-0,86	-1,11	-1,30	-1,49	-1,59	-1,70	-1,79	-1,89	-2,03	-2,17	-2,33	-2,48	-0,14
02/04/2019 07:35:00	-0,54	-0,24	-0,07	0,11	0,13	-0,08	-0,30	-0,53	-0,73	-1,00	-1,28	-1,45	-1,63	-1,70	-1,76	-1,82	-1,88	-1,98	-2,08	-2,22	-2,36	-0,37
02/04/2019 07:40:00	-0,34	0,30	0,58	0,76	0,68	0,31	-0,06	-0,44	-0,82	-1,08	-1,29	-1,40	-1,51	-1,53	-1,55	-1,60	-1,64	-1,73	-1,81	-1,95	-2,08	-0,41
02/04/2019 07:45:00	-0,03	1,06	1,45	1,43	0,98	0,41	-0,29	-0,87	-1,19	-1,60	-1,94	-2,04	-2,14	-2,08	-2,02	-1,96	-1,90	-1,90	-1,90	-1,99	-2,08	-0,17
02/04/2019 07:50:00	0,23	1,74	1,64	1,06	0,33	-0,44	-0,96	-1,25	-1,42	-1,65	-1,83	-1,79	-1,75	-1,62	-1,48	-1,39	-1,30	-1,30	-1,30	-1,40	-1,51	0,14
02/04/2019 07:55:00	0,19	1,67	1,75	1,40	0,85	0,27	-0,24	-0,63	-0,96	-1,29	-1,58	-1,70	-1,82	-1,83	-1,84	-1,86	-1,87	-1,96	-2,05	-2,19	-2,33	0,19
02/04/2019 08:00:00	0,17	1,57	1,64	1,34	0,85	0,19	-0,38	-0,83	-1,18	-1,43	-1,60	-1,63	-1,66	-1,61	-1,56	-1,55	-1,54	-1,59	-1,65	-1,78	-1,90	0,34
02/04/2019 08:05:00	0,07	1,49	1,69	1,46	0,94	0,36	-0,26	-0,76	-1,14	-1,48	-1,76	-1,86	-1,96	-1,94	-1,93	-1,93	-1,92	-1,99	-2,05	-2,18	-2,30	0,38
02/04/2019 08:10:00	0,13	1,78	1,89	1,52	0,93	0,24	-0,32	-0,76	-1,12	-1,41	-1,64	-1,69	-1,75	-1,71	-1,67	-1,65	-1,64	-1,70	-1,77	-1,90	-2,03	0,49
02/04/2019 08:15:00	0,47	1,69	1,51	0,99	0,46	-0,11	-0,50	-0,72	-0,83	-1,06	-1,27	-1,33	-1,40	-1,37	-1,35	-1,35	-1,34	-1,42	-1,49	-1,63	-1,77	0,95
02/04/2019 08:20:00	0,27	1,14	1,09	0,76	0,38	0,04	-0,33	-0,61	-0,81	-1,02	-1,20	-1,28	-1,37	-1,37	-1,38	-1,42	-1,45	-1,55	-1,65	-1,80	-1,94	0,69
02/04/2019 08:25:00	-0,22	0,71	0,79	0,56	0,20	-0,15	-0,43	-0,66	-0,88	-1,15	-1,41	-1,52	-1,63	-1,65	-1,67	-1,70	-1,72	-1,81	-1,90	-2,04	-2,18	0,33
02/04/2019 08:30:00	-0,02	0,99	1,06	0,76	0,30	-0,13	-0,54	-0,86	-1,13	-1,34	-1,50	-1,52	-1,53	-1,48	-1,42	-1,41	-1,40	-1,46	-1,52	-1,64	-1,77	-0,22
02/04/2019 08:35:00	-0,08	0,98	1,11	0,89	0,45	-0,13	-0,55	-0,89	-1,19	-1,41	-1,55	-1,53	-1,51	-1,41	-1,31	-1,26	-1,22	-1,24	-1,27	-1,38	-1,49	0,52
02/04/2019 08:40:00	-0,28	1,04	1,04	0,68	0,29	0,04	-0,23	-0,40	-0,53	-0,68	-0,82	-0,86	-0,90	-0,90	-0,90	-0,94	-0,97	-1,09	-1,20	-1,36	-1,52	-0,01
02/04/2019 08:45:00	0,16	0,84	0,96	0,89	0,71	0,54	0,28	0,02	-0,26	-0,55	-0,85	-1,06	-1,28	-1,40	-1,53	-1,63	-1,74	-1,89	-2,04	-2,21	-2,39	0,69
02/04/2019 08:50:00	0,16	0,75	0,68	0,47	0,21	-0,10	-0,37	-0,56	-0,71	-0,92	-1,12	-1,21	-1,30	-1,31	-1,32	-1,35	-1,38	-1,47	-1,56	-1,71	-1,85	0,79
02/04/2019 08:55:00	0,40	0,97	0,77	0,36	-0,05	-0,36	-0,69	-0,90	-0,98	-1,17	-1,34	-1,40	-1,46	-1,45	-1,43	-1,44	-1,44	-1,52	-1,60	-1,73	-1,87	0,82
02/04/2019 09:00:00	-0,02	0,64	0,76	0,70	0,48	0,22	-0,07	-0,33	-0,54	-0,78	-1,01	-1,12	-1,23	-1,25	-1,27	-1,31	-1,34	-1,43	-1,52	-1,66	-1,80	0,81
02/04/2019 09:05:00	0,08	0,18	0,35	0,53	0,57	0,42	0,23	-0,02	-0,30	-0,55	-0,79	-0,96	-1,14	-1,22	-1,30	-1,39	-1,47	-1,59	-1,71	-1,86	-2,01	0,43
02/04/2019 09:10:00	-0,04	0,34	0,54	0,73	0,82	0,76	0,62	0,42	0,19	-0,07	-0,35	-0,57	-0,79	-0,93	-1,07	-1,20	-1,32	-1,48	-1,64	-1,81	-1,99	0,26
02/04/2019 09:15:00	0,06	0,51	0,66	0,73	0,68	0,48	0,32	0,12	-0,13	-0,37	-0,61	-0,77	-0,93	-1,01	-1,09	-1,17	-1,25	-1,38	-1,50	-1,66	-1,81	0,24
02/04/2019 09:20:00	0,08	0,16	0,29	0,39	0,40	0,39	0,28	0,10	-0,10	-0,30	-0,50	-0,65	-0,81	-0,89	-0,97	-1,06	-1,15	-1,28	-1,42	-1,58	-1,73	0,54
02/04/2019 09:25:00	0,51	0,49	0,59	0,71	0,73	0,72	0,56	0,34	0,10	-0,08	-0,26	-0,39	-0,53	-0,60	-0,67	-0,76	-0,86	-0,99	-1,12	-1,28	-1,43	0,56
02/04/2019 09:30:00	0,37	0,44	0,66	0,83	0,82	0,69	0,54	0,35	0,15	-0,06	-0,25	-0,35	-0,45	-0,46	-0,48	-0,51	-0,55	-0,63	-0,71	-0,85	-0,98	0,64
02/04/2019 09:35:00	0,58	0,66	0,72	0,72	0,62	0,47	0,27	0,05	-0,17	-0,29	-0,37	-0,38	-0,40	-0,37	-0,33	-0,36	-0,39	-0,47	-0,55	-0,69	-0,82	0,60
02/04/2019 09:40:00	0,68	0,59	0,75	0,97	1,03	0,94	0,73	0,48	0,27	0,02	-0,23	-0,40	-0,58	-0,65	-0,73	-0,81	-0,89	-1,00	-1,11	-1,26	-1,40	0,79
02/04/2019 09:45:00	0,84	0,62	0,77	1,05	1,25	1,27	1,14	0,90	0,64	0,32	-0,05	-0,37	-0,70	-0,91	-1,13	-1,30	-1,47	-1,66	-1,84	-2,03	-2,21	0,99
02/04/2019 09:50:00	1,04	0,77	0,90	1,13	1,22	1,13	0,96	0,71	0,49	0,20	-0,11	-0,34	-0,56	-0,68	-0,80	-0,90	-1,00	-1,13	-1,26	-1,41	-1,56	1,23
02/04/2019 09:55:00	1,27	0,93	1,03	1,20	1,24	1,18	1,13	0,99	0,77	0,54	0,32	0,18	0,03	-0,03	-0,10	-0,17	-0,25	-0,36	-0,48	-0,63	-0,78	1,29
02/04/2019 10:00:00	1,41	0,93	1,02	1,25	1,38	1,38	1,27	1,01	0,66	0,40	0,15	-0,08	-0,32	-0,48	-0,63	-0,78	-0,93	-1,11	-1,28	-1,45	-1,63	1,27
02/04/2019 10:05:00	1,22	0,69	0,68	0,80	0,90	1,03	0,99	0,88	0,80	0,57	0,29	0,07	-0,15	-0,28	-0,41	-0,52	-0,63	-0,78	-0,92	-1,09	-1,25	1,18
02/04/2019 10:10:00	1,21	0,92	1,05	1,33	1,47	1,35	1,11	0,77	0,41	0,10	-0,21	-0,48	-0,75	-0,91	-1,07	-1,21	-1,34	-1,50	-1,66	-1,83	-1,99	1,29
02/04/2019 10:15:00	1,18	0,76	0,72	0,81	0,91	0,96	0,90	0,78	0,66	0,43	0,16	-0,06	-0,28	-0,42	-0,56	-0,68	-0,80	-0,96	-1,11	-1,28	-1,45	1,09
02/04/2019 10:20:00	1,27	0,69	0,71	0,91	1,06	1,10	1,13	1,03	0,83	0,61	0,37	0,17	-0,04	-0,17	-0,30	-0,42	-0,55	-0,70	-0,86	-1,03	-1,19	1,34
02/04/2019 10:25:00	1,32	0,89	0,87	0,95	1,05	1,18	1,17	1,05	0,85	0,69	0,52	0,34	0,17	0,04	-0,09	-0,23	-0,37	-0,54	-0,71	-0,89	-1,07	1,52
02/04/2019 10:30:00	1,39	0,93	0,97	1,14	1,29	1,48	1,48	1,37	1,19	0,94	0,64	0,36	0,09	-0,11	-0,30	-0,46	-0,63	-0,82	-1,01	-1,20	-1,39	1,56
02/04/2019 10:35:00	1,48	1,02	1,03	1,21	1,39	1,48	1,54	1,52	1,43	1,24	1,01	0,81	0,61	0,48	0,35	0,23	0,11	-0,05	-0,21	-0,38	-0,56	1,53
02/04/2019 10:40:00	1,62	1,13	1,26	1,57	1,78	1,79	1,71	1,51	1,24	0,99	0,73	0,50	0,26	0,12	-0,03	-0,17	-0,31	-0,47	-0,63	-0,80	-0,97	1,81
02/04/2019 10:45:00	1,91	1,35	1,49	1,88	2,20	2,34	2,35	2,17	1,83	1,50	1,13	0,75	0,36	0,07	-0,22	-0,45	-0,68	-0,93	-1,17	-1,39	-1,60	2,36
02/04/2019 10:50:00	2,04	1,40	1,47	1,78	2,07	2,14	2,09	1,91	1,67	1,45	1,21	0,97	0,73	0,56	0,39	0,22	0,06	-0,13	-0,31	-0,49	-0,67	2,31
02/04/2019 10:55:00	2,22	1,66	1,61	1,79	2,05	2,25	2,37	2,36	2,21	1,98	1,67	1,36	1,04	0,78	0,53	0,32	0,10	-0,14	-0,38	-0,59	-0,81	2,53
02/04/2019 11:00:00	2,37	1,70	1,75	2,00	2,23	2,35	2,40	2,32	2,15	1,90	1,59	1,31	1,02	0,83	0,63	0,47	0,30	0,11	-0,08	-0,27	-0,45	2,92
02/04/2019 11:05:00	2,66	2,08	1,95	2,08	2,32	2,42	2,46	2,39	2,25	2,02	1,72	1,42	1,12	0,88	0,64	0,44	0,24	0,01	-0,22	-0,43	-0,64	3,17
02/04/2019 11:10:00	2,97	2,30	2,11	2,09	2,14	2,23	2,28	2,27	2,22	2,05	1,82	1,62	1,43	1,30	1,17	1,04	0,92	0,75	0,59	0,41	0,22	3,28
02/04/2019 11:15:00	3,02	2,41	2,25	2,31	2,47	2,60	2,65	2,57	2,35	2,10	1,79	1,45	1,12	0,86	0,59	0,36	0,14	-0,12	-0,37	-0,59	-0,81	3,33
02/04/2019 11:20:00	3,17	2,77	2,53	2,39	2,30	2,17	2,01	1,81	1,55	1,35	1,15	0,98	0,81	0,70	0,58	0,45	0,32	0,15	-0,03	-0,21	-0,39	3,67
02/04/2019 11:25:00	3,35	2,79	2,44	2,25	2,22	2,27	2,23	2,12	1,93	1,71	1,43	1,15	0,87	0,65	0,43	0,23	0,03	-0,20	-0,43	-0,65	-0,86	3,83
02/04/2019 11:30:00	3,51	3,14	2,81	2,51	2,22	1,98	1,76	1,55	1,30	1,10	0,91	0,78	0,65	0,59	0,53	0,45	0,37	0,23	0,10	-0,06	-0,23	4,06
02/04/2019 11:35:00	3,54	3,12	2,84	2,66	2,55	2,39	2,22	1,99	1,72	1,43	1,12	0,84	0,56	0,37	0,18	0,01	-0,15	-0,35	-0,55	-0,74	-0,94	3,79
02/04/2019 11:40:00	3,63	3,22	2,99	2,84	2,73	2,60	2,39	2,12	1,86	1,55	1,21	0,91	0,60	0,40	0,19	0,03	-0,14	-0,34	-0,55	-0,74	-0,94	3,81
02/04/2019 11:45:00	3,79	3,32	3,09	2,95	2,79	2,54	2,19	1,81	1,52	1,29	1,07	0,91	0,75	0,67	0,59	0,49	0,38	0,25	0,11	-0,05	-0,21	3,99
02/04/2019 11:50:00	3,91	3,45	3,13	2,82	2,54	2,25	1,96	1,66	1,34	1,05	0,78	0,56	0,35	0,23	0,11	-0,01	-0,12	-0,28	-0,44	-0,61	-0,78	4,06
02/04/2019 11:55:00	3,89	3,69	3,34	2,90	2,48	2,25	1,95	1,66	1,40	1,17	0,94	0,79	0,63	0,55	0,47	0,37	0,28	0,13	-0,02	-0,19	-0,36	4,26
02/04/2019 12:00:00	4,00	3,82	3,37	2,89	2,49	2,22	2,00	1,81	1,58	1,38	1,18	1,04	0,91	0,82	0,74	0,65	0,55	0,39	0,23	0,05	-0,13	4,43
02/04/2019 12:05:00	4,19	3,65	3,16	2,75	2,49	2,31	2,15	2,01	1,85	1,64	1,40	1,21	1,02	0,90	0,78	0,66	0,54	0,37	0,20	0,02	-0,17	4,68
02/04/2019 12:10:00	4,15	3,77	3,34	2,91	2,55	2,30	2,07	1,85	1,65	1,44	1,23	1,08	0,94	0,86	0,78	0,69	0,60	0,46	0,31	0,14	-0,03	4,35
02/04/2019 12:15:00	4,13	3,73	3,30	2,87	2,53	2,23	1,98	1,76	1,52	1,29	1,06	0,90	0,74	0,66	0,57	0,48	0,38	0,23	0,08	-0,09	-0,26	4,57
02/04/2019 12:20:00	4,16	3,69	3,33	3,03	2,83	2,68	2,59	2,45	2,19	1,91	1,60	1,32	1,05	0,85	0,66	0,49	0,33	0,12	-0,09	-0,29	-0,50	4,56
02/04/2019 12:25:00	4,19	3,62	3,23	2,95	2,76	2,58	2,38	2,16	1,95	1,72	1,48	1,28	1,08	0,96	0,83	0,71	0,58	0,41	0,24	0,06	-0,12	4,93
02/04/2019 12:30:00	4,20	3,73	3,33	3,00	2,76	2,57	2,42	2,25	2,03	1,78	1,50	1,28	1,05	0,90	0,76	0,62	0,49	0,31	0,13	-0,06	-0,26	4,58
02/04/2019 12:35:00	4,31	3,70	3,37	3,13	2,98	2,95	2,77	2,51	2,17	1,88	1,58	1,28	0,97	0,74	0,51	0,30	0,10	-0,14	-0,38	-0,60	-0,81	4,80
02/04/2019 12:40:00	4,44	3,94	3,68	3,48	3,25	2,95	2,64	2,30	1,92	1,56	1,21	0,93	0,65	0,48	0,31	0,17	0,03	-0,14	-0,32	-0,50	-0,68	5,05
02/04/2019 12:45:00	4,52	4,00	3,71	3,54	3,41	3,17	2,83	2,43	2,05	1,73	1,44	1,17	0,89	0,71	0,52	0,35	0,18	-0,02	-0,22	-0,41	-0,60	5,48
02/04/2019 12:50:00	4,70	4,14	3,85	3,62	3,34	2,96	2,53	2,08	1,72	1,46	1,25	1,12	0,98	0,93	0,88	0,81	0,73	0,61	0,49	0,34	0,19	5,00
02/04/2019 12:55:00	4,80	4,31	3,96	3,60	3,23	2,83	2,50	2,21	1,93	1,68	1,47	1,35	1,24	1,21	1,18	1,13	1,07	0,97	0,86	0,71	0,56	5,51
02/04/2019 13:00:00	4,94	4,46	4,21	4,05	3,83	3,37	2,93	2,47	2,00	1,67	1,41	1,22	1,03	0,93	0,83	0,71	0,60	0,45	0,31	0,14	-0,02	5,80
02/04/2019 13:05:00	4,87	4,47	4,21	3,91	3,53	3,22	2,81	2,40	2,07	1,80	1,55	1,40	1,24	1,18	1,11	1,03	0,95	0,82	0,69	0,53	0,37	5,58
02/04/2019 13:10:00	5,10	4,51	4,23	3,97	3,64	3,32	2,94	2,54	2,21	1,92	1,64	1,45	1,27	1,18	1,09	1,01	0,92	0,79	0,65	0,49	0,33	5,65
02/04/2019 13:15:00	5,10	4,68	4,46	4,25	3,96	3,56	3,24	2,91	2,50	2,13	1,79	1,53	1,27	1,13	0,99	0,87	0,75	0,59	0,43	0,25	0,07	5,96
02/04/2019 13:20:00	5,34	4,84	4,58	4,35	4,06	3,72	3,32	2,88	2,46	2,08	1,73	1,44	1,16	0,99	0,82	0,67	0,53	0,35	0,17	-0,01	-0,20	5,88
02/04/2019 13:25:00	5,42	4,97	4,66	4,44	4,22	3,83	3,42	3,00	2,67	2,30	1,89	1,56	1,24	1,05	0,86	0,71	0,57	0,39	0,21	0,02	-0,16	5,83
02/04/2019 13:30:00	5,74	5,13	4,86	4,62	4,27	3,85	3,38	2,91	2,54	2,14	1,71	1,40	1,09	0,94	0,78	0,68	0,57	0,42	0,28	0,11	-0,06	6,15
02/04/2019 13:35:00	5,78	5,23	4,89	4,58	4,28	3,86	3,50	3,14	2,73	2,36	2,01	1,73	1,45	1,29	1,12	0,98	0,84	0,66	0,49	0,30	0,11	6,73
02/04/2019 13:40:00	5,89	5,43	5,10	4,88	4,69	4,41	4,09	3,72	3,35	2,94	2,47	2,06	1,65	1,37	1,08	0,87	0,66	0,42	0,17	-0,04	-0,26	6,57
02/04/2019 13:45:00	6,11	5,58	5,32	5,20	5,10	4,82	4,52	4,14	3,65	3,16	2,63	2,14	1,65	1,29	0,93	0,67	0,41	0,13	-0,16	-0,39	-0,63	6,92
02/04/2019 13:50:00	6,25	5,70	5,47	5,36	5,24	5,04	4,61	4,06	3,58	3,11	2,60	2,12	1,64	1,29	0,94	0,68	0,41	0,14	-0,14	-0,38	-0,61	7,22
02/04/2019 13:55:00	6,38	5,96	5,70	5,51	5,30	4,99	4,59	4,12	3,62	3,16	2,68	2,25	1,81	1,51	1,20	0,96	0,72	0,46	0,19	-0,03	-0,26	7,19
02/04/2019 14:00:00	6,62	6,12	5,79	5,44	5,03	4,74	4,36	3,94	3,54	3,09	2,58	2,16	1,74	1,47	1,20	1,02	0,83	0,60	0,38	0,16	-0,05	7,63
02/04/2019 14:05:00	6,73	6,27	5,96	5,76	5,60	5,37	5,00	4,50	3,97	3,45	2,90	2,35	1,80	1,39	0,97	0,66	0,35	0,03	-0,30	-0,56	-0,82	7,97
02/04/2019 14:10:00	6,85	6,43	6,04	5,66	5,26	4,88	4,45	3,99	3,50	3,04	2,57	2,16	1,76	1,48	1,21	1,00	0,80	0,55	0,31	0,09	-0,13	7,80
02/04/2019 14:15:00	6,95	6,46	6,08	5,78	5,50	5,23	4,88	4,46	4,01	3,54	3,00	2,52	2,03	1,68	1,33	1,07	0,82	0,53	0,25	0,00	-0,24	7,88
02/04/2019 14:20:00	7,01	6,86	6,62	6,33	5,95	5,57	5,05	4,47	3,89	3,41	2,96	2,56	2,16	1,88	1,60	1,37	1,15	0,89	0,63	0,40	0,17	7,32
02/04/2019 14:25:00	7,10	6,86	6,54	6,28	6,06	5,67	5,23	4,74	4,25	3,75	3,20	2,69	2,19	1,82	1,46	1,19	0,92	0,63	0,34	0,09	-0,15	7,16
02/04/2019 14:30:00	6,99	6,99	6,77	6,50	6,18	5,67	5,10	4,50	3,93	3,42	2,92	2,48	2,05	1,75	1,46	1,23	1,01	0,75	0,50	0,27	0,05	7,22
02/04/2019 14:35:00	7,04	7,04	6,93	6,87	6,75	6,37	5,82	5,16	4,59	4,01	3,37	2,78	2,18	1,75	1,33	1,02	0,72	0,40	0,08	-0,17	-0,43	7,37
02/04/2019 14:40:00	6,94	6,93	6,76	6,55	6,29	5,93	5,46	4,93	4,49	4,00	3,44	2,96	2,48	2,15	1,82	1,58	1,34	1,08	0,81	0,57	0,34	7,32
02/04/2019 14:45:00	7,17	7,02	6,82	6,60	6,31	5,91	5,45	4,95	4,45	3,98	3,50	3,09	2,67	2,39	2,10	1,88	1,66	1,41	1,16	0,94	0,71	7,52
02/04/2019 14:50:00	7,37	7,28	7,03	6,81	6,59	6,23	5,75	5,19	4,70	4,19	3,63	3,11	2,59	2,22	1,84	1,56	1,28	0,98	0,67	0,42	0,17	7,71
02/04/2019 14:55:00	7,79	7,74	7,56	7,23	6,72	6,31	5,75	5,13	4,62	4,12	3,59	3,16	2,74	2,47	2,20	2,00	1,81	1,57	1,34	1,11	0,89	7,85
02/04/2019 15:00:00	7,88	7,70	7,46	7,29	7,11	6,66	6,11	5,51	4,99	4,44	3,81	3,24	2,68	2,28	1,88	1,60	1,32	1,02	0,72	0,47	0,22	7,93
02/04/2019 15:05:00	7,99	7,67	7,35	7,05	6,73	6,42	5,97	5,45	5,00	4,53	4,01	3,54	3,07	2,74	2,41	2,16	1,92	1,64	1,36	1,12	0,87	8,05
02/04/2019 15:10:00	7,98	7,78	7,53	7,25	6,90	6,51	5,96	5,32	4,76	4,24	3,73	3,28	2,82	2,49	2,17	1,91	1,66	1,38	1,10	0,86	0,62	8,65
02/04/2019 15:15:00	8,06	7,90	7,67	7,39	7,04	6,58	6,04	5,46	4,93	4,41	3,85	3,38	2,90	2,58	2,26	2,03	1,80	1,53	1,27	1,04	0,80	8,20
02/04/2019 15:20:00	8,21	8,16	7,83	7,46	7,12	6,66	6,12	5,55	4,98	4,44	3,89	3,38	2,87	2,50	2,13	1,85	1,57	1,26	0,95	0,69	0,43	8,56
02/04/2019 15:25:00	8,45	8,25	7,92	7,52	7,03	6,56	6,00	5,41	4,81	4,27	3,74	3,28	2,83	2,51	2,19	1,95	1,71	1,44	1,16	0,92	0,68	8,89
02/04/2019 15:30:00	8,29	8,32	8,01	7,56	7,04	6,55	5,98	5,38	4,82	4,29	3,75	3,29	2,83	2,51	2,20	1,96	1,73	1,46	1,19	0,94	0,70	8,56
02/04/2019 15:35:00	8,05	8,07	7,87	7,57	7,15	6,66	6,05	5,39	4,71	4,09	3,50	2,96	2,42	2,04	1,67	1,39	1,11	0,81	0,51	0,26	0,01	8,27
02/04/2019 15:40:00	8,02	7,85	7,70	7,52	7,20	6,77	6,17	5,47	4,80	4,19	3,60	3,06	2,52	2,14	1,76	1,48	1,20	0,90	0,60	0,35	0,11	7,83
02/04/2019 15:45:00	7,78	7,83	7,63	7,31	6,83	6,32	5,65	4,92	4,32	3,78	3,28	2,86	2,43	2,16	1,88	1,67	1,45	1,21	0,97	0,74	0,52	7,79
02/04/2019 15:50:00	7,53	7,55	7,41	7,31	7,13	6,65	6,03	5,34	4,71	4,12	3,50	2,93	2,36	1,95	1,54	1,25	0,95	0,64	0,33	0,08	-0,18	7,81
02/04/2019 15:55:00	7,26	7,56	7,42	7,19	6,88	6,46	5,90	5,28	4,63	4,04	3,47	2,93	2,40	2,00	1,60	1,30	1,00	0,67	0,35	0,08	-0,18	7,44
02/04/2019 16:00:00	7,46	7,66	7,43	7,13	6,81	6,44	5,95	5,38	4,82	4,24	3,60	3,01	2,42	1,98	1,54	1,23	0,91	0,57	0,23	-0,04	-0,32	7,65
02/04/2019 16:05:00	7,38	7,65	7,47	7,13	6,70	6,17	5,54	4,87	4,30	3,76	3,21	2,73	2,26	1,94	1,62	1,38	1,15	0,88	0,62	0,38	0,15	7,55
02/04/2019 16:10:00	7,55	7,62	7,36	7,04	6,68	6,21	5,67	5,10	4,50	3,90	3,28	2,72	2,16	1,75	1,35	1,06	0,78	0,46	0,15	-0,11	-0,37	8,37
02/04/2019 16:15:00	7,59	7,59	7,29	6,96	6,68	6,36	5,97	5,52	4,96	4,40	3,82	3,26	2,69	2,25	1,81	1,48	1,15	0,80	0,44	0,16	-0,13	8,53
02/04/2019 16:20:00	7,85	7,68	7,43	7,18	6,91	6,60	6,13	5,57	4,98	4,39	3,74	3,12	2,51	2,05	1,59	1,27	0,94	0,59	0,25	-0,03	-0,30	8,48
02/04/2019 16:25:00	7,62	7,75	7,63	7,42	7,09	6,53	5,88	5,19	4,53	3,94	3,37	2,88	2,39	2,05	1,71	1,46	1,21	0,94	0,66	0,43	0,19	8,22
02/04/2019 16:30:00	7,85	8,03	7,84	7,43	6,85	6,27	5,63	4,98	4,36	3,78	3,18	2,70	2,22	1,91	1,61	1,39	1,18	0,93	0,68	0,45	0,22	8,51
02/04/2019 16:35:00	7,96	7,98	7,61	7,18	6,77	6,43	5,95	5,39	4,89	4,30	3,57	2,92	2,26	1,77	1,29	0,96	0,63	0,28	-0,08	-0,37	-0,65	8,55
02/04/2019 16:40:00	7,83	7,97	7,69	7,32	6,89	6,27	5,63	5,00	4,40	3,78	3,09	2,50	1,92	1,52	1,12	0,86	0,60	0,31	0,01	-0,23	-0,48	8,43
02/04/2019 16:45:00	7,63	7,68	7,59	7,41	7,04	6,50	5,78	4,99	4,28	3,60	2,87	2,24	1,61	1,19	0,77	0,49	0,21	-0,08	-0,38	-0,62	-0,87	8,41
02/04/2019 16:50:00	7,45	7,46	7,32	7,12	6,77	6,30	5,67	4,97	4,35	3,73	3,05	2,45	1,86	1,46	1,06	0,79	0,52	0,23	-0,07	-0,31	-0,56	7,82
02/04/2019 16:55:00	7,59	7,59	7,41	7,09	6,58	6,16	5,53	4,81	4,12	3,49	2,87	2,33	1,79	1,41	1,04	0,77	0,50	0,21	-0,08	-0,33	-0,58	7,85
02/04/2019 17:00:00	7,49	7,69	7,52	7,24	6,84	6,37	5,72	4,99	4,27	3,60	2,92	2,30	1,67	1,23	0,78	0,46	0,15	-0,19	-0,52	-0,79	-1,06	8,50
02/04/2019 17:05:00	7,69	7,67	7,30	6,87	6,39	5,95	5,35	4,70	4,20	3,64	2,98	2,42	1,85	1,47	1,08	0,82	0,55	0,26	-0,03	-0,28	-0,53	8,95
02/04/2019 17:10:00	7,71	7,58	7,34	7,07	6,69	6,16	5,50	4,79	4,11	3,47	2,82	2,24	1,66	1,27	0,87	0,60	0,32	0,03	-0,27	-0,51	-0,76	8,66
02/04/2019 17:15:00	7,62	7,62	7,41	7,06	6,55	6,11	5,44	4,68	4,00	3,39	2,78	2,24	1,70	1,32	0,95	0,69	0,42	0,13	-0,16	-0,41	-0,65	8,22
02/04/2019 17:20:00	7,47	7,57	7,28	6,93	6,57	6,09	5,50	4,84	4,20	3,55	2,84	2,18	1,53	1,05	0,58	0,25	-0,07	-0,42	-0,76	-1,04	-1,31	8,39
02/04/2019 17:25:00	7,40	7,66	7,30	6,77	6,22	5,69	5,06	4,41	3,81	3,24	2,64	2,12	1,59	1,22	0,85	0,58	0,32	0,01	-0,29	-0,54	-0,79	8,21
02/04/2019 17:30:00	7,53	7,31	7,01	6,71	6,41	5,95	5,38	4,72	4,00	3,33	2,66	2,02	1,38	0,90	0,43	0,10	-0,24	-0,59	-0,94	-1,21	-1,48	8,61
02/04/2019 17:35:00	7,43	7,21	7,01	6,75	6,30	5,75	5,03	4,24	3,54	2,88	2,21	1,64	1,06	0,70	0,33	0,09	-0,16	-0,42	-0,68	-0,91	-1,13	8,11
02/04/2019 17:40:00	7,23	7,21	6,93	6,59	6,21	5,66	5,03	4,37	3,72	3,08	2,41	1,82	1,22	0,81	0,40	0,12	-0,16	-0,46	-0,76	-1,01	-1,26	8,10
02/04/2019 17:45:00	7,29	7,18	6,85	6,52	6,13	5,55	4,87	4,15	3,53	2,90	2,20	1,59	0,98	0,57	0,15	-0,12	-0,39	-0,68	-0,98	-1,22	-1,46	8,07
02/04/2019 17:50:00	7,07	7,16	6,88	6,49	6,03	5,51	4,90	4,24	3,62	2,96	2,22	1,57	0,93	0,48	0,04	-0,25	-0,53	-0,85	-1,16	-1,42	-1,67	7,91
02/04/2019 17:55:00	7,19	7,14	6,84	6,47	6,03	5,50	4,81	4,06	3,38	2,76	2,13	1,57	1,00	0,61	0,22	-0,05	-0,33	-0,62	-0,92	-1,16	-1,41	8,56
02/04/2019 18:00:00	7,07	7,14	6,74	6,25	5,79	5,31	4,79	4,24	3,63	3,01	2,34	1,73	1,12	0,67	0,23	-0,08	-0,38	-0,71	-1,05	-1,32	-1,59	7,93
02/04/2019 18:05:00	6,96	6,84	6,52	6,13	5,68	5,19	4,61	3,97	3,37	2,76	2,12	1,55	0,99	0,60	0,21	-0,05	-0,31	-0,60	-0,89	-1,13	-1,37	7,78
02/04/2019 18:10:00	6,85	6,80	6,48	6,13	5,75	5,25	4,63	3,96	3,29	2,63	1,93	1,28	0,64	0,18	-0,28	-0,59	-0,90	-1,23	-1,55	-1,81	-2,07	7,53
02/04/2019 18:15:00	6,69	6,68	6,35	5,96	5,53	4,91	4,24	3,56	2,93	2,33	1,71	1,17	0,64	0,28	-0,07	-0,31	-0,55	-0,82	-1,09	-1,32	-1,55	7,73
02/04/2019 18:20:00	6,58	6,54	6,34	6,05	5,58	4,95	4,20	3,39	2,67	2,02	1,36	0,82	0,27	-0,08	-0,42	-0,65	-0,88	-1,13	-1,38	-1,59	-1,81	7,82
02/04/2019 18:25:00	6,60	6,44	6,12	5,74	5,28	4,79	4,12	3,39	2,70	2,08	1,48	0,94	0,39	0,02	-0,35	-0,62	-0,88	-1,16	-1,45	-1,69	-1,92	7,72
02/04/2019 18:30:00	6,49	6,23	5,91	5,55	5,09	4,57	3,94	3,27	2,66	2,06	1,42	0,88	0,34	-0,01	-0,36	-0,59	-0,82	-1,07	-1,33	-1,55	-1,77	7,48
02/04/2019 18:35:00	6,36	6,38	6,02	5,55	5,04	4,55	3,93	3,29	2,72	2,11	1,43	0,84	0,25	-0,15	-0,55	-0,80	-1,06	-1,34	-1,63	-1,87	-2,11	7,30
02/04/2019 18:40:00	6,42	6,32	5,97	5,48	4,92	4,39	3,78	3,14	2,55	1,96	1,32	0,80	0,27	-0,07	-0,41	-0,63	-0,86	-1,11	-1,37	-1,59	-1,82	7,32
02/04/2019 18:45:00	6,27	6,24	5,90	5,49	5,05	4,54	3,95	3,33	2,69	2,08	1,44	0,87	0,31	-0,09	-0,48	-0,75	-1,02	-1,32	-1,61	-1,86	-2,10	7,37
02/04/2019 18:50:00	6,17	6,13	5,78	5,34	4,86	4,35	3,71	3,03	2,43	1,84	1,21	0,68	0,14	-0,22	-0,59	-0,83	-1,07	-1,35	-1,62	-1,85	-2,08	7,22
02/04/2019 18:55:00	6,06	6,14	5,84	5,43	4,98	4,44	3,83	3,19	2,60	1,97	1,27	0,67	0,07	-0,33	-0,73	-0,99	-1,25	-1,53	-1,82	-2,05	-2,29	7,07
02/04/2019 19:00:00	6,13	6,07	5,71	5,25	4,75	4,26	3,68	3,08	2,47	1,88	1,26	0,72	0,18	-0,19	-0,55	-0,80	-1,05	-1,33	-1,61	-1,84	-2,08	6,97
02/04/2019 19:05:00	6,02	5,96	5,66	5,30	4,86	4,34	3,73	3,08	2,43	1,82	1,19	0,64	0,09	-0,28	-0,65	-0,90	-1,15	-1,42	-1,70	-1,93	-2,16	6,62
02/04/2019 19:10:00	5,99	5,89	5,55	5,13	4,67	4,13	3,53	2,91	2,29	1,73	1,18	0,70	0,23	-0,09	-0,40	-0,63	-0,85	-1,10	-1,36	-1,58	-1,80	6,68
02/04/2019 19:15:00	5,98	6,07	5,76	5,33	4,84	4,30	3,72	3,11	2,45	1,83	1,18	0,61	0,04	-0,35	-0,74	-0,99	-1,25	-1,54	-1,83	-2,08	-2,32	6,60
02/04/2019 19:20:00	5,91	5,93	5,62	5,22	4,75	4,23	3,61	2,94	2,27	1,66	1,07	0,54	0,01	-0,36	-0,72	-0,98	-1,24	-1,52	-1,80	-2,04	-2,27	6,80
02/04/2019 19:25:00	6,23	6,09	5,88	5,63	5,24	4,78	4,14	3,41	2,76	2,10	1,39	0,77	0,15	-0,26	-0,68	-0,94	-1,21	-1,50	-1,78	-2,02	-2,25	6,70
02/04/2019 19:30:00	6,05	6,13	5,89	5,57	5,17	4,62	4,02	3,39	2,66	2,03	1,42	0,86	0,31	-0,08	-0,47	-0,75	-1,02	-1,32	-1,62	-1,86	-2,10	6,56
02/04/2019 19:35:00	6,11	6,01	5,67	5,28	4,88	4,41	3,89	3,33	2,73	2,15	1,52	0,97	0,41	0,02	-0,36	-0,63	-0,89	-1,19	-1,48	-1,72	-1,96	6,40
02/04/2019 19:40:00	6,04	6,05	5,74	5,38	4,98	4,41	3,75	3,07	2,48	1,92	1,34	0,84	0,34	0,01	-0,32	-0,55	-0,77	-1,03	-1,28	-1,50	-1,72	6,23
02/04/2019 19:45:00	6,13	6,14	5,95	5,64	5,14	4,61	3,93	3,22	2,59	1,97	1,33	0,81	0,29	-0,04	-0,37	-0,58	-0,80	-1,04	-1,28	-1,49	-1,71	6,15
02/04/2019 19:50:00	6,00	6,07	5,92	5,66	5,21	4,66	3,93	3,14	2,46	1,86	1,27	0,77	0,28	-0,04	-0,35	-0,57	-0,79	-1,03	-1,27	-1,49	-1,70	5,80
02/04/2019 19:55:00	6,02	6,04	5,72	5,28	4,81	4,40	3,85	3,25	2,70	2,16	1,57	1,06	0,55	0,20	-0,15	-0,40	-0,64	-0,92	-1,20	-1,43	-1,67	5,83
02/04/2019 20:00:00	6,06	6,04	5,71	5,31	4,91	4,42	3,92	3,39	2,78	2,17	1,50	0,91	0,32	-0,09	-0,50	-0,78	-1,05	-1,35	-1,66	-1,91	-2,16	5,70
02/04/2019 20:05:00	5,80	5,89	5,69	5,41	5,00	4,49	3,88	3,22	2,60	1,98	1,30	0,72	0,15	-0,24	-0,62	-0,87	-1,11	-1,39	-1,66	-1,89	-2,13	5,68
02/04/2019 20:10:00	5,75	5,83	5,59	5,26	4,85	4,41	3,77	3,05	2,43	1,83	1,20	0,64	0,07	-0,32	-0,71	-0,97	-1,24	-1,53	-1,82	-2,06	-2,30	5,60
02/04/2019 20:15:00	5,78	5,66	5,30	4,93	4,58	4,13	3,62	3,08	2,53	1,99	1,41	0,89	0,36	0,00	-0,37	-0,62	-0,87	-1,16	-1,44	-1,67	-1,91	5,63
02/04/2019 20:20:00	5,64	5,69	5,44	5,15	4,84	4,33	3,80	3,24	2,61	2,00	1,34	0,74	0,15	-0,26	-0,67	-0,95	-1,22	-1,52	-1,82	-2,07	-2,31	5,65
02/04/2019 20:25:00	5,56	5,74	5,47	5,03	4,49	3,96	3,37	2,77	2,15	1,59	1,03	0,57	0,10	-0,20	-0,51	-0,72	-0,93	-1,18	-1,43	-1,65	-1,87	5,30
02/04/2019 20:30:00	5,61	5,59	5,41	5,10	4,66	4,13	3,55	2,94	2,27	1,64	0,99	0,44	-0,11	-0,47	-0,83	-1,06	-1,30	-1,56	-1,82	-2,04	-2,26	5,30
02/04/2019 20:35:00	5,60	5,59	5,36	5,04	4,63	4,18	3,62	3,01	2,40	1,78	1,11	0,53	-0,05	-0,44	-0,84	-1,09	-1,35	-1,63	-1,92	-2,15	-2,39	5,51
02/04/2019 20:40:00	5,50	5,51	5,26	4,93	4,55	4,14	3,64	3,05	2,39	1,77	1,13	0,54	-0,05	-0,47	-0,90	-1,19	-1,48	-1,79	-2,11	-2,36	-2,61	5,33
02/04/2019 20:45:00	5,35	5,67	5,42	5,04	4,57	3,95	3,31	2,68	2,03	1,47	0,93	0,48	0,03	-0,27	-0,57	-0,78	-1,00	-1,25	-1,49	-1,71	-1,93	5,35
02/04/2019 20:50:00	5,44	5,57	5,42	5,13	4,67	4,15	3,44	2,69	2,06	1,47	0,88	0,39	-0,11	-0,42	-0,73	-0,94	-1,15	-1,38	-1,62	-1,83	-2,04	5,17
02/04/2019 20:55:00	5,46	5,39	5,33	5,17	4,80	4,28	3,63	2,91	2,21	1,51	0,75	0,11	-0,53	-0,94	-1,35	-1,60	-1,85	-2,12	-2,39	-2,61	-2,83	5,25
02/04/2019 21:00:00	5,29	5,44	5,19	4,85	4,44	3,90	3,28	2,62	2,04	1,42	0,73	0,15	-0,44	-0,82	-1,21	-1,45	-1,70	-1,97	-2,24	-2,47	-2,70	5,10
02/04/2019 21:05:00	5,19	5,32	5,10	4,81	4,47	4,01	3,47	2,87	2,21	1,59	0,96	0,39	-0,19	-0,60	-1,01	-1,30	-1,58	-1,89	-2,19	-2,44	-2,69	4,89
02/04/2019 21:10:00	5,17	5,20	5,02	4,79	4,47	4,00	3,39	2,70	2,04	1,44	0,83	0,28	-0,26	-0,63	-1,00	-1,26	-1,52	-1,79	-2,07	-2,30	-2,53	4,90
02/04/2019 21:15:00	5,09	5,21	5,12	4,89	4,46	3,95	3,33	2,62	1,79	1,14	0,55	0,02	-0,52	-0,88	-1,24	-1,50	-1,75	-2,03	-2,31	-2,54	-2,77	4,66
02/04/2019 21:20:00	5,09	5,24	5,01	4,70	4,28	3,59	2,86	2,13	1,46	0,86	0,27	-0,22	-0,70	-1,01	-1,31	-1,52	-1,72	-1,95	-2,18	-2,38	-2,59	4,61
02/04/2019 21:25:00	5,01	5,25	5,00	4,54	3,97	3,40	2,70	1,99	1,35	0,78	0,22	-0,25	-0,71	-1,01	-1,30	-1,50	-1,70	-1,94	-2,17	-2,38	-2,59	4,43
02/04/2019 21:30:00	4,93	4,92	4,85	4,79	4,56	4,02	3,35	2,58	1,80	1,14	0,50	-0,08	-0,66	-1,05	-1,44	-1,71	-1,98	-2,26	-2,54	-2,77	-3,00	3,76
02/04/2019 21:35:00	4,98	5,10	5,05	4,86	4,42	3,75	2,99	2,19	1,46	0,83	0,23	-0,25	-0,73	-1,01	-1,29	-1,47	-1,65	-1,86	-2,06	-2,25	-2,44	4,13
02/04/2019 21:40:00	5,20	4,92	4,84	4,81	4,61	4,13	3,45	2,64	1,85	1,16	0,48	-0,14	-0,76	-1,18	-1,60	-1,89	-2,17	-2,46	-2,75	-2,97	-3,20	4,38
02/04/2019 21:45:00	5,12	5,08	4,87	4,62	4,26	3,74	3,11	2,42	1,81	1,19	0,51	-0,06	-0,63	-1,00	-1,37	-1,61	-1,84	-2,10	-2,36	-2,58	-2,79	4,23
02/04/2019 21:50:00	4,89	5,07	4,82	4,47	4,10	3,66	3,12	2,53	1,91	1,33	0,73	0,19	-0,36	-0,74	-1,13	-1,39	-1,66	-1,95	-2,25	-2,49	-2,73	3,78
02/04/2019 21:55:00	4,90	5,10	4,90	4,52	4,04	3,60	2,98	2,31	1,71	1,10	0,44	-0,13	-0,69	-1,07	-1,45	-1,69	-1,93	-2,21	-2,48	-2,71	-2,94	4,16
02/04/2019 22:00:00	4,95	4,94	4,71	4,49	4,19	3,68	3,02	2,28	1,57	0,96	0,37	-0,17	-0,71	-1,09	-1,46	-1,73	-2,00	-2,28	-2,56	-2,79	-3,02	3,88
02/04/2019 22:05:00	4,80	4,93	4,68	4,30	3,88	3,45	2,92	2,34	1,73	1,14	0,52	-0,04	-0,59	-0,98	-1,37	-1,63	-1,89	-2,18	-2,47	-2,70	-2,94	3,74
02/04/2019 22:10:00	4,50	4,49	4,24	4,00	3,71	3,15	2,57	1,97	1,43	0,81	0,11	-0,48	-1,07	-1,45	-1,82	-2,05	-2,28	-2,53	-2,79	-3,00	-3,22	3,64
02/04/2019 22:15:00	4,45	4,64	4,36	3,94	3,45	2,93	2,34	1,74	1,17	0,56	-0,09	-0,64	-1,19	-1,54	-1,89	-2,11	-2,32	-2,58	-2,83	-3,05	-3,27	3,98
02/04/2019 22:20:00	4,43	4,64	4,34	3,93	3,48	2,88	2,25	1,62	1,02	0,41	-0,24	-0,78	-1,33	-1,69	-2,04	-2,26	-2,49	-2,74	-3,00	-3,21	-3,43	3,53
02/04/2019 22:25:00	4,39	4,42	4,16	3,81	3,38	2,85	2,15	1,41	0,81	0,23	-0,37	-0,88	-1,39	-1,70	-2,02	-2,23	-2,44	-2,67	-2,91	-3,11	-3,32	3,63
02/04/2019 22:30:00	4,17	4,29	4,02	3,71	3,37	2,87	2,30	1,68	1,06	0,42	-0,28	-0,90	-1,52	-1,95	-2,38	-2,65	-2,92	-3,22	-3,51	-3,74	-3,98	3,73
02/04/2019 22:35:00	4,09	4,18	4,09	3,90	3,48	2,85	2,06	1,22	0,49	-0,17	-0,82	-1,36	-1,89	-2,21	-2,54	-2,74	-2,94	-3,16	-3,38	-3,57	-3,76	3,63
02/04/2019 22:40:00	4,07	4,07	3,85	3,60	3,20	2,58	1,88	1,13	0,44	-0,18	-0,81	-1,33	-1,85	-2,17	-2,49	-2,70	-2,91	-3,13	-3,36	-3,56	-3,76	3,40
02/04/2019 22:45:00	3,90	3,94	3,71	3,41	3,00	2,45	1,77	1,06	0,44	-0,15	-0,74	-1,24	-1,74	-2,05	-2,35	-2,55	-2,75	-2,97	-3,20	-3,40	-3,59	3,16
02/04/2019 22:50:00	3,81	3,86	3,67	3,36	2,96	2,52	1,94	1,29	0,64	0,06	-0,53	-1,04	-1,56	-1,90	-2,23	-2,46	-2,69	-2,95	-3,20	-3,42	-3,63	3,16
02/04/2019 22:55:00	3,88	3,92	3,56	3,18	2,88	2,51	2,14	1,72	1,20	0,65	0,04	-0,52	-1,09	-1,50	-1,91	-2,19	-2,46	-2,77	-3,07	-3,32	-3,57	2,89
02/04/2019 23:00:00	3,75	3,86	3,71	3,45	3,04	2,47	1,85	1,18	0,53	-0,05	-0,60	-1,06	-1,52	-1,80	-2,07	-2,26	-2,44	-2,66	-2,87	-3,06	-3,26	2,93
02/04/2019 23:05:00	3,39	3,54	3,32	2,98	2,62	2,28	1,80	1,25	0,73	0,13	-0,54	-1,13	-1,72	-2,12	-2,52	-2,78	-3,03	-3,31	-3,59	-3,82	-4,05	2,93
02/04/2019 23:10:00	3,25	3,48	3,32	3,07	2,76	2,37	1,87	1,28	0,67	0,08	-0,55	-1,12	-1,69	-2,09	-2,48	-2,75	-3,01	-3,30	-3,58	-3,82	-4,05	2,69
02/04/2019 23:15:00	3,31	3,37	3,14	2,94	2,78	2,43	2,05	1,59	1,04	0,46	-0,18	-0,79	-1,39	-1,83	-2,27	-2,56	-2,85	-3,16	-3,47	-3,72	-3,96	2,51
02/04/2019 23:20:00	3,23	3,38	3,33	3,18	2,89	2,42	1,86	1,21	0,53	-0,06	-0,67	-1,19	-1,72	-2,07	-2,41	-2,64	-2,88	-3,13	-3,38	-3,59	-3,80	2,70
02/04/2019 23:25:00	3,17	3,34	3,21	3,06	2,83	2,45	1,98	1,44	0,87	0,27	-0,39	-0,97	-1,56	-1,96	-2,36	-2,61	-2,87	-3,15	-3,42	-3,65	-3,88	2,93
02/04/2019 23:30:00	3,02	3,34	3,26	3,11	2,91	2,60	2,10	1,51	0,94	0,37	-0,24	-0,81	-1,38	-1,78	-2,18	-2,45	-2,72	-3,02	-3,31	-3,54	-3,78	2,63
02/04/2019 23:35:00	3,09	3,33	3,24	3,08	2,84	2,50	2,08	1,61	1,08	0,49	-0,17	-0,75	-1,32	-1,72	-2,11	-2,36	-2,62	-2,89	-3,17	-3,40	-3,63	2,55
02/04/2019 23:40:00	3,06	3,16	3,11	3,07	2,94	2,59	2,16	1,62	1,02	0,40	-0,27	-0,88	-1,50	-1,92	-2,35	-2,62	-2,90	-3,19	-3,48	-3,71	-3,94	2,05
02/04/2019 23:45:00	3,04	3,27	3,25	3,11	2,82	2,43	1,94	1,36	0,71	0,15	-0,42	-0,91	-1,41	-1,73	-2,06	-2,29	-2,52	-2,77	-3,02	-3,23	-3,44	1,81
02/04/2019 23:50:00	2,73	3,00	2,85	2,60	2,31	2,04	1,60	1,10	0,63	0,07	-0,56	-1,12	-1,67	-2,06	-2,44	-2,69	-2,93	-3,20	-3,48	-3,71	-3,93	1,71
02/04/2019 23:55:00	2,79	2,83	2,85	2,83	2,67	2,35	1,84	1,20	0,54	-0,09	-0,75	-1,35	-1,95	-2,36	-2,77	-3,04	-3,31	-3,59	-3,87	-4,10	-4,32	1,87
