FileFormat:0002.2 file with temperature of atmosphere
SN105HE102 RTK
local	GMT or Local
0	GMT-Local=[hours]
20	Height[m]
0	0	0	Longitude                [grd]               [min]               [sec]
0	0	0	Latitude                [grd]               [min]               [sec]
N	NS
56,45	Freq[GHz]
0,00	dTemostat[K]
0,150	MessErr[K]
0,248	//[grad/step]
version 14.4.20120406
MTP5HE102F5645K-38.60I70D222917+A1.1
Commentary:
SN105HE102
парабола ДНА = 2,5 град
НЕ102 - ПУ - ХВБ с ЦСД " S "
АЦП - 202 - 09 с контр.U пит.и М
оптопара серии - 2
Т out № 178 пл
БП LPS - 112
End Of Commentary

SYSTEM\alaska.dat
data time	0	50	100	150	200	250	300	350	400	450	500	550	600	650	700	750	800	850	900	950	1000	OutsideTemperature
15/10/2021 00:00:00	2,59	2,59	2,34	2,03	1,77	1,54	1,24	0,99	0,90	0,60	0,22	-0,04	-0,30	-0,43	-0,57	-0,66	-0,75	-0,89	-1,03	-1,20	-1,37	2,70
15/10/2021 00:05:00	2,59	2,39	2,25	2,15	2,01	1,63	1,35	1,04	0,69	0,32	-0,06	-0,36	-0,65	-0,82	-0,99	-1,11	-1,24	-1,40	-1,55	-1,72	-1,89	2,59
15/10/2021 00:10:00	2,48	2,34	2,23	2,14	1,94	1,53	1,14	0,74	0,40	0,07	-0,26	-0,48	-0,70	-0,80	-0,90	-0,98	-1,06	-1,18	-1,30	-1,45	-1,60	2,53
15/10/2021 00:15:00	2,62	2,50	2,33	2,05	1,73	1,56	1,29	0,99	0,65	0,41	0,19	0,02	-0,15	-0,24	-0,34	-0,45	-0,56	-0,71	-0,87	-1,04	-1,21	2,58
15/10/2021 00:20:00	2,58	2,57	2,31	1,96	1,65	1,39	1,12	0,86	0,58	0,39	0,24	0,13	0,03	-0,03	-0,08	-0,17	-0,25	-0,39	-0,53	-0,70	-0,87	2,53
15/10/2021 00:25:00	2,38	2,27	2,22	2,10	1,86	1,59	1,29	0,96	0,63	0,30	-0,03	-0,26	-0,49	-0,60	-0,71	-0,80	-0,89	-1,03	-1,16	-1,32	-1,48	2,47
15/10/2021 00:30:00	2,50	2,45	2,28	2,13	1,90	1,50	1,12	0,75	0,40	0,10	-0,18	-0,38	-0,57	-0,66	-0,75	-0,84	-0,92	-1,05	-1,18	-1,33	-1,49	2,43
15/10/2021 00:35:00	2,49	2,33	2,17	2,01	1,83	1,64	1,41	1,12	0,74	0,44	0,16	-0,09	-0,34	-0,51	-0,67	-0,83	-0,98	-1,17	-1,36	-1,54	-1,73	2,46
15/10/2021 00:40:00	2,49	2,26	2,23	2,23	2,12	1,70	1,36	0,97	0,53	0,19	-0,11	-0,34	-0,57	-0,69	-0,80	-0,90	-1,01	-1,14	-1,28	-1,43	-1,58	2,50
15/10/2021 00:45:00	2,56	2,31	2,26	2,27	2,21	2,04	1,80	1,46	1,04	0,66	0,28	-0,07	-0,42	-0,65	-0,88	-1,06	-1,24	-1,45	-1,66	-1,85	-2,04	2,46
15/10/2021 00:50:00	2,37	2,23	2,17	2,14	2,02	1,67	1,35	0,97	0,54	0,26	0,03	-0,15	-0,33	-0,43	-0,52	-0,63	-0,74	-0,89	-1,03	-1,19	-1,35	2,43
15/10/2021 00:55:00	2,35	2,25	2,19	2,11	1,93	1,70	1,41	1,08	0,72	0,43	0,17	-0,03	-0,23	-0,34	-0,45	-0,56	-0,67	-0,82	-0,97	-1,13	-1,30	2,31
15/10/2021 01:00:00	2,27	2,26	2,27	2,25	2,13	1,88	1,58	1,25	0,95	0,60	0,24	-0,03	-0,30	-0,45	-0,60	-0,72	-0,83	-0,98	-1,13	-1,30	-1,47	2,33
15/10/2021 01:05:00	2,21	2,11	2,04	1,98	1,86	1,62	1,32	0,98	0,64	0,35	0,07	-0,15	-0,37	-0,49	-0,61	-0,73	-0,85	-1,00	-1,15	-1,32	-1,49	2,29
15/10/2021 01:10:00	2,20	2,17	2,13	2,07	1,93	1,73	1,49	1,19	0,85	0,52	0,20	-0,07	-0,33	-0,49	-0,65	-0,79	-0,92	-1,09	-1,27	-1,45	-1,62	2,16
15/10/2021 01:15:00	2,15	2,10	2,06	2,06	2,03	1,84	1,54	1,19	0,85	0,59	0,33	0,11	-0,12	-0,26	-0,40	-0,54	-0,68	-0,85	-1,02	-1,20	-1,37	2,12
15/10/2021 01:20:00	2,14	1,95	1,90	1,89	1,83	1,73	1,41	1,04	0,77	0,52	0,28	0,08	-0,12	-0,23	-0,35	-0,47	-0,60	-0,75	-0,91	-1,07	-1,24	2,14
15/10/2021 01:25:00	2,10	2,09	2,00	1,85	1,68	1,49	1,28	1,05	0,78	0,54	0,30	0,12	-0,06	-0,16	-0,26	-0,36	-0,46	-0,61	-0,76	-0,93	-1,10	2,06
15/10/2021 01:30:00	2,05	1,92	2,01	2,08	2,01	1,79	1,54	1,21	0,84	0,53	0,25	0,03	-0,19	-0,31	-0,42	-0,53	-0,65	-0,79	-0,93	-1,10	-1,26	2,10
15/10/2021 01:35:00	2,08	2,08	2,04	2,00	1,89	1,78	1,58	1,33	1,01	0,71	0,39	0,12	-0,15	-0,32	-0,50	-0,65	-0,80	-0,98	-1,17	-1,36	-1,55	2,06
15/10/2021 01:40:00	2,00	2,08	2,17	2,22	2,12	1,96	1,61	1,20	0,83	0,53	0,25	0,03	-0,19	-0,32	-0,44	-0,56	-0,69	-0,84	-0,99	-1,16	-1,33	2,07
15/10/2021 01:45:00	2,04	1,93	2,09	2,33	2,37	2,07	1,70	1,26	0,81	0,48	0,18	-0,05	-0,28	-0,40	-0,52	-0,64	-0,76	-0,89	-1,03	-1,19	-1,34	2,00
15/10/2021 01:50:00	1,87	1,83	1,96	2,08	2,07	1,94	1,66	1,31	0,98	0,69	0,41	0,18	-0,05	-0,18	-0,31	-0,43	-0,56	-0,71	-0,87	-1,03	-1,20	1,76
15/10/2021 01:55:00	1,90	1,91	2,07	2,21	2,19	1,96	1,60	1,19	0,86	0,55	0,25	0,03	-0,19	-0,30	-0,41	-0,51	-0,61	-0,74	-0,87	-1,02	-1,18	1,88
15/10/2021 02:00:00	1,79	1,79	1,84	1,92	1,91	1,75	1,54	1,27	0,97	0,67	0,37	0,12	-0,13	-0,29	-0,44	-0,58	-0,71	-0,88	-1,04	-1,22	-1,40	1,89
15/10/2021 02:05:00	1,79	1,77	1,86	1,96	1,97	1,87	1,67	1,37	1,05	0,75	0,46	0,20	-0,06	-0,23	-0,40	-0,55	-0,71	-0,89	-1,07	-1,25	-1,43	1,81
15/10/2021 02:10:00	1,83	1,91	1,97	2,05	2,03	1,90	1,65	1,35	1,08	0,79	0,48	0,23	-0,02	-0,17	-0,32	-0,45	-0,59	-0,75	-0,92	-1,09	-1,27	1,76
15/10/2021 02:15:00	1,73	1,73	1,90	2,05	2,02	1,85	1,56	1,22	0,89	0,58	0,28	0,05	-0,17	-0,29	-0,40	-0,51	-0,61	-0,75	-0,88	-1,04	-1,20	1,73
15/10/2021 02:20:00	1,72	1,69	1,82	2,00	2,10	2,04	1,85	1,59	1,34	1,05	0,72	0,44	0,16	-0,02	-0,20	-0,35	-0,50	-0,68	-0,86	-1,04	-1,22	1,70
15/10/2021 02:25:00	1,73	1,67	1,79	2,03	2,17	2,01	1,87	1,62	1,27	0,93	0,58	0,26	-0,05	-0,26	-0,48	-0,65	-0,82	-1,02	-1,22	-1,41	-1,60	1,67
15/10/2021 02:30:00	1,68	1,65	1,73	1,90	2,03	1,98	1,86	1,64	1,32	1,03	0,71	0,41	0,11	-0,11	-0,33	-0,52	-0,71	-0,93	-1,14	-1,34	-1,54	1,66
15/10/2021 02:35:00	1,76	1,74	1,83	1,93	1,96	1,94	1,76	1,51	1,27	1,02	0,76	0,53	0,31	0,16	0,02	-0,12	-0,26	-0,43	-0,60	-0,78	-0,96	1,72
15/10/2021 02:40:00	1,58	1,64	1,81	2,01	2,10	2,05	1,83	1,54	1,25	0,92	0,57	0,26	-0,05	-0,25	-0,46	-0,62	-0,78	-0,97	-1,16	-1,35	-1,54	1,59
15/10/2021 02:45:00	1,51	1,62	1,88	2,08	2,09	1,95	1,76	1,47	1,06	0,74	0,45	0,21	-0,03	-0,17	-0,31	-0,45	-0,58	-0,74	-0,90	-1,08	-1,25	1,58
15/10/2021 02:50:00	1,43	1,49	1,69	1,95	2,09	2,07	1,84	1,55	1,31	0,99	0,62	0,31	0,01	-0,19	-0,39	-0,55	-0,71	-0,89	-1,07	-1,26	-1,44	1,44
15/10/2021 02:55:00	1,27	1,49	1,73	2,01	2,15	2,07	1,84	1,51	1,18	0,89	0,60	0,33	0,07	-0,11	-0,28	-0,45	-0,61	-0,79	-0,98	-1,16	-1,35	1,30
15/10/2021 03:00:00	1,24	1,44	1,68	1,85	1,90	1,88	1,75	1,53	1,25	0,95	0,62	0,34	0,07	-0,11	-0,28	-0,43	-0,58	-0,76	-0,94	-1,12	-1,31	1,28
15/10/2021 03:05:00	1,38	1,54	1,86	2,19	2,31	2,24	2,00	1,65	1,28	0,98	0,69	0,45	0,20	0,04	-0,11	-0,26	-0,41	-0,58	-0,75	-0,93	-1,11	1,33
15/10/2021 03:10:00	1,39	1,53	1,85	2,25	2,42	2,18	1,81	1,37	1,03	0,72	0,43	0,22	0,01	-0,10	-0,20	-0,31	-0,41	-0,53	-0,66	-0,81	-0,96	1,31
15/10/2021 03:15:00	1,30	1,44	1,75	2,11	2,30	2,25	2,08	1,80	1,46	1,11	0,74	0,42	0,09	-0,13	-0,35	-0,52	-0,70	-0,89	-1,09	-1,28	-1,47	1,28
15/10/2021 03:20:00	1,23	1,49	1,73	1,94	1,97	1,90	1,62	1,29	0,99	0,72	0,46	0,25	0,05	-0,07	-0,19	-0,31	-0,43	-0,58	-0,73	-0,90	-1,07	1,24
15/10/2021 03:25:00	1,32	1,55	1,79	2,00	2,06	1,92	1,74	1,48	1,18	0,91	0,65	0,46	0,26	0,15	0,03	-0,08	-0,20	-0,34	-0,49	-0,66	-0,83	1,33
15/10/2021 03:30:00	1,28	1,49	1,76	2,05	2,19	2,12	1,91	1,60	1,21	0,92	0,63	0,37	0,11	-0,06	-0,24	-0,41	-0,57	-0,76	-0,95	-1,14	-1,32	1,31
15/10/2021 03:35:00	1,29	1,48	1,74	2,04	2,17	2,07	1,81	1,49	1,22	0,96	0,71	0,51	0,32	0,20	0,09	-0,03	-0,15	-0,29	-0,44	-0,60	-0,77	1,22
15/10/2021 03:40:00	1,28	1,49	1,68	1,85	1,93	1,90	1,87	1,76	1,53	1,31	1,08	0,89	0,71	0,58	0,46	0,33	0,20	0,03	-0,14	-0,32	-0,50	1,19
15/10/2021 03:45:00	1,24	1,28	1,63	2,04	2,24	2,21	2,04	1,75	1,42	1,15	0,88	0,66	0,44	0,30	0,17	0,03	-0,10	-0,26	-0,42	-0,59	-0,76	0,96
15/10/2021 03:50:00	1,06	1,47	1,77	2,08	2,25	2,15	2,02	1,80	1,54	1,25	0,93	0,68	0,42	0,25	0,07	-0,07	-0,22	-0,40	-0,58	-0,76	-0,95	1,01
15/10/2021 03:55:00	1,25	1,41	1,64	1,86	1,96	1,93	1,85	1,66	1,38	1,15	0,92	0,73	0,54	0,41	0,29	0,16	0,02	-0,14	-0,31	-0,49	-0,67	1,09
15/10/2021 04:00:00	1,07	1,13	1,41	1,74	1,96	1,95	1,87	1,66	1,34	1,07	0,80	0,54	0,28	0,09	-0,09	-0,25	-0,42	-0,61	-0,80	-0,99	-1,18	1,16
15/10/2021 04:05:00	1,29	1,42	1,51	1,68	1,89	2,00	2,04	1,96	1,76	1,52	1,22	0,91	0,60	0,35	0,10	-0,11	-0,33	-0,57	-0,81	-1,03	-1,25	1,23
15/10/2021 04:10:00	1,14	1,31	1,74	2,24	2,52	2,46	2,29	2,00	1,70	1,30	0,86	0,49	0,11	-0,12	-0,36	-0,54	-0,71	-0,90	-1,09	-1,28	-1,46	1,22
15/10/2021 04:15:00	1,20	1,39	1,53	1,76	1,95	1,89	1,82	1,70	1,54	1,29	1,01	0,77	0,54	0,38	0,22	0,08	-0,06	-0,24	-0,41	-0,60	-0,78	1,10
15/10/2021 04:20:00	1,04	1,13	1,42	1,70	1,83	1,88	1,78	1,57	1,28	1,03	0,78	0,57	0,35	0,21	0,07	-0,08	-0,22	-0,39	-0,56	-0,74	-0,92	1,08
15/10/2021 04:25:00	1,01	0,80	1,14	1,64	2,03	2,16	2,13	1,91	1,59	1,31	1,01	0,70	0,38	0,15	-0,08	-0,29	-0,50	-0,72	-0,93	-1,13	-1,33	0,90
15/10/2021 04:30:00	0,98	1,10	1,27	1,50	1,66	1,73	1,66	1,50	1,28	1,08	0,87	0,66	0,46	0,31	0,16	0,01	-0,15	-0,33	-0,52	-0,71	-0,89	1,15
15/10/2021 04:35:00	0,93	1,05	1,31	1,66	1,91	1,93	1,94	1,81	1,57	1,27	0,94	0,64	0,35	0,13	-0,08	-0,25	-0,43	-0,63	-0,83	-1,02	-1,22	0,92
15/10/2021 04:40:00	0,92	1,05	1,48	1,86	1,96	1,86	1,67	1,39	1,13	0,82	0,50	0,30	0,09	0,00	-0,09	-0,17	-0,25	-0,36	-0,47	-0,61	-0,76	0,81
15/10/2021 04:45:00	0,86	1,09	1,37	1,60	1,68	1,69	1,59	1,42	1,20	1,05	0,92	0,84	0,76	0,72	0,68	0,59	0,51	0,38	0,26	0,10	-0,06	0,86
15/10/2021 04:50:00	0,91	1,13	1,40	1,73	1,92	1,90	1,81	1,63	1,39	1,14	0,88	0,67	0,46	0,31	0,17	0,04	-0,10	-0,27	-0,43	-0,61	-0,79	0,90
15/10/2021 04:55:00	0,90	1,01	1,24	1,55	1,74	1,79	1,70	1,53	1,34	1,14	0,92	0,74	0,55	0,43	0,31	0,18	0,05	-0,11	-0,27	-0,44	-0,62	0,86
15/10/2021 05:00:00	0,84	0,97	1,35	1,78	2,04	2,11	1,97	1,73	1,50	1,24	0,96	0,72	0,48	0,33	0,17	0,03	-0,12	-0,28	-0,45	-0,62	-0,80	0,86
15/10/2021 05:05:00	0,77	0,92	1,35	1,86	2,16	2,17	2,05	1,81	1,53	1,22	0,89	0,61	0,34	0,16	-0,03	-0,18	-0,34	-0,51	-0,68	-0,86	-1,04	0,74
15/10/2021 05:10:00	0,72	0,96	1,40	1,82	2,04	2,11	2,01	1,77	1,46	1,18	0,91	0,68	0,44	0,28	0,11	-0,04	-0,19	-0,37	-0,55	-0,73	-0,92	0,75
15/10/2021 05:15:00	0,85	1,08	1,41	1,76	1,99	2,05	1,94	1,72	1,46	1,22	0,97	0,74	0,50	0,34	0,17	0,01	-0,15	-0,33	-0,52	-0,71	-0,89	0,82
15/10/2021 05:20:00	0,87	1,17	1,47	1,73	1,88	1,96	1,93	1,81	1,59	1,37	1,13	0,93	0,73	0,59	0,44	0,30	0,16	-0,02	-0,20	-0,39	-0,58	0,94
15/10/2021 05:25:00	0,92	1,01	1,41	1,86	2,10	2,03	1,93	1,68	1,32	1,02	0,73	0,49	0,25	0,10	-0,06	-0,20	-0,34	-0,50	-0,67	-0,84	-1,02	0,92
15/10/2021 05:30:00	0,83	0,98	1,35	1,81	2,10	2,11	1,99	1,73	1,38	1,13	0,89	0,65	0,41	0,24	0,07	-0,10	-0,27	-0,46	-0,64	-0,83	-1,01	0,81
15/10/2021 05:35:00	0,83	0,91	1,21	1,54	1,74	1,77	1,76	1,64	1,43	1,21	0,98	0,79	0,60	0,48	0,36	0,24	0,11	-0,04	-0,20	-0,37	-0,54	0,71
15/10/2021 05:40:00	0,66	0,93	1,29	1,66	1,86	1,80	1,70	1,50	1,23	1,00	0,78	0,60	0,42	0,31	0,21	0,09	-0,03	-0,17	-0,32	-0,49	-0,66	0,64
15/10/2021 05:45:00	0,63	0,95	1,22	1,56	1,80	1,80	1,68	1,48	1,23	1,03	0,81	0,60	0,40	0,25	0,10	-0,05	-0,21	-0,39	-0,57	-0,75	-0,94	0,75
15/10/2021 05:50:00	0,57	1,00	1,33	1,63	1,77	1,81	1,55	1,27	1,08	0,90	0,71	0,58	0,44	0,36	0,29	0,18	0,08	-0,06	-0,19	-0,35	-0,52	0,63
15/10/2021 05:55:00	0,67	0,93	1,40	1,86	2,08	2,10	1,94	1,65	1,33	1,04	0,74	0,50	0,26	0,10	-0,05	-0,19	-0,33	-0,49	-0,65	-0,83	-1,00	0,70
15/10/2021 06:00:00	0,75	1,00	1,41	1,80	1,96	1,91	1,75	1,51	1,31	0,97	0,62	0,36	0,11	-0,03	-0,17	-0,27	-0,37	-0,51	-0,64	-0,80	-0,96	0,70
15/10/2021 06:05:00	0,75	1,08	1,40	1,72	1,88	1,72	1,59	1,44	1,35	1,07	0,77	0,58	0,39	0,31	0,23	0,16	0,10	-0,01	-0,11	-0,26	-0,41	0,66
15/10/2021 06:10:00	0,80	0,98	1,26	1,60	1,86	1,93	1,90	1,78	1,61	1,38	1,12	0,89	0,65	0,49	0,33	0,18	0,03	-0,14	-0,32	-0,51	-0,69	0,68
15/10/2021 06:15:00	0,74	0,94	1,32	1,74	2,00	2,09	2,01	1,85	1,68	1,40	1,08	0,82	0,56	0,40	0,23	0,09	-0,06	-0,23	-0,39	-0,57	-0,75	0,76
15/10/2021 06:20:00	0,73	0,98	1,30	1,67	1,95	2,06	2,07	1,96	1,77	1,52	1,23	0,96	0,69	0,50	0,30	0,13	-0,04	-0,24	-0,44	-0,64	-0,83	0,71
15/10/2021 06:25:00	0,66	0,99	1,36	1,73	1,93	1,91	1,81	1,63	1,41	1,14	0,86	0,64	0,43	0,29	0,16	0,04	-0,09	-0,24	-0,40	-0,57	-0,74	0,59
15/10/2021 06:30:00	0,68	0,99	1,33	1,75	2,02	1,95	1,85	1,64	1,36	1,15	0,94	0,76	0,58	0,45	0,33	0,19	0,06	-0,11	-0,27	-0,45	-0,62	0,74
15/10/2021 06:35:00	0,79	0,84	1,28	1,82	2,14	2,12	2,08	1,89	1,59	1,27	0,92	0,63	0,34	0,15	-0,03	-0,19	-0,34	-0,51	-0,68	-0,86	-1,04	0,73
15/10/2021 06:40:00	0,74	0,95	1,42	1,90	2,20	2,29	2,10	1,78	1,50	1,24	0,98	0,74	0,51	0,34	0,18	0,02	-0,14	-0,32	-0,49	-0,67	-0,85	0,71
15/10/2021 06:45:00	0,70	0,98	1,43	1,91	2,24	2,27	2,17	1,94	1,67	1,37	1,04	0,75	0,45	0,25	0,05	-0,13	-0,31	-0,50	-0,70	-0,89	-1,07	0,62
15/10/2021 06:50:00	0,70	0,83	1,36	1,90	2,15	2,09	1,82	1,43	1,07	0,74	0,43	0,18	-0,07	-0,21	-0,35	-0,47	-0,60	-0,74	-0,88	-1,03	-1,19	0,66
15/10/2021 06:55:00	0,65	0,94	1,35	1,73	1,90	1,88	1,71	1,45	1,21	0,92	0,62	0,39	0,16	0,03	-0,11	-0,22	-0,34	-0,49	-0,63	-0,80	-0,97	0,69
15/10/2021 07:00:00	0,69	1,08	1,45	1,82	2,03	2,00	1,81	1,54	1,27	0,99	0,70	0,45	0,21	0,05	-0,11	-0,26	-0,41	-0,58	-0,75	-0,93	-1,11	0,77
15/10/2021 07:05:00	0,84	1,13	1,50	1,88	2,07	2,04	1,89	1,65	1,42	1,10	0,77	0,50	0,23	0,07	-0,09	-0,22	-0,36	-0,52	-0,68	-0,85	-1,03	0,80
15/10/2021 07:10:00	0,76	1,07	1,48	1,93	2,18	2,15	2,00	1,78	1,55	1,23	0,88	0,60	0,33	0,15	-0,02	-0,16	-0,30	-0,46	-0,63	-0,80	-0,98	0,56
15/10/2021 07:15:00	0,62	1,04	1,53	2,05	2,32	2,21	1,88	1,48	1,18	0,89	0,62	0,40	0,18	0,06	-0,07	-0,19	-0,32	-0,46	-0,60	-0,76	-0,92	0,61
15/10/2021 07:20:00	0,60	1,10	1,55	1,97	2,14	1,99	1,77	1,45	1,11	0,82	0,55	0,35	0,14	0,02	-0,10	-0,22	-0,34	-0,48	-0,63	-0,79	-0,96	0,62
15/10/2021 07:25:00	0,69	1,14	1,66	2,12	2,31	2,28	2,10	1,76	1,33	1,04	0,77	0,52	0,28	0,11	-0,05	-0,21	-0,37	-0,56	-0,74	-0,92	-1,11	0,60
15/10/2021 07:30:00	0,59	1,21	1,65	1,95	2,03	1,93	1,72	1,46	1,23	0,97	0,73	0,57	0,41	0,34	0,27	0,18	0,10	-0,03	-0,15	-0,31	-0,46	0,76
15/10/2021 07:35:00	0,48	1,20	1,58	1,86	2,00	2,01	1,90	1,72	1,49	1,32	1,16	1,02	0,89	0,79	0,69	0,57	0,44	0,28	0,11	-0,07	-0,25	0,47
15/10/2021 07:40:00	0,40	1,00	1,59	2,20	2,59	2,63	2,56	2,34	2,04	1,72	1,37	1,05	0,73	0,50	0,27	0,08	-0,12	-0,32	-0,53	-0,73	-0,93	0,41
15/10/2021 07:45:00	0,11	1,03	1,63	2,09	2,36	2,44	2,37	2,20	1,95	1,68	1,39	1,14	0,88	0,69	0,50	0,33	0,15	-0,05	-0,25	-0,46	-0,66	0,08
15/10/2021 07:50:00	-0,61	0,82	1,71	2,35	2,62	2,60	2,28	1,89	1,54	1,28	1,05	0,87	0,69	0,58	0,47	0,34	0,20	0,05	-0,11	-0,28	-0,46	-1,09
15/10/2021 07:55:00	-0,69	0,83	1,67	2,28	2,55	2,48	2,20	1,86	1,56	1,34	1,15	1,02	0,89	0,81	0,73	0,61	0,49	0,34	0,20	0,03	-0,14	-1,19
15/10/2021 08:00:00	-0,62	0,55	1,41	2,09	2,43	2,43	2,22	1,94	1,71	1,40	1,10	0,87	0,65	0,52	0,39	0,27	0,15	0,00	-0,14	-0,31	-0,48	-1,50
15/10/2021 08:05:00	-1,13	0,17	1,13	1,85	2,17	2,19	1,98	1,69	1,43	1,08	0,74	0,50	0,26	0,12	-0,02	-0,14	-0,25	-0,40	-0,54	-0,71	-0,88	-1,53
15/10/2021 08:10:00	-1,56	-0,45	0,42	1,22	1,74	1,95	1,93	1,78	1,59	1,31	1,01	0,75	0,48	0,29	0,09	-0,08	-0,26	-0,45	-0,64	-0,83	-1,03	-1,62
15/10/2021 08:15:00	-1,58	-0,34	0,68	1,56	2,01	2,02	1,76	1,37	1,00	0,71	0,44	0,21	-0,01	-0,15	-0,29	-0,43	-0,57	-0,73	-0,88	-1,05	-1,22	-1,67
15/10/2021 08:20:00	-1,73	-0,27	0,76	1,52	1,87	1,85	1,63	1,28	0,92	0,61	0,33	0,11	-0,10	-0,23	-0,36	-0,49	-0,62	-0,77	-0,92	-1,09	-1,26	-1,75
15/10/2021 08:25:00	-1,77	-0,35	0,77	1,61	1,96	1,90	1,57	1,12	0,72	0,42	0,16	-0,01	-0,19	-0,27	-0,36	-0,46	-0,56	-0,68	-0,79	-0,94	-1,10	-1,77
15/10/2021 08:30:00	-1,68	-0,18	0,69	1,24	1,47	1,53	1,41	1,20	0,96	0,68	0,42	0,23	0,03	-0,08	-0,20	-0,32	-0,44	-0,59	-0,74	-0,92	-1,10	-1,76
15/10/2021 08:35:00	-1,88	-0,47	0,57	1,34	1,65	1,55	1,23	0,85	0,54	0,24	-0,01	-0,16	-0,32	-0,37	-0,43	-0,50	-0,58	-0,68	-0,77	-0,91	-1,06	-1,81
15/10/2021 08:40:00	-1,78	-0,18	0,89	1,75	2,18	2,11	1,92	1,60	1,26	0,85	0,45	0,13	-0,19	-0,39	-0,60	-0,76	-0,92	-1,10	-1,27	-1,46	-1,64	-1,74
15/10/2021 08:45:00	-1,64	-0,13	0,97	1,77	2,12	2,18	1,90	1,52	1,18	0,78	0,41	0,11	-0,18	-0,36	-0,54	-0,69	-0,84	-1,01	-1,18	-1,36	-1,53	-1,45
15/10/2021 08:50:00	-1,65	-0,21	0,77	1,51	1,89	2,01	1,81	1,52	1,26	0,96	0,66	0,42	0,19	0,03	-0,13	-0,27	-0,42	-0,59	-0,76	-0,94	-1,12	-1,49
15/10/2021 08:55:00	-1,52	-0,01	0,91	1,50	1,73	1,75	1,65	1,43	1,13	0,85	0,59	0,41	0,22	0,10	-0,01	-0,13	-0,25	-0,41	-0,56	-0,74	-0,92	-1,29
15/10/2021 09:00:00	-1,30	0,05	0,88	1,52	1,86	1,93	1,75	1,48	1,24	0,94	0,64	0,39	0,14	-0,03	-0,19	-0,34	-0,50	-0,67	-0,85	-1,03	-1,22	-1,06
15/10/2021 09:05:00	-1,18	0,01	0,99	1,68	1,95	2,02	1,82	1,45	1,00	0,72	0,48	0,28	0,09	-0,03	-0,15	-0,29	-0,43	-0,59	-0,75	-0,92	-1,10	-0,74
15/10/2021 09:10:00	-0,88	0,17	0,98	1,60	1,86	1,86	1,61	1,27	0,97	0,74	0,53	0,39	0,25	0,18	0,11	0,01	-0,09	-0,21	-0,34	-0,50	-0,65	-0,36
15/10/2021 09:15:00	-0,79	0,23	0,93	1,52	1,78	1,63	1,33	0,94	0,59	0,39	0,24	0,14	0,03	-0,02	-0,06	-0,16	-0,25	-0,37	-0,49	-0,64	-0,79	-0,27
15/10/2021 09:20:00	-0,74	0,07	0,81	1,49	1,87	1,90	1,76	1,51	1,27	0,93	0,58	0,30	0,02	-0,16	-0,33	-0,47	-0,62	-0,78	-0,94	-1,12	-1,29	-0,01
15/10/2021 09:25:00	-0,70	0,04	0,81	1,46	1,81	1,96	1,75	1,40	1,04	0,78	0,52	0,29	0,06	-0,10	-0,27	-0,43	-0,60	-0,78	-0,96	-1,14	-1,32	0,23
15/10/2021 09:30:00	-0,80	0,12	0,76	1,28	1,53	1,49	1,30	1,09	0,95	0,71	0,48	0,34	0,20	0,14	0,08	0,01	-0,06	-0,17	-0,28	-0,43	-0,58	0,26
15/10/2021 09:35:00	-0,71	-0,05	0,64	1,27	1,63	1,74	1,62	1,39	1,14	0,90	0,66	0,46	0,26	0,13	0,00	-0,14	-0,28	-0,43	-0,59	-0,76	-0,93	-0,07
15/10/2021 09:40:00	-0,62	0,20	0,85	1,44	1,78	1,77	1,65	1,43	1,19	0,86	0,53	0,25	-0,02	-0,20	-0,37	-0,52	-0,66	-0,83	-1,00	-1,18	-1,35	0,32
15/10/2021 09:45:00	-0,64	0,23	0,83	1,31	1,53	1,50	1,31	1,07	0,85	0,64	0,43	0,30	0,16	0,09	0,02	-0,08	-0,17	-0,30	-0,42	-0,58	-0,74	0,36
15/10/2021 09:50:00	-0,78	0,04	0,73	1,31	1,58	1,59	1,34	1,03	0,79	0,59	0,41	0,30	0,18	0,13	0,09	0,00	-0,09	-0,20	-0,31	-0,46	-0,61	-0,10
15/10/2021 09:55:00	-0,80	0,09	0,63	1,02	1,23	1,33	1,25	1,14	1,04	0,82	0,59	0,43	0,26	0,16	0,07	-0,04	-0,14	-0,28	-0,42	-0,59	-0,76	-0,39
15/10/2021 10:00:00	-0,83	0,10	0,88	1,47	1,73	1,73	1,46	1,13	0,88	0,62	0,39	0,24	0,09	0,02	-0,05	-0,14	-0,22	-0,34	-0,45	-0,60	-0,75	-0,07
15/10/2021 10:05:00	-0,62	0,04	0,72	1,35	1,69	1,66	1,46	1,17	0,89	0,65	0,44	0,27	0,10	0,02	-0,07	-0,18	-0,29	-0,41	-0,54	-0,70	-0,85	0,06
15/10/2021 10:10:00	-0,37	0,06	0,60	1,17	1,50	1,60	1,51	1,34	1,16	0,89	0,61	0,38	0,16	0,02	-0,11	-0,24	-0,36	-0,51	-0,66	-0,83	-0,99	0,64
15/10/2021 10:15:00	-0,22	0,42	0,89	1,31	1,54	1,58	1,38	1,13	0,90	0,71	0,52	0,37	0,21	0,11	0,01	-0,11	-0,23	-0,38	-0,53	-0,70	-0,87	1,08
15/10/2021 10:20:00	-0,14	0,43	1,06	1,67	1,95	1,75	1,49	1,15	0,86	0,61	0,39	0,26	0,13	0,09	0,05	-0,02	-0,10	-0,19	-0,28	-0,42	-0,55	0,53
15/10/2021 10:25:00	0,07	0,49	1,06	1,63	1,90	1,76	1,53	1,19	0,84	0,61	0,44	0,31	0,18	0,13	0,08	-0,02	-0,11	-0,22	-0,34	-0,48	-0,63	0,89
15/10/2021 10:30:00	0,21	0,58	1,06	1,52	1,73	1,69	1,49	1,23	1,03	0,79	0,56	0,41	0,26	0,20	0,14	0,06	-0,01	-0,12	-0,22	-0,37	-0,51	0,84
15/10/2021 10:35:00	0,31	0,86	1,24	1,53	1,63	1,49	1,26	0,98	0,70	0,52	0,38	0,29	0,20	0,17	0,14	0,06	-0,02	-0,13	-0,25	-0,40	-0,55	1,43
15/10/2021 10:40:00	0,51	0,93	1,22	1,41	1,45	1,39	1,28	1,13	0,96	0,79	0,64	0,56	0,47	0,45	0,42	0,36	0,30	0,20	0,09	-0,06	-0,21	1,51
15/10/2021 10:45:00	0,56	1,05	1,44	1,64	1,57	1,41	1,10	0,75	0,42	0,26	0,18	0,17	0,16	0,21	0,25	0,22	0,19	0,11	0,04	-0,09	-0,22	1,35
15/10/2021 10:50:00	0,88	1,22	1,51	1,77	1,82	1,68	1,39	1,04	0,73	0,49	0,29	0,13	-0,02	-0,09	-0,17	-0,26	-0,36	-0,49	-0,62	-0,77	-0,93	1,73
15/10/2021 10:55:00	0,90	1,42	1,68	1,75	1,60	1,34	1,00	0,69	0,47	0,26	0,11	0,06	0,02	0,05	0,09	0,08	0,07	0,01	-0,05	-0,18	-0,31	1,54
15/10/2021 11:00:00	1,05	1,57	1,68	1,67	1,56	1,26	1,00	0,78	0,61	0,42	0,25	0,18	0,10	0,10	0,10	0,07	0,04	-0,05	-0,14	-0,28	-0,42	1,41
15/10/2021 11:05:00	1,22	1,58	1,78	1,94	1,92	1,68	1,35	1,03	0,78	0,55	0,34	0,22	0,10	0,07	0,03	-0,03	-0,09	-0,19	-0,29	-0,44	-0,58	2,28
15/10/2021 11:10:00	1,36	1,64	2,00	2,23	2,16	1,90	1,49	1,03	0,66	0,36	0,11	-0,04	-0,19	-0,22	-0,26	-0,32	-0,38	-0,46	-0,55	-0,69	-0,82	2,38
15/10/2021 11:15:00	1,74	2,07	2,13	2,12	2,04	1,89	1,74	1,58	1,41	1,18	0,94	0,78	0,62	0,53	0,44	0,35	0,25	0,11	-0,03	-0,20	-0,37	2,20
15/10/2021 11:20:00	1,90	2,13	2,11	2,03	1,91	1,75	1,56	1,40	1,26	1,09	0,92	0,83	0,73	0,69	0,66	0,59	0,52	0,41	0,29	0,13	-0,03	2,74
15/10/2021 11:25:00	2,18	2,41	2,44	2,36	2,14	1,84	1,49	1,15	0,86	0,70	0,62	0,60	0,59	0,63	0,67	0,64	0,61	0,53	0,45	0,31	0,18	2,68
15/10/2021 11:30:00	2,34	2,58	2,58	2,45	2,20	1,89	1,68	1,49	1,27	1,07	0,89	0,83	0,76	0,77	0,78	0,75	0,73	0,64	0,55	0,41	0,27	3,14
15/10/2021 11:35:00	2,72	2,73	2,68	2,63	2,46	2,03	1,67	1,32	0,98	0,76	0,60	0,53	0,45	0,46	0,46	0,41	0,37	0,28	0,20	0,06	-0,08	3,50
15/10/2021 11:40:00	2,88	2,77	2,62	2,39	2,12	1,88	1,65	1,44	1,24	1,07	0,91	0,84	0,78	0,78	0,78	0,74	0,70	0,61	0,51	0,37	0,22	3,88
15/10/2021 11:45:00	3,11	3,12	2,93	2,71	2,44	1,99	1,66	1,38	1,09	0,88	0,72	0,65	0,58	0,58	0,58	0,54	0,50	0,41	0,32	0,17	0,03	3,28
15/10/2021 11:50:00	3,41	3,17	2,97	2,75	2,46	2,23	1,98	1,72	1,43	1,21	1,04	0,94	0,83	0,79	0,75	0,67	0,60	0,47	0,34	0,18	0,02	3,45
15/10/2021 11:55:00	3,72	3,44	3,12	2,80	2,50	2,16	1,88	1,63	1,41	1,21	1,04	0,95	0,85	0,83	0,81	0,75	0,69	0,58	0,47	0,32	0,17	3,89
15/10/2021 12:00:00	3,94	3,69	3,27	2,85	2,56	2,28	2,10	1,96	1,78	1,57	1,34	1,17	1,00	0,90	0,80	0,70	0,59	0,43	0,27	0,09	-0,09	4,16
15/10/2021 12:05:00	4,05	3,81	3,43	2,96	2,45	2,02	1,64	1,32	1,07	0,92	0,84	0,86	0,89	0,97	1,05	1,05	1,06	1,00	0,94	0,81	0,68	4,53
15/10/2021 12:10:00	4,36	4,09	3,69	3,19	2,62	2,00	1,51	1,15	0,87	0,70	0,64	0,71	0,78	0,92	1,05	1,11	1,16	1,14	1,12	1,02	0,91	4,85
15/10/2021 12:15:00	4,38	4,02	3,66	3,32	3,04	2,66	2,36	2,09	1,79	1,53	1,28	1,10	0,92	0,82	0,73	0,62	0,52	0,37	0,22	0,05	-0,12	4,90
15/10/2021 12:20:00	4,59	4,26	3,90	3,43	2,89	2,48	2,02	1,61	1,33	1,13	0,98	0,94	0,91	0,95	0,99	0,98	0,97	0,90	0,83	0,70	0,56	4,80
15/10/2021 12:25:00	4,84	4,51	3,98	3,42	2,92	2,51	2,13	1,82	1,61	1,41	1,24	1,16	1,08	1,07	1,06	1,02	0,98	0,87	0,76	0,61	0,45	4,94
15/10/2021 12:30:00	4,96	4,65	4,04	3,34	2,76	2,31	2,07	1,93	1,72	1,54	1,38	1,33	1,27	1,26	1,26	1,22	1,18	1,06	0,94	0,78	0,62	5,04
15/10/2021 12:35:00	5,04	4,68	4,26	3,75	3,20	2,58	2,01	1,54	1,27	1,06	0,90	0,88	0,86	0,94	1,01	1,04	1,06	1,02	0,98	0,86	0,75	5,43
15/10/2021 12:40:00	5,25	4,95	4,39	3,74	3,13	2,54	2,04	1,64	1,41	1,20	1,01	0,96	0,90	0,94	0,97	0,97	0,97	0,89	0,82	0,69	0,55	5,56
15/10/2021 12:45:00	5,33	4,88	4,41	3,88	3,37	2,78	2,33	1,99	1,75	1,48	1,21	1,08	0,95	0,94	0,93	0,91	0,89	0,81	0,73	0,59	0,46	5,41
15/10/2021 12:50:00	5,45	5,13	4,57	3,96	3,39	2,82	2,30	1,88	1,60	1,38	1,22	1,16	1,10	1,12	1,14	1,12	1,10	1,01	0,92	0,78	0,64	5,44
15/10/2021 12:55:00	5,57	5,22	4,78	4,17	3,48	3,00	2,45	1,94	1,61	1,37	1,19	1,14	1,09	1,12	1,15	1,14	1,13	1,05	0,98	0,84	0,71	5,59
15/10/2021 13:00:00	5,73	5,34	4,86	4,26	3,59	2,95	2,33	1,80	1,39	1,16	1,06	1,07	1,08	1,17	1,26	1,28	1,29	1,24	1,19	1,07	0,95	5,92
15/10/2021 13:05:00	5,88	5,24	4,74	4,26	3,81	3,38	2,98	2,58	2,17	1,81	1,46	1,20	0,93	0,77	0,61	0,48	0,35	0,17	-0,01	-0,19	-0,38	6,39
15/10/2021 13:10:00	5,86	5,53	4,95	4,29	3,71	3,19	2,76	2,41	2,04	1,75	1,51	1,35	1,20	1,12	1,04	0,96	0,87	0,72	0,57	0,40	0,22	5,92
15/10/2021 13:15:00	5,96	5,59	5,11	4,50	3,83	3,25	2,71	2,25	1,82	1,49	1,23	1,09	0,95	0,92	0,88	0,83	0,78	0,67	0,56	0,41	0,25	6,65
15/10/2021 13:20:00	6,03	5,63	5,07	4,44	3,87	3,39	2,95	2,56	2,15	1,86	1,64	1,50	1,35	1,27	1,20	1,10	1,00	0,84	0,69	0,51	0,33	5,96
15/10/2021 13:25:00	6,20	5,65	5,05	4,43	3,85	3,32	2,86	2,47	2,13	1,86	1,64	1,52	1,39	1,36	1,32	1,26	1,20	1,08	0,95	0,80	0,64	6,66
15/10/2021 13:30:00	6,24	5,72	5,18	4,60	4,04	3,51	3,01	2,57	2,15	1,84	1,60	1,44	1,28	1,21	1,14	1,06	0,97	0,84	0,70	0,53	0,37	6,70
15/10/2021 13:35:00	6,31	5,90	5,33	4,65	3,97	3,43	2,95	2,56	2,23	1,95	1,70	1,58	1,45	1,42	1,39	1,35	1,30	1,19	1,07	0,92	0,76	6,88
15/10/2021 13:40:00	6,32	5,85	5,32	4,69	4,06	3,61	3,14	2,70	2,34	2,07	1,86	1,74	1,62	1,58	1,54	1,47	1,40	1,27	1,14	0,97	0,80	6,45
15/10/2021 13:45:00	6,52	6,03	5,56	4,98	4,31	3,64	3,01	2,47	2,08	1,76	1,49	1,38	1,26	1,27	1,28	1,27	1,26	1,18	1,11	0,98	0,85	6,75
15/10/2021 13:50:00	6,54	6,32	5,73	4,98	4,22	3,55	2,96	2,51	2,21	1,95	1,72	1,65	1,57	1,60	1,62	1,61	1,61	1,53	1,45	1,31	1,16	6,80
15/10/2021 13:55:00	6,67	6,07	5,55	5,01	4,46	3,90	3,41	3,00	2,58	2,26	2,02	1,87	1,73	1,68	1,63	1,56	1,49	1,37	1,24	1,08	0,92	6,70
15/10/2021 14:00:00	6,76	6,29	5,72	5,08	4,48	4,03	3,61	3,23	2,84	2,50	2,19	1,96	1,73	1,60	1,47	1,35	1,24	1,06	0,88	0,69	0,50	6,71
15/10/2021 14:05:00	6,87	6,46	5,91	5,26	4,60	4,13	3,64	3,18	2,73	2,39	2,12	1,92	1,73	1,63	1,52	1,41	1,29	1,12	0,95	0,77	0,58	6,78
15/10/2021 14:10:00	6,92	6,45	6,00	5,46	4,81	4,18	3,58	3,06	2,65	2,29	1,96	1,77	1,59	1,54	1,48	1,44	1,39	1,29	1,19	1,04	0,89	6,86
15/10/2021 14:15:00	6,94	6,46	5,97	5,42	4,84	4,34	3,83	3,37	2,94	2,60	2,32	2,13	1,93	1,84	1,75	1,65	1,55	1,40	1,25	1,07	0,89	6,85
15/10/2021 14:20:00	6,96	6,67	6,15	5,57	4,97	4,28	3,57	2,94	2,56	2,25	1,98	1,83	1,69	1,66	1,62	1,57	1,53	1,42	1,32	1,17	1,02	7,43
15/10/2021 14:25:00	7,04	6,65	6,26	5,76	5,10	4,42	3,75	3,16	2,70	2,34	2,04	1,89	1,74	1,73	1,71	1,67	1,64	1,55	1,46	1,32	1,18	7,02
15/10/2021 14:30:00	7,09	6,64	6,20	5,69	5,13	4,57	3,98	3,44	3,09	2,74	2,37	2,13	1,90	1,81	1,71	1,64	1,56	1,44	1,31	1,15	0,99	7,08
15/10/2021 14:35:00	7,09	6,98	6,45	5,75	5,04	4,35	3,78	3,35	2,96	2,62	2,31	2,13	1,96	1,89	1,83	1,76	1,70	1,57	1,44	1,27	1,10	7,38
15/10/2021 14:40:00	7,39	6,97	6,33	5,60	4,94	4,39	3,92	3,52	3,11	2,79	2,54	2,37	2,20	2,11	2,03	1,93	1,83	1,66	1,50	1,31	1,13	7,25
15/10/2021 14:45:00	7,45	6,97	6,50	5,97	5,40	4,90	4,44	4,01	3,57	3,13	2,67	2,31	1,96	1,75	1,55	1,40	1,25	1,05	0,85	0,65	0,45	7,92
15/10/2021 14:50:00	7,56	7,04	6,48	5,91	5,37	4,87	4,36	3,87	3,49	3,14	2,79	2,53	2,27	2,12	1,97	1,84	1,72	1,54	1,36	1,17	0,99	7,60
15/10/2021 14:55:00	7,51	7,11	6,73	6,23	5,62	5,14	4,57	3,99	3,51	3,08	2,66	2,35	2,05	1,88	1,71	1,58	1,45	1,27	1,10	0,91	0,72	7,75
15/10/2021 15:00:00	7,67	7,36	6,98	6,49	5,82	5,06	4,27	3,55	3,04	2,65	2,36	2,21	2,06	2,05	2,03	2,00	1,96	1,87	1,78	1,64	1,50	8,33
15/10/2021 15:05:00	7,73	7,44	6,98	6,47	5,93	5,24	4,51	3,82	3,25	2,83	2,54	2,33	2,11	2,00	1,89	1,77	1,65	1,48	1,31	1,13	0,95	7,93
15/10/2021 15:10:00	7,84	7,49	7,09	6,60	5,97	5,41	4,70	3,97	3,46	3,06	2,74	2,53	2,31	2,21	2,11	2,00	1,90	1,74	1,59	1,42	1,25	8,24
15/10/2021 15:15:00	7,91	7,29	6,85	6,44	5,98	5,54	4,98	4,37	3,86	3,43	3,03	2,70	2,37	2,16	1,96	1,78	1,60	1,39	1,18	0,98	0,78	7,91
15/10/2021 15:20:00	7,97	7,48	7,00	6,46	5,89	5,42	4,90	4,36	3,91	3,49	3,07	2,74	2,42	2,22	2,02	1,86	1,70	1,50	1,30	1,09	0,89	7,87
15/10/2021 15:25:00	7,95	7,67	7,24	6,70	6,05	5,48	4,87	4,28	3,74	3,31	2,94	2,68	2,41	2,26	2,11	1,98	1,85	1,67	1,49	1,29	1,10	7,89
15/10/2021 15:30:00	8,04	7,74	7,25	6,69	6,17	5,61	5,06	4,55	4,00	3,57	3,21	2,91	2,61	2,41	2,21	2,03	1,85	1,63	1,40	1,19	0,97	8,71
15/10/2021 15:35:00	8,19	7,77	7,38	6,92	6,31	5,70	5,06	4,43	3,83	3,32	2,87	2,53	2,19	2,00	1,80	1,65	1,50	1,31	1,11	0,92	0,72	8,64
15/10/2021 15:40:00	8,13	7,76	7,33	6,90	6,46	5,83	5,15	4,48	3,99	3,54	3,09	2,74	2,38	2,17	1,96	1,80	1,64	1,44	1,25	1,05	0,85	8,64
15/10/2021 15:45:00	8,20	7,90	7,58	7,21	6,70	6,09	5,37	4,62	3,94	3,39	2,94	2,57	2,20	1,97	1,73	1,54	1,35	1,12	0,90	0,69	0,48	8,30
15/10/2021 15:50:00	8,29	8,01	7,55	6,96	6,31	5,67	5,00	4,37	3,97	3,56	3,10	2,79	2,48	2,32	2,17	2,06	1,95	1,79	1,63	1,44	1,26	8,64
15/10/2021 15:55:00	8,45	7,96	7,45	6,91	6,33	5,75	5,16	4,61	4,16	3,73	3,28	2,95	2,62	2,43	2,24	2,10	1,95	1,76	1,57	1,37	1,18	8,25
15/10/2021 16:00:00	8,46	8,14	7,68	7,12	6,50	5,87	5,18	4,49	3,94	3,47	3,04	2,71	2,38	2,19	2,00	1,85	1,70	1,50	1,30	1,10	0,91	8,50
15/10/2021 16:05:00	8,51	8,24	7,81	7,28	6,67	5,92	5,21	4,57	4,08	3,60	3,09	2,74	2,39	2,20	2,02	1,90	1,78	1,61	1,43	1,25	1,06	8,85
15/10/2021 16:10:00	8,42	8,15	7,66	7,03	6,35	5,63	4,97	4,40	3,89	3,47	3,13	2,91	2,70	2,59	2,49	2,40	2,30	2,15	1,99	1,81	1,63	8,19
15/10/2021 16:15:00	8,42	8,15	7,69	7,14	6,52	5,85	5,16	4,51	3,99	3,55	3,16	2,89	2,62	2,47	2,33	2,20	2,08	1,91	1,74	1,55	1,36	8,20
15/10/2021 16:20:00	8,41	7,91	7,55	7,21	6,76	6,14	5,47	4,81	4,30	3,82	3,30	2,91	2,52	2,30	2,08	1,93	1,77	1,58	1,40	1,20	1,01	8,28
15/10/2021 16:25:00	8,53	8,15	7,76	7,27	6,61	5,93	5,27	4,68	4,09	3,58	3,11	2,77	2,43	2,25	2,07	1,94	1,81	1,63	1,46	1,27	1,08	8,28
15/10/2021 16:30:00	8,53	8,25	7,87	7,39	6,76	6,09	5,31	4,52	3,93	3,44	3,02	2,71	2,40	2,23	2,07	1,93	1,79	1,61	1,44	1,25	1,06	8,59
15/10/2021 16:35:00	8,50	8,25	7,82	7,29	6,67	5,91	5,16	4,47	3,91	3,44	3,02	2,74	2,45	2,30	2,16	2,04	1,92	1,76	1,60	1,42	1,24	8,24
15/10/2021 16:40:00	8,58	8,24	7,71	7,07	6,41	5,77	5,15	4,57	4,07	3,63	3,23	2,93	2,64	2,47	2,30	2,16	2,02	1,84	1,65	1,45	1,25	8,17
15/10/2021 16:45:00	8,28	7,92	7,48	7,01	6,48	5,72	4,94	4,20	3,61	3,16	2,79	2,53	2,26	2,13	2,00	1,87	1,75	1,59	1,43	1,25	1,08	8,18
15/10/2021 16:50:00	8,34	7,91	7,45	6,92	6,33	5,69	5,00	4,33	3,71	3,23	2,85	2,56	2,26	2,09	1,92	1,77	1,61	1,42	1,23	1,04	0,84	8,18
15/10/2021 16:55:00	8,31	7,93	7,50	6,96	6,27	5,48	4,67	3,91	3,32	2,85	2,45	2,20	1,94	1,84	1,73	1,65	1,56	1,42	1,29	1,13	0,96	8,28
15/10/2021 17:00:00	8,24	7,90	7,44	6,84	6,11	5,43	4,73	4,08	3,57	3,14	2,74	2,48	2,22	2,11	1,99	1,90	1,80	1,66	1,51	1,33	1,16	8,28
15/10/2021 17:05:00	8,30	7,90	7,43	6,90	6,27	5,44	4,67	4,00	3,44	2,99	2,61	2,37	2,13	2,04	1,95	1,86	1,78	1,65	1,52	1,36	1,20	8,40
15/10/2021 17:10:00	8,27	7,90	7,36	6,72	6,10	5,47	4,89	4,38	3,84	3,40	3,04	2,76	2,48	2,31	2,14	1,99	1,84	1,65	1,45	1,25	1,05	8,26
15/10/2021 17:15:00	8,37	7,99	7,55	7,05	6,44	5,72	4,99	4,29	3,69	3,21	2,82	2,54	2,27	2,12	1,98	1,85	1,72	1,55	1,38	1,20	1,02	8,37
15/10/2021 17:20:00	8,29	7,90	7,45	6,86	6,14	5,48	4,81	4,21	3,75	3,32	2,88	2,59	2,30	2,18	2,05	1,97	1,88	1,74	1,60	1,42	1,25	8,30
15/10/2021 17:25:00	8,36	7,98	7,48	6,87	6,18	5,51	4,78	4,09	3,66	3,27	2,89	2,66	2,43	2,33	2,24	2,16	2,08	1,95	1,82	1,65	1,49	8,38
15/10/2021 17:30:00	8,45	8,06	7,60	7,04	6,33	5,61	4,81	4,04	3,43	3,01	2,73	2,56	2,40	2,34	2,28	2,20	2,12	1,99	1,86	1,69	1,53	8,34
15/10/2021 17:35:00	8,37	7,98	7,55	7,03	6,39	5,65	4,92	4,24	3,64	3,19	2,85	2,63	2,41	2,31	2,22	2,12	2,02	1,88	1,73	1,56	1,39	8,09
15/10/2021 17:40:00	8,34	7,97	7,46	6,92	6,35	5,63	4,95	4,35	3,90	3,49	3,10	2,84	2,57	2,45	2,32	2,22	2,11	1,96	1,81	1,63	1,46	8,20
15/10/2021 17:45:00	8,28	7,91	7,46	6,90	6,25	5,68	4,98	4,28	3,81	3,39	3,00	2,72	2,44	2,29	2,15	2,03	1,91	1,74	1,57	1,39	1,21	8,32
15/10/2021 17:50:00	8,32	7,97	7,52	6,97	6,30	5,60	4,83	4,09	3,55	3,12	2,76	2,52	2,29	2,19	2,09	1,99	1,89	1,75	1,61	1,44	1,27	8,21
15/10/2021 17:55:00	8,23	7,78	7,29	6,76	6,19	5,62	4,96	4,29	3,78	3,35	2,98	2,69	2,40	2,24	2,07	1,92	1,78	1,59	1,40	1,20	1,01	8,24
15/10/2021 18:00:00	8,26	7,87	7,38	6,83	6,23	5,56	4,83	4,13	3,62	3,19	2,81	2,54	2,26	2,12	1,98	1,86	1,74	1,57	1,41	1,23	1,04	8,20
15/10/2021 18:05:00	8,32	7,82	7,34	6,83	6,24	5,63	4,92	4,20	3,67	3,22	2,84	2,55	2,26	2,10	1,94	1,81	1,67	1,49	1,31	1,13	0,94	8,04
15/10/2021 18:10:00	7,97	7,73	7,23	6,57	5,86	5,08	4,46	3,97	3,43	3,01	2,69	2,49	2,30	2,22	2,14	2,05	1,97	1,83	1,69	1,52	1,34	8,15
15/10/2021 18:15:00	8,13	7,87	7,32	6,65	5,98	5,37	4,71	4,08	3,60	3,21	2,88	2,64	2,40	2,27	2,13	2,01	1,88	1,70	1,52	1,33	1,14	8,12
15/10/2021 18:20:00	7,98	7,71	7,23	6,55	5,78	5,18	4,61	4,11	3,69	3,31	2,93	2,71	2,48	2,38	2,28	2,20	2,12	1,98	1,83	1,66	1,48	8,02
15/10/2021 18:25:00	8,01	7,59	7,19	6,68	6,06	5,57	4,97	4,35	3,85	3,44	3,08	2,83	2,57	2,43	2,29	2,16	2,03	1,85	1,68	1,49	1,31	7,95
15/10/2021 18:30:00	8,08	7,60	7,14	6,69	6,21	5,59	4,92	4,25	3,75	3,33	2,97	2,69	2,42	2,27	2,12	1,98	1,85	1,67	1,50	1,31	1,13	8,05
15/10/2021 18:35:00	7,93	7,60	7,17	6,64	6,03	5,41	4,83	4,31	3,79	3,39	3,09	2,89	2,69	2,59	2,50	2,39	2,29	2,13	1,97	1,79	1,61	7,64
15/10/2021 18:40:00	7,58	7,30	6,97	6,52	5,89	5,20	4,43	3,69	3,10	2,68	2,37	2,18	1,99	1,92	1,86	1,77	1,69	1,56	1,43	1,27	1,11	7,62
15/10/2021 18:45:00	7,54	7,14	6,85	6,46	5,87	5,20	4,51	3,86	3,29	2,85	2,51	2,30	2,10	2,03	1,95	1,88	1,80	1,68	1,56	1,40	1,25	7,53
15/10/2021 18:50:00	7,54	7,27	6,80	6,23	5,62	5,02	4,45	3,93	3,48	3,14	2,90	2,76	2,62	2,56	2,50	2,41	2,33	2,18	2,04	1,86	1,69	7,68
15/10/2021 18:55:00	7,75	7,42	6,98	6,49	6,00	5,43	4,83	4,26	3,83	3,48	3,18	2,97	2,76	2,65	2,54	2,43	2,32	2,15	1,99	1,81	1,63	7,76
15/10/2021 19:00:00	7,69	7,43	7,00	6,47	5,85	5,28	4,69	4,15	3,70	3,34	3,05	2,86	2,68	2,59	2,51	2,42	2,32	2,17	2,03	1,85	1,67	7,70
15/10/2021 19:05:00	7,27	7,38	7,11	6,71	6,18	5,38	4,57	3,84	3,38	3,02	2,72	2,56	2,40	2,37	2,34	2,28	2,23	2,13	2,03	1,88	1,73	7,28
15/10/2021 19:10:00	7,51	7,43	7,14	6,71	6,11	5,34	4,65	4,06	3,61	3,23	2,88	2,71	2,53	2,49	2,45	2,41	2,37	2,27	2,17	2,02	1,87	7,58
15/10/2021 19:15:00	7,44	7,44	7,09	6,56	5,93	5,24	4,57	4,00	3,50	3,18	3,00	2,92	2,85	2,85	2,85	2,80	2,74	2,63	2,52	2,36	2,20	7,65
15/10/2021 19:20:00	7,41	7,32	7,00	6,56	5,94	5,16	4,40	3,72	3,24	2,90	2,66	2,57	2,48	2,50	2,52	2,50	2,48	2,40	2,33	2,19	2,05	7,28
15/10/2021 19:25:00	7,26	7,16	6,76	6,18	5,50	4,97	4,45	4,00	3,61	3,32	3,11	3,01	2,92	2,90	2,88	2,82	2,77	2,65	2,53	2,36	2,19	7,16
15/10/2021 19:30:00	7,29	7,13	6,72	6,16	5,57	5,11	4,68	4,31	3,90	3,59	3,36	3,22	3,08	3,01	2,93	2,83	2,73	2,57	2,40	2,21	2,02	7,32
15/10/2021 19:35:00	7,27	7,04	6,74	6,34	5,84	5,35	4,80	4,26	3,86	3,53	3,26	3,10	2,93	2,85	2,78	2,69	2,60	2,46	2,31	2,14	1,97	7,27
15/10/2021 19:40:00	7,25	6,89	6,68	6,40	5,99	5,53	5,05	4,56	4,18	3,78	3,34	3,03	2,72	2,56	2,39	2,28	2,16	2,00	1,83	1,65	1,47	7,32
15/10/2021 19:45:00	7,02	7,08	6,78	6,36	5,87	5,22	4,58	4,03	3,64	3,34	3,10	2,98	2,86	2,84	2,81	2,75	2,69	2,57	2,46	2,30	2,14	7,07
15/10/2021 19:50:00	6,91	7,23	6,97	6,44	5,80	5,12	4,52	4,02	3,61	3,28	3,01	2,88	2,75	2,72	2,69	2,64	2,59	2,47	2,35	2,18	2,02	6,83
15/10/2021 19:55:00	6,85	7,03	6,77	6,32	5,78	5,31	4,80	4,33	3,90	3,60	3,40	3,28	3,16	3,10	3,04	2,94	2,84	2,68	2,52	2,33	2,15	6,92
15/10/2021 20:00:00	6,81	7,05	6,95	6,61	5,98	5,31	4,59	3,93	3,42	3,06	2,81	2,72	2,62	2,63	2,64	2,61	2,58	2,49	2,40	2,26	2,11	6,50
15/10/2021 20:05:00	6,65	6,85	6,63	6,21	5,72	5,23	4,68	4,17	3,85	3,57	3,31	3,17	3,02	2,96	2,90	2,82	2,74	2,61	2,47	2,30	2,12	6,50
15/10/2021 20:10:00	6,57	6,61	6,46	6,17	5,71	5,24	4,67	4,10	3,63	3,29	3,02	2,84	2,67	2,59	2,51	2,41	2,30	2,15	2,01	1,83	1,65	6,45
15/10/2021 20:15:00	6,54	6,86	6,74	6,38	5,82	5,28	4,62	3,99	3,57	3,28	3,10	3,03	2,95	2,96	2,97	2,92	2,88	2,77	2,67	2,51	2,36	6,57
15/10/2021 20:20:00	6,39	6,92	6,85	6,51	5,97	5,25	4,56	3,96	3,54	3,22	2,96	2,86	2,75	2,76	2,76	2,73	2,70	2,62	2,53	2,38	2,23	6,46
15/10/2021 20:25:00	6,31	6,89	6,86	6,50	5,86	5,11	4,47	3,96	3,43	3,12	2,98	2,99	2,99	3,08	3,16	3,16	3,16	3,09	3,02	2,88	2,74	6,48
15/10/2021 20:30:00	6,37	6,63	6,59	6,31	5,77	5,25	4,64	4,09	3,74	3,45	3,21	3,12	3,04	3,06	3,07	3,05	3,03	2,95	2,87	2,73	2,58	6,37
15/10/2021 20:35:00	6,39	6,71	6,60	6,36	6,04	5,53	4,96	4,40	3,97	3,66	3,45	3,30	3,15	3,07	2,99	2,88	2,76	2,60	2,44	2,26	2,08	6,33
15/10/2021 20:40:00	6,39	6,60	6,45	6,14	5,69	5,18	4,64	4,15	3,81	3,55	3,34	3,25	3,16	3,14	3,13	3,08	3,03	2,92	2,81	2,65	2,49	6,35
15/10/2021 20:45:00	6,37	6,62	6,47	6,16	5,75	5,25	4,78	4,36	3,98	3,68	3,43	3,28	3,13	3,06	2,99	2,90	2,81	2,67	2,52	2,34	2,16	6,52
15/10/2021 20:50:00	6,32	6,54	6,41	6,15	5,77	5,22	4,75	4,36	4,01	3,71	3,45	3,32	3,18	3,13	3,09	3,02	2,96	2,84	2,71	2,54	2,38	6,35
15/10/2021 20:55:00	6,44	6,70	6,48	6,07	5,52	5,06	4,57	4,15	3,87	3,62	3,39	3,28	3,18	3,16	3,14	3,09	3,04	2,93	2,81	2,64	2,47	6,28
15/10/2021 21:00:00	6,34	6,79	6,63	6,22	5,68	5,06	4,56	4,17	3,73	3,45	3,32	3,28	3,25	3,27	3,29	3,24	3,19	3,07	2,96	2,79	2,63	6,37
15/10/2021 21:05:00	6,29	6,55	6,61	6,47	6,06	5,65	5,06	4,44	3,95	3,60	3,33	3,17	3,00	2,93	2,85	2,75	2,64	2,50	2,35	2,18	2,00	6,15
15/10/2021 21:10:00	6,11	6,47	6,48	6,19	5,61	5,08	4,55	4,10	3,71	3,39	3,13	3,03	2,94	2,95	2,96	2,94	2,92	2,84	2,76	2,61	2,46	6,04
15/10/2021 21:15:00	5,93	6,38	6,30	6,05	5,69	5,16	4,66	4,23	3,88	3,59	3,34	3,20	3,07	3,01	2,95	2,87	2,79	2,65	2,51	2,34	2,16	6,00
15/10/2021 21:20:00	5,89	6,34	6,23	5,91	5,48	5,01	4,56	4,17	3,86	3,61	3,42	3,33	3,25	3,22	3,20	3,14	3,08	2,95	2,82	2,65	2,48	5,60
15/10/2021 21:25:00	5,57	5,92	6,00	5,86	5,49	5,12	4,69	4,27	3,90	3,58	3,29	3,12	2,95	2,88	2,80	2,72	2,63	2,49	2,35	2,18	2,00	5,16
15/10/2021 21:30:00	5,19	5,67	5,84	5,86	5,60	5,13	4,57	4,01	3,56	3,24	2,99	2,84	2,70	2,64	2,59	2,51	2,42	2,30	2,17	2,01	1,85	4,94
15/10/2021 21:35:00	5,10	5,61	5,70	5,63	5,40	5,04	4,67	4,30	3,96	3,67	3,41	3,23	3,06	2,97	2,88	2,77	2,66	2,50	2,34	2,15	1,97	5,32
15/10/2021 21:40:00	5,02	5,60	5,77	5,82	5,67	5,28	4,76	4,23	3,89	3,58	3,30	3,11	2,92	2,83	2,73	2,63	2,52	2,37	2,22	2,04	1,86	5,23
15/10/2021 21:45:00	4,66	5,50	5,68	5,59	5,26	4,78	4,32	3,94	3,63	3,39	3,22	3,19	3,15	3,18	3,21	3,18	3,14	3,05	2,96	2,81	2,65	4,33
15/10/2021 21:50:00	4,68	5,48	5,79	5,76	5,40	4,92	4,41	3,94	3,53	3,24	3,06	3,01	2,96	2,99	3,02	3,00	2,97	2,89	2,80	2,66	2,51	4,16
15/10/2021 21:55:00	4,07	4,85	5,16	5,29	5,20	4,89	4,53	4,14	3,75	3,45	3,20	3,02	2,84	2,73	2,63	2,50	2,38	2,21	2,04	1,85	1,66	4,08
15/10/2021 22:00:00	4,12	5,02	5,30	5,32	5,09	4,76	4,35	3,95	3,67	3,40	3,17	3,05	2,93	2,89	2,85	2,78	2,71	2,59	2,47	2,30	2,13	4,18
15/10/2021 22:05:00	4,16	5,31	5,70	5,79	5,58	5,07	4,58	4,14	3,77	3,46	3,20	3,08	2,97	2,94	2,91	2,85	2,79	2,68	2,56	2,40	2,24	4,22
15/10/2021 22:10:00	4,18	5,16	5,58	5,70	5,52	5,17	4,77	4,37	3,96	3,68	3,51	3,42	3,33	3,30	3,27	3,19	3,10	2,97	2,84	2,67	2,50	4,25
15/10/2021 22:15:00	4,12	5,37	5,78	5,83	5,56	5,25	4,83	4,45	4,15	3,92	3,76	3,72	3,68	3,69	3,70	3,65	3,60	3,49	3,38	3,21	3,05	4,13
15/10/2021 22:20:00	4,24	5,31	5,67	5,68	5,41	5,18	4,82	4,48	4,22	4,01	3,85	3,80	3,75	3,75	3,74	3,68	3,62	3,50	3,38	3,20	3,03	4,10
15/10/2021 22:25:00	4,22	5,19	5,41	5,36	5,16	4,85	4,60	4,38	4,12	3,91	3,76	3,69	3,63	3,59	3,56	3,48	3,40	3,25	3,11	2,92	2,74	4,18
15/10/2021 22:30:00	4,25	5,31	5,61	5,59	5,33	5,01	4,63	4,30	4,08	3,89	3,76	3,74	3,72	3,74	3,77	3,73	3,69	3,59	3,49	3,33	3,16	4,20
15/10/2021 22:35:00	4,11	5,24	5,65	5,78	5,62	5,21	4,78	4,39	4,04	3,80	3,64	3,58	3,52	3,51	3,51	3,45	3,38	3,27	3,15	2,99	2,82	4,05
15/10/2021 22:40:00	4,25	5,40	5,71	5,67	5,42	5,04	4,70	4,41	4,17	3,96	3,80	3,75	3,69	3,70	3,70	3,65	3,60	3,48	3,37	3,20	3,03	3,95
15/10/2021 22:45:00	4,18	5,41	5,74	5,71	5,39	4,95	4,48	4,08	3,82	3,63	3,51	3,52	3,54	3,61	3,68	3,67	3,66	3,58	3,51	3,36	3,21	4,00
15/10/2021 22:50:00	4,16	5,25	5,53	5,51	5,29	4,99	4,67	4,39	4,17	4,00	3,89	3,88	3,86	3,88	3,90	3,85	3,79	3,67	3,56	3,39	3,22	3,81
15/10/2021 22:55:00	3,97	5,09	5,45	5,50	5,32	5,11	4,86	4,63	4,41	4,17	3,95	3,83	3,71	3,65	3,59	3,50	3,41	3,26	3,11	2,92	2,74	3,50
15/10/2021 23:00:00	3,58	4,77	5,10	5,11	4,91	4,54	4,22	3,93	3,62	3,46	3,40	3,42	3,43	3,47	3,51	3,45	3,40	3,28	3,17	3,00	2,84	3,42
15/10/2021 23:05:00	3,19	4,53	4,93	4,92	4,64	4,38	4,04	3,74	3,54	3,35	3,21	3,19	3,17	3,19	3,22	3,19	3,15	3,05	2,95	2,79	2,62	3,23
15/10/2021 23:10:00	2,98	4,54	4,96	4,92	4,64	4,35	3,93	3,57	3,40	3,19	3,00	2,94	2,88	2,88	2,89	2,85	2,80	2,70	2,59	2,43	2,26	2,76
15/10/2021 23:15:00	3,06	4,34	4,83	4,89	4,68	4,53	4,22	3,91	3,69	3,45	3,23	3,13	3,02	2,98	2,93	2,85	2,78	2,64	2,51	2,33	2,15	2,52
15/10/2021 23:20:00	2,80	4,47	4,83	4,79	4,59	4,28	3,95	3,68	3,43	3,32	3,29	3,33	3,36	3,39	3,42	3,35	3,28	3,15	3,02	2,84	2,66	2,39
15/10/2021 23:25:00	3,10	4,43	4,82	4,83	4,58	4,20	3,81	3,46	3,13	2,93	2,83	2,82	2,81	2,84	2,86	2,81	2,77	2,66	2,55	2,39	2,22	2,15
15/10/2021 23:30:00	3,05	4,33	4,72	4,73	4,52	4,20	3,92	3,68	3,40	3,18	3,01	2,94	2,87	2,86	2,84	2,77	2,71	2,58	2,46	2,28	2,11	2,22
15/10/2021 23:35:00	2,71	4,12	4,41	4,34	4,15	3,97	3,77	3,60	3,43	3,26	3,11	3,04	2,96	2,91	2,86	2,77	2,68	2,52	2,36	2,16	1,97	2,22
15/10/2021 23:40:00	2,67	4,16	4,65	4,73	4,44	3,94	3,45	3,03	2,63	2,43	2,34	2,39	2,43	2,53	2,62	2,62	2,61	2,55	2,49	2,35	2,21	2,23
15/10/2021 23:45:00	2,72	4,20	4,54	4,45	4,15	3,82	3,51	3,27	3,06	2,87	2,73	2,71	2,69	2,71	2,73	2,69	2,65	2,54	2,43	2,26	2,09	2,20
15/10/2021 23:50:00	2,53	4,05	4,37	4,23	3,83	3,32	2,95	2,68	2,42	2,23	2,12	2,16	2,19	2,28	2,37	2,39	2,40	2,34	2,27	2,13	1,99	2,16
15/10/2021 23:55:00	2,13	3,74	4,21	4,36	4,21	3,82	3,38	2,99	2,70	2,48	2,33	2,28	2,24	2,24	2,25	2,19	2,14	2,03	1,92	1,76	1,59	2,27
