FileFormat:0002.2 file with temperature of atmosphere
SN105HE102
local	GMT or Local
0	GMT-Local=[hours]
0	Height[m]
0	0	0	Longitude                [grd]               [min]               [sec]
0	0	0	Latitude                [grd]               [min]               [sec]
N	NS
56,45	Freq[GHz]
0,00	dTemostat[K]
0,150	MessErr[K]
0,248	//[grad/step]
version 14.4.20120406
MTP5HE102F5645K-38.60I70D219217+A1.1
Commentary:
SN105HE102
парабола ДНА = 2,5 град
НЕ102 - ПУ - ХВБ с ЦСД " S "
АЦП - 202 - 09 с контр.U пит.и М
оптопара серии - 2
Т out № 178 пл
БП LPS - 112
End Of Commentary

SYSTEM\alaska.dat
data time	0	50	100	150	200	250	300	350	400	450	500	550	600	650	700	750	800	850	900	950	1000	OutsideTemperature
06/03/2019 00:00:00	-5,27	-5,57	-5,99	-6,43	-6,92	-7,50	-8,09	-8,68	-9,23	-9,76	-10,29	-10,68	-11,06	-11,22	-11,38	-11,43	-11,47	-11,55	-11,62	-11,71	-11,80	-5,40
06/03/2019 00:05:00	-5,58	-5,81	-6,15	-6,54	-6,99	-7,52	-8,23	-8,88	-9,43	-9,94	-10,46	-10,84	-11,21	-11,36	-11,51	-11,56	-11,60	-11,67	-11,73	-11,82	-11,90	-5,54
06/03/2019 00:10:00	-5,46	-5,74	-6,05	-6,32	-6,69	-7,24	-7,89	-8,63	-9,32	-9,84	-10,37	-10,80	-11,23	-11,44	-11,66	-11,75	-11,85	-11,97	-12,08	-12,19	-12,29	-5,55
06/03/2019 00:15:00	-5,52	-5,70	-5,96	-6,29	-6,75	-7,34	-7,98	-8,71	-9,41	-9,91	-10,41	-10,79	-11,18	-11,34	-11,50	-11,57	-11,63	-11,72	-11,81	-11,90	-11,99	-5,56
06/03/2019 00:20:00	-5,52	-5,67	-6,09	-6,56	-7,04	-7,56	-8,18	-8,79	-9,33	-9,79	-10,27	-10,62	-10,98	-11,13	-11,28	-11,33	-11,38	-11,47	-11,55	-11,65	-11,74	-5,62
06/03/2019 00:25:00	-5,68	-5,90	-6,17	-6,52	-7,00	-7,62	-8,39	-9,19	-9,88	-10,33	-10,77	-11,09	-11,40	-11,51	-11,62	-11,65	-11,69	-11,74	-11,80	-11,88	-11,96	-5,75
06/03/2019 00:30:00	-5,70	-5,95	-6,24	-6,56	-6,96	-7,48	-8,19	-8,89	-9,51	-10,08	-10,66	-11,11	-11,55	-11,76	-11,96	-12,04	-12,12	-12,21	-12,30	-12,40	-12,50	-5,61
06/03/2019 00:35:00	-5,78	-5,91	-6,22	-6,58	-7,05	-7,69	-8,43	-9,17	-9,81	-10,28	-10,73	-11,07	-11,40	-11,52	-11,64	-11,68	-11,72	-11,78	-11,85	-11,93	-12,01	-5,76
06/03/2019 00:40:00	-5,74	-5,97	-6,36	-6,80	-7,28	-7,77	-8,26	-8,82	-9,38	-9,91	-10,47	-10,89	-11,31	-11,50	-11,69	-11,76	-11,82	-11,91	-12,01	-12,11	-12,21	-5,78
06/03/2019 00:45:00	-5,80	-6,01	-6,31	-6,62	-7,04	-7,57	-8,23	-8,91	-9,51	-10,07	-10,63	-11,06	-11,49	-11,68	-11,88	-11,94	-12,00	-12,09	-12,18	-12,27	-12,36	-5,73
06/03/2019 00:50:00	-5,82	-6,04	-6,31	-6,71	-7,19	-7,69	-8,31	-8,97	-9,57	-10,10	-10,63	-11,01	-11,40	-11,55	-11,70	-11,74	-11,78	-11,85	-11,92	-12,01	-12,10	-5,84
06/03/2019 00:55:00	-5,85	-6,12	-6,45	-6,80	-7,20	-7,71	-8,38	-9,04	-9,63	-10,14	-10,65	-11,05	-11,44	-11,62	-11,79	-11,85	-11,91	-11,99	-12,07	-12,17	-12,26	-5,79
06/03/2019 01:00:00	-5,85	-6,16	-6,42	-6,76	-7,25	-7,87	-8,52	-9,18	-9,75	-10,29	-10,81	-11,15	-11,49	-11,59	-11,68	-11,67	-11,67	-11,69	-11,71	-11,78	-11,84	-5,96
06/03/2019 01:05:00	-5,93	-6,16	-6,47	-6,89	-7,38	-7,88	-8,41	-9,00	-9,58	-10,05	-10,53	-10,87	-11,21	-11,34	-11,47	-11,50	-11,53	-11,60	-11,67	-11,76	-11,85	-6,01
06/03/2019 01:10:00	-5,93	-6,08	-6,46	-6,93	-7,45	-8,01	-8,67	-9,26	-9,76	-10,20	-10,63	-10,91	-11,19	-11,27	-11,35	-11,35	-11,35	-11,39	-11,42	-11,50	-11,57	-5,94
06/03/2019 01:15:00	-5,88	-6,15	-6,47	-6,87	-7,33	-7,85	-8,52	-9,20	-9,80	-10,28	-10,77	-11,13	-11,49	-11,63	-11,76	-11,81	-11,85	-11,92	-11,98	-12,07	-12,15	-5,92
06/03/2019 01:20:00	-5,89	-6,18	-6,43	-6,77	-7,22	-7,75	-8,43	-9,16	-9,81	-10,30	-10,79	-11,15	-11,50	-11,64	-11,78	-11,83	-11,87	-11,94	-12,01	-12,09	-12,18	-5,90
06/03/2019 01:25:00	-5,99	-6,10	-6,36	-6,79	-7,35	-7,95	-8,62	-9,27	-9,84	-10,40	-10,95	-11,30	-11,66	-11,78	-11,89	-11,89	-11,89	-11,93	-11,97	-12,04	-12,11	-6,07
06/03/2019 01:30:00	-6,02	-6,08	-6,51	-7,06	-7,62	-8,16	-8,69	-9,22	-9,70	-10,18	-10,67	-11,00	-11,34	-11,47	-11,60	-11,62	-11,64	-11,70	-11,77	-11,86	-11,95	-5,99
06/03/2019 01:35:00	-5,98	-6,21	-6,50	-6,94	-7,44	-7,90	-8,46	-9,06	-9,64	-10,18	-10,73	-11,12	-11,52	-11,69	-11,86	-11,90	-11,95	-12,02	-12,10	-12,19	-12,29	-6,13
06/03/2019 01:40:00	-6,17	-6,50	-6,81	-7,19	-7,64	-8,15	-8,73	-9,36	-9,94	-10,43	-10,92	-11,28	-11,64	-11,78	-11,91	-11,95	-11,98	-12,04	-12,11	-12,19	-12,27	-6,08
06/03/2019 01:45:00	-6,23	-6,40	-6,79	-7,26	-7,75	-8,22	-8,73	-9,28	-9,82	-10,33	-10,87	-11,27	-11,66	-11,84	-12,01	-12,06	-12,11	-12,20	-12,28	-12,38	-12,48	-6,09
06/03/2019 01:50:00	-6,21	-6,59	-6,86	-7,13	-7,47	-7,93	-8,52	-9,17	-9,78	-10,34	-10,93	-11,39	-11,85	-12,07	-12,28	-12,37	-12,45	-12,54	-12,64	-12,74	-12,83	-6,23
06/03/2019 01:55:00	-6,15	-6,65	-6,92	-7,18	-7,60	-8,24	-8,83	-9,48	-10,09	-10,65	-11,20	-11,58	-11,96	-12,09	-12,21	-12,22	-12,23	-12,27	-12,30	-12,36	-12,43	-6,14
06/03/2019 02:00:00	-6,33	-6,52	-6,85	-7,28	-7,79	-8,33	-8,93	-9,53	-10,09	-10,63	-11,16	-11,53	-11,91	-12,05	-12,19	-12,21	-12,24	-12,30	-12,35	-12,43	-12,51	-6,09
06/03/2019 02:05:00	-6,33	-6,52	-6,87	-7,34	-7,91	-8,55	-9,14	-9,73	-10,25	-10,72	-11,18	-11,45	-11,73	-11,79	-11,84	-11,81	-11,78	-11,80	-11,81	-11,87	-11,93	-6,29
06/03/2019 02:10:00	-6,17	-6,49	-6,84	-7,24	-7,71	-8,27	-8,81	-9,42	-10,00	-10,47	-10,95	-11,29	-11,64	-11,76	-11,89	-11,92	-11,95	-12,01	-12,07	-12,15	-12,23	-6,16
06/03/2019 02:15:00	-6,13	-6,38	-6,74	-7,19	-7,70	-8,27	-8,98	-9,62	-10,15	-10,65	-11,13	-11,45	-11,77	-11,87	-11,97	-11,97	-11,97	-12,00	-12,03	-12,10	-12,17	-6,06
06/03/2019 02:20:00	-6,25	-6,57	-6,91	-7,29	-7,75	-8,34	-8,89	-9,49	-10,03	-10,52	-11,01	-11,35	-11,69	-11,80	-11,91	-11,93	-11,94	-11,98	-12,03	-12,10	-12,17	-6,25
06/03/2019 02:25:00	-6,27	-6,57	-6,93	-7,32	-7,76	-8,31	-8,93	-9,50	-9,99	-10,46	-10,93	-11,25	-11,58	-11,68	-11,78	-11,79	-11,80	-11,83	-11,87	-11,94	-12,01	-6,37
06/03/2019 02:30:00	-6,23	-6,58	-6,87	-7,21	-7,65	-8,17	-8,79	-9,46	-10,08	-10,59	-11,10	-11,48	-11,85	-11,99	-12,14	-12,17	-12,21	-12,27	-12,34	-12,42	-12,50	-6,19
06/03/2019 02:35:00	-6,19	-6,44	-6,86	-7,38	-7,91	-8,37	-8,87	-9,37	-9,84	-10,34	-10,86	-11,21	-11,57	-11,71	-11,84	-11,86	-11,88	-11,94	-12,00	-12,08	-12,17	-6,21
06/03/2019 02:40:00	-6,25	-6,58	-6,87	-7,19	-7,60	-8,11	-8,76	-9,42	-10,01	-10,51	-11,01	-11,37	-11,74	-11,88	-12,02	-12,06	-12,10	-12,16	-12,22	-12,31	-12,39	-6,25
06/03/2019 02:45:00	-6,23	-6,48	-6,88	-7,32	-7,81	-8,37	-8,97	-9,57	-10,11	-10,60	-11,09	-11,44	-11,79	-11,92	-12,05	-12,08	-12,10	-12,16	-12,22	-12,30	-12,38	-6,19
06/03/2019 02:50:00	-6,20	-6,49	-6,88	-7,30	-7,77	-8,32	-9,01	-9,68	-10,26	-10,66	-11,07	-11,35	-11,64	-11,73	-11,83	-11,85	-11,87	-11,92	-11,97	-12,05	-12,12	-6,20
06/03/2019 02:55:00	-6,27	-6,54	-6,96	-7,35	-7,78	-8,30	-8,88	-9,48	-10,01	-10,46	-10,93	-11,27	-11,62	-11,76	-11,90	-11,94	-11,98	-12,05	-12,12	-12,21	-12,29	-6,31
06/03/2019 03:00:00	-6,14	-6,42	-6,80	-7,26	-7,77	-8,28	-8,81	-9,36	-9,88	-10,39	-10,90	-11,26	-11,62	-11,75	-11,88	-11,91	-11,93	-11,99	-12,04	-12,13	-12,21	-6,13
06/03/2019 03:05:00	-6,16	-6,42	-6,84	-7,21	-7,60	-8,07	-8,68	-9,26	-9,78	-10,29	-10,83	-11,25	-11,67	-11,86	-12,05	-12,12	-12,19	-12,29	-12,38	-12,48	-12,58	-6,18
06/03/2019 03:10:00	-6,14	-6,48	-6,88	-7,26	-7,68	-8,21	-8,77	-9,35	-9,89	-10,38	-10,89	-11,26	-11,64	-11,79	-11,94	-11,99	-12,03	-12,10	-12,17	-12,26	-12,34	-6,31
06/03/2019 03:15:00	-6,28	-6,41	-6,80	-7,28	-7,81	-8,40	-9,05	-9,68	-10,23	-10,68	-11,12	-11,43	-11,73	-11,83	-11,92	-11,94	-11,95	-12,00	-12,05	-12,12	-12,20	-6,24
06/03/2019 03:20:00	-6,21	-6,53	-6,92	-7,33	-7,75	-8,17	-8,76	-9,37	-9,93	-10,42	-10,92	-11,32	-11,71	-11,89	-12,07	-12,14	-12,20	-12,30	-12,39	-12,49	-12,59	-6,23
06/03/2019 03:25:00	-6,19	-6,51	-6,85	-7,30	-7,82	-8,34	-8,93	-9,50	-10,01	-10,58	-11,14	-11,53	-11,91	-12,05	-12,18	-12,19	-12,20	-12,24	-12,28	-12,35	-12,43	-6,28
06/03/2019 03:30:00	-6,21	-6,42	-6,87	-7,39	-7,92	-8,44	-9,01	-9,55	-10,03	-10,49	-10,95	-11,27	-11,59	-11,69	-11,80	-11,82	-11,83	-11,88	-11,93	-12,01	-12,09	-6,24
06/03/2019 03:35:00	-6,25	-6,57	-7,02	-7,52	-8,00	-8,45	-9,04	-9,59	-10,07	-10,50	-10,95	-11,27	-11,58	-11,70	-11,82	-11,85	-11,87	-11,93	-12,00	-12,08	-12,16	-6,26
06/03/2019 03:40:00	-6,28	-6,51	-6,87	-7,27	-7,79	-8,44	-9,17	-9,82	-10,34	-10,82	-11,29	-11,58	-11,87	-11,94	-12,00	-11,98	-11,96	-11,98	-11,99	-12,05	-12,10	-6,29
06/03/2019 03:45:00	-6,23	-6,53	-6,93	-7,40	-7,84	-8,19	-8,72	-9,26	-9,76	-10,28	-10,82	-11,24	-11,66	-11,86	-12,06	-12,13	-12,20	-12,30	-12,40	-12,50	-12,60	-6,30
06/03/2019 03:50:00	-6,29	-6,70	-7,07	-7,51	-8,00	-8,51	-9,19	-9,81	-10,32	-10,77	-11,21	-11,50	-11,80	-11,88	-11,96	-11,96	-11,95	-11,98	-12,01	-12,07	-12,14	-6,31
06/03/2019 03:55:00	-6,25	-6,61	-6,98	-7,43	-7,94	-8,49	-9,07	-9,67	-10,22	-10,71	-11,19	-11,52	-11,85	-11,96	-12,06	-12,07	-12,07	-12,11	-12,15	-12,22	-12,29	-6,24
06/03/2019 04:00:00	-6,27	-6,66	-7,10	-7,54	-8,04	-8,62	-9,24	-9,90	-10,49	-10,90	-11,32	-11,61	-11,90	-11,99	-12,08	-12,10	-12,11	-12,16	-12,21	-12,28	-12,35	-6,23
06/03/2019 04:05:00	-6,33	-6,69	-7,17	-7,60	-8,02	-8,45	-9,01	-9,58	-10,10	-10,58	-11,08	-11,48	-11,88	-12,07	-12,25	-12,32	-12,39	-12,49	-12,58	-12,68	-12,78	-6,28
06/03/2019 04:10:00	-6,27	-6,65	-7,13	-7,59	-7,99	-8,35	-8,75	-9,25	-9,78	-10,26	-10,80	-11,24	-11,68	-11,91	-12,14	-12,24	-12,33	-12,46	-12,59	-12,70	-12,82	-6,29
06/03/2019 04:15:00	-6,23	-6,67	-7,04	-7,37	-7,80	-8,35	-8,90	-9,53	-10,13	-10,66	-11,21	-11,61	-12,01	-12,17	-12,34	-12,38	-12,42	-12,49	-12,56	-12,64	-12,73	-6,30
06/03/2019 04:20:00	-6,39	-6,70	-7,15	-7,65	-8,17	-8,67	-9,26	-9,79	-10,24	-10,70	-11,17	-11,48	-11,79	-11,89	-11,98	-11,98	-11,98	-12,02	-12,06	-12,13	-12,20	-6,34
06/03/2019 04:25:00	-6,37	-6,73	-7,13	-7,62	-8,12	-8,62	-9,21	-9,82	-10,37	-10,81	-11,26	-11,58	-11,90	-12,01	-12,12	-12,14	-12,17	-12,23	-12,28	-12,36	-12,44	-6,36
06/03/2019 04:30:00	-6,39	-6,80	-7,15	-7,52	-7,93	-8,37	-8,91	-9,54	-10,14	-10,60	-11,08	-11,46	-11,83	-11,99	-12,15	-12,21	-12,27	-12,36	-12,44	-12,53	-12,62	-6,37
06/03/2019 04:35:00	-6,31	-6,71	-7,23	-7,72	-8,18	-8,60	-8,99	-9,43	-9,89	-10,38	-10,90	-11,30	-11,69	-11,87	-12,05	-12,10	-12,15	-12,24	-12,33	-12,43	-12,52	-6,39
06/03/2019 04:40:00	-6,35	-6,77	-7,13	-7,52	-7,96	-8,46	-8,96	-9,49	-9,99	-10,50	-11,03	-11,39	-11,76	-11,89	-12,03	-12,05	-12,06	-12,11	-12,16	-12,24	-12,32	-6,39
06/03/2019 04:45:00	-6,45	-6,67	-7,05	-7,50	-7,99	-8,50	-9,02	-9,61	-10,18	-10,69	-11,21	-11,59	-11,97	-12,13	-12,29	-12,34	-12,38	-12,46	-12,53	-12,62	-12,71	-6,39
06/03/2019 04:50:00	-6,38	-6,71	-7,14	-7,64	-8,15	-8,65	-9,21	-9,76	-10,25	-10,66	-11,08	-11,36	-11,64	-11,72	-11,80	-11,80	-11,80	-11,84	-11,88	-11,95	-12,02	-6,44
06/03/2019 04:55:00	-6,48	-6,75	-7,24	-7,73	-8,20	-8,71	-9,15	-9,61	-10,08	-10,55	-11,05	-11,41	-11,77	-11,92	-12,06	-12,10	-12,13	-12,20	-12,27	-12,36	-12,44	-6,46
06/03/2019 05:00:00	-6,44	-6,74	-7,14	-7,63	-8,16	-8,68	-9,24	-9,78	-10,26	-10,71	-11,16	-11,44	-11,73	-11,80	-11,87	-11,86	-11,85	-11,87	-11,90	-11,97	-12,03	-6,36
06/03/2019 05:05:00	-6,56	-6,97	-7,42	-7,84	-8,24	-8,65	-9,20	-9,73	-10,21	-10,61	-11,04	-11,37	-11,69	-11,81	-11,94	-11,98	-12,02	-12,09	-12,15	-12,24	-12,32	-6,48
06/03/2019 05:10:00	-6,69	-7,16	-7,50	-7,87	-8,29	-8,71	-9,23	-9,76	-10,23	-10,70	-11,17	-11,49	-11,81	-11,91	-12,01	-12,02	-12,02	-12,06	-12,10	-12,17	-12,24	-6,68
06/03/2019 05:15:00	-6,78	-7,25	-7,60	-7,91	-8,28	-8,78	-9,36	-9,90	-10,37	-10,83	-11,28	-11,60	-11,91	-12,00	-12,09	-12,10	-12,10	-12,13	-12,15	-12,22	-12,28	-6,82
06/03/2019 05:20:00	-6,91	-7,24	-7,71	-8,17	-8,59	-8,99	-9,38	-9,83	-10,28	-10,65	-11,05	-11,34	-11,63	-11,74	-11,86	-11,89	-11,92	-11,99	-12,06	-12,15	-12,23	-6,91
06/03/2019 05:25:00	-7,00	-7,23	-7,66	-8,21	-8,72	-9,09	-9,52	-9,90	-10,27	-10,73	-11,20	-11,51	-11,83	-11,93	-12,03	-12,03	-12,02	-12,06	-12,11	-12,18	-12,26	-6,95
06/03/2019 05:30:00	-6,93	-7,30	-7,70	-8,07	-8,45	-8,86	-9,40	-9,91	-10,35	-10,74	-11,14	-11,42	-11,70	-11,79	-11,88	-11,89	-11,90	-11,95	-11,99	-12,06	-12,14	-6,99
06/03/2019 05:35:00	-7,06	-7,46	-7,75	-8,07	-8,47	-8,95	-9,52	-10,07	-10,54	-10,96	-11,37	-11,64	-11,90	-11,96	-12,02	-12,00	-11,99	-12,00	-12,02	-12,08	-12,13	-7,04
06/03/2019 05:40:00	-7,05	-7,39	-7,69	-8,00	-8,37	-8,80	-9,24	-9,79	-10,33	-10,75	-11,20	-11,53	-11,86	-11,99	-12,12	-12,16	-12,20	-12,27	-12,34	-12,42	-12,50	-7,07
06/03/2019 05:45:00	-7,15	-7,44	-7,78	-8,18	-8,59	-8,99	-9,48	-9,96	-10,40	-10,78	-11,16	-11,41	-11,66	-11,73	-11,79	-11,79	-11,79	-11,82	-11,85	-11,92	-11,99	-7,11
06/03/2019 05:50:00	-7,11	-7,47	-7,95	-8,36	-8,70	-9,01	-9,39	-9,79	-10,19	-10,56	-10,96	-11,28	-11,60	-11,74	-11,88	-11,93	-11,99	-12,07	-12,16	-12,25	-12,34	-7,15
06/03/2019 05:55:00	-7,12	-7,57	-7,83	-8,06	-8,40	-8,88	-9,39	-9,92	-10,41	-10,88	-11,36	-11,68	-12,00	-12,09	-12,19	-12,18	-12,18	-12,21	-12,23	-12,29	-12,35	-7,15
06/03/2019 06:00:00	-7,16	-7,44	-7,86	-8,25	-8,62	-9,02	-9,39	-9,78	-10,16	-10,59	-11,04	-11,35	-11,67	-11,79	-11,91	-11,93	-11,94	-12,00	-12,06	-12,14	-12,22	-7,14
06/03/2019 06:05:00	-7,20	-7,48	-7,73	-8,06	-8,45	-8,89	-9,46	-10,02	-10,50	-10,91	-11,32	-11,58	-11,85	-11,91	-11,98	-11,97	-11,96	-11,99	-12,01	-12,07	-12,14	-7,19
06/03/2019 06:10:00	-7,18	-7,50	-7,76	-8,06	-8,42	-8,87	-9,42	-9,99	-10,49	-10,87	-11,25	-11,51	-11,76	-11,83	-11,89	-11,90	-11,90	-11,93	-11,96	-12,03	-12,09	-7,22
06/03/2019 06:15:00	-7,25	-7,61	-7,82	-8,06	-8,36	-8,71	-9,22	-9,73	-10,19	-10,65	-11,13	-11,46	-11,79	-11,91	-12,03	-12,04	-12,06	-12,11	-12,15	-12,23	-12,30	-7,23
06/03/2019 06:20:00	-7,21	-7,50	-7,81	-8,19	-8,59	-8,99	-9,46	-9,95	-10,38	-10,75	-11,12	-11,36	-11,60	-11,65	-11,71	-11,70	-11,70	-11,73	-11,76	-11,82	-11,89	-7,24
06/03/2019 06:25:00	-7,24	-7,48	-7,80	-8,12	-8,48	-8,90	-9,36	-9,83	-10,27	-10,66	-11,06	-11,33	-11,60	-11,68	-11,76	-11,77	-11,78	-11,82	-11,86	-11,94	-12,01	-7,27
06/03/2019 06:30:00	-7,19	-7,60	-7,89	-8,21	-8,56	-8,92	-9,42	-9,91	-10,33	-10,66	-10,99	-11,20	-11,40	-11,43	-11,46	-11,45	-11,43	-11,44	-11,46	-11,52	-11,58	-7,24
06/03/2019 06:35:00	-7,24	-7,50	-7,86	-8,22	-8,57	-8,92	-9,33	-9,73	-10,09	-10,45	-10,82	-11,08	-11,33	-11,40	-11,48	-11,48	-11,48	-11,52	-11,56	-11,64	-11,71	-7,28
06/03/2019 06:40:00	-7,29	-7,62	-7,86	-8,13	-8,50	-8,98	-9,49	-10,00	-10,45	-10,80	-11,14	-11,34	-11,54	-11,55	-11,56	-11,53	-11,49	-11,49	-11,49	-11,54	-11,59	-7,26
06/03/2019 06:45:00	-7,30	-7,59	-7,94	-8,21	-8,51	-8,91	-9,40	-9,90	-10,34	-10,64	-10,94	-11,16	-11,39	-11,45	-11,52	-11,54	-11,56	-11,61	-11,66	-11,73	-11,81	-7,31
06/03/2019 06:50:00	-7,34	-7,55	-7,85	-8,10	-8,42	-8,87	-9,36	-9,84	-10,28	-10,68	-11,08	-11,35	-11,62	-11,70	-11,78	-11,78	-11,79	-11,82	-11,86	-11,93	-12,00	-7,29
06/03/2019 06:55:00	-7,37	-7,46	-7,79	-8,17	-8,57	-9,02	-9,50	-9,97	-10,39	-10,76	-11,12	-11,37	-11,61	-11,67	-11,73	-11,73	-11,72	-11,76	-11,79	-11,86	-11,93	-7,35
06/03/2019 07:00:00	-7,32	-7,63	-7,78	-7,98	-8,27	-8,66	-9,14	-9,69	-10,18	-10,59	-11,00	-11,28	-11,56	-11,64	-11,73	-11,74	-11,75	-11,78	-11,82	-11,89	-11,96	-7,35
06/03/2019 07:05:00	-7,28	-7,77	-7,94	-8,09	-8,36	-8,77	-9,32	-9,85	-10,29	-10,69	-11,09	-11,34	-11,59	-11,64	-11,68	-11,66	-11,64	-11,65	-11,66	-11,71	-11,76	-7,33
06/03/2019 07:10:00	-7,37	-7,70	-7,89	-8,09	-8,35	-8,70	-9,14	-9,61	-10,04	-10,49	-10,95	-11,27	-11,59	-11,71	-11,82	-11,84	-11,86	-11,90	-11,95	-12,02	-12,09	-7,36
06/03/2019 07:15:00	-7,35	-7,50	-7,65	-7,94	-8,35	-8,80	-9,30	-9,81	-10,27	-10,72	-11,15	-11,40	-11,66	-11,70	-11,75	-11,71	-11,68	-11,68	-11,69	-11,74	-11,80	-7,33
06/03/2019 07:20:00	-7,30	-7,52	-7,73	-8,01	-8,37	-8,81	-9,34	-9,86	-10,32	-10,68	-11,02	-11,23	-11,44	-11,47	-11,49	-11,47	-11,45	-11,46	-11,47	-11,53	-11,59	-7,32
06/03/2019 07:25:00	-7,36	-7,48	-7,62	-7,80	-8,12	-8,60	-9,11	-9,65	-10,15	-10,63	-11,11	-11,43	-11,76	-11,86	-11,96	-11,97	-11,98	-12,01	-12,05	-12,12	-12,19	-7,31
06/03/2019 07:30:00	-7,27	-7,53	-7,75	-7,94	-8,20	-8,59	-9,07	-9,58	-10,04	-10,46	-10,89	-11,21	-11,52	-11,64	-11,76	-11,79	-11,82	-11,87	-11,93	-12,01	-12,09	-7,29
06/03/2019 07:35:00	-7,26	-7,47	-7,70	-7,95	-8,24	-8,55	-9,05	-9,54	-10,00	-10,42	-10,87	-11,20	-11,52	-11,66	-11,79	-11,83	-11,87	-11,93	-12,00	-12,09	-12,17	-7,24
06/03/2019 07:40:00	-7,24	-7,45	-7,57	-7,82	-8,19	-8,63	-9,16	-9,70	-10,18	-10,64	-11,09	-11,37	-11,65	-11,71	-11,78	-11,76	-11,73	-11,75	-11,76	-11,82	-11,87	-7,26
06/03/2019 07:45:00	-7,35	-7,45	-7,62	-7,89	-8,24	-8,67	-9,22	-9,78	-10,28	-10,66	-11,05	-11,30	-11,56	-11,63	-11,70	-11,70	-11,71	-11,74	-11,78	-11,85	-11,91	-7,27
06/03/2019 07:50:00	-7,25	-7,52	-7,77	-8,05	-8,33	-8,64	-8,97	-9,44	-9,92	-10,30	-10,71	-11,03	-11,34	-11,48	-11,62	-11,67	-11,72	-11,80	-11,88	-11,98	-12,07	-7,28
06/03/2019 07:55:00	-7,29	-7,42	-7,59	-7,79	-8,10	-8,52	-8,95	-9,46	-9,96	-10,44	-10,93	-11,29	-11,64	-11,79	-11,93	-11,96	-11,99	-12,05	-12,11	-12,20	-12,28	-7,23
06/03/2019 08:00:00	-7,21	-7,43	-7,56	-7,73	-8,05	-8,54	-9,09	-9,65	-10,14	-10,58	-11,01	-11,28	-11,55	-11,61	-11,67	-11,65	-11,64	-11,65	-11,66	-11,72	-11,78	-7,23
06/03/2019 08:05:00	-7,23	-7,31	-7,46	-7,75	-8,15	-8,61	-9,08	-9,62	-10,13	-10,52	-10,90	-11,15	-11,40	-11,45	-11,51	-11,50	-11,50	-11,52	-11,55	-11,62	-11,69	-7,18
06/03/2019 08:10:00	-7,28	-7,35	-7,54	-7,74	-8,02	-8,43	-8,94	-9,50	-10,00	-10,37	-10,74	-11,02	-11,30	-11,41	-11,51	-11,55	-11,59	-11,65	-11,72	-11,80	-11,88	-7,16
06/03/2019 08:15:00	-7,25	-7,39	-7,58	-7,75	-8,04	-8,55	-9,04	-9,56	-10,03	-10,46	-10,88	-11,16	-11,45	-11,53	-11,61	-11,61	-11,61	-11,64	-11,67	-11,74	-11,80	-7,22
06/03/2019 08:20:00	-7,19	-7,34	-7,58	-7,90	-8,20	-8,48	-8,88	-9,34	-9,78	-10,18	-10,60	-10,93	-11,25	-11,39	-11,53	-11,58	-11,63	-11,71	-11,79	-11,89	-11,98	-7,21
06/03/2019 08:25:00	-7,18	-7,35	-7,52	-7,73	-8,05	-8,50	-9,05	-9,61	-10,08	-10,47	-10,83	-11,08	-11,32	-11,37	-11,42	-11,42	-11,41	-11,44	-11,46	-11,53	-11,59	-7,18
06/03/2019 08:30:00	-7,09	-7,41	-7,62	-7,81	-8,09	-8,47	-8,88	-9,36	-9,82	-10,25	-10,68	-10,99	-11,29	-11,40	-11,51	-11,52	-11,54	-11,59	-11,64	-11,71	-11,79	-7,16
06/03/2019 08:35:00	-7,10	-7,41	-7,61	-7,78	-7,99	-8,28	-8,69	-9,15	-9,59	-10,08	-10,59	-10,98	-11,37	-11,55	-11,73	-11,79	-11,84	-11,92	-12,00	-12,10	-12,19	-7,13
06/03/2019 08:40:00	-7,19	-7,39	-7,67	-7,94	-8,20	-8,45	-8,84	-9,25	-9,65	-10,05	-10,48	-10,81	-11,14	-11,29	-11,44	-11,50	-11,55	-11,63	-11,72	-11,82	-11,91	-7,14
06/03/2019 08:45:00	-7,08	-7,23	-7,46	-7,71	-7,97	-8,26	-8,77	-9,22	-9,62	-10,09	-10,58	-10,96	-11,33	-11,49	-11,66	-11,71	-11,76	-11,83	-11,91	-12,00	-12,09	-7,10
06/03/2019 08:50:00	-7,18	-7,33	-7,56	-7,77	-8,02	-8,35	-8,75	-9,17	-9,59	-10,07	-10,57	-10,95	-11,33	-11,50	-11,67	-11,73	-11,78	-11,86	-11,94	-12,04	-12,13	-7,10
06/03/2019 08:55:00	-7,09	-7,35	-7,56	-7,76	-8,00	-8,32	-8,73	-9,14	-9,54	-10,04	-10,55	-10,93	-11,30	-11,46	-11,62	-11,65	-11,69	-11,76	-11,82	-11,91	-11,99	-7,08
06/03/2019 09:00:00	-7,07	-7,32	-7,31	-7,36	-7,65	-8,17	-8,75	-9,40	-9,99	-10,49	-10,96	-11,27	-11,58	-11,66	-11,74	-11,74	-11,73	-11,75	-11,76	-11,82	-11,88	-7,00
06/03/2019 09:05:00	-7,01	-7,31	-7,47	-7,61	-7,82	-8,13	-8,53	-9,04	-9,54	-9,98	-10,45	-10,82	-11,18	-11,35	-11,51	-11,57	-11,63	-11,72	-11,80	-11,89	-11,99	-6,99
06/03/2019 09:10:00	-6,97	-7,32	-7,50	-7,66	-7,86	-8,09	-8,61	-9,13	-9,58	-9,98	-10,39	-10,72	-11,04	-11,18	-11,32	-11,37	-11,43	-11,51	-11,58	-11,67	-11,76	-6,96
06/03/2019 09:15:00	-6,90	-7,25	-7,54	-7,72	-7,92	-8,22	-8,56	-8,95	-9,33	-9,75	-10,20	-10,55	-10,89	-11,04	-11,19	-11,23	-11,28	-11,36	-11,44	-11,53	-11,62	-6,91
06/03/2019 09:20:00	-6,89	-7,31	-7,60	-7,77	-7,96	-8,26	-8,66	-9,18	-9,68	-9,99	-10,32	-10,61	-10,89	-11,02	-11,15	-11,23	-11,30	-11,39	-11,49	-11,58	-11,68	-6,91
06/03/2019 09:25:00	-6,86	-7,34	-7,55	-7,66	-7,86	-8,21	-8,65	-9,14	-9,60	-10,00	-10,40	-10,71	-11,01	-11,12	-11,23	-11,26	-11,29	-11,34	-11,40	-11,47	-11,55	-6,88
06/03/2019 09:30:00	-6,82	-7,16	-7,43	-7,63	-7,84	-8,13	-8,47	-8,89	-9,31	-9,75	-10,22	-10,60	-10,97	-11,14	-11,32	-11,39	-11,46	-11,55	-11,64	-11,74	-11,84	-6,88
06/03/2019 09:35:00	-6,76	-7,23	-7,56	-7,80	-8,01	-8,24	-8,54	-8,91	-9,29	-9,69	-10,12	-10,47	-10,81	-10,96	-11,12	-11,18	-11,24	-11,32	-11,41	-11,51	-11,61	-6,83
06/03/2019 09:40:00	-6,78	-7,32	-7,48	-7,57	-7,69	-7,89	-8,22	-8,66	-9,13	-9,58	-10,06	-10,46	-10,85	-11,04	-11,24	-11,32	-11,40	-11,50	-11,60	-11,70	-11,80	-6,83
06/03/2019 09:45:00	-6,77	-7,25	-7,47	-7,67	-7,92	-8,21	-8,51	-8,91	-9,33	-9,77	-10,22	-10,55	-10,88	-11,01	-11,14	-11,17	-11,20	-11,26	-11,32	-11,40	-11,49	-6,77
06/03/2019 09:50:00	-6,73	-7,13	-7,36	-7,51	-7,71	-8,05	-8,40	-8,81	-9,23	-9,69	-10,18	-10,54	-10,91	-11,06	-11,22	-11,27	-11,32	-11,39	-11,46	-11,55	-11,64	-6,67
06/03/2019 09:55:00	-6,63	-7,02	-7,23	-7,43	-7,67	-7,97	-8,42	-8,89	-9,33	-9,79	-10,26	-10,61	-10,96	-11,11	-11,25	-11,30	-11,34	-11,41	-11,48	-11,57	-11,66	-6,61
06/03/2019 10:00:00	-6,54	-7,06	-7,35	-7,54	-7,77	-8,12	-8,59	-9,09	-9,54	-9,90	-10,26	-10,53	-10,81	-10,90	-11,00	-11,03	-11,07	-11,12	-11,18	-11,26	-11,34	-6,56
06/03/2019 10:05:00	-6,56	-7,06	-7,39	-7,65	-7,91	-8,23	-8,60	-9,01	-9,40	-9,77	-10,15	-10,43	-10,71	-10,80	-10,90	-10,93	-10,95	-11,01	-11,06	-11,14	-11,23	-6,55
06/03/2019 10:10:00	-6,56	-7,01	-7,22	-7,49	-7,82	-8,15	-8,55	-9,00	-9,44	-9,84	-10,25	-10,53	-10,80	-10,88	-10,97	-10,97	-10,97	-11,01	-11,05	-11,12	-11,20	-6,50
06/03/2019 10:15:00	-6,45	-7,01	-7,34	-7,58	-7,85	-8,25	-8,68	-9,10	-9,47	-9,85	-10,23	-10,49	-10,74	-10,81	-10,87	-10,87	-10,86	-10,89	-10,92	-10,98	-11,05	-6,43
06/03/2019 10:20:00	-6,40	-6,96	-7,14	-7,41	-7,73	-8,03	-8,48	-8,96	-9,41	-9,88	-10,35	-10,67	-11,00	-11,10	-11,21	-11,22	-11,23	-11,27	-11,30	-11,38	-11,45	-6,42
06/03/2019 10:25:00	-6,42	-6,81	-7,19	-7,57	-7,90	-8,19	-8,56	-8,89	-9,21	-9,60	-10,00	-10,28	-10,55	-10,65	-10,74	-10,75	-10,76	-10,81	-10,86	-10,95	-11,03	-6,44
06/03/2019 10:30:00	-6,37	-6,84	-7,15	-7,39	-7,61	-7,90	-8,28	-8,71	-9,14	-9,56	-10,02	-10,38	-10,73	-10,90	-11,06	-11,13	-11,19	-11,28	-11,37	-11,47	-11,57	-6,29
06/03/2019 10:35:00	-6,29	-6,76	-7,08	-7,36	-7,67	-8,06	-8,45	-8,85	-9,22	-9,63	-10,05	-10,33	-10,61	-10,69	-10,78	-10,78	-10,78	-10,82	-10,85	-10,93	-11,00	-6,23
06/03/2019 10:40:00	-6,14	-6,74	-7,22	-7,59	-7,90	-8,20	-8,55	-8,88	-9,19	-9,56	-9,96	-10,23	-10,51	-10,61	-10,70	-10,72	-10,73	-10,79	-10,84	-10,92	-11,00	-6,31
06/03/2019 10:45:00	-6,27	-6,72	-7,12	-7,46	-7,80	-8,19	-8,59	-9,01	-9,41	-9,78	-10,16	-10,42	-10,68	-10,77	-10,85	-10,86	-10,87	-10,92	-10,97	-11,05	-11,13	-6,16
06/03/2019 10:50:00	-6,17	-6,68	-7,08	-7,47	-7,87	-8,26	-8,66	-9,01	-9,32	-9,74	-10,15	-10,41	-10,66	-10,72	-10,77	-10,75	-10,72	-10,74	-10,75	-10,82	-10,88	-6,26
06/03/2019 10:55:00	-6,11	-6,67	-7,11	-7,48	-7,81	-8,12	-8,52	-8,89	-9,23	-9,60	-10,00	-10,27	-10,55	-10,65	-10,74	-10,76	-10,78	-10,83	-10,89	-10,97	-11,05	-6,04
06/03/2019 11:00:00	-6,13	-6,64	-7,01	-7,28	-7,60	-8,05	-8,46	-8,92	-9,36	-9,73	-10,09	-10,35	-10,60	-10,67	-10,74	-10,75	-10,76	-10,81	-10,85	-10,92	-11,00	-5,96
06/03/2019 11:05:00	-6,08	-6,53	-7,03	-7,43	-7,78	-8,16	-8,56	-8,91	-9,22	-9,57	-9,94	-10,20	-10,45	-10,53	-10,61	-10,62	-10,63	-10,67	-10,72	-10,80	-10,88	-6,08
06/03/2019 11:10:00	-5,95	-6,55	-6,96	-7,26	-7,57	-7,98	-8,47	-8,97	-9,40	-9,75	-10,11	-10,37	-10,63	-10,71	-10,79	-10,81	-10,83	-10,87	-10,92	-11,00	-11,07	-5,94
06/03/2019 11:15:00	-5,99	-6,55	-6,90	-7,21	-7,58	-8,01	-8,50	-9,00	-9,45	-9,83	-10,19	-10,43	-10,67	-10,72	-10,77	-10,77	-10,76	-10,79	-10,81	-10,88	-10,95	-5,83
06/03/2019 11:20:00	-5,82	-6,38	-6,84	-7,22	-7,53	-7,79	-8,10	-8,44	-8,80	-9,21	-9,67	-10,02	-10,38	-10,54	-10,70	-10,76	-10,81	-10,91	-11,00	-11,10	-11,20	-5,86
06/03/2019 11:25:00	-5,67	-6,37	-6,81	-7,15	-7,46	-7,79	-8,20	-8,61	-9,00	-9,40	-9,83	-10,13	-10,43	-10,55	-10,66	-10,69	-10,72	-10,78	-10,84	-10,92	-11,01	-5,62
06/03/2019 11:30:00	-5,72	-6,33	-6,68	-7,00	-7,34	-7,70	-8,20	-8,73	-9,20	-9,57	-9,95	-10,23	-10,51	-10,60	-10,69	-10,72	-10,75	-10,80	-10,86	-10,94	-11,02	-5,79
06/03/2019 11:35:00	-5,69	-6,12	-6,60	-7,07	-7,51	-7,94	-8,20	-8,58	-9,03	-9,38	-9,76	-10,03	-10,31	-10,41	-10,51	-10,54	-10,57	-10,64	-10,71	-10,81	-10,90	-5,61
06/03/2019 11:40:00	-5,56	-6,06	-6,53	-6,95	-7,35	-7,73	-8,15	-8,59	-9,01	-9,41	-9,83	-10,14	-10,44	-10,56	-10,68	-10,71	-10,75	-10,82	-10,89	-10,98	-11,07	-5,56
06/03/2019 11:45:00	-5,53	-6,11	-6,56	-6,98	-7,39	-7,82	-8,25	-8,69	-9,09	-9,45	-9,80	-10,03	-10,26	-10,32	-10,37	-10,37	-10,36	-10,40	-10,44	-10,51	-10,58	-5,35
06/03/2019 11:50:00	-5,43	-6,15	-6,55	-6,88	-7,28	-7,78	-8,25	-8,82	-9,36	-9,71	-10,07	-10,30	-10,54	-10,59	-10,65	-10,65	-10,65	-10,68	-10,72	-10,79	-10,86	-5,39
06/03/2019 11:55:00	-5,37	-6,10	-6,52	-6,87	-7,27	-7,77	-8,25	-8,76	-9,22	-9,60	-9,99	-10,23	-10,48	-10,53	-10,59	-10,58	-10,57	-10,60	-10,62	-10,69	-10,75	-5,31
06/03/2019 12:00:00	-5,21	-5,90	-6,37	-6,76	-7,18	-7,66	-8,21	-8,73	-9,17	-9,56	-9,94	-10,20	-10,45	-10,51	-10,57	-10,57	-10,57	-10,60	-10,63	-10,70	-10,76	-5,00
06/03/2019 12:05:00	-5,35	-5,81	-6,24	-6,74	-7,21	-7,60	-8,13	-8,62	-9,04	-9,39	-9,73	-9,96	-10,18	-10,24	-10,29	-10,29	-10,29	-10,33	-10,37	-10,45	-10,53	-5,09
06/03/2019 12:10:00	-5,19	-5,83	-6,14	-6,46	-6,92	-7,54	-8,16	-8,80	-9,35	-9,73	-10,07	-10,26	-10,45	-10,44	-10,43	-10,39	-10,34	-10,33	-10,32	-10,36	-10,41	-4,94
06/03/2019 12:15:00	-5,14	-5,73	-6,13	-6,49	-6,91	-7,39	-7,94	-8,47	-8,93	-9,37	-9,80	-10,09	-10,38	-10,46	-10,54	-10,54	-10,54	-10,58	-10,62	-10,69	-10,76	-5,27
06/03/2019 12:20:00	-5,05	-5,76	-6,13	-6,41	-6,78	-7,30	-7,79	-8,26	-8,68	-9,19	-9,69	-10,01	-10,34	-10,43	-10,53	-10,52	-10,51	-10,54	-10,56	-10,63	-10,69	-5,10
06/03/2019 12:25:00	-5,02	-5,53	-5,99	-6,40	-6,86	-7,38	-7,93	-8,49	-8,99	-9,40	-9,81	-10,09	-10,37	-10,45	-10,54	-10,56	-10,57	-10,62	-10,67	-10,75	-10,83	-5,16
06/03/2019 12:30:00	-5,04	-5,64	-6,00	-6,35	-6,79	-7,33	-7,92	-8,48	-8,95	-9,37	-9,78	-10,02	-10,27	-10,31	-10,35	-10,32	-10,30	-10,31	-10,32	-10,38	-10,43	-4,78
06/03/2019 12:35:00	-4,99	-5,76	-6,25	-6,58	-6,86	-7,14	-7,50	-7,91	-8,32	-8,79	-9,31	-9,73	-10,15	-10,37	-10,58	-10,67	-10,76	-10,87	-10,98	-11,10	-11,21	-4,68
06/03/2019 12:40:00	-5,01	-5,58	-6,02	-6,42	-6,81	-7,25	-7,72	-8,19	-8,62	-9,08	-9,56	-9,90	-10,25	-10,38	-10,52	-10,55	-10,58	-10,65	-10,72	-10,80	-10,89	-5,00
06/03/2019 12:45:00	-5,00	-5,54	-5,95	-6,32	-6,72	-7,15	-7,61	-8,12	-8,62	-9,08	-9,54	-9,89	-10,23	-10,38	-10,52	-10,57	-10,62	-10,69	-10,77	-10,87	-10,96	-5,15
06/03/2019 12:50:00	-4,96	-5,57	-6,03	-6,42	-6,78	-7,14	-7,50	-7,94	-8,39	-8,88	-9,41	-9,82	-10,22	-10,42	-10,62	-10,70	-10,77	-10,88	-10,98	-11,09	-11,20	-5,08
06/03/2019 12:55:00	-4,96	-5,47	-5,92	-6,37	-6,79	-7,15	-7,55	-7,95	-8,33	-8,78	-9,25	-9,58	-9,91	-10,04	-10,18	-10,21	-10,24	-10,31	-10,38	-10,47	-10,56	-5,03
06/03/2019 13:00:00	-4,92	-5,53	-6,02	-6,41	-6,78	-7,18	-7,61	-8,09	-8,56	-8,89	-9,24	-9,51	-9,78	-9,88	-9,99	-10,03	-10,08	-10,16	-10,24	-10,33	-10,43	-5,18
06/03/2019 13:05:00	-4,84	-5,44	-5,93	-6,28	-6,64	-7,07	-7,49	-8,00	-8,52	-8,90	-9,31	-9,64	-9,96	-10,10	-10,25	-10,31	-10,38	-10,47	-10,57	-10,67	-10,77	-4,98
06/03/2019 13:10:00	-4,83	-5,42	-5,81	-6,08	-6,39	-6,81	-7,30	-7,81	-8,28	-8,79	-9,32	-9,73	-10,14	-10,33	-10,52	-10,58	-10,65	-10,74	-10,84	-10,94	-11,04	-4,76
06/03/2019 13:15:00	-4,77	-5,35	-5,79	-6,11	-6,43	-6,85	-7,31	-7,77	-8,18	-8,70	-9,24	-9,64	-10,05	-10,23	-10,41	-10,47	-10,53	-10,61	-10,70	-10,80	-10,89	-4,60
06/03/2019 13:20:00	-4,80	-5,36	-5,76	-6,13	-6,48	-6,84	-7,31	-7,81	-8,29	-8,74	-9,22	-9,59	-9,96	-10,12	-10,29	-10,36	-10,43	-10,52	-10,62	-10,72	-10,82	-4,68
06/03/2019 13:25:00	-4,72	-5,24	-5,65	-6,04	-6,48	-6,97	-7,48	-8,02	-8,51	-8,99	-9,46	-9,80	-10,13	-10,26	-10,38	-10,41	-10,44	-10,51	-10,57	-10,66	-10,74	-4,91
06/03/2019 13:30:00	-4,72	-5,44	-5,84	-6,11	-6,36	-6,65	-7,09	-7,62	-8,15	-8,60	-9,10	-9,52	-9,93	-10,16	-10,38	-10,49	-10,60	-10,73	-10,86	-10,97	-11,09	-4,99
06/03/2019 13:35:00	-4,67	-5,34	-5,75	-6,09	-6,42	-6,76	-7,18	-7,72	-8,27	-8,76	-9,28	-9,71	-10,15	-10,37	-10,60	-10,70	-10,80	-10,93	-11,06	-11,17	-11,29	-4,73
06/03/2019 13:40:00	-4,60	-5,23	-5,66	-6,02	-6,37	-6,73	-7,21	-7,70	-8,17	-8,67	-9,20	-9,60	-10,01	-10,20	-10,40	-10,47	-10,54	-10,64	-10,74	-10,84	-10,95	-4,54
06/03/2019 13:45:00	-4,58	-5,25	-5,65	-5,93	-6,24	-6,65	-7,11	-7,66	-8,20	-8,67	-9,17	-9,56	-9,96	-10,16	-10,35	-10,43	-10,52	-10,62	-10,73	-10,84	-10,95	-4,48
06/03/2019 13:50:00	-4,61	-5,13	-5,53	-5,91	-6,34	-6,86	-7,40	-7,94	-8,43	-8,91	-9,39	-9,72	-10,05	-10,17	-10,29	-10,31	-10,33	-10,39	-10,44	-10,52	-10,61	-4,57
06/03/2019 13:55:00	-4,67	-5,15	-5,46	-5,76	-6,17	-6,72	-7,24	-7,86	-8,46	-8,93	-9,40	-9,74	-10,09	-10,22	-10,36	-10,40	-10,44	-10,52	-10,59	-10,68	-10,77	-4,79
06/03/2019 14:00:00	-4,55	-5,16	-5,62	-6,06	-6,46	-6,76	-7,18	-7,62	-8,05	-8,55	-9,09	-9,50	-9,92	-10,12	-10,32	-10,39	-10,46	-10,56	-10,67	-10,78	-10,89	-4,53
06/03/2019 14:05:00	-4,57	-5,07	-5,43	-5,74	-6,13	-6,67	-7,28	-7,93	-8,50	-8,95	-9,40	-9,73	-10,07	-10,20	-10,33	-10,38	-10,42	-10,49	-10,57	-10,65	-10,74	-4,42
06/03/2019 14:10:00	-4,47	-5,03	-5,43	-5,75	-6,13	-6,62	-7,22	-7,88	-8,49	-8,91	-9,33	-9,66	-9,99	-10,13	-10,27	-10,33	-10,40	-10,49	-10,57	-10,67	-10,77	-4,34
06/03/2019 14:15:00	-4,32	-5,06	-5,42	-5,69	-6,06	-6,56	-7,13	-7,75	-8,31	-8,81	-9,31	-9,68	-10,05	-10,20	-10,34	-10,39	-10,43	-10,50	-10,57	-10,66	-10,74	-4,33
06/03/2019 14:20:00	-4,40	-4,94	-5,33	-5,63	-6,01	-6,54	-7,14	-7,78	-8,35	-8,83	-9,32	-9,69	-10,06	-10,21	-10,37	-10,42	-10,48	-10,56	-10,64	-10,74	-10,83	-4,49
06/03/2019 14:25:00	-4,41	-4,96	-5,45	-5,76	-6,01	-6,36	-6,75	-7,18	-7,62	-8,20	-8,85	-9,39	-9,93	-10,23	-10,54	-10,67	-10,81	-10,96	-11,12	-11,25	-11,39	-4,42
06/03/2019 14:30:00	-4,29	-4,86	-5,31	-5,65	-6,00	-6,39	-6,95	-7,51	-8,02	-8,52	-9,03	-9,45	-9,86	-10,06	-10,26	-10,35	-10,43	-10,55	-10,66	-10,77	-10,88	-4,29
06/03/2019 14:35:00	-4,27	-4,87	-5,26	-5,60	-5,96	-6,36	-6,93	-7,52	-8,07	-8,57	-9,09	-9,50	-9,92	-10,11	-10,31	-10,39	-10,47	-10,58	-10,69	-10,79	-10,90	-4,21
06/03/2019 14:40:00	-4,21	-4,77	-5,21	-5,57	-5,98	-6,54	-7,11	-7,71	-8,25	-8,72	-9,20	-9,56	-9,92	-10,06	-10,21	-10,26	-10,31	-10,38	-10,46	-10,55	-10,64	-4,31
06/03/2019 14:45:00	-4,17	-4,80	-5,26	-5,63	-6,00	-6,42	-6,98	-7,52	-7,98	-8,47	-8,99	-9,38	-9,77	-9,95	-10,12	-10,19	-10,25	-10,34	-10,43	-10,53	-10,64	-3,98
06/03/2019 14:50:00	-4,13	-4,69	-5,17	-5,53	-5,89	-6,33	-6,81	-7,31	-7,76	-8,34	-8,95	-9,43	-9,90	-10,14	-10,38	-10,47	-10,56	-10,68	-10,80	-10,91	-11,03	-4,04
06/03/2019 14:55:00	-4,09	-4,70	-5,11	-5,54	-6,01	-6,44	-6,90	-7,41	-7,91	-8,44	-8,99	-9,39	-9,79	-9,96	-10,14	-10,19	-10,24	-10,33	-10,42	-10,52	-10,62	-3,98
06/03/2019 15:00:00	-3,97	-4,56	-4,92	-5,21	-5,58	-6,06	-6,59	-7,21	-7,81	-8,40	-9,01	-9,49	-9,97	-10,21	-10,45	-10,55	-10,64	-10,76	-10,88	-10,99	-11,11	-3,98
06/03/2019 15:05:00	-3,96	-4,56	-4,97	-5,28	-5,64	-6,17	-6,68	-7,23	-7,74	-8,31	-8,90	-9,35	-9,80	-10,01	-10,22	-10,29	-10,36	-10,46	-10,56	-10,66	-10,77	-3,95
06/03/2019 15:10:00	-4,02	-4,58	-5,01	-5,39	-5,77	-6,12	-6,62	-7,16	-7,69	-8,23	-8,81	-9,28	-9,75	-10,00	-10,24	-10,35	-10,47	-10,60	-10,74	-10,86	-10,98	-4,13
06/03/2019 15:15:00	-3,91	-4,39	-4,82	-5,21	-5,62	-6,08	-6,57	-7,12	-7,65	-8,26	-8,90	-9,40	-9,91	-10,17	-10,44	-10,54	-10,65	-10,78	-10,91	-11,04	-11,16	-3,88
06/03/2019 15:20:00	-3,86	-4,47	-4,92	-5,31	-5,70	-6,07	-6,58	-7,14	-7,69	-8,24	-8,82	-9,29	-9,76	-10,01	-10,26	-10,37	-10,48	-10,62	-10,75	-10,88	-11,00	-3,91
06/03/2019 15:25:00	-3,81	-4,52	-4,94	-5,24	-5,54	-5,89	-6,45	-7,03	-7,55	-8,12	-8,72	-9,21	-9,71	-9,97	-10,23	-10,35	-10,47	-10,61	-10,75	-10,87	-10,99	-3,37
06/03/2019 15:30:00	-3,79	-4,45	-4,89	-5,21	-5,59	-6,08	-6,65	-7,26	-7,81	-8,36	-8,93	-9,37	-9,82	-10,03	-10,24	-10,32	-10,40	-10,51	-10,61	-10,72	-10,83	-3,77
06/03/2019 15:35:00	-3,95	-4,46	-4,86	-5,23	-5,62	-6,03	-6,51	-7,07	-7,65	-8,17	-8,73	-9,19	-9,64	-9,88	-10,12	-10,24	-10,35	-10,48	-10,62	-10,74	-10,87	-3,69
06/03/2019 15:40:00	-3,93	-4,49	-4,88	-5,16	-5,45	-5,84	-6,35	-6,98	-7,61	-8,12	-8,67	-9,16	-9,65	-9,93	-10,20	-10,35	-10,50	-10,66	-10,83	-10,96	-11,10	-4,18
06/03/2019 15:45:00	-3,86	-4,47	-4,83	-5,05	-5,27	-5,55	-6,17	-6,78	-7,30	-7,91	-8,57	-9,13	-9,69	-10,02	-10,34	-10,49	-10,65	-10,82	-10,98	-11,12	-11,25	-3,73
06/03/2019 15:50:00	-3,75	-4,39	-4,76	-5,00	-5,27	-5,63	-6,20	-6,83	-7,41	-7,99	-8,60	-9,12	-9,64	-9,93	-10,22	-10,36	-10,50	-10,65	-10,81	-10,94	-11,07	-4,13
06/03/2019 15:55:00	-3,79	-4,32	-4,69	-5,06	-5,43	-5,80	-6,33	-6,91	-7,46	-8,03	-8,64	-9,13	-9,63	-9,89	-10,15	-10,26	-10,38	-10,52	-10,65	-10,78	-10,91	-3,69
06/03/2019 16:00:00	-3,87	-4,42	-4,77	-4,99	-5,26	-5,69	-6,27	-6,93	-7,54	-8,10	-8,70	-9,19	-9,69	-9,97	-10,24	-10,37	-10,50	-10,65	-10,79	-10,92	-11,04	-4,03
06/03/2019 16:05:00	-3,91	-4,37	-4,79	-5,21	-5,62	-6,01	-6,50	-7,01	-7,50	-8,06	-8,66	-9,13	-9,60	-9,84	-10,08	-10,18	-10,27	-10,40	-10,52	-10,65	-10,77	-4,16
06/03/2019 16:10:00	-3,82	-4,43	-4,76	-5,10	-5,48	-5,85	-6,37	-6,98	-7,60	-8,12	-8,68	-9,12	-9,57	-9,80	-10,02	-10,13	-10,23	-10,36	-10,49	-10,61	-10,73	-3,98
06/03/2019 16:15:00	-3,85	-4,37	-4,74	-5,05	-5,43	-5,95	-6,47	-7,06	-7,65	-8,19	-8,75	-9,19	-9,62	-9,83	-10,04	-10,12	-10,20	-10,31	-10,42	-10,53	-10,64	-4,13
06/03/2019 16:20:00	-4,08	-4,62	-5,04	-5,46	-5,89	-6,31	-6,87	-7,44	-7,95	-8,48	-9,02	-9,44	-9,85	-10,05	-10,24	-10,31	-10,38	-10,48	-10,58	-10,69	-10,79	-4,06
06/03/2019 16:25:00	-4,14	-4,56	-4,87	-5,23	-5,66	-6,07	-6,64	-7,28	-7,90	-8,46	-9,03	-9,49	-9,95	-10,18	-10,41	-10,51	-10,61	-10,73	-10,85	-10,97	-11,09	-4,19
06/03/2019 16:30:00	-4,15	-4,62	-5,05	-5,44	-5,87	-6,40	-6,91	-7,48	-8,05	-8,56	-9,09	-9,49	-9,90	-10,08	-10,27	-10,34	-10,41	-10,51	-10,61	-10,72	-10,82	-4,18
06/03/2019 16:35:00	-4,26	-4,73	-5,06	-5,37	-5,75	-6,21	-6,78	-7,41	-8,03	-8,59	-9,18	-9,65	-10,12	-10,35	-10,58	-10,68	-10,77	-10,89	-11,01	-11,12	-11,24	-4,11
06/03/2019 16:40:00	-4,13	-4,61	-5,05	-5,44	-5,78	-6,13	-6,54	-7,05	-7,59	-8,12	-8,70	-9,19	-9,68	-9,96	-10,23	-10,37	-10,50	-10,66	-10,81	-10,95	-11,09	-4,08
06/03/2019 16:45:00	-4,15	-4,60	-4,94	-5,29	-5,69	-6,10	-6,66	-7,30	-7,93	-8,41	-8,92	-9,33	-9,74	-9,95	-10,16	-10,26	-10,36	-10,49	-10,61	-10,73	-10,84	-3,46
06/03/2019 16:50:00	-4,06	-4,57	-5,00	-5,30	-5,60	-6,02	-6,57	-7,13	-7,64	-8,20	-8,80	-9,29	-9,79	-10,05	-10,31	-10,43	-10,55	-10,69	-10,83	-10,95	-11,07	-3,53
06/03/2019 16:55:00	-3,94	-4,44	-4,80	-5,15	-5,56	-5,99	-6,59	-7,30	-8,01	-8,50	-9,01	-9,45	-9,88	-10,11	-10,34	-10,46	-10,58	-10,72	-10,85	-10,98	-11,10	-3,74
06/03/2019 17:00:00	-3,91	-4,34	-4,82	-5,18	-5,51	-5,82	-6,39	-6,97	-7,49	-8,04	-8,65	-9,16	-9,68	-9,98	-10,28	-10,44	-10,59	-10,76	-10,93	-11,07	-11,21	-3,73
06/03/2019 17:05:00	-3,77	-4,19	-4,51	-4,80	-5,17	-5,67	-6,27	-6,97	-7,66	-8,21	-8,79	-9,28	-9,76	-10,01	-10,27	-10,39	-10,52	-10,66	-10,80	-10,92	-11,05	-3,83
06/03/2019 17:10:00	-3,86	-4,34	-4,74	-5,05	-5,40	-5,84	-6,42	-7,07	-7,68	-8,22	-8,78	-9,26	-9,73	-9,99	-10,24	-10,36	-10,49	-10,63	-10,77	-10,90	-11,02	-3,89
06/03/2019 17:15:00	-3,93	-4,28	-4,68	-5,09	-5,52	-5,99	-6,52	-7,07	-7,60	-8,11	-8,64	-9,06	-9,47	-9,67	-9,87	-9,95	-10,04	-10,15	-10,26	-10,38	-10,49	-3,91
06/03/2019 17:20:00	-3,96	-4,36	-4,63	-4,82	-5,07	-5,40	-6,00	-6,63	-7,21	-7,84	-8,52	-9,09	-9,66	-9,99	-10,31	-10,47	-10,63	-10,80	-10,97	-11,10	-11,24	-4,04
06/03/2019 17:25:00	-3,92	-4,31	-4,60	-4,82	-5,12	-5,57	-6,12	-6,80	-7,51	-8,05	-8,64	-9,14	-9,65	-9,93	-10,22	-10,38	-10,53	-10,69	-10,86	-11,00	-11,13	-4,25
06/03/2019 17:30:00	-4,09	-4,46	-4,73	-4,94	-5,28	-5,80	-6,43	-7,16	-7,85	-8,43	-9,03	-9,52	-10,01	-10,27	-10,52	-10,64	-10,76	-10,89	-11,02	-11,14	-11,26	-4,14
06/03/2019 17:35:00	-4,01	-4,37	-4,74	-5,10	-5,51	-5,96	-6,61	-7,23	-7,74	-8,31	-8,88	-9,32	-9,77	-9,98	-10,19	-10,27	-10,35	-10,45	-10,56	-10,67	-10,78	-4,06
06/03/2019 17:40:00	-4,02	-4,46	-4,79	-5,05	-5,35	-5,82	-6,32	-6,92	-7,53	-8,16	-8,84	-9,39	-9,95	-10,26	-10,57	-10,71	-10,85	-11,00	-11,16	-11,29	-11,42	-3,99
06/03/2019 17:45:00	-4,12	-4,57	-4,97	-5,33	-5,67	-6,01	-6,48	-7,02	-7,55	-8,11	-8,72	-9,23	-9,74	-10,02	-10,30	-10,43	-10,57	-10,72	-10,87	-11,01	-11,14	-4,16
06/03/2019 17:50:00	-4,27	-4,62	-5,00	-5,36	-5,75	-6,20	-6,76	-7,32	-7,84	-8,39	-8,96	-9,40	-9,84	-10,06	-10,28	-10,36	-10,45	-10,56	-10,68	-10,79	-10,90	-4,24
06/03/2019 17:55:00	-4,20	-4,62	-4,98	-5,31	-5,65	-6,03	-6,60	-7,21	-7,80	-8,33	-8,91	-9,38	-9,86	-10,11	-10,37	-10,49	-10,62	-10,76	-10,90	-11,03	-11,15	-4,26
06/03/2019 18:00:00	-4,21	-4,67	-5,01	-5,31	-5,63	-6,03	-6,60	-7,23	-7,81	-8,37	-8,98	-9,47	-9,97	-10,23	-10,50	-10,62	-10,74	-10,88	-11,02	-11,15	-11,27	-4,19
06/03/2019 18:05:00	-4,21	-4,59	-4,89	-5,11	-5,43	-6,01	-6,62	-7,28	-7,88	-8,47	-9,08	-9,56	-10,04	-10,27	-10,51	-10,61	-10,70	-10,81	-10,93	-11,03	-11,14	-4,21
06/03/2019 18:10:00	-4,20	-4,64	-4,97	-5,26	-5,58	-5,94	-6,52	-7,15	-7,73	-8,31	-8,92	-9,43	-9,94	-10,21	-10,49	-10,63	-10,76	-10,91	-11,06	-11,19	-11,32	-4,17
06/03/2019 18:15:00	-4,26	-4,57	-5,01	-5,39	-5,75	-6,16	-6,69	-7,22	-7,72	-8,28	-8,88	-9,36	-9,85	-10,12	-10,38	-10,50	-10,62	-10,76	-10,90	-11,03	-11,16	-4,26
06/03/2019 18:20:00	-4,27	-4,61	-4,93	-5,21	-5,53	-5,96	-6,56	-7,16	-7,71	-8,31	-8,95	-9,46	-9,98	-10,25	-10,52	-10,64	-10,76	-10,89	-11,03	-11,15	-11,28	-4,23
06/03/2019 18:25:00	-4,27	-4,57	-4,90	-5,21	-5,59	-6,12	-6,76	-7,40	-7,94	-8,51	-9,08	-9,53	-9,97	-10,18	-10,38	-10,46	-10,54	-10,64	-10,74	-10,85	-10,95	-4,24
06/03/2019 18:30:00	-4,27	-4,66	-4,99	-5,34	-5,73	-6,13	-6,69	-7,29	-7,86	-8,44	-9,05	-9,54	-10,03	-10,28	-10,54	-10,64	-10,75	-10,88	-11,02	-11,14	-11,26	-4,32
06/03/2019 18:35:00	-4,33	-4,56	-4,93	-5,29	-5,70	-6,21	-6,83	-7,45	-8,01	-8,59	-9,19	-9,66	-10,13	-10,36	-10,59	-10,68	-10,78	-10,89	-11,01	-11,13	-11,24	-4,29
06/03/2019 18:40:00	-4,38	-4,61	-4,83	-5,10	-5,46	-5,90	-6,47	-7,13	-7,76	-8,38	-9,02	-9,54	-10,06	-10,33	-10,61	-10,73	-10,86	-11,00	-11,14	-11,26	-11,39	-4,31
06/03/2019 18:45:00	-4,42	-4,73	-5,07	-5,29	-5,55	-6,00	-6,50	-7,09	-7,68	-8,20	-8,77	-9,24	-9,72	-9,99	-10,25	-10,38	-10,52	-10,67	-10,82	-10,95	-11,08	-4,48
06/03/2019 18:50:00	-4,48	-4,71	-5,08	-5,41	-5,77	-6,19	-6,74	-7,34	-7,90	-8,45	-9,04	-9,52	-10,01	-10,27	-10,54	-10,66	-10,79	-10,93	-11,08	-11,21	-11,34	-4,48
06/03/2019 18:55:00	-4,50	-4,89	-5,25	-5,48	-5,72	-6,11	-6,59	-7,16	-7,73	-8,29	-8,91	-9,44	-9,97	-10,27	-10,58	-10,73	-10,89	-11,06	-11,23	-11,36	-11,50	-4,49
06/03/2019 19:00:00	-4,48	-4,75	-4,93	-5,12	-5,46	-5,92	-6,54	-7,28	-8,00	-8,58	-9,19	-9,68	-10,18	-10,44	-10,70	-10,82	-10,95	-11,09	-11,22	-11,35	-11,47	-4,49
06/03/2019 19:05:00	-4,54	-4,87	-5,10	-5,35	-5,72	-6,20	-6,86	-7,59	-8,26	-8,82	-9,40	-9,86	-10,32	-10,55	-10,78	-10,88	-10,98	-11,10	-11,21	-11,32	-11,43	-4,55
06/03/2019 19:10:00	-4,54	-4,87	-5,12	-5,35	-5,70	-6,20	-6,85	-7,54	-8,17	-8,79	-9,43	-9,94	-10,44	-10,69	-10,94	-11,04	-11,14	-11,26	-11,38	-11,49	-11,60	-4,59
06/03/2019 19:15:00	-4,64	-5,10	-5,29	-5,45	-5,76	-6,27	-6,91	-7,71	-8,47	-8,96	-9,46	-9,88	-10,29	-10,50	-10,70	-10,81	-10,92	-11,04	-11,15	-11,26	-11,37	-4,66
06/03/2019 19:20:00	-4,79	-5,09	-5,36	-5,57	-5,90	-6,45	-7,12	-7,84	-8,50	-9,00	-9,52	-9,93	-10,34	-10,53	-10,73	-10,82	-10,91	-11,02	-11,12	-11,22	-11,33	-4,75
06/03/2019 19:25:00	-4,85	-5,14	-5,41	-5,69	-6,03	-6,46	-6,96	-7,53	-8,09	-8,66	-9,26	-9,74	-10,21	-10,45	-10,70	-10,79	-10,89	-11,01	-11,14	-11,25	-11,37	-4,86
06/03/2019 19:30:00	-4,96	-5,09	-5,33	-5,61	-5,99	-6,45	-7,20	-7,93	-8,56	-9,08	-9,60	-10,01	-10,42	-10,61	-10,81	-10,90	-10,99	-11,09	-11,20	-11,31	-11,42	-4,89
06/03/2019 19:35:00	-5,05	-5,19	-5,43	-5,74	-6,09	-6,47	-7,04	-7,66	-8,28	-8,86	-9,49	-10,00	-10,51	-10,79	-11,07	-11,19	-11,32	-11,47	-11,61	-11,74	-11,87	-4,96
06/03/2019 19:40:00	-4,93	-5,26	-5,55	-5,76	-6,03	-6,43	-6,96	-7,60	-8,24	-8,80	-9,40	-9,93	-10,45	-10,74	-11,04	-11,19	-11,34	-11,50	-11,66	-11,79	-11,93	-5,03
06/03/2019 19:45:00	-5,08	-5,23	-5,49	-5,76	-6,12	-6,60	-7,22	-7,93	-8,61	-9,10	-9,61	-10,03	-10,45	-10,67	-10,89	-11,00	-11,11	-11,24	-11,37	-11,49	-11,61	-5,11
06/03/2019 19:50:00	-5,18	-5,46	-5,70	-5,95	-6,27	-6,69	-7,19	-7,77	-8,34	-8,87	-9,42	-9,86	-10,29	-10,51	-10,73	-10,82	-10,91	-11,02	-11,13	-11,24	-11,35	-5,15
06/03/2019 19:55:00	-5,19	-5,36	-5,59	-5,82	-6,14	-6,57	-7,16	-7,80	-8,41	-8,96	-9,53	-9,99	-10,46	-10,69	-10,93	-11,04	-11,14	-11,27	-11,39	-11,51	-11,62	-5,06
06/03/2019 20:00:00	-5,04	-5,21	-5,36	-5,59	-5,94	-6,34	-7,00	-7,70	-8,33	-8,88	-9,45	-9,89	-10,34	-10,56	-10,78	-10,87	-10,97	-11,08	-11,20	-11,31	-11,42	-5,08
06/03/2019 20:05:00	-5,19	-5,34	-5,58	-5,80	-6,04	-6,33	-6,83	-7,40	-7,98	-8,58	-9,24	-9,81	-10,38	-10,72	-11,06	-11,22	-11,39	-11,57	-11,75	-11,89	-12,04	-5,17
06/03/2019 20:10:00	-5,19	-5,33	-5,55	-5,79	-6,15	-6,66	-7,28	-7,95	-8,57	-9,15	-9,74	-10,20	-10,65	-10,87	-11,09	-11,18	-11,27	-11,38	-11,48	-11,59	-11,70	-5,21
06/03/2019 20:15:00	-5,24	-5,36	-5,58	-5,86	-6,23	-6,67	-7,25	-7,88	-8,46	-9,02	-9,59	-10,04	-10,49	-10,71	-10,93	-11,02	-11,11	-11,23	-11,34	-11,45	-11,56	-5,23
06/03/2019 20:20:00	-5,28	-5,38	-5,58	-5,89	-6,28	-6,69	-7,35	-8,00	-8,57	-9,14	-9,74	-10,19	-10,65	-10,86	-11,08	-11,16	-11,25	-11,35	-11,46	-11,56	-11,67	-5,24
06/03/2019 20:25:00	-5,38	-5,42	-5,65	-5,95	-6,31	-6,73	-7,30	-7,90	-8,47	-9,05	-9,65	-10,13	-10,61	-10,86	-11,11	-11,22	-11,32	-11,45	-11,58	-11,70	-11,82	-5,33
06/03/2019 20:30:00	-5,28	-5,51	-5,77	-6,00	-6,28	-6,70	-7,25	-7,89	-8,51	-9,04	-9,61	-10,08	-10,56	-10,81	-11,07	-11,20	-11,32	-11,46	-11,60	-11,73	-11,85	-5,36
06/03/2019 20:35:00	-5,36	-5,38	-5,56	-5,76	-6,13	-6,71	-7,39	-8,14	-8,83	-9,38	-9,93	-10,36	-10,79	-11,00	-11,20	-11,28	-11,37	-11,47	-11,57	-11,68	-11,78	-5,37
06/03/2019 20:40:00	-5,30	-5,59	-5,72	-5,84	-6,12	-6,62	-7,27	-7,95	-8,55	-9,16	-9,78	-10,26	-10,74	-10,96	-11,18	-11,26	-11,34	-11,43	-11,52	-11,62	-11,71	-5,41
06/03/2019 20:45:00	-5,36	-5,50	-5,75	-6,07	-6,46	-6,90	-7,49	-8,12	-8,70	-9,22	-9,75	-10,16	-10,58	-10,77	-10,97	-11,05	-11,13	-11,24	-11,35	-11,45	-11,56	-5,36
06/03/2019 20:50:00	-5,30	-5,39	-5,73	-6,12	-6,54	-6,98	-7,50	-8,05	-8,58	-9,08	-9,60	-10,01	-10,41	-10,61	-10,80	-10,88	-10,96	-11,07	-11,18	-11,29	-11,41	-5,29
06/03/2019 20:55:00	-5,34	-5,47	-5,67	-5,93	-6,25	-6,60	-7,22	-7,88	-8,48	-9,03	-9,62	-10,10	-10,58	-10,84	-11,09	-11,21	-11,33	-11,47	-11,61	-11,73	-11,85	-5,32
06/03/2019 21:00:00	-5,45	-5,54	-5,70	-5,92	-6,29	-6,83	-7,50	-8,23	-8,88	-9,40	-9,91	-10,30	-10,70	-10,87	-11,04	-11,11	-11,18	-11,27	-11,36	-11,46	-11,56	-5,39
06/03/2019 21:05:00	-5,50	-5,51	-5,86	-6,24	-6,62	-7,01	-7,47	-8,00	-8,52	-8,98	-9,48	-9,88	-10,28	-10,50	-10,71	-10,81	-10,92	-11,05	-11,18	-11,30	-11,43	-5,48
06/03/2019 21:10:00	-5,43	-5,64	-5,90	-6,12	-6,41	-6,82	-7,34	-7,91	-8,47	-9,06	-9,69	-10,19	-10,70	-10,97	-11,23	-11,34	-11,46	-11,59	-11,72	-11,83	-11,95	-5,47
06/03/2019 21:15:00	-5,51	-5,65	-5,94	-6,21	-6,53	-6,95	-7,42	-7,93	-8,43	-9,03	-9,65	-10,14	-10,63	-10,89	-11,14	-11,24	-11,33	-11,45	-11,58	-11,69	-11,81	-5,56
06/03/2019 21:20:00	-5,47	-5,59	-5,83	-6,11	-6,45	-6,89	-7,39	-7,95	-8,51	-9,05	-9,61	-10,05	-10,50	-10,72	-10,93	-11,02	-11,11	-11,23	-11,34	-11,45	-11,57	-5,43
06/03/2019 21:25:00	-5,45	-5,69	-5,91	-6,13	-6,43	-6,89	-7,42	-8,06	-8,67	-9,20	-9,75	-10,20	-10,64	-10,86	-11,09	-11,18	-11,28	-11,40	-11,51	-11,62	-11,73	-5,49
06/03/2019 21:30:00	-5,53	-5,65	-5,89	-6,16	-6,51	-6,95	-7,46	-8,04	-8,60	-9,17	-9,76	-10,23	-10,70	-10,93	-11,16	-11,25	-11,34	-11,46	-11,57	-11,69	-11,80	-5,59
06/03/2019 21:35:00	-5,55	-5,67	-5,96	-6,29	-6,63	-6,97	-7,46	-7,99	-8,50	-9,06	-9,67	-10,16	-10,65	-10,91	-11,18	-11,29	-11,40	-11,54	-11,67	-11,80	-11,92	-5,54
06/03/2019 21:40:00	-5,48	-5,76	-5,94	-6,12	-6,43	-6,89	-7,51	-8,13	-8,66	-9,26	-9,88	-10,34	-10,80	-11,01	-11,21	-11,27	-11,34	-11,42	-11,50	-11,60	-11,69	-5,58
06/03/2019 21:45:00	-5,63	-5,71	-5,86	-6,07	-6,44	-6,95	-7,67	-8,39	-9,01	-9,57	-10,14	-10,56	-10,98	-11,17	-11,35	-11,42	-11,48	-11,57	-11,65	-11,75	-11,84	-5,68
06/03/2019 21:50:00	-5,54	-5,77	-6,00	-6,25	-6,59	-7,01	-7,56	-8,17	-8,77	-9,30	-9,86	-10,29	-10,73	-10,94	-11,16	-11,24	-11,33	-11,44	-11,55	-11,65	-11,76	-5,64
06/03/2019 21:55:00	-5,73	-5,78	-6,05	-6,35	-6,72	-7,21	-7,76	-8,35	-8,91	-9,45	-10,02	-10,45	-10,89	-11,11	-11,32	-11,40	-11,49	-11,60	-11,70	-11,81	-11,92	-5,73
06/03/2019 22:00:00	-5,84	-5,80	-5,97	-6,28	-6,71	-7,24	-7,88	-8,54	-9,14	-9,68	-10,23	-10,63	-11,03	-11,20	-11,37	-11,43	-11,48	-11,57	-11,65	-11,74	-11,84	-5,75
06/03/2019 22:05:00	-5,74	-5,89	-6,07	-6,30	-6,65	-7,12	-7,80	-8,48	-9,08	-9,63	-10,20	-10,62	-11,05	-11,24	-11,44	-11,51	-11,58	-11,67	-11,76	-11,85	-11,95	-5,74
06/03/2019 22:10:00	-5,86	-5,82	-6,00	-6,29	-6,68	-7,14	-7,78	-8,41	-8,98	-9,56	-10,16	-10,61	-11,06	-11,28	-11,49	-11,57	-11,65	-11,75	-11,85	-11,95	-12,06	-5,74
06/03/2019 22:15:00	-5,81	-5,86	-6,12	-6,43	-6,82	-7,31	-7,83	-8,40	-8,94	-9,42	-9,91	-10,29	-10,66	-10,83	-10,99	-11,05	-11,12	-11,21	-11,30	-11,40	-11,50	-5,79
06/03/2019 22:20:00	-5,75	-5,99	-6,23	-6,52	-6,84	-7,19	-7,76	-8,34	-8,86	-9,41	-9,99	-10,44	-10,90	-11,12	-11,35	-11,44	-11,53	-11,64	-11,75	-11,86	-11,97	-5,85
06/03/2019 22:25:00	-5,90	-6,01	-6,25	-6,59	-6,96	-7,33	-7,88	-8,46	-9,00	-9,52	-10,08	-10,52	-10,96	-11,18	-11,39	-11,48	-11,57	-11,68	-11,80	-11,91	-12,02	-5,94
06/03/2019 22:30:00	-5,89	-5,97	-6,24	-6,59	-6,99	-7,42	-7,92	-8,49	-9,04	-9,55	-10,07	-10,47	-10,88	-11,07	-11,26	-11,33	-11,40	-11,50	-11,61	-11,71	-11,82	-5,94
06/03/2019 22:35:00	-5,85	-5,98	-6,17	-6,42	-6,81	-7,33	-7,96	-8,57	-9,10	-9,66	-10,22	-10,62	-11,02	-11,18	-11,33	-11,37	-11,40	-11,46	-11,52	-11,60	-11,69	-5,84
06/03/2019 22:40:00	-5,95	-6,17	-6,50	-6,78	-7,05	-7,35	-7,81	-8,24	-8,65	-9,21	-9,80	-10,27	-10,75	-10,99	-11,24	-11,33	-11,43	-11,55	-11,67	-11,78	-11,90	-5,92
06/03/2019 22:45:00	-5,99	-6,04	-6,35	-6,68	-7,02	-7,40	-7,83	-8,37	-8,93	-9,35	-9,80	-10,18	-10,56	-10,76	-10,96	-11,06	-11,16	-11,29	-11,42	-11,54	-11,66	-6,04
06/03/2019 22:50:00	-6,09	-6,18	-6,40	-6,71	-7,07	-7,49	-8,01	-8,55	-9,06	-9,57	-10,09	-10,49	-10,89	-11,07	-11,25	-11,31	-11,37	-11,46	-11,55	-11,65	-11,75	-6,03
06/03/2019 22:55:00	-6,12	-6,16	-6,44	-6,79	-7,19	-7,60	-8,14	-8,69	-9,21	-9,65	-10,12	-10,47	-10,82	-10,98	-11,13	-11,19	-11,25	-11,34	-11,42	-11,52	-11,62	-6,20
06/03/2019 23:00:00	-6,20	-6,29	-6,46	-6,67	-7,03	-7,58	-8,23	-8,85	-9,37	-9,88	-10,38	-10,72	-11,07	-11,19	-11,30	-11,32	-11,34	-11,39	-11,43	-11,51	-11,58	-6,11
06/03/2019 23:05:00	-6,29	-6,51	-6,66	-6,77	-7,02	-7,49	-8,02	-8,69	-9,33	-9,81	-10,29	-10,69	-11,08	-11,27	-11,45	-11,54	-11,63	-11,73	-11,83	-11,93	-12,02	-6,19
06/03/2019 23:10:00	-6,36	-6,52	-6,75	-7,02	-7,35	-7,73	-8,23	-8,75	-9,26	-9,75	-10,27	-10,65	-11,04	-11,21	-11,38	-11,44	-11,50	-11,59	-11,67	-11,77	-11,86	-6,33
06/03/2019 23:15:00	-6,39	-6,44	-6,71	-7,03	-7,41	-7,90	-8,36	-8,83	-9,27	-9,74	-10,22	-10,55	-10,89	-11,01	-11,14	-11,16	-11,18	-11,24	-11,30	-11,38	-11,47	-6,38
06/03/2019 23:20:00	-6,32	-6,47	-6,77	-7,09	-7,48	-7,96	-8,47	-9,02	-9,52	-9,91	-10,30	-10,58	-10,86	-10,96	-11,05	-11,08	-11,10	-11,16	-11,22	-11,30	-11,39	-6,37
06/03/2019 23:25:00	-6,27	-6,35	-6,68	-7,04	-7,43	-7,86	-8,30	-8,82	-9,34	-9,78	-10,24	-10,60	-10,95	-11,12	-11,28	-11,34	-11,40	-11,50	-11,59	-11,70	-11,80	-6,24
06/03/2019 23:30:00	-6,26	-6,54	-6,85	-7,06	-7,26	-7,57	-7,99	-8,45	-8,91	-9,44	-10,03	-10,51	-11,00	-11,26	-11,52	-11,64	-11,75	-11,88	-12,02	-12,13	-12,25	-6,21
06/03/2019 23:35:00	-6,19	-6,42	-6,71	-7,02	-7,36	-7,76	-8,11	-8,53	-8,97	-9,47	-10,00	-10,38	-10,77	-10,94	-11,11	-11,16	-11,21	-11,29	-11,37	-11,47	-11,57	-6,20
06/03/2019 23:40:00	-6,32	-6,49	-6,60	-6,80	-7,15	-7,64	-8,18	-8,75	-9,28	-9,81	-10,34	-10,70	-11,06	-11,19	-11,32	-11,33	-11,35	-11,40	-11,44	-11,52	-11,60	-6,24
06/03/2019 23:45:00	-6,32	-6,73	-6,91	-7,10	-7,35	-7,67	-8,14	-8,71	-9,25	-9,69	-10,15	-10,51	-10,86	-11,02	-11,18	-11,24	-11,31	-11,39	-11,48	-11,57	-11,67	-6,41
06/03/2019 23:50:00	-6,41	-6,64	-6,84	-7,04	-7,32	-7,72	-8,25	-8,81	-9,32	-9,77	-10,22	-10,56	-10,90	-11,04	-11,19	-11,24	-11,29	-11,36	-11,44	-11,53	-11,62	-6,58
06/03/2019 23:55:00	-6,49	-6,81	-7,03	-7,24	-7,48	-7,80	-8,22	-8,70	-9,15	-9,56	-9,98	-10,31	-10,63	-10,77	-10,90	-10,95	-11,00	-11,08	-11,16	-11,25	-11,34	-6,46
