FileFormat:0002.2 file with temperature of atmosphere
SN105HE102 RTK
local	GMT or Local
0	GMT-Local=[hours]
20	Height[m]
0	0	0	Longitude                [grd]               [min]               [sec]
0	0	0	Latitude                [grd]               [min]               [sec]
N	NS
56,45	Freq[GHz]
0,00	dTemostat[K]
0,150	MessErr[K]
0,248	//[grad/step]
version 14.4.20120406
MTP5HE102F5645K-38.60I70D222917+A1.1
Commentary:
SN105HE102
парабола ДНА = 2,5 град
НЕ102 - ПУ - ХВБ с ЦСД " S "
АЦП - 202 - 09 с контр.U пит.и М
оптопара серии - 2
Т out № 178 пл
БП LPS - 112
End Of Commentary

SYSTEM\summer.dat
data time	0	50	100	150	200	250	300	350	400	450	500	550	600	650	700	750	800	850	900	950	1000	OutsideTemperature
22/10/2021 00:00:00	8,33	9,10	9,60	10,00	10,26	10,35	10,28	10,11	10,05	9,85	9,50	9,13	8,76	8,40	8,04	7,70	7,36	7,02	6,69	6,33	5,98	8,20
22/10/2021 00:05:00	8,36	9,00	9,47	9,89	10,24	10,29	10,29	10,26	10,10	9,89	9,62	9,31	8,99	8,66	8,33	7,99	7,64	7,29	6,95	6,58	6,21	8,07
22/10/2021 00:10:00	8,24	8,92	9,39	9,85	10,26	10,29	10,32	10,34	10,15	9,91	9,63	9,29	8,96	8,62	8,28	7,92	7,57	7,21	6,85	6,47	6,09	8,57
22/10/2021 00:15:00	8,26	9,13	9,64	10,04	10,30	10,35	10,30	10,19	10,06	9,86	9,55	9,22	8,89	8,56	8,22	7,88	7,54	7,20	6,87	6,51	6,16	8,67
22/10/2021 00:20:00	8,74	9,39	9,88	10,27	10,51	10,55	10,53	10,48	10,37	10,18	9,89	9,57	9,26	8,94	8,61	8,29	7,96	7,63	7,30	6,95	6,60	8,63
22/10/2021 00:25:00	9,07	9,59	9,96	10,30	10,56	10,60	10,57	10,49	10,42	10,26	9,97	9,66	9,35	9,04	8,73	8,41	8,09	7,77	7,44	7,10	6,75	8,88
22/10/2021 00:30:00	9,17	9,52	9,93	10,32	10,64	10,74	10,80	10,84	10,68	10,44	10,12	9,77	9,42	9,07	8,73	8,38	8,04	7,69	7,34	6,95	6,57	8,92
22/10/2021 00:35:00	8,84	9,44	9,96	10,42	10,76	10,92	10,96	10,92	10,80	10,58	10,25	9,89	9,53	9,17	8,82	8,46	8,11	7,75	7,39	7,00	6,62	8,83
22/10/2021 00:40:00	9,04	9,65	10,12	10,45	10,58	10,67	10,64	10,52	10,40	10,22	9,94	9,64	9,34	9,02	8,71	8,39	8,06	7,74	7,41	7,07	6,73	8,56
22/10/2021 00:45:00	9,04	9,60	10,08	10,47	10,73	10,82	10,78	10,66	10,49	10,29	10,03	9,72	9,41	9,08	8,74	8,39	8,03	7,68	7,32	6,95	6,57	8,96
22/10/2021 00:50:00	9,00	9,71	10,15	10,53	10,81	10,90	10,90	10,84	10,63	10,41	10,18	9,89	9,61	9,29	8,97	8,62	8,27	7,91	7,56	7,18	6,80	9,17
22/10/2021 00:55:00	9,01	9,60	9,95	10,26	10,50	10,59	10,58	10,50	10,43	10,29	10,06	9,80	9,54	9,26	8,98	8,67	8,36	8,04	7,73	7,39	7,05	9,09
22/10/2021 01:00:00	9,04	9,49	9,83	10,10	10,25	10,37	10,39	10,35	10,19	10,01	9,80	9,55	9,29	9,02	8,74	8,43	8,12	7,80	7,48	7,13	6,79	8,97
22/10/2021 01:05:00	8,98	9,35	9,55	9,74	9,90	10,06	10,14	10,15	10,09	10,00	9,86	9,70	9,53	9,32	9,12	8,86	8,61	8,33	8,05	7,74	7,44	8,83
22/10/2021 01:10:00	8,91	9,42	9,85	10,12	10,19	10,21	10,15	10,03	9,91	9,73	9,47	9,19	8,90	8,61	8,32	8,00	7,69	7,39	7,08	6,76	6,44	9,05
22/10/2021 01:15:00	9,05	9,48	9,77	10,03	10,23	10,34	10,37	10,36	10,24	10,06	9,79	9,51	9,22	8,93	8,64	8,33	8,03	7,72	7,40	7,06	6,72	9,08
22/10/2021 01:20:00	9,01	9,53	9,85	10,09	10,20	10,20	10,13	10,02	9,87	9,70	9,50	9,26	9,02	8,75	8,47	8,17	7,86	7,55	7,24	6,92	6,60	9,20
22/10/2021 01:25:00	9,20	9,50	9,72	9,91	10,02	10,15	10,15	10,05	10,02	9,88	9,58	9,28	8,99	8,71	8,42	8,14	7,86	7,56	7,27	6,95	6,63	8,96
22/10/2021 01:30:00	8,98	9,35	9,56	9,72	9,80	9,79	9,71	9,58	9,50	9,34	9,07	8,80	8,52	8,24	7,97	7,68	7,39	7,10	6,81	6,51	6,20	8,99
22/10/2021 01:35:00	8,86	9,32	9,51	9,67	9,81	9,78	9,71	9,62	9,45	9,25	9,02	8,77	8,51	8,23	7,96	7,65	7,35	7,04	6,74	6,42	6,10	8,67
22/10/2021 01:40:00	8,66	9,18	9,38	9,55	9,67	9,66	9,62	9,57	9,42	9,23	8,99	8,74	8,49	8,22	7,95	7,66	7,37	7,07	6,78	6,47	6,16	8,78
22/10/2021 01:45:00	8,66	9,11	9,41	9,69	9,93	9,85	9,76	9,65	9,47	9,27	9,03	8,75	8,46	8,16	7,85	7,52	7,18	6,86	6,53	6,19	5,86	8,59
22/10/2021 01:50:00	8,61	9,02	9,28	9,53	9,76	9,79	9,75	9,67	9,57	9,41	9,17	8,91	8,64	8,36	8,08	7,78	7,47	7,17	6,86	6,53	6,20	8,42
22/10/2021 01:55:00	8,33	8,86	9,15	9,38	9,52	9,57	9,54	9,46	9,32	9,14	8,92	8,67	8,42	8,15	7,87	7,57	7,27	6,97	6,67	6,35	6,03	8,39
22/10/2021 02:00:00	8,26	8,78	9,04	9,30	9,55	9,52	9,52	9,53	9,36	9,19	9,02	8,81	8,59	8,34	8,08	7,78	7,49	7,18	6,88	6,57	6,25	8,33
22/10/2021 02:05:00	8,34	8,83	9,06	9,24	9,36	9,43	9,44	9,42	9,25	9,04	8,81	8,55	8,29	8,02	7,74	7,45	7,16	6,86	6,56	6,25	5,93	8,24
22/10/2021 02:10:00	8,41	8,73	8,96	9,13	9,21	9,25	9,23	9,17	9,06	8,90	8,69	8,46	8,23	7,97	7,72	7,45	7,17	6,89	6,61	6,31	6,02	8,65
22/10/2021 02:15:00	8,35	8,52	8,74	8,97	9,16	9,19	9,23	9,27	9,13	8,94	8,71	8,45	8,20	7,93	7,66	7,37	7,09	6,79	6,50	6,18	5,86	8,56
22/10/2021 02:20:00	8,25	8,59	8,86	9,01	9,01	9,06	9,04	8,96	8,87	8,78	8,69	8,55	8,41	8,22	8,02	7,77	7,52	7,26	7,01	6,74	6,48	8,65
22/10/2021 02:25:00	8,36	8,70	8,90	9,09	9,24	9,34	9,41	9,46	9,33	9,21	9,08	8,92	8,75	8,54	8,33	8,07	7,81	7,54	7,26	6,96	6,66	8,85
22/10/2021 02:30:00	8,66	8,89	9,06	9,26	9,48	9,62	9,68	9,69	9,55	9,42	9,31	9,15	8,99	8,77	8,55	8,26	7,98	7,69	7,39	7,06	6,74	8,97
22/10/2021 02:35:00	8,80	9,05	9,11	9,24	9,45	9,43	9,39	9,33	9,23	9,08	8,89	8,68	8,46	8,21	7,97	7,69	7,41	7,12	6,84	6,53	6,22	9,20
22/10/2021 02:40:00	8,81	8,83	9,01	9,22	9,42	9,57	9,57	9,47	9,43	9,31	9,11	8,88	8,64	8,38	8,13	7,84	7,56	7,26	6,97	6,64	6,32	8,92
22/10/2021 02:45:00	9,04	9,03	9,23	9,45	9,64	9,75	9,83	9,90	9,69	9,47	9,26	9,00	8,75	8,47	8,19	7,88	7,58	7,26	6,94	6,60	6,25	8,98
22/10/2021 02:50:00	8,91	9,01	9,31	9,56	9,69	9,81	9,85	9,84	9,75	9,58	9,30	9,01	8,72	8,43	8,14	7,85	7,56	7,26	6,96	6,63	6,31	8,82
22/10/2021 02:55:00	8,95	9,03	9,26	9,48	9,64	9,74	9,78	9,78	9,63	9,45	9,24	9,00	8,75	8,48	8,21	7,92	7,62	7,31	7,00	6,67	6,34	9,03
22/10/2021 03:00:00	9,11	9,02	9,14	9,30	9,48	9,54	9,54	9,49	9,40	9,28	9,13	8,93	8,73	8,49	8,26	7,98	7,70	7,42	7,13	6,81	6,50	9,03
22/10/2021 03:05:00	8,85	8,79	9,02	9,25	9,45	9,59	9,64	9,62	9,51	9,38	9,20	8,97	8,75	8,49	8,23	7,94	7,65	7,35	7,05	6,72	6,39	8,88
22/10/2021 03:10:00	8,75	8,66	8,79	8,94	9,08	9,19	9,20	9,13	9,05	8,92	8,72	8,49	8,25	8,00	7,75	7,48	7,20	6,91	6,63	6,32	6,01	8,65
22/10/2021 03:15:00	8,59	8,52	8,62	8,79	9,01	9,11	9,17	9,18	9,14	9,04	8,88	8,69	8,50	8,28	8,06	7,81	7,55	7,28	7,01	6,71	6,40	8,50
22/10/2021 03:20:00	8,50	8,47	8,72	8,96	9,13	9,29	9,37	9,42	9,37	9,20	8,91	8,61	8,32	8,03	7,75	7,48	7,21	6,92	6,63	6,31	5,99	8,82
22/10/2021 03:25:00	8,56	8,67	8,92	9,16	9,33	9,44	9,48	9,47	9,32	9,14	8,90	8,63	8,37	8,08	7,80	7,50	7,20	6,90	6,59	6,26	5,93	8,90
22/10/2021 03:30:00	8,44	8,61	8,74	8,92	9,12	9,16	9,15	9,10	9,00	8,85	8,66	8,44	8,22	7,97	7,72	7,44	7,16	6,87	6,58	6,28	5,97	8,66
22/10/2021 03:35:00	8,38	8,61	8,81	9,02	9,25	9,36	9,40	9,38	9,25	9,10	8,92	8,70	8,47	8,22	7,96	7,67	7,39	7,09	6,79	6,46	6,14	8,22
22/10/2021 03:40:00	8,21	8,39	8,58	8,78	8,97	9,11	9,16	9,15	9,05	8,94	8,80	8,61	8,42	8,20	7,97	7,70	7,43	7,15	6,87	6,56	6,26	8,12
22/10/2021 03:45:00	8,31	8,36	8,51	8,72	8,99	9,02	9,05	9,08	8,91	8,81	8,79	8,68	8,57	8,38	8,19	7,91	7,63	7,34	7,06	6,75	6,44	8,47
22/10/2021 03:50:00	8,33	8,34	8,58	8,79	8,92	9,06	9,16	9,23	9,12	8,99	8,82	8,62	8,41	8,18	7,95	7,69	7,43	7,16	6,88	6,58	6,28	8,77
22/10/2021 03:55:00	8,25	8,41	8,79	9,12	9,34	9,51	9,55	9,50	9,42	9,26	9,02	8,74	8,46	8,17	7,88	7,58	7,27	6,96	6,65	6,32	5,98	8,95
22/10/2021 04:00:00	8,31	8,45	8,74	9,03	9,30	9,39	9,39	9,34	9,30	9,17	8,91	8,62	8,34	8,05	7,76	7,47	7,17	6,87	6,57	6,25	5,93	8,93
22/10/2021 04:05:00	8,30	8,52	8,76	9,06	9,41	9,54	9,60	9,61	9,57	9,44	9,19	8,91	8,64	8,36	8,08	7,79	7,50	7,19	6,89	6,56	6,22	8,72
22/10/2021 04:10:00	8,47	8,78	9,07	9,30	9,44	9,50	9,49	9,44	9,28	9,13	9,00	8,81	8,62	8,38	8,14	7,84	7,55	7,25	6,96	6,64	6,33	8,85
22/10/2021 04:15:00	8,56	8,69	9,01	9,29	9,49	9,69	9,79	9,83	9,68	9,50	9,25	8,98	8,70	8,41	8,13	7,82	7,52	7,21	6,89	6,55	6,21	8,61
22/10/2021 04:20:00	8,37	8,61	8,83	9,07	9,31	9,49	9,55	9,53	9,48	9,40	9,29	9,13	8,97	8,75	8,54	8,27	8,01	7,72	7,44	7,12	6,81	8,59
22/10/2021 04:25:00	8,38	8,59	8,90	9,22	9,53	9,82	9,95	9,98	9,89	9,75	9,56	9,31	9,07	8,80	8,53	8,24	7,94	7,62	7,30	6,95	6,59	8,45
22/10/2021 04:30:00	8,42	8,65	8,82	9,09	9,43	9,56	9,62	9,63	9,57	9,49	9,40	9,25	9,10	8,89	8,68	8,41	8,13	7,84	7,55	7,22	6,90	8,27
22/10/2021 04:35:00	8,34	8,59	8,93	9,31	9,68	9,82	9,84	9,80	9,75	9,67	9,56	9,37	9,18	8,93	8,69	8,39	8,09	7,77	7,46	7,12	6,79	8,20
22/10/2021 04:40:00	8,20	8,58	8,98	9,36	9,67	9,85	9,91	9,90	9,87	9,75	9,54	9,29	9,05	8,78	8,51	8,21	7,91	7,61	7,30	6,96	6,63	8,27
22/10/2021 04:45:00	8,22	8,62	9,07	9,50	9,85	10,12	10,24	10,28	10,17	10,05	9,91	9,70	9,48	9,22	8,96	8,65	8,34	8,01	7,69	7,33	6,97	8,18
22/10/2021 04:50:00	8,33	8,60	9,01	9,40	9,71	9,91	10,01	10,06	10,07	10,01	9,84	9,64	9,44	9,20	8,97	8,70	8,43	8,14	7,85	7,52	7,20	8,58
22/10/2021 04:55:00	8,22	8,71	9,11	9,50	9,83	9,97	10,05	10,09	10,06	9,94	9,70	9,44	9,18	8,91	8,63	8,35	8,06	7,76	7,45	7,12	6,79	8,42
22/10/2021 05:00:00	8,26	8,64	9,08	9,49	9,83	10,08	10,18	10,20	10,20	10,13	9,98	9,77	9,57	9,33	9,09	8,80	8,52	8,21	7,91	7,57	7,24	8,64
22/10/2021 05:05:00	8,65	9,10	9,43	9,79	10,15	10,37	10,46	10,48	10,42	10,31	10,13	9,90	9,67	9,41	9,15	8,85	8,56	8,24	7,92	7,57	7,22	8,58
22/10/2021 05:10:00	8,76	9,21	9,60	9,96	10,24	10,40	10,47	10,48	10,45	10,35	10,15	9,93	9,70	9,44	9,19	8,90	8,62	8,31	8,01	7,68	7,34	8,54
22/10/2021 05:15:00	8,65	8,82	9,16	9,49	9,78	10,05	10,18	10,21	10,11	9,98	9,85	9,65	9,45	9,20	8,95	8,66	8,36	8,04	7,72	7,37	7,02	8,60
22/10/2021 05:20:00	8,60	8,90	9,20	9,52	9,84	9,96	10,06	10,14	10,03	9,91	9,78	9,59	9,41	9,17	8,94	8,66	8,37	8,06	7,76	7,43	7,09	8,49
22/10/2021 05:25:00	8,41	8,57	8,85	9,20	9,60	9,80	9,93	10,00	9,93	9,82	9,66	9,45	9,24	8,99	8,74	8,45	8,16	7,85	7,53	7,18	6,83	8,07
22/10/2021 05:30:00	7,91	8,30	8,72	9,11	9,42	9,68	9,79	9,83	9,89	9,84	9,66	9,46	9,25	9,03	8,80	8,54	8,28	8,00	7,72	7,41	7,10	7,95
22/10/2021 05:35:00	7,72	8,14	8,66	9,12	9,45	9,67	9,79	9,85	9,87	9,79	9,60	9,38	9,15	8,90	8,65	8,38	8,10	7,80	7,51	7,18	6,86	7,73
22/10/2021 05:40:00	7,59	8,08	8,51	8,93	9,32	9,64	9,82	9,91	9,88	9,85	9,79	9,67	9,55	9,35	9,16	8,89	8,62	8,32	8,03	7,70	7,37	7,20
22/10/2021 05:45:00	7,86	8,22	8,64	9,05	9,40	9,69	9,90	10,06	10,11	10,07	9,91	9,73	9,55	9,34	9,13	8,89	8,65	8,37	8,10	7,79	7,47	7,55
22/10/2021 05:50:00	7,96	8,18	8,72	9,25	9,70	10,03	10,23	10,35	10,28	10,18	10,04	9,83	9,61	9,35	9,09	8,78	8,47	8,14	7,81	7,44	7,07	8,04
22/10/2021 05:55:00	8,01	8,29	8,67	9,14	9,67	9,96	10,12	10,21	10,24	10,12	9,84	9,53	9,22	8,92	8,61	8,32	8,02	7,69	7,37	7,00	6,63	8,16
22/10/2021 06:00:00	7,90	8,11	8,64	9,13	9,53	9,83	10,05	10,23	10,18	10,07	9,87	9,63	9,39	9,12	8,86	8,57	8,29	7,97	7,66	7,31	6,95	8,14
22/10/2021 06:05:00	7,79	8,03	8,43	8,85	9,25	9,59	9,77	9,84	9,86	9,80	9,67	9,48	9,29	9,06	8,83	8,56	8,29	7,99	7,69	7,35	7,01	8,03
22/10/2021 06:10:00	7,71	7,90	8,45	8,98	9,45	9,70	9,91	10,09	10,03	9,95	9,84	9,66	9,48	9,24	9,00	8,71	8,42	8,10	7,79	7,44	7,08	7,73
22/10/2021 06:15:00	7,74	7,99	8,59	9,18	9,69	10,01	10,25	10,44	10,41	10,31	10,15	9,92	9,68	9,42	9,15	8,85	8,55	8,23	7,90	7,53	7,17	7,65
22/10/2021 06:20:00	7,81	8,32	8,96	9,55	10,02	10,29	10,44	10,51	10,41	10,26	10,06	9,79	9,52	9,22	8,91	8,57	8,24	7,89	7,53	7,15	6,77	7,73
22/10/2021 06:25:00	7,84	8,29	8,94	9,53	9,99	10,21	10,38	10,50	10,34	10,20	10,07	9,84	9,61	9,33	9,05	8,72	8,38	8,03	7,68	7,30	6,92	8,26
22/10/2021 06:30:00	8,01	8,42	8,93	9,43	9,88	10,10	10,22	10,29	10,26	10,14	9,90	9,62	9,34	9,05	8,75	8,44	8,13	7,81	7,48	7,12	6,76	8,30
22/10/2021 06:35:00	7,85	8,08	8,60	9,11	9,55	9,71	9,83	9,92	9,95	9,87	9,65	9,39	9,13	8,86	8,59	8,29	8,00	7,70	7,40	7,06	6,72	7,87
22/10/2021 06:40:00	8,04	8,40	8,91	9,38	9,74	9,97	10,11	10,18	10,18	10,10	9,93	9,71	9,49	9,23	8,98	8,70	8,41	8,11	7,81	7,47	7,14	7,27
22/10/2021 06:45:00	8,21	8,55	9,15	9,73	10,21	10,45	10,57	10,60	10,60	10,46	10,16	9,82	9,48	9,14	8,80	8,47	8,14	7,79	7,45	7,06	6,68	8,05
22/10/2021 06:50:00	8,06	8,70	9,43	10,04	10,47	10,74	10,89	10,96	10,93	10,77	10,49	10,16	9,84	9,51	9,18	8,85	8,52	8,17	7,83	7,45	7,07	7,92
22/10/2021 06:55:00	8,32	8,93	9,58	10,13	10,49	10,69	10,76	10,75	10,65	10,45	10,13	9,77	9,41	9,06	8,70	8,35	8,00	7,64	7,28	6,90	6,51	8,28
22/10/2021 07:00:00	8,27	8,73	9,19	9,60	9,94	10,13	10,30	10,44	10,36	10,23	10,03	9,80	9,56	9,31	9,05	8,76	8,48	8,17	7,86	7,52	7,18	8,07
22/10/2021 07:05:00	8,55	9,05	9,58	10,09	10,56	10,84	10,95	10,95	10,85	10,67	10,38	10,05	9,71	9,37	9,03	8,67	8,32	7,95	7,58	7,17	6,77	8,78
22/10/2021 07:10:00	8,58	8,80	9,22	9,62	9,96	10,26	10,41	10,46	10,45	10,39	10,26	10,07	9,88	9,65	9,42	9,14	8,86	8,55	8,24	7,90	7,55	9,00
22/10/2021 07:15:00	8,59	9,10	9,62	10,10	10,50	10,70	10,81	10,87	10,85	10,72	10,45	10,16	9,86	9,56	9,26	8,95	8,64	8,31	7,98	7,62	7,26	8,53
22/10/2021 07:20:00	8,66	8,99	9,40	9,74	9,97	10,22	10,37	10,45	10,45	10,34	10,11	9,87	9,63	9,37	9,12	8,85	8,59	8,30	8,00	7,68	7,35	8,99
22/10/2021 07:25:00	8,96	9,27	9,59	9,92	10,22	10,41	10,51	10,56	10,49	10,37	10,20	9,98	9,76	9,51	9,26	8,97	8,68	8,37	8,05	7,71	7,37	9,03
22/10/2021 07:30:00	8,84	9,24	9,70	10,14	10,51	10,71	10,82	10,86	10,80	10,64	10,37	10,06	9,76	9,45	9,14	8,82	8,51	8,17	7,83	7,46	7,09	8,87
22/10/2021 07:35:00	8,72	9,04	9,51	10,01	10,49	10,80	11,00	11,11	11,00	10,79	10,46	10,09	9,73	9,38	9,03	8,69	8,35	7,98	7,61	7,19	6,78	8,60
22/10/2021 07:40:00	8,74	9,10	9,45	9,79	10,10	10,36	10,50	10,57	10,48	10,36	10,22	10,03	9,83	9,59	9,35	9,06	8,77	8,46	8,15	7,80	7,45	8,65
22/10/2021 07:45:00	8,49	8,69	9,14	9,63	10,12	10,47	10,68	10,81	10,79	10,68	10,46	10,20	9,94	9,66	9,38	9,08	8,78	8,44	8,10	7,72	7,34	8,32
22/10/2021 07:50:00	8,49	8,90	9,26	9,72	10,26	10,65	10,88	11,02	10,93	10,83	10,71	10,51	10,32	10,07	9,82	9,52	9,21	8,87	8,52	8,13	7,74	8,15
22/10/2021 07:55:00	8,51	8,90	9,38	9,88	10,38	10,75	11,00	11,17	11,04	10,94	10,86	10,70	10,53	10,29	10,06	9,74	9,43	9,08	8,74	8,34	7,95	8,24
22/10/2021 08:00:00	8,42	9,00	9,41	9,82	10,23	10,47	10,61	10,68	10,61	10,50	10,34	10,14	9,93	9,68	9,42	9,13	8,83	8,50	8,18	7,82	7,46	7,94
22/10/2021 08:05:00	8,40	8,84	9,39	9,96	10,51	10,78	10,93	11,01	10,98	10,85	10,59	10,29	9,98	9,66	9,35	9,01	8,68	8,33	7,98	7,58	7,19	7,51
22/10/2021 08:10:00	8,16	8,58	9,05	9,46	9,77	10,06	10,14	10,11	10,03	9,92	9,75	9,52	9,30	9,03	8,76	8,44	8,13	7,80	7,48	7,12	6,77	7,45
22/10/2021 08:15:00	8,27	8,62	9,07	9,49	9,82	10,05	10,18	10,24	10,17	10,05	9,88	9,66	9,44	9,18	8,92	8,63	8,33	8,02	7,70	7,36	7,01	7,86
22/10/2021 08:20:00	8,20	8,65	8,97	9,35	9,76	10,06	10,21	10,28	10,20	10,07	9,86	9,61	9,36	9,08	8,81	8,51	8,21	7,88	7,56	7,19	6,83	7,51
22/10/2021 08:25:00	8,14	8,63	8,97	9,30	9,60	9,80	9,87	9,86	9,78	9,67	9,50	9,29	9,07	8,82	8,57	8,28	7,99	7,68	7,37	7,04	6,71	7,26
22/10/2021 08:30:00	8,25	8,68	8,91	9,14	9,37	9,47	9,54	9,59	9,52	9,43	9,31	9,16	9,00	8,80	8,60	8,34	8,09	7,82	7,54	7,24	6,95	7,51
22/10/2021 08:35:00	8,47	8,80	9,06	9,31	9,53	9,72	9,80	9,81	9,79	9,67	9,43	9,19	8,94	8,68	8,43	8,16	7,89	7,61	7,32	7,01	6,69	7,75
22/10/2021 08:40:00	8,67	8,76	8,95	9,16	9,38	9,55	9,65	9,69	9,62	9,54	9,45	9,31	9,17	8,98	8,78	8,52	8,27	7,99	7,71	7,40	7,09	8,47
22/10/2021 08:45:00	8,42	8,74	8,97	9,23	9,51	9,63	9,70	9,73	9,64	9,50	9,30	9,07	8,84	8,59	8,33	8,05	7,77	7,47	7,17	6,84	6,51	8,27
22/10/2021 08:50:00	8,59	8,69	8,84	9,03	9,23	9,31	9,27	9,16	9,04	8,92	8,81	8,64	8,46	8,23	8,00	7,71	7,41	7,12	6,82	6,50	6,18	8,07
22/10/2021 08:55:00	8,35	8,31	8,32	8,33	8,35	8,44	8,47	8,46	8,30	8,20	8,16	8,07	7,97	7,81	7,65	7,41	7,17	6,92	6,67	6,41	6,14	7,49
22/10/2021 09:00:00	8,22	8,50	8,50	8,55	8,66	8,66	8,58	8,45	8,32	8,18	8,01	7,81	7,61	7,38	7,15	6,88	6,61	6,34	6,06	5,78	5,49	6,68
22/10/2021 09:05:00	7,87	7,89	7,98	8,10	8,22	8,35	8,37	8,34	8,27	8,15	7,98	7,78	7,58	7,36	7,13	6,88	6,63	6,37	6,11	5,83	5,55	7,08
22/10/2021 09:10:00	7,58	7,99	8,12	8,15	8,07	7,98	7,88	7,78	7,65	7,48	7,25	7,03	6,80	6,57	6,33	6,08	5,83	5,59	5,36	5,11	4,87	6,51
22/10/2021 09:15:00	7,69	7,90	7,89	7,88	7,86	7,78	7,67	7,55	7,38	7,21	7,04	6,84	6,65	6,43	6,20	5,94	5,68	5,44	5,19	4,93	4,68	6,01
22/10/2021 09:20:00	7,96	8,11	8,17	8,18	8,13	7,88	7,68	7,51	7,46	7,27	6,90	6,58	6,25	5,96	5,67	5,41	5,16	4,92	4,69	4,45	4,21	7,20
22/10/2021 09:25:00	7,93	8,04	7,89	7,74	7,62	7,44	7,25	7,05	6,91	6,75	6,56	6,37	6,18	5,97	5,75	5,51	5,27	5,05	4,82	4,60	4,37	8,02
22/10/2021 09:30:00	8,04	8,04	7,82	7,56	7,29	7,05	6,85	6,68	6,49	6,29	6,08	5,88	5,68	5,47	5,26	5,04	4,82	4,61	4,41	4,21	4,01	8,15
22/10/2021 09:35:00	7,92	7,80	7,58	7,26	6,84	6,63	6,42	6,19	5,90	5,68	5,55	5,40	5,25	5,06	4,87	4,63	4,40	4,20	3,99	3,80	3,60	8,66
22/10/2021 09:40:00	7,75	7,70	7,33	6,96	6,60	6,38	6,16	5,97	5,77	5,56	5,34	5,15	4,96	4,76	4,57	4,36	4,16	3,97	3,79	3,61	3,43	8,50
22/10/2021 09:45:00	7,61	7,43	7,10	6,76	6,42	6,21	6,03	5,84	5,54	5,29	5,11	4,92	4,73	4,52	4,31	4,07	3,84	3,63	3,42	3,22	3,01	8,61
22/10/2021 09:50:00	7,42	7,33	7,01	6,64	6,25	5,92	5,60	5,28	4,97	4,70	4,48	4,27	4,05	3,81	3,58	3,32	3,07	2,86	2,65	2,45	2,26	8,36
22/10/2021 09:55:00	7,27	7,08	6,72	6,35	5,99	5,66	5,36	5,08	4,91	4,68	4,38	4,13	3,87	3,64	3,40	3,18	2,97	2,78	2,60	2,43	2,26	8,30
22/10/2021 10:00:00	7,14	7,02	6,50	6,07	5,76	5,51	5,29	5,09	4,95	4,75	4,51	4,32	4,12	3,94	3,75	3,57	3,38	3,22	3,06	2,90	2,74	8,16
22/10/2021 10:05:00	7,10	6,84	6,43	6,09	5,84	5,55	5,33	5,14	4,96	4,76	4,55	4,35	4,15	3,95	3,75	3,54	3,34	3,16	2,98	2,80	2,62	8,26
22/10/2021 10:10:00	7,31	7,03	6,77	6,49	6,20	6,06	5,89	5,73	5,69	5,59	5,44	5,30	5,17	5,02	4,87	4,70	4,52	4,37	4,21	4,05	3,89	8,23
22/10/2021 10:15:00	7,34	7,13	6,71	6,35	6,06	5,76	5,54	5,38	5,18	5,02	4,91	4,79	4,68	4,52	4,37	4,18	3,99	3,82	3,65	3,48	3,32	8,38
22/10/2021 10:20:00	7,70	7,23	6,82	6,44	6,13	5,81	5,52	5,25	5,04	4,85	4,70	4,53	4,37	4,18	3,99	3,77	3,55	3,36	3,18	3,00	2,82	8,35
22/10/2021 10:25:00	7,86	7,46	7,02	6,57	6,15	5,66	5,38	5,22	4,98	4,77	4,60	4,45	4,30	4,13	3,97	3,77	3,58	3,43	3,27	3,12	2,98	8,28
22/10/2021 10:30:00	8,06	7,70	7,15	6,59	6,05	5,81	5,50	5,16	4,90	4,70	4,58	4,46	4,33	4,18	4,02	3,82	3,62	3,44	3,27	3,11	2,95	8,22
22/10/2021 10:35:00	8,19	7,84	7,35	6,80	6,21	5,79	5,46	5,19	4,90	4,66	4,47	4,30	4,13	3,95	3,77	3,57	3,37	3,21	3,05	2,91	2,76	8,30
22/10/2021 10:40:00	8,22	7,81	7,29	6,75	6,19	5,70	5,27	4,87	4,59	4,33	4,11	3,90	3,69	3,48	3,26	3,04	2,81	2,63	2,46	2,30	2,15	8,40
22/10/2021 10:45:00	8,39	7,94	7,42	6,85	6,24	5,79	5,37	4,98	4,68	4,39	4,10	3,85	3,59	3,35	3,11	2,89	2,66	2,48	2,30	2,13	1,97	8,37
22/10/2021 10:50:00	8,51	8,12	7,57	6,99	6,37	5,87	5,37	4,87	4,56	4,23	3,88	3,57	3,27	2,99	2,70	2,45	2,20	2,00	1,80	1,63	1,46	8,52
22/10/2021 10:55:00	8,50	8,09	7,55	7,01	6,52	6,01	5,53	5,07	4,75	4,35	3,85	3,43	3,00	2,64	2,28	2,00	1,72	1,49	1,27	1,06	0,86	8,69
22/10/2021 11:00:00	8,63	8,10	7,53	6,95	6,36	5,89	5,42	4,95	4,64	4,28	3,85	3,48	3,11	2,79	2,47	2,21	1,95	1,74	1,53	1,34	1,16	8,64
22/10/2021 11:05:00	8,49	8,07	7,41	6,80	6,29	5,74	5,24	4,78	4,37	3,98	3,64	3,32	3,00	2,70	2,40	2,12	1,84	1,62	1,40	1,21	1,01	8,56
22/10/2021 11:10:00	8,47	8,09	7,50	6,89	6,27	5,64	5,13	4,68	4,23	3,83	3,47	3,15	2,83	2,53	2,23	1,96	1,68	1,47	1,26	1,08	0,90	8,48
22/10/2021 11:15:00	8,35	8,10	7,54	6,92	6,25	5,66	5,14	4,67	4,24	3,80	3,36	2,97	2,58	2,25	1,92	1,64	1,36	1,15	0,94	0,76	0,58	8,51
22/10/2021 11:20:00	8,53	8,12	7,55	6,99	6,47	5,81	5,25	4,76	4,37	3,95	3,48	3,07	2,65	2,30	1,94	1,65	1,35	1,13	0,90	0,70	0,50	8,43
22/10/2021 11:25:00	8,43	8,04	7,47	6,90	6,35	5,74	5,22	4,76	4,25	3,81	3,46	3,12	2,77	2,45	2,12	1,82	1,51	1,28	1,04	0,83	0,62	8,43
22/10/2021 11:30:00	8,32	7,88	7,37	6,81	6,20	5,61	5,11	4,65	4,20	3,78	3,41	3,06	2,71	2,39	2,07	1,79	1,50	1,28	1,05	0,86	0,67	8,36
22/10/2021 11:35:00	8,31	7,90	7,41	6,86	6,25	5,65	5,10	4,57	4,07	3,61	3,21	2,83	2,45	2,10	1,74	1,43	1,11	0,87	0,62	0,41	0,21	8,32
22/10/2021 11:40:00	8,33	7,87	7,32	6,75	6,19	5,72	5,23	4,72	4,27	3,81	3,35	2,92	2,50	2,13	1,76	1,45	1,14	0,90	0,65	0,43	0,21	8,12
22/10/2021 11:45:00	8,26	7,91	7,29	6,67	6,06	5,48	4,92	4,37	3,87	3,42	3,04	2,67	2,30	1,97	1,63	1,32	1,01	0,78	0,54	0,34	0,13	8,27
22/10/2021 11:50:00	8,23	7,78	7,17	6,58	6,03	5,51	5,02	4,54	4,02	3,53	3,08	2,67	2,25	1,88	1,51	1,20	0,88	0,63	0,38	0,15	-0,08	8,12
22/10/2021 11:55:00	8,00	7,58	7,02	6,44	5,85	5,18	4,62	4,11	3,55	3,05	2,62	2,20	1,79	1,42	1,05	0,72	0,40	0,15	-0,09	-0,30	-0,51	8,06
22/10/2021 12:00:00	7,88	7,51	6,92	6,27	5,56	4,99	4,45	3,93	3,45	3,01	2,60	2,23	1,87	1,54	1,21	0,93	0,64	0,43	0,22	0,04	-0,13	7,97
22/10/2021 12:05:00	7,90	7,47	6,99	6,43	5,78	5,15	4,57	4,00	3,51	2,98	2,42	1,91	1,41	0,99	0,56	0,23	-0,10	-0,34	-0,58	-0,79	-1,00	7,92
22/10/2021 12:10:00	7,81	7,37	6,79	6,21	5,65	4,96	4,35	3,78	3,26	2,75	2,28	1,83	1,38	0,99	0,59	0,26	-0,07	-0,32	-0,56	-0,77	-0,98	7,79
22/10/2021 12:15:00	7,72	7,38	6,77	6,13	5,48	4,92	4,33	3,73	3,24	2,75	2,25	1,80	1,35	0,97	0,58	0,26	-0,05	-0,29	-0,53	-0,73	-0,93	7,74
22/10/2021 12:20:00	7,71	7,42	6,93	6,35	5,67	4,96	4,34	3,76	3,16	2,59	2,04	1,54	1,03	0,60	0,17	-0,18	-0,53	-0,79	-1,04	-1,25	-1,47	7,82
22/10/2021 12:25:00	7,67	7,38	6,81	6,19	5,54	4,94	4,38	3,82	3,25	2,70	2,17	1,69	1,21	0,80	0,38	0,05	-0,28	-0,53	-0,78	-1,00	-1,21	7,73
22/10/2021 12:30:00	7,60	7,16	6,64	6,03	5,36	4,67	4,05	3,47	2,94	2,38	1,79	1,26	0,73	0,29	-0,15	-0,48	-0,82	-1,06	-1,30	-1,50	-1,70	7,64
22/10/2021 12:35:00	7,30	6,91	6,35	5,75	5,10	4,44	3,79	3,16	2,62	2,09	1,56	1,08	0,59	0,18	-0,24	-0,58	-0,92	-1,16	-1,40	-1,61	-1,81	7,45
22/10/2021 12:40:00	7,15	6,58	6,05	5,48	4,86	4,24	3,70	3,20	2,71	2,18	1,61	1,10	0,59	0,18	-0,24	-0,55	-0,86	-1,09	-1,32	-1,52	-1,71	7,21
22/10/2021 12:45:00	6,91	6,55	6,00	5,39	4,74	4,13	3,57	3,02	2,47	1,95	1,45	0,99	0,54	0,14	-0,25	-0,57	-0,89	-1,12	-1,35	-1,55	-1,74	7,11
22/10/2021 12:50:00	7,03	6,70	6,15	5,53	4,87	4,29	3,72	3,14	2,67	2,19	1,72	1,30	0,87	0,50	0,13	-0,17	-0,47	-0,69	-0,91	-1,09	-1,27	7,08
22/10/2021 12:55:00	6,95	6,58	5,97	5,36	4,75	4,08	3,52	3,01	2,52	2,00	1,46	0,99	0,52	0,13	-0,27	-0,57	-0,87	-1,09	-1,31	-1,49	-1,68	7,01
22/10/2021 13:00:00	6,99	6,54	5,98	5,37	4,72	4,13	3,60	3,07	2,49	1,93	1,38	0,88	0,39	-0,03	-0,45	-0,78	-1,11	-1,35	-1,59	-1,80	-2,01	6,96
22/10/2021 13:05:00	6,85	6,37	5,74	5,09	4,44	3,91	3,37	2,80	2,29	1,75	1,17	0,67	0,16	-0,26	-0,67	-0,99	-1,30	-1,53	-1,77	-1,96	-2,16	6,87
22/10/2021 13:10:00	6,70	6,26	5,76	5,17	4,51	3,90	3,33	2,76	2,21	1,64	1,05	0,52	-0,01	-0,45	-0,89	-1,22	-1,55	-1,79	-2,03	-2,23	-2,43	6,73
22/10/2021 13:15:00	6,81	6,34	5,79	5,15	4,44	3,84	3,23	2,62	2,11	1,54	0,93	0,38	-0,16	-0,60	-1,04	-1,36	-1,69	-1,92	-2,14	-2,33	-2,52	6,71
22/10/2021 13:20:00	6,70	6,25	5,62	4,99	4,35	3,71	3,06	2,43	1,94	1,39	0,79	0,25	-0,29	-0,72	-1,16	-1,49	-1,81	-2,04	-2,27	-2,46	-2,65	6,73
22/10/2021 13:25:00	6,62	6,22	5,71	5,11	4,41	3,78	3,18	2,58	2,04	1,43	0,77	0,18	-0,40	-0,87	-1,34	-1,68	-2,02	-2,26	-2,50	-2,70	-2,90	6,57
22/10/2021 13:30:00	6,62	6,26	5,68	5,08	4,47	3,81	3,18	2,56	1,99	1,37	0,70	0,10	-0,50	-0,99	-1,48	-1,83	-2,19	-2,44	-2,70	-2,91	-3,13	6,61
22/10/2021 13:35:00	6,67	6,11	5,66	5,11	4,46	3,81	3,25	2,70	2,11	1,50	0,86	0,28	-0,29	-0,76	-1,24	-1,59	-1,94	-2,19	-2,44	-2,65	-2,87	6,62
22/10/2021 13:40:00	6,63	6,23	5,69	5,13	4,56	3,91	3,28	2,66	2,06	1,44	0,80	0,21	-0,38	-0,87	-1,36	-1,73	-2,10	-2,37	-2,64	-2,87	-3,09	6,50
22/10/2021 13:45:00	6,51	6,09	5,48	4,85	4,24	3,59	3,01	2,46	1,90	1,28	0,59	0,00	-0,60	-1,08	-1,55	-1,89	-2,22	-2,47	-2,71	-2,91	-3,12	6,45
22/10/2021 13:50:00	6,43	5,97	5,40	4,81	4,21	3,56	2,95	2,35	1,77	1,12	0,40	-0,24	-0,88	-1,39	-1,90	-2,26	-2,62	-2,87	-3,13	-3,35	-3,57	6,36
22/10/2021 13:55:00	6,25	5,91	5,36	4,79	4,21	3,57	2,96	2,34	1,64	0,96	0,26	-0,39	-1,03	-1,55	-2,08	-2,47	-2,86	-3,15	-3,44	-3,68	-3,93	6,29
22/10/2021 14:00:00	6,17	5,78	5,24	4,64	4,00	3,26	2,65	2,06	1,38	0,72	0,07	-0,53	-1,12	-1,61	-2,10	-2,47	-2,84	-3,10	-3,36	-3,57	-3,78	6,20
22/10/2021 14:05:00	6,08	5,64	5,10	4,50	3,83	3,22	2,55	1,85	1,23	0,62	0,00	-0,58	-1,15	-1,63	-2,11	-2,48	-2,85	-3,11	-3,37	-3,58	-3,80	6,04
22/10/2021 14:10:00	6,06	5,56	5,05	4,47	3,83	3,14	2,52	1,90	1,17	0,54	-0,04	-0,60	-1,16	-1,65	-2,13	-2,51	-2,89	-3,16	-3,43	-3,65	-3,88	6,01
22/10/2021 14:15:00	5,94	5,49	4,89	4,30	3,75	3,08	2,50	1,93	1,30	0,62	-0,11	-0,76	-1,41	-1,93	-2,45	-2,81	-3,18	-3,44	-3,71	-3,93	-4,16	5,91
22/10/2021 14:20:00	5,69	5,31	4,76	4,19	3,61	2,93	2,27	1,63	1,12	0,49	-0,24	-0,87	-1,51	-2,02	-2,52	-2,87	-3,22	-3,46	-3,70	-3,90	-4,09	5,71
22/10/2021 14:25:00	5,60	5,22	4,68	4,09	3,45	2,78	2,22	1,68	1,04	0,43	-0,19	-0,74	-1,30	-1,75	-2,21	-2,55	-2,89	-3,13	-3,37	-3,56	-3,75	5,68
22/10/2021 14:30:00	5,65	5,29	4,69	4,09	3,53	2,84	2,24	1,67	1,04	0,39	-0,30	-0,91	-1,52	-2,02	-2,52	-2,87	-3,23	-3,48	-3,73	-3,94	-4,15	5,55
22/10/2021 14:35:00	5,56	5,10	4,53	3,94	3,33	2,77	2,17	1,53	0,87	0,25	-0,36	-0,94	-1,51	-2,00	-2,48	-2,85	-3,21	-3,47	-3,74	-3,95	-4,17	5,51
22/10/2021 14:40:00	5,52	5,00	4,50	3,95	3,35	2,73	2,08	1,43	0,87	0,25	-0,43	-1,05	-1,66	-2,16	-2,66	-3,02	-3,38	-3,63	-3,88	-4,09	-4,29	5,43
22/10/2021 14:45:00	5,38	4,99	4,50	3,95	3,34	2,70	2,09	1,48	0,89	0,25	-0,43	-1,05	-1,67	-2,16	-2,66	-3,02	-3,38	-3,63	-3,88	-4,08	-4,29	5,39
22/10/2021 14:50:00	5,40	4,96	4,49	3,91	3,25	2,61	2,01	1,43	0,85	0,20	-0,54	-1,19	-1,83	-2,34	-2,85	-3,20	-3,54	-3,78	-4,02	-4,21	-4,41	5,38
22/10/2021 14:55:00	5,40	4,99	4,43	3,84	3,25	2,72	2,14	1,53	0,90	0,28	-0,36	-0,95	-1,53	-2,02	-2,50	-2,86	-3,22	-3,48	-3,73	-3,95	-4,17	5,39
22/10/2021 15:00:00	5,34	5,01	4,48	3,93	3,36	2,76	2,13	1,48	0,92	0,31	-0,37	-0,98	-1,60	-2,09	-2,59	-2,95	-3,31	-3,56	-3,81	-4,01	-4,22	5,46
22/10/2021 15:05:00	5,56	5,05	4,54	3,96	3,33	2,68	2,08	1,48	0,80	0,16	-0,47	-1,06	-1,64	-2,13	-2,62	-2,99	-3,36	-3,62	-3,87	-4,09	-4,30	5,48
22/10/2021 15:10:00	5,69	5,20	4,63	4,03	3,43	2,79	2,16	1,53	0,93	0,30	-0,40	-1,02	-1,64	-2,14	-2,64	-3,00	-3,36	-3,62	-3,87	-4,08	-4,29	5,64
22/10/2021 15:15:00	5,56	5,30	4,71	4,11	3,52	2,96	2,34	1,68	1,02	0,36	-0,32	-0,94	-1,57	-2,08	-2,59	-2,97	-3,35	-3,62	-3,89	-4,12	-4,34	5,54
22/10/2021 15:20:00	5,58	5,12	4,54	3,98	3,44	2,74	2,15	1,57	0,98	0,36	-0,31	-0,91	-1,52	-2,00	-2,49	-2,85	-3,20	-3,45	-3,69	-3,90	-4,10	5,54
22/10/2021 15:25:00	5,46	4,93	4,37	3,81	3,24	2,60	2,00	1,41	0,80	0,13	-0,61	-1,26	-1,92	-2,44	-2,97	-3,33	-3,69	-3,95	-4,21	-4,42	-4,64	5,50
22/10/2021 15:30:00	5,11	4,70	4,14	3,53	2,88	2,16	1,51	0,86	0,18	-0,46	-1,11	-1,70	-2,29	-2,78	-3,27	-3,64	-4,00	-4,25	-4,50	-4,70	-4,89	5,32
22/10/2021 15:35:00	5,26	4,68	4,10	3,52	2,96	2,36	1,80	1,23	0,58	-0,10	-0,83	-1,49	-2,15	-2,68	-3,20	-3,57	-3,94	-4,20	-4,45	-4,68	-4,90	5,27
22/10/2021 15:40:00	4,93	4,62	4,04	3,45	2,84	2,12	1,42	0,74	0,16	-0,47	-1,17	-1,79	-2,41	-2,91	-3,41	-3,76	-4,12	-4,36	-4,59	-4,78	-4,97	4,98
22/10/2021 15:45:00	4,95	4,62	4,11	3,54	2,93	2,18	1,53	0,89	0,21	-0,46	-1,13	-1,76	-2,38	-2,89	-3,40	-3,78	-4,15	-4,41	-4,66	-4,86	-5,07	4,97
22/10/2021 15:50:00	5,03	4,66	4,14	3,60	3,01	2,26	1,60	0,95	0,26	-0,42	-1,12	-1,76	-2,40	-2,93	-3,46	-3,85	-4,24	-4,51	-4,77	-4,99	-5,20	4,99
22/10/2021 15:55:00	4,95	4,60	4,13	3,56	2,92	2,23	1,60	0,94	0,17	-0,52	-1,21	-1,84	-2,48	-3,01	-3,55	-3,95	-4,35	-4,62	-4,90	-5,12	-5,34	4,82
22/10/2021 16:00:00	4,88	4,43	3,85	3,26	2,67	2,07	1,48	0,88	0,20	-0,45	-1,11	-1,71	-2,31	-2,81	-3,30	-3,67	-4,04	-4,29	-4,54	-4,75	-4,96	4,80
22/10/2021 16:05:00	4,85	4,43	3,92	3,34	2,73	2,05	1,46	0,87	0,19	-0,51	-1,25	-1,92	-2,58	-3,11	-3,64	-4,01	-4,39	-4,64	-4,89	-5,10	-5,30	4,76
22/10/2021 16:10:00	4,69	4,38	3,93	3,40	2,79	2,03	1,40	0,78	0,10	-0,57	-1,26	-1,90	-2,53	-3,05	-3,57	-3,94	-4,32	-4,58	-4,83	-5,03	-5,23	4,76
22/10/2021 16:15:00	4,81	4,49	3,98	3,40	2,75	2,03	1,36	0,70	0,12	-0,54	-1,28	-1,93	-2,58	-3,09	-3,61	-3,97	-4,32	-4,56	-4,79	-4,97	-5,16	4,76
22/10/2021 16:20:00	4,75	4,43	3,93	3,35	2,72	2,12	1,48	0,82	0,11	-0,57	-1,27	-1,91	-2,55	-3,07	-3,60	-3,98	-4,37	-4,64	-4,90	-5,12	-5,34	4,80
22/10/2021 16:25:00	4,77	4,54	4,00	3,44	2,86	2,16	1,54	0,90	0,18	-0,53	-1,25	-1,92	-2,58	-3,12	-3,66	-4,04	-4,43	-4,70	-4,97	-5,19	-5,41	4,80
22/10/2021 16:30:00	4,73	4,45	3,96	3,37	2,71	2,09	1,44	0,77	0,15	-0,53	-1,28	-1,95	-2,62	-3,15	-3,68	-4,05	-4,41	-4,66	-4,91	-5,11	-5,31	4,81
22/10/2021 16:35:00	4,71	4,46	3,93	3,35	2,72	2,09	1,45	0,80	0,16	-0,56	-1,35	-2,04	-2,74	-3,29	-3,84	-4,21	-4,58	-4,84	-5,09	-5,30	-5,51	4,77
22/10/2021 16:40:00	4,77	4,47	3,97	3,44	2,87	2,10	1,42	0,77	0,10	-0,57	-1,27	-1,91	-2,55	-3,08	-3,60	-3,99	-4,37	-4,63	-4,89	-5,10	-5,30	4,76
22/10/2021 16:45:00	4,80	4,38	3,92	3,36	2,71	1,99	1,36	0,74	0,03	-0,64	-1,33	-1,96	-2,59	-3,11	-3,62	-4,00	-4,38	-4,63	-4,89	-5,09	-5,29	4,70
22/10/2021 16:50:00	4,65	4,26	3,74	3,19	2,61	1,91	1,29	0,67	0,01	-0,67	-1,39	-2,04	-2,69	-3,21	-3,74	-4,11	-4,48	-4,74	-4,99	-5,19	-5,40	4,66
22/10/2021 16:55:00	4,63	4,23	3,72	3,20	2,66	1,98	1,34	0,69	-0,01	-0,68	-1,38	-2,02	-2,67	-3,20	-3,74	-4,13	-4,53	-4,80	-5,07	-5,29	-5,51	4,59
22/10/2021 17:00:00	4,64	4,31	3,71	3,09	2,47	1,74	1,10	0,46	-0,20	-0,85	-1,51	-2,11	-2,70	-3,20	-3,69	-4,05	-4,40	-4,64	-4,88	-5,07	-5,25	4,59
22/10/2021 17:05:00	4,67	4,24	3,76	3,18	2,54	1,96	1,35	0,71	0,07	-0,66	-1,50	-2,23	-2,96	-3,53	-4,10	-4,48	-4,85	-5,11	-5,37	-5,58	-5,79	4,71
22/10/2021 17:10:00	4,67	4,43	3,89	3,27	2,60	1,90	1,25	0,60	-0,09	-0,80	-1,57	-2,24	-2,91	-3,45	-3,99	-4,36	-4,74	-4,99	-5,24	-5,43	-5,63	4,68
22/10/2021 17:15:00	4,58	4,26	3,80	3,22	2,52	1,82	1,19	0,57	-0,07	-0,82	-1,68	-2,42	-3,16	-3,73	-4,29	-4,66	-5,03	-5,27	-5,52	-5,71	-5,90	4,66
22/10/2021 17:20:00	4,62	4,31	3,77	3,21	2,61	1,83	1,17	0,52	-0,15	-0,88	-1,68	-2,40	-3,11	-3,67	-4,24	-4,62	-5,01	-5,26	-5,52	-5,72	-5,92	4,57
22/10/2021 17:25:00	4,55	4,15	3,65	3,10	2,51	1,85	1,20	0,54	-0,12	-0,82	-1,58	-2,26	-2,94	-3,49	-4,04	-4,43	-4,81	-5,07	-5,34	-5,55	-5,76	4,54
22/10/2021 17:30:00	4,44	4,15	3,66	3,11	2,50	1,75	1,14	0,54	-0,18	-0,93	-1,73	-2,45	-3,16	-3,73	-4,29	-4,68	-5,07	-5,33	-5,59	-5,79	-6,00	4,48
22/10/2021 17:35:00	4,42	4,13	3,62	3,02	2,34	1,67	1,00	0,30	-0,43	-1,09	-1,76	-2,37	-2,99	-3,50	-4,02	-4,40	-4,79	-5,04	-5,30	-5,50	-5,70	4,44
22/10/2021 17:40:00	4,43	4,17	3,64	3,04	2,38	1,69	1,06	0,41	-0,33	-1,07	-1,84	-2,53	-3,22	-3,77	-4,32	-4,71	-5,10	-5,36	-5,62	-5,82	-6,03	4,48
22/10/2021 17:45:00	4,45	4,17	3,60	3,03	2,46	1,77	1,07	0,38	-0,25	-0,95	-1,73	-2,42	-3,11	-3,66	-4,22	-4,60	-4,98	-5,24	-5,49	-5,70	-5,90	4,37
22/10/2021 17:50:00	4,41	4,05	3,61	3,08	2,47	1,77	1,14	0,50	-0,13	-0,88	-1,73	-2,48	-3,22	-3,80	-4,38	-4,76	-5,15	-5,40	-5,66	-5,87	-6,07	4,38
22/10/2021 17:55:00	4,25	3,90	3,39	2,84	2,26	1,54	0,90	0,27	-0,34	-1,05	-1,84	-2,54	-3,24	-3,79	-4,34	-4,71	-5,07	-5,32	-5,56	-5,75	-5,95	4,40
22/10/2021 18:00:00	4,28	4,02	3,50	2,92	2,30	1,60	0,93	0,24	-0,44	-1,13	-1,87	-2,53	-3,19	-3,73	-4,27	-4,65	-5,04	-5,29	-5,55	-5,75	-5,95	4,30
22/10/2021 18:05:00	4,24	4,06	3,50	2,89	2,25	1,58	0,95	0,31	-0,34	-1,07	-1,88	-2,58	-3,28	-3,83	-4,38	-4,74	-5,11	-5,35	-5,60	-5,79	-5,98	4,38
22/10/2021 18:10:00	4,40	4,08	3,57	3,03	2,45	1,80	1,12	0,43	-0,21	-0,90	-1,66	-2,35	-3,03	-3,58	-4,13	-4,52	-4,90	-5,16	-5,42	-5,63	-5,84	4,38
22/10/2021 18:15:00	4,41	4,03	3,54	2,99	2,39	1,75	1,12	0,50	-0,11	-0,83	-1,67	-2,40	-3,12	-3,69	-4,25	-4,62	-4,99	-5,24	-5,49	-5,69	-5,90	4,26
22/10/2021 18:20:00	4,32	3,96	3,53	2,97	2,29	1,61	0,96	0,29	-0,45	-1,15	-1,86	-2,52	-3,17	-3,71	-4,25	-4,64	-5,03	-5,29	-5,55	-5,76	-5,96	4,28
22/10/2021 18:25:00	4,26	4,08	3,54	2,95	2,31	1,52	0,87	0,23	-0,53	-1,22	-1,90	-2,53	-3,16	-3,68	-4,20	-4,58	-4,97	-5,22	-5,47	-5,66	-5,86	4,30
22/10/2021 18:30:00	4,30	3,85	3,35	2,79	2,20	1,60	0,93	0,24	-0,38	-1,04	-1,75	-2,41	-3,06	-3,59	-4,12	-4,49	-4,87	-5,12	-5,37	-5,57	-5,77	4,28
22/10/2021 18:35:00	4,31	3,85	3,37	2,83	2,24	1,59	0,93	0,28	-0,30	-0,98	-1,76	-2,45	-3,14	-3,68	-4,22	-4,59	-4,95	-5,20	-5,44	-5,63	-5,83	4,38
22/10/2021 18:40:00	4,26	4,04	3,47	2,90	2,34	1,72	1,05	0,36	-0,30	-0,98	-1,70	-2,35	-3,01	-3,54	-4,08	-4,46	-4,84	-5,11	-5,37	-5,58	-5,79	4,30
22/10/2021 18:45:00	4,27	3,94	3,52	2,96	2,28	1,72	1,06	0,36	-0,29	-1,02	-1,83	-2,55	-3,27	-3,83	-4,40	-4,79	-5,18	-5,44	-5,69	-5,90	-6,11	4,23
22/10/2021 18:50:00	4,19	3,88	3,44	2,87	2,17	1,44	0,82	0,18	-0,54	-1,24	-1,96	-2,61	-3,26	-3,79	-4,32	-4,69	-5,07	-5,31	-5,55	-5,74	-5,93	4,31
22/10/2021 18:55:00	4,30	3,96	3,51	2,95	2,29	1,65	1,04	0,42	-0,19	-0,91	-1,71	-2,41	-3,12	-3,66	-4,21	-4,57	-4,93	-5,17	-5,41	-5,60	-5,79	4,28
22/10/2021 19:00:00	4,41	4,02	3,52	2,94	2,31	1,67	1,03	0,37	-0,33	-1,04	-1,78	-2,46	-3,14	-3,68	-4,23	-4,61	-5,00	-5,26	-5,52	-5,73	-5,94	4,35
22/10/2021 19:05:00	4,29	3,94	3,42	2,86	2,28	1,66	1,00	0,31	-0,39	-1,07	-1,79	-2,46	-3,12	-3,67	-4,21	-4,61	-5,00	-5,27	-5,53	-5,75	-5,97	4,31
22/10/2021 19:10:00	4,32	3,90	3,51	3,00	2,37	1,69	1,09	0,48	-0,24	-0,98	-1,79	-2,52	-3,25	-3,83	-4,41	-4,80	-5,20	-5,46	-5,73	-5,94	-6,16	4,32
22/10/2021 19:15:00	4,32	3,89	3,44	2,87	2,21	1,59	1,06	0,50	-0,24	-0,97	-1,74	-2,42	-3,10	-3,65	-4,19	-4,56	-4,94	-5,19	-5,44	-5,65	-5,86	4,23
22/10/2021 19:20:00	4,23	3,95	3,50	2,91	2,21	1,64	0,98	0,27	-0,42	-1,13	-1,91	-2,61	-3,31	-3,86	-4,42	-4,81	-5,19	-5,45	-5,71	-5,91	-6,12	4,23
22/10/2021 19:25:00	4,23	3,92	3,40	2,83	2,23	1,58	0,94	0,28	-0,44	-1,15	-1,90	-2,58	-3,26	-3,81	-4,36	-4,75	-5,14	-5,41	-5,67	-5,88	-6,10	4,28
22/10/2021 19:30:00	4,33	3,97	3,50	2,98	2,40	1,72	1,08	0,44	-0,21	-0,94	-1,75	-2,48	-3,20	-3,77	-4,34	-4,72	-5,11	-5,37	-5,63	-5,84	-6,05	4,25
22/10/2021 19:35:00	4,29	3,90	3,38	2,79	2,14	1,62	0,96	0,26	-0,39	-1,12	-1,94	-2,67	-3,39	-3,96	-4,54	-4,92	-5,31	-5,57	-5,83	-6,04	-6,25	4,28
22/10/2021 19:40:00	4,26	3,95	3,36	2,78	2,22	1,56	0,91	0,25	-0,41	-1,13	-1,91	-2,60	-3,30	-3,85	-4,40	-4,78	-5,16	-5,42	-5,68	-5,89	-6,10	4,26
22/10/2021 19:45:00	4,24	4,01	3,55	3,00	2,38	1,63	0,96	0,30	-0,38	-1,13	-1,96	-2,70	-3,43	-4,01	-4,59	-4,98	-5,37	-5,62	-5,88	-6,08	-6,29	4,25
22/10/2021 19:50:00	4,26	3,93	3,37	2,78	2,16	1,54	0,92	0,29	-0,37	-1,08	-1,85	-2,53	-3,21	-3,75	-4,29	-4,66	-5,03	-5,28	-5,53	-5,73	-5,93	4,22
22/10/2021 19:55:00	4,30	4,00	3,42	2,84	2,26	1,54	0,91	0,27	-0,42	-1,11	-1,84	-2,50	-3,16	-3,69	-4,22	-4,60	-4,97	-5,22	-5,48	-5,68	-5,88	4,20
22/10/2021 20:00:00	4,11	3,71	3,25	2,72	2,13	1,47	0,89	0,28	-0,47	-1,18	-1,93	-2,61	-3,29	-3,84	-4,40	-4,79	-5,18	-5,45	-5,71	-5,93	-6,14	4,11
22/10/2021 20:05:00	4,16	4,00	3,56	3,02	2,39	1,78	1,06	0,31	-0,37	-1,11	-1,94	-2,68	-3,42	-4,01	-4,60	-5,00	-5,41	-5,69	-5,96	-6,18	-6,40	4,23
22/10/2021 20:10:00	4,21	3,92	3,41	2,84	2,22	1,54	0,92	0,30	-0,38	-1,08	-1,82	-2,48	-3,15	-3,68	-4,21	-4,58	-4,96	-5,20	-5,45	-5,65	-5,84	4,25
22/10/2021 20:15:00	4,22	3,90	3,44	2,86	2,20	1,64	0,99	0,33	-0,25	-0,94	-1,72	-2,40	-3,08	-3,62	-4,15	-4,51	-4,87	-5,11	-5,35	-5,54	-5,72	4,05
22/10/2021 20:20:00	4,16	3,84	3,37	2,87	2,35	1,72	1,05	0,37	-0,23	-0,92	-1,71	-2,42	-3,13	-3,69	-4,25	-4,64	-5,03	-5,29	-5,55	-5,77	-5,98	4,11
22/10/2021 20:25:00	4,04	3,80	3,25	2,68	2,10	1,41	0,79	0,18	-0,49	-1,20	-1,98	-2,66	-3,34	-3,88	-4,43	-4,80	-5,17	-5,42	-5,66	-5,86	-6,06	4,05
22/10/2021 20:30:00	4,08	3,74	3,23	2,70	2,15	1,51	0,92	0,30	-0,38	-1,11	-1,92	-2,64	-3,36	-3,93	-4,50	-4,88	-5,27	-5,53	-5,79	-6,01	-6,22	4,03
22/10/2021 20:35:00	4,07	3,72	3,19	2,64	2,07	1,45	0,79	0,12	-0,51	-1,20	-1,98	-2,68	-3,38	-3,93	-4,49	-4,87	-5,25	-5,50	-5,75	-5,96	-6,17	4,05
22/10/2021 20:40:00	4,00	3,71	3,22	2,67	2,05	1,46	0,79	0,09	-0,56	-1,23	-1,95	-2,61	-3,26	-3,79	-4,33	-4,71	-5,09	-5,34	-5,59	-5,79	-5,99	4,03
22/10/2021 20:45:00	3,98	3,83	3,32	2,75	2,14	1,56	0,91	0,23	-0,44	-1,18	-2,00	-2,73	-3,45	-4,02	-4,59	-4,98	-5,37	-5,63	-5,89	-6,10	-6,31	4,06
22/10/2021 20:50:00	3,96	3,74	3,20	2,61	1,97	1,33	0,65	-0,03	-0,59	-1,27	-2,05	-2,72	-3,40	-3,92	-4,45	-4,80	-5,16	-5,38	-5,61	-5,79	-5,96	4,00
22/10/2021 20:55:00	4,00	3,63	3,12	2,60	2,08	1,53	0,93	0,28	-0,39	-1,10	-1,88	-2,58	-3,29	-3,85	-4,42	-4,81	-5,20	-5,47	-5,74	-5,97	-6,19	4,02
22/10/2021 21:00:00	3,95	3,70	3,18	2,65	2,09	1,44	0,81	0,15	-0,55	-1,25	-1,99	-2,66	-3,33	-3,88	-4,42	-4,81	-5,20	-5,47	-5,73	-5,94	-6,15	3,97
22/10/2021 21:05:00	4,06	3,63	3,12	2,61	2,07	1,40	0,83	0,25	-0,41	-1,10	-1,86	-2,53	-3,21	-3,75	-4,29	-4,66	-5,03	-5,28	-5,53	-5,73	-5,94	4,00
22/10/2021 21:10:00	3,92	3,74	3,26	2,73	2,17	1,47	0,88	0,28	-0,47	-1,22	-2,00	-2,70	-3,40	-3,97	-4,54	-4,93	-5,32	-5,59	-5,86	-6,08	-6,29	3,96
22/10/2021 21:15:00	3,99	3,68	3,15	2,61	2,08	1,43	0,81	0,17	-0,45	-1,16	-1,96	-2,66	-3,37	-3,92	-4,48	-4,85	-5,23	-5,48	-5,73	-5,94	-6,14	4,06
22/10/2021 21:20:00	3,98	3,57	3,07	2,54	1,98	1,40	0,81	0,18	-0,49	-1,19	-1,95	-2,63	-3,32	-3,87	-4,42	-4,80	-5,18	-5,44	-5,70	-5,92	-6,13	3,90
22/10/2021 21:25:00	4,01	3,76	3,27	2,72	2,11	1,46	0,82	0,18	-0,50	-1,23	-2,05	-2,77	-3,48	-4,05	-4,62	-5,00	-5,38	-5,64	-5,89	-6,10	-6,30	3,95
22/10/2021 21:30:00	4,02	3,56	3,08	2,56	1,99	1,27	0,68	0,09	-0,57	-1,28	-2,05	-2,74	-3,44	-3,98	-4,53	-4,90	-5,28	-5,52	-5,77	-5,97	-6,16	3,98
22/10/2021 21:35:00	3,98	3,62	3,19	2,67	2,07	1,47	0,81	0,13	-0,51	-1,23	-2,03	-2,76	-3,48	-4,05	-4,62	-5,01	-5,40	-5,66	-5,92	-6,13	-6,34	3,98
22/10/2021 21:40:00	3,98	3,66	3,18	2,62	2,00	1,41	0,79	0,14	-0,55	-1,26	-2,02	-2,71	-3,40	-3,95	-4,50	-4,88	-5,26	-5,52	-5,78	-5,98	-6,19	4,02
22/10/2021 21:45:00	4,10	3,81	3,28	2,67	2,01	1,39	0,78	0,16	-0,51	-1,19	-1,92	-2,57	-3,21	-3,73	-4,24	-4,60	-4,96	-5,20	-5,43	-5,62	-5,81	4,06
22/10/2021 21:50:00	4,05	3,69	3,24	2,74	2,19	1,59	0,99	0,36	-0,26	-0,97	-1,77	-2,48	-3,20	-3,76	-4,32	-4,70	-5,08	-5,33	-5,59	-5,80	-6,01	3,96
22/10/2021 21:55:00	4,08	3,83	3,25	2,62	1,97	1,30	0,67	0,04	-0,58	-1,24	-1,94	-2,56	-3,18	-3,68	-4,17	-4,51	-4,86	-5,08	-5,30	-5,48	-5,65	4,04
22/10/2021 22:00:00	4,03	3,81	3,32	2,73	2,07	1,46	0,83	0,18	-0,49	-1,19	-1,94	-2,61	-3,28	-3,82	-4,35	-4,72	-5,09	-5,33	-5,58	-5,77	-5,96	3,93
22/10/2021 22:05:00	3,92	3,75	3,22	2,64	2,05	1,40	0,76	0,12	-0,54	-1,23	-1,97	-2,63	-3,29	-3,81	-4,34	-4,71	-5,08	-5,32	-5,57	-5,76	-5,96	3,98
22/10/2021 22:10:00	4,03	3,61	3,16	2,61	2,00	1,38	0,79	0,19	-0,45	-1,19	-2,00	-2,72	-3,44	-4,00	-4,57	-4,94	-5,31	-5,55	-5,80	-6,00	-6,20	3,90
22/10/2021 22:15:00	3,93	3,63	3,12	2,61	2,10	1,38	0,71	0,04	-0,59	-1,28	-2,04	-2,73	-3,42	-3,97	-4,52	-4,91	-5,29	-5,55	-5,80	-6,01	-6,21	3,95
22/10/2021 22:20:00	3,97	3,54	3,08	2,60	2,08	1,45	0,85	0,23	-0,42	-1,15	-1,97	-2,70	-3,43	-4,00	-4,58	-4,97	-5,36	-5,63	-5,89	-6,11	-6,33	3,99
22/10/2021 22:25:00	3,91	3,61	3,13	2,56	1,91	1,26	0,55	-0,18	-0,85	-1,55	-2,32	-3,01	-3,70	-4,26	-4,82	-5,20	-5,59	-5,85	-6,10	-6,30	-6,50	3,86
22/10/2021 22:30:00	3,88	3,55	3,10	2,60	2,06	1,42	0,83	0,21	-0,57	-1,33	-2,15	-2,89	-3,63	-4,23	-4,82	-5,24	-5,65	-5,94	-6,22	-6,45	-6,69	3,88
22/10/2021 22:35:00	3,97	3,57	3,13	2,61	2,03	1,41	0,78	0,11	-0,62	-1,35	-2,12	-2,83	-3,54	-4,11	-4,69	-5,09	-5,50	-5,77	-6,05	-6,27	-6,49	3,91
22/10/2021 22:40:00	4,02	3,62	3,12	2,58	1,98	1,32	0,76	0,19	-0,51	-1,26	-2,08	-2,80	-3,52	-4,08	-4,65	-5,02	-5,40	-5,65	-5,91	-6,11	-6,32	3,90
22/10/2021 22:45:00	3,98	3,66	3,15	2,61	2,03	1,41	0,81	0,19	-0,46	-1,25	-2,15	-2,93	-3,71	-4,31	-4,91	-5,29	-5,68	-5,93	-6,19	-6,41	-6,62	3,96
22/10/2021 22:50:00	3,91	3,53	3,10	2,57	1,96	1,29	0,60	-0,10	-0,74	-1,44	-2,21	-2,91	-3,61	-4,16	-4,72	-5,11	-5,49	-5,75	-6,00	-6,20	-6,40	3,90
22/10/2021 22:55:00	3,90	3,55	3,03	2,46	1,84	1,15	0,57	-0,01	-0,71	-1,44	-2,22	-2,92	-3,61	-4,16	-4,70	-5,07	-5,44	-5,68	-5,92	-6,12	-6,31	3,90
22/10/2021 23:00:00	3,85	3,68	3,16	2,57	1,94	1,37	0,68	-0,04	-0,69	-1,45	-2,31	-3,06	-3,82	-4,40	-4,99	-5,38	-5,77	-6,03	-6,29	-6,50	-6,71	3,89
22/10/2021 23:05:00	3,82	3,54	3,12	2,58	1,94	1,25	0,63	-0,02	-0,76	-1,54	-2,39	-3,15	-3,91	-4,50	-5,10	-5,50	-5,90	-6,16	-6,43	-6,64	-6,85	3,90
22/10/2021 23:10:00	3,91	3,47	3,02	2,53	1,98	1,29	0,69	0,08	-0,59	-1,38	-2,27	-3,06	-3,85	-4,46	-5,07	-5,46	-5,86	-6,12	-6,39	-6,61	-6,83	3,80
22/10/2021 23:15:00	3,82	3,44	2,97	2,45	1,87	1,15	0,49	-0,17	-0,82	-1,58	-2,45	-3,22	-3,98	-4,57	-5,17	-5,55	-5,94	-6,20	-6,45	-6,66	-6,86	3,86
22/10/2021 23:20:00	3,82	3,48	2,96	2,35	1,69	1,08	0,48	-0,16	-0,85	-1,57	-2,34	-3,03	-3,72	-4,26	-4,80	-5,17	-5,54	-5,78	-6,02	-6,22	-6,41	3,82
22/10/2021 23:25:00	3,79	3,48	3,03	2,53	1,95	1,21	0,56	-0,10	-0,83	-1,56	-2,33	-3,04	-3,75	-4,32	-4,89	-5,29	-5,69	-5,96	-6,23	-6,44	-6,65	3,75
22/10/2021 23:30:00	3,74	3,60	2,98	2,37	1,77	1,02	0,33	-0,35	-0,99	-1,71	-2,50	-3,19	-3,88	-4,42	-4,96	-5,33	-5,69	-5,93	-6,17	-6,35	-6,53	3,77
22/10/2021 23:35:00	3,71	3,32	2,79	2,23	1,65	1,10	0,46	-0,20	-0,88	-1,60	-2,40	-3,11	-3,82	-4,38	-4,94	-5,33	-5,71	-5,98	-6,24	-6,45	-6,66	3,73
22/10/2021 23:40:00	3,80	3,38	2,84	2,23	1,60	1,05	0,44	-0,19	-0,84	-1,53	-2,28	-2,94	-3,61	-4,14	-4,66	-5,02	-5,38	-5,62	-5,86	-6,05	-6,24	3,74
22/10/2021 23:45:00	3,72	3,34	2,92	2,41	1,83	1,13	0,47	-0,20	-0,89	-1,63	-2,44	-3,17	-3,90	-4,48	-5,07	-5,47	-5,86	-6,13	-6,39	-6,60	-6,80	3,61
22/10/2021 23:50:00	3,68	3,33	2,88	2,34	1,73	1,01	0,35	-0,30	-0,91	-1,68	-2,57	-3,34	-4,11	-4,70	-5,29	-5,67	-6,05	-6,29	-6,53	-6,72	-6,91	3,62
22/10/2021 23:55:00	3,53	3,08	2,61	2,13	1,61	0,93	0,36	-0,22	-0,94	-1,67	-2,47	-3,19	-3,92	-4,49	-5,06	-5,45	-5,84	-6,10	-6,37	-6,58	-6,79	3,52
