FileFormat:0002.2 file with temperature of atmosphere
SN105HE102
local	GMT or Local
0	GMT-Local=[hours]
0	Height[m]
0	0	0	Longitude                [grd]               [min]               [sec]
0	0	0	Latitude                [grd]               [min]               [sec]
N	NS
56,45	Freq[GHz]
0,00	dTemostat[K]
0,150	MessErr[K]
0,248	//[grad/step]
version 14.4.20120406
MTP5HE102F5645K-38.60I70D219217+A1.1
Commentary:
SN105HE102
парабола ДНА = 2,5 град
НЕ102 - ПУ - ХВБ с ЦСД " S "
АЦП - 202 - 09 с контр.U пит.и М
оптопара серии - 2
Т out № 178 пл
БП LPS - 112
End Of Commentary

SYSTEM\alaska.dat
data time	0	50	100	150	200	250	300	350	400	450	500	550	600	650	700	750	800	850	900	950	1000	OutsideTemperature
12/03/2019 00:00:00	-4,26	-4,57	-5,06	-5,67	-6,26	-6,74	-7,12	-7,42	-7,63	-7,64	-7,59	-7,42	-7,25	-7,02	-6,79	-6,65	-6,51	-6,44	-6,38	-6,42	-6,46	-4,26
12/03/2019 00:05:00	-4,32	-4,53	-5,08	-5,69	-6,22	-6,63	-6,85	-6,99	-7,11	-7,23	-7,33	-7,30	-7,27	-7,14	-7,02	-6,93	-6,84	-6,83	-6,81	-6,88	-6,94	-4,27
12/03/2019 00:10:00	-4,27	-4,56	-5,06	-5,74	-6,36	-6,81	-7,15	-7,34	-7,44	-7,59	-7,69	-7,61	-7,53	-7,35	-7,16	-7,02	-6,87	-6,80	-6,74	-6,77	-6,81	-4,28
12/03/2019 00:15:00	-4,25	-4,49	-5,00	-5,57	-6,10	-6,60	-6,93	-7,17	-7,38	-7,54	-7,68	-7,67	-7,66	-7,55	-7,43	-7,34	-7,25	-7,22	-7,20	-7,25	-7,31	-4,35
12/03/2019 00:20:00	-4,35	-4,52	-5,06	-5,80	-6,52	-7,10	-7,40	-7,57	-7,66	-7,71	-7,69	-7,48	-7,27	-6,98	-6,70	-6,50	-6,29	-6,18	-6,07	-6,09	-6,11	-4,36
12/03/2019 00:25:00	-4,39	-4,43	-4,91	-5,55	-6,23	-6,90	-7,32	-7,59	-7,75	-7,83	-7,83	-7,64	-7,46	-7,19	-6,91	-6,72	-6,53	-6,42	-6,31	-6,33	-6,35	-4,37
12/03/2019 00:30:00	-4,40	-4,64	-5,08	-5,70	-6,33	-6,82	-7,17	-7,40	-7,56	-7,68	-7,76	-7,65	-7,54	-7,34	-7,13	-6,97	-6,81	-6,73	-6,66	-6,69	-6,72	-4,39
12/03/2019 00:35:00	-4,36	-4,50	-5,05	-5,75	-6,35	-6,71	-7,07	-7,27	-7,39	-7,50	-7,60	-7,56	-7,51	-7,38	-7,25	-7,15	-7,06	-7,04	-7,01	-7,08	-7,14	-4,36
12/03/2019 00:40:00	-4,36	-4,55	-5,11	-5,82	-6,45	-6,89	-7,27	-7,46	-7,52	-7,62	-7,67	-7,56	-7,45	-7,25	-7,05	-6,90	-6,75	-6,69	-6,62	-6,66	-6,70	-4,40
12/03/2019 00:45:00	-4,43	-4,75	-5,20	-5,75	-6,26	-6,63	-6,92	-7,15	-7,35	-7,47	-7,57	-7,55	-7,53	-7,41	-7,29	-7,20	-7,12	-7,10	-7,08	-7,15	-7,21	-4,41
12/03/2019 00:50:00	-4,35	-4,75	-5,20	-5,75	-6,28	-6,68	-6,98	-7,19	-7,35	-7,49	-7,59	-7,54	-7,50	-7,34	-7,19	-7,07	-6,96	-6,91	-6,87	-6,91	-6,96	-4,41
12/03/2019 00:55:00	-4,39	-4,78	-5,14	-5,60	-6,11	-6,62	-7,04	-7,40	-7,67	-7,82	-7,91	-7,86	-7,81	-7,64	-7,48	-7,36	-7,24	-7,18	-7,12	-7,16	-7,20	-4,42
12/03/2019 01:00:00	-4,45	-4,81	-5,25	-5,80	-6,31	-6,68	-7,00	-7,24	-7,42	-7,53	-7,61	-7,57	-7,52	-7,38	-7,24	-7,15	-7,05	-7,02	-6,99	-7,05	-7,10	-4,46
12/03/2019 01:05:00	-4,43	-4,67	-5,21	-5,84	-6,36	-6,73	-7,02	-7,16	-7,23	-7,33	-7,41	-7,35	-7,29	-7,15	-7,00	-6,90	-6,79	-6,76	-6,73	-6,79	-6,85	-4,43
12/03/2019 01:10:00	-4,44	-4,68	-5,21	-5,82	-6,34	-6,72	-7,02	-7,20	-7,32	-7,38	-7,42	-7,33	-7,25	-7,09	-6,93	-6,82	-6,72	-6,69	-6,66	-6,71	-6,77	-4,46
12/03/2019 01:15:00	-4,48	-4,76	-5,27	-5,89	-6,41	-6,73	-6,96	-7,05	-7,09	-7,26	-7,41	-7,40	-7,40	-7,28	-7,16	-7,06	-6,96	-6,93	-6,90	-6,96	-7,02	-4,51
12/03/2019 01:20:00	-4,47	-4,69	-5,15	-5,69	-6,21	-6,67	-6,93	-7,16	-7,36	-7,47	-7,55	-7,50	-7,45	-7,31	-7,16	-7,06	-6,96	-6,93	-6,90	-6,96	-7,02	-4,44
12/03/2019 01:25:00	-4,47	-4,72	-5,12	-5,74	-6,36	-6,83	-7,22	-7,45	-7,56	-7,64	-7,65	-7,49	-7,32	-7,06	-6,80	-6,61	-6,43	-6,33	-6,22	-6,24	-6,27	-4,48
12/03/2019 01:30:00	-4,47	-4,74	-5,26	-5,87	-6,39	-6,75	-7,05	-7,24	-7,35	-7,39	-7,39	-7,27	-7,15	-6,97	-6,78	-6,67	-6,55	-6,51	-6,47	-6,52	-6,57	-4,51
12/03/2019 01:35:00	-4,52	-4,78	-5,26	-5,86	-6,41	-6,81	-7,19	-7,42	-7,52	-7,56	-7,55	-7,41	-7,26	-7,04	-6,82	-6,68	-6,54	-6,47	-6,40	-6,44	-6,48	-4,49
12/03/2019 01:40:00	-4,56	-4,70	-5,18	-5,89	-6,52	-6,89	-7,18	-7,28	-7,29	-7,36	-7,38	-7,24	-7,09	-6,86	-6,63	-6,47	-6,30	-6,22	-6,14	-6,18	-6,22	-4,49
12/03/2019 01:45:00	-4,52	-4,74	-5,26	-5,91	-6,48	-6,90	-7,12	-7,19	-7,18	-7,26	-7,29	-7,16	-7,02	-6,80	-6,58	-6,42	-6,26	-6,18	-6,10	-6,14	-6,18	-4,49
12/03/2019 01:50:00	-4,46	-4,77	-5,34	-5,94	-6,44	-6,84	-6,96	-7,03	-7,09	-7,14	-7,16	-7,05	-6,94	-6,77	-6,59	-6,48	-6,36	-6,32	-6,28	-6,34	-6,39	-4,52
12/03/2019 01:55:00	-4,50	-4,78	-5,24	-5,81	-6,31	-6,65	-6,92	-7,04	-7,06	-7,19	-7,28	-7,22	-7,15	-6,99	-6,82	-6,70	-6,57	-6,52	-6,46	-6,51	-6,56	-4,44
12/03/2019 02:00:00	-4,45	-4,69	-5,28	-5,97	-6,53	-6,86	-7,04	-7,06	-7,01	-7,03	-7,02	-6,87	-6,71	-6,49	-6,27	-6,11	-5,96	-5,90	-5,83	-5,88	-5,92	-4,52
12/03/2019 02:05:00	-4,52	-4,83	-5,21	-5,70	-6,23	-6,72	-7,10	-7,30	-7,38	-7,50	-7,55	-7,42	-7,29	-7,05	-6,81	-6,63	-6,46	-6,35	-6,25	-6,27	-6,29	-4,52
12/03/2019 02:10:00	-4,50	-4,81	-5,26	-5,83	-6,36	-6,81	-7,06	-7,21	-7,32	-7,40	-7,45	-7,33	-7,22	-7,02	-6,82	-6,68	-6,53	-6,46	-6,40	-6,44	-6,47	-4,54
12/03/2019 02:15:00	-4,59	-4,78	-5,39	-6,09	-6,64	-7,00	-7,16	-7,17	-7,13	-7,17	-7,19	-7,07	-6,95	-6,76	-6,57	-6,43	-6,30	-6,25	-6,20	-6,25	-6,30	-4,54
12/03/2019 02:20:00	-4,59	-4,78	-5,31	-5,92	-6,44	-6,89	-7,06	-7,13	-7,17	-7,23	-7,26	-7,15	-7,03	-6,84	-6,64	-6,51	-6,37	-6,31	-6,26	-6,30	-6,35	-4,51
12/03/2019 02:25:00	-4,50	-4,79	-5,33	-5,91	-6,43	-6,88	-7,11	-7,24	-7,32	-7,35	-7,34	-7,20	-7,06	-6,85	-6,64	-6,50	-6,36	-6,29	-6,23	-6,27	-6,32	-4,53
12/03/2019 02:30:00	-4,59	-4,73	-5,38	-6,07	-6,58	-6,94	-7,06	-7,02	-6,96	-7,03	-7,08	-7,01	-6,93	-6,77	-6,62	-6,51	-6,39	-6,36	-6,33	-6,40	-6,46	-4,56
12/03/2019 02:35:00	-4,55	-4,79	-5,30	-5,88	-6,38	-6,79	-7,03	-7,16	-7,25	-7,30	-7,32	-7,20	-7,09	-6,90	-6,71	-6,59	-6,46	-6,41	-6,36	-6,41	-6,46	-4,58
12/03/2019 02:40:00	-4,68	-4,81	-5,36	-6,05	-6,67	-7,17	-7,41	-7,53	-7,60	-7,65	-7,64	-7,48	-7,32	-7,09	-6,85	-6,69	-6,53	-6,45	-6,38	-6,41	-6,45	-4,54
12/03/2019 02:45:00	-4,60	-5,01	-5,45	-5,93	-6,35	-6,71	-6,99	-7,17	-7,27	-7,45	-7,61	-7,62	-7,63	-7,52	-7,42	-7,32	-7,23	-7,20	-7,18	-7,23	-7,28	-4,60
12/03/2019 02:50:00	-4,63	-5,01	-5,51	-6,13	-6,66	-7,03	-7,24	-7,34	-7,38	-7,46	-7,49	-7,37	-7,26	-7,06	-6,86	-6,71	-6,57	-6,50	-6,44	-6,48	-6,52	-4,63
12/03/2019 02:55:00	-4,64	-4,94	-5,50	-6,15	-6,69	-7,06	-7,25	-7,37	-7,48	-7,45	-7,39	-7,22	-7,06	-6,84	-6,63	-6,51	-6,38	-6,33	-6,29	-6,34	-6,39	-4,68
12/03/2019 03:00:00	-4,61	-5,04	-5,51	-6,02	-6,52	-7,00	-7,26	-7,46	-7,61	-7,63	-7,60	-7,43	-7,27	-7,03	-6,80	-6,65	-6,50	-6,42	-6,35	-6,38	-6,41	-4,68
12/03/2019 03:05:00	-4,62	-4,94	-5,44	-6,02	-6,56	-7,02	-7,30	-7,45	-7,52	-7,56	-7,54	-7,38	-7,21	-6,97	-6,73	-6,57	-6,41	-6,32	-6,24	-6,27	-6,30	-4,68
12/03/2019 03:10:00	-4,72	-4,96	-5,40	-5,95	-6,47	-6,96	-7,25	-7,43	-7,53	-7,59	-7,60	-7,46	-7,32	-7,09	-6,86	-6,71	-6,55	-6,47	-6,39	-6,43	-6,46	-4,72
12/03/2019 03:15:00	-4,71	-5,06	-5,52	-6,05	-6,51	-6,87	-7,06	-7,18	-7,27	-7,41	-7,52	-7,50	-7,47	-7,34	-7,21	-7,11	-7,00	-6,97	-6,94	-7,00	-7,05	-4,74
12/03/2019 03:20:00	-4,76	-5,07	-5,63	-6,25	-6,77	-7,17	-7,35	-7,42	-7,44	-7,47	-7,46	-7,31	-7,16	-6,94	-6,73	-6,58	-6,44	-6,37	-6,30	-6,35	-6,39	-4,76
12/03/2019 03:25:00	-4,71	-5,09	-5,54	-6,08	-6,58	-6,99	-7,28	-7,46	-7,57	-7,64	-7,66	-7,55	-7,43	-7,22	-7,02	-6,88	-6,74	-6,67	-6,61	-6,64	-6,68	-4,77
12/03/2019 03:30:00	-4,77	-5,08	-5,65	-6,30	-6,80	-7,10	-7,29	-7,39	-7,47	-7,44	-7,40	-7,25	-7,11	-6,92	-6,73	-6,62	-6,51	-6,48	-6,45	-6,50	-6,56	-4,73
12/03/2019 03:35:00	-4,81	-5,14	-5,56	-6,07	-6,57	-7,03	-7,34	-7,59	-7,77	-7,81	-7,81	-7,69	-7,56	-7,35	-7,14	-7,00	-6,87	-6,81	-6,74	-6,78	-6,81	-4,78
12/03/2019 03:40:00	-4,81	-5,21	-5,71	-6,31	-6,82	-7,13	-7,38	-7,46	-7,45	-7,48	-7,46	-7,30	-7,13	-6,90	-6,66	-6,49	-6,33	-6,25	-6,16	-6,19	-6,23	-4,82
12/03/2019 03:45:00	-4,79	-5,06	-5,56	-6,23	-6,84	-7,23	-7,37	-7,46	-7,55	-7,59	-7,58	-7,42	-7,26	-7,03	-6,81	-6,65	-6,49	-6,42	-6,35	-6,39	-6,43	-4,83
12/03/2019 03:50:00	-4,83	-5,20	-5,73	-6,33	-6,84	-7,23	-7,42	-7,49	-7,50	-7,50	-7,46	-7,28	-7,10	-6,85	-6,61	-6,45	-6,28	-6,20	-6,12	-6,15	-6,19	-4,88
12/03/2019 03:55:00	-4,88	-5,14	-5,68	-6,27	-6,78	-7,25	-7,40	-7,48	-7,54	-7,57	-7,56	-7,42	-7,27	-7,06	-6,84	-6,70	-6,55	-6,49	-6,42	-6,46	-6,50	-4,86
12/03/2019 04:00:00	-4,83	-5,27	-5,79	-6,38	-6,84	-7,12	-7,19	-7,23	-7,28	-7,31	-7,31	-7,20	-7,09	-6,92	-6,75	-6,64	-6,52	-6,49	-6,45	-6,51	-6,56	-4,86
12/03/2019 04:05:00	-4,85	-5,07	-5,57	-6,24	-6,87	-7,38	-7,66	-7,82	-7,91	-7,83	-7,67	-7,38	-7,08	-6,75	-6,41	-6,20	-6,00	-5,88	-5,76	-5,77	-5,79	-4,84
12/03/2019 04:10:00	-4,83	-5,12	-5,62	-6,19	-6,71	-7,16	-7,34	-7,48	-7,62	-7,58	-7,49	-7,30	-7,10	-6,85	-6,61	-6,46	-6,32	-6,25	-6,18	-6,22	-6,26	-4,85
12/03/2019 04:15:00	-4,87	-5,10	-5,58	-6,10	-6,58	-7,02	-7,30	-7,44	-7,50	-7,55	-7,55	-7,40	-7,26	-7,04	-6,82	-6,68	-6,53	-6,46	-6,39	-6,42	-6,46	-4,81
12/03/2019 04:20:00	-4,89	-5,05	-5,56	-6,20	-6,78	-7,27	-7,55	-7,65	-7,64	-7,62	-7,52	-7,28	-7,03	-6,72	-6,41	-6,21	-6,02	-5,90	-5,79	-5,81	-5,82	-4,86
12/03/2019 04:25:00	-4,88	-5,12	-5,64	-6,21	-6,73	-7,20	-7,44	-7,56	-7,60	-7,57	-7,49	-7,27	-7,05	-6,78	-6,50	-6,33	-6,15	-6,06	-5,97	-5,99	-6,02	-4,88
12/03/2019 04:30:00	-4,89	-5,25	-5,69	-6,19	-6,65	-7,05	-7,19	-7,28	-7,35	-7,41	-7,44	-7,31	-7,19	-6,99	-6,79	-6,64	-6,50	-6,44	-6,37	-6,41	-6,45	-4,90
12/03/2019 04:35:00	-4,93	-5,05	-5,66	-6,38	-6,96	-7,33	-7,51	-7,50	-7,42	-7,35	-7,23	-6,97	-6,71	-6,41	-6,11	-5,93	-5,74	-5,65	-5,55	-5,58	-5,61	-4,94
12/03/2019 04:40:00	-5,01	-5,24	-5,76	-6,43	-7,00	-7,38	-7,57	-7,54	-7,41	-7,38	-7,28	-7,02	-6,75	-6,43	-6,10	-5,88	-5,66	-5,54	-5,41	-5,42	-5,44	-4,95
12/03/2019 04:45:00	-4,90	-5,24	-5,82	-6,41	-6,83	-7,06	-7,13	-7,06	-6,97	-7,01	-7,03	-6,93	-6,83	-6,67	-6,50	-6,38	-6,27	-6,23	-6,19	-6,25	-6,31	-4,96
12/03/2019 04:50:00	-4,97	-5,16	-5,70	-6,32	-6,83	-7,16	-7,37	-7,45	-7,48	-7,38	-7,23	-6,99	-6,75	-6,49	-6,23	-6,08	-5,94	-5,87	-5,81	-5,85	-5,89	-4,98
12/03/2019 04:55:00	-4,99	-5,21	-5,80	-6,47	-6,99	-7,31	-7,47	-7,41	-7,26	-7,17	-7,03	-6,74	-6,46	-6,15	-5,83	-5,63	-5,43	-5,32	-5,21	-5,24	-5,26	-4,97
12/03/2019 05:00:00	-5,01	-5,22	-5,69	-6,27	-6,76	-7,07	-7,27	-7,34	-7,33	-7,28	-7,18	-6,96	-6,75	-6,49	-6,23	-6,07	-5,91	-5,84	-5,76	-5,80	-5,84	-4,96
12/03/2019 05:05:00	-4,95	-5,32	-5,88	-6,44	-6,86	-7,09	-7,19	-7,20	-7,19	-7,14	-7,07	-6,91	-6,75	-6,55	-6,35	-6,24	-6,12	-6,08	-6,05	-6,10	-6,16	-4,99
12/03/2019 05:10:00	-4,97	-5,30	-5,84	-6,46	-6,94	-7,23	-7,32	-7,31	-7,29	-7,28	-7,24	-7,07	-6,90	-6,68	-6,46	-6,32	-6,17	-6,11	-6,05	-6,10	-6,14	-4,97
12/03/2019 05:15:00	-4,97	-5,31	-5,81	-6,37	-6,82	-7,07	-7,12	-7,08	-7,02	-7,05	-7,04	-6,89	-6,75	-6,54	-6,33	-6,19	-6,04	-5,98	-5,92	-5,96	-6,01	-4,99
12/03/2019 05:20:00	-4,97	-5,29	-5,82	-6,42	-6,88	-7,12	-7,14	-7,06	-6,97	-6,98	-6,98	-6,83	-6,68	-6,47	-6,26	-6,11	-5,97	-5,91	-5,85	-5,89	-5,94	-4,98
12/03/2019 05:25:00	-5,04	-5,28	-5,71	-6,35	-6,91	-7,23	-7,46	-7,49	-7,42	-7,43	-7,37	-7,14	-6,91	-6,61	-6,31	-6,11	-5,90	-5,78	-5,66	-5,68	-5,70	-5,01
12/03/2019 05:30:00	-5,03	-5,26	-5,72	-6,29	-6,77	-7,08	-7,23	-7,31	-7,36	-7,28	-7,16	-6,93	-6,71	-6,46	-6,21	-6,07	-5,92	-5,86	-5,80	-5,84	-5,89	-5,03
12/03/2019 05:35:00	-5,02	-5,40	-5,88	-6,43	-6,89	-7,20	-7,29	-7,32	-7,34	-7,30	-7,24	-7,05	-6,86	-6,62	-6,38	-6,23	-6,09	-6,02	-5,95	-5,99	-6,03	-4,98
12/03/2019 05:40:00	-5,01	-5,23	-5,72	-6,39	-6,95	-7,29	-7,39	-7,43	-7,46	-7,35	-7,19	-6,92	-6,65	-6,35	-6,06	-5,88	-5,71	-5,63	-5,54	-5,58	-5,61	-4,96
12/03/2019 05:45:00	-4,97	-5,17	-5,68	-6,30	-6,84	-7,21	-7,30	-7,30	-7,28	-7,26	-7,19	-6,98	-6,78	-6,52	-6,26	-6,09	-5,92	-5,84	-5,76	-5,80	-5,83	-4,98
12/03/2019 05:50:00	-4,96	-5,35	-5,84	-6,34	-6,71	-6,93	-7,06	-7,07	-7,04	-7,08	-7,10	-7,00	-6,90	-6,74	-6,58	-6,47	-6,36	-6,32	-6,28	-6,34	-6,39	-5,01
12/03/2019 05:55:00	-5,06	-5,38	-5,84	-6,42	-6,87	-7,09	-7,22	-7,21	-7,16	-7,20	-7,22	-7,09	-6,97	-6,77	-6,58	-6,44	-6,30	-6,24	-6,18	-6,23	-6,28	-5,01
12/03/2019 06:00:00	-4,98	-5,36	-5,88	-6,46	-6,91	-7,22	-7,36	-7,39	-7,38	-7,31	-7,21	-7,00	-6,78	-6,53	-6,28	-6,12	-5,97	-5,89	-5,82	-5,86	-5,90	-4,99
12/03/2019 06:05:00	-4,94	-5,30	-5,83	-6,41	-6,88	-7,19	-7,26	-7,25	-7,24	-7,20	-7,13	-6,94	-6,74	-6,50	-6,26	-6,11	-5,96	-5,89	-5,83	-5,87	-5,91	-4,98
12/03/2019 06:10:00	-5,00	-5,19	-5,77	-6,44	-6,96	-7,27	-7,48	-7,55	-7,56	-7,43	-7,26	-7,00	-6,74	-6,47	-6,20	-6,05	-5,90	-5,84	-5,78	-5,82	-5,86	-4,98
12/03/2019 06:15:00	-5,01	-5,32	-5,80	-6,33	-6,75	-7,01	-7,23	-7,31	-7,32	-7,30	-7,24	-7,08	-6,92	-6,71	-6,49	-6,37	-6,24	-6,19	-6,13	-6,18	-6,23	-4,97
12/03/2019 06:20:00	-4,94	-5,28	-5,78	-6,33	-6,76	-7,04	-7,22	-7,28	-7,28	-7,24	-7,17	-6,99	-6,81	-6,58	-6,35	-6,21	-6,07	-6,01	-5,95	-5,99	-6,04	-4,96
12/03/2019 06:25:00	-5,01	-5,35	-5,73	-6,30	-6,82	-7,13	-7,28	-7,33	-7,34	-7,36	-7,32	-7,12	-6,92	-6,65	-6,39	-6,21	-6,03	-5,93	-5,83	-5,86	-5,89	-4,99
12/03/2019 06:30:00	-5,03	-5,25	-5,82	-6,51	-7,04	-7,34	-7,38	-7,33	-7,27	-7,13	-6,95	-6,65	-6,36	-6,06	-5,76	-5,59	-5,41	-5,33	-5,25	-5,28	-5,32	-5,00
12/03/2019 06:35:00	-5,04	-5,41	-5,94	-6,53	-6,94	-7,12	-7,20	-7,13	-7,02	-6,98	-6,92	-6,74	-6,57	-6,34	-6,12	-5,98	-5,83	-5,77	-5,71	-5,76	-5,81	-5,02
12/03/2019 06:40:00	-5,07	-5,26	-5,72	-6,37	-6,91	-7,18	-7,37	-7,35	-7,25	-7,20	-7,09	-6,83	-6,57	-6,27	-5,97	-5,77	-5,58	-5,47	-5,37	-5,39	-5,42	-5,01
12/03/2019 06:45:00	-4,93	-5,35	-5,86	-6,40	-6,85	-7,16	-7,27	-7,22	-7,13	-7,17	-7,17	-7,00	-6,84	-6,60	-6,36	-6,18	-6,01	-5,92	-5,83	-5,86	-5,89	-4,98
12/03/2019 06:50:00	-5,02	-5,39	-5,95	-6,56	-6,96	-7,04	-6,96	-6,82	-6,71	-6,68	-6,64	-6,51	-6,38	-6,21	-6,04	-5,94	-5,83	-5,81	-5,79	-5,86	-5,93	-5,01
12/03/2019 06:55:00	-5,03	-5,55	-5,96	-6,48	-6,89	-7,01	-7,10	-7,08	-7,02	-6,97	-6,89	-6,69	-6,48	-6,23	-5,99	-5,83	-5,68	-5,61	-5,53	-5,57	-5,61	-5,04
12/03/2019 07:00:00	-5,12	-5,30	-5,86	-6,54	-7,03	-7,23	-7,30	-7,22	-7,13	-7,04	-6,92	-6,69	-6,46	-6,21	-5,96	-5,81	-5,66	-5,60	-5,54	-5,59	-5,64	-5,06
12/03/2019 07:05:00	-5,01	-5,45	-5,92	-6,36	-6,72	-7,03	-7,17	-7,22	-7,21	-7,12	-6,99	-6,76	-6,53	-6,27	-6,00	-5,85	-5,70	-5,63	-5,55	-5,59	-5,62	-5,04
12/03/2019 07:10:00	-5,04	-5,30	-5,78	-6,37	-6,84	-7,12	-7,26	-7,27	-7,23	-7,16	-7,04	-6,81	-6,57	-6,29	-6,02	-5,85	-5,68	-5,60	-5,52	-5,55	-5,59	-4,99
12/03/2019 07:15:00	-4,96	-5,37	-5,98	-6,56	-6,96	-7,16	-7,21	-7,13	-7,03	-6,93	-6,82	-6,61	-6,39	-6,16	-5,93	-5,79	-5,66	-5,60	-5,55	-5,60	-5,65	-5,03
12/03/2019 07:20:00	-5,00	-5,27	-5,80	-6,38	-6,86	-7,20	-7,27	-7,25	-7,20	-7,13	-7,03	-6,79	-6,56	-6,29	-6,02	-5,86	-5,69	-5,61	-5,53	-5,56	-5,60	-5,01
12/03/2019 07:25:00	-5,05	-5,22	-5,77	-6,50	-7,05	-7,25	-7,19	-7,10	-7,05	-7,01	-6,94	-6,77	-6,59	-6,38	-6,17	-6,04	-5,91	-5,87	-5,83	-5,89	-5,95	-4,98
12/03/2019 07:30:00	-4,94	-5,33	-5,82	-6,38	-6,84	-7,06	-7,28	-7,33	-7,30	-7,24	-7,13	-6,90	-6,67	-6,40	-6,13	-5,97	-5,81	-5,73	-5,65	-5,68	-5,71	-5,02
12/03/2019 07:35:00	-4,92	-5,33	-5,74	-6,32	-6,84	-7,17	-7,40	-7,49	-7,51	-7,48	-7,39	-7,15	-6,91	-6,61	-6,32	-6,12	-5,93	-5,82	-5,71	-5,73	-5,75	-5,01
12/03/2019 07:40:00	-5,04	-5,32	-5,73	-6,28	-6,79	-7,20	-7,40	-7,54	-7,64	-7,57	-7,44	-7,18	-6,93	-6,63	-6,34	-6,17	-5,99	-5,90	-5,81	-5,83	-5,86	-4,98
12/03/2019 07:45:00	-4,99	-5,46	-5,92	-6,41	-6,80	-7,10	-7,26	-7,30	-7,26	-7,18	-7,04	-6,80	-6,55	-6,27	-5,99	-5,82	-5,66	-5,57	-5,48	-5,51	-5,54	-5,04
12/03/2019 07:50:00	-5,08	-5,36	-5,88	-6,48	-6,99	-7,34	-7,54	-7,61	-7,62	-7,50	-7,33	-7,05	-6,77	-6,46	-6,16	-5,98	-5,81	-5,72	-5,62	-5,65	-5,68	-5,06
12/03/2019 07:55:00	-5,05	-5,36	-5,82	-6,36	-6,85	-7,25	-7,42	-7,46	-7,44	-7,38	-7,27	-7,01	-6,76	-6,45	-6,15	-5,95	-5,76	-5,65	-5,54	-5,56	-5,58	-5,06
12/03/2019 08:00:00	-5,06	-5,33	-5,83	-6,50	-7,10	-7,47	-7,56	-7,52	-7,45	-7,42	-7,34	-7,07	-6,81	-6,49	-6,18	-5,96	-5,74	-5,62	-5,50	-5,51	-5,53	-5,06
12/03/2019 08:05:00	-5,08	-5,41	-5,82	-6,39	-6,90	-7,17	-7,35	-7,36	-7,30	-7,29	-7,22	-6,99	-6,76	-6,47	-6,17	-5,98	-5,78	-5,67	-5,56	-5,58	-5,60	-5,06
12/03/2019 08:10:00	-5,01	-5,38	-5,90	-6,54	-7,05	-7,35	-7,37	-7,30	-7,23	-7,16	-7,04	-6,79	-6,54	-6,24	-5,95	-5,77	-5,58	-5,48	-5,39	-5,42	-5,45	-5,04
12/03/2019 08:15:00	-5,03	-5,32	-5,87	-6,49	-6,98	-7,28	-7,37	-7,38	-7,36	-7,26	-7,13	-6,88	-6,63	-6,36	-6,09	-5,93	-5,78	-5,70	-5,63	-5,67	-5,71	-5,02
12/03/2019 08:20:00	-4,97	-5,33	-5,87	-6,44	-6,89	-7,16	-7,31	-7,35	-7,35	-7,29	-7,20	-7,00	-6,80	-6,56	-6,33	-6,19	-6,04	-5,98	-5,92	-5,97	-6,01	-5,02
12/03/2019 08:25:00	-4,96	-5,28	-5,86	-6,48	-6,99	-7,34	-7,57	-7,63	-7,60	-7,45	-7,24	-6,92	-6,61	-6,28	-5,95	-5,77	-5,58	-5,48	-5,38	-5,41	-5,43	-4,99
12/03/2019 08:30:00	-5,00	-5,36	-5,84	-6,41	-6,88	-7,15	-7,20	-7,16	-7,11	-7,11	-7,07	-6,90	-6,72	-6,48	-6,25	-6,09	-5,93	-5,85	-5,78	-5,82	-5,86	-4,99
12/03/2019 08:35:00	-4,96	-5,30	-5,78	-6,36	-6,87	-7,20	-7,36	-7,44	-7,47	-7,30	-7,06	-6,73	-6,39	-6,05	-5,71	-5,53	-5,34	-5,24	-5,13	-5,16	-5,18	-4,95
12/03/2019 08:40:00	-4,92	-5,31	-5,71	-6,17	-6,64	-7,11	-7,40	-7,53	-7,56	-7,57	-7,52	-7,29	-7,07	-6,77	-6,46	-6,26	-6,06	-5,93	-5,81	-5,82	-5,83	-4,93
12/03/2019 08:45:00	-4,89	-5,25	-5,81	-6,38	-6,81	-7,04	-7,06	-6,99	-6,94	-6,94	-6,93	-6,80	-6,67	-6,48	-6,30	-6,18	-6,06	-6,02	-5,98	-6,03	-6,09	-4,90
12/03/2019 08:50:00	-4,90	-5,22	-5,68	-6,25	-6,75	-7,08	-7,30	-7,41	-7,45	-7,42	-7,35	-7,14	-6,94	-6,69	-6,43	-6,28	-6,12	-6,04	-5,96	-6,00	-6,03	-4,91
12/03/2019 08:55:00	-4,85	-5,25	-5,75	-6,38	-6,89	-7,15	-7,33	-7,33	-7,26	-7,26	-7,21	-7,01	-6,81	-6,55	-6,29	-6,11	-5,93	-5,84	-5,75	-5,78	-5,81	-4,89
12/03/2019 09:00:00	-4,93	-5,32	-5,84	-6,41	-6,85	-7,15	-7,22	-7,19	-7,15	-7,10	-7,02	-6,82	-6,62	-6,38	-6,13	-5,98	-5,83	-5,75	-5,68	-5,72	-5,76	-4,91
12/03/2019 09:05:00	-4,89	-5,19	-5,77	-6,44	-7,00	-7,39	-7,54	-7,56	-7,52	-7,48	-7,39	-7,16	-6,92	-6,64	-6,35	-6,16	-5,98	-5,88	-5,78	-5,81	-5,84	-4,90
12/03/2019 09:10:00	-4,98	-5,19	-5,67	-6,26	-6,79	-7,20	-7,54	-7,68	-7,69	-7,66	-7,57	-7,34	-7,11	-6,83	-6,54	-6,36	-6,18	-6,08	-5,98	-6,01	-6,03	-4,96
12/03/2019 09:15:00	-4,97	-5,39	-5,82	-6,37	-6,85	-7,15	-7,24	-7,29	-7,32	-7,31	-7,25	-7,06	-6,88	-6,63	-6,39	-6,23	-6,07	-5,99	-5,92	-5,95	-5,99	-4,96
12/03/2019 09:20:00	-4,90	-5,16	-5,71	-6,34	-6,86	-7,17	-7,30	-7,30	-7,27	-7,26	-7,21	-7,02	-6,83	-6,60	-6,36	-6,20	-6,05	-5,98	-5,91	-5,95	-5,99	-4,86
12/03/2019 09:25:00	-4,71	-5,24	-5,76	-6,28	-6,65	-6,88	-6,97	-6,96	-6,94	-6,94	-6,92	-6,80	-6,67	-6,49	-6,30	-6,19	-6,07	-6,03	-5,98	-6,04	-6,09	-4,76
12/03/2019 09:30:00	-4,75	-5,05	-5,58	-6,27	-6,81	-7,07	-7,20	-7,24	-7,26	-7,14	-6,99	-6,74	-6,49	-6,22	-5,95	-5,80	-5,64	-5,58	-5,51	-5,55	-5,60	-4,71
12/03/2019 09:35:00	-4,59	-5,01	-5,54	-6,09	-6,54	-6,84	-7,02	-7,03	-6,95	-6,96	-6,93	-6,76	-6,59	-6,35	-6,11	-5,95	-5,79	-5,71	-5,63	-5,67	-5,70	-4,65
12/03/2019 09:40:00	-4,52	-4,86	-5,45	-6,07	-6,54	-6,80	-6,86	-6,83	-6,79	-6,73	-6,64	-6,44	-6,25	-6,02	-5,80	-5,67	-5,53	-5,49	-5,44	-5,49	-5,55	-4,61
12/03/2019 09:45:00	-4,50	-4,83	-5,32	-5,91	-6,41	-6,70	-6,97	-7,07	-7,08	-7,08	-7,03	-6,84	-6,66	-6,43	-6,19	-6,04	-5,89	-5,82	-5,75	-5,79	-5,83	-4,56
12/03/2019 09:50:00	-4,48	-4,84	-5,40	-6,02	-6,51	-6,80	-6,92	-6,98	-7,04	-6,97	-6,86	-6,67	-6,47	-6,25	-6,02	-5,90	-5,78	-5,73	-5,69	-5,75	-5,80	-4,50
12/03/2019 09:55:00	-4,50	-4,78	-5,30	-5,88	-6,35	-6,68	-6,77	-6,83	-6,93	-6,95	-6,95	-6,84	-6,74	-6,57	-6,41	-6,31	-6,21	-6,19	-6,16	-6,23	-6,29	-4,40
12/03/2019 10:00:00	-4,39	-4,75	-5,21	-5,74	-6,24	-6,65	-6,88	-6,96	-6,96	-6,99	-6,96	-6,77	-6,57	-6,31	-6,04	-5,86	-5,68	-5,58	-5,48	-5,51	-5,53	-4,37
12/03/2019 10:05:00	-4,33	-4,74	-5,28	-5,83	-6,27	-6,58	-6,71	-6,73	-6,72	-6,73	-6,70	-6,55	-6,40	-6,19	-5,99	-5,86	-5,72	-5,67	-5,62	-5,67	-5,72	-4,42
12/03/2019 10:10:00	-4,34	-4,82	-5,37	-5,98	-6,45	-6,72	-6,78	-6,77	-6,77	-6,73	-6,67	-6,49	-6,31	-6,09	-5,86	-5,72	-5,59	-5,53	-5,48	-5,53	-5,58	-4,46
12/03/2019 10:15:00	-4,35	-4,70	-5,18	-5,72	-6,14	-6,37	-6,60	-6,67	-6,65	-6,72	-6,76	-6,68	-6,60	-6,45	-6,29	-6,19	-6,08	-6,05	-6,02	-6,08	-6,13	-4,30
12/03/2019 10:20:00	-4,21	-4,59	-5,05	-5,57	-6,04	-6,38	-6,68	-6,86	-6,95	-6,96	-6,92	-6,77	-6,62	-6,40	-6,19	-6,06	-5,93	-5,88	-5,82	-5,87	-5,91	-4,24
12/03/2019 10:25:00	-4,18	-4,72	-5,12	-5,57	-5,99	-6,33	-6,67	-6,88	-6,96	-6,96	-6,90	-6,72	-6,53	-6,29	-6,04	-5,89	-5,74	-5,65	-5,57	-5,60	-5,63	-4,28
12/03/2019 10:30:00	-4,09	-4,68	-5,23	-5,75	-6,13	-6,35	-6,42	-6,44	-6,46	-6,47	-6,46	-6,36	-6,26	-6,11	-5,95	-5,86	-5,77	-5,75	-5,73	-5,80	-5,86	-4,11
12/03/2019 10:35:00	-3,99	-4,48	-5,07	-5,56	-5,88	-6,12	-6,24	-6,25	-6,22	-6,29	-6,35	-6,31	-6,27	-6,16	-6,04	-5,97	-5,90	-5,89	-5,89	-5,96	-6,03	-4,06
12/03/2019 10:40:00	-4,04	-4,35	-4,81	-5,34	-5,82	-6,19	-6,50	-6,65	-6,69	-6,75	-6,76	-6,64	-6,51	-6,31	-6,11	-5,98	-5,84	-5,78	-5,72	-5,77	-5,81	-4,06
12/03/2019 10:45:00	-3,92	-4,35	-4,87	-5,50	-6,03	-6,32	-6,54	-6,61	-6,62	-6,58	-6,50	-6,28	-6,07	-5,81	-5,55	-5,39	-5,23	-5,15	-5,08	-5,12	-5,16	-3,98
12/03/2019 10:50:00	-3,97	-4,37	-4,95	-5,51	-5,93	-6,24	-6,37	-6,38	-6,37	-6,37	-6,35	-6,21	-6,07	-5,88	-5,70	-5,58	-5,46	-5,42	-5,39	-5,44	-5,50	-3,89
12/03/2019 10:55:00	-3,82	-4,33	-4,83	-5,40	-5,87	-6,12	-6,28	-6,32	-6,30	-6,30	-6,26	-6,08	-5,91	-5,68	-5,45	-5,30	-5,16	-5,09	-5,03	-5,07	-5,12	-3,84
12/03/2019 11:00:00	-3,83	-4,27	-4,86	-5,46	-5,89	-6,15	-6,23	-6,22	-6,19	-6,16	-6,10	-5,94	-5,78	-5,58	-5,39	-5,27	-5,16	-5,12	-5,09	-5,15	-5,21	-3,94
12/03/2019 11:05:00	-3,91	-4,36	-4,89	-5,48	-5,90	-6,07	-6,18	-6,15	-6,07	-6,13	-6,17	-6,08	-6,00	-5,84	-5,69	-5,58	-5,48	-5,45	-5,42	-5,49	-5,55	-3,85
12/03/2019 11:10:00	-3,92	-4,34	-4,83	-5,34	-5,74	-5,94	-6,12	-6,17	-6,18	-6,24	-6,29	-6,22	-6,15	-6,01	-5,87	-5,78	-5,69	-5,67	-5,65	-5,72	-5,79	-3,93
12/03/2019 11:15:00	-3,77	-4,21	-4,78	-5,26	-5,62	-5,92	-6,05	-6,14	-6,22	-6,27	-6,32	-6,28	-6,24	-6,14	-6,03	-5,97	-5,91	-5,92	-5,92	-6,00	-6,08	-3,89
12/03/2019 11:20:00	-3,84	-4,24	-4,78	-5,33	-5,70	-5,84	-5,99	-6,03	-6,01	-6,09	-6,16	-6,15	-6,13	-6,04	-5,95	-5,90	-5,84	-5,86	-5,87	-5,96	-6,04	-3,91
12/03/2019 11:25:00	-3,78	-4,20	-4,73	-5,31	-5,77	-6,07	-6,30	-6,44	-6,54	-6,52	-6,48	-6,35	-6,22	-6,04	-5,86	-5,76	-5,67	-5,64	-5,62	-5,68	-5,74	-3,75
12/03/2019 11:30:00	-3,72	-4,22	-4,70	-5,25	-5,69	-5,92	-6,07	-6,12	-6,13	-6,23	-6,30	-6,25	-6,19	-6,04	-5,90	-5,80	-5,70	-5,67	-5,64	-5,71	-5,77	-3,69
12/03/2019 11:35:00	-3,70	-4,27	-4,78	-5,30	-5,67	-5,82	-6,03	-6,14	-6,18	-6,25	-6,31	-6,27	-6,24	-6,13	-6,03	-5,96	-5,90	-5,90	-5,90	-5,98	-6,05	-3,66
12/03/2019 11:40:00	-3,69	-4,20	-4,81	-5,33	-5,66	-5,83	-5,98	-5,98	-5,90	-5,96	-6,02	-5,97	-5,93	-5,82	-5,71	-5,64	-5,57	-5,57	-5,57	-5,64	-5,72	-3,73
12/03/2019 11:45:00	-3,63	-4,07	-4,64	-5,27	-5,75	-5,95	-6,08	-6,10	-6,10	-6,16	-6,21	-6,14	-6,07	-5,93	-5,79	-5,69	-5,60	-5,58	-5,57	-5,64	-5,71	-3,50
12/03/2019 11:50:00	-3,49	-3,82	-4,36	-4,95	-5,47	-5,89	-6,09	-6,20	-6,27	-6,31	-6,31	-6,18	-6,06	-5,86	-5,67	-5,54	-5,42	-5,37	-5,33	-5,38	-5,44	-3,43
12/03/2019 11:55:00	-3,54	-4,02	-4,54	-5,11	-5,60	-5,99	-6,17	-6,27	-6,35	-6,40	-6,41	-6,30	-6,18	-5,99	-5,80	-5,68	-5,56	-5,51	-5,46	-5,51	-5,57	-3,45
12/03/2019 12:00:00	-3,43	-3,86	-4,46	-5,08	-5,55	-5,88	-6,05	-6,10	-6,11	-6,08	-6,03	-5,86	-5,70	-5,49	-5,29	-5,17	-5,05	-5,01	-4,97	-5,02	-5,08	-3,45
12/03/2019 12:05:00	-3,36	-3,90	-4,36	-4,87	-5,35	-5,74	-5,99	-6,17	-6,30	-6,36	-6,37	-6,26	-6,14	-5,95	-5,76	-5,64	-5,52	-5,47	-5,42	-5,46	-5,51	-3,48
12/03/2019 12:10:00	-3,27	-3,68	-4,23	-4,83	-5,39	-5,85	-6,16	-6,32	-6,36	-6,39	-6,36	-6,17	-5,99	-5,74	-5,49	-5,32	-5,16	-5,08	-4,99	-5,03	-5,06	-3,20
12/03/2019 12:15:00	-3,19	-3,75	-4,26	-4,72	-5,08	-5,40	-5,50	-5,57	-5,63	-5,70	-5,75	-5,70	-5,64	-5,51	-5,38	-5,31	-5,23	-5,22	-5,20	-5,28	-5,35	-3,07
12/03/2019 12:20:00	-3,09	-3,54	-4,18	-4,75	-5,18	-5,53	-5,73	-5,78	-5,77	-5,81	-5,83	-5,73	-5,64	-5,49	-5,33	-5,24	-5,14	-5,12	-5,09	-5,16	-5,23	-3,00
12/03/2019 12:25:00	-2,99	-3,50	-4,02	-4,57	-5,02	-5,30	-5,53	-5,63	-5,67	-5,74	-5,78	-5,70	-5,62	-5,46	-5,31	-5,21	-5,11	-5,09	-5,06	-5,12	-5,19	-3,01
12/03/2019 12:30:00	-2,96	-3,45	-4,01	-4,53	-4,91	-5,16	-5,33	-5,42	-5,47	-5,47	-5,45	-5,36	-5,26	-5,12	-4,98	-4,91	-4,84	-4,83	-4,83	-4,91	-4,99	-3,17
12/03/2019 12:35:00	-2,90	-3,40	-3,95	-4,50	-4,93	-5,28	-5,46	-5,54	-5,60	-5,59	-5,55	-5,41	-5,27	-5,08	-4,89	-4,78	-4,68	-4,64	-4,61	-4,67	-4,73	-2,90
12/03/2019 12:40:00	-2,87	-3,31	-3,94	-4,59	-5,04	-5,20	-5,32	-5,34	-5,34	-5,29	-5,23	-5,10	-4,97	-4,82	-4,67	-4,59	-4,52	-4,53	-4,53	-4,62	-4,70	-2,76
12/03/2019 12:45:00	-2,80	-3,39	-3,87	-4,31	-4,66	-4,90	-5,03	-5,14	-5,24	-5,34	-5,42	-5,40	-5,39	-5,30	-5,21	-5,16	-5,11	-5,12	-5,13	-5,22	-5,30	-2,91
12/03/2019 12:50:00	-2,78	-3,24	-3,80	-4,35	-4,76	-5,05	-5,11	-5,11	-5,13	-5,18	-5,22	-5,16	-5,09	-4,96	-4,83	-4,76	-4,68	-4,68	-4,68	-4,76	-4,84	-2,71
12/03/2019 12:55:00	-2,78	-3,18	-3,67	-4,27	-4,80	-5,12	-5,29	-5,40	-5,51	-5,55	-5,56	-5,45	-5,34	-5,17	-5,00	-4,90	-4,80	-4,77	-4,75	-4,81	-4,88	-2,80
12/03/2019 13:00:00	-2,74	-3,13	-3,75	-4,39	-4,85	-5,13	-5,25	-5,27	-5,28	-5,31	-5,34	-5,26	-5,19	-5,06	-4,93	-4,86	-4,78	-4,78	-4,78	-4,87	-4,95	-2,86
12/03/2019 13:05:00	-2,75	-3,23	-3,80	-4,41	-4,87	-5,14	-5,23	-5,29	-5,39	-5,40	-5,40	-5,31	-5,23	-5,09	-4,96	-4,89	-4,82	-4,82	-4,83	-4,91	-4,99	-2,80
12/03/2019 13:10:00	-2,62	-3,07	-3,58	-4,10	-4,55	-5,01	-5,28	-5,45	-5,54	-5,63	-5,68	-5,60	-5,51	-5,35	-5,19	-5,08	-4,98	-4,94	-4,91	-4,97	-5,02	-2,53
12/03/2019 13:15:00	-2,56	-3,07	-3,68	-4,29	-4,73	-4,93	-5,01	-5,06	-5,17	-5,18	-5,19	-5,13	-5,07	-4,97	-4,87	-4,83	-4,79	-4,83	-4,86	-4,95	-5,05	-2,51
12/03/2019 13:20:00	-2,54	-3,14	-3,74	-4,25	-4,59	-4,80	-4,85	-4,87	-4,91	-4,99	-5,09	-5,09	-5,10	-5,04	-4,98	-4,95	-4,92	-4,95	-4,99	-5,08	-5,18	-2,59
12/03/2019 13:25:00	-2,66	-3,26	-3,65	-4,12	-4,59	-4,93	-5,21	-5,42	-5,57	-5,66	-5,70	-5,61	-5,52	-5,34	-5,16	-5,05	-4,94	-4,90	-4,85	-4,91	-4,96	-2,64
12/03/2019 13:30:00	-2,60	-3,15	-3,69	-4,16	-4,55	-4,92	-5,15	-5,30	-5,42	-5,52	-5,59	-5,56	-5,53	-5,42	-5,31	-5,24	-5,18	-5,18	-5,18	-5,25	-5,33	-2,37
12/03/2019 13:35:00	-2,55	-3,08	-3,70	-4,32	-4,78	-5,04	-5,19	-5,24	-5,27	-5,35	-5,41	-5,37	-5,33	-5,22	-5,11	-5,04	-4,97	-4,97	-4,98	-5,06	-5,14	-2,49
12/03/2019 13:40:00	-2,48	-3,00	-3,60	-4,20	-4,63	-4,83	-4,88	-4,93	-5,05	-5,15	-5,26	-5,29	-5,32	-5,28	-5,25	-5,23	-5,22	-5,27	-5,32	-5,43	-5,54	-2,34
12/03/2019 13:45:00	-2,47	-3,03	-3,61	-4,13	-4,55	-4,88	-5,11	-5,35	-5,61	-5,61	-5,60	-5,54	-5,48	-5,38	-5,27	-5,24	-5,21	-5,24	-5,26	-5,35	-5,44	-2,37
12/03/2019 13:50:00	-2,52	-3,06	-3,61	-4,15	-4,56	-4,81	-5,01	-5,19	-5,38	-5,43	-5,48	-5,46	-5,45	-5,37	-5,30	-5,27	-5,25	-5,29	-5,32	-5,42	-5,51	-2,51
12/03/2019 13:55:00	-2,53	-2,96	-3,51	-4,09	-4,56	-4,85	-5,12	-5,27	-5,37	-5,46	-5,53	-5,49	-5,44	-5,33	-5,21	-5,15	-5,08	-5,08	-5,08	-5,16	-5,24	-2,49
12/03/2019 14:00:00	-2,42	-2,95	-3,47	-3,97	-4,37	-4,67	-4,91	-5,08	-5,21	-5,32	-5,43	-5,42	-5,42	-5,34	-5,26	-5,21	-5,16	-5,17	-5,19	-5,27	-5,36	-2,44
12/03/2019 14:05:00	-2,38	-3,01	-3,52	-4,01	-4,42	-4,71	-4,88	-5,02	-5,17	-5,27	-5,36	-5,35	-5,34	-5,25	-5,16	-5,11	-5,06	-5,07	-5,08	-5,17	-5,25	-2,47
12/03/2019 14:10:00	-2,35	-2,97	-3,57	-4,14	-4,54	-4,80	-4,87	-4,94	-5,05	-5,17	-5,28	-5,31	-5,34	-5,30	-5,25	-5,22	-5,20	-5,24	-5,28	-5,38	-5,48	-2,31
12/03/2019 14:15:00	-2,30	-2,70	-3,28	-3,86	-4,33	-4,66	-4,83	-4,95	-5,10	-5,18	-5,26	-5,23	-5,21	-5,12	-5,03	-4,99	-4,94	-4,96	-4,99	-5,08	-5,17	-2,25
12/03/2019 14:20:00	-2,37	-2,70	-3,22	-3,80	-4,31	-4,75	-5,03	-5,21	-5,34	-5,45	-5,53	-5,48	-5,43	-5,29	-5,16	-5,07	-4,99	-4,97	-4,96	-5,03	-5,10	-2,40
12/03/2019 14:25:00	-2,33	-2,72	-3,24	-3,80	-4,30	-4,68	-4,95	-5,12	-5,25	-5,34	-5,40	-5,34	-5,29	-5,15	-5,01	-4,93	-4,85	-4,83	-4,82	-4,89	-4,97	-2,34
12/03/2019 14:30:00	-2,23	-2,74	-3,24	-3,74	-4,18	-4,56	-4,81	-4,98	-5,10	-5,20	-5,26	-5,21	-5,15	-5,02	-4,89	-4,81	-4,73	-4,72	-4,71	-4,78	-4,85	-2,25
12/03/2019 14:35:00	-2,25	-2,74	-3,23	-3,73	-4,17	-4,54	-4,79	-4,99	-5,16	-5,20	-5,20	-5,10	-5,00	-4,84	-4,68	-4,60	-4,52	-4,50	-4,49	-4,56	-4,63	-2,32
12/03/2019 14:40:00	-2,18	-2,61	-3,18	-3,78	-4,29	-4,68	-4,85	-4,97	-5,11	-5,14	-5,14	-5,03	-4,92	-4,75	-4,59	-4,50	-4,41	-4,40	-4,39	-4,46	-4,54	-2,27
12/03/2019 14:45:00	-2,17	-2,56	-3,07	-3,59	-4,02	-4,33	-4,57	-4,71	-4,77	-4,90	-5,01	-5,01	-5,00	-4,91	-4,82	-4,76	-4,70	-4,70	-4,71	-4,80	-4,88	-2,11
12/03/2019 14:50:00	-2,19	-2,71	-3,16	-3,67	-4,10	-4,34	-4,58	-4,71	-4,76	-4,89	-5,01	-4,99	-4,97	-4,86	-4,75	-4,67	-4,60	-4,59	-4,58	-4,66	-4,74	-2,15
12/03/2019 14:55:00	-2,29	-2,76	-3,19	-3,61	-3,96	-4,28	-4,43	-4,55	-4,67	-4,79	-4,90	-4,90	-4,90	-4,81	-4,73	-4,68	-4,62	-4,64	-4,65	-4,73	-4,82	-2,25
12/03/2019 15:00:00	-2,15	-2,72	-3,22	-3,73	-4,14	-4,36	-4,44	-4,53	-4,68	-4,72	-4,75	-4,70	-4,65	-4,54	-4,44	-4,40	-4,35	-4,38	-4,40	-4,49	-4,59	-2,07
12/03/2019 15:05:00	-2,18	-2,73	-3,18	-3,63	-3,98	-4,19	-4,31	-4,43	-4,59	-4,63	-4,65	-4,60	-4,55	-4,46	-4,36	-4,33	-4,30	-4,33	-4,36	-4,45	-4,54	-2,14
12/03/2019 15:10:00	-2,13	-2,65	-3,06	-3,50	-3,89	-4,18	-4,37	-4,53	-4,67	-4,71	-4,73	-4,64	-4,54	-4,39	-4,24	-4,16	-4,08	-4,07	-4,06	-4,13	-4,21	-2,03
12/03/2019 15:15:00	-2,05	-2,69	-3,08	-3,44	-3,76	-4,06	-4,24	-4,36	-4,45	-4,58	-4,70	-4,68	-4,67	-4,56	-4,46	-4,39	-4,32	-4,31	-4,30	-4,38	-4,45	-2,14
12/03/2019 15:20:00	-1,85	-2,35	-2,85	-3,34	-3,78	-4,19	-4,44	-4,60	-4,70	-4,79	-4,84	-4,76	-4,68	-4,53	-4,38	-4,28	-4,19	-4,16	-4,14	-4,20	-4,27	-1,91
12/03/2019 15:25:00	-1,83	-2,32	-2,86	-3,36	-3,77	-4,13	-4,34	-4,47	-4,54	-4,58	-4,59	-4,50	-4,40	-4,25	-4,09	-4,01	-3,93	-3,91	-3,90	-3,97	-4,05	-1,79
12/03/2019 15:30:00	-1,75	-2,30	-2,81	-3,26	-3,61	-3,91	-4,01	-4,07	-4,14	-4,21	-4,26	-4,20	-4,15	-4,04	-3,92	-3,86	-3,80	-3,81	-3,81	-3,90	-3,98	-1,74
12/03/2019 15:35:00	-1,64	-2,22	-2,74	-3,22	-3,56	-3,71	-3,83	-3,90	-3,97	-4,03	-4,09	-4,08	-4,07	-4,00	-3,94	-3,91	-3,89	-3,93	-3,97	-4,07	-4,18	-1,52
12/03/2019 15:40:00	-1,62	-2,05	-2,61	-3,27	-3,81	-4,09	-4,21	-4,23	-4,21	-4,25	-4,27	-4,15	-4,04	-3,87	-3,69	-3,59	-3,48	-3,46	-3,43	-3,51	-3,58	-1,60
12/03/2019 15:45:00	-1,53	-1,89	-2,46	-3,04	-3,49	-3,82	-4,09	-4,21	-4,24	-4,25	-4,24	-4,13	-4,02	-3,86	-3,70	-3,62	-3,54	-3,53	-3,52	-3,60	-3,68	-1,42
12/03/2019 15:50:00	-1,48	-2,05	-2,59	-3,06	-3,37	-3,59	-3,59	-3,59	-3,68	-3,78	-3,88	-3,91	-3,94	-3,90	-3,87	-3,86	-3,86	-3,91	-3,97	-4,09	-4,20	-1,58
12/03/2019 15:55:00	-1,45	-2,01	-2,58	-3,10	-3,45	-3,66	-3,65	-3,61	-3,64	-3,72	-3,81	-3,81	-3,81	-3,75	-3,70	-3,67	-3,65	-3,69	-3,74	-3,84	-3,95	-1,39
12/03/2019 16:00:00	-1,53	-1,85	-2,37	-2,94	-3,41	-3,76	-4,04	-4,21	-4,31	-4,29	-4,22	-4,06	-3,91	-3,72	-3,53	-3,45	-3,36	-3,35	-3,34	-3,42	-3,49	-1,66
12/03/2019 16:05:00	-1,45	-1,85	-2,27	-2,76	-3,21	-3,59	-3,80	-3,93	-4,01	-4,05	-4,05	-3,92	-3,80	-3,61	-3,42	-3,31	-3,20	-3,17	-3,13	-3,20	-3,27	-1,40
12/03/2019 16:10:00	-1,37	-1,86	-2,28	-2,71	-3,12	-3,51	-3,76	-3,93	-4,05	-4,11	-4,13	-4,03	-3,92	-3,76	-3,59	-3,50	-3,40	-3,38	-3,35	-3,42	-3,49	-1,50
12/03/2019 16:15:00	-1,52	-1,86	-2,38	-2,88	-3,23	-3,50	-3,58	-3,59	-3,60	-3,64	-3,68	-3,62	-3,56	-3,46	-3,35	-3,30	-3,26	-3,28	-3,30	-3,40	-3,50	-1,48
12/03/2019 16:20:00	-1,38	-1,97	-2,45	-2,91	-3,28	-3,50	-3,61	-3,66	-3,71	-3,75	-3,77	-3,69	-3,62	-3,49	-3,36	-3,30	-3,23	-3,24	-3,25	-3,33	-3,42	-1,52
12/03/2019 16:25:00	-1,50	-1,97	-2,44	-2,95	-3,34	-3,61	-3,69	-3,70	-3,71	-3,76	-3,80	-3,72	-3,64	-3,51	-3,38	-3,30	-3,23	-3,23	-3,23	-3,32	-3,41	-1,48
12/03/2019 16:30:00	-1,50	-2,07	-2,47	-2,88	-3,21	-3,45	-3,58	-3,67	-3,76	-3,79	-3,78	-3,69	-3,60	-3,46	-3,32	-3,25	-3,19	-3,19	-3,19	-3,27	-3,35	-1,47
12/03/2019 16:35:00	-1,60	-1,91	-2,35	-2,87	-3,29	-3,54	-3,62	-3,64	-3,68	-3,77	-3,85	-3,81	-3,78	-3,68	-3,58	-3,52	-3,46	-3,48	-3,49	-3,59	-3,68	-1,52
12/03/2019 16:40:00	-1,54	-1,98	-2,48	-3,00	-3,40	-3,59	-3,72	-3,74	-3,74	-3,75	-3,74	-3,63	-3,52	-3,38	-3,23	-3,15	-3,08	-3,08	-3,08	-3,17	-3,25	-1,62
12/03/2019 16:45:00	-1,54	-1,94	-2,42	-2,92	-3,33	-3,68	-3,72	-3,72	-3,77	-3,74	-3,66	-3,48	-3,31	-3,11	-2,91	-2,81	-2,71	-2,69	-2,66	-2,74	-2,82	-1,56
12/03/2019 16:50:00	-1,60	-2,08	-2,55	-2,98	-3,27	-3,45	-3,45	-3,40	-3,35	-3,38	-3,39	-3,31	-3,23	-3,11	-2,99	-2,93	-2,87	-2,88	-2,89	-2,99	-3,08	-1,56
12/03/2019 16:55:00	-1,53	-1,92	-2,36	-2,85	-3,24	-3,38	-3,53	-3,57	-3,56	-3,57	-3,55	-3,44	-3,33	-3,18	-3,03	-2,96	-2,88	-2,89	-2,89	-2,98	-3,07	-1,62
12/03/2019 17:00:00	-1,55	-1,98	-2,45	-2,94	-3,32	-3,56	-3,62	-3,60	-3,57	-3,56	-3,53	-3,39	-3,25	-3,07	-2,90	-2,80	-2,71	-2,70	-2,68	-2,76	-2,84	-1,57
12/03/2019 17:05:00	-1,57	-2,00	-2,46	-2,91	-3,23	-3,42	-3,45	-3,41	-3,37	-3,36	-3,33	-3,21	-3,09	-2,94	-2,79	-2,72	-2,65	-2,65	-2,65	-2,74	-2,83	-1,53
12/03/2019 17:10:00	-1,53	-1,99	-2,43	-2,82	-3,11	-3,35	-3,47	-3,50	-3,50	-3,48	-3,43	-3,29	-3,15	-2,98	-2,81	-2,73	-2,64	-2,63	-2,62	-2,70	-2,78	-1,54
12/03/2019 17:15:00	-1,48	-1,93	-2,31	-2,74	-3,09	-3,23	-3,29	-3,26	-3,19	-3,19	-3,16	-3,02	-2,88	-2,70	-2,52	-2,42	-2,32	-2,30	-2,28	-2,35	-2,43	-1,49
12/03/2019 17:20:00	-1,51	-1,93	-2,49	-2,95	-3,22	-3,34	-3,27	-3,15	-3,10	-3,05	-3,00	-2,90	-2,79	-2,68	-2,57	-2,53	-2,50	-2,53	-2,57	-2,68	-2,79	-1,56
12/03/2019 17:25:00	-1,54	-1,88	-2,37	-2,82	-3,09	-3,23	-3,23	-3,13	-3,05	-2,97	-2,89	-2,74	-2,59	-2,43	-2,28	-2,22	-2,15	-2,17	-2,18	-2,28	-2,38	-1,56
12/03/2019 17:30:00	-1,52	-1,83	-2,20	-2,64	-3,05	-3,36	-3,43	-3,42	-3,41	-3,35	-3,24	-3,00	-2,77	-2,51	-2,25	-2,11	-1,98	-1,92	-1,87	-1,93	-1,99	-1,51
12/03/2019 17:35:00	-1,48	-1,83	-2,24	-2,61	-2,84	-2,94	-2,95	-2,90	-2,86	-2,82	-2,76	-2,65	-2,54	-2,41	-2,28	-2,24	-2,20	-2,23	-2,26	-2,36	-2,46	-1,45
12/03/2019 17:40:00	-1,34	-1,75	-2,14	-2,53	-2,76	-2,78	-2,73	-2,62	-2,52	-2,50	-2,47	-2,37	-2,28	-2,16	-2,04	-1,99	-1,95	-1,97	-2,00	-2,11	-2,21	-1,37
12/03/2019 17:45:00	-1,27	-1,79	-2,15	-2,47	-2,68	-2,71	-2,68	-2,59	-2,50	-2,45	-2,38	-2,24	-2,09	-1,94	-1,78	-1,72	-1,65	-1,66	-1,67	-1,77	-1,86	-1,31
12/03/2019 17:50:00	-1,28	-1,66	-2,09	-2,51	-2,76	-2,79	-2,65	-2,48	-2,40	-2,34	-2,28	-2,15	-2,03	-1,91	-1,78	-1,74	-1,70	-1,73	-1,77	-1,88	-1,99	-1,25
12/03/2019 17:55:00	-1,19	-1,71	-2,17	-2,59	-2,85	-2,94	-2,86	-2,71	-2,59	-2,56	-2,53	-2,42	-2,30	-2,16	-2,03	-1,96	-1,90	-1,92	-1,93	-2,03	-2,13	-1,22
12/03/2019 18:00:00	-1,24	-1,61	-2,05	-2,51	-2,79	-2,82	-2,73	-2,57	-2,43	-2,43	-2,43	-2,35	-2,27	-2,16	-2,05	-2,00	-1,96	-1,99	-2,02	-2,13	-2,24	-1,22
12/03/2019 18:05:00	-1,18	-1,57	-1,99	-2,37	-2,62	-2,78	-2,80	-2,77	-2,73	-2,71	-2,67	-2,57	-2,46	-2,32	-2,19	-2,14	-2,09	-2,11	-2,13	-2,23	-2,33	-1,16
12/03/2019 18:10:00	-1,16	-1,43	-1,91	-2,46	-2,83	-2,95	-3,05	-2,95	-2,71	-2,67	-2,61	-2,43	-2,25	-2,04	-1,83	-1,72	-1,60	-1,57	-1,55	-1,62	-1,70	-1,12
12/03/2019 18:15:00	-1,10	-1,49	-1,96	-2,47	-2,78	-2,78	-2,74	-2,62	-2,52	-2,48	-2,44	-2,34	-2,23	-2,11	-2,00	-1,95	-1,91	-1,95	-1,98	-2,09	-2,20	-1,11
12/03/2019 18:20:00	-1,16	-1,49	-1,88	-2,37	-2,77	-3,00	-2,93	-2,80	-2,73	-2,73	-2,71	-2,56	-2,41	-2,21	-2,02	-1,91	-1,80	-1,78	-1,75	-1,83	-1,92	-1,11
12/03/2019 18:25:00	-1,09	-1,44	-1,89	-2,47	-2,88	-2,96	-2,78	-2,48	-2,18	-2,25	-2,34	-2,26	-2,18	-2,03	-1,89	-1,78	-1,67	-1,66	-1,65	-1,74	-1,83	-1,06
12/03/2019 18:30:00	-1,04	-1,35	-1,53	-1,87	-2,35	-2,85	-3,22	-3,49	-3,67	-3,60	-3,41	-3,08	-2,75	-2,39	-2,03	-1,84	-1,65	-1,54	-1,42	-1,45	-1,47	-1,04
12/03/2019 18:35:00	-0,96	-1,14	-1,51	-1,94	-2,28	-2,52	-2,62	-2,63	-2,64	-2,69	-2,73	-2,66	-2,60	-2,48	-2,37	-2,31	-2,26	-2,28	-2,30	-2,40	-2,50	-1,02
12/03/2019 18:40:00	-0,96	-1,04	-1,32	-1,79	-2,26	-2,59	-2,68	-2,66	-2,61	-2,57	-2,47	-2,23	-1,98	-1,71	-1,44	-1,28	-1,13	-1,06	-1,00	-1,06	-1,12	-0,94
12/03/2019 18:45:00	-0,94	-1,07	-1,40	-1,93	-2,45	-2,73	-2,89	-2,91	-2,86	-2,75	-2,57	-2,25	-1,94	-1,62	-1,30	-1,13	-0,96	-0,88	-0,80	-0,86	-0,91	-0,84
12/03/2019 18:50:00	-0,76	-0,98	-1,25	-1,62	-2,02	-2,49	-2,75	-2,96	-3,14	-3,15	-3,08	-2,91	-2,73	-2,51	-2,29	-2,19	-2,08	-2,05	-2,02	-2,08	-2,15	-0,82
12/03/2019 18:55:00	-0,75	-1,03	-1,43	-1,73	-1,81	-1,76	-1,68	-1,58	-1,52	-1,61	-1,74	-1,83	-1,93	-1,99	-2,05	-2,12	-2,19	-2,32	-2,45	-2,61	-2,76	-0,76
12/03/2019 19:00:00	-0,73	-0,82	-1,24	-1,88	-2,46	-2,87	-2,89	-2,77	-2,70	-2,51	-2,23	-1,80	-1,38	-0,98	-0,58	-0,37	-0,16	-0,05	0,05	0,01	-0,04	-0,65
12/03/2019 19:05:00	-0,70	-0,90	-1,18	-1,44	-1,64	-1,85	-1,98	-2,06	-2,12	-2,24	-2,36	-2,38	-2,41	-2,38	-2,34	-2,34	-2,33	-2,39	-2,45	-2,57	-2,68	-0,71
12/03/2019 19:10:00	-0,60	-0,74	-1,17	-1,69	-2,07	-2,19	-2,14	-2,01	-1,94	-1,87	-1,78	-1,60	-1,43	-1,26	-1,09	-1,02	-0,95	-0,97	-0,98	-1,09	-1,19	-0,62
12/03/2019 19:15:00	-0,58	-0,71	-1,03	-1,39	-1,64	-1,73	-1,77	-1,75	-1,75	-1,79	-1,83	-1,80	-1,76	-1,70	-1,64	-1,63	-1,63	-1,69	-1,75	-1,87	-2,00	-0,61
12/03/2019 19:20:00	-0,50	-0,54	-0,89	-1,32	-1,64	-1,84	-1,78	-1,67	-1,65	-1,65	-1,64	-1,54	-1,44	-1,32	-1,20	-1,15	-1,11	-1,14	-1,18	-1,29	-1,41	-0,50
12/03/2019 19:25:00	-0,49	-0,57	-0,92	-1,36	-1,70	-1,84	-1,80	-1,71	-1,71	-1,70	-1,67	-1,55	-1,44	-1,32	-1,19	-1,15	-1,11	-1,15	-1,19	-1,30	-1,42	-0,44
12/03/2019 19:30:00	-0,33	-0,59	-0,98	-1,48	-1,87	-2,06	-1,99	-1,86	-1,82	-1,72	-1,57	-1,34	-1,10	-0,88	-0,65	-0,55	-0,45	-0,44	-0,43	-0,52	-0,61	-0,46
12/03/2019 19:35:00	-0,45	-0,40	-0,81	-1,30	-1,68	-1,99	-2,00	-1,91	-1,86	-1,85	-1,82	-1,68	-1,54	-1,38	-1,22	-1,14	-1,06	-1,07	-1,08	-1,18	-1,28	-0,41
12/03/2019 19:40:00	-0,36	-0,41	-0,81	-1,31	-1,72	-1,95	-2,06	-2,06	-2,07	-2,05	-2,00	-1,86	-1,71	-1,56	-1,40	-1,33	-1,27	-1,28	-1,30	-1,40	-1,50	-0,34
12/03/2019 19:45:00	-0,41	-0,38	-0,81	-1,34	-1,75	-1,96	-2,07	-2,09	-2,11	-2,06	-1,98	-1,83	-1,68	-1,53	-1,38	-1,33	-1,29	-1,32	-1,35	-1,46	-1,58	-0,31
12/03/2019 19:50:00	-0,22	-0,36	-0,72	-1,22	-1,64	-1,91	-2,02	-1,97	-1,82	-1,76	-1,66	-1,42	-1,18	-0,92	-0,66	-0,52	-0,38	-0,32	-0,27	-0,34	-0,41	-0,25
12/03/2019 19:55:00	-0,12	-0,32	-0,79	-1,33	-1,66	-1,66	-1,57	-1,35	-1,12	-1,13	-1,17	-1,11	-1,04	-0,95	-0,86	-0,82	-0,78	-0,83	-0,87	-0,99	-1,12	-0,07
12/03/2019 20:00:00	-0,06	-0,23	-0,69	-1,22	-1,56	-1,65	-1,64	-1,55	-1,48	-1,39	-1,28	-1,12	-0,95	-0,80	-0,64	-0,60	-0,55	-0,59	-0,63	-0,74	-0,86	-0,01
12/03/2019 20:05:00	0,01	-0,13	-0,61	-1,25	-1,70	-1,80	-1,78	-1,60	-1,39	-1,31	-1,21	-1,00	-0,80	-0,59	-0,38	-0,28	-0,18	-0,17	-0,17	-0,27	-0,36	-0,01
12/03/2019 20:10:00	-0,01	-0,15	-0,62	-1,26	-1,77	-1,97	-2,04	-2,00	-1,95	-1,82	-1,64	-1,38	-1,12	-0,87	-0,63	-0,52	-0,41	-0,40	-0,38	-0,48	-0,57	0,03
12/03/2019 20:15:00	0,01	-0,24	-0,68	-1,24	-1,67	-1,77	-1,77	-1,69	-1,63	-1,58	-1,52	-1,36	-1,21	-1,05	-0,88	-0,82	-0,75	-0,77	-0,79	-0,90	-1,00	0,08
12/03/2019 20:20:00	0,07	-0,11	-0,59	-1,20	-1,68	-1,88	-1,93	-1,86	-1,76	-1,67	-1,53	-1,29	-1,05	-0,81	-0,58	-0,47	-0,36	-0,34	-0,32	-0,41	-0,50	0,12
12/03/2019 20:25:00	0,04	-0,05	-0,53	-1,16	-1,68	-2,02	-2,12	-2,07	-1,98	-1,86	-1,69	-1,39	-1,10	-0,81	-0,52	-0,37	-0,22	-0,17	-0,12	-0,20	-0,27	0,14
12/03/2019 20:30:00	0,06	-0,10	-0,58	-1,24	-1,75	-1,88	-1,82	-1,58	-1,31	-1,23	-1,14	-0,89	-0,64	-0,39	-0,13	0,02	0,16	0,21	0,25	0,17	0,08	0,06
12/03/2019 20:35:00	0,09	-0,15	-0,52	-1,00	-1,44	-1,68	-1,89	-1,96	-1,92	-1,86	-1,75	-1,52	-1,30	-1,06	-0,81	-0,70	-0,58	-0,55	-0,51	-0,59	-0,66	0,05
12/03/2019 20:40:00	0,03	-0,03	-0,47	-1,16	-1,73	-1,85	-1,88	-1,73	-1,52	-1,47	-1,41	-1,19	-0,98	-0,75	-0,52	-0,39	-0,26	-0,23	-0,20	-0,29	-0,37	0,10
12/03/2019 20:45:00	0,13	-0,03	-0,45	-1,03	-1,52	-1,80	-1,90	-1,87	-1,77	-1,73	-1,65	-1,43	-1,21	-0,97	-0,74	-0,61	-0,48	-0,45	-0,41	-0,49	-0,57	0,16
12/03/2019 20:50:00	0,10	-0,06	-0,49	-1,00	-1,38	-1,57	-1,65	-1,60	-1,51	-1,46	-1,38	-1,21	-1,03	-0,85	-0,67	-0,59	-0,51	-0,52	-0,53	-0,63	-0,72	0,16
12/03/2019 20:55:00	0,19	-0,13	-0,48	-0,95	-1,37	-1,69	-1,76	-1,74	-1,73	-1,73	-1,69	-1,52	-1,34	-1,14	-0,93	-0,82	-0,71	-0,69	-0,66	-0,74	-0,82	0,19
12/03/2019 21:00:00	0,23	0,05	-0,49	-1,06	-1,43	-1,58	-1,53	-1,38	-1,28	-1,22	-1,16	-1,03	-0,89	-0,76	-0,62	-0,58	-0,53	-0,58	-0,62	-0,74	-0,86	0,21
12/03/2019 21:05:00	0,20	0,10	-0,32	-0,83	-1,27	-1,59	-1,69	-1,69	-1,72	-1,69	-1,61	-1,43	-1,25	-1,06	-0,87	-0,79	-0,71	-0,71	-0,71	-0,81	-0,91	0,28
12/03/2019 21:10:00	0,28	0,13	-0,27	-0,79	-1,24	-1,45	-1,57	-1,57	-1,52	-1,55	-1,55	-1,43	-1,31	-1,16	-1,00	-0,93	-0,85	-0,86	-0,87	-0,97	-1,07	0,31
12/03/2019 21:15:00	0,26	0,22	-0,23	-0,92	-1,54	-1,95	-2,03	-1,92	-1,78	-1,68	-1,51	-1,18	-0,84	-0,50	-0,16	0,03	0,23	0,32	0,40	0,35	0,29	0,28
12/03/2019 21:20:00	0,21	0,14	-0,30	-0,81	-1,20	-1,51	-1,61	-1,58	-1,53	-1,49	-1,41	-1,24	-1,06	-0,87	-0,68	-0,60	-0,52	-0,52	-0,52	-0,62	-0,71	0,26
12/03/2019 21:25:00	0,33	0,16	-0,34	-0,94	-1,33	-1,35	-1,25	-1,02	-0,79	-0,76	-0,74	-0,62	-0,50	-0,38	-0,25	-0,19	-0,14	-0,17	-0,21	-0,33	-0,45	0,39
12/03/2019 21:30:00	0,35	0,18	-0,26	-0,74	-1,07	-1,26	-1,38	-1,40	-1,39	-1,32	-1,21	-1,04	-0,88	-0,72	-0,56	-0,51	-0,46	-0,49	-0,52	-0,63	-0,74	0,41
12/03/2019 21:35:00	0,35	0,24	-0,22	-0,78	-1,17	-1,25	-1,30	-1,25	-1,19	-1,17	-1,15	-1,06	-0,96	-0,86	-0,76	-0,73	-0,71	-0,77	-0,83	-0,96	-1,09	0,41
12/03/2019 21:40:00	0,43	0,24	-0,22	-0,81	-1,23	-1,27	-1,16	-0,99	-0,93	-0,94	-0,95	-0,89	-0,83	-0,75	-0,67	-0,65	-0,63	-0,70	-0,77	-0,91	-1,04	0,41
12/03/2019 21:45:00	0,41	0,22	-0,26	-0,78	-1,10	-1,28	-1,12	-0,89	-0,76	-0,84	-0,96	-0,96	-0,97	-0,93	-0,88	-0,87	-0,85	-0,92	-0,98	-1,12	-1,25	0,39
12/03/2019 21:50:00	0,40	0,26	-0,17	-0,66	-1,03	-1,28	-1,35	-1,32	-1,29	-1,30	-1,30	-1,20	-1,11	-0,98	-0,86	-0,81	-0,76	-0,79	-0,82	-0,94	-1,05	0,44
12/03/2019 21:55:00	0,47	0,32	-0,06	-0,52	-0,90	-1,09	-1,22	-1,28	-1,31	-1,35	-1,38	-1,31	-1,25	-1,15	-1,05	-1,02	-0,99	-1,04	-1,08	-1,20	-1,32	0,47
12/03/2019 22:00:00	0,50	0,30	-0,16	-0,67	-1,02	-1,17	-1,07	-0,88	-0,75	-0,86	-1,00	-1,02	-1,04	-1,00	-0,97	-0,95	-0,93	-0,99	-1,06	-1,19	-1,32	0,48
12/03/2019 22:05:00	0,53	0,45	0,08	-0,41	-0,84	-1,14	-1,38	-1,49	-1,50	-1,52	-1,49	-1,36	-1,22	-1,06	-0,89	-0,82	-0,74	-0,75	-0,75	-0,85	-0,94	0,49
12/03/2019 22:10:00	0,52	0,44	0,10	-0,41	-0,89	-1,16	-1,29	-1,33	-1,37	-1,36	-1,30	-1,13	-0,96	-0,77	-0,58	-0,50	-0,41	-0,41	-0,41	-0,51	-0,61	0,54
12/03/2019 22:15:00	0,54	0,42	-0,01	-0,50	-0,84	-0,97	-1,05	-1,03	-1,00	-1,02	-1,04	-0,99	-0,93	-0,85	-0,78	-0,77	-0,75	-0,82	-0,88	-1,01	-1,14	0,56
12/03/2019 22:20:00	0,55	0,37	0,01	-0,48	-0,87	-0,97	-1,03	-1,00	-0,96	-1,05	-1,14	-1,13	-1,12	-1,06	-1,00	-0,97	-0,95	-1,01	-1,07	-1,19	-1,32	0,54
12/03/2019 22:25:00	0,58	0,36	-0,01	-0,43	-0,74	-0,90	-1,02	-1,08	-1,14	-1,12	-1,06	-0,94	-0,83	-0,71	-0,60	-0,58	-0,56	-0,61	-0,66	-0,78	-0,90	0,52
12/03/2019 22:30:00	0,61	0,38	0,02	-0,43	-0,79	-1,01	-1,08	-1,07	-1,07	-1,08	-1,07	-0,96	-0,85	-0,71	-0,57	-0,51	-0,46	-0,48	-0,50	-0,61	-0,71	0,54
12/03/2019 22:35:00	0,61	0,38	-0,05	-0,53	-0,87	-0,95	-0,88	-0,78	-0,80	-0,85	-0,90	-0,89	-0,87	-0,84	-0,80	-0,82	-0,83	-0,92	-1,01	-1,15	-1,30	0,57
12/03/2019 22:40:00	0,55	0,44	0,06	-0,43	-0,81	-0,98	-1,12	-1,15	-1,11	-1,11	-1,09	-0,97	-0,86	-0,72	-0,59	-0,54	-0,49	-0,51	-0,54	-0,65	-0,77	0,60
12/03/2019 22:45:00	0,65	0,56	0,16	-0,35	-0,73	-0,91	-0,98	-0,97	-1,00	-1,03	-1,04	-0,97	-0,91	-0,82	-0,74	-0,73	-0,72	-0,78	-0,84	-0,97	-1,10	0,58
12/03/2019 22:50:00	0,76	0,51	0,18	-0,19	-0,47	-0,50	-0,56	-0,61	-0,69	-0,77	-0,84	-0,86	-0,89	-0,88	-0,87	-0,91	-0,95	-1,06	-1,16	-1,31	-1,46	0,68
12/03/2019 22:55:00	0,52	0,44	0,04	-0,37	-0,60	-0,64	-0,64	-0,59	-0,53	-0,58	-0,67	-0,70	-0,73	-0,74	-0,74	-0,78	-0,82	-0,93	-1,04	-1,19	-1,34	0,71
12/03/2019 23:00:00	0,57	0,45	0,20	-0,20	-0,56	-0,70	-0,77	-0,76	-0,72	-0,76	-0,77	-0,68	-0,58	-0,45	-0,32	-0,26	-0,21	-0,23	-0,26	-0,37	-0,48	0,70
12/03/2019 23:05:00	0,64	0,53	0,07	-0,39	-0,59	-0,48	-0,38	-0,22	-0,10	-0,03	0,01	0,06	0,10	0,13	0,16	0,11	0,06	-0,06	-0,18	-0,35	-0,51	0,61
12/03/2019 23:10:00	0,65	0,46	0,12	-0,28	-0,59	-0,74	-0,82	-0,81	-0,77	-0,80	-0,83	-0,77	-0,70	-0,60	-0,50	-0,47	-0,44	-0,48	-0,52	-0,64	-0,75	0,55
12/03/2019 23:15:00	0,55	0,39	0,09	-0,25	-0,51	-0,65	-0,60	-0,48	-0,40	-0,45	-0,50	-0,45	-0,40	-0,31	-0,22	-0,19	-0,15	-0,20	-0,24	-0,36	-0,49	0,61
12/03/2019 23:20:00	0,64	0,30	0,11	-0,03	-0,11	-0,21	-0,23	-0,27	-0,35	-0,41	-0,46	-0,46	-0,47	-0,44	-0,41	-0,44	-0,47	-0,56	-0,65	-0,78	-0,92	0,61
12/03/2019 23:25:00	0,63	0,47	0,09	-0,32	-0,56	-0,58	-0,52	-0,40	-0,29	-0,32	-0,37	-0,35	-0,33	-0,29	-0,24	-0,25	-0,26	-0,34	-0,43	-0,57	-0,71	0,61
12/03/2019 23:30:00	0,59	0,34	-0,06	-0,42	-0,58	-0,57	-0,48	-0,34	-0,25	-0,22	-0,21	-0,16	-0,11	-0,06	-0,01	-0,03	-0,05	-0,14	-0,23	-0,37	-0,52	0,61
12/03/2019 23:35:00	0,68	0,45	0,12	-0,17	-0,29	-0,26	-0,23	-0,17	-0,12	-0,13	-0,14	-0,13	-0,12	-0,10	-0,08	-0,12	-0,17	-0,27	-0,38	-0,53	-0,68	0,66
12/03/2019 23:40:00	0,58	0,48	0,27	0,03	-0,16	-0,26	-0,29	-0,27	-0,25	-0,25	-0,24	-0,16	-0,07	0,04	0,14	0,16	0,18	0,14	0,09	-0,03	-0,16	0,61
12/03/2019 23:45:00	0,56	0,26	0,05	-0,10	-0,16	-0,13	-0,03	0,07	0,08	0,02	-0,07	-0,10	-0,14	-0,15	-0,16	-0,20	-0,25	-0,36	-0,47	-0,62	-0,77	0,61
12/03/2019 23:50:00	0,54	0,28	0,10	-0,06	-0,10	-0,05	0,06	0,16	0,16	0,08	-0,03	-0,10	-0,16	-0,20	-0,23	-0,29	-0,35	-0,47	-0,59	-0,75	-0,91	0,61
12/03/2019 23:55:00	0,56	0,29	0,00	-0,23	-0,33	-0,41	-0,35	-0,27	-0,25	-0,27	-0,30	-0,27	-0,24	-0,19	-0,15	-0,16	-0,18	-0,26	-0,34	-0,48	-0,61	0,54
