FileFormat:0002.2 file with temperature of atmosphere
SN105HE102 RTK
local	GMT or Local
0	GMT-Local=[hours]
20	Height[m]
0	0	0	Longitude                [grd]               [min]               [sec]
0	0	0	Latitude                [grd]               [min]               [sec]
N	NS
56,45	Freq[GHz]
0,00	dTemostat[K]
0,150	MessErr[K]
0,248	//[grad/step]
version 14.4.20120406
MTP5HE102F5645K-38.60I70D222917+A1.1
Commentary:
SN105HE102
парабола ДНА = 2,5 град
НЕ102 - ПУ - ХВБ с ЦСД " S "
АЦП - 202 - 09 с контр.U пит.и М
оптопара серии - 2
Т out № 178 пл
БП LPS - 112
End Of Commentary

SYSTEM\summer.dat
data time	0	50	100	150	200	250	300	350	400	450	500	550	600	650	700	750	800	850	900	950	1000	OutsideTemperature
15/09/2021 00:00:00	4,10	4,01	4,26	4,57	4,90	5,09	5,08	5,00	4,87	4,58	4,17	3,75	3,32	2,94	2,56	2,24	1,93	1,64	1,35	1,04	0,73	4,06
15/09/2021 00:05:00	4,00	4,10	4,43	4,70	4,88	4,93	4,93	4,90	4,80	4,48	4,03	3,60	3,17	2,80	2,44	2,15	1,86	1,61	1,36	1,10	0,84	4,00
15/09/2021 00:10:00	4,08	4,14	4,49	4,86	5,20	5,35	5,35	5,27	5,10	4,81	4,42	4,00	3,58	3,19	2,80	2,47	2,14	1,84	1,53	1,22	0,90	4,05
15/09/2021 00:15:00	4,09	4,15	4,29	4,47	4,66	4,73	4,76	4,71	4,46	4,24	4,01	3,73	3,45	3,16	2,87	2,58	2,29	2,04	1,78	1,51	1,25	4,00
15/09/2021 00:20:00	4,25	4,23	4,51	4,78	5,02	5,16	5,14	5,05	4,90	4,65	4,29	3,91	3,54	3,19	2,84	2,53	2,22	1,95	1,67	1,38	1,09	4,14
15/09/2021 00:25:00	4,26	4,47	4,74	4,99	5,19	5,19	5,13	5,04	4,85	4,50	4,04	3,58	3,13	2,73	2,34	2,02	1,70	1,42	1,14	0,86	0,57	4,28
15/09/2021 00:30:00	4,28	4,57	4,87	5,09	5,19	5,20	5,15	5,02	4,71	4,33	3,87	3,41	2,95	2,53	2,12	1,78	1,44	1,15	0,86	0,56	0,27	4,20
15/09/2021 00:35:00	4,35	4,28	4,69	5,02	5,26	5,42	5,41	5,30	5,02	4,65	4,18	3,69	3,19	2,75	2,31	1,95	1,58	1,26	0,94	0,60	0,27	4,31
15/09/2021 00:40:00	4,34	4,26	4,54	4,84	5,13	5,23	5,27	5,23	5,04	4,76	4,40	4,01	3,63	3,27	2,91	2,59	2,28	1,99	1,71	1,41	1,11	4,28
15/09/2021 00:45:00	4,30	4,24	4,57	4,99	5,42	5,55	5,53	5,42	5,18	4,88	4,50	4,07	3,63	3,22	2,80	2,43	2,06	1,73	1,39	1,04	0,69	4,28
15/09/2021 00:50:00	4,29	4,27	4,55	4,86	5,15	5,27	5,24	5,13	4,98	4,64	4,15	3,67	3,18	2,76	2,34	2,01	1,68	1,38	1,08	0,77	0,47	4,15
15/09/2021 00:55:00	4,20	4,29	4,69	5,06	5,37	5,55	5,53	5,42	5,25	4,93	4,47	4,00	3,54	3,12	2,70	2,36	2,01	1,70	1,39	1,07	0,75	4,27
15/09/2021 01:00:00	4,33	4,33	4,50	4,80	5,19	5,28	5,34	5,34	5,18	4,93	4,60	4,24	3,89	3,55	3,21	2,91	2,61	2,33	2,05	1,75	1,46	4,43
15/09/2021 01:05:00	4,32	4,19	4,46	4,76	5,05	5,19	5,28	5,29	5,13	4,88	4,54	4,18	3,82	3,49	3,15	2,86	2,57	2,30	2,02	1,73	1,44	4,34
15/09/2021 01:10:00	4,46	4,19	4,51	4,83	5,10	5,14	5,15	5,13	4,97	4,66	4,22	3,77	3,32	2,93	2,54	2,23	1,91	1,63	1,35	1,05	0,76	4,35
15/09/2021 01:15:00	4,25	4,22	4,57	4,90	5,19	5,29	5,34	5,33	5,15	4,83	4,39	3,94	3,49	3,10	2,71	2,39	2,07	1,78	1,50	1,19	0,89	4,23
15/09/2021 01:20:00	4,18	4,14	4,37	4,67	5,00	5,19	5,19	5,11	5,02	4,79	4,45	4,08	3,72	3,37	3,03	2,73	2,43	2,16	1,88	1,59	1,30	4,34
15/09/2021 01:25:00	4,22	4,29	4,62	4,99	5,37	5,59	5,70	5,71	5,56	5,24	4,80	4,36	3,91	3,52	3,13	2,81	2,50	2,20	1,90	1,57	1,25	4,16
15/09/2021 01:30:00	4,21	4,11	4,43	4,78	5,12	5,38	5,42	5,37	5,25	5,03	4,72	4,37	4,02	3,68	3,34	3,03	2,73	2,44	2,15	1,85	1,54	4,17
15/09/2021 01:35:00	4,32	4,24	4,56	4,89	5,18	5,26	5,25	5,18	5,01	4,74	4,37	3,98	3,58	3,21	2,84	2,52	2,20	1,91	1,62	1,32	1,02	4,19
15/09/2021 01:40:00	4,11	4,24	4,42	4,70	5,02	5,11	5,15	5,13	4,97	4,71	4,37	4,01	3,65	3,32	2,98	2,69	2,39	2,12	1,85	1,56	1,27	4,15
15/09/2021 01:45:00	4,05	4,26	4,46	4,66	4,84	4,96	5,03	5,02	4,82	4,64	4,45	4,21	3,98	3,72	3,46	3,20	2,93	2,68	2,44	2,19	1,93	4,06
15/09/2021 01:50:00	4,09	4,26	4,64	4,99	5,27	5,59	5,59	5,49	5,41	5,18	4,84	4,47	4,10	3,75	3,41	3,10	2,80	2,52	2,23	1,93	1,63	4,00
15/09/2021 01:55:00	4,09	4,13	4,53	4,95	5,37	5,62	5,73	5,76	5,63	5,36	4,95	4,53	4,11	3,73	3,35	3,03	2,72	2,42	2,12	1,79	1,47	4,02
15/09/2021 02:00:00	4,11	4,28	4,71	5,12	5,49	5,74	5,84	5,84	5,64	5,36	4,99	4,58	4,18	3,80	3,43	3,09	2,76	2,45	2,15	1,82	1,49	4,03
15/09/2021 02:05:00	3,97	4,15	4,51	4,89	5,24	5,42	5,49	5,49	5,33	5,14	4,90	4,60	4,30	3,99	3,69	3,38	3,08	2,80	2,52	2,23	1,93	3,99
15/09/2021 02:10:00	3,89	4,00	4,37	4,78	5,20	5,47	5,54	5,54	5,50	5,29	4,95	4,59	4,23	3,89	3,56	3,27	2,97	2,69	2,42	2,12	1,82	3,93
15/09/2021 02:15:00	3,96	4,06	4,50	4,95	5,38	5,59	5,68	5,68	5,52	5,28	4,95	4,57	4,19	3,83	3,47	3,15	2,82	2,52	2,22	1,89	1,57	3,92
15/09/2021 02:20:00	3,88	3,87	4,31	4,78	5,22	5,46	5,57	5,61	5,52	5,25	4,83	4,40	3,97	3,59	3,21	2,90	2,58	2,29	1,99	1,67	1,35	3,91
15/09/2021 02:25:00	3,85	4,07	4,62	5,16	5,62	5,82	5,91	5,92	5,79	5,49	5,07	4,61	4,16	3,76	3,35	3,00	2,66	2,34	2,03	1,69	1,35	3,86
15/09/2021 02:30:00	3,85	4,12	4,60	5,05	5,43	5,63	5,69	5,67	5,57	5,32	4,96	4,56	4,17	3,81	3,45	3,13	2,82	2,53	2,24	1,93	1,62	3,86
15/09/2021 02:35:00	3,89	4,02	4,53	5,06	5,54	5,68	5,73	5,71	5,60	5,38	5,05	4,67	4,30	3,93	3,57	3,23	2,90	2,59	2,28	1,96	1,64	3,91
15/09/2021 02:40:00	3,86	3,93	4,38	4,81	5,18	5,50	5,66	5,70	5,53	5,28	4,95	4,57	4,20	3,85	3,50	3,19	2,87	2,58	2,28	1,96	1,64	3,84
15/09/2021 02:45:00	3,75	4,02	4,47	4,96	5,42	5,53	5,57	5,57	5,48	5,22	4,84	4,43	4,02	3,65	3,27	2,95	2,63	2,34	2,04	1,73	1,42	3,80
15/09/2021 02:50:00	3,82	4,04	4,44	4,88	5,30	5,48	5,55	5,55	5,42	5,21	4,91	4,57	4,23	3,90	3,56	3,25	2,94	2,65	2,36	2,06	1,75	3,84
15/09/2021 02:55:00	3,85	3,83	4,16	4,56	5,00	5,30	5,39	5,40	5,32	5,16	4,90	4,60	4,30	3,99	3,69	3,40	3,11	2,83	2,55	2,25	1,94	3,90
15/09/2021 03:00:00	3,97	3,97	4,35	4,73	5,08	5,38	5,50	5,53	5,46	5,20	4,81	4,41	4,01	3,66	3,31	3,02	2,73	2,45	2,17	1,88	1,58	3,90
15/09/2021 03:05:00	3,89	4,03	4,61	5,14	5,56	5,64	5,70	5,68	5,46	5,18	4,82	4,39	3,97	3,57	3,18	2,82	2,46	2,14	1,82	1,48	1,15	3,98
15/09/2021 03:10:00	3,85	4,09	4,58	5,11	5,63	5,97	6,05	6,05	6,02	5,75	5,32	4,87	4,43	4,03	3,63	3,31	2,98	2,67	2,36	2,02	1,68	3,91
15/09/2021 03:15:00	3,95	4,14	4,74	5,30	5,75	5,92	6,00	5,98	5,76	5,47	5,09	4,65	4,21	3,80	3,39	3,02	2,65	2,32	1,98	1,63	1,28	4,00
15/09/2021 03:20:00	4,06	4,31	4,64	5,02	5,42	5,62	5,65	5,59	5,47	5,23	4,88	4,50	4,13	3,77	3,42	3,10	2,78	2,49	2,19	1,88	1,57	3,98
15/09/2021 03:25:00	4,14	4,16	4,50	4,90	5,30	5,47	5,54	5,54	5,39	5,14	4,78	4,39	4,00	3,64	3,28	2,96	2,64	2,35	2,05	1,74	1,43	4,07
15/09/2021 03:30:00	4,17	4,33	4,83	5,32	5,73	5,85	5,91	5,89	5,71	5,39	4,93	4,45	3,98	3,56	3,13	2,78	2,43	2,11	1,79	1,45	1,11	4,13
15/09/2021 03:35:00	4,11	4,43	4,91	5,37	5,74	5,85	5,84	5,77	5,60	5,33	4,95	4,54	4,13	3,75	3,36	3,02	2,67	2,36	2,05	1,73	1,41	4,11
15/09/2021 03:40:00	4,11	4,45	4,86	5,26	5,61	5,81	5,86	5,81	5,59	5,33	5,01	4,64	4,28	3,92	3,56	3,23	2,89	2,58	2,27	1,94	1,62	4,15
15/09/2021 03:45:00	4,23	4,21	4,58	5,02	5,47	5,68	5,77	5,77	5,59	5,31	4,93	4,50	4,08	3,69	3,30	2,96	2,62	2,31	1,99	1,65	1,31	4,16
15/09/2021 03:50:00	4,18	4,40	4,81	5,23	5,62	5,92	6,03	6,03	5,87	5,60	5,22	4,82	4,41	4,04	3,67	3,34	3,02	2,71	2,40	2,07	1,74	4,23
15/09/2021 03:55:00	4,37	4,34	4,68	5,10	5,55	5,80	5,88	5,88	5,80	5,52	5,09	4,65	4,21	3,83	3,44	3,12	2,80	2,50	2,19	1,87	1,54	4,28
15/09/2021 04:00:00	4,33	4,51	5,00	5,43	5,77	6,01	6,09	6,06	5,87	5,59	5,22	4,82	4,42	4,04	3,66	3,32	2,98	2,67	2,36	2,03	1,70	4,29
15/09/2021 04:05:00	4,43	4,45	4,83	5,21	5,53	5,73	5,82	5,81	5,59	5,32	4,98	4,60	4,22	3,86	3,50	3,17	2,84	2,54	2,23	1,91	1,59	4,40
15/09/2021 04:10:00	4,41	4,55	4,87	5,19	5,48	5,68	5,76	5,76	5,59	5,35	5,03	4,69	4,34	4,01	3,68	3,38	3,08	2,80	2,52	2,22	1,92	4,42
15/09/2021 04:15:00	4,57	4,70	5,17	5,60	5,95	6,11	6,16	6,12	5,94	5,63	5,18	4,72	4,26	3,85	3,44	3,09	2,74	2,43	2,11	1,78	1,44	4,46
15/09/2021 04:20:00	4,42	4,54	5,00	5,40	5,71	5,92	5,92	5,80	5,58	5,26	4,83	4,37	3,91	3,49	3,06	2,70	2,34	2,01	1,68	1,34	1,00	4,46
15/09/2021 04:25:00	4,45	4,80	5,27	5,63	5,86	6,03	6,01	5,89	5,65	5,37	5,02	4,64	4,25	3,87	3,50	3,15	2,81	2,50	2,19	1,87	1,55	4,47
15/09/2021 04:30:00	4,44	4,65	5,23	5,61	5,76	6,00	6,01	5,92	5,67	5,39	5,03	4,63	4,23	3,86	3,48	3,13	2,79	2,48	2,17	1,86	1,54	4,41
15/09/2021 04:35:00	4,34	4,80	5,37	5,81	6,10	6,15	6,11	6,00	5,77	5,40	4,89	4,38	3,86	3,41	2,96	2,59	2,22	1,89	1,57	1,23	0,90	4,39
15/09/2021 04:40:00	4,49	4,73	5,32	5,79	6,08	6,18	6,19	6,11	5,86	5,53	5,09	4,62	4,15	3,72	3,29	2,92	2,55	2,22	1,89	1,55	1,22	4,43
15/09/2021 04:45:00	4,47	4,69	5,13	5,51	5,79	5,91	5,93	5,86	5,60	5,28	4,86	4,42	3,98	3,57	3,16	2,81	2,46	2,14	1,82	1,50	1,17	4,47
15/09/2021 04:50:00	4,52	4,66	5,01	5,33	5,57	5,64	5,63	5,55	5,32	5,02	4,64	4,23	3,82	3,44	3,06	2,73	2,39	2,09	1,80	1,49	1,18	4,48
15/09/2021 04:55:00	4,53	4,78	5,27	5,66	5,93	6,12	6,09	5,96	5,74	5,42	4,99	4,53	4,07	3,65	3,23	2,87	2,51	2,18	1,86	1,52	1,19	4,58
15/09/2021 05:00:00	4,63	4,87	5,36	5,83	6,23	6,25	6,18	6,06	5,86	5,53	5,08	4,59	4,11	3,67	3,23	2,85	2,47	2,13	1,80	1,45	1,11	4,61
15/09/2021 05:05:00	4,64	4,75	5,22	5,67	6,06	6,20	6,20	6,13	5,95	5,62	5,15	4,67	4,18	3,75	3,31	2,95	2,59	2,26	1,93	1,58	1,24	4,71
15/09/2021 05:10:00	4,71	4,89	5,20	5,53	5,85	5,95	6,01	6,00	5,77	5,47	5,09	4,69	4,29	3,92	3,55	3,23	2,90	2,59	2,29	1,97	1,65	4,80
15/09/2021 05:15:00	4,79	4,87	5,15	5,41	5,60	5,62	5,58	5,48	5,32	5,04	4,65	4,25	3,85	3,49	3,13	2,82	2,51	2,23	1,95	1,67	1,38	4,85
15/09/2021 05:20:00	5,07	5,05	5,32	5,61	5,86	5,93	5,91	5,81	5,59	5,28	4,88	4,46	4,04	3,65	3,27	2,93	2,59	2,29	1,98	1,67	1,35	4,93
15/09/2021 05:25:00	4,98	4,94	5,21	5,49	5,72	5,73	5,66	5,54	5,35	5,07	4,71	4,32	3,93	3,57	3,20	2,87	2,55	2,26	1,97	1,67	1,37	5,01
15/09/2021 05:30:00	5,09	4,98	5,17	5,40	5,65	5,77	5,75	5,65	5,41	5,09	4,67	4,23	3,80	3,40	3,01	2,67	2,34	2,03	1,72	1,40	1,07	5,05
15/09/2021 05:35:00	5,05	4,98	5,22	5,37	5,40	5,47	5,42	5,30	5,11	4,83	4,47	4,10	3,73	3,39	3,05	2,76	2,46	2,20	1,94	1,67	1,40	5,25
15/09/2021 05:40:00	5,11	5,12	5,27	5,46	5,66	5,62	5,57	5,48	5,23	4,93	4,57	4,19	3,81	3,46	3,10	2,78	2,46	2,18	1,89	1,59	1,30	5,23
15/09/2021 05:45:00	5,09	4,98	5,09	5,20	5,29	5,27	5,22	5,15	5,05	4,80	4,43	4,08	3,73	3,42	3,11	2,85	2,59	2,35	2,12	1,88	1,64	5,05
15/09/2021 05:50:00	4,90	4,96	5,01	5,11	5,23	5,22	5,19	5,10	4,79	4,48	4,14	3,78	3,43	3,09	2,75	2,44	2,13	1,85	1,57	1,29	1,01	4,92
15/09/2021 05:55:00	4,90	4,80	4,94	5,03	5,07	5,10	5,02	4,90	4,72	4,45	4,11	3,76	3,41	3,09	2,77	2,49	2,21	1,96	1,71	1,46	1,20	4,92
15/09/2021 06:00:00	4,86	4,94	4,98	5,01	5,03	4,97	4,85	4,71	4,56	4,33	4,02	3,72	3,42	3,13	2,85	2,59	2,33	2,10	1,87	1,65	1,42	4,95
15/09/2021 06:05:00	5,06	4,87	4,79	4,79	4,87	4,90	4,86	4,77	4,61	4,37	4,08	3,78	3,49	3,21	2,93	2,67	2,42	2,19	1,95	1,71	1,47	5,00
15/09/2021 06:10:00	5,24	4,99	4,82	4,69	4,61	4,55	4,46	4,35	4,18	3,98	3,76	3,53	3,30	3,07	2,84	2,62	2,40	2,20	2,00	1,80	1,60	5,11
15/09/2021 06:15:00	5,32	5,07	4,98	4,88	4,77	4,61	4,55	4,48	4,20	3,93	3,66	3,39	3,12	2,85	2,59	2,34	2,09	1,88	1,66	1,45	1,23	5,27
15/09/2021 06:20:00	5,36	5,17	5,04	5,00	5,03	4,98	4,90	4,79	4,58	4,28	3,90	3,53	3,17	2,85	2,52	2,25	1,98	1,74	1,50	1,25	1,00	5,42
15/09/2021 06:25:00	5,38	5,03	5,00	5,06	5,17	5,14	5,05	4,93	4,76	4,51	4,17	3,83	3,49	3,17	2,85	2,57	2,29	2,04	1,79	1,53	1,27	5,39
15/09/2021 06:30:00	5,51	5,16	5,02	4,91	4,83	4,79	4,65	4,48	4,34	4,12	3,83	3,56	3,28	3,01	2,75	2,51	2,26	2,05	1,84	1,62	1,41	5,41
15/09/2021 06:35:00	5,39	5,09	4,95	4,87	4,84	4,74	4,57	4,38	4,14	3,89	3,63	3,34	3,05	2,77	2,48	2,21	1,94	1,70	1,46	1,23	0,99	5,45
15/09/2021 06:40:00	5,39	5,04	4,82	4,65	4,53	4,39	4,32	4,24	3,97	3,76	3,59	3,40	3,21	3,00	2,78	2,55	2,32	2,12	1,92	1,72	1,52	5,41
15/09/2021 06:45:00	5,39	5,11	4,85	4,69	4,62	4,46	4,30	4,14	3,97	3,76	3,53	3,30	3,07	2,83	2,59	2,36	2,13	1,93	1,73	1,54	1,34	5,30
15/09/2021 06:50:00	5,40	5,09	4,85	4,70	4,62	4,46	4,32	4,18	3,94	3,71	3,49	3,25	3,02	2,77	2,53	2,28	2,04	1,83	1,62	1,41	1,21	5,45
15/09/2021 06:55:00	5,45	5,13	4,86	4,69	4,61	4,67	4,59	4,46	4,28	4,09	3,88	3,66	3,44	3,21	2,99	2,76	2,54	2,33	2,13	1,91	1,70	5,37
15/09/2021 07:00:00	5,46	5,18	4,98	4,84	4,76	4,71	4,58	4,40	4,19	4,09	4,08	4,00	3,92	3,76	3,60	3,38	3,15	2,95	2,75	2,55	2,35	5,48
15/09/2021 07:05:00	5,34	5,22	5,12	5,01	4,89	4,78	4,68	4,57	4,31	4,15	4,04	3,89	3,75	3,55	3,36	3,12	2,89	2,69	2,48	2,28	2,08	5,41
15/09/2021 07:10:00	5,41	5,21	5,06	4,92	4,81	4,81	4,72	4,62	4,60	4,51	4,37	4,23	4,10	3,94	3,78	3,60	3,43	3,27	3,11	2,94	2,78	5,39
15/09/2021 07:15:00	5,42	5,18	5,11	5,01	4,89	4,82	4,71	4,59	4,44	4,29	4,13	3,96	3,78	3,58	3,38	3,16	2,94	2,75	2,56	2,37	2,17	5,46
15/09/2021 07:20:00	5,39	5,22	5,09	4,93	4,74	4,71	4,56	4,36	4,21	4,06	3,89	3,70	3,52	3,32	3,12	2,90	2,68	2,49	2,30	2,12	1,93	5,36
15/09/2021 07:25:00	5,36	5,36	5,23	5,05	4,82	4,72	4,56	4,36	4,13	3,91	3,71	3,50	3,29	3,07	2,84	2,61	2,37	2,17	1,97	1,78	1,59	5,39
15/09/2021 07:30:00	5,45	5,25	5,14	5,03	4,91	4,73	4,49	4,24	4,06	3,87	3,65	3,41	3,18	2,93	2,68	2,42	2,17	1,96	1,75	1,55	1,35	5,42
15/09/2021 07:35:00	5,54	5,41	5,26	5,12	4,98	4,85	4,66	4,44	4,28	4,08	3,85	3,62	3,38	3,14	2,90	2,66	2,42	2,22	2,02	1,82	1,63	5,61
15/09/2021 07:40:00	5,66	5,43	5,27	5,13	5,04	4,94	4,75	4,54	4,40	4,19	3,93	3,67	3,40	3,15	2,89	2,65	2,41	2,20	1,99	1,78	1,58	5,62
15/09/2021 07:45:00	5,76	5,46	5,35	5,20	5,02	4,83	4,64	4,46	4,31	4,15	3,96	3,77	3,57	3,36	3,15	2,93	2,71	2,52	2,33	2,15	1,97	5,73
15/09/2021 07:50:00	5,79	5,48	5,34	5,21	5,10	4,96	4,82	4,68	4,56	4,40	4,21	4,01	3,81	3,60	3,39	3,18	2,96	2,77	2,58	2,39	2,20	5,78
15/09/2021 07:55:00	5,84	5,63	5,51	5,35	5,15	4,89	4,69	4,50	4,28	4,11	3,97	3,80	3,62	3,42	3,22	2,99	2,75	2,56	2,37	2,19	2,01	5,81
15/09/2021 08:00:00	5,81	5,57	5,42	5,28	5,13	4,97	4,80	4,63	4,50	4,34	4,16	3,98	3,79	3,59	3,38	3,16	2,95	2,76	2,57	2,39	2,20	5,85
15/09/2021 08:05:00	5,89	5,73	5,49	5,25	5,01	4,83	4,67	4,51	4,31	4,12	3,95	3,77	3,60	3,41	3,21	3,00	2,79	2,61	2,43	2,26	2,09	5,90
15/09/2021 08:10:00	5,93	5,59	5,41	5,29	5,24	5,15	5,03	4,89	4,73	4,54	4,32	4,08	3,85	3,61	3,37	3,14	2,90	2,69	2,48	2,26	2,05	5,93
15/09/2021 08:15:00	6,00	5,72	5,52	5,38	5,31	5,17	5,01	4,84	4,61	4,43	4,28	4,10	3,91	3,69	3,47	3,23	2,98	2,76	2,54	2,32	2,10	5,90
15/09/2021 08:20:00	5,88	5,67	5,44	5,25	5,09	4,92	4,75	4,58	4,39	4,18	3,94	3,71	3,48	3,25	3,01	2,78	2,56	2,36	2,16	1,97	1,77	5,91
15/09/2021 08:25:00	5,76	5,62	5,50	5,34	5,13	5,00	4,83	4,65	4,48	4,31	4,15	3,98	3,80	3,60	3,41	3,19	2,96	2,78	2,59	2,41	2,22	5,88
15/09/2021 08:30:00	5,89	5,62	5,45	5,24	4,98	4,87	4,76	4,63	4,42	4,26	4,13	3,99	3,85	3,67	3,50	3,29	3,08	2,90	2,73	2,55	2,37	5,89
15/09/2021 08:35:00	5,69	5,56	5,41	5,22	5,01	4,89	4,73	4,55	4,41	4,28	4,16	4,02	3,89	3,72	3,55	3,34	3,14	2,96	2,79	2,62	2,45	5,85
15/09/2021 08:40:00	5,75	5,61	5,48	5,28	5,02	4,97	4,86	4,73	4,56	4,40	4,26	4,12	3,97	3,79	3,62	3,42	3,21	3,04	2,86	2,69	2,52	5,85
15/09/2021 08:45:00	5,79	5,57	5,48	5,35	5,18	5,08	4,88	4,65	4,43	4,26	4,12	3,94	3,76	3,54	3,33	3,08	2,83	2,61	2,40	2,20	1,99	5,83
15/09/2021 08:50:00	5,94	5,71	5,56	5,43	5,31	5,16	5,03	4,90	4,69	4,52	4,38	4,21	4,03	3,83	3,63	3,39	3,16	2,96	2,76	2,56	2,36	5,83
15/09/2021 08:55:00	5,81	5,73	5,65	5,55	5,40	5,26	5,11	4,94	4,75	4,55	4,33	4,10	3,87	3,63	3,39	3,15	2,91	2,70	2,50	2,30	2,09	5,83
15/09/2021 09:00:00	5,89	5,72	5,54	5,41	5,34	5,27	5,11	4,91	4,69	4,51	4,35	4,16	3,96	3,73	3,51	3,25	3,00	2,77	2,55	2,33	2,10	5,88
15/09/2021 09:05:00	5,82	5,62	5,55	5,46	5,35	5,14	4,91	4,69	4,55	4,38	4,20	3,99	3,79	3,56	3,33	3,09	2,85	2,65	2,44	2,25	2,05	5,88
15/09/2021 09:10:00	5,87	5,70	5,52	5,35	5,18	4,95	4,78	4,64	4,48	4,34	4,23	4,10	3,96	3,79	3,62	3,41	3,20	3,03	2,85	2,68	2,51	5,92
15/09/2021 09:15:00	5,91	5,63	5,52	5,43	5,35	5,18	5,08	4,99	4,89	4,74	4,58	4,41	4,24	4,04	3,85	3,64	3,43	3,25	3,07	2,88	2,70	6,02
15/09/2021 09:20:00	6,01	5,80	5,70	5,56	5,40	5,30	5,13	4,94	4,82	4,68	4,52	4,34	4,16	3,96	3,76	3,54	3,32	3,13	2,93	2,75	2,56	5,95
15/09/2021 09:25:00	6,09	5,86	5,69	5,51	5,32	5,15	4,97	4,78	4,63	4,49	4,35	4,20	4,04	3,85	3,67	3,45	3,24	3,05	2,87	2,69	2,51	6,13
15/09/2021 09:30:00	6,12	5,79	5,67	5,48	5,20	5,11	4,99	4,87	4,72	4,62	4,56	4,47	4,38	4,24	4,10	3,91	3,72	3,55	3,39	3,22	3,06	6,03
15/09/2021 09:35:00	5,96	5,70	5,49	5,36	5,29	5,11	5,00	4,90	4,75	4,58	4,41	4,22	4,03	3,83	3,62	3,40	3,18	2,99	2,80	2,61	2,41	6,03
15/09/2021 09:40:00	5,99	5,66	5,49	5,38	5,31	5,16	5,04	4,93	4,76	4,60	4,43	4,25	4,06	3,86	3,65	3,42	3,20	3,00	2,80	2,60	2,39	6,00
15/09/2021 09:45:00	5,97	5,80	5,64	5,48	5,31	5,14	4,99	4,84	4,69	4,55	4,42	4,27	4,12	3,94	3,76	3,55	3,34	3,16	2,98	2,80	2,63	6,06
15/09/2021 09:50:00	6,11	5,77	5,60	5,48	5,41	5,23	5,08	4,93	4,77	4,60	4,43	4,24	4,05	3,84	3,62	3,39	3,16	2,95	2,75	2,55	2,34	6,21
15/09/2021 09:55:00	6,30	5,97	5,79	5,64	5,52	5,36	5,20	5,03	4,82	4,62	4,43	4,22	4,00	3,77	3,54	3,30	3,06	2,84	2,63	2,42	2,21	6,15
15/09/2021 10:00:00	6,25	6,05	5,94	5,81	5,63	5,36	5,16	4,98	4,74	4,51	4,29	4,05	3,81	3,57	3,32	3,07	2,81	2,60	2,39	2,19	1,98	6,13
15/09/2021 10:05:00	6,26	6,13	5,89	5,68	5,50	5,21	4,98	4,79	4,60	4,40	4,21	4,01	3,81	3,59	3,38	3,15	2,92	2,73	2,54	2,35	2,17	6,31
15/09/2021 10:10:00	6,37	5,93	5,82	5,72	5,61	5,45	5,26	5,06	4,93	4,73	4,48	4,23	3,97	3,72	3,47	3,22	2,97	2,76	2,55	2,34	2,13	6,28
15/09/2021 10:15:00	6,43	6,07	5,85	5,70	5,60	5,40	5,27	5,17	4,93	4,72	4,53	4,33	4,12	3,90	3,67	3,44	3,20	2,98	2,77	2,56	2,34	6,27
15/09/2021 10:20:00	6,38	6,18	5,97	5,76	5,54	5,39	5,17	4,94	4,78	4,61	4,42	4,23	4,04	3,83	3,62	3,39	3,17	2,97	2,78	2,59	2,40	6,55
15/09/2021 10:25:00	6,47	6,19	6,01	5,88	5,81	5,68	5,47	5,23	5,06	4,89	4,69	4,48	4,26	4,02	3,78	3,52	3,27	3,05	2,82	2,60	2,37	6,41
15/09/2021 10:30:00	6,60	6,34	6,11	5,91	5,74	5,60	5,43	5,26	5,01	4,80	4,61	4,40	4,19	3,96	3,73	3,48	3,24	3,02	2,81	2,59	2,37	6,60
15/09/2021 10:35:00	6,51	6,11	5,95	5,83	5,75	5,55	5,36	5,18	5,03	4,85	4,65	4,44	4,22	3,99	3,76	3,52	3,28	3,06	2,85	2,64	2,43	6,51
15/09/2021 10:40:00	6,57	6,36	6,14	5,93	5,73	5,52	5,35	5,19	4,92	4,69	4,48	4,26	4,04	3,80	3,57	3,32	3,08	2,87	2,66	2,45	2,24	6,63
15/09/2021 10:45:00	6,76	6,49	6,29	6,14	6,03	5,83	5,64	5,46	5,25	5,03	4,81	4,57	4,34	4,09	3,84	3,59	3,34	3,11	2,89	2,67	2,45	6,78
15/09/2021 10:50:00	6,89	6,56	6,35	6,17	6,05	5,91	5,73	5,53	5,40	5,23	5,04	4,84	4,64	4,42	4,20	3,97	3,74	3,53	3,33	3,12	2,91	6,85
15/09/2021 10:55:00	7,04	6,65	6,41	6,24	6,14	5,96	5,76	5,57	5,39	5,21	5,02	4,81	4,60	4,37	4,14	3,90	3,65	3,44	3,22	3,00	2,78	7,08
15/09/2021 11:00:00	7,08	6,68	6,49	6,29	6,08	5,90	5,77	5,65	5,39	5,19	5,05	4,89	4,72	4,52	4,32	4,09	3,85	3,64	3,43	3,22	3,01	7,14
15/09/2021 11:05:00	7,20	6,81	6,56	6,34	6,13	5,92	5,71	5,51	5,42	5,27	5,07	4,88	4,68	4,48	4,28	4,07	3,86	3,67	3,49	3,30	3,11	7,15
15/09/2021 11:10:00	7,32	7,07	6,78	6,54	6,32	6,07	5,81	5,55	5,40	5,26	5,12	4,96	4,81	4,62	4,43	4,21	3,98	3,79	3,60	3,41	3,22	7,35
15/09/2021 11:15:00	7,51	7,03	6,66	6,36	6,13	5,92	5,72	5,55	5,48	5,32	5,08	4,87	4,66	4,46	4,26	4,06	3,87	3,70	3,52	3,34	3,17	7,38
15/09/2021 11:20:00	7,61	7,11	6,74	6,43	6,21	5,99	5,72	5,44	5,32	5,15	4,94	4,73	4,53	4,31	4,10	3,87	3,65	3,45	3,26	3,06	2,87	7,50
15/09/2021 11:25:00	7,63	7,20	6,84	6,54	6,33	6,08	5,92	5,81	5,54	5,28	5,02	4,78	4,53	4,29	4,05	3,82	3,58	3,37	3,16	2,94	2,72	7,48
15/09/2021 11:30:00	7,63	7,30	6,97	6,65	6,33	6,11	5,85	5,57	5,38	5,15	4,90	4,66	4,42	4,18	3,95	3,71	3,48	3,28	3,07	2,87	2,68	7,55
15/09/2021 11:35:00	7,66	7,36	7,02	6,75	6,56	6,31	6,07	5,83	5,54	5,31	5,15	4,96	4,77	4,54	4,32	4,06	3,80	3,57	3,34	3,11	2,88	7,68
15/09/2021 11:40:00	7,60	7,28	7,02	6,77	6,51	6,25	5,98	5,71	5,47	5,19	4,87	4,56	4,25	3,96	3,67	3,41	3,14	2,91	2,68	2,46	2,23	7,71
15/09/2021 11:45:00	7,59	7,10	6,70	6,36	6,08	5,81	5,59	5,41	5,22	4,98	4,69	4,43	4,17	3,93	3,69	3,47	3,26	3,06	2,87	2,67	2,48	7,53
15/09/2021 11:50:00	7,59	7,20	6,73	6,31	5,95	5,72	5,46	5,20	5,06	4,91	4,73	4,57	4,41	4,24	4,06	3,87	3,68	3,51	3,35	3,18	3,02	7,67
15/09/2021 11:55:00	7,58	7,24	6,81	6,41	6,07	5,81	5,53	5,25	5,00	4,77	4,57	4,37	4,17	3,96	3,74	3,51	3,28	3,09	2,89	2,70	2,50	7,63
15/09/2021 12:00:00	7,65	7,28	6,85	6,45	6,10	5,79	5,47	5,15	4,99	4,82	4,63	4,46	4,28	4,09	3,90	3,69	3,48	3,30	3,12	2,95	2,78	7,78
15/09/2021 12:05:00	7,71	7,24	6,84	6,45	6,08	5,75	5,48	5,26	5,04	4,84	4,66	4,49	4,32	4,13	3,95	3,74	3,53	3,35	3,17	3,00	2,83	7,57
15/09/2021 12:10:00	7,73	7,25	6,83	6,44	6,09	5,86	5,57	5,28	5,08	4,87	4,65	4,44	4,23	4,02	3,80	3,58	3,35	3,16	2,97	2,78	2,59	7,65
15/09/2021 12:15:00	7,68	7,25	6,83	6,41	6,00	5,76	5,49	5,23	5,10	4,90	4,63	4,40	4,17	3,96	3,75	3,56	3,36	3,19	3,03	2,86	2,70	7,69
15/09/2021 12:20:00	7,71	7,48	7,00	6,63	6,38	6,08	5,78	5,49	5,30	5,10	4,87	4,66	4,44	4,22	4,00	3,78	3,55	3,35	3,15	2,96	2,76	7,78
15/09/2021 12:25:00	7,88	7,42	7,03	6,65	6,29	6,07	5,79	5,49	5,30	5,09	4,88	4,67	4,47	4,25	4,04	3,81	3,59	3,39	3,19	3,00	2,81	7,89
15/09/2021 12:30:00	7,83	7,33	6,90	6,50	6,13	5,84	5,55	5,26	5,08	4,87	4,63	4,41	4,19	3,97	3,76	3,54	3,32	3,14	2,95	2,77	2,59	7,81
15/09/2021 12:35:00	7,78	7,37	6,89	6,46	6,10	5,77	5,53	5,33	5,07	4,84	4,65	4,46	4,28	4,09	3,89	3,68	3,47	3,28	3,10	2,92	2,74	7,92
15/09/2021 12:40:00	7,91	7,38	6,88	6,45	6,11	5,81	5,57	5,36	5,11	4,92	4,79	4,65	4,52	4,35	4,18	3,97	3,76	3,58	3,40	3,22	3,04	7,83
15/09/2021 12:45:00	7,77	7,31	6,85	6,47	6,19	5,88	5,59	5,32	5,11	4,91	4,72	4,52	4,33	4,12	3,91	3,69	3,46	3,26	3,07	2,88	2,69	7,72
15/09/2021 12:50:00	7,72	7,32	6,81	6,33	5,92	5,65	5,39	5,14	4,94	4,77	4,63	4,51	4,38	4,23	4,07	3,88	3,69	3,53	3,37	3,21	3,05	7,68
15/09/2021 12:55:00	7,63	7,26	6,90	6,52	6,10	5,89	5,61	5,31	5,13	4,96	4,81	4,67	4,52	4,34	4,16	3,95	3,75	3,57	3,39	3,22	3,05	7,69
15/09/2021 13:00:00	7,64	7,29	6,86	6,49	6,20	5,93	5,64	5,35	5,16	5,00	4,88	4,75	4,61	4,43	4,26	4,04	3,83	3,64	3,45	3,27	3,09	7,63
15/09/2021 13:05:00	7,70	7,35	6,84	6,37	5,99	5,67	5,40	5,19	5,08	4,96	4,83	4,72	4,61	4,47	4,34	4,18	4,02	3,88	3,74	3,61	3,47	7,67
15/09/2021 13:10:00	7,72	7,32	6,93	6,55	6,18	5,91	5,65	5,39	5,20	5,06	4,97	4,87	4,77	4,62	4,47	4,27	4,06	3,89	3,72	3,56	3,39	7,77
15/09/2021 13:15:00	7,78	7,47	7,06	6,67	6,31	5,98	5,69	5,45	5,33	5,23	5,14	5,05	4,97	4,84	4,71	4,53	4,35	4,20	4,05	3,90	3,76	7,77
15/09/2021 13:20:00	7,82	7,44	7,06	6,70	6,39	6,16	5,96	5,81	5,70	5,62	5,58	5,53	5,47	5,37	5,26	5,09	4,93	4,78	4,62	4,48	4,33	7,78
15/09/2021 13:25:00	7,83	7,39	7,06	6,78	6,56	6,26	6,10	6,03	5,90	5,80	5,74	5,67	5,60	5,48	5,36	5,18	5,00	4,84	4,68	4,51	4,35	7,76
15/09/2021 13:30:00	7,81	7,54	7,23	6,91	6,57	6,34	6,17	6,03	5,84	5,75	5,76	5,74	5,72	5,62	5,52	5,34	5,16	5,00	4,83	4,67	4,51	7,86
15/09/2021 13:35:00	7,91	7,48	7,13	6,84	6,63	6,58	6,41	6,20	6,15	6,10	6,05	5,98	5,91	5,79	5,66	5,48	5,30	5,12	4,94	4,76	4,58	7,83
15/09/2021 13:40:00	7,83	7,46	7,13	6,86	6,65	6,43	6,29	6,20	6,10	6,04	6,02	5,98	5,94	5,84	5,74	5,57	5,40	5,24	5,08	4,91	4,74	7,86
15/09/2021 13:45:00	7,76	7,43	7,10	6,81	6,56	6,40	6,22	6,04	5,88	5,79	5,77	5,72	5,67	5,55	5,43	5,23	5,04	4,85	4,67	4,49	4,31	7,85
15/09/2021 13:50:00	7,85	7,48	7,08	6,75	6,51	6,32	6,16	6,02	5,81	5,66	5,60	5,50	5,41	5,27	5,12	4,92	4,72	4,53	4,34	4,15	3,96	7,98
15/09/2021 13:55:00	7,96	7,63	7,25	6,85	6,45	6,25	6,06	5,89	5,64	5,53	5,55	5,54	5,52	5,42	5,33	5,14	4,95	4,78	4,62	4,45	4,29	8,07
15/09/2021 14:00:00	7,92	7,61	7,35	7,07	6,75	6,47	6,26	6,10	5,95	5,81	5,69	5,57	5,45	5,29	5,13	4,94	4,74	4,56	4,39	4,22	4,05	8,04
15/09/2021 14:05:00	7,98	7,62	7,24	6,92	6,71	6,52	6,37	6,26	6,12	6,00	5,89	5,77	5,66	5,51	5,36	5,17	4,99	4,81	4,63	4,44	4,26	8,10
15/09/2021 14:10:00	8,12	7,72	7,36	7,03	6,73	6,50	6,25	6,01	5,91	5,80	5,68	5,56	5,43	5,28	5,12	4,93	4,73	4,56	4,38	4,21	4,04	8,22
15/09/2021 14:15:00	8,11	7,71	7,33	7,01	6,77	6,51	6,28	6,06	5,92	5,81	5,76	5,68	5,60	5,46	5,32	5,12	4,92	4,74	4,56	4,38	4,19	8,08
15/09/2021 14:20:00	8,08	7,68	7,34	7,04	6,79	6,58	6,35	6,13	5,98	5,85	5,74	5,62	5,49	5,32	5,16	4,95	4,74	4,54	4,35	4,16	3,97	8,07
15/09/2021 14:25:00	8,08	7,78	7,42	7,04	6,63	6,45	6,23	6,00	5,87	5,76	5,69	5,61	5,53	5,40	5,27	5,09	4,91	4,75	4,59	4,43	4,27	8,03
15/09/2021 14:30:00	8,16	7,80	7,46	7,15	6,87	6,60	6,35	6,13	6,04	5,93	5,80	5,68	5,55	5,39	5,24	5,04	4,85	4,67	4,50	4,33	4,16	8,20
15/09/2021 14:35:00	8,15	7,77	7,31	6,93	6,65	6,35	6,14	6,00	5,87	5,80	5,79	5,77	5,74	5,65	5,56	5,39	5,23	5,08	4,92	4,77	4,62	8,12
15/09/2021 14:40:00	8,08	7,87	7,45	7,09	6,84	6,62	6,40	6,20	6,09	5,97	5,84	5,71	5,59	5,43	5,28	5,09	4,90	4,73	4,55	4,37	4,20	8,17
15/09/2021 14:45:00	8,07	7,78	7,44	7,15	6,92	6,69	6,49	6,31	6,17	6,02	5,88	5,74	5,60	5,43	5,25	5,05	4,84	4,65	4,46	4,27	4,08	8,23
15/09/2021 14:50:00	8,11	7,91	7,47	7,14	6,97	6,65	6,44	6,29	6,07	5,93	5,90	5,83	5,76	5,62	5,49	5,28	5,07	4,88	4,68	4,49	4,30	8,20
15/09/2021 14:55:00	8,23	8,04	7,72	7,39	7,08	6,80	6,60	6,45	6,29	6,14	6,01	5,88	5,76	5,60	5,45	5,25	5,06	4,88	4,71	4,53	4,35	8,45
15/09/2021 15:00:00	8,39	8,01	7,73	7,41	7,04	6,82	6,60	6,38	6,22	6,07	5,93	5,78	5,64	5,47	5,30	5,09	4,88	4,70	4,51	4,33	4,15	8,35
15/09/2021 15:05:00	8,38	8,09	7,74	7,38	7,02	6,79	6,55	6,32	6,20	6,10	6,03	5,95	5,88	5,75	5,62	5,44	5,25	5,09	4,92	4,75	4,59	8,39
15/09/2021 15:10:00	8,51	8,07	7,74	7,42	7,11	6,90	6,72	6,56	6,37	6,21	6,12	6,00	5,89	5,74	5,58	5,37	5,17	4,98	4,79	4,59	4,40	8,45
15/09/2021 15:15:00	8,51	8,11	7,79	7,51	7,29	7,02	6,77	6,54	6,40	6,28	6,17	6,05	5,92	5,76	5,59	5,37	5,15	4,96	4,76	4,56	4,37	8,48
15/09/2021 15:20:00	8,55	8,12	7,77	7,50	7,31	7,06	6,86	6,69	6,50	6,37	6,30	6,19	6,09	5,93	5,77	5,55	5,33	5,13	4,93	4,72	4,51	8,44
15/09/2021 15:25:00	8,60	8,30	8,00	7,68	7,35	7,15	6,95	6,76	6,58	6,45	6,36	6,25	6,15	6,00	5,85	5,64	5,44	5,25	5,06	4,87	4,68	8,60
15/09/2021 15:30:00	8,61	8,34	8,06	7,73	7,34	7,20	7,02	6,82	6,62	6,46	6,35	6,22	6,10	5,94	5,78	5,57	5,36	5,16	4,97	4,77	4,57	8,65
15/09/2021 15:35:00	8,83	8,30	7,92	7,66	7,53	7,37	7,21	7,06	6,88	6,69	6,49	6,28	6,07	5,85	5,63	5,40	5,16	4,93	4,70	4,46	4,22	8,83
15/09/2021 15:40:00	8,78	8,49	8,17	7,84	7,53	7,30	7,12	6,97	6,63	6,41	6,35	6,25	6,15	5,98	5,81	5,57	5,33	5,11	4,89	4,67	4,44	8,67
15/09/2021 15:45:00	8,86	8,29	7,95	7,61	7,25	7,04	6,81	6,58	6,40	6,27	6,20	6,10	6,00	5,85	5,70	5,49	5,28	5,09	4,90	4,71	4,52	8,73
15/09/2021 15:50:00	8,85	8,33	8,07	7,82	7,56	7,30	7,07	6,87	6,72	6,57	6,42	6,26	6,09	5,91	5,72	5,49	5,27	5,07	4,86	4,66	4,45	9,03
15/09/2021 15:55:00	8,88	8,59	8,16	7,77	7,45	7,16	6,91	6,70	6,48	6,31	6,22	6,12	6,01	5,85	5,70	5,49	5,28	5,08	4,89	4,70	4,51	8,93
15/09/2021 16:00:00	8,91	8,51	8,17	7,85	7,53	7,21	7,00	6,86	6,64	6,46	6,32	6,18	6,04	5,87	5,70	5,49	5,27	5,08	4,88	4,69	4,49	8,88
15/09/2021 16:05:00	8,99	8,45	8,11	7,79	7,50	7,26	7,05	6,88	6,71	6,53	6,35	6,18	6,00	5,81	5,61	5,40	5,18	4,98	4,78	4,57	4,36	8,93
15/09/2021 16:10:00	8,94	8,64	8,23	7,86	7,56	7,23	6,95	6,72	6,47	6,30	6,24	6,15	6,06	5,91	5,76	5,53	5,31	5,11	4,90	4,71	4,51	9,03
15/09/2021 16:15:00	9,01	8,70	8,20	7,77	7,46	7,12	6,84	6,60	6,46	6,33	6,21	6,10	5,99	5,85	5,70	5,51	5,32	5,14	4,96	4,79	4,62	8,98
15/09/2021 16:20:00	9,02	8,56	8,21	7,84	7,45	7,13	6,89	6,71	6,57	6,41	6,21	6,04	5,87	5,69	5,51	5,32	5,12	4,94	4,77	4,59	4,42	9,02
15/09/2021 16:25:00	9,00	8,63	8,26	7,88	7,49	7,19	6,87	6,55	6,35	6,22	6,15	6,06	5,97	5,82	5,67	5,45	5,23	5,04	4,85	4,66	4,48	9,07
15/09/2021 16:30:00	9,02	8,59	8,15	7,78	7,50	7,15	6,90	6,73	6,60	6,48	6,35	6,23	6,11	5,96	5,81	5,62	5,43	5,26	5,08	4,90	4,73	9,06
15/09/2021 16:35:00	9,13	8,66	8,23	7,85	7,54	7,34	7,10	6,83	6,62	6,44	6,32	6,18	6,03	5,85	5,67	5,44	5,21	5,00	4,79	4,57	4,36	9,08
15/09/2021 16:40:00	9,11	8,64	8,20	7,78	7,37	7,14	6,87	6,57	6,42	6,28	6,17	6,04	5,92	5,77	5,61	5,41	5,21	5,02	4,83	4,65	4,47	9,10
15/09/2021 16:45:00	9,17	8,74	8,28	7,84	7,46	7,17	6,90	6,66	6,48	6,35	6,28	6,19	6,10	5,97	5,83	5,64	5,44	5,27	5,09	4,92	4,74	9,08
15/09/2021 16:50:00	9,05	8,57	8,18	7,84	7,55	7,37	7,17	6,96	6,77	6,62	6,53	6,42	6,31	6,14	5,98	5,77	5,55	5,35	5,14	4,93	4,72	8,99
15/09/2021 16:55:00	9,04	8,60	8,19	7,82	7,53	7,27	7,06	6,87	6,70	6,58	6,52	6,43	6,35	6,22	6,08	5,88	5,69	5,50	5,31	5,12	4,93	9,04
15/09/2021 17:00:00	9,01	8,66	8,20	7,79	7,43	7,24	7,05	6,87	6,73	6,61	6,52	6,43	6,33	6,20	6,07	5,89	5,71	5,54	5,36	5,18	5,00	9,03
15/09/2021 17:05:00	9,17	8,65	8,22	7,83	7,50	7,33	7,13	6,92	6,78	6,67	6,63	6,56	6,49	6,36	6,24	6,05	5,86	5,68	5,50	5,31	5,12	9,18
15/09/2021 17:10:00	9,19	8,82	8,43	8,08	7,77	7,52	7,27	7,03	6,86	6,75	6,69	6,61	6,53	6,39	6,25	6,04	5,83	5,64	5,44	5,25	5,06	9,21
15/09/2021 17:15:00	9,24	8,82	8,44	8,06	7,70	7,49	7,31	7,16	7,02	6,88	6,72	6,58	6,44	6,28	6,12	5,94	5,75	5,57	5,39	5,20	5,01	9,12
15/09/2021 17:20:00	9,29	8,86	8,54	8,23	7,92	7,66	7,43	7,22	7,09	6,94	6,76	6,59	6,42	6,23	6,05	5,83	5,62	5,43	5,23	5,03	4,83	9,30
15/09/2021 17:25:00	9,15	8,83	8,47	8,12	7,77	7,59	7,37	7,13	7,04	6,93	6,76	6,61	6,45	6,29	6,12	5,92	5,73	5,54	5,36	5,17	4,98	9,18
15/09/2021 17:30:00	9,21	8,84	8,44	8,11	7,89	7,67	7,49	7,33	7,19	7,05	6,93	6,80	6,67	6,51	6,35	6,14	5,94	5,74	5,54	5,33	5,12	9,42
15/09/2021 17:35:00	9,35	8,93	8,56	8,18	7,81	7,57	7,38	7,26	7,03	6,87	6,79	6,69	6,60	6,46	6,32	6,12	5,92	5,73	5,54	5,34	5,15	9,40
15/09/2021 17:40:00	9,33	8,93	8,50	8,15	7,91	7,67	7,47	7,32	7,01	6,81	6,80	6,73	6,66	6,51	6,36	6,13	5,89	5,67	5,44	5,21	4,98	9,34
15/09/2021 17:45:00	9,33	8,88	8,53	8,20	7,89	7,72	7,53	7,31	7,21	7,11	7,00	6,89	6,77	6,62	6,47	6,28	6,08	5,89	5,70	5,51	5,31	9,37
15/09/2021 17:50:00	9,34	8,92	8,53	8,21	8,01	7,72	7,48	7,29	7,21	7,13	7,05	6,96	6,87	6,74	6,60	6,41	6,22	6,03	5,85	5,66	5,47	9,51
15/09/2021 17:55:00	9,30	9,02	8,69	8,35	7,98	7,87	7,69	7,47	7,27	7,12	7,04	6,95	6,85	6,70	6,55	6,34	6,12	5,91	5,70	5,49	5,28	9,28
15/09/2021 18:00:00	9,34	8,96	8,60	8,27	7,96	7,79	7,62	7,46	7,40	7,34	7,25	7,17	7,09	6,97	6,85	6,68	6,51	6,34	6,17	5,99	5,81	9,45
15/09/2021 18:05:00	9,43	9,07	8,74	8,50	8,40	8,42	8,40	8,36	8,34	8,39	8,54	8,63	8,72	8,69	8,67	8,52	8,37	8,19	8,02	7,82	7,62	9,25
15/09/2021 20:55:00	9,27	9,49	9,55	9,52	9,37	9,31	9,24	9,18	9,09	9,03	9,03	8,98	8,93	8,81	8,69	8,48	8,27	8,06	7,84	7,61	7,39	9,08
15/09/2021 21:00:00	9,17	9,28	9,28	9,27	9,24	9,20	9,18	9,16	9,11	9,08	9,08	9,04	9,00	8,88	8,77	8,56	8,36	8,14	7,93	7,69	7,46	9,11
15/09/2021 21:05:00	9,16	9,40	9,37	9,34	9,32	9,38	9,35	9,27	9,27	9,23	9,11	8,98	8,86	8,70	8,54	8,33	8,12	7,89	7,66	7,42	7,17	9,12
15/09/2021 21:10:00	9,14	9,26	9,11	9,05	9,10	9,06	9,07	9,13	9,09	9,07	9,07	9,04	9,01	8,91	8,81	8,63	8,44	8,23	8,02	7,79	7,56	9,13
15/09/2021 21:15:00	9,13	9,24	9,20	9,12	8,97	9,00	9,00	9,01	9,01	9,02	9,03	9,02	9,01	8,93	8,85	8,69	8,52	8,34	8,15	7,95	7,75	9,17
15/09/2021 21:20:00	9,21	9,09	8,98	8,96	9,02	9,09	9,14	9,20	9,19	9,20	9,25	9,25	9,25	9,16	9,08	8,90	8,71	8,50	8,29	8,05	7,81	9,15
15/09/2021 21:25:00	9,09	9,18	9,24	9,30	9,37	9,45	9,48	9,49	9,53	9,50	9,36	9,22	9,08	8,91	8,75	8,54	8,33	8,10	7,87	7,61	7,36	9,12
15/09/2021 21:30:00	9,13	9,18	9,17	9,20	9,27	9,44	9,51	9,51	9,51	9,51	9,50	9,45	9,40	9,28	9,16	8,96	8,76	8,53	8,29	8,03	7,77	9,11
15/09/2021 21:35:00	9,07	9,51	9,57	9,60	9,62	9,70	9,68	9,62	9,56	9,53	9,53	9,48	9,42	9,30	9,17	8,94	8,72	8,48	8,24	7,98	7,73	9,13
15/09/2021 21:40:00	9,18	9,14	9,23	9,34	9,44	9,49	9,51	9,50	9,49	9,48	9,48	9,42	9,37	9,24	9,10	8,88	8,66	8,42	8,18	7,92	7,65	9,10
15/09/2021 21:45:00	8,99	9,29	9,25	9,27	9,38	9,42	9,46	9,50	9,49	9,49	9,50	9,47	9,44	9,33	9,23	9,04	8,84	8,62	8,40	8,15	7,90	9,12
15/09/2021 21:50:00	9,07	9,07	9,07	9,17	9,36	9,49	9,58	9,65	9,65	9,62	9,56	9,46	9,37	9,22	9,07	8,85	8,64	8,39	8,15	7,86	7,58	9,13
15/09/2021 21:55:00	9,10	9,27	9,31	9,38	9,47	9,52	9,60	9,69	9,64	9,63	9,65	9,62	9,59	9,48	9,37	9,17	8,97	8,75	8,52	8,26	8,01	9,14
15/09/2021 22:00:00	9,06	9,25	9,34	9,41	9,46	9,55	9,62	9,69	9,73	9,76	9,75	9,71	9,67	9,57	9,47	9,29	9,11	8,90	8,69	8,45	8,22	9,11
15/09/2021 22:05:00	9,10	9,11	9,27	9,44	9,62	9,79	9,88	9,94	9,82	9,77	9,81	9,76	9,72	9,57	9,43	9,18	8,93	8,66	8,38	8,08	7,78	9,11
15/09/2021 22:10:00	9,21	9,22	9,41	9,61	9,79	9,97	10,10	10,20	10,15	10,09	10,04	9,93	9,83	9,66	9,49	9,26	9,02	8,75	8,48	8,17	7,87	9,12
15/09/2021 22:15:00	9,10	9,24	9,45	9,65	9,81	9,87	9,88	9,86	9,88	9,87	9,83	9,74	9,64	9,48	9,33	9,09	8,85	8,60	8,35	8,07	7,79	9,10
15/09/2021 22:20:00	9,11	9,25	9,47	9,74	10,02	10,22	10,32	10,37	10,36	10,33	10,25	10,12	9,98	9,80	9,61	9,35	9,10	8,82	8,54	8,22	7,90	9,11
15/09/2021 22:25:00	9,08	9,20	9,47	9,78	10,10	10,38	10,47	10,44	10,52	10,54	10,45	10,32	10,18	9,99	9,80	9,55	9,29	9,01	8,73	8,41	8,09	9,09
15/09/2021 22:30:00	9,17	9,30	9,67	10,04	10,34	10,59	10,73	10,81	10,82	10,81	10,77	10,67	10,56	10,38	10,21	9,95	9,69	9,40	9,12	8,79	8,47	9,12
15/09/2021 22:35:00	9,09	9,35	9,57	9,85	10,19	10,34	10,50	10,69	10,66	10,63	10,58	10,49	10,39	10,23	10,07	9,83	9,60	9,32	9,05	8,74	8,43	9,13
15/09/2021 22:40:00	9,19	9,27	9,46	9,70	9,97	10,27	10,40	10,43	10,42	10,43	10,46	10,41	10,36	10,22	10,08	9,84	9,59	9,31	9,03	8,72	8,40	9,12
15/09/2021 22:45:00	9,14	9,16	9,32	9,59	9,94	10,09	10,23	10,38	10,38	10,38	10,37	10,30	10,22	10,07	9,92	9,69	9,46	9,19	8,93	8,62	8,32	9,13
15/09/2021 22:50:00	9,30	9,30	9,46	9,69	9,97	10,25	10,44	10,59	10,59	10,59	10,57	10,49	10,41	10,27	10,12	9,90	9,67	9,40	9,13	8,82	8,51	9,23
15/09/2021 22:55:00	9,25	9,48	9,76	10,06	10,37	10,62	10,69	10,67	10,70	10,68	10,61	10,48	10,35	10,15	9,96	9,70	9,43	9,14	8,84	8,51	8,18	9,21
15/09/2021 23:00:00	9,24	9,27	9,51	9,80	10,10	10,36	10,58	10,78	10,78	10,76	10,71	10,60	10,50	10,34	10,18	9,95	9,72	9,45	9,18	8,86	8,55	9,28
15/09/2021 23:05:00	9,33	9,35	9,67	9,98	10,22	10,42	10,55	10,65	10,67	10,65	10,59	10,47	10,35	10,18	10,00	9,76	9,51	9,24	8,96	8,65	8,35	9,29
15/09/2021 23:10:00	9,27	9,29	9,55	9,86	10,17	10,34	10,47	10,60	10,57	10,57	10,61	10,57	10,52	10,38	10,24	10,00	9,75	9,48	9,20	8,89	8,58	9,28
15/09/2021 23:15:00	9,21	9,28	9,60	9,91	10,15	10,38	10,51	10,57	10,58	10,59	10,62	10,57	10,51	10,37	10,23	9,99	9,74	9,47	9,20	8,89	8,59	9,30
15/09/2021 23:20:00	9,36	9,34	9,68	10,02	10,29	10,49	10,62	10,72	10,77	10,77	10,71	10,59	10,46	10,29	10,11	9,87	9,63	9,36	9,08	8,77	8,46	9,32
15/09/2021 23:25:00	9,29	9,42	9,68	9,95	10,20	10,35	10,41	10,43	10,50	10,51	10,43	10,31	10,18	10,01	9,83	9,59	9,36	9,09	8,83	8,53	8,24	9,38
15/09/2021 23:30:00	9,37	9,54	9,73	9,96	10,23	10,41	10,53	10,61	10,63	10,64	10,66	10,61	10,55	10,42	10,29	10,06	9,83	9,57	9,31	9,01	8,71	9,50
15/09/2021 23:35:00	9,45	9,62	9,90	10,13	10,27	10,55	10,71	10,78	10,81	10,81	10,77	10,67	10,58	10,43	10,28	10,06	9,84	9,57	9,31	9,02	8,72	9,60
15/09/2021 23:40:00	9,60	9,71	10,07	10,46	10,84	11,03	11,16	11,26	11,29	11,29	11,26	11,16	11,06	10,88	10,71	10,45	10,19	9,89	9,60	9,27	8,93	9,68
15/09/2021 23:45:00	9,73	9,89	10,20	10,58	11,02	11,20	11,37	11,53	11,57	11,54	11,43	11,27	11,11	10,91	10,71	10,45	10,19	9,89	9,59	9,25	8,91	9,72
15/09/2021 23:50:00	9,71	9,93	10,33	10,72	11,04	11,32	11,46	11,52	11,58	11,56	11,41	11,23	11,04	10,82	10,60	10,33	10,06	9,76	9,46	9,12	8,78	9,75
15/09/2021 23:55:00	9,80	9,81	10,11	10,45	10,77	11,00	11,17	11,32	11,36	11,38	11,37	11,29	11,21	11,06	10,91	10,68	10,44	10,16	9,89	9,57	9,25	9,73
