FileFormat:0002.2 file with temperature of atmosphere
SN105HE102
local	GMT or Local
0	GMT-Local=[hours]
0	Height[m]
0	0	0	Longitude                [grd]               [min]               [sec]
0	0	0	Latitude                [grd]               [min]               [sec]
N	NS
56,45	Freq[GHz]
0,00	dTemostat[K]
0,150	MessErr[K]
0,248	//[grad/step]
version 14.4.20120406
MTP5HE102F5645K-38.60I70D219217+A1.1
Commentary:
SN105HE102
парабола ДНА = 2,5 град
НЕ102 - ПУ - ХВБ с ЦСД " S "
АЦП - 202 - 09 с контр.U пит.и М
оптопара серии - 2
Т out № 178 пл
БП LPS - 112
End Of Commentary

SYSTEM\alaska.dat
data time	0	50	100	150	200	250	300	350	400	450	500	550	600	650	700	750	800	850	900	950	1000	OutsideTemperature
23/10/2019 00:00:00	-2,96	-3,15	-3,42	-3,71	-3,96	-4,19	-4,33	-4,51	-4,72	-4,82	-4,92	-4,95	-4,98	-4,95	-4,91	-4,91	-4,91	-4,96	-5,02	-5,12	-5,23	-3,02
23/10/2019 00:05:00	-2,86	-2,97	-3,26	-3,62	-3,94	-4,17	-4,47	-4,70	-4,88	-4,96	-5,03	-5,01	-4,99	-4,91	-4,82	-4,79	-4,76	-4,79	-4,82	-4,91	-5,01	-2,89
23/10/2019 00:10:00	-2,73	-2,98	-3,38	-3,77	-4,01	-4,09	-4,06	-4,04	-4,13	-4,29	-4,48	-4,60	-4,73	-4,77	-4,82	-4,86	-4,89	-4,99	-5,09	-5,22	-5,35	-2,69
23/10/2019 00:15:00	-2,68	-2,78	-3,17	-3,64	-4,05	-4,29	-4,53	-4,69	-4,82	-4,89	-4,95	-4,91	-4,87	-4,77	-4,68	-4,64	-4,59	-4,62	-4,64	-4,74	-4,83	-2,64
23/10/2019 00:20:00	-2,57	-2,69	-3,08	-3,53	-3,90	-4,18	-4,36	-4,51	-4,68	-4,76	-4,84	-4,83	-4,83	-4,76	-4,69	-4,67	-4,64	-4,68	-4,72	-4,82	-4,93	-2,59
23/10/2019 00:25:00	-2,53	-2,77	-3,20	-3,65	-3,95	-4,06	-4,15	-4,20	-4,27	-4,46	-4,66	-4,78	-4,90	-4,94	-4,98	-5,00	-5,03	-5,12	-5,20	-5,33	-5,45	-2,50
23/10/2019 00:30:00	-2,56	-2,73	-3,16	-3,61	-3,94	-4,13	-4,29	-4,44	-4,62	-4,72	-4,84	-4,89	-4,95	-4,94	-4,94	-4,96	-4,97	-5,05	-5,13	-5,25	-5,37	-2,55
23/10/2019 00:35:00	-2,47	-2,78	-3,15	-3,48	-3,77	-4,06	-4,28	-4,51	-4,76	-4,91	-5,06	-5,14	-5,21	-5,20	-5,19	-5,20	-5,21	-5,27	-5,34	-5,44	-5,55	-2,43
23/10/2019 00:40:00	-2,45	-2,65	-3,07	-3,52	-3,88	-4,10	-4,27	-4,40	-4,54	-4,70	-4,85	-4,91	-4,98	-4,96	-4,95	-4,95	-4,94	-5,00	-5,06	-5,17	-5,28	-2,42
23/10/2019 00:45:00	-2,44	-2,74	-3,07	-3,48	-3,83	-4,07	-4,31	-4,51	-4,67	-4,85	-5,02	-5,09	-5,16	-5,13	-5,11	-5,09	-5,08	-5,12	-5,16	-5,26	-5,36	-2,39
23/10/2019 00:50:00	-2,44	-2,57	-2,96	-3,45	-3,89	-4,25	-4,42	-4,57	-4,77	-4,94	-5,09	-5,14	-5,18	-5,13	-5,08	-5,05	-5,02	-5,06	-5,09	-5,19	-5,29	-2,42
23/10/2019 00:55:00	-2,45	-2,65	-3,02	-3,52	-4,02	-4,41	-4,69	-4,90	-5,07	-5,20	-5,29	-5,25	-5,21	-5,08	-4,95	-4,87	-4,79	-4,78	-4,77	-4,85	-4,92	-2,38
23/10/2019 01:00:00	-2,39	-2,70	-3,13	-3,61	-4,03	-4,30	-4,46	-4,61	-4,80	-4,85	-4,88	-4,82	-4,77	-4,66	-4,56	-4,51	-4,46	-4,48	-4,50	-4,60	-4,69	-2,39
23/10/2019 01:05:00	-2,43	-2,69	-3,19	-3,74	-4,13	-4,35	-4,41	-4,45	-4,53	-4,61	-4,70	-4,71	-4,71	-4,66	-4,61	-4,59	-4,56	-4,61	-4,66	-4,77	-4,88	-2,44
23/10/2019 01:10:00	-2,56	-2,74	-3,22	-3,74	-4,07	-4,16	-4,27	-4,29	-4,30	-4,46	-4,64	-4,75	-4,85	-4,87	-4,89	-4,91	-4,92	-5,00	-5,08	-5,20	-5,33	-2,51
23/10/2019 01:15:00	-2,53	-2,87	-3,30	-3,77	-4,11	-4,28	-4,37	-4,38	-4,36	-4,53	-4,69	-4,73	-4,78	-4,73	-4,68	-4,64	-4,60	-4,63	-4,66	-4,76	-4,86	-2,56
23/10/2019 01:20:00	-2,60	-2,89	-3,33	-3,79	-4,08	-4,18	-4,26	-4,28	-4,29	-4,43	-4,59	-4,66	-4,73	-4,73	-4,73	-4,73	-4,73	-4,80	-4,86	-4,98	-5,09	-2,58
23/10/2019 01:25:00	-2,66	-2,89	-3,40	-3,86	-4,14	-4,34	-4,33	-4,26	-4,23	-4,35	-4,49	-4,54	-4,59	-4,56	-4,54	-4,53	-4,51	-4,57	-4,62	-4,74	-4,85	-2,61
23/10/2019 01:30:00	-2,60	-2,97	-3,38	-3,76	-4,01	-4,07	-4,11	-4,11	-4,15	-4,24	-4,34	-4,38	-4,42	-4,39	-4,37	-4,37	-4,37	-4,43	-4,49	-4,60	-4,72	-2,62
23/10/2019 01:35:00	-2,64	-2,80	-3,17	-3,53	-3,77	-3,91	-3,98	-4,02	-4,09	-4,24	-4,41	-4,49	-4,58	-4,59	-4,60	-4,62	-4,63	-4,71	-4,79	-4,91	-5,03	-2,57
23/10/2019 01:40:00	-2,54	-2,83	-3,22	-3,63	-3,94	-4,12	-4,25	-4,33	-4,40	-4,49	-4,58	-4,58	-4,58	-4,51	-4,45	-4,42	-4,39	-4,42	-4,45	-4,55	-4,65	-2,56
23/10/2019 01:45:00	-2,53	-2,72	-3,13	-3,54	-3,79	-3,85	-3,99	-4,05	-4,10	-4,23	-4,38	-4,46	-4,55	-4,57	-4,58	-4,61	-4,64	-4,72	-4,81	-4,93	-5,05	-2,52
23/10/2019 01:50:00	-2,45	-2,69	-3,04	-3,46	-3,81	-4,02	-4,13	-4,21	-4,29	-4,37	-4,43	-4,39	-4,35	-4,25	-4,16	-4,11	-4,06	-4,08	-4,10	-4,19	-4,28	-2,49
23/10/2019 01:55:00	-2,44	-2,74	-3,18	-3,64	-3,99	-4,25	-4,27	-4,25	-4,26	-4,34	-4,42	-4,39	-4,35	-4,26	-4,16	-4,10	-4,04	-4,06	-4,07	-4,16	-4,26	-2,45
23/10/2019 02:00:00	-2,35	-2,69	-3,13	-3,52	-3,75	-3,81	-3,81	-3,84	-3,95	-4,05	-4,18	-4,27	-4,36	-4,39	-4,43	-4,48	-4,52	-4,63	-4,74	-4,87	-5,01	-2,42
23/10/2019 02:05:00	-2,37	-2,61	-3,02	-3,51	-3,91	-4,08	-4,22	-4,26	-4,26	-4,42	-4,57	-4,60	-4,62	-4,56	-4,50	-4,45	-4,40	-4,42	-4,44	-4,54	-4,64	-2,35
23/10/2019 02:10:00	-2,39	-2,61	-2,90	-3,22	-3,49	-3,70	-3,92	-4,11	-4,28	-4,45	-4,63	-4,71	-4,80	-4,80	-4,80	-4,81	-4,82	-4,88	-4,94	-5,05	-5,16	-2,34
23/10/2019 02:15:00	-2,37	-2,57	-3,00	-3,50	-3,89	-4,15	-4,26	-4,33	-4,42	-4,49	-4,54	-4,50	-4,46	-4,37	-4,27	-4,23	-4,18	-4,21	-4,23	-4,33	-4,43	-2,29
23/10/2019 02:20:00	-2,30	-2,56	-3,04	-3,58	-3,99	-4,20	-4,36	-4,39	-4,36	-4,42	-4,46	-4,40	-4,33	-4,21	-4,08	-4,01	-3,94	-3,94	-3,95	-4,03	-4,12	-2,33
23/10/2019 02:25:00	-2,33	-2,63	-2,94	-3,32	-3,67	-3,94	-4,17	-4,36	-4,49	-4,64	-4,77	-4,79	-4,80	-4,73	-4,66	-4,62	-4,57	-4,59	-4,61	-4,70	-4,79	-2,34
23/10/2019 02:30:00	-2,29	-2,51	-2,90	-3,32	-3,66	-3,88	-4,02	-4,10	-4,15	-4,26	-4,35	-4,34	-4,33	-4,26	-4,18	-4,14	-4,10	-4,12	-4,15	-4,25	-4,34	-2,31
23/10/2019 02:35:00	-2,32	-2,56	-2,95	-3,48	-3,95	-4,24	-4,40	-4,47	-4,51	-4,65	-4,76	-4,73	-4,69	-4,57	-4,45	-4,36	-4,27	-4,26	-4,25	-4,33	-4,41	-2,36
23/10/2019 02:40:00	-2,39	-2,60	-2,95	-3,44	-3,89	-4,19	-4,39	-4,52	-4,62	-4,69	-4,73	-4,65	-4,56	-4,41	-4,26	-4,18	-4,09	-4,08	-4,07	-4,14	-4,22	-2,34
23/10/2019 02:45:00	-2,38	-2,63	-3,10	-3,60	-3,96	-4,14	-4,19	-4,21	-4,26	-4,34	-4,42	-4,42	-4,42	-4,36	-4,30	-4,28	-4,25	-4,30	-4,35	-4,46	-4,56	-2,37
23/10/2019 02:50:00	-2,36	-2,58	-2,96	-3,36	-3,69	-3,95	-4,10	-4,18	-4,24	-4,37	-4,48	-4,49	-4,49	-4,42	-4,35	-4,31	-4,28	-4,30	-4,33	-4,42	-4,52	-2,37
23/10/2019 02:55:00	-2,43	-2,64	-3,09	-3,60	-3,97	-4,18	-4,19	-4,13	-4,11	-4,24	-4,37	-4,38	-4,40	-4,34	-4,27	-4,23	-4,19	-4,22	-4,25	-4,35	-4,45	-2,40
23/10/2019 03:00:00	-2,41	-2,74	-3,10	-3,49	-3,83	-4,12	-4,28	-4,41	-4,55	-4,59	-4,62	-4,55	-4,48	-4,36	-4,23	-4,18	-4,12	-4,12	-4,13	-4,22	-4,30	-2,42
23/10/2019 03:05:00	-2,46	-2,65	-3,08	-3,63	-4,06	-4,20	-4,42	-4,52	-4,58	-4,61	-4,62	-4,55	-4,48	-4,36	-4,25	-4,20	-4,15	-4,17	-4,19	-4,29	-4,38	-2,40
23/10/2019 03:10:00	-2,41	-2,66	-2,99	-3,35	-3,68	-3,99	-4,14	-4,28	-4,46	-4,54	-4,61	-4,59	-4,56	-4,47	-4,37	-4,33	-4,29	-4,31	-4,33	-4,42	-4,51	-2,42
23/10/2019 03:15:00	-2,38	-2,77	-3,11	-3,45	-3,77	-4,04	-4,21	-4,30	-4,33	-4,46	-4,56	-4,52	-4,49	-4,37	-4,25	-4,17	-4,09	-4,08	-4,07	-4,14	-4,21	-2,47
23/10/2019 03:20:00	-2,42	-2,79	-3,24	-3,69	-4,05	-4,22	-4,36	-4,40	-4,40	-4,54	-4,67	-4,69	-4,70	-4,64	-4,57	-4,53	-4,48	-4,50	-4,53	-4,62	-4,71	-2,44
23/10/2019 03:25:00	-2,57	-2,74	-3,10	-3,47	-3,74	-3,93	-4,09	-4,18	-4,26	-4,36	-4,47	-4,50	-4,53	-4,49	-4,45	-4,45	-4,44	-4,49	-4,54	-4,65	-4,76	-2,48
23/10/2019 03:30:00	-2,56	-2,75	-3,14	-3,61	-3,99	-4,20	-4,35	-4,41	-4,42	-4,48	-4,52	-4,45	-4,39	-4,26	-4,14	-4,07	-4,00	-4,01	-4,01	-4,10	-4,18	-2,49
23/10/2019 03:35:00	-2,55	-2,83	-3,15	-3,52	-3,83	-4,08	-4,20	-4,32	-4,48	-4,48	-4,47	-4,38	-4,29	-4,16	-4,03	-3,98	-3,93	-3,95	-3,96	-4,05	-4,14	-2,52
23/10/2019 03:40:00	-2,60	-2,82	-3,20	-3,64	-4,01	-4,30	-4,47	-4,59	-4,70	-4,73	-4,73	-4,64	-4,55	-4,42	-4,28	-4,22	-4,15	-4,16	-4,16	-4,25	-4,33	-2,57
23/10/2019 03:45:00	-2,56	-2,79	-3,14	-3,49	-3,80	-4,09	-4,28	-4,40	-4,50	-4,63	-4,75	-4,76	-4,76	-4,69	-4,61	-4,57	-4,53	-4,54	-4,56	-4,65	-4,74	-2,66
23/10/2019 03:50:00	-2,66	-2,87	-3,26	-3,68	-4,03	-4,34	-4,52	-4,63	-4,72	-4,77	-4,79	-4,71	-4,63	-4,50	-4,36	-4,30	-4,23	-4,23	-4,23	-4,31	-4,39	-2,67
23/10/2019 03:55:00	-2,59	-2,83	-3,25	-3,72	-4,04	-4,17	-4,31	-4,35	-4,35	-4,41	-4,46	-4,43	-4,40	-4,31	-4,23	-4,19	-4,16	-4,19	-4,22	-4,32	-4,41	-2,59
23/10/2019 04:00:00	-2,60	-2,83	-3,16	-3,57	-3,99	-4,35	-4,66	-4,85	-4,92	-5,00	-5,03	-4,92	-4,81	-4,63	-4,44	-4,33	-4,21	-4,17	-4,12	-4,18	-4,24	-2,59
23/10/2019 04:05:00	-2,65	-2,88	-3,33	-3,77	-4,06	-4,28	-4,38	-4,41	-4,43	-4,46	-4,48	-4,43	-4,38	-4,28	-4,18	-4,14	-4,10	-4,13	-4,16	-4,25	-4,35	-2,62
23/10/2019 04:10:00	-2,59	-2,93	-3,33	-3,79	-4,13	-4,24	-4,33	-4,35	-4,35	-4,44	-4,53	-4,51	-4,50	-4,42	-4,35	-4,30	-4,26	-4,29	-4,31	-4,41	-4,51	-2,61
23/10/2019 04:15:00	-2,65	-2,86	-3,21	-3,65	-3,99	-4,10	-4,23	-4,31	-4,38	-4,48	-4,57	-4,56	-4,56	-4,50	-4,44	-4,41	-4,39	-4,43	-4,47	-4,57	-4,67	-2,59
23/10/2019 04:20:00	-2,60	-2,81	-3,15	-3,56	-3,93	-4,20	-4,41	-4,52	-4,58	-4,69	-4,77	-4,72	-4,68	-4,56	-4,44	-4,36	-4,28	-4,28	-4,27	-4,35	-4,43	-2,61
23/10/2019 04:25:00	-2,67	-2,89	-3,31	-3,78	-4,16	-4,42	-4,51	-4,52	-4,52	-4,59	-4,64	-4,57	-4,50	-4,38	-4,25	-4,18	-4,10	-4,10	-4,10	-4,18	-4,27	-2,59
23/10/2019 04:30:00	-2,65	-2,82	-3,21	-3,67	-4,02	-4,23	-4,36	-4,42	-4,46	-4,51	-4,55	-4,50	-4,44	-4,34	-4,23	-4,18	-4,13	-4,15	-4,17	-4,26	-4,36	-2,64
23/10/2019 04:35:00	-2,65	-2,98	-3,35	-3,76	-4,06	-4,23	-4,43	-4,52	-4,54	-4,59	-4,62	-4,57	-4,51	-4,40	-4,28	-4,22	-4,17	-4,18	-4,18	-4,27	-4,35	-2,64
23/10/2019 04:40:00	-2,66	-3,04	-3,38	-3,78	-4,13	-4,31	-4,43	-4,57	-4,75	-4,82	-4,87	-4,84	-4,82	-4,73	-4,65	-4,61	-4,58	-4,61	-4,64	-4,73	-4,83	-2,60
23/10/2019 04:45:00	-2,67	-2,90	-3,33	-3,72	-3,96	-4,09	-4,16	-4,20	-4,26	-4,34	-4,43	-4,46	-4,49	-4,47	-4,45	-4,45	-4,46	-4,53	-4,60	-4,72	-4,83	-2,59
23/10/2019 04:50:00	-2,63	-2,82	-3,14	-3,45	-3,74	-4,09	-4,32	-4,51	-4,66	-4,76	-4,85	-4,83	-4,81	-4,72	-4,62	-4,58	-4,53	-4,54	-4,55	-4,64	-4,72	-2,67
23/10/2019 04:55:00	-2,69	-2,95	-3,20	-3,52	-3,85	-4,22	-4,48	-4,63	-4,68	-4,88	-5,03	-5,03	-5,03	-4,92	-4,80	-4,71	-4,63	-4,60	-4,57	-4,64	-4,70	-2,61
23/10/2019 05:00:00	-2,68	-2,90	-3,26	-3,66	-3,95	-4,12	-4,23	-4,33	-4,45	-4,48	-4,51	-4,47	-4,43	-4,36	-4,28	-4,26	-4,24	-4,28	-4,33	-4,43	-4,53	-2,72
23/10/2019 05:05:00	-2,75	-2,92	-3,30	-3,67	-3,96	-4,25	-4,39	-4,48	-4,57	-4,61	-4,64	-4,58	-4,53	-4,42	-4,32	-4,28	-4,23	-4,25	-4,27	-4,36	-4,46	-2,67
23/10/2019 05:10:00	-2,72	-2,87	-3,17	-3,48	-3,75	-4,04	-4,26	-4,41	-4,51	-4,61	-4,68	-4,65	-4,63	-4,53	-4,44	-4,39	-4,34	-4,35	-4,36	-4,45	-4,53	-2,67
23/10/2019 05:15:00	-2,73	-2,96	-3,29	-3,63	-3,89	-4,06	-4,15	-4,21	-4,28	-4,37	-4,46	-4,47	-4,47	-4,41	-4,35	-4,33	-4,31	-4,35	-4,39	-4,49	-4,59	-2,71
23/10/2019 05:20:00	-2,74	-2,85	-3,19	-3,57	-3,87	-4,03	-4,18	-4,29	-4,40	-4,42	-4,44	-4,40	-4,35	-4,27	-4,19	-4,17	-4,15	-4,19	-4,23	-4,34	-4,44	-2,72
23/10/2019 05:25:00	-2,78	-2,91	-3,18	-3,59	-3,95	-4,13	-4,19	-4,22	-4,26	-4,35	-4,42	-4,38	-4,33	-4,22	-4,11	-4,05	-3,98	-3,99	-4,00	-4,08	-4,17	-2,72
23/10/2019 05:30:00	-2,66	-3,02	-3,25	-3,43	-3,55	-3,67	-3,76	-3,86	-3,97	-4,04	-4,11	-4,12	-4,13	-4,09	-4,05	-4,05	-4,05	-4,10	-4,15	-4,26	-4,36	-2,73
23/10/2019 05:35:00	-2,65	-2,92	-3,27	-3,49	-3,53	-3,52	-3,49	-3,47	-3,49	-3,59	-3,73	-3,84	-3,95	-4,01	-4,06	-4,13	-4,19	-4,31	-4,42	-4,56	-4,70	-2,65
23/10/2019 05:40:00	-2,68	-2,91	-3,20	-3,49	-3,75	-4,05	-4,17	-4,31	-4,48	-4,51	-4,53	-4,47	-4,41	-4,30	-4,19	-4,14	-4,10	-4,12	-4,14	-4,22	-4,31	-2,64
23/10/2019 05:45:00	-2,64	-2,98	-3,31	-3,63	-3,85	-3,97	-3,94	-3,91	-3,94	-4,06	-4,18	-4,21	-4,25	-4,21	-4,17	-4,15	-4,13	-4,17	-4,22	-4,32	-4,43	-2,65
23/10/2019 05:50:00	-2,55	-2,89	-3,24	-3,56	-3,79	-3,94	-4,10	-4,21	-4,29	-4,36	-4,43	-4,42	-4,41	-4,35	-4,28	-4,26	-4,24	-4,28	-4,32	-4,41	-4,51	-2,60
23/10/2019 05:55:00	-2,59	-2,86	-3,24	-3,61	-3,88	-4,04	-4,12	-4,15	-4,19	-4,27	-4,35	-4,34	-4,33	-4,27	-4,20	-4,17	-4,15	-4,18	-4,22	-4,32	-4,42	-2,61
23/10/2019 06:00:00	-2,55	-2,88	-3,22	-3,51	-3,68	-3,78	-3,85	-3,94	-4,10	-4,18	-4,27	-4,33	-4,39	-4,40	-4,41	-4,45	-4,49	-4,58	-4,67	-4,79	-4,92	-2,56
23/10/2019 06:05:00	-2,54	-2,81	-3,18	-3,59	-3,93	-4,15	-4,30	-4,39	-4,48	-4,56	-4,63	-4,60	-4,57	-4,47	-4,38	-4,33	-4,28	-4,30	-4,32	-4,41	-4,50	-2,58
23/10/2019 06:10:00	-2,53	-2,74	-3,14	-3,60	-3,95	-4,13	-4,21	-4,29	-4,42	-4,50	-4,59	-4,60	-4,61	-4,57	-4,52	-4,51	-4,50	-4,56	-4,61	-4,73	-4,84	-2,51
23/10/2019 06:15:00	-2,53	-2,61	-2,97	-3,41	-3,80	-4,16	-4,29	-4,40	-4,55	-4,62	-4,68	-4,63	-4,57	-4,46	-4,35	-4,30	-4,24	-4,25	-4,27	-4,36	-4,45	-2,51
23/10/2019 06:20:00	-2,53	-2,72	-3,09	-3,48	-3,76	-3,91	-4,01	-4,10	-4,22	-4,30	-4,38	-4,41	-4,43	-4,40	-4,37	-4,37	-4,37	-4,44	-4,50	-4,62	-4,73	-2,48
23/10/2019 06:25:00	-2,36	-2,63	-3,00	-3,45	-3,85	-4,13	-4,30	-4,39	-4,46	-4,55	-4,61	-4,55	-4,50	-4,37	-4,24	-4,16	-4,09	-4,08	-4,08	-4,16	-4,24	-2,46
23/10/2019 06:30:00	-2,44	-2,73	-3,04	-3,44	-3,77	-3,95	-4,11	-4,20	-4,27	-4,37	-4,46	-4,44	-4,42	-4,33	-4,24	-4,19	-4,14	-4,16	-4,17	-4,26	-4,35	-2,39
23/10/2019 06:35:00	-2,37	-2,61	-3,01	-3,36	-3,61	-3,85	-3,86	-3,85	-3,89	-4,03	-4,18	-4,24	-4,29	-4,26	-4,23	-4,22	-4,20	-4,25	-4,30	-4,41	-4,51	-2,42
23/10/2019 06:40:00	-2,31	-2,67	-3,03	-3,33	-3,52	-3,65	-3,75	-3,83	-3,91	-4,02	-4,14	-4,19	-4,25	-4,23	-4,22	-4,22	-4,23	-4,29	-4,36	-4,47	-4,58	-2,35
23/10/2019 06:45:00	-2,28	-2,58	-2,94	-3,25	-3,51	-3,82	-4,03	-4,18	-4,29	-4,43	-4,55	-4,57	-4,60	-4,53	-4,47	-4,44	-4,41	-4,44	-4,47	-4,56	-4,65	-2,36
23/10/2019 06:50:00	-2,33	-2,50	-2,86	-3,24	-3,54	-3,77	-3,99	-4,18	-4,36	-4,47	-4,58	-4,61	-4,65	-4,62	-4,59	-4,59	-4,60	-4,66	-4,72	-4,83	-4,94	-2,34
23/10/2019 06:55:00	-2,39	-2,49	-2,90	-3,38	-3,78	-4,04	-4,18	-4,25	-4,31	-4,38	-4,43	-4,38	-4,33	-4,23	-4,12	-4,06	-4,01	-4,03	-4,04	-4,14	-4,23	-2,32
23/10/2019 07:00:00	-2,38	-2,56	-2,96	-3,41	-3,77	-3,94	-4,09	-4,16	-4,22	-4,35	-4,48	-4,50	-4,53	-4,49	-4,44	-4,42	-4,39	-4,44	-4,48	-4,59	-4,69	-2,31
23/10/2019 07:05:00	-2,28	-2,65	-2,99	-3,34	-3,67	-3,99	-4,20	-4,38	-4,55	-4,65	-4,72	-4,69	-4,66	-4,56	-4,46	-4,41	-4,35	-4,36	-4,37	-4,46	-4,54	-2,27
23/10/2019 07:10:00	-2,30	-2,55	-2,97	-3,38	-3,69	-3,90	-4,12	-4,30	-4,44	-4,55	-4,66	-4,70	-4,74	-4,71	-4,68	-4,68	-4,69	-4,75	-4,81	-4,92	-5,02	-2,31
23/10/2019 07:15:00	-2,31	-2,65	-3,02	-3,42	-3,72	-3,92	-4,03	-4,13	-4,24	-4,40	-4,56	-4,63	-4,69	-4,67	-4,65	-4,65	-4,64	-4,69	-4,74	-4,85	-4,95	-2,31
23/10/2019 07:20:00	-2,36	-2,59	-3,00	-3,38	-3,65	-3,85	-4,02	-4,15	-4,26	-4,37	-4,49	-4,54	-4,59	-4,57	-4,55	-4,56	-4,57	-4,63	-4,70	-4,81	-4,92	-2,32
23/10/2019 07:25:00	-2,35	-2,67	-3,09	-3,44	-3,69	-3,93	-4,06	-4,14	-4,21	-4,31	-4,40	-4,40	-4,41	-4,35	-4,29	-4,26	-4,24	-4,28	-4,31	-4,41	-4,51	-2,37
23/10/2019 07:30:00	-2,44	-2,75	-3,11	-3,46	-3,74	-3,91	-4,02	-4,11	-4,22	-4,31	-4,40	-4,41	-4,42	-4,37	-4,32	-4,30	-4,29	-4,34	-4,38	-4,49	-4,59	-2,47
23/10/2019 07:35:00	-2,56	-2,91	-3,37	-3,70	-3,90	-4,07	-4,12	-4,15	-4,21	-4,26	-4,32	-4,33	-4,33	-4,29	-4,25	-4,24	-4,24	-4,30	-4,36	-4,47	-4,58	-2,57
23/10/2019 07:40:00	-2,71	-2,92	-3,42	-3,84	-4,07	-4,21	-4,23	-4,15	-4,07	-4,11	-4,16	-4,14	-4,12	-4,06	-3,99	-3,97	-3,94	-3,99	-4,03	-4,14	-4,25	-2,67
23/10/2019 07:45:00	-2,81	-3,37	-3,70	-3,89	-3,93	-3,85	-3,85	-3,83	-3,80	-3,93	-4,09	-4,20	-4,31	-4,34	-4,38	-4,42	-4,45	-4,54	-4,62	-4,75	-4,87	-2,82
23/10/2019 07:50:00	-3,12	-3,44	-3,76	-4,04	-4,22	-4,31	-4,34	-4,35	-4,38	-4,47	-4,56	-4,57	-4,59	-4,54	-4,50	-4,48	-4,47	-4,52	-4,56	-4,67	-4,77	-3,07
23/10/2019 07:55:00	-3,31	-3,59	-3,89	-4,05	-4,14	-4,31	-4,41	-4,48	-4,53	-4,62	-4,71	-4,74	-4,78	-4,74	-4,70	-4,70	-4,70	-4,74	-4,79	-4,89	-4,99	-3,25
23/10/2019 08:00:00	-3,29	-3,68	-3,99	-4,30	-4,51	-4,50	-4,55	-4,57	-4,59	-4,65	-4,71	-4,71	-4,70	-4,64	-4,58	-4,56	-4,54	-4,58	-4,62	-4,72	-4,82	-3,36
23/10/2019 08:05:00	-3,49	-3,79	-4,16	-4,50	-4,75	-4,88	-5,04	-5,10	-5,12	-5,09	-5,06	-4,95	-4,84	-4,70	-4,55	-4,49	-4,43	-4,43	-4,43	-4,51	-4,59	-3,43
23/10/2019 08:10:00	-3,47	-3,79	-4,18	-4,52	-4,74	-4,87	-4,88	-4,84	-4,81	-4,80	-4,78	-4,69	-4,59	-4,46	-4,33	-4,27	-4,21	-4,22	-4,23	-4,31	-4,40	-3,49
23/10/2019 08:15:00	-3,43	-3,86	-4,20	-4,43	-4,54	-4,51	-4,43	-4,37	-4,36	-4,33	-4,31	-4,25	-4,19	-4,11	-4,02	-4,01	-3,99	-4,03	-4,08	-4,18	-4,29	-3,50
23/10/2019 08:20:00	-3,44	-3,78	-4,22	-4,57	-4,73	-4,71	-4,63	-4,47	-4,34	-4,38	-4,43	-4,42	-4,41	-4,35	-4,29	-4,27	-4,24	-4,29	-4,33	-4,44	-4,54	-3,50
23/10/2019 08:25:00	-3,48	-3,78	-4,21	-4,59	-4,81	-4,89	-4,90	-4,84	-4,78	-4,76	-4,74	-4,66	-4,57	-4,45	-4,34	-4,29	-4,23	-4,25	-4,27	-4,36	-4,45	-3,45
23/10/2019 08:30:00	-3,37	-3,80	-4,14	-4,47	-4,74	-4,93	-4,95	-4,94	-4,94	-5,00	-5,04	-4,96	-4,89	-4,75	-4,61	-4,53	-4,45	-4,43	-4,42	-4,49	-4,56	-3,44
23/10/2019 08:35:00	-3,39	-3,73	-4,19	-4,56	-4,78	-4,94	-4,95	-4,91	-4,87	-4,86	-4,85	-4,78	-4,70	-4,58	-4,47	-4,42	-4,37	-4,38	-4,40	-4,49	-4,58	-3,40
23/10/2019 08:40:00	-3,38	-3,70	-4,12	-4,49	-4,71	-4,80	-4,80	-4,71	-4,62	-4,63	-4,65	-4,57	-4,50	-4,38	-4,27	-4,21	-4,15	-4,16	-4,17	-4,26	-4,35	-3,38
23/10/2019 08:45:00	-3,35	-3,74	-4,11	-4,52	-4,81	-4,89	-4,86	-4,80	-4,77	-4,74	-4,70	-4,58	-4,46	-4,30	-4,15	-4,07	-4,00	-3,99	-3,99	-4,07	-4,15	-3,35
23/10/2019 08:50:00	-3,34	-3,66	-3,99	-4,17	-4,19	-4,18	-4,09	-4,02	-3,99	-3,98	-3,99	-3,98	-3,97	-3,93	-3,89	-3,91	-3,92	-3,99	-4,06	-4,18	-4,29	-3,37
23/10/2019 08:55:00	-3,34	-3,69	-3,93	-3,87	-3,56	-3,13	-2,80	-2,55	-2,43	-2,52	-2,70	-2,93	-3,15	-3,34	-3,53	-3,69	-3,85	-4,05	-4,25	-4,43	-4,62	-3,34
23/10/2019 09:00:00	-3,30	-3,76	-3,99	-3,95	-3,68	-3,24	-2,91	-2,62	-2,43	-2,51	-2,66	-2,82	-2,99	-3,12	-3,24	-3,36	-3,47	-3,63	-3,78	-3,95	-4,11	-3,30
23/10/2019 09:05:00	-3,27	-3,74	-3,88	-3,69	-3,29	-2,85	-2,43	-2,14	-2,02	-2,12	-2,30	-2,51	-2,72	-2,90	-3,07	-3,22	-3,37	-3,56	-3,74	-3,92	-4,10	-3,27
23/10/2019 09:10:00	-3,23	-3,64	-3,99	-4,09	-3,96	-3,75	-3,57	-3,44	-3,38	-3,41	-3,51	-3,62	-3,73	-3,82	-3,90	-4,00	-4,10	-4,24	-4,38	-4,53	-4,68	-3,25
23/10/2019 09:15:00	-3,20	-3,68	-3,97	-4,01	-3,85	-3,61	-3,37	-3,21	-3,18	-3,24	-3,37	-3,51	-3,65	-3,76	-3,86	-3,97	-4,07	-4,22	-4,36	-4,52	-4,68	-3,24
23/10/2019 09:20:00	-3,21	-3,74	-4,12	-4,32	-4,28	-4,09	-3,85	-3,67	-3,63	-3,62	-3,66	-3,71	-3,76	-3,79	-3,82	-3,88	-3,94	-4,06	-4,17	-4,31	-4,45	-3,26
23/10/2019 09:25:00	-3,25	-3,75	-4,05	-4,20	-4,17	-3,95	-3,80	-3,67	-3,61	-3,72	-3,88	-4,00	-4,13	-4,20	-4,26	-4,33	-4,39	-4,50	-4,62	-4,76	-4,89	-3,24
23/10/2019 09:30:00	-3,20	-3,72	-4,23	-4,43	-4,29	-4,01	-3,62	-3,31	-3,19	-3,19	-3,29	-3,43	-3,57	-3,69	-3,82	-3,94	-4,06	-4,23	-4,41	-4,58	-4,75	-3,24
23/10/2019 09:35:00	-3,26	-3,71	-4,12	-4,28	-4,18	-3,98	-3,79	-3,67	-3,66	-3,68	-3,78	-3,91	-4,04	-4,14	-4,25	-4,36	-4,47	-4,62	-4,78	-4,94	-5,10	-3,26
23/10/2019 09:40:00	-3,34	-3,72	-4,10	-4,35	-4,35	-4,12	-3,86	-3,64	-3,55	-3,57	-3,65	-3,72	-3,79	-3,83	-3,88	-3,94	-4,00	-4,12	-4,24	-4,39	-4,53	-3,22
23/10/2019 09:45:00	-3,16	-3,63	-3,96	-4,14	-4,15	-3,99	-3,85	-3,70	-3,60	-3,67	-3,77	-3,83	-3,89	-3,90	-3,91	-3,94	-3,96	-4,05	-4,13	-4,26	-4,38	-3,21
23/10/2019 09:50:00	-3,18	-3,67	-4,13	-4,38	-4,31	-4,00	-3,73	-3,49	-3,39	-3,30	-3,27	-3,28	-3,29	-3,32	-3,35	-3,43	-3,50	-3,64	-3,77	-3,92	-4,07	-3,21
23/10/2019 09:55:00	-3,21	-3,72	-4,12	-4,33	-4,21	-3,83	-3,44	-3,13	-3,00	-2,97	-3,01	-3,10	-3,19	-3,28	-3,37	-3,47	-3,58	-3,74	-3,90	-4,07	-4,24	-3,21
23/10/2019 10:00:00	-3,20	-3,67	-4,00	-4,10	-3,99	-3,82	-3,68	-3,55	-3,48	-3,53	-3,62	-3,71	-3,80	-3,85	-3,90	-3,97	-4,03	-4,15	-4,26	-4,40	-4,54	-3,19
23/10/2019 10:05:00	-3,08	-3,53	-3,93	-4,13	-4,05	-3,77	-3,40	-3,13	-3,06	-3,07	-3,15	-3,26	-3,36	-3,46	-3,55	-3,65	-3,75	-3,90	-4,06	-4,23	-4,39	-3,09
23/10/2019 10:10:00	-3,04	-3,47	-3,90	-4,22	-4,32	-4,26	-4,00	-3,70	-3,48	-3,46	-3,46	-3,39	-3,33	-3,23	-3,14	-3,10	-3,06	-3,09	-3,13	-3,23	-3,34	-3,08
23/10/2019 10:15:00	-2,96	-3,48	-4,02	-4,42	-4,54	-4,38	-4,23	-4,02	-3,87	-3,85	-3,87	-3,85	-3,84	-3,81	-3,78	-3,79	-3,80	-3,88	-3,96	-4,08	-4,21	-3,04
23/10/2019 10:20:00	-3,10	-3,44	-3,92	-4,31	-4,51	-4,61	-4,50	-4,36	-4,30	-4,27	-4,25	-4,18	-4,11	-4,02	-3,92	-3,89	-3,85	-3,89	-3,93	-4,03	-4,13	-3,00
23/10/2019 10:25:00	-2,92	-3,43	-3,82	-4,16	-4,25	-3,97	-3,70	-3,50	-3,47	-3,44	-3,46	-3,48	-3,50	-3,52	-3,54	-3,59	-3,64	-3,76	-3,87	-4,02	-4,17	-2,98
23/10/2019 10:30:00	-2,96	-3,34	-3,73	-4,13	-4,36	-4,38	-4,26	-4,12	-4,04	-4,03	-4,02	-3,94	-3,87	-3,76	-3,65	-3,61	-3,56	-3,59	-3,62	-3,72	-3,82	-2,90
23/10/2019 10:35:00	-2,81	-3,17	-3,68	-4,05	-4,13	-4,00	-3,79	-3,54	-3,35	-3,28	-3,25	-3,21	-3,16	-3,12	-3,07	-3,08	-3,09	-3,17	-3,25	-3,38	-3,51	-2,88
23/10/2019 10:40:00	-2,77	-3,17	-3,66	-4,11	-4,36	-4,43	-4,26	-4,09	-4,02	-4,05	-4,10	-4,08	-4,05	-3,99	-3,93	-3,90	-3,88	-3,92	-3,97	-4,08	-4,19	-2,74
23/10/2019 10:45:00	-2,64	-3,09	-3,64	-4,07	-4,30	-4,37	-4,33	-4,21	-4,10	-4,07	-4,05	-3,96	-3,88	-3,77	-3,66	-3,61	-3,57	-3,59	-3,62	-3,72	-3,82	-2,61
23/10/2019 10:50:00	-2,65	-3,05	-3,47	-3,86	-4,15	-4,30	-4,40	-4,47	-4,54	-4,53	-4,52	-4,44	-4,36	-4,24	-4,13	-4,08	-4,04	-4,06	-4,08	-4,17	-4,26	-2,57
23/10/2019 10:55:00	-2,59	-2,97	-3,55	-4,03	-4,23	-4,18	-4,04	-3,81	-3,62	-3,58	-3,57	-3,52	-3,46	-3,39	-3,32	-3,30	-3,28	-3,34	-3,40	-3,51	-3,63	-2,60
23/10/2019 11:00:00	-2,56	-2,97	-3,40	-3,75	-3,92	-3,98	-3,81	-3,63	-3,51	-3,52	-3,53	-3,48	-3,42	-3,34	-3,26	-3,23	-3,20	-3,23	-3,27	-3,38	-3,49	-2,61
23/10/2019 11:05:00	-2,50	-3,01	-3,56	-3,98	-4,10	-3,97	-3,76	-3,53	-3,38	-3,26	-3,18	-3,09	-2,99	-2,92	-2,84	-2,83	-2,83	-2,90	-2,97	-3,10	-3,22	-2,56
23/10/2019 11:10:00	-2,51	-2,95	-3,43	-3,79	-3,86	-3,64	-3,41	-3,12	-2,88	-2,75	-2,64	-2,52	-2,40	-2,31	-2,21	-2,20	-2,19	-2,25	-2,32	-2,44	-2,56	-2,53
23/10/2019 11:15:00	-2,46	-2,95	-3,43	-3,72	-3,67	-3,37	-2,96	-2,56	-2,30	-2,30	-2,37	-2,44	-2,51	-2,57	-2,62	-2,69	-2,76	-2,89	-3,03	-3,19	-3,34	-2,39
23/10/2019 11:20:00	-2,27	-2,74	-3,25	-3,63	-3,81	-3,86	-3,80	-3,74	-3,74	-3,74	-3,76	-3,75	-3,73	-3,69	-3,65	-3,66	-3,66	-3,74	-3,81	-3,93	-4,04	-2,27
23/10/2019 11:25:00	-2,23	-2,64	-3,16	-3,55	-3,73	-3,77	-3,75	-3,68	-3,66	-3,67	-3,69	-3,68	-3,67	-3,63	-3,60	-3,60	-3,61	-3,69	-3,76	-3,88	-4,00	-2,14
23/10/2019 11:30:00	-2,14	-2,40	-2,97	-3,64	-4,11	-4,25	-4,26	-4,17	-4,09	-4,10	-4,11	-4,02	-3,93	-3,81	-3,68	-3,61	-3,54	-3,56	-3,57	-3,67	-3,77	-2,07
23/10/2019 11:35:00	-2,00	-2,34	-2,92	-3,46	-3,83	-4,07	-4,17	-4,18	-4,18	-4,15	-4,10	-3,98	-3,86	-3,72	-3,57	-3,51	-3,45	-3,46	-3,48	-3,57	-3,66	-2,02
23/10/2019 11:40:00	-2,01	-2,46	-2,95	-3,42	-3,73	-3,85	-3,95	-4,01	-4,06	-4,12	-4,19	-4,20	-4,20	-4,15	-4,10	-4,08	-4,07	-4,12	-4,17	-4,28	-4,39	-1,98
23/10/2019 11:45:00	-1,92	-2,27	-2,86	-3,45	-3,87	-4,14	-4,28	-4,27	-4,18	-4,21	-4,22	-4,11	-4,01	-3,85	-3,70	-3,61	-3,52	-3,51	-3,50	-3,58	-3,66	-1,95
23/10/2019 11:50:00	-1,89	-2,31	-2,81	-3,31	-3,71	-4,04	-4,25	-4,34	-4,37	-4,38	-4,36	-4,23	-4,10	-3,93	-3,75	-3,66	-3,56	-3,54	-3,52	-3,59	-3,67	-1,89
23/10/2019 11:55:00	-1,86	-2,25	-2,79	-3,29	-3,61	-3,69	-3,77	-3,74	-3,67	-3,71	-3,76	-3,73	-3,70	-3,62	-3,54	-3,51	-3,48	-3,51	-3,55	-3,66	-3,76	-1,88
23/10/2019 12:00:00	-1,88	-2,12	-2,59	-3,14	-3,58	-3,78	-3,97	-4,07	-4,14	-4,20	-4,25	-4,20	-4,15	-4,04	-3,94	-3,89	-3,84	-3,87	-3,89	-3,99	-4,09	-1,81
23/10/2019 12:05:00	-1,69	-2,17	-2,59	-3,08	-3,49	-3,74	-3,83	-3,92	-4,08	-4,08	-4,04	-3,93	-3,82	-3,68	-3,54	-3,48	-3,42	-3,44	-3,45	-3,54	-3,63	-1,62
23/10/2019 12:10:00	-1,61	-1,89	-2,43	-2,98	-3,40	-3,74	-3,87	-3,90	-3,90	-3,89	-3,85	-3,71	-3,57	-3,39	-3,22	-3,13	-3,04	-3,03	-3,02	-3,10	-3,18	-1,59
23/10/2019 12:15:00	-1,42	-1,83	-2,29	-2,79	-3,21	-3,50	-3,74	-3,89	-3,97	-4,07	-4,16	-4,13	-4,10	-4,00	-3,89	-3,84	-3,78	-3,79	-3,80	-3,89	-3,97	-1,45
23/10/2019 12:20:00	-1,34	-1,63	-2,16	-2,77	-3,26	-3,51	-3,69	-3,77	-3,81	-3,92	-4,02	-4,00	-3,99	-3,90	-3,82	-3,77	-3,72	-3,75	-3,78	-3,88	-3,98	-1,30
23/10/2019 12:25:00	-1,17	-1,61	-2,05	-2,54	-3,01	-3,44	-3,78	-4,01	-4,13	-4,28	-4,38	-4,34	-4,30	-4,16	-4,03	-3,94	-3,85	-3,83	-3,81	-3,88	-3,95	-1,22
23/10/2019 12:30:00	-1,08	-1,49	-1,98	-2,55	-3,06	-3,50	-3,72	-3,87	-4,03	-4,14	-4,21	-4,16	-4,10	-3,97	-3,84	-3,76	-3,68	-3,68	-3,68	-3,76	-3,84	-1,11
23/10/2019 12:35:00	-1,18	-1,46	-1,96	-2,49	-2,97	-3,45	-3,74	-3,94	-4,09	-4,21	-4,29	-4,25	-4,21	-4,09	-3,97	-3,90	-3,83	-3,82	-3,82	-3,91	-3,99	-1,14
23/10/2019 12:40:00	-1,08	-1,41	-1,90	-2,47	-2,99	-3,41	-3,73	-3,97	-4,17	-4,24	-4,27	-4,20	-4,13	-4,00	-3,86	-3,80	-3,73	-3,74	-3,75	-3,83	-3,91	-1,11
23/10/2019 12:45:00	-1,03	-1,42	-1,92	-2,42	-2,87	-3,33	-3,62	-3,87	-4,10	-4,25	-4,37	-4,39	-4,41	-4,34	-4,27	-4,24	-4,21	-4,24	-4,27	-4,36	-4,46	-1,11
23/10/2019 12:50:00	-0,99	-1,45	-1,95	-2,53	-3,06	-3,38	-3,69	-3,91	-4,07	-4,21	-4,33	-4,33	-4,33	-4,24	-4,15	-4,10	-4,05	-4,07	-4,09	-4,18	-4,27	-1,02
23/10/2019 12:55:00	-0,95	-1,34	-1,83	-2,32	-2,77	-3,24	-3,60	-3,90	-4,14	-4,27	-4,35	-4,34	-4,33	-4,24	-4,15	-4,11	-4,07	-4,09	-4,11	-4,20	-4,28	-1,00
23/10/2019 13:00:00	-1,00	-1,28	-1,78	-2,40	-2,98	-3,39	-3,77	-4,03	-4,19	-4,32	-4,42	-4,37	-4,33	-4,21	-4,09	-4,01	-3,94	-3,94	-3,93	-4,02	-4,10	-0,92
23/10/2019 13:05:00	-0,98	-1,36	-1,77	-2,25	-2,71	-3,07	-3,37	-3,62	-3,84	-4,01	-4,17	-4,20	-4,24	-4,18	-4,12	-4,09	-4,06	-4,09	-4,12	-4,22	-4,32	-0,96
23/10/2019 13:10:00	-1,04	-1,41	-1,91	-2,51	-3,02	-3,32	-3,58	-3,73	-3,80	-3,98	-4,16	-4,20	-4,24	-4,19	-4,13	-4,08	-4,03	-4,06	-4,08	-4,18	-4,27	-1,04
23/10/2019 13:15:00	-0,99	-1,27	-1,68	-2,23	-2,79	-3,19	-3,59	-3,88	-4,06	-4,22	-4,34	-4,31	-4,29	-4,17	-4,05	-3,97	-3,90	-3,89	-3,88	-3,96	-4,04	-1,07
23/10/2019 13:20:00	-0,97	-1,19	-1,64	-2,16	-2,70	-3,21	-3,63	-3,96	-4,22	-4,35	-4,42	-4,38	-4,33	-4,20	-4,08	-4,01	-3,94	-3,94	-3,94	-4,02	-4,10	-0,82
23/10/2019 13:25:00	-0,83	-1,16	-1,67	-2,20	-2,69	-3,21	-3,54	-3,79	-3,98	-4,14	-4,26	-4,25	-4,25	-4,15	-4,05	-4,00	-3,94	-3,95	-3,96	-4,04	-4,13	-0,85
23/10/2019 13:30:00	-0,78	-1,18	-1,66	-2,13	-2,56	-2,99	-3,34	-3,63	-3,87	-4,03	-4,16	-4,20	-4,23	-4,18	-4,12	-4,10	-4,08	-4,12	-4,16	-4,26	-4,35	-0,83
23/10/2019 13:35:00	-0,66	-1,14	-1,63	-2,11	-2,58	-3,05	-3,53	-3,88	-4,08	-4,25	-4,39	-4,39	-4,39	-4,29	-4,20	-4,14	-4,08	-4,08	-4,08	-4,15	-4,23	-0,55
23/10/2019 13:40:00	-0,69	-1,08	-1,52	-2,00	-2,50	-3,06	-3,47	-3,81	-4,10	-4,29	-4,43	-4,44	-4,46	-4,36	-4,27	-4,22	-4,16	-4,16	-4,17	-4,25	-4,33	-0,69
23/10/2019 13:45:00	-0,65	-0,95	-1,40	-1,97	-2,52	-2,94	-3,32	-3,62	-3,85	-4,04	-4,21	-4,24	-4,28	-4,21	-4,14	-4,10	-4,06	-4,08	-4,11	-4,20	-4,29	-0,61
23/10/2019 13:50:00	-0,71	-0,90	-1,39	-1,92	-2,42	-2,89	-3,36	-3,72	-3,98	-4,12	-4,22	-4,22	-4,21	-4,14	-4,06	-4,03	-4,00	-4,03	-4,07	-4,16	-4,26	-0,67
23/10/2019 13:55:00	-0,65	-1,01	-1,47	-1,96	-2,40	-2,81	-3,16	-3,42	-3,60	-3,84	-4,06	-4,15	-4,25	-4,23	-4,21	-4,20	-4,18	-4,22	-4,27	-4,37	-4,47	-0,66
23/10/2019 14:00:00	-0,57	-0,95	-1,40	-1,88	-2,34	-2,70	-3,00	-3,27	-3,53	-3,72	-3,89	-3,96	-4,03	-4,00	-3,98	-3,97	-3,97	-4,02	-4,08	-4,19	-4,30	-0,56
23/10/2019 14:05:00	-0,54	-0,89	-1,38	-1,96	-2,50	-2,94	-3,35	-3,62	-3,77	-3,89	-3,97	-3,92	-3,86	-3,73	-3,59	-3,51	-3,43	-3,42	-3,41	-3,49	-3,57	-0,57
23/10/2019 14:10:00	-0,57	-1,03	-1,38	-1,77	-2,15	-2,44	-2,77	-3,08	-3,35	-3,57	-3,78	-3,89	-4,00	-4,01	-4,02	-4,04	-4,05	-4,12	-4,18	-4,30	-4,41	-0,56
23/10/2019 14:15:00	-0,54	-0,78	-1,20	-1,75	-2,31	-2,77	-3,22	-3,54	-3,70	-3,86	-3,98	-3,96	-3,93	-3,80	-3,68	-3,60	-3,52	-3,50	-3,49	-3,57	-3,65	-0,46
23/10/2019 14:20:00	-0,32	-0,77	-1,22	-1,66	-2,08	-2,50	-2,95	-3,33	-3,59	-3,78	-3,94	-4,00	-4,05	-4,01	-3,97	-3,96	-3,95	-3,99	-4,03	-4,13	-4,23	-0,41
23/10/2019 14:25:00	-0,34	-0,70	-1,16	-1,68	-2,16	-2,46	-2,83	-3,14	-3,40	-3,61	-3,81	-3,91	-4,01	-4,01	-4,01	-4,02	-4,03	-4,10	-4,17	-4,29	-4,41	-0,36
23/10/2019 14:30:00	-0,36	-0,65	-1,02	-1,46	-1,96	-2,49	-2,96	-3,37	-3,68	-3,88	-4,03	-4,05	-4,07	-3,98	-3,90	-3,86	-3,81	-3,82	-3,84	-3,92	-4,01	-0,36
23/10/2019 14:35:00	-0,25	-0,60	-1,06	-1,53	-1,97	-2,42	-2,77	-3,09	-3,39	-3,57	-3,72	-3,78	-3,84	-3,82	-3,79	-3,79	-3,80	-3,85	-3,91	-4,02	-4,13	-0,32
23/10/2019 14:40:00	-0,22	-0,48	-0,90	-1,46	-2,03	-2,60	-3,08	-3,47	-3,74	-3,90	-3,99	-3,95	-3,91	-3,78	-3,65	-3,57	-3,50	-3,49	-3,48	-3,56	-3,63	-0,17
23/10/2019 14:45:00	-0,23	-0,42	-0,86	-1,37	-1,86	-2,34	-2,82	-3,20	-3,47	-3,71	-3,94	-4,04	-4,14	-4,12	-4,11	-4,10	-4,10	-4,15	-4,20	-4,30	-4,41	-0,23
23/10/2019 14:50:00	-0,18	-0,60	-1,01	-1,46	-1,91	-2,36	-2,72	-3,05	-3,33	-3,60	-3,85	-3,97	-4,10	-4,10	-4,10	-4,10	-4,10	-4,16	-4,21	-4,32	-4,43	-0,19
23/10/2019 14:55:00	-0,14	-0,41	-0,86	-1,36	-1,84	-2,34	-2,75	-3,08	-3,34	-3,61	-3,87	-4,00	-4,12	-4,12	-4,13	-4,12	-4,12	-4,17	-4,23	-4,33	-4,44	-0,15
23/10/2019 15:00:00	-0,05	-0,33	-0,68	-1,18	-1,74	-2,28	-2,75	-3,18	-3,54	-3,81	-4,03	-4,11	-4,20	-4,15	-4,11	-4,08	-4,05	-4,08	-4,11	-4,20	-4,30	-0,07
23/10/2019 15:05:00	0,03	-0,21	-0,69	-1,25	-1,81	-2,38	-2,82	-3,21	-3,59	-3,78	-3,91	-3,94	-3,98	-3,92	-3,87	-3,85	-3,83	-3,88	-3,92	-4,03	-4,13	0,00
23/10/2019 15:10:00	0,06	-0,35	-0,77	-1,22	-1,70	-2,17	-2,64	-3,07	-3,43	-3,69	-3,93	-4,06	-4,18	-4,19	-4,19	-4,20	-4,21	-4,27	-4,32	-4,43	-4,54	0,08
23/10/2019 15:15:00	0,00	-0,32	-0,75	-1,25	-1,73	-2,21	-2,61	-2,94	-3,20	-3,46	-3,70	-3,80	-3,91	-3,90	-3,88	-3,87	-3,86	-3,91	-3,95	-4,06	-4,16	0,02
23/10/2019 15:20:00	-0,09	-0,41	-0,77	-1,17	-1,62	-2,13	-2,60	-3,04	-3,41	-3,69	-3,93	-4,06	-4,18	-4,18	-4,19	-4,19	-4,19	-4,25	-4,30	-4,41	-4,51	-0,09
23/10/2019 15:25:00	-0,10	-0,33	-0,77	-1,28	-1,77	-2,24	-2,63	-2,97	-3,24	-3,45	-3,64	-3,70	-3,77	-3,74	-3,71	-3,71	-3,70	-3,75	-3,80	-3,91	-4,01	-0,06
23/10/2019 15:30:00	0,06	-0,20	-0,60	-1,14	-1,66	-2,11	-2,55	-2,92	-3,18	-3,39	-3,56	-3,61	-3,67	-3,62	-3,57	-3,54	-3,52	-3,55	-3,59	-3,69	-3,79	0,07
23/10/2019 15:35:00	0,13	-0,18	-0,49	-0,91	-1,40	-1,91	-2,33	-2,74	-3,13	-3,42	-3,67	-3,78	-3,90	-3,89	-3,88	-3,87	-3,87	-3,92	-3,97	-4,07	-4,18	0,11
23/10/2019 15:40:00	0,17	-0,11	-0,36	-0,67	-1,10	-1,61	-2,13	-2,61	-2,99	-3,34	-3,65	-3,83	-4,00	-4,03	-4,06	-4,06	-4,07	-4,13	-4,18	-4,29	-4,39	0,15
23/10/2019 15:45:00	0,25	0,01	-0,30	-0,72	-1,20	-1,62	-2,16	-2,66	-3,05	-3,32	-3,54	-3,66	-3,78	-3,79	-3,80	-3,82	-3,84	-3,91	-3,97	-4,09	-4,20	0,24
23/10/2019 15:50:00	0,27	0,11	-0,26	-0,71	-1,20	-1,71	-2,24	-2,68	-2,98	-3,25	-3,48	-3,58	-3,69	-3,67	-3,66	-3,65	-3,65	-3,70	-3,75	-3,85	-3,95	0,33
23/10/2019 15:55:00	0,36	0,06	-0,32	-0,78	-1,25	-1,75	-2,21	-2,60	-2,87	-3,13	-3,37	-3,47	-3,58	-3,56	-3,54	-3,52	-3,51	-3,55	-3,59	-3,69	-3,79	0,40
23/10/2019 16:00:00	0,45	0,25	-0,12	-0,60	-1,13	-1,70	-2,18	-2,61	-2,98	-3,23	-3,43	-3,51	-3,58	-3,55	-3,51	-3,50	-3,48	-3,53	-3,57	-3,68	-3,78	0,46
23/10/2019 16:05:00	0,46	0,27	-0,10	-0,60	-1,15	-1,66	-2,19	-2,66	-3,03	-3,32	-3,57	-3,70	-3,82	-3,82	-3,82	-3,83	-3,83	-3,88	-3,94	-4,05	-4,16	0,51
23/10/2019 16:10:00	0,35	0,12	-0,25	-0,72	-1,24	-1,75	-2,22	-2,62	-2,92	-3,23	-3,52	-3,66	-3,79	-3,80	-3,80	-3,79	-3,78	-3,83	-3,87	-3,98	-4,09	0,42
23/10/2019 16:15:00	0,32	0,05	-0,37	-0,80	-1,24	-1,76	-2,23	-2,64	-2,95	-3,26	-3,54	-3,70	-3,86	-3,89	-3,92	-3,94	-3,96	-4,03	-4,09	-4,21	-4,32	0,38
23/10/2019 16:20:00	0,31	-0,04	-0,39	-0,79	-1,26	-1,75	-2,20	-2,63	-2,99	-3,33	-3,66	-3,86	-4,05	-4,10	-4,14	-4,17	-4,19	-4,26	-4,33	-4,44	-4,56	0,24
23/10/2019 16:25:00	0,22	-0,05	-0,48	-0,96	-1,46	-2,04	-2,53	-2,94	-3,24	-3,46	-3,63	-3,67	-3,71	-3,64	-3,57	-3,54	-3,50	-3,53	-3,55	-3,64	-3,74	0,23
23/10/2019 16:30:00	0,23	-0,20	-0,61	-1,03	-1,42	-1,83	-2,20	-2,57	-2,92	-3,14	-3,33	-3,44	-3,55	-3,56	-3,58	-3,61	-3,64	-3,72	-3,80	-3,92	-4,04	0,18
23/10/2019 16:35:00	0,02	-0,26	-0,66	-1,10	-1,52	-1,99	-2,38	-2,75	-3,10	-3,31	-3,47	-3,55	-3,63	-3,62	-3,61	-3,62	-3,63	-3,70	-3,77	-3,88	-4,00	0,04
23/10/2019 16:40:00	-0,08	-0,29	-0,68	-1,16	-1,66	-2,15	-2,58	-2,95	-3,25	-3,45	-3,61	-3,65	-3,69	-3,64	-3,58	-3,56	-3,53	-3,57	-3,61	-3,71	-3,81	-0,06
23/10/2019 16:45:00	-0,09	-0,36	-0,67	-1,10	-1,64	-2,17	-2,73	-3,23	-3,62	-3,81	-3,93	-3,93	-3,92	-3,82	-3,71	-3,66	-3,61	-3,62	-3,63	-3,71	-3,79	-0,13
23/10/2019 16:50:00	-0,13	-0,39	-0,81	-1,25	-1,70	-2,21	-2,64	-3,00	-3,30	-3,50	-3,67	-3,72	-3,78	-3,73	-3,69	-3,67	-3,65	-3,69	-3,73	-3,83	-3,93	-0,19
23/10/2019 16:55:00	-0,15	-0,35	-0,70	-1,17	-1,69	-2,20	-2,63	-2,98	-3,24	-3,46	-3,64	-3,68	-3,72	-3,64	-3,57	-3,53	-3,48	-3,50	-3,52	-3,61	-3,70	-0,11
23/10/2019 17:00:00	-0,09	-0,38	-0,78	-1,24	-1,68	-2,13	-2,52	-2,84	-3,07	-3,31	-3,52	-3,61	-3,70	-3,68	-3,65	-3,64	-3,63	-3,68	-3,73	-3,83	-3,94	-0,06
23/10/2019 17:05:00	-0,08	-0,28	-0,67	-1,14	-1,63	-2,21	-2,64	-3,01	-3,32	-3,52	-3,69	-3,72	-3,76	-3,69	-3,63	-3,59	-3,56	-3,59	-3,61	-3,71	-3,80	-0,06
23/10/2019 17:10:00	-0,09	-0,34	-0,74	-1,24	-1,74	-2,13	-2,50	-2,82	-3,08	-3,27	-3,42	-3,46	-3,51	-3,46	-3,41	-3,40	-3,38	-3,43	-3,47	-3,58	-3,69	-0,08
23/10/2019 17:15:00	-0,02	-0,41	-0,71	-1,13	-1,58	-1,90	-2,31	-2,68	-2,95	-3,16	-3,34	-3,40	-3,47	-3,43	-3,39	-3,38	-3,37	-3,41	-3,45	-3,56	-3,66	-0,03
23/10/2019 17:20:00	-0,07	-0,28	-0,63	-1,07	-1,52	-1,92	-2,35	-2,67	-2,83	-3,05	-3,25	-3,30	-3,36	-3,31	-3,26	-3,22	-3,19	-3,22	-3,25	-3,34	-3,44	0,00
23/10/2019 17:25:00	0,08	-0,18	-0,52	-0,93	-1,38	-1,83	-2,15	-2,44	-2,72	-2,94	-3,14	-3,21	-3,29	-3,25	-3,22	-3,21	-3,20	-3,24	-3,29	-3,39	-3,50	0,02
23/10/2019 17:30:00	0,04	-0,17	-0,55	-0,99	-1,40	-1,74	-2,07	-2,35	-2,58	-2,81	-3,03	-3,15	-3,27	-3,29	-3,31	-3,34	-3,36	-3,44	-3,52	-3,65	-3,77	0,06
23/10/2019 17:35:00	0,05	-0,15	-0,45	-0,80	-1,16	-1,56	-1,95	-2,29	-2,55	-2,81	-3,06	-3,20	-3,34	-3,36	-3,38	-3,40	-3,42	-3,49	-3,57	-3,68	-3,80	0,06
23/10/2019 17:40:00	0,12	-0,08	-0,37	-0,68	-0,99	-1,31	-1,65	-1,98	-2,26	-2,54	-2,82	-3,01	-3,20	-3,28	-3,35	-3,41	-3,47	-3,58	-3,69	-3,82	-3,96	0,17
23/10/2019 17:45:00	0,19	-0,07	-0,24	-0,48	-0,82	-1,20	-1,63	-2,06	-2,43	-2,68	-2,87	-2,98	-3,08	-3,08	-3,07	-3,10	-3,12	-3,18	-3,25	-3,36	-3,47	0,15
23/10/2019 17:50:00	0,24	0,05	-0,20	-0,47	-0,77	-1,07	-1,38	-1,70	-2,05	-2,29	-2,52	-2,67	-2,83	-2,89	-2,95	-3,02	-3,08	-3,19	-3,30	-3,44	-3,58	0,17
23/10/2019 17:55:00	0,21	0,26	0,15	-0,03	-0,31	-0,75	-1,16	-1,57	-1,95	-2,29	-2,61	-2,83	-3,04	-3,12	-3,20	-3,25	-3,31	-3,41	-3,51	-3,64	-3,77	0,23
23/10/2019 18:00:00	0,34	0,29	0,18	0,00	-0,30	-0,76	-1,11	-1,50	-1,93	-2,26	-2,56	-2,75	-2,93	-3,00	-3,07	-3,12	-3,18	-3,28	-3,38	-3,51	-3,64	0,26
23/10/2019 18:05:00	0,51	0,40	0,35	0,25	-0,01	-0,39	-0,85	-1,31	-1,65	-2,04	-2,42	-2,67	-2,92	-3,02	-3,11	-3,16	-3,22	-3,31	-3,40	-3,53	-3,66	0,44
23/10/2019 18:10:00	0,56	0,71	0,65	0,40	-0,03	-0,54	-1,02	-1,46	-1,81	-2,18	-2,51	-2,68	-2,85	-2,87	-2,89	-2,90	-2,90	-2,95	-3,01	-3,12	-3,23	0,58
23/10/2019 18:15:00	0,69	0,68	0,60	0,45	0,18	-0,12	-0,55	-1,00	-1,40	-1,83	-2,29	-2,63	-2,97	-3,15	-3,34	-3,45	-3,56	-3,71	-3,86	-4,02	-4,17	0,66
23/10/2019 18:20:00	0,83	0,91	0,75	0,44	-0,02	-0,56	-1,09	-1,57	-1,97	-2,33	-2,65	-2,83	-3,01	-3,05	-3,09	-3,11	-3,13	-3,20	-3,27	-3,39	-3,51	0,87
23/10/2019 18:25:00	1,11	1,02	0,77	0,41	-0,01	-0,41	-0,82	-1,19	-1,51	-1,86	-2,21	-2,43	-2,65	-2,73	-2,82	-2,87	-2,92	-3,02	-3,12	-3,26	-3,40	1,00
23/10/2019 18:30:00	1,17	1,24	1,09	0,75	0,25	-0,33	-0,94	-1,52	-2,00	-2,34	-2,62	-2,77	-2,92	-2,93	-2,95	-2,97	-2,99	-3,05	-3,12	-3,23	-3,35	1,16
23/10/2019 18:35:00	1,18	1,24	0,90	0,39	-0,16	-0,76	-1,23	-1,62	-1,94	-2,21	-2,44	-2,53	-2,62	-2,60	-2,57	-2,56	-2,55	-2,61	-2,66	-2,77	-2,89	1,21
23/10/2019 18:40:00	1,28	1,35	1,05	0,51	-0,11	-0,63	-1,16	-1,65	-2,08	-2,33	-2,50	-2,57	-2,63	-2,60	-2,57	-2,58	-2,58	-2,65	-2,71	-2,83	-2,95	1,30
23/10/2019 18:45:00	1,35	1,20	0,90	0,48	-0,04	-0,61	-1,15	-1,62	-1,96	-2,26	-2,52	-2,63	-2,74	-2,72	-2,70	-2,68	-2,67	-2,71	-2,76	-2,86	-2,97	1,26
23/10/2019 18:50:00	1,30	1,18	0,88	0,49	0,02	-0,51	-1,06	-1,54	-1,87	-2,18	-2,47	-2,62	-2,77	-2,79	-2,81	-2,82	-2,84	-2,90	-2,97	-3,08	-3,20	1,34
23/10/2019 18:55:00	1,39	1,15	0,89	0,49	-0,04	-0,63	-1,13	-1,58	-1,95	-2,28	-2,57	-2,69	-2,82	-2,80	-2,79	-2,77	-2,75	-2,79	-2,83	-2,93	-3,03	1,41
23/10/2019 19:00:00	1,42	1,26	0,90	0,52	0,10	-0,45	-0,96	-1,43	-1,81	-2,15	-2,47	-2,68	-2,88	-2,95	-3,02	-3,08	-3,13	-3,22	-3,32	-3,45	-3,59	1,43
23/10/2019 19:05:00	1,47	1,25	0,90	0,49	0,00	-0,56	-1,13	-1,65	-2,06	-2,35	-2,60	-2,73	-2,85	-2,86	-2,87	-2,89	-2,90	-2,97	-3,04	-3,15	-3,27	1,34
23/10/2019 19:10:00	1,35	1,35	1,01	0,50	-0,12	-0,81	-1,47	-2,05	-2,48	-2,77	-2,99	-3,06	-3,14	-3,09	-3,05	-3,03	-3,01	-3,04	-3,08	-3,18	-3,28	1,41
23/10/2019 19:15:00	1,29	1,25	0,93	0,48	-0,05	-0,63	-1,18	-1,68	-2,10	-2,42	-2,68	-2,82	-2,97	-2,99	-3,01	-3,03	-3,05	-3,12	-3,20	-3,32	-3,44	1,44
23/10/2019 19:20:00	1,35	1,37	0,99	0,50	-0,01	-0,63	-1,19	-1,69	-2,13	-2,44	-2,71	-2,87	-3,03	-3,08	-3,12	-3,17	-3,21	-3,31	-3,40	-3,53	-3,66	1,36
23/10/2019 19:25:00	1,33	1,21	0,88	0,42	-0,12	-0,68	-1,30	-1,87	-2,34	-2,64	-2,88	-3,02	-3,15	-3,16	-3,18	-3,21	-3,23	-3,31	-3,38	-3,50	-3,62	1,34
23/10/2019 19:30:00	1,34	1,24	0,85	0,34	-0,20	-0,80	-1,38	-1,89	-2,28	-2,60	-2,89	-3,04	-3,20	-3,23	-3,26	-3,28	-3,30	-3,37	-3,44	-3,56	-3,68	1,39
23/10/2019 19:35:00	1,44	1,26	0,85	0,33	-0,20	-0,69	-1,24	-1,71	-2,04	-2,34	-2,61	-2,77	-2,92	-2,95	-2,98	-3,01	-3,04	-3,12	-3,20	-3,33	-3,45	1,40
23/10/2019 19:40:00	1,37	1,15	0,87	0,49	0,03	-0,48	-1,08	-1,65	-2,07	-2,40	-2,68	-2,86	-3,03	-3,07	-3,12	-3,15	-3,19	-3,27	-3,35	-3,48	-3,60	1,41
23/10/2019 19:45:00	1,37	1,23	0,95	0,48	-0,11	-0,71	-1,34	-1,89	-2,28	-2,59	-2,84	-2,94	-3,04	-3,00	-2,96	-2,94	-2,91	-2,94	-2,97	-3,07	-3,17	1,44
23/10/2019 19:50:00	1,34	1,19	0,89	0,44	-0,11	-0,74	-1,31	-1,82	-2,21	-2,53	-2,80	-2,92	-3,04	-3,02	-3,00	-2,99	-2,98	-3,02	-3,07	-3,17	-3,27	1,42
23/10/2019 19:55:00	1,34	1,21	0,89	0,43	-0,11	-0,74	-1,34	-1,85	-2,22	-2,53	-2,79	-2,90	-3,01	-2,99	-2,97	-2,96	-2,94	-2,98	-3,02	-3,13	-3,23	1,38
23/10/2019 20:00:00	1,34	1,09	0,79	0,43	-0,01	-0,56	-1,14	-1,69	-2,13	-2,48	-2,79	-2,99	-3,18	-3,23	-3,29	-3,33	-3,37	-3,45	-3,53	-3,66	-3,78	1,36
23/10/2019 20:05:00	1,28	1,20	0,79	0,25	-0,32	-0,93	-1,48	-1,94	-2,29	-2,61	-2,90	-3,04	-3,19	-3,21	-3,23	-3,24	-3,25	-3,32	-3,38	-3,50	-3,62	1,40
23/10/2019 20:10:00	1,27	1,09	0,71	0,20	-0,39	-1,04	-1,64	-2,16	-2,52	-2,85	-3,15	-3,28	-3,42	-3,41	-3,40	-3,38	-3,37	-3,41	-3,45	-3,55	-3,65	1,36
23/10/2019 20:15:00	1,18	1,00	0,67	0,26	-0,24	-0,84	-1,40	-1,93	-2,39	-2,77	-3,11	-3,32	-3,54	-3,60	-3,67	-3,71	-3,76	-3,85	-3,93	-4,06	-4,18	1,24
23/10/2019 20:20:00	1,22	0,93	0,50	0,00	-0,48	-0,99	-1,45	-1,87	-2,21	-2,55	-2,87	-3,08	-3,28	-3,35	-3,42	-3,47	-3,51	-3,61	-3,70	-3,83	-3,96	1,17
23/10/2019 20:25:00	1,13	0,99	0,59	0,07	-0,47	-0,99	-1,53	-2,03	-2,48	-2,78	-3,04	-3,20	-3,36	-3,41	-3,45	-3,50	-3,54	-3,64	-3,74	-3,87	-4,00	1,16
23/10/2019 20:30:00	1,20	1,02	0,59	0,10	-0,41	-0,96	-1,42	-1,85	-2,29	-2,57	-2,82	-2,96	-3,11	-3,14	-3,18	-3,22	-3,26	-3,36	-3,45	-3,58	-3,71	1,08
23/10/2019 20:35:00	1,12	1,04	0,63	0,08	-0,48	-0,99	-1,48	-1,91	-2,26	-2,61	-2,95	-3,16	-3,37	-3,44	-3,51	-3,54	-3,58	-3,67	-3,76	-3,90	-4,03	1,13
23/10/2019 20:40:00	1,11	0,96	0,49	-0,07	-0,62	-1,14	-1,64	-2,09	-2,47	-2,76	-3,03	-3,19	-3,34	-3,38	-3,42	-3,46	-3,50	-3,59	-3,68	-3,81	-3,94	1,09
23/10/2019 20:45:00	0,91	0,60	0,16	-0,33	-0,84	-1,27	-1,76	-2,21	-2,56	-2,86	-3,15	-3,32	-3,50	-3,55	-3,60	-3,63	-3,67	-3,76	-3,85	-3,98	-4,10	0,96
23/10/2019 20:50:00	0,77	0,43	0,09	-0,27	-0,67	-1,12	-1,54	-1,95	-2,32	-2,67	-3,02	-3,25	-3,47	-3,56	-3,65	-3,70	-3,76	-3,86	-3,96	-4,09	-4,22	0,57
23/10/2019 20:55:00	0,57	0,45	0,12	-0,36	-0,91	-1,36	-1,97	-2,52	-2,95	-3,19	-3,37	-3,45	-3,53	-3,51	-3,50	-3,51	-3,52	-3,59	-3,65	-3,76	-3,88	0,65
23/10/2019 21:00:00	0,74	0,53	0,20	-0,27	-0,79	-1,31	-1,80	-2,27	-2,69	-2,97	-3,20	-3,32	-3,44	-3,45	-3,45	-3,47	-3,49	-3,56	-3,62	-3,74	-3,86	0,58
23/10/2019 21:05:00	0,66	0,44	0,06	-0,36	-0,81	-1,29	-1,77	-2,21	-2,60	-2,87	-3,11	-3,25	-3,39	-3,42	-3,45	-3,48	-3,52	-3,60	-3,68	-3,81	-3,93	0,63
23/10/2019 21:10:00	0,66	0,58	0,26	-0,16	-0,66	-1,26	-1,85	-2,36	-2,71	-3,03	-3,32	-3,46	-3,60	-3,60	-3,60	-3,60	-3,60	-3,65	-3,70	-3,81	-3,91	0,67
23/10/2019 21:15:00	0,71	0,55	0,10	-0,45	-1,01	-1,54	-2,00	-2,40	-2,73	-3,00	-3,24	-3,36	-3,47	-3,47	-3,47	-3,48	-3,48	-3,55	-3,61	-3,73	-3,84	0,74
23/10/2019 21:20:00	0,76	0,50	0,16	-0,23	-0,69	-1,28	-1,81	-2,28	-2,64	-2,96	-3,25	-3,40	-3,54	-3,55	-3,56	-3,56	-3,56	-3,61	-3,67	-3,77	-3,88	0,72
23/10/2019 21:25:00	0,63	0,52	0,22	-0,22	-0,75	-1,38	-1,96	-2,47	-2,86	-3,15	-3,37	-3,45	-3,54	-3,49	-3,45	-3,43	-3,41	-3,44	-3,47	-3,57	-3,66	0,70
23/10/2019 21:30:00	0,67	0,47	0,11	-0,35	-0,91	-1,54	-2,04	-2,48	-2,87	-3,15	-3,39	-3,48	-3,57	-3,53	-3,49	-3,46	-3,44	-3,47	-3,50	-3,60	-3,70	0,66
23/10/2019 21:35:00	0,66	0,45	0,07	-0,35	-0,81	-1,35	-1,88	-2,34	-2,67	-2,94	-3,17	-3,28	-3,39	-3,38	-3,36	-3,37	-3,37	-3,42	-3,47	-3,58	-3,69	0,63
23/10/2019 21:40:00	0,63	0,36	-0,06	-0,57	-1,07	-1,56	-2,03	-2,41	-2,67	-2,95	-3,22	-3,35	-3,47	-3,47	-3,47	-3,46	-3,46	-3,51	-3,56	-3,67	-3,77	0,60
23/10/2019 21:45:00	0,53	0,25	-0,15	-0,65	-1,15	-1,57	-2,02	-2,41	-2,70	-2,96	-3,20	-3,32	-3,45	-3,45	-3,46	-3,48	-3,49	-3,55	-3,62	-3,74	-3,86	0,53
23/10/2019 21:50:00	0,36	0,17	-0,24	-0,78	-1,33	-1,81	-2,21	-2,55	-2,83	-3,07	-3,28	-3,37	-3,45	-3,42	-3,39	-3,38	-3,36	-3,41	-3,46	-3,56	-3,67	0,28
23/10/2019 21:55:00	0,26	0,03	-0,31	-0,71	-1,15	-1,63	-2,11	-2,51	-2,80	-3,06	-3,29	-3,39	-3,49	-3,47	-3,45	-3,45	-3,44	-3,48	-3,53	-3,63	-3,74	0,10
23/10/2019 22:00:00	0,07	-0,13	-0,50	-0,94	-1,35	-1,81	-2,20	-2,54	-2,85	-3,05	-3,22	-3,29	-3,37	-3,35	-3,33	-3,34	-3,35	-3,41	-3,48	-3,59	-3,71	0,05
23/10/2019 22:05:00	0,11	-0,22	-0,59	-0,98	-1,36	-1,76	-2,23	-2,63	-2,91	-3,09	-3,23	-3,28	-3,33	-3,30	-3,26	-3,26	-3,26	-3,32	-3,37	-3,47	-3,58	0,08
23/10/2019 22:10:00	0,02	-0,12	-0,61	-1,15	-1,58	-2,00	-2,30	-2,51	-2,67	-2,89	-3,11	-3,23	-3,34	-3,36	-3,38	-3,39	-3,41	-3,49	-3,57	-3,69	-3,81	0,05
23/10/2019 22:15:00	-0,03	-0,13	-0,46	-0,92	-1,46	-2,00	-2,51	-2,92	-3,20	-3,41	-3,57	-3,59	-3,60	-3,51	-3,42	-3,37	-3,31	-3,32	-3,33	-3,42	-3,50	-0,07
23/10/2019 22:20:00	-0,08	-0,34	-0,59	-0,96	-1,44	-1,91	-2,38	-2,79	-3,13	-3,35	-3,51	-3,53	-3,56	-3,48	-3,40	-3,36	-3,32	-3,34	-3,35	-3,44	-3,53	-0,10
23/10/2019 22:25:00	-0,15	-0,48	-0,84	-1,21	-1,54	-1,82	-2,09	-2,33	-2,54	-2,77	-3,01	-3,16	-3,30	-3,34	-3,38	-3,42	-3,45	-3,54	-3,63	-3,76	-3,89	-0,20
23/10/2019 22:30:00	-0,16	-0,51	-0,76	-1,02	-1,34	-1,74	-2,12	-2,49	-2,81	-3,08	-3,32	-3,46	-3,60	-3,61	-3,63	-3,65	-3,67	-3,74	-3,80	-3,91	-4,03	-0,17
23/10/2019 22:35:00	-0,23	-0,35	-0,68	-1,09	-1,52	-1,94	-2,38	-2,72	-2,91	-3,14	-3,34	-3,41	-3,48	-3,44	-3,41	-3,38	-3,36	-3,40	-3,43	-3,53	-3,63	-0,22
23/10/2019 22:40:00	-0,20	-0,50	-0,75	-1,08	-1,45	-1,79	-2,14	-2,49	-2,79	-3,01	-3,21	-3,30	-3,40	-3,39	-3,38	-3,39	-3,40	-3,46	-3,52	-3,63	-3,75	-0,20
23/10/2019 22:45:00	-0,22	-0,46	-0,71	-1,09	-1,50	-1,81	-2,15	-2,45	-2,70	-2,93	-3,15	-3,24	-3,34	-3,33	-3,32	-3,31	-3,31	-3,37	-3,43	-3,54	-3,65	-0,22
23/10/2019 22:50:00	-0,23	-0,32	-0,65	-1,08	-1,52	-2,03	-2,41	-2,73	-2,98	-3,15	-3,28	-3,29	-3,30	-3,22	-3,14	-3,11	-3,07	-3,10	-3,12	-3,22	-3,32	-0,22
23/10/2019 22:55:00	-0,24	-0,36	-0,69	-1,11	-1,52	-1,94	-2,28	-2,54	-2,74	-2,95	-3,14	-3,22	-3,29	-3,26	-3,23	-3,22	-3,21	-3,25	-3,30	-3,41	-3,52	-0,22
23/10/2019 23:00:00	-0,17	-0,28	-0,58	-0,97	-1,41	-1,83	-2,26	-2,62	-2,88	-3,06	-3,20	-3,23	-3,26	-3,20	-3,14	-3,11	-3,09	-3,13	-3,17	-3,27	-3,37	-0,17
23/10/2019 23:05:00	-0,18	-0,33	-0,66	-1,04	-1,41	-1,76	-2,06	-2,32	-2,55	-2,75	-2,94	-3,02	-3,11	-3,10	-3,10	-3,11	-3,12	-3,19	-3,26	-3,38	-3,50	-0,16
23/10/2019 23:10:00	-0,16	-0,27	-0,59	-0,94	-1,29	-1,66	-1,97	-2,21	-2,37	-2,64	-2,91	-3,04	-3,18	-3,20	-3,22	-3,23	-3,24	-3,30	-3,37	-3,49	-3,61	-0,12
23/10/2019 23:15:00	-0,11	-0,12	-0,51	-1,01	-1,46	-1,84	-2,15	-2,39	-2,58	-2,76	-2,92	-2,97	-3,02	-2,99	-2,96	-2,96	-2,96	-3,02	-3,08	-3,20	-3,32	-0,02
23/10/2019 23:20:00	0,02	-0,13	-0,44	-0,79	-1,17	-1,61	-1,95	-2,26	-2,56	-2,79	-2,99	-3,09	-3,19	-3,19	-3,19	-3,20	-3,22	-3,29	-3,35	-3,47	-3,59	0,02
23/10/2019 23:25:00	0,08	-0,04	-0,37	-0,80	-1,26	-1,74	-2,02	-2,27	-2,58	-2,80	-2,99	-3,06	-3,12	-3,10	-3,07	-3,06	-3,06	-3,11	-3,17	-3,28	-3,40	0,13
23/10/2019 23:30:00	0,08	-0,02	-0,32	-0,76	-1,26	-1,71	-2,16	-2,50	-2,72	-2,94	-3,13	-3,16	-3,20	-3,13	-3,05	-3,01	-2,96	-2,98	-3,00	-3,10	-3,19	0,09
23/10/2019 23:35:00	0,17	0,01	-0,37	-0,82	-1,25	-1,62	-1,99	-2,28	-2,48	-2,67	-2,85	-2,91	-2,98	-2,95	-2,93	-2,92	-2,92	-2,97	-3,03	-3,15	-3,26	0,19
23/10/2019 23:40:00	0,23	0,09	-0,21	-0,65	-1,15	-1,62	-2,06	-2,40	-2,64	-2,90	-3,12	-3,18	-3,25	-3,20	-3,15	-3,11	-3,08	-3,10	-3,13	-3,23	-3,32	0,26
23/10/2019 23:45:00	0,27	0,10	-0,19	-0,59	-1,03	-1,51	-1,97	-2,39	-2,75	-2,94	-3,07	-3,10	-3,13	-3,08	-3,03	-3,02	-3,02	-3,07	-3,11	-3,22	-3,33	0,32
23/10/2019 23:50:00	0,27	0,12	-0,12	-0,50	-0,95	-1,43	-1,86	-2,23	-2,54	-2,80	-3,03	-3,11	-3,20	-3,17	-3,14	-3,12	-3,10	-3,14	-3,18	-3,28	-3,38	0,30
23/10/2019 23:55:00	0,32	0,24	-0,09	-0,53	-1,02	-1,48	-1,92	-2,29	-2,59	-2,80	-2,97	-3,02	-3,07	-3,03	-2,98	-2,97	-2,96	-3,00	-3,05	-3,16	-3,26	0,38
