FileFormat:0002.2 file with temperature of atmosphere
SN105HE102
local	GMT or Local
0	GMT-Local=[hours]
0	Height[m]
0	0	0	Longitude                [grd]               [min]               [sec]
0	0	0	Latitude                [grd]               [min]               [sec]
N	NS
56,45	Freq[GHz]
0,00	dTemostat[K]
0,150	MessErr[K]
0,248	//[grad/step]
version 14.4.20120406
MTP5HE102F5645K-38.60I70D219217+A1.1
Commentary:
SN105HE102
парабола ДНА = 2,5 град
НЕ102 - ПУ - ХВБ с ЦСД " S "
АЦП - 202 - 09 с контр.U пит.и М
оптопара серии - 2
Т out № 178 пл
БП LPS - 112
End Of Commentary

SYSTEM\alaska.dat
data time	0	50	100	150	200	250	300	350	400	450	500	550	600	650	700	750	800	850	900	950	1000	OutsideTemperature
01/04/2019 00:00:00	5,26	5,42	5,14	4,77	4,54	4,51	4,53	4,55	4,43	4,26	4,05	3,87	3,68	3,52	3,36	3,19	3,02	2,79	2,55	2,32	2,09	5,27
01/04/2019 00:05:00	5,32	5,26	4,93	4,62	4,50	4,50	4,49	4,48	4,47	4,35	4,16	4,00	3,83	3,69	3,55	3,39	3,23	3,02	2,80	2,58	2,36	5,27
01/04/2019 00:10:00	5,44	5,46	5,00	4,46	4,14	4,11	4,16	4,25	4,27	4,23	4,19	4,16	4,14	4,09	4,05	3,94	3,84	3,66	3,47	3,26	3,05	5,57
01/04/2019 00:15:00	5,34	5,54	5,25	4,84	4,50	4,20	4,05	3,98	3,85	3,69	3,52	3,44	3,35	3,31	3,26	3,18	3,10	2,95	2,80	2,61	2,43	5,35
01/04/2019 00:20:00	5,17	5,27	5,00	4,67	4,48	4,45	4,45	4,47	4,44	4,37	4,29	4,23	4,17	4,12	4,06	3,94	3,83	3,65	3,47	3,26	3,06	5,18
01/04/2019 00:25:00	5,21	5,14	4,75	4,42	4,39	4,55	4,65	4,73	4,80	4,68	4,44	4,18	3,93	3,69	3,45	3,24	3,02	2,75	2,47	2,22	1,97	5,22
01/04/2019 00:30:00	5,14	5,22	5,02	4,77	4,61	4,67	4,70	4,68	4,51	4,27	3,97	3,69	3,40	3,16	2,92	2,70	2,49	2,23	1,96	1,71	1,46	5,15
01/04/2019 00:35:00	5,23	5,12	4,91	4,75	4,70	4,73	4,71	4,62	4,44	4,18	3,86	3,55	3,23	2,97	2,71	2,49	2,26	1,99	1,72	1,48	1,23	5,35
01/04/2019 00:40:00	5,16	5,15	4,83	4,44	4,21	4,17	4,16	4,16	4,09	3,85	3,50	3,20	2,90	2,68	2,45	2,27	2,09	1,85	1,61	1,37	1,14	5,31
01/04/2019 00:45:00	5,29	5,17	4,86	4,64	4,60	4,53	4,43	4,31	4,18	3,96	3,66	3,37	3,08	2,85	2,62	2,41	2,20	1,95	1,70	1,47	1,23	5,20
01/04/2019 00:50:00	5,31	5,14	4,84	4,57	4,46	4,49	4,51	4,50	4,43	4,18	3,80	3,46	3,12	2,86	2,59	2,38	2,18	1,92	1,66	1,42	1,18	5,11
01/04/2019 00:55:00	5,20	5,16	5,00	4,90	4,85	4,74	4,59	4,39	4,16	3,81	3,37	2,98	2,58	2,28	1,99	1,77	1,54	1,28	1,02	0,78	0,55	5,18
01/04/2019 01:00:00	5,15	5,14	5,02	4,89	4,72	4,48	4,17	3,83	3,48	3,14	2,78	2,48	2,18	1,98	1,77	1,60	1,42	1,21	0,99	0,78	0,57	5,07
01/04/2019 01:05:00	4,99	4,92	4,70	4,43	4,18	4,11	3,95	3,74	3,47	3,16	2,80	2,49	2,17	1,94	1,70	1,50	1,31	1,07	0,82	0,60	0,37	4,96
01/04/2019 01:10:00	4,90	4,84	4,53	4,26	4,12	3,86	3,66	3,48	3,30	3,04	2,72	2,46	2,19	2,01	1,82	1,66	1,51	1,30	1,09	0,89	0,68	4,84
01/04/2019 01:15:00	4,78	4,81	4,68	4,55	4,43	4,27	4,06	3,82	3,56	3,21	2,80	2,44	2,08	1,83	1,58	1,39	1,19	0,96	0,72	0,50	0,28	4,72
01/04/2019 01:20:00	4,67	4,60	4,52	4,41	4,24	4,09	3,84	3,53	3,18	2,84	2,48	2,18	1,88	1,67	1,46	1,28	1,10	0,88	0,66	0,45	0,24	4,68
01/04/2019 01:25:00	4,71	4,55	4,51	4,55	4,54	4,34	4,04	3,67	3,34	2,94	2,50	2,11	1,72	1,45	1,18	0,98	0,78	0,55	0,32	0,11	-0,10	4,60
01/04/2019 01:30:00	4,47	4,58	4,42	4,19	3,97	3,72	3,49	3,28	3,07	2,75	2,36	2,06	1,75	1,56	1,36	1,22	1,07	0,87	0,68	0,47	0,27	4,58
01/04/2019 01:35:00	4,41	4,40	4,26	4,13	4,04	3,90	3,78	3,62	3,40	3,10	2,74	2,43	2,12	1,89	1,67	1,49	1,30	1,08	0,85	0,64	0,42	4,50
01/04/2019 01:40:00	4,38	4,33	4,25	4,21	4,15	3,95	3,76	3,52	3,17	2,90	2,66	2,45	2,23	2,07	1,91	1,75	1,58	1,37	1,17	0,97	0,76	4,35
01/04/2019 01:45:00	4,26	4,33	4,33	4,30	4,20	4,15	3,92	3,61	3,27	2,92	2,53	2,18	1,82	1,56	1,30	1,09	0,88	0,64	0,39	0,17	-0,06	4,33
01/04/2019 01:50:00	4,13	4,23	4,26	4,32	4,30	4,15	3,89	3,53	3,07	2,72	2,39	2,07	1,74	1,50	1,25	1,02	0,80	0,55	0,30	0,08	-0,15	4,26
01/04/2019 01:55:00	4,07	4,08	4,20	4,31	4,27	4,10	3,83	3,46	3,04	2,62	2,19	1,83	1,46	1,21	0,96	0,76	0,56	0,34	0,12	-0,09	-0,30	3,98
01/04/2019 02:00:00	4,07	4,09	4,19	4,30	4,25	3,99	3,66	3,29	2,91	2,58	2,26	2,01	1,76	1,62	1,47	1,33	1,20	1,03	0,86	0,68	0,49	4,04
01/04/2019 02:05:00	3,93	4,12	4,04	3,92	3,77	3,65	3,54	3,37	3,06	2,73	2,37	2,05	1,74	1,50	1,26	1,07	0,87	0,63	0,39	0,16	-0,06	4,06
01/04/2019 02:10:00	3,83	4,10	4,26	4,32	4,22	4,07	3,71	3,25	2,79	2,40	2,04	1,71	1,38	1,15	0,92	0,72	0,52	0,29	0,07	-0,15	-0,36	3,80
01/04/2019 02:15:00	3,88	4,10	4,25	4,32	4,21	3,94	3,51	3,02	2,56	2,14	1,72	1,37	1,02	0,80	0,58	0,41	0,23	0,03	-0,17	-0,37	-0,56	3,88
01/04/2019 02:20:00	3,85	4,11	4,26	4,35	4,21	3,92	3,52	3,07	2,65	2,22	1,78	1,44	1,10	0,90	0,69	0,54	0,39	0,21	0,03	-0,16	-0,35	3,93
01/04/2019 02:25:00	3,88	4,20	4,24	4,22	4,09	3,78	3,45	3,06	2,57	2,08	1,55	1,10	0,65	0,33	0,02	-0,21	-0,43	-0,69	-0,94	-1,17	-1,39	3,83
01/04/2019 02:30:00	3,85	4,15	4,19	4,09	3,83	3,41	2,98	2,53	2,05	1,63	1,24	0,93	0,63	0,45	0,27	0,13	-0,01	-0,19	-0,37	-0,56	-0,75	3,71
01/04/2019 02:35:00	3,67	4,03	3,83	3,55	3,31	3,03	2,85	2,71	2,51	2,21	1,85	1,59	1,32	1,14	0,96	0,82	0,68	0,48	0,29	0,08	-0,12	3,79
01/04/2019 02:40:00	3,85	4,00	3,84	3,58	3,29	3,09	2,80	2,45	1,96	1,61	1,30	1,02	0,73	0,51	0,29	0,09	-0,11	-0,35	-0,59	-0,81	-1,03	3,68
01/04/2019 02:45:00	3,66	3,59	3,48	3,33	3,13	2,82	2,52	2,22	1,95	1,72	1,51	1,39	1,26	1,21	1,16	1,08	1,01	0,88	0,76	0,60	0,44	3,50
01/04/2019 02:50:00	3,53	3,58	3,36	3,08	2,85	2,66	2,50	2,34	2,14	1,90	1,64	1,44	1,23	1,10	0,96	0,84	0,71	0,53	0,35	0,15	-0,04	3,35
01/04/2019 02:55:00	3,54	3,44	3,29	3,10	2,83	2,47	2,07	1,69	1,40	1,17	0,99	0,90	0,81	0,80	0,78	0,73	0,68	0,58	0,48	0,33	0,19	3,09
01/04/2019 03:00:00	3,33	3,38	3,22	3,01	2,80	2,54	2,24	1,93	1,63	1,38	1,15	0,97	0,79	0,68	0,57	0,45	0,33	0,17	0,01	-0,17	-0,35	3,04
01/04/2019 03:05:00	3,18	3,13	2,98	2,76	2,48	2,19	1,74	1,28	0,95	0,56	0,14	-0,19	-0,51	-0,70	-0,89	-1,03	-1,16	-1,34	-1,51	-1,69	-1,87	3,03
01/04/2019 03:10:00	2,84	2,55	2,47	2,49	2,39	2,01	1,51	0,93	0,40	-0,09	-0,59	-1,03	-1,46	-1,73	-2,00	-2,18	-2,37	-2,57	-2,77	-2,95	-3,14	2,85
01/04/2019 03:15:00	2,44	2,38	2,06	1,67	1,25	0,80	0,32	-0,10	-0,42	-0,69	-0,93	-1,07	-1,20	-1,24	-1,28	-1,33	-1,38	-1,48	-1,58	-1,72	-1,86	2,56
01/04/2019 03:20:00	2,19	2,01	1,70	1,39	1,13	0,82	0,50	0,15	-0,23	-0,49	-0,72	-0,91	-1,10	-1,22	-1,34	-1,46	-1,58	-1,74	-1,91	-2,08	-2,25	2,27
01/04/2019 03:25:00	1,71	1,71	1,50	1,25	1,01	0,67	0,40	0,13	-0,18	-0,48	-0,79	-1,02	-1,26	-1,39	-1,52	-1,63	-1,73	-1,88	-2,04	-2,20	-2,37	2,03
01/04/2019 03:30:00	1,50	1,30	1,20	1,02	0,76	0,52	0,23	-0,07	-0,32	-0,61	-0,92	-1,11	-1,30	-1,37	-1,44	-1,50	-1,55	-1,66	-1,76	-1,90	-2,04	1,68
01/04/2019 03:35:00	1,31	1,13	0,90	0,66	0,44	0,21	0,03	-0,16	-0,39	-0,67	-0,98	-1,20	-1,42	-1,55	-1,67	-1,76	-1,86	-2,00	-2,15	-2,31	-2,47	1,46
01/04/2019 03:40:00	1,18	1,17	0,84	0,54	0,32	0,08	-0,14	-0,35	-0,60	-0,81	-1,03	-1,21	-1,39	-1,50	-1,61	-1,72	-1,83	-1,99	-2,15	-2,32	-2,49	1,30
01/04/2019 03:45:00	1,15	1,19	0,97	0,68	0,38	0,01	-0,34	-0,67	-0,95	-1,21	-1,48	-1,64	-1,81	-1,87	-1,93	-1,99	-2,05	-2,16	-2,27	-2,42	-2,56	1,20
01/04/2019 03:50:00	1,00	0,96	0,79	0,51	0,17	-0,13	-0,51	-0,86	-1,11	-1,39	-1,66	-1,82	-1,98	-2,03	-2,07	-2,11	-2,16	-2,25	-2,34	-2,48	-2,61	1,12
01/04/2019 03:55:00	1,03	0,90	0,63	0,32	0,02	-0,28	-0,56	-0,82	-1,08	-1,30	-1,52	-1,65	-1,78	-1,83	-1,88	-1,93	-1,99	-2,09	-2,20	-2,34	-2,49	1,01
01/04/2019 04:00:00	0,93	0,88	0,58	0,23	-0,05	-0,25	-0,46	-0,65	-0,84	-1,12	-1,43	-1,67	-1,91	-2,05	-2,18	-2,28	-2,38	-2,53	-2,69	-2,85	-3,02	0,96
01/04/2019 04:05:00	1,00	0,82	0,50	0,23	0,02	-0,23	-0,53	-0,83	-1,08	-1,38	-1,71	-1,98	-2,24	-2,39	-2,55	-2,66	-2,78	-2,94	-3,10	-3,26	-3,43	0,99
01/04/2019 04:10:00	0,98	0,77	0,48	0,21	-0,07	-0,46	-0,79	-1,11	-1,42	-1,69	-1,95	-2,12	-2,30	-2,37	-2,43	-2,49	-2,55	-2,66	-2,77	-2,91	-3,04	0,94
01/04/2019 04:15:00	0,79	0,81	0,64	0,36	0,01	-0,41	-0,80	-1,17	-1,51	-1,83	-2,13	-2,32	-2,51	-2,57	-2,64	-2,69	-2,74	-2,84	-2,94	-3,07	-3,21	0,90
01/04/2019 04:20:00	0,78	0,83	0,56	0,18	-0,20	-0,58	-0,87	-1,15	-1,44	-1,77	-2,10	-2,33	-2,55	-2,66	-2,76	-2,83	-2,89	-3,02	-3,14	-3,29	-3,44	0,78
01/04/2019 04:25:00	0,69	0,54	0,31	-0,01	-0,37	-0,73	-1,05	-1,41	-1,81	-2,14	-2,46	-2,70	-2,93	-3,05	-3,16	-3,25	-3,33	-3,46	-3,59	-3,74	-3,89	0,82
01/04/2019 04:30:00	0,76	0,68	0,36	-0,03	-0,39	-0,78	-1,13	-1,46	-1,79	-2,14	-2,51	-2,78	-3,04	-3,18	-3,32	-3,42	-3,51	-3,65	-3,79	-3,94	-4,10	0,73
01/04/2019 04:35:00	0,67	0,61	0,27	-0,11	-0,46	-0,75	-1,09	-1,44	-1,82	-2,16	-2,52	-2,82	-3,11	-3,29	-3,47	-3,59	-3,72	-3,89	-4,07	-4,24	-4,41	0,72
01/04/2019 04:40:00	0,68	0,50	0,20	-0,14	-0,49	-0,79	-1,19	-1,59	-1,93	-2,36	-2,81	-3,16	-3,52	-3,72	-3,91	-4,03	-4,15	-4,31	-4,47	-4,63	-4,79	0,69
01/04/2019 04:45:00	0,55	0,40	0,09	-0,25	-0,61	-0,98	-1,36	-1,78	-2,23	-2,63	-3,03	-3,35	-3,68	-3,86	-4,05	-4,17	-4,30	-4,46	-4,63	-4,79	-4,95	0,60
01/04/2019 04:50:00	0,59	0,53	0,19	-0,19	-0,60	-1,07	-1,57	-2,08	-2,57	-2,92	-3,25	-3,50	-3,75	-3,88	-4,01	-4,11	-4,21	-4,35	-4,49	-4,64	-4,79	0,57
01/04/2019 04:55:00	0,55	0,47	0,10	-0,33	-0,74	-1,14	-1,55	-1,97	-2,41	-2,76	-3,11	-3,38	-3,66	-3,81	-3,96	-4,07	-4,18	-4,33	-4,48	-4,64	-4,80	0,59
01/04/2019 05:00:00	0,53	0,44	0,19	-0,21	-0,69	-1,07	-1,58	-2,10	-2,56	-2,98	-3,40	-3,70	-4,01	-4,16	-4,31	-4,40	-4,49	-4,63	-4,76	-4,91	-5,06	0,45
01/04/2019 05:05:00	0,44	0,36	0,09	-0,32	-0,83	-1,37	-1,86	-2,32	-2,73	-3,16	-3,58	-3,85	-4,11	-4,20	-4,30	-4,34	-4,38	-4,46	-4,55	-4,68	-4,80	0,34
01/04/2019 05:10:00	0,40	0,25	0,03	-0,24	-0,61	-1,10	-1,61	-2,15	-2,68	-3,15	-3,60	-3,95	-4,30	-4,48	-4,66	-4,77	-4,88	-5,02	-5,16	-5,31	-5,46	0,11
01/04/2019 05:15:00	0,08	0,00	-0,20	-0,47	-0,84	-1,31	-1,85	-2,42	-2,93	-3,39	-3,84	-4,19	-4,54	-4,72	-4,89	-5,00	-5,11	-5,24	-5,38	-5,53	-5,67	0,03
01/04/2019 05:20:00	-0,06	-0,13	-0,35	-0,62	-0,98	-1,40	-1,92	-2,48	-3,00	-3,43	-3,86	-4,20	-4,54	-4,72	-4,90	-5,02	-5,14	-5,29	-5,44	-5,59	-5,74	-0,02
01/04/2019 05:25:00	-0,11	-0,18	-0,40	-0,73	-1,14	-1,52	-2,04	-2,60	-3,14	-3,52	-3,89	-4,18	-4,47	-4,62	-4,77	-4,88	-4,99	-5,13	-5,28	-5,43	-5,58	-0,13
01/04/2019 05:30:00	-0,15	-0,26	-0,53	-0,81	-1,06	-1,37	-1,82	-2,33	-2,83	-3,24	-3,68	-4,08	-4,47	-4,72	-4,97	-5,14	-5,31	-5,51	-5,71	-5,89	-6,06	-0,13
01/04/2019 05:35:00	-0,17	-0,25	-0,46	-0,74	-1,10	-1,54	-2,05	-2,59	-3,11	-3,51	-3,90	-4,20	-4,50	-4,65	-4,80	-4,90	-5,00	-5,14	-5,27	-5,41	-5,56	0,01
01/04/2019 05:40:00	-0,08	-0,12	-0,37	-0,68	-1,09	-1,57	-2,12	-2,69	-3,21	-3,66	-4,11	-4,45	-4,79	-4,97	-5,14	-5,25	-5,35	-5,49	-5,63	-5,78	-5,92	-0,05
01/04/2019 05:45:00	-0,16	-0,13	-0,38	-0,76	-1,23	-1,76	-2,30	-2,85	-3,35	-3,79	-4,22	-4,53	-4,84	-4,98	-5,13	-5,21	-5,29	-5,41	-5,53	-5,67	-5,80	-0,08
01/04/2019 05:50:00	-0,17	-0,42	-0,68	-0,93	-1,23	-1,63	-2,12	-2,62	-3,07	-3,54	-4,03	-4,42	-4,81	-5,02	-5,24	-5,36	-5,48	-5,63	-5,78	-5,93	-6,08	-0,11
01/04/2019 05:55:00	-0,11	-0,27	-0,67	-1,10	-1,45	-1,76	-2,09	-2,48	-2,91	-3,39	-3,93	-4,39	-4,85	-5,14	-5,44	-5,61	-5,79	-6,00	-6,21	-6,40	-6,58	-0,13
01/04/2019 06:00:00	-0,09	-0,22	-0,59	-1,04	-1,52	-2,01	-2,55	-3,06	-3,52	-3,96	-4,41	-4,74	-5,07	-5,23	-5,39	-5,48	-5,57	-5,69	-5,82	-5,96	-6,11	-0,08
01/04/2019 06:05:00	-0,02	-0,34	-0,69	-1,05	-1,46	-2,00	-2,50	-3,01	-3,48	-4,01	-4,57	-5,00	-5,42	-5,63	-5,85	-5,95	-6,05	-6,19	-6,32	-6,47	-6,61	0,07
01/04/2019 06:10:00	0,02	-0,15	-0,60	-1,07	-1,53	-2,00	-2,52	-3,04	-3,51	-3,97	-4,46	-4,85	-5,23	-5,45	-5,66	-5,79	-5,91	-6,07	-6,23	-6,39	-6,54	0,04
01/04/2019 06:15:00	-0,05	-0,30	-0,58	-0,93	-1,38	-1,89	-2,48	-3,11	-3,69	-4,18	-4,67	-5,05	-5,42	-5,61	-5,80	-5,91	-6,02	-6,16	-6,30	-6,44	-6,58	-0,07
01/04/2019 06:20:00	-0,12	-0,21	-0,58	-1,06	-1,57	-2,04	-2,58	-3,13	-3,65	-4,14	-4,63	-5,02	-5,40	-5,61	-5,82	-5,94	-6,06	-6,22	-6,37	-6,53	-6,68	-0,12
01/04/2019 06:25:00	-0,15	-0,38	-0,70	-1,03	-1,40	-1,81	-2,37	-2,98	-3,56	-4,12	-4,71	-5,22	-5,72	-6,02	-6,33	-6,51	-6,68	-6,88	-7,08	-7,26	-7,43	-0,08
01/04/2019 06:30:00	-0,07	-0,24	-0,52	-0,93	-1,50	-2,17	-2,79	-3,43	-4,03	-4,52	-4,98	-5,29	-5,59	-5,71	-5,83	-5,88	-5,93	-6,02	-6,11	-6,23	-6,35	-0,06
01/04/2019 06:35:00	-0,10	-0,39	-0,67	-0,96	-1,33	-1,83	-2,43	-3,07	-3,68	-4,23	-4,80	-5,27	-5,73	-5,99	-6,25	-6,40	-6,55	-6,71	-6,88	-7,04	-7,19	-0,09
01/04/2019 06:40:00	-0,17	-0,30	-0,64	-0,98	-1,42	-2,03	-2,64	-3,31	-3,98	-4,45	-4,89	-5,25	-5,62	-5,81	-6,00	-6,13	-6,25	-6,40	-6,55	-6,70	-6,85	-0,14
01/04/2019 06:45:00	-0,25	-0,35	-0,67	-1,10	-1,59	-2,10	-2,66	-3,24	-3,80	-4,33	-4,87	-5,28	-5,70	-5,92	-6,15	-6,27	-6,38	-6,54	-6,69	-6,84	-6,99	-0,14
01/04/2019 06:50:00	-0,27	-0,52	-0,80	-1,10	-1,46	-1,85	-2,39	-3,00	-3,61	-4,13	-4,67	-5,13	-5,60	-5,87	-6,15	-6,31	-6,48	-6,67	-6,85	-7,02	-7,19	-0,25
01/04/2019 06:55:00	-0,17	-0,54	-0,80	-1,02	-1,30	-1,69	-2,19	-2,78	-3,36	-3,95	-4,59	-5,13	-5,67	-6,00	-6,33	-6,51	-6,69	-6,90	-7,10	-7,27	-7,44	-0,26
01/04/2019 07:00:00	-0,25	-0,53	-0,79	-1,05	-1,39	-1,78	-2,32	-2,94	-3,55	-4,12	-4,72	-5,22	-5,73	-6,04	-6,34	-6,52	-6,70	-6,90	-7,09	-7,26	-7,43	-0,25
01/04/2019 07:05:00	-0,24	-0,41	-0,75	-1,12	-1,49	-1,84	-2,35	-2,89	-3,38	-3,93	-4,54	-5,05	-5,56	-5,87	-6,18	-6,35	-6,53	-6,73	-6,93	-7,11	-7,28	-0,22
01/04/2019 07:10:00	-0,25	-0,43	-0,76	-1,04	-1,32	-1,79	-2,31	-2,90	-3,50	-4,09	-4,73	-5,29	-5,85	-6,21	-6,56	-6,77	-6,97	-7,20	-7,42	-7,60	-7,79	-0,14
01/04/2019 07:15:00	-0,26	-0,51	-0,78	-1,11	-1,53	-2,01	-2,61	-3,29	-3,96	-4,45	-4,94	-5,35	-5,76	-5,99	-6,21	-6,36	-6,50	-6,66	-6,83	-6,98	-7,13	-0,19
01/04/2019 07:20:00	-0,21	-0,47	-0,71	-0,99	-1,38	-1,84	-2,43	-3,11	-3,78	-4,32	-4,87	-5,32	-5,78	-6,04	-6,31	-6,46	-6,62	-6,80	-6,98	-7,14	-7,30	-0,19
01/04/2019 07:25:00	-0,22	-0,44	-0,71	-1,06	-1,51	-1,97	-2,56	-3,19	-3,77	-4,32	-4,89	-5,33	-5,77	-6,01	-6,25	-6,38	-6,50	-6,66	-6,81	-6,97	-7,12	-0,21
01/04/2019 07:30:00	-0,10	-0,33	-0,62	-0,98	-1,41	-1,84	-2,47	-3,13	-3,70	-4,29	-4,91	-5,41	-5,90	-6,19	-6,47	-6,63	-6,78	-6,96	-7,13	-7,29	-7,45	-0,07
01/04/2019 07:35:00	-0,10	-0,33	-0,64	-1,02	-1,46	-1,92	-2,53	-3,17	-3,73	-4,32	-4,93	-5,42	-5,92	-6,20	-6,48	-6,62	-6,77	-6,94	-7,12	-7,28	-7,43	-0,16
01/04/2019 07:40:00	-0,14	-0,32	-0,66	-1,04	-1,47	-1,99	-2,51	-3,06	-3,58	-4,14	-4,72	-5,18	-5,63	-5,89	-6,14	-6,27	-6,40	-6,57	-6,73	-6,89	-7,04	-0,16
01/04/2019 07:45:00	-0,21	-0,35	-0,76	-1,12	-1,44	-1,86	-2,38	-2,93	-3,44	-3,98	-4,56	-5,08	-5,59	-5,92	-6,24	-6,43	-6,62	-6,83	-7,05	-7,23	-7,41	-0,11
01/04/2019 07:50:00	-0,12	-0,32	-0,66	-0,99	-1,34	-1,75	-2,23	-2,79	-3,39	-3,98	-4,60	-5,15	-5,70	-6,05	-6,40	-6,60	-6,80	-7,03	-7,25	-7,44	-7,62	-0,15
01/04/2019 07:55:00	-0,02	-0,45	-0,72	-0,99	-1,34	-1,73	-2,33	-2,98	-3,54	-4,15	-4,79	-5,31	-5,84	-6,14	-6,45	-6,61	-6,77	-6,95	-7,13	-7,29	-7,45	-0,11
01/04/2019 08:00:00	-0,12	-0,30	-0,58	-0,90	-1,29	-1,75	-2,34	-2,99	-3,61	-4,15	-4,70	-5,15	-5,61	-5,88	-6,15	-6,31	-6,47	-6,66	-6,84	-7,00	-7,17	-0,03
01/04/2019 08:05:00	-0,03	-0,36	-0,72	-1,07	-1,42	-1,75	-2,23	-2,78	-3,34	-3,88	-4,47	-4,99	-5,50	-5,83	-6,15	-6,34	-6,53	-6,75	-6,96	-7,15	-7,33	-0,01
01/04/2019 08:10:00	-0,01	-0,16	-0,51	-0,89	-1,32	-1,80	-2,41	-3,03	-3,59	-4,16	-4,76	-5,25	-5,74	-6,02	-6,31	-6,46	-6,62	-6,80	-6,98	-7,15	-7,31	0,03
01/04/2019 08:15:00	0,00	-0,24	-0,58	-0,92	-1,31	-1,77	-2,37	-3,00	-3,55	-4,11	-4,70	-5,18	-5,66	-5,94	-6,22	-6,38	-6,54	-6,72	-6,90	-7,06	-7,22	0,01
01/04/2019 08:20:00	0,04	-0,21	-0,53	-0,83	-1,16	-1,60	-2,20	-2,85	-3,43	-4,03	-4,68	-5,23	-5,79	-6,13	-6,47	-6,66	-6,85	-7,06	-7,26	-7,44	-7,61	0,11
01/04/2019 08:25:00	0,14	-0,23	-0,57	-0,89	-1,24	-1,66	-2,20	-2,80	-3,38	-3,95	-4,55	-5,06	-5,56	-5,87	-6,18	-6,36	-6,53	-6,73	-6,93	-7,10	-7,27	0,16
01/04/2019 08:30:00	0,15	-0,13	-0,49	-0,85	-1,22	-1,62	-2,11	-2,67	-3,26	-3,86	-4,52	-5,09	-5,65	-6,01	-6,36	-6,56	-6,76	-6,99	-7,21	-7,39	-7,58	0,14
01/04/2019 08:35:00	0,21	-0,10	-0,36	-0,63	-0,99	-1,44	-2,10	-2,80	-3,42	-4,06	-4,74	-5,30	-5,87	-6,20	-6,53	-6,72	-6,90	-7,09	-7,29	-7,46	-7,63	0,23
01/04/2019 08:40:00	0,21	-0,02	-0,35	-0,74	-1,20	-1,63	-2,14	-2,70	-3,26	-3,91	-4,60	-5,16	-5,73	-6,06	-6,40	-6,57	-6,74	-6,94	-7,14	-7,32	-7,49	0,19
01/04/2019 08:45:00	0,18	0,01	-0,34	-0,70	-1,09	-1,51	-2,09	-2,74	-3,38	-3,99	-4,65	-5,23	-5,80	-6,17	-6,54	-6,75	-6,96	-7,20	-7,43	-7,62	-7,81	0,21
01/04/2019 08:50:00	0,24	0,03	-0,30	-0,68	-1,11	-1,62	-2,16	-2,75	-3,32	-3,94	-4,59	-5,12	-5,66	-5,97	-6,28	-6,44	-6,60	-6,79	-6,98	-7,15	-7,32	0,24
01/04/2019 08:55:00	0,24	0,02	-0,31	-0,69	-1,15	-1,68	-2,31	-2,97	-3,61	-4,19	-4,80	-5,29	-5,78	-6,06	-6,34	-6,49	-6,65	-6,83	-7,00	-7,17	-7,33	0,28
01/04/2019 09:00:00	0,26	0,01	-0,38	-0,81	-1,24	-1,70	-2,25	-2,84	-3,42	-4,00	-4,63	-5,16	-5,68	-6,00	-6,32	-6,50	-6,67	-6,88	-7,08	-7,26	-7,43	0,30
01/04/2019 09:05:00	0,24	-0,02	-0,35	-0,76	-1,26	-1,77	-2,38	-3,03	-3,65	-4,26	-4,88	-5,37	-5,87	-6,14	-6,42	-6,56	-6,70	-6,88	-7,05	-7,21	-7,36	0,28
01/04/2019 09:10:00	0,31	0,01	-0,37	-0,82	-1,31	-1,78	-2,37	-2,96	-3,48	-4,03	-4,60	-5,04	-5,48	-5,72	-5,97	-6,09	-6,22	-6,37	-6,53	-6,69	-6,84	0,31
01/04/2019 09:15:00	0,46	0,02	-0,24	-0,53	-0,94	-1,41	-1,96	-2,57	-3,16	-3,80	-4,48	-5,01	-5,55	-5,85	-6,15	-6,30	-6,45	-6,62	-6,79	-6,95	-7,11	0,41
01/04/2019 09:20:00	0,45	0,03	-0,29	-0,50	-0,75	-1,19	-1,75	-2,39	-3,01	-3,63	-4,30	-4,88	-5,47	-5,84	-6,21	-6,42	-6,64	-6,86	-7,09	-7,27	-7,45	0,43
01/04/2019 09:25:00	0,56	0,20	-0,12	-0,43	-0,88	-1,47	-2,17	-2,91	-3,55	-4,13	-4,72	-5,18	-5,64	-5,88	-6,13	-6,25	-6,38	-6,53	-6,68	-6,83	-6,97	0,52
01/04/2019 09:30:00	0,59	0,36	-0,04	-0,42	-0,83	-1,29	-1,87	-2,51	-3,14	-3,73	-4,36	-4,91	-5,45	-5,79	-6,14	-6,34	-6,54	-6,76	-6,98	-7,17	-7,35	0,56
01/04/2019 09:35:00	0,66	0,29	-0,08	-0,37	-0,67	-1,09	-1,62	-2,26	-2,95	-3,56	-4,21	-4,80	-5,39	-5,78	-6,17	-6,41	-6,65	-6,90	-7,15	-7,35	-7,54	0,63
01/04/2019 09:40:00	0,68	0,39	0,01	-0,36	-0,80	-1,32	-1,94	-2,61	-3,23	-3,85	-4,51	-5,05	-5,59	-5,92	-6,24	-6,42	-6,59	-6,79	-6,99	-7,16	-7,33	0,62
01/04/2019 09:45:00	0,80	0,43	0,11	-0,20	-0,57	-1,02	-1,63	-2,31	-2,94	-3,57	-4,23	-4,80	-5,36	-5,71	-6,06	-6,26	-6,45	-6,67	-6,88	-7,06	-7,24	0,76
01/04/2019 09:50:00	0,79	0,40	0,13	-0,16	-0,57	-1,12	-1,72	-2,40	-3,08	-3,71	-4,37	-4,90	-5,43	-5,73	-6,04	-6,20	-6,37	-6,55	-6,73	-6,90	-7,06	0,82
01/04/2019 09:55:00	0,83	0,57	0,22	-0,15	-0,55	-1,02	-1,63	-2,30	-2,91	-3,54	-4,20	-4,77	-5,34	-5,69	-6,03	-6,23	-6,43	-6,65	-6,87	-7,05	-7,23	0,81
01/04/2019 10:00:00	0,80	0,54	0,25	-0,05	-0,46	-1,01	-1,74	-2,51	-3,18	-3,80	-4,44	-4,98	-5,51	-5,82	-6,13	-6,31	-6,49	-6,68	-6,87	-7,04	-7,21	0,86
01/04/2019 10:05:00	0,97	0,51	0,26	0,01	-0,37	-0,78	-1,45	-2,19	-2,81	-3,49	-4,23	-4,84	-5,45	-5,81	-6,18	-6,37	-6,56	-6,77	-6,97	-7,15	-7,32	1,16
01/04/2019 10:10:00	1,24	0,69	0,36	0,00	-0,44	-0,83	-1,41	-2,08	-2,74	-3,37	-4,03	-4,60	-5,16	-5,50	-5,85	-6,04	-6,23	-6,45	-6,66	-6,84	-7,02	1,74
01/04/2019 10:15:00	1,20	0,94	0,60	0,20	-0,30	-0,93	-1,55	-2,25	-3,03	-3,61	-4,17	-4,64	-5,10	-5,38	-5,65	-5,82	-5,99	-6,18	-6,37	-6,54	-6,71	1,36
01/04/2019 10:20:00	1,29	1,03	0,67	0,33	-0,09	-0,69	-1,34	-2,08	-2,84	-3,47	-4,10	-4,65	-5,20	-5,54	-5,88	-6,09	-6,29	-6,52	-6,74	-6,92	-7,11	1,20
01/04/2019 10:25:00	1,13	0,79	0,47	0,11	-0,31	-0,79	-1,43	-2,11	-2,73	-3,37	-4,05	-4,62	-5,19	-5,53	-5,87	-6,06	-6,25	-6,46	-6,66	-6,84	-7,02	1,14
01/04/2019 10:30:00	1,07	0,80	0,52	0,21	-0,22	-0,81	-1,55	-2,30	-2,92	-3,56	-4,23	-4,77	-5,30	-5,59	-5,89	-6,04	-6,19	-6,36	-6,53	-6,69	-6,85	1,14
01/04/2019 10:35:00	0,95	0,73	0,40	0,05	-0,38	-0,89	-1,53	-2,21	-2,86	-3,48	-4,13	-4,68	-5,23	-5,56	-5,89	-6,07	-6,26	-6,46	-6,67	-6,85	-7,03	1,02
01/04/2019 10:40:00	1,10	0,84	0,47	0,05	-0,46	-1,05	-1,76	-2,49	-3,10	-3,69	-4,29	-4,76	-5,23	-5,48	-5,74	-5,88	-6,01	-6,17	-6,34	-6,49	-6,65	1,27
01/04/2019 10:45:00	1,28	0,91	0,52	0,17	-0,24	-0,77	-1,41	-2,12	-2,78	-3,40	-4,06	-4,62	-5,18	-5,52	-5,86	-6,06	-6,26	-6,47	-6,69	-6,87	-7,05	1,53
01/04/2019 10:50:00	1,37	1,06	0,68	0,24	-0,27	-0,83	-1,42	-2,06	-2,72	-3,37	-4,04	-4,59	-5,14	-5,47	-5,80	-5,98	-6,16	-6,36	-6,57	-6,75	-6,93	1,59
01/04/2019 10:55:00	1,35	0,97	0,65	0,35	-0,06	-0,66	-1,30	-2,02	-2,73	-3,40	-4,08	-4,66	-5,23	-5,57	-5,91	-6,10	-6,29	-6,49	-6,70	-6,87	-7,04	1,38
01/04/2019 11:00:00	1,33	1,00	0,70	0,40	0,00	-0,48	-1,20	-1,98	-2,68	-3,33	-4,02	-4,62	-5,21	-5,57	-5,93	-6,14	-6,35	-6,58	-6,80	-6,98	-7,17	1,34
01/04/2019 11:05:00	1,44	1,04	0,70	0,38	0,03	-0,41	-1,01	-1,71	-2,40	-3,07	-3,78	-4,41	-5,04	-5,45	-5,86	-6,11	-6,35	-6,60	-6,86	-7,06	-7,26	1,39
01/04/2019 11:10:00	1,55	1,26	0,92	0,53	0,04	-0,63	-1,34	-2,10	-2,83	-3,45	-4,05	-4,55	-5,05	-5,33	-5,61	-5,77	-5,93	-6,12	-6,30	-6,47	-6,63	1,52
01/04/2019 11:15:00	1,59	1,42	1,11	0,70	0,14	-0,58	-1,39	-2,20	-2,88	-3,50	-4,11	-4,58	-5,04	-5,27	-5,51	-5,63	-5,75	-5,90	-6,05	-6,20	-6,34	1,65
01/04/2019 11:20:00	1,61	1,34	0,88	0,44	0,01	-0,53	-1,17	-1,85	-2,51	-3,07	-3,66	-4,19	-4,71	-5,04	-5,36	-5,57	-5,78	-6,00	-6,23	-6,42	-6,61	1,62
01/04/2019 11:25:00	1,69	1,42	1,09	0,71	0,19	-0,44	-1,20	-1,98	-2,63	-3,24	-3,85	-4,33	-4,81	-5,06	-5,32	-5,45	-5,59	-5,76	-5,92	-6,07	-6,23	1,74
01/04/2019 11:30:00	1,72	1,36	0,99	0,57	0,11	-0,35	-0,91	-1,55	-2,25	-2,90	-3,60	-4,21	-4,82	-5,20	-5,59	-5,82	-6,04	-6,29	-6,54	-6,74	-6,93	1,73
01/04/2019 11:35:00	1,71	1,43	1,08	0,68	0,22	-0,29	-0,96	-1,65	-2,26	-2,92	-3,65	-4,24	-4,84	-5,20	-5,55	-5,74	-5,94	-6,15	-6,37	-6,55	-6,73	1,98
01/04/2019 11:40:00	1,96	1,51	1,12	0,75	0,27	-0,35	-1,13	-1,95	-2,66	-3,24	-3,80	-4,27	-4,73	-4,99	-5,25	-5,41	-5,57	-5,74	-5,92	-6,08	-6,24	2,53
01/04/2019 11:45:00	1,97	1,58	1,21	0,80	0,28	-0,31	-1,07	-1,86	-2,50	-3,10	-3,72	-4,21	-4,70	-4,96	-5,23	-5,37	-5,52	-5,69	-5,85	-6,01	-6,17	2,15
01/04/2019 11:50:00	1,97	1,52	1,13	0,74	0,28	-0,27	-0,94	-1,68	-2,42	-3,04	-3,67	-4,21	-4,75	-5,09	-5,42	-5,62	-5,82	-6,04	-6,26	-6,44	-6,63	2,16
01/04/2019 11:55:00	1,79	1,42	1,06	0,76	0,37	-0,24	-0,91	-1,61	-2,23	-2,89	-3,59	-4,16	-4,73	-5,06	-5,39	-5,57	-5,75	-5,95	-6,15	-6,32	-6,49	2,03
01/04/2019 12:00:00	2,09	1,69	1,30	0,90	0,44	-0,12	-0,67	-1,28	-1,95	-2,58	-3,24	-3,79	-4,34	-4,67	-5,01	-5,20	-5,39	-5,61	-5,82	-6,01	-6,19	1,96
01/04/2019 12:05:00	2,15	1,78	1,41	1,10	0,73	0,17	-0,50	-1,23	-1,90	-2,57	-3,28	-3,89	-4,50	-4,88	-5,25	-5,47	-5,69	-5,92	-6,15	-6,34	-6,53	2,14
01/04/2019 12:10:00	2,17	1,76	1,40	1,02	0,55	-0,02	-0,75	-1,51	-2,11	-2,74	-3,40	-3,94	-4,47	-4,77	-5,07	-5,23	-5,39	-5,57	-5,76	-5,92	-6,09	2,41
01/04/2019 12:15:00	2,26	1,81	1,48	1,19	0,82	0,33	-0,34	-1,12	-1,87	-2,52	-3,18	-3,78	-4,37	-4,75	-5,13	-5,37	-5,60	-5,85	-6,10	-6,29	-6,49	2,32
01/04/2019 12:20:00	2,26	1,94	1,52	1,09	0,63	0,09	-0,57	-1,27	-1,90	-2,46	-3,04	-3,54	-4,04	-4,34	-4,64	-4,83	-5,02	-5,23	-5,44	-5,62	-5,80	2,41
01/04/2019 12:25:00	2,54	1,98	1,69	1,45	1,10	0,59	-0,10	-0,91	-1,70	-2,34	-2,96	-3,52	-4,08	-4,43	-4,79	-5,01	-5,24	-5,47	-5,70	-5,89	-6,08	2,98
01/04/2019 12:30:00	2,65	2,20	1,73	1,29	0,86	0,37	-0,26	-0,92	-1,44	-2,03	-2,68	-3,22	-3,76	-4,09	-4,41	-4,60	-4,79	-5,00	-5,21	-5,39	-5,58	3,10
01/04/2019 12:35:00	2,63	2,18	1,79	1,44	1,04	0,54	-0,12	-0,83	-1,48	-2,11	-2,79	-3,37	-3,95	-4,31	-4,68	-4,89	-5,11	-5,34	-5,58	-5,77	-5,96	2,59
01/04/2019 12:40:00	2,69	2,28	1,84	1,38	0,83	0,25	-0,35	-0,96	-1,59	-2,19	-2,81	-3,30	-3,79	-4,07	-4,36	-4,52	-4,67	-4,86	-5,05	-5,23	-5,40	2,93
01/04/2019 12:45:00	2,65	2,36	1,94	1,46	0,92	0,39	-0,25	-0,92	-1,54	-2,12	-2,71	-3,20	-3,70	-3,99	-4,28	-4,46	-4,64	-4,84	-5,05	-5,23	-5,41	2,76
01/04/2019 12:50:00	2,90	2,36	1,97	1,64	1,23	0,66	-0,07	-0,87	-1,58	-2,20	-2,83	-3,37	-3,91	-4,24	-4,57	-4,78	-4,98	-5,20	-5,41	-5,60	-5,78	4,20
01/04/2019 12:55:00	2,85	2,38	1,97	1,59	1,15	0,68	0,00	-0,74	-1,42	-2,00	-2,60	-3,13	-3,65	-3,98	-4,31	-4,52	-4,73	-4,96	-5,19	-5,38	-5,57	3,15
01/04/2019 13:00:00	2,93	2,42	1,95	1,53	1,10	0,61	0,08	-0,52	-1,19	-1,80	-2,43	-2,98	-3,54	-3,89	-4,25	-4,47	-4,69	-4,94	-5,18	-5,38	-5,58	3,14
01/04/2019 13:05:00	2,98	2,31	1,86	1,49	1,11	0,72	0,18	-0,44	-1,03	-1,65	-2,34	-2,94	-3,54	-3,93	-4,31	-4,55	-4,78	-5,03	-5,28	-5,48	-5,69	3,30
01/04/2019 13:10:00	3,04	2,55	2,11	1,67	1,18	0,76	0,16	-0,50	-1,10	-1,70	-2,33	-2,87	-3,41	-3,74	-4,08	-4,28	-4,49	-4,72	-4,95	-5,14	-5,33	3,64
01/04/2019 13:15:00	3,10	2,55	2,02	1,57	1,16	0,67	0,21	-0,29	-0,84	-1,42	-2,06	-2,61	-3,16	-3,51	-3,86	-4,07	-4,28	-4,52	-4,76	-4,96	-5,16	3,46
01/04/2019 13:20:00	3,07	2,54	2,12	1,75	1,36	0,92	0,36	-0,25	-0,82	-1,45	-2,16	-2,77	-3,37	-3,75	-4,14	-4,35	-4,57	-4,81	-5,05	-5,25	-5,45	3,46
01/04/2019 13:25:00	3,20	2,70	2,33	2,02	1,63	1,14	0,47	-0,27	-0,89	-1,53	-2,24	-2,83	-3,43	-3,80	-4,16	-4,38	-4,59	-4,82	-5,05	-5,24	-5,43	3,48
01/04/2019 13:30:00	3,22	2,67	2,27	1,91	1,52	1,01	0,48	-0,12	-0,75	-1,40	-2,11	-2,71	-3,32	-3,70	-4,08	-4,30	-4,52	-4,77	-5,01	-5,21	-5,41	3,87
01/04/2019 13:35:00	3,22	2,78	2,30	1,91	1,57	1,06	0,49	-0,13	-0,68	-1,28	-1,96	-2,55	-3,14	-3,52	-3,90	-4,13	-4,36	-4,61	-4,86	-5,06	-5,27	3,68
01/04/2019 13:40:00	3,39	2,80	2,26	1,85	1,50	1,10	0,59	0,01	-0,54	-1,12	-1,78	-2,37	-2,96	-3,36	-3,76	-4,01	-4,26	-4,52	-4,79	-5,01	-5,22	3,68
01/04/2019 13:45:00	3,49	2,84	2,42	2,05	1,64	1,24	0,68	0,04	-0,59	-1,20	-1,84	-2,40	-2,96	-3,32	-3,67	-3,89	-4,12	-4,36	-4,60	-4,80	-5,00	3,39
01/04/2019 13:50:00	3,58	3,00	2,63	2,33	1,98	1,50	0,90	0,22	-0,42	-1,08	-1,80	-2,43	-3,06	-3,45	-3,85	-4,09	-4,32	-4,57	-4,82	-5,02	-5,22	4,01
01/04/2019 13:55:00	3,56	3,12	2,66	2,24	1,79	1,21	0,62	0,00	-0,56	-1,19	-1,87	-2,44	-3,00	-3,34	-3,69	-3,88	-4,07	-4,29	-4,51	-4,70	-4,90	3,82
01/04/2019 14:00:00	3,67	3,20	2,75	2,31	1,84	1,29	0,67	0,00	-0,64	-1,24	-1,84	-2,36	-2,88	-3,20	-3,52	-3,71	-3,91	-4,14	-4,36	-4,55	-4,74	4,01
01/04/2019 14:05:00	3,68	3,16	2,68	2,29	1,95	1,48	0,92	0,33	-0,21	-0,83	-1,54	-2,16	-2,78	-3,18	-3,58	-3,82	-4,06	-4,32	-4,57	-4,78	-4,99	4,41
01/04/2019 14:10:00	3,62	3,11	2,70	2,44	2,16	1,73	1,17	0,50	-0,23	-0,86	-1,51	-2,13	-2,76	-3,19	-3,62	-3,91	-4,20	-4,49	-4,79	-5,02	-5,24	3,89
01/04/2019 14:15:00	3,75	3,25	2,88	2,60	2,29	1,83	1,16	0,43	-0,17	-0,80	-1,50	-2,11	-2,72	-3,11	-3,51	-3,75	-3,99	-4,24	-4,49	-4,69	-4,90	4,10
01/04/2019 14:20:00	3,89	3,41	3,04	2,67	2,23	1,76	1,17	0,50	-0,13	-0,80	-1,53	-2,15	-2,77	-3,17	-3,57	-3,80	-4,04	-4,29	-4,55	-4,75	-4,96	4,04
01/04/2019 14:25:00	3,95	3,53	3,17	2,86	2,47	1,88	1,22	0,51	-0,14	-0,78	-1,46	-2,03	-2,60	-2,95	-3,30	-3,51	-3,72	-3,95	-4,18	-4,38	-4,57	4,51
01/04/2019 14:30:00	4,07	3,48	3,04	2,69	2,33	1,90	1,37	0,78	0,22	-0,43	-1,18	-1,83	-2,48	-2,90	-3,32	-3,57	-3,82	-4,09	-4,35	-4,57	-4,78	4,96
01/04/2019 14:35:00	4,02	3,59	3,26	2,97	2,59	2,11	1,44	0,68	0,01	-0,66	-1,38	-2,00	-2,63	-3,03	-3,44	-3,68	-3,93	-4,19	-4,45	-4,66	-4,87	4,28
01/04/2019 14:40:00	4,15	3,58	3,29	3,05	2,65	2,03	1,32	0,56	-0,11	-0,75	-1,42	-1,95	-2,48	-2,79	-3,10	-3,27	-3,45	-3,65	-3,84	-4,02	-4,19	4,51
01/04/2019 14:45:00	4,13	3,64	3,34	3,09	2,73	2,22	1,57	0,84	0,14	-0,53	-1,22	-1,83	-2,43	-2,82	-3,20	-3,44	-3,67	-3,92	-4,17	-4,38	-4,58	4,62
01/04/2019 14:50:00	4,10	3,69	3,33	3,02	2,70	2,36	1,78	1,09	0,44	-0,22	-0,94	-1,62	-2,30	-2,77	-3,24	-3,54	-3,84	-4,15	-4,47	-4,70	-4,94	4,46
01/04/2019 14:55:00	4,22	3,77	3,32	2,96	2,63	2,17	1,67	1,11	0,52	-0,11	-0,82	-1,45	-2,08	-2,51	-2,94	-3,20	-3,46	-3,75	-4,03	-4,26	-4,48	4,85
01/04/2019 15:00:00	4,17	3,97	3,58	3,16	2,69	2,14	1,50	0,82	0,15	-0,44	-1,05	-1,57	-2,10	-2,44	-2,78	-3,00	-3,23	-3,48	-3,72	-3,93	-4,14	4,86
01/04/2019 15:05:00	4,10	3,87	3,58	3,24	2,80	2,23	1,55	0,81	0,14	-0,53	-1,24	-1,84	-2,44	-2,82	-3,19	-3,42	-3,64	-3,88	-4,13	-4,33	-4,54	4,63
01/04/2019 15:10:00	4,24	3,82	3,42	3,05	2,61	2,04	1,38	0,67	0,00	-0,63	-1,29	-1,85	-2,41	-2,76	-3,11	-3,33	-3,54	-3,78	-4,02	-4,22	-4,42	4,56
01/04/2019 15:15:00	4,13	3,59	3,19	2,89	2,56	2,12	1,51	0,82	0,16	-0,47	-1,13	-1,73	-2,34	-2,74	-3,15	-3,41	-3,67	-3,94	-4,22	-4,43	-4,65	4,68
01/04/2019 15:20:00	4,02	3,70	3,31	2,93	2,53	2,14	1,55	0,88	0,26	-0,34	-0,99	-1,58	-2,17	-2,57	-2,96	-3,22	-3,48	-3,76	-4,04	-4,27	-4,49	4,90
01/04/2019 15:25:00	4,18	3,77	3,41	3,00	2,54	2,14	1,55	0,87	0,21	-0,40	-1,04	-1,61	-2,18	-2,55	-2,93	-3,17	-3,41	-3,67	-3,93	-4,15	-4,36	4,55
01/04/2019 15:30:00	4,24	3,72	3,36	3,07	2,69	2,22	1,57	0,84	0,17	-0,47	-1,16	-1,76	-2,37	-2,76	-3,14	-3,38	-3,62	-3,88	-4,13	-4,34	-4,55	4,89
01/04/2019 15:35:00	4,18	3,86	3,51	3,16	2,72	2,14	1,51	0,81	0,03	-0,62	-1,26	-1,83	-2,40	-2,77	-3,14	-3,38	-3,62	-3,88	-4,14	-4,36	-4,57	4,83
01/04/2019 15:40:00	4,14	3,80	3,34	2,92	2,55	2,13	1,60	1,00	0,38	-0,23	-0,89	-1,51	-2,12	-2,55	-2,97	-3,25	-3,52	-3,82	-4,12	-4,35	-4,58	4,52
01/04/2019 15:45:00	4,22	4,00	3,60	3,13	2,61	2,08	1,41	0,72	0,17	-0,47	-1,19	-1,79	-2,38	-2,75	-3,11	-3,32	-3,53	-3,77	-4,01	-4,21	-4,42	4,43
01/04/2019 15:50:00	4,22	3,88	3,55	3,23	2,82	2,29	1,58	0,79	0,05	-0,61	-1,26	-1,85	-2,43	-2,82	-3,20	-3,45	-3,69	-3,96	-4,22	-4,43	-4,64	4,06
01/04/2019 15:55:00	4,23	3,80	3,31	2,89	2,56	2,26	1,79	1,23	0,69	0,07	-0,67	-1,35	-2,03	-2,51	-2,99	-3,29	-3,60	-3,92	-4,24	-4,49	-4,73	4,57
01/04/2019 16:00:00	3,99	3,71	3,46	3,14	2,67	2,15	1,55	0,89	0,19	-0,50	-1,22	-1,82	-2,43	-2,81	-3,19	-3,41	-3,64	-3,89	-4,13	-4,34	-4,55	4,15
01/04/2019 16:05:00	3,98	3,83	3,55	3,22	2,80	2,27	1,62	0,90	0,20	-0,47	-1,16	-1,78	-2,39	-2,79	-3,18	-3,43	-3,68	-3,95	-4,22	-4,43	-4,65	4,68
01/04/2019 16:10:00	4,16	3,94	3,60	3,25	2,81	2,21	1,51	0,78	0,10	-0,53	-1,19	-1,75	-2,31	-2,66	-3,01	-3,23	-3,45	-3,68	-3,92	-4,12	-4,33	3,96
01/04/2019 16:15:00	4,34	4,03	3,64	3,22	2,74	2,13	1,48	0,79	0,07	-0,54	-1,14	-1,66	-2,18	-2,51	-2,84	-3,05	-3,26	-3,50	-3,74	-3,94	-4,14	4,96
01/04/2019 16:20:00	4,20	3,98	3,59	3,22	2,81	2,28	1,59	0,86	0,24	-0,37	-1,03	-1,60	-2,17	-2,54	-2,90	-3,14	-3,37	-3,62	-3,88	-4,09	-4,30	4,50
01/04/2019 16:25:00	4,34	3,94	3,55	3,13	2,66	2,14	1,62	1,05	0,36	-0,27	-0,93	-1,50	-2,07	-2,44	-2,82	-3,05	-3,28	-3,54	-3,80	-4,01	-4,23	4,90
01/04/2019 16:30:00	4,29	3,94	3,57	3,22	2,82	2,27	1,63	0,95	0,35	-0,27	-0,94	-1,50	-2,07	-2,42	-2,78	-3,00	-3,21	-3,45	-3,69	-3,89	-4,09	4,26
01/04/2019 16:35:00	4,07	3,87	3,57	3,25	2,90	2,49	1,89	1,19	0,51	-0,12	-0,78	-1,39	-2,00	-2,42	-2,84	-3,12	-3,39	-3,69	-3,98	-4,21	-4,44	4,07
01/04/2019 16:40:00	4,24	3,99	3,61	3,21	2,75	2,21	1,54	0,82	0,14	-0,44	-1,00	-1,49	-1,98	-2,30	-2,62	-2,83	-3,05	-3,29	-3,53	-3,73	-3,94	3,90
01/04/2019 16:45:00	4,23	3,99	3,73	3,41	2,98	2,46	1,78	1,05	0,40	-0,24	-0,91	-1,48	-2,04	-2,39	-2,75	-2,96	-3,18	-3,42	-3,65	-3,86	-4,06	4,03
01/04/2019 16:50:00	4,25	3,92	3,59	3,28	2,91	2,47	1,88	1,21	0,56	-0,04	-0,67	-1,24	-1,80	-2,17	-2,54	-2,79	-3,03	-3,30	-3,56	-3,78	-3,99	4,13
01/04/2019 16:55:00	4,29	3,93	3,68	3,45	3,12	2,57	1,92	1,19	0,50	-0,15	-0,83	-1,41	-2,00	-2,37	-2,74	-2,97	-3,20	-3,44	-3,69	-3,89	-4,10	4,78
01/04/2019 17:00:00	4,40	4,02	3,77	3,55	3,18	2,60	1,90	1,12	0,39	-0,26	-0,92	-1,48	-2,05	-2,40	-2,75	-2,97	-3,20	-3,44	-3,67	-3,87	-4,07	4,91
01/04/2019 17:05:00	4,36	4,04	3,77	3,47	3,08	2,67	2,03	1,28	0,62	-0,02	-0,69	-1,29	-1,88	-2,28	-2,68	-2,93	-3,19	-3,46	-3,73	-3,94	-4,16	4,20
01/04/2019 17:10:00	4,57	4,19	3,82	3,40	2,92	2,50	1,97	1,38	0,80	0,17	-0,51	-1,10	-1,69	-2,07	-2,45	-2,68	-2,91	-3,17	-3,43	-3,65	-3,87	4,90
01/04/2019 17:15:00	4,39	4,18	3,82	3,46	3,07	2,61	2,06	1,44	0,78	0,16	-0,51	-1,11	-1,71	-2,12	-2,52	-2,79	-3,06	-3,35	-3,63	-3,86	-4,09	4,11
01/04/2019 17:20:00	4,33	4,13	3,79	3,46	3,12	2,65	2,11	1,50	0,83	0,21	-0,44	-1,03	-1,63	-2,04	-2,46	-2,73	-3,01	-3,30	-3,59	-3,83	-4,06	3,83
01/04/2019 17:25:00	4,34	4,16	3,85	3,51	3,12	2,57	1,98	1,35	0,76	0,11	-0,60	-1,21	-1,81	-2,20	-2,58	-2,81	-3,04	-3,30	-3,55	-3,76	-3,98	4,09
01/04/2019 17:30:00	4,52	4,25	3,92	3,60	3,18	2,59	1,89	1,16	0,54	-0,09	-0,75	-1,30	-1,85	-2,19	-2,53	-2,73	-2,94	-3,17	-3,40	-3,59	-3,79	5,08
01/04/2019 17:35:00	4,54	4,14	3,85	3,62	3,32	2,85	2,21	1,48	0,81	0,18	-0,49	-1,09	-1,69	-2,08	-2,48	-2,73	-2,99	-3,26	-3,52	-3,74	-3,96	5,23
01/04/2019 17:40:00	4,68	4,27	3,93	3,63	3,29	2,80	2,20	1,52	0,86	0,24	-0,41	-0,99	-1,57	-1,95	-2,33	-2,58	-2,83	-3,10	-3,36	-3,58	-3,79	4,85
01/04/2019 17:45:00	4,64	4,28	3,97	3,67	3,31	2,90	2,33	1,66	0,97	0,34	-0,30	-0,89	-1,48	-1,89	-2,29	-2,56	-2,82	-3,11	-3,39	-3,62	-3,85	4,90
01/04/2019 17:50:00	4,66	4,39	4,07	3,72	3,28	2,73	2,00	1,23	0,57	-0,02	-0,62	-1,13	-1,64	-1,96	-2,27	-2,48	-2,69	-2,92	-3,14	-3,34	-3,54	5,15
01/04/2019 17:55:00	4,68	4,40	4,03	3,67	3,28	2,87	2,32	1,73	1,22	0,60	-0,13	-0,76	-1,39	-1,80	-2,21	-2,45	-2,70	-2,97	-3,24	-3,46	-3,68	4,76
01/04/2019 18:00:00	4,81	4,48	4,10	3,67	3,19	2,74	2,18	1,56	0,90	0,30	-0,32	-0,87	-1,42	-1,79	-2,15	-2,39	-2,64	-2,90	-3,17	-3,39	-3,61	5,09
01/04/2019 18:05:00	4,79	4,56	4,17	3,84	3,49	2,88	2,22	1,55	0,93	0,31	-0,36	-0,93	-1,51	-1,88	-2,25	-2,49	-2,72	-2,98	-3,23	-3,44	-3,66	5,18
01/04/2019 18:10:00	4,77	4,50	4,12	3,77	3,40	3,02	2,47	1,85	1,25	0,67	0,03	-0,55	-1,13	-1,53	-1,93	-2,19	-2,46	-2,75	-3,03	-3,27	-3,50	5,13
01/04/2019 18:15:00	4,78	4,63	4,21	3,73	3,26	2,78	2,21	1,63	1,12	0,58	-0,03	-0,53	-1,04	-1,37	-1,70	-1,91	-2,12	-2,36	-2,61	-2,82	-3,03	4,98
01/04/2019 18:20:00	4,82	4,62	4,26	3,83	3,40	2,99	2,46	1,88	1,30	0,71	0,07	-0,49	-1,06	-1,44	-1,82	-2,07	-2,32	-2,60	-2,88	-3,11	-3,34	4,88
01/04/2019 18:25:00	4,89	4,67	4,35	4,00	3,57	2,98	2,34	1,66	1,02	0,43	-0,19	-0,71	-1,23	-1,55	-1,87	-2,08	-2,29	-2,52	-2,76	-2,96	-3,17	4,93
01/04/2019 18:30:00	4,95	4,61	4,25	3,89	3,51	3,06	2,51	1,90	1,30	0,71	0,08	-0,48	-1,03	-1,41	-1,78	-2,02	-2,26	-2,53	-2,80	-3,02	-3,24	4,91
01/04/2019 18:35:00	4,89	4,62	4,34	4,02	3,60	3,10	2,46	1,75	1,12	0,52	-0,09	-0,61	-1,13	-1,47	-1,80	-2,01	-2,23	-2,47	-2,71	-2,92	-3,12	4,84
01/04/2019 18:40:00	4,88	4,59	4,30	4,02	3,67	3,24	2,66	2,00	1,36	0,73	0,07	-0,53	-1,12	-1,53	-1,93	-2,19	-2,45	-2,74	-3,02	-3,24	-3,47	4,42
01/04/2019 18:45:00	4,45	4,27	4,01	3,70	3,30	2,91	2,33	1,68	1,13	0,50	-0,22	-0,84	-1,46	-1,86	-2,26	-2,50	-2,74	-3,00	-3,26	-3,48	-3,70	4,50
01/04/2019 18:50:00	4,38	4,34	4,05	3,69	3,25	2,80	2,15	1,44	0,83	0,25	-0,36	-0,88	-1,41	-1,75	-2,10	-2,33	-2,55	-2,81	-3,06	-3,28	-3,49	4,36
01/04/2019 18:55:00	4,29	4,30	4,06	3,73	3,30	2,81	2,17	1,47	0,78	0,18	-0,42	-0,94	-1,47	-1,82	-2,17	-2,40	-2,64	-2,90	-3,16	-3,38	-3,60	4,26
01/04/2019 19:00:00	4,29	4,22	3,90	3,56	3,20	2,80	2,25	1,63	0,98	0,41	-0,17	-0,72	-1,26	-1,65	-2,03	-2,30	-2,57	-2,86	-3,15	-3,39	-3,62	3,98
01/04/2019 19:05:00	4,15	3,83	3,56	3,27	2,97	2,60	2,04	1,40	0,84	0,23	-0,45	-1,06	-1,67	-2,08	-2,48	-2,74	-3,00	-3,27	-3,54	-3,76	-3,98	3,94
01/04/2019 19:10:00	4,02	4,00	3,78	3,52	3,12	2,44	1,68	0,89	0,20	-0,41	-0,99	-1,47	-1,95	-2,24	-2,52	-2,71	-2,90	-3,10	-3,31	-3,49	-3,68	4,30
01/04/2019 19:15:00	4,04	3,99	3,70	3,28	2,74	2,26	1,59	0,88	0,25	-0,30	-0,85	-1,30	-1,75	-2,03	-2,31	-2,49	-2,67	-2,89	-3,10	-3,30	-3,49	4,33
01/04/2019 19:20:00	4,01	3,90	3,61	3,29	2,91	2,41	1,87	1,28	0,66	0,03	-0,63	-1,21	-1,78	-2,16	-2,54	-2,77	-3,01	-3,27	-3,54	-3,75	-3,97	4,23
01/04/2019 19:25:00	4,27	4,15	3,86	3,53	3,15	2,70	2,20	1,64	1,07	0,45	-0,24	-0,83	-1,42	-1,81	-2,20	-2,44	-2,68	-2,94	-3,21	-3,44	-3,66	4,28
01/04/2019 19:30:00	4,22	4,10	3,88	3,55	3,09	2,60	2,06	1,49	0,94	0,37	-0,24	-0,72	-1,20	-1,49	-1,78	-1,95	-2,12	-2,33	-2,53	-2,73	-2,92	4,05
01/04/2019 19:35:00	4,16	4,05	3,85	3,57	3,17	2,65	1,98	1,26	0,61	0,06	-0,47	-0,91	-1,36	-1,63	-1,90	-2,09	-2,28	-2,49	-2,71	-2,90	-3,09	3,85
01/04/2019 19:40:00	4,11	4,03	3,81	3,53	3,12	2,64	2,05	1,40	0,79	0,23	-0,35	-0,83	-1,32	-1,62	-1,92	-2,12	-2,32	-2,55	-2,78	-2,98	-3,18	3,66
01/04/2019 19:45:00	3,78	3,87	3,62	3,19	2,65	2,15	1,46	0,74	0,16	-0,39	-0,94	-1,39	-1,84	-2,11	-2,38	-2,56	-2,73	-2,94	-3,15	-3,34	-3,53	3,62
01/04/2019 19:50:00	3,54	3,57	3,28	2,95	2,61	2,14	1,55	0,92	0,34	-0,22	-0,83	-1,36	-1,90	-2,25	-2,61	-2,84	-3,08	-3,34	-3,60	-3,81	-4,03	3,56
01/04/2019 19:55:00	3,60	3,51	3,21	2,87	2,49	2,00	1,36	0,67	0,06	-0,48	-1,03	-1,51	-1,99	-2,29	-2,60	-2,81	-3,02	-3,25	-3,49	-3,69	-3,89	3,66
01/04/2019 20:00:00	3,55	3,51	3,26	2,97	2,61	2,12	1,50	0,84	0,22	-0,35	-0,95	-1,47	-1,99	-2,32	-2,66	-2,88	-3,10	-3,34	-3,59	-3,79	-4,00	3,55
01/04/2019 20:05:00	3,44	3,54	3,29	2,97	2,60	2,17	1,58	0,92	0,28	-0,28	-0,85	-1,37	-1,89	-2,25	-2,60	-2,84	-3,09	-3,36	-3,62	-3,84	-4,06	3,47
01/04/2019 20:10:00	3,27	3,39	3,24	2,99	2,64	2,20	1,63	1,01	0,44	-0,16	-0,81	-1,36	-1,91	-2,26	-2,61	-2,83	-3,05	-3,29	-3,54	-3,75	-3,96	3,23
01/04/2019 20:15:00	3,17	3,42	3,18	2,83	2,46	1,93	1,44	0,93	0,35	-0,19	-0,75	-1,23	-1,71	-2,03	-2,35	-2,56	-2,77	-3,01	-3,25	-3,46	-3,67	3,21
01/04/2019 20:20:00	3,22	3,31	3,10	2,83	2,46	1,98	1,30	0,60	0,00	-0,52	-1,03	-1,47	-1,91	-2,18	-2,45	-2,64	-2,83	-3,04	-3,26	-3,45	-3,64	3,18
01/04/2019 20:25:00	3,22	3,24	3,09	2,89	2,56	2,10	1,51	0,86	0,23	-0,34	-0,93	-1,43	-1,94	-2,26	-2,58	-2,80	-3,01	-3,25	-3,48	-3,68	-3,89	3,11
01/04/2019 20:30:00	3,08	3,23	2,99	2,63	2,21	1,79	1,27	0,72	0,20	-0,33	-0,91	-1,39	-1,88	-2,19	-2,50	-2,70	-2,90	-3,13	-3,36	-3,57	-3,77	3,15
01/04/2019 20:35:00	2,98	3,15	2,93	2,53	2,08	1,59	1,12	0,62	0,10	-0,43	-0,99	-1,45	-1,90	-2,18	-2,46	-2,64	-2,82	-3,03	-3,25	-3,44	-3,64	3,01
01/04/2019 20:40:00	3,04	3,11	3,00	2,78	2,42	1,91	1,34	0,73	0,12	-0,47	-1,06	-1,56	-2,05	-2,35	-2,65	-2,84	-3,03	-3,25	-3,46	-3,66	-3,85	3,15
01/04/2019 20:45:00	3,08	3,30	3,03	2,66	2,25	1,76	1,21	0,68	0,27	-0,22	-0,75	-1,17	-1,59	-1,84	-2,09	-2,25	-2,40	-2,60	-2,79	-2,98	-3,16	3,11
01/04/2019 20:50:00	3,14	3,17	3,04	2,81	2,43	1,95	1,38	0,77	0,21	-0,33	-0,87	-1,31	-1,75	-2,01	-2,26	-2,43	-2,60	-2,79	-2,99	-3,17	-3,36	3,16
01/04/2019 20:55:00	3,12	3,17	3,02	2,78	2,43	1,90	1,31	0,69	0,12	-0,40	-0,93	-1,35	-1,77	-2,03	-2,28	-2,44	-2,61	-2,80	-2,99	-3,17	-3,36	3,08
01/04/2019 21:00:00	3,05	3,12	2,96	2,77	2,53	2,14	1,56	0,90	0,29	-0,22	-0,73	-1,20	-1,68	-2,00	-2,32	-2,55	-2,78	-3,03	-3,28	-3,49	-3,70	3,02
01/04/2019 21:05:00	2,96	3,10	2,89	2,61	2,27	1,82	1,31	0,77	0,28	-0,26	-0,83	-1,31	-1,79	-2,09	-2,39	-2,58	-2,77	-3,00	-3,22	-3,42	-3,62	2,84
01/04/2019 21:10:00	2,90	2,98	2,87	2,68	2,36	1,79	1,20	0,59	0,01	-0,54	-1,09	-1,54	-1,98	-2,24	-2,50	-2,67	-2,83	-3,02	-3,21	-3,39	-3,57	2,76
01/04/2019 21:15:00	2,78	2,97	2,77	2,42	2,00	1,63	1,12	0,58	0,08	-0,41	-0,94	-1,37	-1,80	-2,08	-2,35	-2,53	-2,72	-2,93	-3,15	-3,35	-3,55	2,68
01/04/2019 21:20:00	2,74	2,59	2,54	2,44	2,16	1,80	1,20	0,54	-0,03	-0,58	-1,14	-1,60	-2,06	-2,34	-2,62	-2,80	-2,98	-3,18	-3,37	-3,56	-3,74	2,65
01/04/2019 21:25:00	2,53	2,51	2,36	2,15	1,84	1,35	0,83	0,29	-0,20	-0,70	-1,22	-1,62	-2,03	-2,26	-2,49	-2,63	-2,77	-2,95	-3,13	-3,30	-3,47	2,64
01/04/2019 21:30:00	2,50	2,53	2,37	2,18	1,91	1,56	1,06	0,50	-0,05	-0,55	-1,06	-1,52	-1,97	-2,26	-2,56	-2,76	-2,96	-3,19	-3,42	-3,62	-3,82	2,69
01/04/2019 21:35:00	2,60	2,65	2,39	2,08	1,74	1,38	0,93	0,45	0,02	-0,43	-0,91	-1,30	-1,70	-1,95	-2,20	-2,38	-2,55	-2,76	-2,96	-3,16	-3,35	2,66
01/04/2019 21:40:00	2,55	2,60	2,45	2,28	2,00	1,53	0,99	0,42	-0,12	-0,58	-1,03	-1,40	-1,77	-1,99	-2,21	-2,37	-2,53	-2,72	-2,90	-3,08	-3,26	2,41
01/04/2019 21:45:00	2,44	2,75	2,49	2,07	1,58	1,07	0,53	0,05	-0,36	-0,75	-1,14	-1,41	-1,68	-1,81	-1,95	-2,05	-2,14	-2,29	-2,43	-2,60	-2,76	2,32
01/04/2019 21:50:00	2,61	2,83	2,61	2,31	1,98	1,58	1,01	0,42	-0,05	-0,52	-1,03	-1,46	-1,88	-2,16	-2,43	-2,62	-2,81	-3,03	-3,25	-3,45	-3,64	2,24
01/04/2019 21:55:00	2,57	2,91	2,55	2,03	1,57	1,15	0,71	0,31	-0,04	-0,43	-0,87	-1,21	-1,55	-1,77	-1,98	-2,12	-2,27	-2,47	-2,66	-2,86	-3,05	2,39
01/04/2019 22:00:00	2,56	2,77	2,59	2,22	1,71	1,11	0,52	-0,06	-0,57	-1,04	-1,48	-1,79	-2,10	-2,24	-2,39	-2,48	-2,57	-2,71	-2,85	-3,00	-3,16	2,45
01/04/2019 22:05:00	2,51	2,70	2,46	2,09	1,63	1,07	0,47	-0,12	-0,63	-1,07	-1,48	-1,79	-2,10	-2,26	-2,42	-2,53	-2,64	-2,80	-2,95	-3,11	-3,28	2,51
01/04/2019 22:10:00	2,46	2,79	2,47	2,01	1,51	0,94	0,39	-0,13	-0,63	-1,05	-1,44	-1,74	-2,04	-2,20	-2,37	-2,49	-2,62	-2,79	-2,96	-3,13	-3,31	2,50
01/04/2019 22:15:00	2,38	2,64	2,32	1,87	1,44	0,93	0,41	-0,06	-0,44	-0,85	-1,27	-1,59	-1,91	-2,09	-2,27	-2,40	-2,52	-2,69	-2,85	-3,03	-3,20	2,41
01/04/2019 22:20:00	2,34	2,41	2,11	1,69	1,23	0,78	0,27	-0,21	-0,59	-0,99	-1,40	-1,69	-1,99	-2,14	-2,29	-2,39	-2,49	-2,63	-2,78	-2,94	-3,11	2,34
01/04/2019 22:25:00	2,30	2,37	2,11	1,76	1,34	0,82	0,25	-0,30	-0,75	-1,18	-1,60	-1,91	-2,23	-2,39	-2,55	-2,66	-2,77	-2,92	-3,07	-3,23	-3,39	2,20
01/04/2019 22:30:00	2,16	2,30	2,12	1,79	1,38	0,98	0,49	0,00	-0,46	-0,89	-1,32	-1,65	-1,98	-2,17	-2,35	-2,48	-2,61	-2,78	-2,95	-3,12	-3,30	2,09
01/04/2019 22:35:00	2,11	2,25	2,07	1,79	1,41	0,92	0,37	-0,20	-0,75	-1,13	-1,47	-1,73	-2,00	-2,14	-2,28	-2,41	-2,53	-2,69	-2,85	-3,01	-3,18	1,87
01/04/2019 22:40:00	1,89	1,94	1,83	1,64	1,35	1,03	0,59	0,10	-0,38	-0,83	-1,29	-1,67	-2,05	-2,28	-2,50	-2,66	-2,82	-3,01	-3,20	-3,38	-3,56	1,79
01/04/2019 22:45:00	1,75	2,00	1,87	1,59	1,19	0,79	0,36	-0,08	-0,50	-0,91	-1,33	-1,64	-1,94	-2,10	-2,27	-2,38	-2,48	-2,64	-2,79	-2,96	-3,13	1,86
01/04/2019 22:50:00	1,65	2,01	1,92	1,61	1,18	0,70	0,23	-0,25	-0,76	-1,13	-1,47	-1,71	-1,94	-2,06	-2,18	-2,27	-2,37	-2,51	-2,65	-2,81	-2,97	1,59
01/04/2019 22:55:00	1,57	1,83	1,73	1,47	1,11	0,63	0,14	-0,30	-0,65	-1,05	-1,45	-1,72	-1,98	-2,10	-2,22	-2,29	-2,36	-2,48	-2,59	-2,74	-2,89	1,69
01/04/2019 23:00:00	1,60	1,62	1,44	1,23	0,98	0,59	0,19	-0,21	-0,58	-0,94	-1,30	-1,58	-1,86	-2,01	-2,16	-2,27	-2,39	-2,54	-2,69	-2,85	-3,01	1,68
01/04/2019 23:05:00	1,58	1,67	1,50	1,25	0,94	0,56	0,23	-0,13	-0,53	-0,92	-1,32	-1,62	-1,93	-2,10	-2,27	-2,39	-2,51	-2,67	-2,83	-3,00	-3,17	1,65
01/04/2019 23:10:00	1,66	1,49	1,36	1,24	1,03	0,71	0,28	-0,19	-0,60	-1,02	-1,45	-1,80	-2,15	-2,34	-2,54	-2,67	-2,80	-2,97	-3,13	-3,30	-3,46	1,68
01/04/2019 23:15:00	1,45	1,51	1,28	0,96	0,65	0,32	-0,03	-0,36	-0,66	-0,96	-1,26	-1,48	-1,70	-1,81	-1,92	-2,02	-2,11	-2,25	-2,39	-2,55	-2,71	1,66
01/04/2019 23:20:00	1,52	1,57	1,34	0,98	0,60	0,29	0,02	-0,25	-0,61	-0,94	-1,27	-1,51	-1,76	-1,89	-2,03	-2,13	-2,23	-2,38	-2,53	-2,70	-2,87	1,47
01/04/2019 23:25:00	1,57	1,49	1,38	1,19	0,91	0,54	0,18	-0,24	-0,69	-1,05	-1,39	-1,64	-1,89	-2,03	-2,16	-2,26	-2,37	-2,51	-2,65	-2,81	-2,97	1,48
01/04/2019 23:30:00	1,50	1,64	1,43	1,14	0,82	0,42	0,03	-0,32	-0,64	-0,97	-1,31	-1,54	-1,77	-1,89	-2,00	-2,09	-2,18	-2,31	-2,45	-2,60	-2,76	1,27
01/04/2019 23:35:00	1,62	1,78	1,54	1,17	0,78	0,39	0,00	-0,37	-0,71	-1,03	-1,35	-1,57	-1,79	-1,90	-2,01	-2,10	-2,19	-2,33	-2,47	-2,63	-2,79	1,34
01/04/2019 23:40:00	1,33	1,49	1,25	0,91	0,60	0,29	0,07	-0,16	-0,45	-0,78	-1,13	-1,40	-1,67	-1,83	-1,99	-2,11	-2,23	-2,40	-2,57	-2,75	-2,93	1,45
01/04/2019 23:45:00	1,41	1,42	1,18	0,87	0,52	0,12	-0,22	-0,53	-0,82	-1,15	-1,49	-1,71	-1,93	-2,02	-2,12	-2,18	-2,24	-2,36	-2,48	-2,62	-2,77	1,38
01/04/2019 23:50:00	1,34	1,43	1,26	1,01	0,71	0,35	-0,06	-0,46	-0,79	-1,13	-1,48	-1,73	-1,98	-2,10	-2,23	-2,32	-2,42	-2,55	-2,69	-2,85	-3,00	1,34
01/04/2019 23:55:00	1,25	1,32	1,33	1,31	1,10	0,60	0,10	-0,40	-0,82	-1,21	-1,57	-1,81	-2,05	-2,14	-2,23	-2,29	-2,36	-2,46	-2,55	-2,69	-2,82	1,28
