FileFormat:0002.2 file with temperature of atmosphere
SN105HE102 RTK
local	GMT or Local
0	GMT-Local=[hours]
20	Height[m]
0	0	0	Longitude                [grd]               [min]               [sec]
0	0	0	Latitude                [grd]               [min]               [sec]
N	NS
56,45	Freq[GHz]
0,00	dTemostat[K]
0,150	MessErr[K]
0,248	//[grad/step]
version 14.4.20120406
MTP5HE102F5645K-38.60I70D222917+A1.1
Commentary:
SN105HE102
парабола ДНА = 2,5 град
НЕ102 - ПУ - ХВБ с ЦСД " S "
АЦП - 202 - 09 с контр.U пит.и М
оптопара серии - 2
Т out № 178 пл
БП LPS - 112
End Of Commentary

SYSTEM\alaska.dat
data time	0	50	100	150	200	250	300	350	400	450	500	550	600	650	700	750	800	850	900	950	1000	OutsideTemperature
07/12/2021 00:00:00	-4,03	-4,26	-4,81	-5,44	-5,90	-6,09	-6,07	-5,89	-5,68	-5,50	-5,28	-4,95	-4,62	-4,30	-3,97	-3,79	-3,61	-3,52	-3,43	-3,48	-3,52	-4,00
07/12/2021 00:05:00	-4,11	-4,51	-4,99	-5,50	-5,85	-5,98	-5,95	-5,85	-5,76	-5,63	-5,47	-5,22	-4,98	-4,73	-4,49	-4,36	-4,23	-4,18	-4,14	-4,20	-4,25	-4,03
07/12/2021 00:10:00	-4,12	-4,29	-4,80	-5,52	-6,15	-6,44	-6,56	-6,49	-6,35	-6,13	-5,82	-5,38	-4,94	-4,51	-4,08	-3,84	-3,59	-3,44	-3,30	-3,32	-3,33	-4,06
07/12/2021 00:15:00	-4,04	-4,50	-5,14	-5,70	-6,06	-6,32	-6,21	-5,96	-5,70	-5,53	-5,32	-5,01	-4,69	-4,37	-4,06	-3,87	-3,69	-3,60	-3,51	-3,54	-3,58	-4,09
07/12/2021 00:20:00	-4,08	-4,47	-5,00	-5,55	-5,97	-6,17	-6,19	-6,07	-5,94	-5,73	-5,48	-5,12	-4,77	-4,42	-4,08	-3,89	-3,71	-3,61	-3,51	-3,55	-3,59	-4,05
07/12/2021 00:25:00	-4,16	-4,58	-5,19	-5,86	-6,33	-6,47	-6,38	-6,15	-5,90	-5,71	-5,47	-5,13	-4,78	-4,44	-4,10	-3,91	-3,71	-3,61	-3,51	-3,55	-3,59	-4,11
07/12/2021 00:30:00	-4,09	-4,59	-5,09	-5,63	-6,05	-6,23	-6,29	-6,23	-6,14	-6,00	-5,82	-5,53	-5,24	-4,94	-4,64	-4,47	-4,29	-4,21	-4,12	-4,16	-4,20	-4,13
07/12/2021 00:35:00	-4,21	-4,63	-5,23	-5,86	-6,26	-6,27	-6,18	-5,94	-5,71	-5,62	-5,52	-5,32	-5,11	-4,90	-4,68	-4,54	-4,41	-4,37	-4,33	-4,40	-4,46	-4,19
07/12/2021 00:40:00	-4,32	-4,58	-5,15	-5,81	-6,32	-6,68	-6,68	-6,47	-6,19	-6,02	-5,79	-5,39	-4,99	-4,59	-4,19	-3,93	-3,68	-3,53	-3,38	-3,39	-3,40	-4,24
07/12/2021 00:45:00	-4,25	-4,56	-5,11	-5,78	-6,30	-6,57	-6,51	-6,30	-6,07	-5,88	-5,62	-5,23	-4,83	-4,44	-4,05	-3,81	-3,57	-3,44	-3,31	-3,33	-3,35	-4,28
07/12/2021 00:50:00	-4,29	-4,72	-5,30	-5,90	-6,28	-6,39	-6,30	-6,06	-5,80	-5,58	-5,33	-4,98	-4,64	-4,31	-3,98	-3,80	-3,62	-3,54	-3,45	-3,49	-3,53	-4,27
07/12/2021 00:55:00	-4,31	-4,76	-5,32	-5,87	-6,27	-6,49	-6,41	-6,19	-5,94	-5,70	-5,42	-5,01	-4,61	-4,23	-3,84	-3,62	-3,40	-3,28	-3,15	-3,18	-3,20	-4,28
07/12/2021 01:00:00	-4,30	-4,87	-5,38	-5,80	-6,03	-6,14	-6,11	-6,02	-5,92	-5,70	-5,46	-5,17	-4,89	-4,62	-4,36	-4,24	-4,11	-4,07	-4,02	-4,08	-4,13	-4,29
07/12/2021 01:05:00	-4,31	-4,74	-5,37	-6,02	-6,47	-6,68	-6,61	-6,42	-6,22	-5,97	-5,67	-5,29	-4,90	-4,54	-4,18	-3,98	-3,78	-3,68	-3,58	-3,62	-3,65	-4,33
07/12/2021 01:10:00	-4,39	-4,77	-5,38	-6,05	-6,46	-6,47	-6,40	-6,19	-5,96	-5,78	-5,59	-5,32	-5,05	-4,79	-4,53	-4,39	-4,25	-4,20	-4,15	-4,21	-4,27	-4,31
07/12/2021 01:15:00	-4,46	-4,74	-5,41	-6,13	-6,63	-6,86	-6,69	-6,39	-6,13	-5,97	-5,77	-5,44	-5,12	-4,80	-4,49	-4,29	-4,10	-4,01	-3,92	-3,97	-4,01	-4,35
07/12/2021 01:20:00	-4,35	-4,90	-5,51	-6,09	-6,45	-6,59	-6,39	-6,19	-6,08	-5,89	-5,69	-5,43	-5,16	-4,91	-4,66	-4,53	-4,40	-4,36	-4,32	-4,38	-4,44	-4,37
07/12/2021 01:25:00	-4,43	-4,87	-5,45	-6,08	-6,48	-6,53	-6,46	-6,24	-6,01	-5,90	-5,79	-5,56	-5,33	-5,09	-4,84	-4,70	-4,55	-4,49	-4,44	-4,49	-4,55	-4,41
07/12/2021 01:30:00	-4,40	-4,92	-5,49	-5,94	-6,19	-6,32	-6,22	-6,04	-5,86	-5,80	-5,72	-5,56	-5,40	-5,21	-5,02	-4,91	-4,80	-4,77	-4,74	-4,81	-4,87	-4,43
07/12/2021 01:35:00	-4,47	-4,86	-5,37	-5,93	-6,35	-6,54	-6,56	-6,47	-6,36	-6,19	-5,98	-5,67	-5,37	-5,06	-4,75	-4,57	-4,40	-4,32	-4,23	-4,27	-4,31	-4,43
07/12/2021 01:40:00	-4,46	-4,86	-5,43	-6,01	-6,42	-6,61	-6,52	-6,32	-6,13	-6,05	-5,94	-5,71	-5,48	-5,23	-4,97	-4,81	-4,65	-4,58	-4,51	-4,56	-4,60	-4,43
07/12/2021 01:45:00	-4,49	-4,84	-5,40	-5,94	-6,25	-6,31	-6,32	-6,15	-5,92	-5,86	-5,78	-5,61	-5,44	-5,24	-5,04	-4,92	-4,80	-4,77	-4,73	-4,79	-4,86	-4,45
07/12/2021 01:50:00	-4,48	-4,70	-5,33	-6,03	-6,48	-6,53	-6,42	-6,19	-6,02	-5,88	-5,74	-5,52	-5,29	-5,07	-4,85	-4,73	-4,61	-4,59	-4,56	-4,63	-4,71	-4,46
07/12/2021 01:55:00	-4,46	-4,82	-5,45	-6,10	-6,47	-6,43	-6,35	-6,10	-5,84	-5,62	-5,38	-5,07	-4,77	-4,50	-4,23	-4,09	-3,95	-3,91	-3,87	-3,93	-3,99	-4,48
07/12/2021 02:00:00	-4,55	-4,85	-5,34	-5,89	-6,23	-6,23	-6,01	-5,73	-5,52	-5,40	-5,26	-5,03	-4,80	-4,57	-4,35	-4,22	-4,09	-4,06	-4,02	-4,09	-4,16	-4,47
07/12/2021 02:05:00	-4,40	-5,07	-5,55	-5,88	-6,01	-6,01	-5,87	-5,67	-5,48	-5,27	-5,04	-4,77	-4,51	-4,26	-4,01	-3,89	-3,78	-3,74	-3,70	-3,76	-3,82	-4,46
07/12/2021 02:10:00	-4,52	-4,99	-5,48	-5,83	-5,84	-5,51	-5,19	-4,81	-4,51	-4,44	-4,42	-4,38	-4,34	-4,29	-4,25	-4,25	-4,24	-4,31	-4,38	-4,50	-4,62	-4,48
07/12/2021 02:15:00	-4,53	-4,85	-5,49	-6,06	-6,30	-6,17	-5,81	-5,41	-5,15	-4,88	-4,64	-4,38	-4,11	-3,90	-3,69	-3,61	-3,53	-3,53	-3,54	-3,64	-3,73	-4,49
07/12/2021 02:20:00	-4,49	-4,99	-5,52	-5,92	-6,09	-6,02	-5,88	-5,64	-5,42	-5,32	-5,23	-5,07	-4,92	-4,76	-4,60	-4,52	-4,44	-4,44	-4,44	-4,52	-4,60	-4,41
07/12/2021 02:25:00	-4,59	-4,96	-5,52	-6,07	-6,33	-6,26	-6,03	-5,80	-5,68	-5,48	-5,30	-5,10	-4,90	-4,72	-4,55	-4,49	-4,43	-4,45	-4,47	-4,56	-4,66	-4,51
07/12/2021 02:30:00	-4,51	-4,92	-5,48	-6,07	-6,43	-6,50	-6,27	-6,02	-5,87	-5,72	-5,57	-5,33	-5,10	-4,87	-4,64	-4,52	-4,39	-4,36	-4,33	-4,39	-4,46	-4,55
07/12/2021 02:35:00	-4,64	-4,99	-5,48	-6,09	-6,51	-6,55	-6,45	-6,25	-6,08	-5,96	-5,82	-5,57	-5,32	-5,07	-4,81	-4,66	-4,51	-4,45	-4,39	-4,44	-4,50	-4,59
07/12/2021 02:40:00	-4,73	-5,12	-5,65	-6,12	-6,40	-6,50	-6,44	-6,29	-6,15	-6,13	-6,10	-5,99	-5,88	-5,72	-5,57	-5,48	-5,39	-5,38	-5,36	-5,43	-5,51	-4,63
07/12/2021 02:45:00	-4,73	-5,07	-5,68	-6,21	-6,50	-6,68	-6,47	-6,25	-6,13	-6,11	-6,10	-6,02	-5,93	-5,80	-5,68	-5,60	-5,52	-5,53	-5,53	-5,61	-5,70	-4,63
07/12/2021 02:50:00	-4,65	-5,11	-5,61	-6,01	-6,27	-6,44	-6,49	-6,46	-6,40	-6,34	-6,26	-6,11	-5,96	-5,78	-5,60	-5,50	-5,40	-5,37	-5,35	-5,41	-5,47	-4,66
07/12/2021 02:55:00	-4,66	-5,18	-5,68	-6,11	-6,38	-6,49	-6,51	-6,42	-6,32	-6,38	-6,45	-6,41	-6,36	-6,25	-6,14	-6,06	-5,98	-5,97	-5,96	-6,03	-6,10	-4,65
07/12/2021 03:00:00	-4,68	-5,20	-5,65	-6,05	-6,34	-6,53	-6,67	-6,70	-6,66	-6,64	-6,59	-6,45	-6,30	-6,11	-5,91	-5,80	-5,68	-5,64	-5,59	-5,64	-5,69	-4,67
07/12/2021 03:05:00	-4,73	-5,06	-5,51	-6,01	-6,39	-6,55	-6,62	-6,63	-6,65	-6,61	-6,56	-6,42	-6,28	-6,10	-5,92	-5,82	-5,72	-5,70	-5,68	-5,74	-5,81	-4,68
07/12/2021 03:10:00	-4,78	-5,12	-5,64	-6,15	-6,54	-6,82	-7,04	-7,12	-7,12	-7,09	-7,02	-6,86	-6,71	-6,50	-6,30	-6,18	-6,06	-6,01	-5,97	-6,02	-6,07	-4,71
07/12/2021 03:15:00	-4,77	-5,17	-5,59	-6,01	-6,37	-6,67	-6,82	-6,91	-6,97	-7,03	-7,06	-6,97	-6,88	-6,71	-6,55	-6,44	-6,33	-6,29	-6,25	-6,30	-6,35	-4,73
07/12/2021 03:20:00	-4,81	-5,15	-5,69	-6,29	-6,72	-6,89	-6,90	-6,82	-6,77	-6,76	-6,75	-6,62	-6,49	-6,32	-6,14	-6,03	-5,92	-5,89	-5,86	-5,92	-5,98	-4,86
07/12/2021 03:25:00	-5,04	-5,38	-5,77	-6,15	-6,46	-6,74	-6,90	-6,93	-6,89	-6,94	-6,96	-6,85	-6,75	-6,56	-6,38	-6,25	-6,13	-6,07	-6,01	-6,06	-6,10	-5,04
07/12/2021 03:30:00	-5,10	-5,49	-5,94	-6,40	-6,74	-6,90	-6,94	-6,91	-6,88	-6,89	-6,89	-6,78	-6,67	-6,51	-6,34	-6,23	-6,12	-6,09	-6,06	-6,12	-6,18	-5,14
07/12/2021 03:35:00	-5,23	-5,44	-5,82	-6,33	-6,76	-6,99	-7,13	-7,20	-7,24	-7,19	-7,11	-6,91	-6,72	-6,49	-6,27	-6,13	-6,00	-5,95	-5,89	-5,94	-5,99	-5,19
07/12/2021 03:40:00	-5,25	-5,41	-5,87	-6,38	-6,75	-6,90	-7,00	-6,98	-6,92	-6,91	-6,89	-6,76	-6,63	-6,46	-6,29	-6,18	-6,08	-6,05	-6,02	-6,09	-6,15	-5,17
07/12/2021 03:45:00	-5,15	-5,37	-5,86	-6,37	-6,73	-6,96	-7,02	-7,04	-7,07	-7,01	-6,92	-6,77	-6,61	-6,43	-6,25	-6,16	-6,06	-6,04	-6,02	-6,09	-6,15	-5,19
07/12/2021 03:50:00	-5,23	-5,49	-5,92	-6,45	-6,86	-7,06	-7,16	-7,16	-7,12	-7,05	-6,95	-6,73	-6,52	-6,28	-6,03	-5,89	-5,74	-5,68	-5,62	-5,66	-5,71	-5,18
07/12/2021 03:55:00	-5,19	-5,58	-6,02	-6,37	-6,59	-6,76	-6,77	-6,74	-6,73	-6,69	-6,64	-6,53	-6,41	-6,26	-6,11	-6,04	-5,96	-5,95	-5,94	-6,01	-6,08	-5,11
07/12/2021 04:00:00	-5,17	-5,44	-5,88	-6,31	-6,62	-6,82	-7,05	-7,16	-7,20	-7,17	-7,13	-7,01	-6,88	-6,71	-6,55	-6,46	-6,37	-6,35	-6,32	-6,38	-6,44	-5,12
07/12/2021 04:05:00	-5,12	-5,46	-5,90	-6,37	-6,73	-6,93	-6,99	-7,03	-7,09	-7,08	-7,06	-6,95	-6,84	-6,69	-6,53	-6,44	-6,36	-6,34	-6,32	-6,39	-6,45	-5,14
07/12/2021 04:10:00	-5,21	-5,57	-5,92	-6,29	-6,64	-6,96	-7,08	-7,21	-7,35	-7,38	-7,37	-7,26	-7,15	-6,98	-6,80	-6,70	-6,60	-6,56	-6,52	-6,57	-6,62	-5,18
07/12/2021 04:15:00	-5,17	-5,49	-5,92	-6,30	-6,58	-6,79	-6,81	-6,78	-6,76	-6,88	-6,99	-6,99	-6,99	-6,90	-6,81	-6,74	-6,66	-6,66	-6,65	-6,72	-6,79	-5,18
07/12/2021 04:20:00	-5,29	-5,54	-5,95	-6,46	-6,88	-7,12	-7,20	-7,26	-7,34	-7,28	-7,19	-7,02	-6,84	-6,63	-6,42	-6,30	-6,19	-6,15	-6,10	-6,16	-6,21	-5,14
07/12/2021 04:25:00	-5,11	-5,51	-5,91	-6,33	-6,65	-6,80	-6,92	-7,02	-7,12	-7,17	-7,21	-7,17	-7,13	-7,02	-6,91	-6,85	-6,79	-6,79	-6,79	-6,86	-6,94	-5,15
07/12/2021 04:30:00	-5,28	-5,40	-5,71	-6,18	-6,62	-6,97	-7,22	-7,36	-7,42	-7,53	-7,59	-7,50	-7,40	-7,22	-7,03	-6,90	-6,76	-6,70	-6,63	-6,67	-6,72	-5,14
07/12/2021 04:35:00	-5,20	-5,50	-5,86	-6,25	-6,61	-6,93	-7,14	-7,29	-7,39	-7,36	-7,30	-7,14	-6,98	-6,77	-6,56	-6,44	-6,32	-6,27	-6,21	-6,26	-6,30	-5,18
07/12/2021 04:40:00	-5,16	-5,45	-5,80	-6,19	-6,56	-6,88	-7,06	-7,16	-7,20	-7,19	-7,15	-6,97	-6,80	-6,57	-6,33	-6,19	-6,04	-5,97	-5,89	-5,93	-5,96	-5,16
07/12/2021 04:45:00	-5,08	-5,63	-6,00	-6,32	-6,54	-6,65	-6,72	-6,75	-6,77	-6,84	-6,90	-6,87	-6,83	-6,73	-6,62	-6,55	-6,48	-6,48	-6,47	-6,54	-6,60	-5,15
07/12/2021 04:50:00	-5,14	-5,53	-5,95	-6,45	-6,83	-6,99	-7,06	-7,08	-7,10	-7,09	-7,06	-6,93	-6,80	-6,62	-6,45	-6,34	-6,24	-6,20	-6,17	-6,23	-6,29	-5,09
07/12/2021 04:55:00	-5,04	-5,50	-5,83	-6,17	-6,48	-6,69	-6,86	-6,97	-7,05	-7,14	-7,20	-7,15	-7,09	-6,95	-6,81	-6,71	-6,62	-6,58	-6,55	-6,60	-6,66	-5,08
07/12/2021 05:00:00	-5,11	-5,46	-5,87	-6,29	-6,60	-6,72	-6,81	-6,84	-6,86	-6,97	-7,09	-7,10	-7,10	-7,03	-6,95	-6,89	-6,83	-6,83	-6,84	-6,91	-6,99	-5,06
07/12/2021 05:05:00	-5,11	-5,55	-5,99	-6,42	-6,69	-6,70	-6,75	-6,71	-6,66	-6,71	-6,76	-6,73	-6,69	-6,59	-6,49	-6,43	-6,36	-6,37	-6,37	-6,45	-6,52	-5,08
07/12/2021 05:10:00	-4,99	-5,54	-5,93	-6,27	-6,51	-6,62	-6,75	-6,84	-6,91	-7,00	-7,08	-7,08	-7,07	-6,99	-6,91	-6,86	-6,81	-6,82	-6,82	-6,90	-6,97	-5,01
07/12/2021 05:15:00	-5,05	-5,21	-5,64	-6,05	-6,37	-6,64	-6,80	-6,91	-7,01	-7,04	-7,07	-7,02	-6,97	-6,86	-6,75	-6,69	-6,63	-6,63	-6,64	-6,71	-6,79	-4,99
07/12/2021 05:20:00	-4,96	-5,33	-5,82	-6,22	-6,51	-6,79	-6,83	-6,86	-6,92	-6,96	-7,00	-6,95	-6,90	-6,79	-6,68	-6,61	-6,55	-6,55	-6,55	-6,62	-6,69	-4,98
07/12/2021 05:25:00	-5,00	-5,35	-5,74	-6,09	-6,32	-6,42	-6,46	-6,50	-6,59	-6,69	-6,81	-6,86	-6,91	-6,88	-6,85	-6,83	-6,82	-6,86	-6,90	-6,99	-7,09	-4,90
07/12/2021 05:30:00	-4,83	-5,32	-5,68	-5,96	-6,18	-6,33	-6,50	-6,60	-6,67	-6,81	-6,94	-6,97	-7,00	-6,94	-6,87	-6,82	-6,77	-6,78	-6,79	-6,86	-6,93	-4,89
07/12/2021 05:35:00	-4,85	-5,21	-5,52	-5,86	-6,15	-6,30	-6,51	-6,71	-6,89	-7,02	-7,15	-7,19	-7,23	-7,18	-7,13	-7,10	-7,07	-7,10	-7,12	-7,20	-7,29	-4,84
07/12/2021 05:40:00	-4,85	-4,88	-5,31	-5,82	-6,25	-6,59	-6,82	-6,99	-7,12	-7,18	-7,21	-7,14	-7,08	-6,94	-6,81	-6,73	-6,65	-6,64	-6,64	-6,71	-6,77	-4,79
07/12/2021 05:45:00	-4,71	-5,09	-5,43	-5,82	-6,15	-6,34	-6,39	-6,45	-6,55	-6,66	-6,77	-6,76	-6,75	-6,66	-6,56	-6,50	-6,43	-6,43	-6,43	-6,50	-6,58	-4,69
07/12/2021 05:50:00	-4,71	-5,15	-5,51	-5,73	-5,87	-6,05	-6,11	-6,19	-6,32	-6,52	-6,75	-6,90	-7,05	-7,08	-7,12	-7,13	-7,14	-7,20	-7,26	-7,36	-7,46	-4,68
07/12/2021 05:55:00	-4,61	-4,67	-5,09	-5,57	-6,00	-6,37	-6,59	-6,72	-6,81	-6,90	-6,96	-6,89	-6,83	-6,68	-6,54	-6,44	-6,35	-6,32	-6,29	-6,36	-6,42	-4,69
07/12/2021 06:00:00	-4,63	-4,87	-5,30	-5,76	-6,16	-6,45	-6,61	-6,69	-6,76	-6,88	-6,98	-6,96	-6,93	-6,82	-6,71	-6,62	-6,54	-6,52	-6,50	-6,57	-6,64	-4,63
07/12/2021 06:05:00	-4,61	-4,80	-5,16	-5,55	-5,86	-6,11	-6,21	-6,31	-6,42	-6,48	-6,54	-6,51	-6,48	-6,39	-6,30	-6,25	-6,20	-6,21	-6,23	-6,31	-6,39	-4,53
07/12/2021 06:10:00	-4,46	-4,85	-5,30	-5,59	-5,74	-5,90	-5,91	-5,95	-6,06	-6,22	-6,42	-6,56	-6,69	-6,74	-6,79	-6,82	-6,85	-6,94	-7,02	-7,13	-7,24	-4,49
07/12/2021 06:15:00	-4,44	-4,90	-5,34	-5,66	-5,86	-6,04	-6,21	-6,29	-6,31	-6,48	-6,65	-6,72	-6,80	-6,77	-6,74	-6,71	-6,68	-6,71	-6,73	-6,82	-6,90	-4,45
07/12/2021 06:20:00	-4,45	-4,85	-5,19	-5,53	-5,81	-5,96	-6,12	-6,27	-6,43	-6,53	-6,64	-6,65	-6,67	-6,61	-6,54	-6,51	-6,48	-6,50	-6,52	-6,60	-6,69	-4,48
07/12/2021 06:25:00	-4,47	-4,82	-5,20	-5,62	-5,93	-6,07	-6,23	-6,36	-6,46	-6,54	-6,62	-6,61	-6,60	-6,52	-6,45	-6,40	-6,36	-6,38	-6,40	-6,48	-6,56	-4,41
07/12/2021 06:30:00	-4,56	-4,82	-5,20	-5,64	-6,03	-6,31	-6,46	-6,53	-6,56	-6,64	-6,69	-6,61	-6,53	-6,37	-6,21	-6,10	-5,99	-5,95	-5,92	-5,97	-6,03	-4,46
07/12/2021 06:35:00	-4,36	-4,72	-5,15	-5,58	-5,95	-6,24	-6,43	-6,51	-6,52	-6,61	-6,67	-6,60	-6,53	-6,38	-6,22	-6,11	-6,00	-5,96	-5,92	-5,98	-6,03	-4,39
07/12/2021 06:40:00	-4,37	-4,82	-5,24	-5,63	-5,89	-6,00	-6,07	-6,12	-6,19	-6,40	-6,63	-6,76	-6,89	-6,91	-6,93	-6,93	-6,92	-6,97	-7,03	-7,12	-7,22	-4,38
07/12/2021 06:45:00	-4,40	-4,64	-5,11	-5,61	-5,97	-6,21	-6,25	-6,29	-6,39	-6,48	-6,58	-6,59	-6,60	-6,54	-6,47	-6,43	-6,39	-6,42	-6,45	-6,54	-6,63	-4,35
07/12/2021 06:50:00	-4,32	-4,59	-4,89	-5,24	-5,65	-6,04	-6,46	-6,77	-6,96	-7,10	-7,19	-7,14	-7,09	-6,94	-6,78	-6,68	-6,57	-6,53	-6,48	-6,53	-6,57	-4,37
07/12/2021 06:55:00	-4,35	-4,77	-5,08	-5,42	-5,78	-6,19	-6,41	-6,71	-7,04	-7,14	-7,21	-7,19	-7,17	-7,07	-6,96	-6,91	-6,85	-6,85	-6,85	-6,92	-6,99	-4,38
07/12/2021 07:00:00	-4,43	-4,70	-5,06	-5,47	-5,85	-6,15	-6,53	-6,79	-6,92	-7,08	-7,22	-7,23	-7,23	-7,14	-7,04	-6,97	-6,89	-6,88	-6,87	-6,93	-6,99	-4,37
07/12/2021 07:05:00	-4,39	-4,81	-5,07	-5,32	-5,61	-5,92	-6,25	-6,55	-6,79	-6,98	-7,14	-7,19	-7,24	-7,17	-7,11	-7,06	-7,01	-7,01	-7,02	-7,08	-7,15	-4,38
07/12/2021 07:10:00	-4,43	-4,83	-5,07	-5,35	-5,60	-5,78	-6,10	-6,34	-6,49	-6,70	-6,90	-6,99	-7,09	-7,06	-7,03	-7,00	-6,97	-6,99	-7,00	-7,08	-7,16	-4,37
07/12/2021 07:15:00	-4,45	-4,70	-5,08	-5,45	-5,72	-5,91	-6,03	-6,18	-6,38	-6,53	-6,71	-6,81	-6,92	-6,94	-6,96	-6,97	-6,99	-7,06	-7,13	-7,23	-7,34	-4,38
07/12/2021 07:20:00	-4,32	-4,89	-5,12	-5,19	-5,24	-5,36	-5,55	-5,74	-5,91	-6,20	-6,50	-6,72	-6,94	-7,03	-7,11	-7,14	-7,18	-7,25	-7,32	-7,42	-7,52	-4,36
07/12/2021 07:25:00	-4,37	-4,62	-4,77	-4,89	-5,07	-5,36	-5,69	-6,02	-6,30	-6,54	-6,78	-6,91	-7,05	-7,06	-7,07	-7,07	-7,07	-7,11	-7,15	-7,24	-7,33	-4,36
07/12/2021 07:30:00	-4,31	-4,59	-4,82	-5,06	-5,31	-5,54	-5,87	-6,14	-6,33	-6,47	-6,58	-6,60	-6,63	-6,55	-6,48	-6,44	-6,40	-6,41	-6,42	-6,50	-6,57	-4,31
07/12/2021 07:35:00	-4,24	-4,50	-4,77	-5,00	-5,19	-5,31	-5,52	-5,67	-5,79	-6,02	-6,26	-6,40	-6,53	-6,56	-6,58	-6,59	-6,59	-6,65	-6,70	-6,80	-6,90	-4,29
07/12/2021 07:40:00	-4,28	-4,46	-4,73	-4,99	-5,19	-5,37	-5,52	-5,69	-5,89	-6,07	-6,26	-6,38	-6,50	-6,53	-6,55	-6,57	-6,59	-6,66	-6,73	-6,84	-6,95	-4,26
07/12/2021 07:45:00	-4,30	-4,47	-4,56	-4,76	-5,05	-5,32	-5,63	-5,95	-6,24	-6,42	-6,57	-6,61	-6,65	-6,58	-6,52	-6,47	-6,43	-6,44	-6,45	-6,52	-6,59	-4,21
07/12/2021 07:50:00	-4,23	-4,35	-4,65	-4,99	-5,28	-5,45	-5,64	-5,79	-5,93	-6,01	-6,10	-6,10	-6,10	-6,04	-5,97	-5,94	-5,91	-5,94	-5,97	-6,06	-6,15	-4,14
07/12/2021 07:55:00	-4,15	-4,37	-4,61	-4,83	-5,02	-5,19	-5,41	-5,60	-5,75	-5,90	-6,06	-6,13	-6,20	-6,19	-6,17	-6,17	-6,16	-6,21	-6,25	-6,35	-6,44	-4,10
07/12/2021 08:00:00	-4,07	-4,33	-4,54	-4,81	-5,10	-5,32	-5,52	-5,72	-5,91	-6,07	-6,21	-6,25	-6,28	-6,22	-6,16	-6,12	-6,08	-6,09	-6,11	-6,19	-6,27	-4,06
07/12/2021 08:05:00	-4,19	-4,21	-4,46	-4,72	-4,94	-5,21	-5,37	-5,53	-5,69	-5,89	-6,09	-6,19	-6,30	-6,31	-6,31	-6,31	-6,31	-6,37	-6,42	-6,52	-6,62	-4,04
07/12/2021 08:10:00	-3,99	-4,30	-4,43	-4,59	-4,79	-4,96	-5,16	-5,45	-5,77	-5,96	-6,15	-6,26	-6,37	-6,39	-6,40	-6,42	-6,44	-6,51	-6,57	-6,67	-6,77	-3,98
07/12/2021 08:15:00	-3,94	-4,18	-4,48	-4,82	-5,08	-5,16	-5,23	-5,32	-5,45	-5,57	-5,71	-5,77	-5,84	-5,82	-5,81	-5,81	-5,81	-5,87	-5,93	-6,03	-6,14	-3,93
07/12/2021 08:20:00	-3,89	-4,18	-4,39	-4,69	-4,99	-5,14	-5,42	-5,70	-5,94	-6,03	-6,10	-6,10	-6,10	-6,03	-5,95	-5,93	-5,90	-5,92	-5,95	-6,04	-6,12	-3,88
07/12/2021 08:25:00	-3,84	-4,08	-4,46	-4,78	-5,03	-5,23	-5,45	-5,61	-5,76	-5,91	-6,06	-6,13	-6,21	-6,19	-6,18	-6,17	-6,17	-6,22	-6,27	-6,37	-6,46	-3,82
07/12/2021 08:30:00	-3,87	-4,16	-4,41	-4,52	-4,60	-4,83	-5,08	-5,39	-5,71	-5,95	-6,23	-6,46	-6,68	-6,80	-6,91	-6,99	-7,07	-7,18	-7,29	-7,41	-7,54	-3,78
07/12/2021 08:35:00	-3,78	-4,06	-4,37	-4,70	-4,98	-5,15	-5,34	-5,56	-5,83	-6,03	-6,24	-6,38	-6,52	-6,56	-6,60	-6,63	-6,65	-6,73	-6,81	-6,92	-7,04	-3,73
07/12/2021 08:40:00	-3,71	-4,02	-4,52	-5,00	-5,29	-5,37	-5,41	-5,39	-5,37	-5,53	-5,71	-5,80	-5,89	-5,90	-5,91	-5,90	-5,90	-5,96	-6,03	-6,14	-6,25	-3,69
07/12/2021 08:45:00	-3,74	-4,02	-4,26	-4,44	-4,61	-4,88	-5,13	-5,38	-5,60	-5,91	-6,24	-6,46	-6,68	-6,76	-6,84	-6,87	-6,91	-6,98	-7,05	-7,16	-7,27	-3,69
07/12/2021 08:50:00	-3,75	-3,96	-4,23	-4,58	-4,94	-5,24	-5,61	-5,96	-6,26	-6,40	-6,51	-6,54	-6,57	-6,51	-6,45	-6,42	-6,40	-6,42	-6,45	-6,53	-6,62	-3,64
07/12/2021 08:55:00	-3,68	-3,88	-4,18	-4,58	-5,02	-5,45	-5,86	-6,22	-6,51	-6,66	-6,78	-6,78	-6,78	-6,68	-6,57	-6,51	-6,44	-6,43	-6,43	-6,49	-6,56	-3,63
07/12/2021 09:00:00	-3,61	-3,92	-4,24	-4,58	-4,93	-5,24	-5,58	-5,87	-6,10	-6,42	-6,73	-6,91	-7,09	-7,12	-7,15	-7,14	-7,13	-7,17	-7,21	-7,30	-7,39	-3,61
07/12/2021 09:05:00	-3,60	-3,99	-4,26	-4,55	-4,90	-5,28	-5,71	-6,09	-6,39	-6,57	-6,72	-6,76	-6,80	-6,72	-6,65	-6,60	-6,55	-6,55	-6,55	-6,61	-6,68	-3,60
07/12/2021 09:10:00	-3,63	-3,90	-4,16	-4,47	-4,85	-5,27	-5,65	-5,96	-6,18	-6,46	-6,70	-6,78	-6,87	-6,82	-6,76	-6,70	-6,64	-6,64	-6,63	-6,70	-6,76	-3,58
07/12/2021 09:15:00	-3,52	-3,78	-4,07	-4,30	-4,49	-4,73	-5,00	-5,32	-5,65	-5,91	-6,18	-6,40	-6,62	-6,72	-6,82	-6,89	-6,96	-7,06	-7,17	-7,29	-7,41	-3,55
07/12/2021 09:20:00	-3,42	-3,67	-4,09	-4,56	-4,97	-5,29	-5,60	-5,80	-5,92	-6,18	-6,42	-6,53	-6,64	-6,63	-6,61	-6,57	-6,54	-6,56	-6,58	-6,67	-6,75	-3,48
07/12/2021 09:25:00	-3,45	-3,56	-3,84	-4,17	-4,54	-4,98	-5,39	-5,82	-6,22	-6,47	-6,70	-6,83	-6,97	-6,98	-7,00	-7,01	-7,01	-7,07	-7,12	-7,22	-7,32	-3,46
07/12/2021 09:30:00	-3,46	-3,61	-3,90	-4,26	-4,62	-4,92	-5,27	-5,63	-5,98	-6,34	-6,70	-6,96	-7,22	-7,33	-7,44	-7,49	-7,54	-7,63	-7,72	-7,84	-7,96	-3,44
07/12/2021 09:35:00	-3,43	-3,40	-3,73	-4,25	-4,82	-5,30	-5,77	-6,16	-6,50	-6,84	-7,17	-7,33	-7,49	-7,49	-7,49	-7,46	-7,43	-7,46	-7,49	-7,57	-7,66	-3,41
07/12/2021 09:40:00	-3,38	-3,40	-3,88	-4,28	-4,65	-5,23	-5,71	-6,20	-6,67	-6,92	-7,17	-7,36	-7,55	-7,62	-7,69	-7,74	-7,79	-7,89	-7,98	-8,09	-8,20	-3,33
07/12/2021 09:45:00	-3,09	-3,51	-3,89	-4,26	-4,72	-5,33	-5,86	-6,37	-6,81	-7,14	-7,43	-7,58	-7,73	-7,73	-7,72	-7,70	-7,67	-7,69	-7,71	-7,78	-7,85	-3,11
07/12/2021 09:50:00	-2,97	-3,34	-3,83	-4,33	-4,79	-5,26	-5,79	-6,25	-6,60	-6,97	-7,34	-7,59	-7,84	-7,91	-7,99	-8,01	-8,03	-8,10	-8,16	-8,26	-8,36	-2,83
07/12/2021 09:55:00	-2,71	-3,27	-3,64	-4,04	-4,50	-5,05	-5,53	-6,04	-6,49	-6,96	-7,42	-7,72	-8,02	-8,11	-8,21	-8,23	-8,24	-8,30	-8,35	-8,45	-8,54	-2,67
07/12/2021 10:00:00	-2,61	-2,73	-3,32	-4,01	-4,62	-5,08	-5,60	-6,03	-6,39	-6,78	-7,18	-7,45	-7,73	-7,83	-7,94	-7,98	-8,02	-8,11	-8,20	-8,31	-8,43	-2,58
07/12/2021 10:05:00	-2,48	-2,90	-3,25	-3,73	-4,31	-4,92	-5,57	-6,21	-6,77	-7,16	-7,52	-7,74	-7,95	-7,99	-8,02	-8,02	-8,02	-8,05	-8,09	-8,17	-8,26	-2,39
07/12/2021 10:10:00	-2,37	-2,78	-3,28	-3,79	-4,29	-4,80	-5,41	-5,97	-6,43	-6,83	-7,23	-7,51	-7,79	-7,90	-8,01	-8,05	-8,09	-8,18	-8,26	-8,36	-8,47	-2,34
07/12/2021 10:15:00	-2,32	-2,65	-3,23	-3,88	-4,48	-5,06	-5,59	-6,04	-6,38	-6,84	-7,30	-7,60	-7,89	-7,99	-8,09	-8,11	-8,12	-8,19	-8,25	-8,35	-8,45	-2,29
07/12/2021 10:20:00	-2,26	-2,84	-3,36	-3,79	-4,22	-4,81	-5,33	-5,87	-6,36	-6,85	-7,36	-7,73	-8,11	-8,28	-8,45	-8,52	-8,59	-8,69	-8,79	-8,90	-9,01	-2,29
07/12/2021 10:25:00	-2,36	-2,76	-3,25	-3,88	-4,50	-4,97	-5,56	-6,13	-6,63	-7,12	-7,60	-7,96	-8,31	-8,46	-8,61	-8,67	-8,72	-8,82	-8,92	-9,03	-9,15	-2,31
07/12/2021 10:30:00	-2,39	-2,86	-3,27	-3,73	-4,26	-4,78	-5,40	-6,03	-6,58	-7,08	-7,58	-7,94	-8,31	-8,46	-8,61	-8,67	-8,72	-8,81	-8,90	-9,01	-9,12	-2,38
07/12/2021 10:35:00	-2,41	-2,82	-3,38	-3,91	-4,41	-4,97	-5,50	-6,08	-6,67	-7,08	-7,50	-7,84	-8,18	-8,35	-8,52	-8,61	-8,71	-8,83	-8,96	-9,08	-9,21	-2,46
07/12/2021 10:40:00	-2,39	-2,89	-3,33	-3,82	-4,41	-5,02	-5,64	-6,30	-6,93	-7,40	-7,87	-8,19	-8,52	-8,65	-8,77	-8,82	-8,86	-8,94	-9,02	-9,12	-9,22	-2,44
07/12/2021 10:45:00	-2,46	-2,75	-3,24	-3,82	-4,47	-5,19	-5,87	-6,52	-7,08	-7,51	-7,92	-8,17	-8,42	-8,48	-8,55	-8,55	-8,56	-8,61	-8,66	-8,74	-8,83	-2,44
07/12/2021 10:50:00	-2,46	-2,85	-3,24	-3,77	-4,43	-5,18	-5,83	-6,50	-7,12	-7,60	-8,05	-8,32	-8,59	-8,65	-8,71	-8,70	-8,70	-8,73	-8,77	-8,85	-8,93	-2,47
07/12/2021 10:55:00	-2,47	-2,93	-3,38	-3,82	-4,31	-4,89	-5,64	-6,33	-6,84	-7,36	-7,88	-8,26	-8,63	-8,79	-8,94	-9,00	-9,05	-9,14	-9,22	-9,32	-9,42	-2,47
07/12/2021 11:00:00	-2,51	-2,91	-3,39	-3,88	-4,46	-5,21	-5,89	-6,61	-7,29	-7,70	-8,10	-8,38	-8,66	-8,75	-8,84	-8,88	-8,91	-8,99	-9,06	-9,15	-9,24	-2,54
07/12/2021 11:05:00	-2,49	-2,96	-3,33	-3,76	-4,32	-5,02	-5,77	-6,56	-7,27	-7,75	-8,20	-8,51	-8,83	-8,94	-9,05	-9,09	-9,13	-9,20	-9,27	-9,36	-9,46	-2,52
07/12/2021 11:10:00	-2,58	-3,07	-3,55	-4,00	-4,44	-4,94	-5,53	-6,20	-6,85	-7,32	-7,82	-8,24	-8,66	-8,89	-9,11	-9,24	-9,37	-9,52	-9,66	-9,80	-9,93	-2,55
07/12/2021 11:15:00	-2,60	-3,02	-3,54	-4,05	-4,54	-5,11	-5,72	-6,36	-6,95	-7,43	-7,92	-8,31	-8,71	-8,90	-9,10	-9,20	-9,30	-9,43	-9,56	-9,68	-9,81	-2,60
07/12/2021 11:20:00	-2,57	-3,03	-3,56	-4,08	-4,62	-5,19	-5,92	-6,67	-7,35	-7,74	-8,13	-8,43	-8,74	-8,88	-9,02	-9,10	-9,18	-9,29	-9,40	-9,51	-9,62	-2,57
07/12/2021 11:25:00	-2,59	-3,13	-3,69	-4,17	-4,61	-5,08	-5,69	-6,33	-6,92	-7,42	-7,95	-8,39	-8,84	-9,08	-9,33	-9,46	-9,59	-9,74	-9,89	-10,03	-10,16	-2,61
07/12/2021 11:30:00	-2,62	-2,88	-3,44	-4,08	-4,74	-5,36	-6,00	-6,58	-7,06	-7,57	-8,08	-8,42	-8,76	-8,89	-9,02	-9,05	-9,08	-9,16	-9,23	-9,34	-9,44	-2,63
07/12/2021 11:35:00	-2,67	-3,17	-3,55	-4,02	-4,64	-5,39	-6,16	-6,92	-7,55	-8,02	-8,45	-8,71	-8,97	-9,01	-9,06	-9,04	-9,03	-9,05	-9,07	-9,14	-9,21	-2,63
07/12/2021 11:40:00	-2,68	-3,13	-3,54	-4,08	-4,71	-5,30	-5,95	-6,59	-7,16	-7,70	-8,23	-8,60	-8,96	-9,09	-9,23	-9,26	-9,29	-9,36	-9,43	-9,52	-9,62	-2,72
07/12/2021 11:45:00	-2,78	-3,16	-3,58	-4,03	-4,55	-5,16	-5,92	-6,71	-7,43	-7,87	-8,32	-8,66	-9,00	-9,15	-9,30	-9,37	-9,45	-9,55	-9,66	-9,76	-9,87	-2,76
07/12/2021 11:50:00	-2,81	-3,17	-3,64	-4,18	-4,77	-5,43	-6,21	-6,94	-7,55	-8,01	-8,46	-8,78	-9,09	-9,20	-9,31	-9,34	-9,38	-9,45	-9,52	-9,61	-9,70	-2,79
07/12/2021 11:55:00	-2,83	-3,21	-3,74	-4,34	-4,93	-5,45	-6,07	-6,63	-7,08	-7,61	-8,15	-8,54	-8,93	-9,10	-9,28	-9,33	-9,39	-9,48	-9,58	-9,69	-9,80	-2,81
07/12/2021 12:00:00	-2,84	-3,02	-3,55	-4,17	-4,82	-5,50	-6,25	-6,92	-7,45	-7,92	-8,38	-8,68	-8,98	-9,09	-9,19	-9,21	-9,24	-9,31	-9,37	-9,47	-9,56	-2,79
07/12/2021 12:05:00	-2,87	-3,27	-3,67	-4,11	-4,67	-5,37	-6,20	-6,97	-7,58	-8,05	-8,48	-8,78	-9,07	-9,15	-9,24	-9,25	-9,27	-9,32	-9,37	-9,45	-9,53	-2,85
07/12/2021 12:10:00	-2,84	-3,06	-3,54	-4,16	-4,82	-5,45	-6,06	-6,71	-7,36	-7,82	-8,29	-8,62	-8,96	-9,11	-9,25	-9,31	-9,37	-9,47	-9,57	-9,68	-9,80	-2,79
07/12/2021 12:15:00	-2,94	-3,23	-3,69	-4,24	-4,81	-5,41	-6,11	-6,76	-7,31	-7,79	-8,28	-8,63	-8,98	-9,11	-9,25	-9,30	-9,35	-9,43	-9,51	-9,62	-9,72	-2,84
07/12/2021 12:20:00	-2,81	-3,28	-3,79	-4,19	-4,61	-5,18	-5,95	-6,70	-7,32	-7,78	-8,24	-8,62	-9,00	-9,19	-9,37	-9,47	-9,57	-9,70	-9,82	-9,93	-10,05	-2,86
07/12/2021 12:25:00	-2,86	-3,15	-3,60	-4,11	-4,73	-5,50	-6,24	-6,96	-7,58	-8,09	-8,57	-8,88	-9,20	-9,30	-9,40	-9,42	-9,44	-9,49	-9,55	-9,63	-9,72	-2,87
07/12/2021 12:30:00	-2,93	-3,31	-3,77	-4,28	-4,84	-5,49	-6,14	-6,80	-7,40	-7,90	-8,40	-8,76	-9,12	-9,27	-9,41	-9,46	-9,51	-9,60	-9,68	-9,78	-9,88	-2,89
07/12/2021 12:35:00	-2,94	-3,31	-3,85	-4,46	-4,99	-5,39	-5,92	-6,41	-6,85	-7,43	-8,06	-8,55	-9,04	-9,31	-9,57	-9,68	-9,79	-9,93	-10,08	-10,22	-10,35	-2,85
07/12/2021 12:40:00	-2,89	-3,32	-3,84	-4,38	-4,94	-5,52	-6,19	-6,84	-7,40	-7,85	-8,30	-8,63	-8,96	-9,09	-9,22	-9,27	-9,33	-9,41	-9,50	-9,60	-9,70	-2,89
07/12/2021 12:45:00	-2,88	-3,27	-3,89	-4,54	-5,14	-5,62	-6,16	-6,69	-7,19	-7,66	-8,14	-8,51	-8,88	-9,06	-9,24	-9,32	-9,39	-9,51	-9,63	-9,75	-9,87	-2,88
07/12/2021 12:50:00	-2,94	-3,30	-3,85	-4,43	-5,03	-5,68	-6,32	-6,98	-7,61	-8,00	-8,38	-8,66	-8,95	-9,05	-9,16	-9,21	-9,26	-9,34	-9,43	-9,53	-9,63	-2,91
07/12/2021 12:55:00	-2,93	-3,38	-3,80	-4,20	-4,75	-5,63	-6,42	-7,22	-7,90	-8,41	-8,89	-9,20	-9,52	-9,61	-9,69	-9,70	-9,72	-9,76	-9,80	-9,87	-9,94	-2,89
07/12/2021 13:00:00	-2,87	-3,33	-3,91	-4,49	-5,06	-5,66	-6,22	-6,82	-7,42	-7,92	-8,45	-8,86	-9,26	-9,46	-9,66	-9,74	-9,83	-9,95	-10,06	-10,18	-10,30	-2,91
07/12/2021 13:05:00	-2,94	-3,35	-3,91	-4,47	-4,97	-5,37	-5,96	-6,59	-7,21	-7,68	-8,19	-8,62	-9,06	-9,31	-9,56	-9,70	-9,84	-10,01	-10,17	-10,32	-10,46	-2,93
07/12/2021 13:10:00	-3,02	-3,48	-3,78	-4,23	-4,83	-5,41	-6,18	-6,97	-7,66	-8,20	-8,73	-9,11	-9,48	-9,62	-9,76	-9,81	-9,85	-9,92	-9,99	-10,09	-10,18	-2,96
07/12/2021 13:15:00	-3,00	-3,50	-3,95	-4,36	-4,78	-5,27	-5,90	-6,57	-7,20	-7,70	-8,23	-8,67	-9,11	-9,33	-9,56	-9,68	-9,80	-9,94	-10,08	-10,20	-10,33	-2,98
07/12/2021 13:20:00	-3,02	-3,49	-3,85	-4,20	-4,63	-5,19	-5,91	-6,68	-7,39	-7,92	-8,46	-8,90	-9,34	-9,55	-9,77	-9,88	-9,99	-10,11	-10,24	-10,35	-10,47	-2,98
07/12/2021 13:25:00	-3,03	-3,45	-3,78	-4,23	-4,81	-5,40	-6,17	-6,95	-7,65	-8,18	-8,71	-9,10	-9,48	-9,64	-9,80	-9,86	-9,92	-10,00	-10,09	-10,19	-10,29	-2,99
07/12/2021 13:30:00	-3,09	-3,44	-3,83	-4,35	-4,92	-5,41	-6,13	-6,86	-7,49	-8,02	-8,56	-8,97	-9,38	-9,57	-9,76	-9,85	-9,93	-10,04	-10,15	-10,26	-10,38	-3,01
07/12/2021 13:35:00	-3,11	-3,45	-4,03	-4,61	-5,15	-5,76	-6,36	-6,95	-7,48	-7,98	-8,50	-8,89	-9,29	-9,48	-9,66	-9,74	-9,82	-9,93	-10,04	-10,15	-10,27	-3,02
07/12/2021 13:40:00	-3,10	-3,40	-3,85	-4,34	-4,92	-5,62	-6,20	-6,87	-7,57	-8,11	-8,65	-9,06	-9,46	-9,65	-9,83	-9,91	-9,98	-10,09	-10,19	-10,31	-10,42	-3,03
07/12/2021 13:45:00	-3,02	-3,52	-4,01	-4,45	-4,92	-5,55	-6,15	-6,78	-7,38	-7,95	-8,54	-8,99	-9,45	-9,67	-9,89	-9,98	-10,07	-10,18	-10,30	-10,41	-10,53	-3,04
07/12/2021 13:50:00	-3,04	-3,45	-3,84	-4,27	-4,85	-5,63	-6,37	-7,14	-7,85	-8,34	-8,81	-9,14	-9,46	-9,56	-9,66	-9,69	-9,72	-9,77	-9,83	-9,91	-10,00	-3,04
07/12/2021 13:55:00	-3,16	-3,35	-3,88	-4,45	-5,04	-5,67	-6,34	-6,97	-7,53	-8,04	-8,56	-8,94	-9,32	-9,49	-9,66	-9,73	-9,80	-9,90	-10,00	-10,11	-10,23	-3,09
07/12/2021 14:00:00	-3,01	-3,47	-3,94	-4,40	-4,94	-5,60	-6,23	-6,88	-7,48	-8,04	-8,59	-9,00	-9,41	-9,58	-9,76	-9,81	-9,87	-9,96	-10,05	-10,15	-10,26	-3,08
07/12/2021 14:05:00	-3,10	-3,43	-3,98	-4,60	-5,22	-5,82	-6,46	-7,08	-7,64	-8,13	-8,63	-9,00	-9,36	-9,51	-9,67	-9,72	-9,78	-9,87	-9,96	-10,07	-10,18	-3,09
07/12/2021 14:10:00	-3,09	-3,72	-4,15	-4,60	-5,06	-5,52	-6,09	-6,71	-7,29	-7,86	-8,47	-8,95	-9,43	-9,68	-9,93	-10,03	-10,14	-10,27	-10,40	-10,53	-10,65	-3,10
07/12/2021 14:15:00	-3,21	-3,60	-4,06	-4,54	-5,03	-5,54	-6,07	-6,68	-7,31	-7,86	-8,44	-8,92	-9,39	-9,64	-9,90	-10,02	-10,14	-10,28	-10,43	-10,57	-10,70	-3,11
07/12/2021 14:20:00	-3,19	-3,50	-4,00	-4,58	-5,20	-5,84	-6,46	-7,07	-7,63	-8,14	-8,65	-9,00	-9,35	-9,48	-9,62	-9,66	-9,69	-9,77	-9,85	-9,95	-10,05	-3,16
07/12/2021 14:25:00	-3,05	-3,58	-3,94	-4,28	-4,78	-5,52	-6,36	-7,26	-8,07	-8,52	-8,96	-9,28	-9,60	-9,72	-9,84	-9,89	-9,95	-10,02	-10,09	-10,18	-10,27	-3,12
07/12/2021 14:30:00	-3,09	-3,63	-4,06	-4,47	-4,92	-5,42	-6,17	-6,88	-7,45	-7,98	-8,53	-8,95	-9,37	-9,56	-9,75	-9,83	-9,91	-10,01	-10,12	-10,22	-10,33	-3,18
07/12/2021 14:35:00	-3,14	-3,66	-4,12	-4,62	-5,19	-5,79	-6,44	-7,06	-7,58	-8,14	-8,69	-9,07	-9,45	-9,59	-9,73	-9,76	-9,79	-9,86	-9,92	-10,01	-10,10	-3,15
07/12/2021 14:40:00	-3,23	-3,48	-3,93	-4,48	-5,08	-5,69	-6,41	-7,12	-7,76	-8,25	-8,75	-9,12	-9,48	-9,64	-9,80	-9,86	-9,93	-10,02	-10,12	-10,23	-10,33	-3,18
07/12/2021 14:45:00	-3,20	-3,52	-4,00	-4,55	-5,15	-5,77	-6,45	-7,07	-7,58	-8,18	-8,77	-9,18	-9,60	-9,77	-9,94	-9,98	-10,02	-10,10	-10,18	-10,27	-10,37	-3,16
07/12/2021 14:50:00	-3,19	-3,55	-4,09	-4,63	-5,17	-5,75	-6,39	-7,04	-7,65	-8,14	-8,65	-9,05	-9,45	-9,64	-9,84	-9,93	-10,02	-10,14	-10,26	-10,38	-10,50	-3,16
07/12/2021 14:55:00	-3,16	-3,61	-4,11	-4,64	-5,23	-5,90	-6,49	-7,14	-7,78	-8,26	-8,74	-9,08	-9,43	-9,56	-9,70	-9,74	-9,79	-9,87	-9,95	-10,05	-10,15	-3,19
07/12/2021 15:00:00	-3,14	-3,67	-4,10	-4,53	-5,00	-5,57	-6,27	-7,00	-7,66	-8,20	-8,76	-9,20	-9,64	-9,85	-10,06	-10,16	-10,26	-10,38	-10,50	-10,61	-10,73	-3,18
07/12/2021 15:05:00	-3,16	-3,71	-4,17	-4,61	-5,09	-5,60	-6,34	-7,04	-7,62	-8,16	-8,70	-9,12	-9,54	-9,73	-9,93	-10,01	-10,09	-10,19	-10,29	-10,40	-10,51	-3,18
07/12/2021 15:10:00	-3,25	-3,71	-4,10	-4,55	-5,04	-5,49	-6,22	-6,88	-7,40	-8,02	-8,67	-9,16	-9,65	-9,89	-10,13	-10,22	-10,30	-10,42	-10,53	-10,64	-10,75	-3,19
07/12/2021 15:15:00	-3,20	-3,67	-4,14	-4,60	-5,12	-5,75	-6,45	-7,11	-7,64	-8,19	-8,73	-9,12	-9,50	-9,65	-9,81	-9,85	-9,89	-9,96	-10,04	-10,13	-10,22	-3,19
07/12/2021 15:20:00	-3,17	-3,66	-4,03	-4,44	-4,93	-5,51	-6,15	-6,81	-7,40	-7,96	-8,53	-8,94	-9,36	-9,54	-9,72	-9,78	-9,84	-9,92	-10,01	-10,11	-10,21	-3,14
07/12/2021 15:25:00	-3,11	-3,71	-4,16	-4,61	-5,14	-5,70	-6,36	-7,03	-7,64	-8,16	-8,68	-9,05	-9,43	-9,59	-9,74	-9,80	-9,85	-9,94	-10,02	-10,12	-10,22	-3,21
07/12/2021 15:30:00	-3,33	-3,66	-4,05	-4,47	-4,96	-5,56	-6,20	-6,95	-7,70	-8,22	-8,76	-9,20	-9,64	-9,86	-10,09	-10,21	-10,32	-10,46	-10,59	-10,72	-10,84	-3,24
07/12/2021 15:35:00	-3,31	-3,76	-4,19	-4,66	-5,17	-5,75	-6,37	-7,03	-7,66	-8,23	-8,81	-9,26	-9,71	-9,92	-10,14	-10,22	-10,31	-10,42	-10,54	-10,65	-10,76	-3,28
07/12/2021 15:40:00	-3,30	-3,86	-4,36	-4,85	-5,36	-5,89	-6,49	-7,07	-7,58	-8,17	-8,78	-9,23	-9,68	-9,88	-10,09	-10,16	-10,22	-10,32	-10,42	-10,53	-10,64	-3,26
07/12/2021 15:45:00	-3,35	-3,71	-4,13	-4,57	-5,08	-5,72	-6,42	-7,10	-7,66	-8,29	-8,92	-9,39	-9,86	-10,07	-10,28	-10,34	-10,41	-10,50	-10,59	-10,70	-10,80	-3,29
07/12/2021 15:50:00	-3,28	-3,85	-4,33	-4,74	-5,15	-5,67	-6,32	-7,03	-7,70	-8,21	-8,75	-9,20	-9,65	-9,89	-10,13	-10,26	-10,38	-10,52	-10,67	-10,79	-10,92	-3,33
07/12/2021 15:55:00	-3,41	-3,87	-4,25	-4,63	-5,10	-5,75	-6,42	-7,15	-7,84	-8,42	-9,00	-9,45	-9,90	-10,12	-10,33	-10,42	-10,51	-10,62	-10,72	-10,83	-10,94	-3,37
07/12/2021 16:00:00	-3,38	-3,76	-4,20	-4,61	-5,09	-5,72	-6,30	-6,91	-7,49	-8,15	-8,82	-9,34	-9,85	-10,10	-10,36	-10,45	-10,54	-10,66	-10,77	-10,89	-11,01	-3,31
07/12/2021 16:05:00	-3,36	-3,77	-4,20	-4,68	-5,22	-5,77	-6,37	-7,04	-7,71	-8,28	-8,87	-9,34	-9,81	-10,04	-10,28	-10,38	-10,49	-10,62	-10,75	-10,87	-10,99	-3,38
07/12/2021 16:10:00	-3,47	-3,97	-4,43	-4,84	-5,27	-5,75	-6,29	-6,90	-7,51	-8,12	-8,77	-9,29	-9,82	-10,10	-10,39	-10,52	-10,65	-10,80	-10,95	-11,08	-11,21	-3,41
07/12/2021 16:15:00	-3,33	-4,03	-4,48	-4,83	-5,20	-5,61	-6,29	-6,99	-7,61	-8,17	-8,75	-9,24	-9,72	-9,98	-10,24	-10,37	-10,49	-10,63	-10,77	-10,90	-11,02	-3,38
07/12/2021 16:20:00	-3,42	-3,83	-4,31	-4,84	-5,42	-6,03	-6,65	-7,30	-7,92	-8,44	-8,96	-9,35	-9,74	-9,91	-10,09	-10,15	-10,21	-10,31	-10,41	-10,51	-10,62	-3,41
07/12/2021 16:25:00	-3,43	-3,83	-4,24	-4,70	-5,23	-5,84	-6,50	-7,22	-7,91	-8,41	-8,91	-9,30	-9,68	-9,85	-10,02	-10,10	-10,17	-10,28	-10,38	-10,49	-10,60	-3,41
07/12/2021 16:30:00	-3,46	-4,04	-4,46	-4,82	-5,22	-5,76	-6,40	-7,03	-7,56	-8,20	-8,86	-9,37	-9,89	-10,14	-10,39	-10,48	-10,58	-10,69	-10,80	-10,91	-11,02	-3,44
07/12/2021 16:35:00	-3,41	-4,05	-4,36	-4,73	-5,21	-5,66	-6,46	-7,26	-7,93	-8,49	-9,05	-9,48	-9,91	-10,10	-10,29	-10,37	-10,45	-10,54	-10,64	-10,74	-10,84	-3,47
07/12/2021 16:40:00	-3,53	-3,95	-4,45	-5,00	-5,51	-5,90	-6,32	-6,86	-7,47	-8,05	-8,67	-9,19	-9,72	-10,02	-10,32	-10,46	-10,60	-10,78	-10,95	-11,10	-11,24	-3,53
07/12/2021 16:45:00	-3,52	-3,95	-4,40	-4,82	-5,27	-5,80	-6,42	-7,07	-7,67	-8,27	-8,90	-9,41	-9,91	-10,17	-10,44	-10,55	-10,66	-10,80	-10,94	-11,06	-11,19	-3,47
07/12/2021 16:50:00	-3,49	-3,90	-4,30	-4,73	-5,21	-5,75	-6,41	-7,12	-7,79	-8,34	-8,90	-9,36	-9,81	-10,04	-10,27	-10,38	-10,48	-10,61	-10,74	-10,86	-10,98	-3,51
07/12/2021 16:55:00	-3,59	-3,90	-4,25	-4,70	-5,23	-5,75	-6,41	-7,13	-7,82	-8,43	-9,06	-9,55	-10,05	-10,30	-10,55	-10,66	-10,77	-10,90	-11,04	-11,16	-11,28	-3,51
07/12/2021 17:00:00	-3,59	-3,96	-4,36	-4,76	-5,22	-5,78	-6,52	-7,27	-7,92	-8,49	-9,08	-9,55	-10,02	-10,25	-10,49	-10,59	-10,69	-10,81	-10,93	-11,05	-11,16	-3,56
07/12/2021 17:05:00	-3,56	-4,13	-4,67	-5,01	-5,29	-5,67	-6,23	-6,79	-7,28	-7,90	-8,57	-9,15	-9,73	-10,07	-10,41	-10,58	-10,74	-10,92	-11,10	-11,24	-11,39	-3,58
07/12/2021 17:10:00	-3,60	-4,01	-4,44	-4,87	-5,37	-6,00	-6,77	-7,51	-8,15	-8,65	-9,16	-9,54	-9,92	-10,08	-10,24	-10,30	-10,36	-10,45	-10,53	-10,63	-10,73	-3,58
07/12/2021 17:15:00	-3,51	-3,92	-4,39	-4,85	-5,31	-5,80	-6,41	-7,02	-7,57	-8,15	-8,75	-9,23	-9,71	-9,95	-10,20	-10,31	-10,41	-10,54	-10,67	-10,80	-10,92	-3,56
07/12/2021 17:20:00	-3,72	-3,90	-4,35	-4,85	-5,32	-5,77	-6,46	-7,12	-7,67	-8,21	-8,78	-9,25	-9,71	-9,96	-10,21	-10,34	-10,46	-10,60	-10,75	-10,88	-11,01	-3,61
07/12/2021 17:25:00	-3,75	-4,16	-4,67	-5,10	-5,48	-5,93	-6,42	-6,95	-7,49	-8,06	-8,69	-9,22	-9,75	-10,05	-10,35	-10,50	-10,64	-10,80	-10,97	-11,11	-11,25	-3,64
07/12/2021 17:30:00	-3,71	-4,14	-4,60	-5,04	-5,46	-5,89	-6,48	-7,11	-7,73	-8,27	-8,86	-9,35	-9,84	-10,11	-10,39	-10,52	-10,65	-10,81	-10,96	-11,10	-11,23	-3,65
07/12/2021 17:50:00	-4,05	-4,36	-4,82	-5,26	-5,71	-6,22	-6,89	-7,56	-8,15	-8,68	-9,22	-9,66	-10,09	-10,31	-10,53	-10,62	-10,72	-10,84	-10,97	-11,08	-11,20	-4,05
07/12/2021 17:55:00	-4,11	-4,46	-4,79	-5,12	-5,52	-5,94	-6,55	-7,21	-7,82	-8,39	-8,98	-9,47	-9,95	-10,20	-10,46	-10,57	-10,69	-10,83	-10,97	-11,09	-11,21	-4,08
07/12/2021 18:00:00	-4,09	-4,71	-4,98	-5,16	-5,47	-5,93	-6,51	-7,17	-7,80	-8,42	-9,07	-9,58	-10,09	-10,34	-10,60	-10,70	-10,80	-10,92	-11,04	-11,15	-11,26	-4,14
07/12/2021 18:05:00	-4,23	-4,56	-4,96	-5,32	-5,66	-6,02	-6,51	-7,04	-7,57	-8,21	-8,91	-9,49	-10,08	-10,41	-10,75	-10,90	-11,05	-11,22	-11,40	-11,54	-11,68	-4,18
07/12/2021 18:10:00	-4,25	-4,60	-4,90	-5,21	-5,60	-6,07	-6,63	-7,29	-7,95	-8,50	-9,07	-9,53	-9,99	-10,23	-10,47	-10,58	-10,69	-10,82	-10,95	-11,07	-11,20	-4,21
07/12/2021 18:15:00	-4,30	-4,58	-4,81	-5,09	-5,53	-6,13	-6,82	-7,57	-8,25	-8,88	-9,50	-9,98	-10,46	-10,68	-10,90	-10,98	-11,07	-11,17	-11,27	-11,37	-11,47	-4,28
07/12/2021 18:20:00	-4,29	-4,54	-4,91	-5,27	-5,66	-6,09	-6,68	-7,36	-8,03	-8,56	-9,12	-9,60	-10,09	-10,36	-10,63	-10,77	-10,91	-11,07	-11,23	-11,37	-11,50	-4,27
07/12/2021 18:25:00	-4,28	-4,50	-4,84	-5,30	-5,82	-6,27	-6,96	-7,59	-8,11	-8,78	-9,48	-9,99	-10,51	-10,76	-11,01	-11,08	-11,16	-11,27	-11,38	-11,49	-11,60	-4,32
07/12/2021 18:30:00	-4,24	-4,72	-4,99	-5,25	-5,65	-6,19	-6,96	-7,76	-8,45	-9,04	-9,63	-10,09	-10,54	-10,76	-10,97	-11,05	-11,14	-11,24	-11,33	-11,43	-11,53	-4,32
07/12/2021 18:35:00	-4,35	-4,73	-5,20	-5,62	-6,07	-6,60	-7,19	-7,83	-8,46	-9,03	-9,65	-10,14	-10,64	-10,91	-11,17	-11,29	-11,40	-11,54	-11,68	-11,80	-11,93	-4,42
07/12/2021 18:40:00	-4,43	-4,84	-5,22	-5,58	-6,02	-6,57	-7,28	-8,05	-8,75	-9,31	-9,89	-10,36	-10,83	-11,07	-11,30	-11,41	-11,51	-11,63	-11,76	-11,87	-11,98	-4,44
07/12/2021 18:45:00	-4,49	-4,80	-5,19	-5,61	-6,13	-6,78	-7,50	-8,18	-8,75	-9,34	-9,92	-10,34	-10,75	-10,92	-11,08	-11,12	-11,15	-11,22	-11,28	-11,37	-11,46	-4,43
07/12/2021 18:50:00	-4,47	-4,86	-5,30	-5,77	-6,22	-6,62	-7,20	-7,84	-8,46	-9,03	-9,64	-10,14	-10,65	-10,93	-11,20	-11,33	-11,46	-11,61	-11,76	-11,89	-12,02	-4,39
07/12/2021 18:55:00	-4,49	-4,92	-5,34	-5,73	-6,14	-6,58	-7,22	-7,84	-8,38	-9,00	-9,65	-10,16	-10,67	-10,93	-11,20	-11,30	-11,40	-11,53	-11,65	-11,76	-11,88	-4,53
07/12/2021 19:00:00	-4,40	-4,85	-5,11	-5,40	-5,82	-6,33	-7,02	-7,76	-8,42	-9,07	-9,73	-10,24	-10,75	-10,99	-11,24	-11,33	-11,42	-11,53	-11,64	-11,74	-11,85	-4,46
07/12/2021 19:05:00	-4,48	-5,00	-5,30	-5,56	-5,89	-6,30	-6,84	-7,45	-8,04	-8,67	-9,33	-9,87	-10,40	-10,68	-10,95	-11,07	-11,18	-11,31	-11,45	-11,56	-11,68	-4,49
07/12/2021 19:10:00	-4,52	-4,86	-5,38	-5,83	-6,22	-6,67	-7,22	-7,80	-8,34	-8,84	-9,39	-9,84	-10,30	-10,55	-10,80	-10,92	-11,04	-11,18	-11,33	-11,45	-11,58	-4,49
07/12/2021 19:15:00	-4,63	-5,00	-5,38	-5,71	-6,04	-6,44	-6,99	-7,64	-8,28	-8,86	-9,50	-10,06	-10,61	-10,94	-11,26	-11,42	-11,58	-11,76	-11,93	-12,07	-12,22	-4,59
07/12/2021 19:20:00	-4,71	-5,00	-5,34	-5,70	-6,15	-6,70	-7,35	-8,03	-8,67	-9,25	-9,85	-10,31	-10,78	-11,00	-11,22	-11,30	-11,38	-11,49	-11,60	-11,70	-11,81	-4,70
07/12/2021 19:25:00	-4,68	-4,82	-5,13	-5,47	-5,97	-6,71	-7,43	-8,12	-8,72	-9,41	-10,08	-10,56	-11,04	-11,24	-11,44	-11,49	-11,53	-11,60	-11,67	-11,75	-11,84	-4,69
07/12/2021 19:30:00	-4,75	-5,01	-5,33	-5,69	-6,13	-6,64	-7,25	-7,93	-8,61	-9,23	-9,89	-10,41	-10,94	-11,21	-11,49	-11,60	-11,72	-11,85	-11,99	-12,11	-12,23	-4,70
07/12/2021 19:35:00	-4,60	-4,96	-5,32	-5,70	-6,14	-6,68	-7,25	-7,93	-8,60	-9,27	-9,96	-10,52	-11,08	-11,38	-11,67	-11,80	-11,92	-12,06	-12,20	-12,32	-12,45	-4,71
07/12/2021 19:40:00	-4,66	-4,87	-5,24	-5,62	-6,08	-6,65	-7,29	-8,01	-8,70	-9,37	-10,07	-10,64	-11,21	-11,51	-11,82	-11,95	-12,08	-12,23	-12,37	-12,50	-12,63	-4,61
07/12/2021 19:45:00	-4,59	-5,07	-5,38	-5,69	-6,12	-6,69	-7,37	-8,14	-8,88	-9,44	-10,01	-10,46	-10,92	-11,13	-11,35	-11,44	-11,53	-11,64	-11,75	-11,85	-11,95	-4,61
07/12/2021 19:50:00	-4,72	-4,98	-5,32	-5,67	-6,07	-6,50	-7,15	-7,81	-8,42	-9,09	-9,80	-10,39	-10,97	-11,28	-11,60	-11,74	-11,87	-12,02	-12,18	-12,30	-12,43	-4,63
07/12/2021 19:55:00	-4,68	-4,87	-5,19	-5,59	-6,10	-6,72	-7,39	-8,15	-8,90	-9,46	-10,03	-10,48	-10,94	-11,16	-11,38	-11,47	-11,57	-11,69	-11,80	-11,92	-12,03	-4,66
07/12/2021 20:00:00	-4,64	-4,94	-5,31	-5,66	-6,08	-6,59	-7,22	-7,95	-8,68	-9,27	-9,90	-10,43	-10,96	-11,25	-11,54	-11,68	-11,81	-11,97	-12,12	-12,25	-12,38	-4,60
07/12/2021 20:05:00	-4,64	-4,98	-5,36	-5,75	-6,22	-6,82	-7,40	-8,06	-8,71	-9,29	-9,89	-10,35	-10,81	-11,03	-11,24	-11,33	-11,41	-11,52	-11,62	-11,73	-11,84	-4,66
07/12/2021 20:10:00	-4,82	-5,14	-5,46	-5,85	-6,29	-6,80	-7,39	-8,07	-8,73	-9,32	-9,94	-10,43	-10,92	-11,17	-11,41	-11,52	-11,62	-11,75	-11,87	-11,99	-12,10	-4,76
07/12/2021 20:15:00	-4,73	-5,07	-5,48	-5,87	-6,30	-6,83	-7,46	-8,09	-8,67	-9,31	-9,97	-10,48	-11,00	-11,26	-11,52	-11,61	-11,71	-11,83	-11,95	-12,06	-12,17	-4,71
07/12/2021 20:20:00	-4,77	-5,22	-5,52	-5,81	-6,17	-6,67	-7,24	-7,93	-8,61	-9,24	-9,90	-10,44	-10,99	-11,27	-11,56	-11,68	-11,81	-11,95	-12,09	-12,21	-12,33	-4,69
07/12/2021 20:25:00	-4,59	-5,12	-5,44	-5,65	-5,98	-6,55	-7,19	-7,91	-8,58	-9,22	-9,88	-10,41	-10,94	-11,21	-11,47	-11,58	-11,69	-11,81	-11,93	-12,04	-12,15	-4,68
07/12/2021 20:30:00	-4,60	-5,11	-5,46	-5,82	-6,24	-6,71	-7,29	-7,97	-8,63	-9,25	-9,91	-10,44	-10,97	-11,25	-11,53	-11,64	-11,76	-11,89	-12,03	-12,14	-12,26	-4,71
07/12/2021 20:35:00	-4,73	-5,14	-5,48	-5,70	-5,98	-6,47	-6,96	-7,63	-8,36	-9,02	-9,74	-10,36	-10,99	-11,36	-11,74	-11,92	-12,10	-12,29	-12,48	-12,62	-12,77	-4,71
07/12/2021 20:40:00	-4,76	-5,28	-5,61	-5,86	-6,15	-6,52	-7,10	-7,75	-8,38	-9,03	-9,73	-10,33	-10,92	-11,25	-11,59	-11,74	-11,89	-12,05	-12,21	-12,35	-12,48	-4,76
07/12/2021 20:45:00	-4,74	-5,11	-5,37	-5,63	-5,98	-6,40	-7,07	-7,81	-8,50	-9,15	-9,84	-10,41	-10,98	-11,30	-11,61	-11,75	-11,89	-12,05	-12,20	-12,32	-12,45	-4,79
07/12/2021 20:50:00	-4,80	-5,16	-5,44	-5,67	-5,95	-6,31	-6,97	-7,68	-8,33	-8,97	-9,65	-10,24	-10,83	-11,17	-11,51	-11,68	-11,85	-12,02	-12,19	-12,33	-12,46	-4,83
07/12/2021 20:55:00	-4,89	-5,17	-5,46	-5,81	-6,23	-6,75	-7,39	-8,05	-8,63	-9,25	-9,89	-10,37	-10,86	-11,09	-11,32	-11,41	-11,49	-11,59	-11,70	-11,80	-11,91	-4,81
07/12/2021 21:00:00	-4,80	-5,19	-5,42	-5,66	-6,03	-6,55	-7,23	-7,98	-8,68	-9,30	-9,95	-10,46	-10,96	-11,22	-11,47	-11,57	-11,67	-11,79	-11,90	-12,01	-12,12	-4,84
07/12/2021 21:05:00	-4,85	-5,07	-5,41	-5,75	-6,11	-6,49	-7,08	-7,69	-8,26	-8,92	-9,62	-10,21	-10,80	-11,13	-11,46	-11,60	-11,75	-11,91	-12,08	-12,21	-12,35	-4,88
07/12/2021 21:10:00	-4,87	-5,21	-5,39	-5,51	-5,79	-6,36	-7,08	-7,89	-8,64	-9,34	-10,07	-10,68	-11,28	-11,61	-11,93	-12,07	-12,22	-12,36	-12,50	-12,62	-12,74	-4,88
07/12/2021 21:15:00	-4,91	-5,12	-5,27	-5,47	-5,82	-6,29	-7,04	-7,84	-8,56	-9,28	-10,03	-10,63	-11,23	-11,55	-11,87	-12,01	-12,14	-12,29	-12,43	-12,55	-12,67	-4,89
07/12/2021 21:20:00	-4,96	-5,29	-5,32	-5,40	-5,68	-6,12	-6,91	-7,80	-8,61	-9,35	-10,12	-10,75	-11,38	-11,72	-12,06	-12,22	-12,37	-12,52	-12,67	-12,79	-12,91	-4,89
07/12/2021 21:25:00	-4,90	-5,21	-5,52	-5,77	-6,08	-6,52	-7,03	-7,64	-8,24	-8,98	-9,76	-10,41	-11,07	-11,44	-11,81	-11,97	-12,13	-12,30	-12,47	-12,61	-12,75	-4,89
07/12/2021 21:30:00	-4,90	-5,28	-5,54	-5,77	-6,09	-6,54	-7,20	-7,93	-8,63	-9,32	-10,04	-10,65	-11,25	-11,59	-11,92	-12,07	-12,22	-12,38	-12,54	-12,66	-12,79	-4,91
07/12/2021 21:35:00	-4,84	-5,27	-5,56	-5,81	-6,10	-6,50	-7,05	-7,71	-8,37	-9,05	-9,79	-10,42	-11,05	-11,40	-11,76	-11,93	-12,09	-12,26	-12,44	-12,57	-12,71	-4,88
07/12/2021 21:40:00	-4,86	-5,26	-5,59	-5,81	-6,07	-6,49	-7,05	-7,74	-8,43	-9,11	-9,85	-10,49	-11,14	-11,52	-11,90	-12,09	-12,28	-12,47	-12,66	-12,81	-12,95	-4,94
07/12/2021 21:45:00	-4,90	-5,15	-5,46	-5,70	-6,03	-6,61	-7,20	-7,92	-8,63	-9,31	-10,03	-10,62	-11,22	-11,55	-11,89	-12,03	-12,18	-12,34	-12,50	-12,63	-12,76	-4,93
07/12/2021 21:50:00	-4,99	-5,24	-5,56	-5,81	-6,07	-6,43	-7,09	-7,79	-8,44	-9,08	-9,78	-10,39	-11,01	-11,37	-11,73	-11,92	-12,10	-12,29	-12,48	-12,62	-12,76	-4,96
07/12/2021 21:55:00	-4,96	-5,34	-5,66	-5,92	-6,21	-6,54	-7,02	-7,63	-8,27	-8,98	-9,75	-10,42	-11,09	-11,49	-11,89	-12,08	-12,27	-12,47	-12,66	-12,82	-12,97	-4,93
07/12/2021 22:00:00	-4,97	-5,26	-5,55	-5,78	-6,08	-6,57	-7,33	-8,13	-8,84	-9,46	-10,11	-10,66	-11,22	-11,52	-11,83	-11,97	-12,12	-12,27	-12,43	-12,55	-12,67	-4,96
07/12/2021 22:05:00	-4,94	-5,29	-5,56	-5,77	-6,08	-6,57	-7,22	-7,97	-8,68	-9,35	-10,06	-10,65	-11,24	-11,57	-11,89	-12,04	-12,19	-12,35	-12,51	-12,63	-12,76	-4,98
07/12/2021 22:10:00	-4,99	-5,24	-5,46	-5,77	-6,22	-6,75	-7,46	-8,24	-8,97	-9,66	-10,36	-10,91	-11,46	-11,74	-12,02	-12,13	-12,24	-12,37	-12,49	-12,60	-12,72	-4,98
07/12/2021 22:15:00	-4,95	-5,12	-5,47	-5,83	-6,22	-6,67	-7,31	-7,97	-8,57	-9,29	-10,05	-10,68	-11,31	-11,66	-12,01	-12,16	-12,31	-12,47	-12,64	-12,77	-12,91	-4,97
07/12/2021 22:20:00	-5,02	-5,25	-5,46	-5,69	-6,11	-6,77	-7,59	-8,57	-9,55	-10,50	-11,49	-12,34	-13,19	-13,69	-14,18	-14,40	-14,62	-14,83	-15,04	-15,19	-15,34	-4,98
07/12/2021 22:25:00	-7,26	-7,20	-7,09	-7,18	-7,59	-8,34	-9,08	-9,91	-10,63	-11,11	-11,54	-11,80	-12,06	-12,08	-12,10	-12,07	-12,03	-12,02	-12,01	-12,05	-12,09	-7,09
07/12/2021 22:30:00	-8,37	-8,40	-8,12	-7,90	-7,97	-8,34	-8,97	-9,79	-10,54	-11,14	-11,74	-12,23	-12,72	-12,95	-13,19	-13,28	-13,38	-13,48	-13,57	-13,66	-13,75	-8,26
07/12/2021 22:35:00	-8,94	-9,47	-9,15	-8,54	-8,11	-8,05	-8,31	-8,90	-9,52	-10,02	-10,60	-11,17	-11,74	-12,09	-12,45	-12,65	-12,86	-13,04	-13,22	-13,35	-13,48	-8,64
07/12/2021 22:40:00	-9,37	-9,68	-9,35	-8,77	-8,29	-7,97	-7,89	-8,21	-8,76	-9,51	-10,38	-11,22	-12,05	-12,61	-13,17	-13,46	-13,75	-14,01	-14,28	-14,45	-14,63	-8,95
07/12/2021 22:45:00	-9,78	-10,10	-9,68	-9,09	-8,64	-8,47	-8,65	-9,13	-9,69	-10,28	-10,95	-11,58	-12,22	-12,62	-13,02	-13,23	-13,44	-13,63	-13,82	-13,95	-14,09	-9,12
07/12/2021 22:50:00	-10,20	-10,39	-10,08	-9,57	-9,07	-8,72	-8,83	-9,23	-9,71	-10,24	-10,88	-11,53	-12,18	-12,63	-13,08	-13,35	-13,61	-13,85	-14,08	-14,25	-14,41	-9,46
07/12/2021 22:55:00	-10,67	-10,98	-10,70	-10,06	-9,53	-9,32	-9,30	-9,52	-9,90	-10,45	-11,11	-11,73	-12,35	-12,74	-13,13	-13,33	-13,53	-13,71	-13,89	-14,02	-14,15	-9,86
07/12/2021 23:00:00	-11,13	-11,28	-10,98	-10,37	-9,83	-9,48	-9,40	-9,57	-9,91	-10,42	-11,03	-11,62	-12,21	-12,59	-12,98	-13,18	-13,38	-13,57	-13,76	-13,90	-14,04	-10,27
07/12/2021 23:05:00	-11,42	-11,72	-11,35	-10,66	-10,04	-9,69	-9,69	-9,92	-10,31	-10,89	-11,59	-12,25	-12,91	-13,33	-13,76	-13,97	-14,19	-14,38	-14,57	-14,71	-14,85	-10,46
07/12/2021 23:10:00	-11,84	-11,94	-11,77	-11,51	-11,19	-10,83	-10,69	-10,74	-10,97	-11,38	-11,87	-12,31	-12,75	-13,01	-13,27	-13,38	-13,49	-13,62	-13,74	-13,85	-13,97	-10,64
07/12/2021 23:15:00	-12,11	-12,32	-12,28	-11,91	-11,46	-11,04	-10,70	-10,68	-10,90	-11,34	-11,90	-12,46	-13,01	-13,39	-13,76	-13,94	-14,13	-14,31	-14,50	-14,64	-14,79	-10,75
07/12/2021 23:20:00	-11,91	-12,38	-12,36	-11,94	-11,48	-11,16	-11,02	-11,02	-11,20	-11,57	-12,03	-12,47	-12,91	-13,18	-13,44	-13,56	-13,69	-13,81	-13,94	-14,04	-14,15	-10,88
07/12/2021 23:25:00	-12,01	-12,27	-12,40	-12,24	-11,91	-11,57	-11,50	-11,40	-11,45	-11,71	-12,06	-12,38	-12,71	-12,89	-13,07	-13,15	-13,23	-13,34	-13,44	-13,54	-13,63	-11,10
07/12/2021 23:30:00	-11,87	-12,23	-12,36	-12,39	-12,22	-11,89	-11,65	-11,56	-11,63	-11,86	-12,17	-12,43	-12,70	-12,83	-12,96	-13,00	-13,05	-13,12	-13,20	-13,29	-13,38	-11,08
07/12/2021 23:35:00	-11,82	-12,42	-12,63	-12,49	-12,28	-12,08	-11,85	-11,82	-11,96	-12,27	-12,66	-12,99	-13,32	-13,48	-13,65	-13,70	-13,75	-13,83	-13,90	-13,98	-14,07	-11,20
07/12/2021 23:40:00	-11,63	-12,07	-12,39	-12,53	-12,46	-12,22	-12,10	-11,95	-11,99	-12,31	-12,70	-13,01	-13,32	-13,46	-13,60	-13,62	-13,64	-13,70	-13,76	-13,83	-13,91	-11,20
07/12/2021 23:45:00	-11,78	-12,30	-12,69	-12,82	-12,78	-12,64	-12,45	-12,33	-12,37	-12,62	-12,94	-13,17	-13,40	-13,48	-13,57	-13,56	-13,56	-13,59	-13,63	-13,69	-13,76	-11,37
07/12/2021 23:50:00	-11,60	-12,11	-12,65	-12,95	-13,06	-13,04	-12,95	-12,93	-12,98	-13,09	-13,26	-13,37	-13,49	-13,50	-13,51	-13,49	-13,46	-13,48	-13,50	-13,56	-13,62	-11,38
07/12/2021 23:55:00	-11,87	-12,39	-12,90	-13,17	-13,25	-13,20	-13,12	-13,15	-13,22	-13,30	-13,43	-13,54	-13,64	-13,64	-13,65	-13,63	-13,60	-13,63	-13,65	-13,71	-13,77	-11,71
