FileFormat:0002.2 file with temperature of atmosphere
SN105HE102
local	GMT or Local
0	GMT-Local=[hours]
0	Height[m]
0	0	0	Longitude                [grd]               [min]               [sec]
0	0	0	Latitude                [grd]               [min]               [sec]
N	NS
56,45	Freq[GHz]
0,00	dTemostat[K]
0,150	MessErr[K]
0,248	//[grad/step]
version 14.4.20120406
MTP5HE102F5645K-38.60I70D219217+A1.1
Commentary:
SN105HE102
парабола ДНА = 2,5 град
НЕ102 - ПУ - ХВБ с ЦСД " S "
АЦП - 202 - 09 с контр.U пит.и М
оптопара серии - 2
Т out № 178 пл
БП LPS - 112
End Of Commentary

SYSTEM\alaska.dat
data time	0	50	100	150	200	250	300	350	400	450	500	550	600	650	700	750	800	850	900	950	1000	OutsideTemperature
22/04/2019 00:00:00	-1,92	-1,28	-1,18	-1,29	-1,62	-2,11	-2,81	-3,51	-4,11	-4,67	-5,23	-5,67	-6,10	-6,33	-6,57	-6,69	-6,82	-6,98	-7,13	-7,28	-7,43	-1,81
22/04/2019 00:05:00	-1,89	-1,35	-1,17	-1,13	-1,32	-1,78	-2,35	-3,02	-3,67	-4,33	-5,01	-5,57	-6,13	-6,46	-6,79	-6,98	-7,16	-7,36	-7,56	-7,73	-7,90	-1,90
22/04/2019 00:10:00	-1,88	-1,37	-1,15	-1,06	-1,24	-1,69	-2,33	-3,05	-3,70	-4,39	-5,10	-5,68	-6,26	-6,59	-6,93	-7,10	-7,28	-7,47	-7,66	-7,82	-7,98	-1,93
22/04/2019 00:15:00	-1,84	-1,25	-1,12	-1,21	-1,53	-2,02	-2,69	-3,42	-4,08	-4,65	-5,22	-5,67	-6,12	-6,37	-6,62	-6,76	-6,90	-7,07	-7,23	-7,38	-7,53	-1,86
22/04/2019 00:20:00	-1,92	-1,45	-1,31	-1,34	-1,57	-1,98	-2,55	-3,21	-3,86	-4,50	-5,16	-5,70	-6,25	-6,58	-6,91	-7,09	-7,28	-7,47	-7,67	-7,84	-8,02	-2,00
22/04/2019 00:25:00	-1,93	-1,52	-1,42	-1,44	-1,64	-1,95	-2,51	-3,15	-3,76	-4,41	-5,09	-5,67	-6,26	-6,62	-6,98	-7,18	-7,39	-7,61	-7,82	-8,00	-8,18	-2,01
22/04/2019 00:30:00	-1,92	-1,37	-1,31	-1,38	-1,61	-2,03	-2,67	-3,34	-3,95	-4,55	-5,16	-5,68	-6,20	-6,51	-6,82	-7,00	-7,18	-7,38	-7,57	-7,74	-7,91	-1,96
22/04/2019 00:35:00	-1,98	-1,36	-1,27	-1,39	-1,71	-2,14	-2,75	-3,41	-4,04	-4,62	-5,20	-5,68	-6,15	-6,43	-6,71	-6,86	-7,02	-7,20	-7,38	-7,55	-7,71	-2,36
22/04/2019 00:40:00	-2,33	-1,76	-1,67	-1,79	-2,05	-2,38	-3,01	-3,67	-4,27	-4,82	-5,39	-5,87	-6,34	-6,63	-6,92	-7,09	-7,26	-7,45	-7,64	-7,80	-7,97	-2,37
22/04/2019 00:45:00	-2,27	-1,63	-1,60	-1,75	-2,05	-2,50	-3,03	-3,62	-4,21	-4,81	-5,44	-5,96	-6,48	-6,79	-7,10	-7,27	-7,44	-7,63	-7,82	-8,00	-8,17	-2,04
22/04/2019 00:50:00	-2,02	-1,51	-1,41	-1,49	-1,75	-2,16	-2,76	-3,47	-4,18	-4,72	-5,27	-5,76	-6,24	-6,53	-6,83	-7,02	-7,20	-7,41	-7,61	-7,78	-7,95	-2,01
22/04/2019 00:55:00	-2,13	-1,50	-1,38	-1,46	-1,74	-2,20	-2,84	-3,52	-4,16	-4,76	-5,38	-5,87	-6,37	-6,66	-6,95	-7,11	-7,27	-7,45	-7,64	-7,80	-7,96	-2,12
22/04/2019 01:00:00	-2,09	-1,52	-1,47	-1,57	-1,85	-2,31	-2,96	-3,63	-4,23	-4,80	-5,38	-5,85	-6,32	-6,59	-6,86	-7,01	-7,16	-7,34	-7,51	-7,67	-7,82	-2,11
22/04/2019 01:05:00	-2,19	-1,56	-1,43	-1,51	-1,78	-2,22	-2,87	-3,56	-4,17	-4,76	-5,36	-5,85	-6,34	-6,61	-6,89	-7,05	-7,20	-7,38	-7,55	-7,71	-7,87	-2,09
22/04/2019 01:10:00	-2,18	-1,56	-1,49	-1,64	-1,94	-2,31	-2,89	-3,54	-4,16	-4,72	-5,29	-5,77	-6,25	-6,54	-6,83	-7,01	-7,18	-7,37	-7,57	-7,74	-7,91	-2,26
22/04/2019 01:15:00	-2,25	-1,49	-1,45	-1,63	-1,96	-2,35	-2,97	-3,58	-4,14	-4,73	-5,35	-5,85	-6,35	-6,64	-6,94	-7,10	-7,26	-7,45	-7,63	-7,80	-7,97	-2,67
22/04/2019 01:20:00	-2,45	-2,00	-1,85	-1,84	-2,02	-2,40	-3,02	-3,72	-4,38	-4,97	-5,57	-6,09	-6,60	-6,91	-7,21	-7,40	-7,58	-7,77	-7,96	-8,13	-8,29	-2,61
22/04/2019 01:25:00	-2,48	-1,90	-1,90	-2,08	-2,37	-2,78	-3,28	-3,85	-4,43	-4,95	-5,49	-5,95	-6,40	-6,68	-6,95	-7,12	-7,28	-7,47	-7,66	-7,82	-7,99	-2,39
22/04/2019 01:30:00	-2,55	-2,08	-1,93	-1,86	-1,99	-2,39	-2,88	-3,50	-4,15	-4,81	-5,50	-6,09	-6,68	-7,04	-7,41	-7,61	-7,82	-8,03	-8,25	-8,42	-8,60	-2,19
22/04/2019 01:35:00	-2,70	-2,22	-2,06	-2,02	-2,19	-2,53	-3,12	-3,79	-4,40	-4,98	-5,58	-6,08	-6,58	-6,88	-7,17	-7,34	-7,51	-7,70	-7,88	-8,04	-8,20	-2,39
22/04/2019 01:40:00	-2,74	-2,26	-2,07	-1,99	-2,12	-2,46	-3,00	-3,67	-4,34	-4,93	-5,56	-6,10	-6,64	-6,98	-7,31	-7,51	-7,71	-7,92	-8,13	-8,30	-8,47	-2,22
22/04/2019 01:45:00	-2,60	-2,04	-1,76	-1,61	-1,70	-2,02	-2,62	-3,31	-3,97	-4,62	-5,30	-5,88	-6,46	-6,82	-7,18	-7,38	-7,59	-7,80	-8,01	-8,19	-8,36	-2,18
22/04/2019 01:50:00	-2,35	-1,72	-1,51	-1,45	-1,58	-1,95	-2,46	-3,05	-3,61	-4,23	-4,87	-5,40	-5,93	-6,25	-6,56	-6,74	-6,91	-7,10	-7,30	-7,46	-7,63	-2,27
22/04/2019 01:55:00	-2,38	-1,70	-1,40	-1,30	-1,50	-1,92	-2,53	-3,22	-3,87	-4,47	-5,08	-5,55	-6,03	-6,30	-6,56	-6,71	-6,85	-7,01	-7,18	-7,33	-7,49	-2,43
22/04/2019 02:00:00	-2,72	-2,07	-1,65	-1,36	-1,33	-1,52	-2,04	-2,67	-3,26	-3,98	-4,74	-5,40	-6,05	-6,47	-6,88	-7,12	-7,35	-7,58	-7,82	-8,01	-8,19	-2,84
22/04/2019 02:05:00	-2,87	-2,31	-1,85	-1,46	-1,36	-1,62	-2,19	-2,88	-3,52	-4,17	-4,84	-5,43	-6,01	-6,37	-6,73	-6,94	-7,16	-7,37	-7,58	-7,75	-7,92	-3,51
22/04/2019 02:10:00	-2,83	-2,18	-1,70	-1,34	-1,30	-1,62	-2,16	-2,86	-3,57	-4,24	-4,93	-5,53	-6,12	-6,49	-6,86	-7,07	-7,28	-7,50	-7,71	-7,89	-8,06	-3,84
22/04/2019 02:15:00	-2,88	-2,13	-1,67	-1,39	-1,41	-1,72	-2,33	-3,04	-3,67	-4,31	-4,96	-5,50	-6,05	-6,37	-6,69	-6,88	-7,07	-7,26	-7,45	-7,61	-7,78	-3,93
22/04/2019 02:20:00	-2,80	-2,37	-1,94	-1,56	-1,44	-1,66	-2,14	-2,80	-3,46	-4,10	-4,78	-5,39	-5,99	-6,38	-6,77	-7,00	-7,24	-7,47	-7,70	-7,88	-8,06	-3,34
22/04/2019 02:25:00	-2,75	-2,19	-1,84	-1,63	-1,65	-1,84	-2,27	-2,85	-3,47	-4,11	-4,80	-5,40	-6,00	-6,38	-6,77	-6,99	-7,22	-7,45	-7,68	-7,87	-8,06	-2,96
22/04/2019 02:30:00	-3,02	-2,25	-1,95	-1,79	-1,81	-2,08	-2,58	-3,19	-3,78	-4,39	-5,03	-5,59	-6,16	-6,52	-6,89	-7,11	-7,32	-7,55	-7,78	-7,96	-8,15	-3,04
22/04/2019 02:35:00	-3,10	-2,44	-2,10	-1,95	-2,02	-2,20	-2,71	-3,31	-3,89	-4,49	-5,12	-5,66	-6,20	-6,54	-6,87	-7,06	-7,26	-7,46	-7,67	-7,84	-8,02	-3,08
22/04/2019 02:40:00	-3,10	-2,48	-2,08	-1,84	-1,88	-2,18	-2,77	-3,47	-4,15	-4,71	-5,28	-5,77	-6,26	-6,55	-6,84	-7,02	-7,20	-7,38	-7,57	-7,73	-7,89	-2,94
22/04/2019 02:45:00	-2,95	-2,40	-1,94	-1,60	-1,61	-1,97	-2,62	-3,41	-4,17	-4,76	-5,36	-5,88	-6,39	-6,69	-7,00	-7,18	-7,37	-7,56	-7,74	-7,90	-8,06	-2,99
22/04/2019 02:50:00	-2,85	-2,30	-1,96	-1,72	-1,71	-1,95	-2,47	-3,10	-3,69	-4,33	-5,01	-5,59	-6,17	-6,53	-6,90	-7,11	-7,32	-7,53	-7,75	-7,93	-8,10	-2,99
22/04/2019 02:55:00	-2,99	-2,26	-1,92	-1,68	-1,66	-1,93	-2,53	-3,18	-3,75	-4,39	-5,06	-5,65	-6,24	-6,61	-6,98	-7,19	-7,41	-7,63	-7,85	-8,03	-8,21	-2,82
22/04/2019 03:00:00	-2,82	-2,25	-1,86	-1,56	-1,56	-1,89	-2,50	-3,25	-3,96	-4,58	-5,23	-5,79	-6,35	-6,70	-7,05	-7,25	-7,46	-7,67	-7,87	-8,05	-8,22	-2,89
22/04/2019 03:05:00	-2,81	-2,12	-1,88	-1,77	-1,87	-2,20	-2,64	-3,21	-3,80	-4,39	-5,00	-5,53	-6,05	-6,38	-6,71	-6,90	-7,09	-7,30	-7,50	-7,68	-7,86	-2,77
22/04/2019 03:10:00	-2,82	-2,06	-1,75	-1,51	-1,51	-1,87	-2,38	-3,01	-3,65	-4,25	-4,88	-5,44	-5,99	-6,34	-6,69	-6,90	-7,11	-7,33	-7,54	-7,72	-7,90	-2,86
22/04/2019 03:15:00	-3,12	-2,46	-2,05	-1,67	-1,57	-1,89	-2,32	-2,93	-3,55	-4,21	-4,90	-5,50	-6,11	-6,49	-6,87	-7,09	-7,31	-7,53	-7,75	-7,93	-8,11	-3,04
22/04/2019 03:20:00	-3,06	-2,45	-2,08	-1,79	-1,75	-2,02	-2,52	-3,16	-3,81	-4,42	-5,05	-5,61	-6,17	-6,52	-6,87	-7,09	-7,30	-7,51	-7,73	-7,91	-8,08	-3,28
22/04/2019 03:25:00	-3,33	-2,72	-2,27	-2,01	-2,08	-2,38	-2,97	-3,67	-4,35	-4,95	-5,55	-6,05	-6,54	-6,82	-7,10	-7,27	-7,43	-7,60	-7,77	-7,92	-8,07	-3,27
22/04/2019 03:30:00	-3,64	-3,46	-3,31	-3,19	-3,21	-3,44	-3,78	-4,22	-4,67	-5,15	-5,64	-6,05	-6,46	-6,70	-6,93	-7,06	-7,20	-7,35	-7,50	-7,65	-7,79	-3,41
22/04/2019 03:35:00	-3,89	-3,54	-2,90	-2,24	-1,94	-2,16	-2,63	-3,36	-4,12	-4,72	-5,35	-5,94	-6,52	-6,89	-7,26	-7,50	-7,74	-7,95	-8,17	-8,34	-8,51	-4,06
22/04/2019 03:40:00	-3,76	-3,23	-2,77	-2,44	-2,40	-2,58	-3,04	-3,64	-4,25	-4,78	-5,33	-5,79	-6,25	-6,53	-6,81	-6,97	-7,14	-7,32	-7,49	-7,65	-7,81	-3,76
22/04/2019 03:45:00	-3,79	-3,25	-2,76	-2,35	-2,24	-2,45	-2,91	-3,52	-4,14	-4,72	-5,32	-5,83	-6,35	-6,66	-6,97	-7,16	-7,35	-7,54	-7,73	-7,89	-8,05	-4,01
22/04/2019 03:50:00	-3,87	-3,30	-2,88	-2,51	-2,41	-2,58	-3,06	-3,68	-4,27	-4,82	-5,40	-5,90	-6,41	-6,72	-7,04	-7,23	-7,42	-7,62	-7,82	-7,98	-8,15	-3,84
22/04/2019 03:55:00	-3,86	-3,35	-2,94	-2,66	-2,62	-2,77	-3,18	-3,71	-4,23	-4,75	-5,28	-5,73	-6,18	-6,44	-6,70	-6,86	-7,02	-7,18	-7,35	-7,51	-7,66	-3,84
22/04/2019 04:00:00	-3,93	-3,40	-2,85	-2,41	-2,28	-2,44	-2,90	-3,51	-4,11	-4,63	-5,15	-5,60	-6,05	-6,32	-6,58	-6,75	-6,91	-7,08	-7,25	-7,40	-7,56	-3,88
22/04/2019 04:05:00	-4,03	-3,63	-3,07	-2,58	-2,35	-2,36	-2,70	-3,21	-3,76	-4,38	-5,04	-5,63	-6,22	-6,59	-6,97	-7,19	-7,41	-7,63	-7,84	-8,02	-8,20	-4,08
22/04/2019 04:10:00	-4,12	-3,51	-3,00	-2,55	-2,36	-2,45	-2,83	-3,35	-3,88	-4,47	-5,09	-5,64	-6,18	-6,53	-6,88	-7,08	-7,29	-7,49	-7,70	-7,87	-8,05	-4,34
22/04/2019 04:15:00	-4,45	-3,82	-3,24	-2,73	-2,48	-2,49	-2,88	-3,43	-3,99	-4,50	-5,05	-5,55	-6,06	-6,39	-6,72	-6,94	-7,15	-7,37	-7,58	-7,76	-7,93	-4,39
22/04/2019 04:20:00	-4,34	-3,71	-3,08	-2,54	-2,36	-2,56	-2,99	-3,58	-4,17	-4,70	-5,23	-5,68	-6,13	-6,38	-6,64	-6,80	-6,96	-7,12	-7,28	-7,43	-7,58	-4,48
22/04/2019 04:25:00	-4,41	-3,63	-3,14	-2,72	-2,59	-2,81	-3,22	-3,78	-4,36	-4,86	-5,39	-5,85	-6,31	-6,59	-6,87	-7,04	-7,22	-7,41	-7,59	-7,75	-7,91	-4,49
22/04/2019 04:30:00	-4,58	-3,62	-3,04	-2,68	-2,61	-2,80	-3,24	-3,83	-4,43	-5,00	-5,60	-6,11	-6,62	-6,93	-7,25	-7,43	-7,62	-7,82	-8,01	-8,18	-8,35	-4,56
22/04/2019 04:35:00	-4,70	-3,93	-3,30	-2,85	-2,76	-2,98	-3,42	-4,00	-4,57	-5,16	-5,75	-6,23	-6,70	-6,96	-7,23	-7,37	-7,52	-7,67	-7,82	-7,96	-8,11	-4,63
22/04/2019 04:40:00	-4,70	-3,81	-3,25	-2,90	-2,88	-3,20	-3,67	-4,33	-5,02	-5,46	-5,91	-6,28	-6,66	-6,87	-7,08	-7,23	-7,37	-7,53	-7,68	-7,83	-7,97	-4,63
22/04/2019 04:45:00	-4,61	-3,73	-3,27	-2,97	-2,93	-3,11	-3,56	-4,13	-4,69	-5,17	-5,68	-6,11	-6,55	-6,81	-7,08	-7,25	-7,41	-7,59	-7,77	-7,93	-8,10	-4,61
22/04/2019 04:50:00	-4,63	-3,93	-3,46	-3,11	-2,99	-3,14	-3,48	-4,00	-4,55	-5,03	-5,53	-5,98	-6,43	-6,71	-6,99	-7,18	-7,36	-7,55	-7,74	-7,90	-8,07	-4,61
22/04/2019 04:55:00	-4,67	-4,09	-3,60	-3,23	-3,11	-3,23	-3,53	-4,04	-4,59	-5,07	-5,57	-6,01	-6,44	-6,71	-6,98	-7,15	-7,32	-7,49	-7,67	-7,83	-7,99	-4,71
22/04/2019 05:00:00	-4,49	-3,95	-3,53	-3,14	-2,94	-3,00	-3,27	-3,73	-4,26	-4,81	-5,41	-5,97	-6,53	-6,90	-7,26	-7,49	-7,72	-7,95	-8,17	-8,36	-8,54	-4,63
22/04/2019 05:05:00	-4,62	-3,94	-3,44	-3,05	-2,94	-3,13	-3,56	-4,15	-4,75	-5,28	-5,83	-6,31	-6,79	-7,09	-7,38	-7,56	-7,75	-7,93	-8,12	-8,28	-8,44	-4,58
22/04/2019 05:10:00	-4,52	-3,90	-3,45	-3,11	-3,03	-3,24	-3,59	-4,11	-4,67	-5,21	-5,76	-6,24	-6,71	-7,00	-7,28	-7,45	-7,62	-7,80	-7,98	-8,13	-8,29	-4,35
22/04/2019 05:15:00	-4,46	-3,85	-3,25	-2,81	-2,72	-2,91	-3,45	-4,13	-4,77	-5,34	-5,92	-6,40	-6,88	-7,16	-7,44	-7,61	-7,77	-7,94	-8,10	-8,25	-8,40	-4,44
22/04/2019 05:20:00	-4,34	-3,87	-3,38	-2,96	-2,82	-3,02	-3,39	-3,95	-4,55	-5,09	-5,65	-6,14	-6,62	-6,91	-7,20	-7,38	-7,55	-7,73	-7,91	-8,06	-8,22	-4,33
22/04/2019 05:25:00	-4,62	-3,98	-3,45	-2,98	-2,79	-2,97	-3,38	-3,92	-4,47	-5,06	-5,68	-6,21	-6,75	-7,07	-7,40	-7,59	-7,78	-7,97	-8,16	-8,32	-8,48	-4,46
22/04/2019 05:30:00	-4,75	-4,05	-3,41	-2,87	-2,64	-2,76	-3,13	-3,67	-4,22	-4,79	-5,38	-5,89	-6,40	-6,72	-7,03	-7,22	-7,41	-7,60	-7,79	-7,95	-8,11	-4,51
22/04/2019 05:35:00	-4,84	-4,14	-3,55	-3,07	-2,91	-3,02	-3,45	-3,98	-4,49	-4,99	-5,49	-5,91	-6,33	-6,57	-6,81	-6,95	-7,10	-7,25	-7,40	-7,55	-7,69	-5,10
22/04/2019 05:40:00	-4,53	-4,15	-3,57	-3,04	-2,83	-2,98	-3,38	-3,97	-4,55	-5,03	-5,52	-5,94	-6,36	-6,60	-6,84	-6,99	-7,15	-7,30	-7,46	-7,60	-7,74	-5,58
22/04/2019 05:45:00	-4,51	-3,92	-3,47	-3,09	-2,93	-3,02	-3,34	-3,83	-4,36	-4,87	-5,43	-5,92	-6,42	-6,73	-7,04	-7,24	-7,43	-7,63	-7,83	-8,00	-8,17	-5,23
22/04/2019 05:50:00	-4,45	-3,78	-3,30	-2,91	-2,76	-2,86	-3,27	-3,78	-4,29	-4,82	-5,38	-5,86	-6,35	-6,65	-6,95	-7,13	-7,32	-7,50	-7,69	-7,86	-8,02	-4,96
22/04/2019 05:55:00	-4,60	-3,80	-3,17	-2,69	-2,56	-2,79	-3,30	-3,96	-4,58	-5,09	-5,61	-6,05	-6,48	-6,74	-6,99	-7,14	-7,30	-7,46	-7,62	-7,77	-7,91	-5,13
22/04/2019 06:00:00	-5,10	-4,27	-3,51	-2,97	-2,84	-3,11	-3,61	-4,27	-4,90	-5,48	-6,04	-6,49	-6,93	-7,17	-7,41	-7,55	-7,68	-7,82	-7,95	-8,08	-8,22	-5,03
22/04/2019 06:05:00	-5,11	-4,30	-3,62	-3,10	-2,86	-2,84	-3,22	-3,78	-4,37	-4,93	-5,53	-6,08	-6,63	-6,99	-7,35	-7,57	-7,80	-8,02	-8,24	-8,42	-8,60	-5,19
22/04/2019 06:10:00	-5,16	-4,13	-3,50	-2,98	-2,76	-2,91	-3,37	-3,97	-4,56	-5,09	-5,65	-6,17	-6,68	-7,01	-7,34	-7,55	-7,76	-7,97	-8,18	-8,35	-8,52	-4,96
22/04/2019 06:15:00	-4,79	-4,11	-3,55	-3,12	-3,04	-3,30	-3,75	-4,36	-4,97	-5,53	-6,09	-6,55	-7,01	-7,26	-7,52	-7,67	-7,82	-7,97	-8,12	-8,27	-8,41	-4,98
22/04/2019 06:20:00	-4,71	-3,98	-3,57	-3,25	-3,16	-3,35	-3,78	-4,31	-4,83	-5,35	-5,90	-6,38	-6,85	-7,14	-7,43	-7,60	-7,78	-7,96	-8,14	-8,30	-8,46	-4,38
22/04/2019 06:25:00	-4,75	-3,86	-3,38	-3,12	-3,14	-3,42	-3,89	-4,48	-5,06	-5,54	-6,02	-6,41	-6,79	-7,00	-7,22	-7,35	-7,48	-7,62	-7,77	-7,91	-8,05	-4,39
22/04/2019 06:30:00	-4,64	-3,94	-3,39	-3,02	-3,01	-3,35	-3,84	-4,47	-5,08	-5,61	-6,14	-6,55	-6,96	-7,17	-7,38	-7,49	-7,61	-7,74	-7,86	-7,99	-8,12	-4,36
22/04/2019 06:35:00	-4,62	-3,83	-3,30	-2,89	-2,73	-2,87	-3,25	-3,80	-4,38	-4,88	-5,42	-5,90	-6,39	-6,70	-7,01	-7,22	-7,42	-7,62	-7,83	-8,00	-8,17	-4,33
22/04/2019 06:40:00	-5,18	-4,00	-3,20	-2,66	-2,53	-2,78	-3,22	-3,79	-4,35	-4,93	-5,50	-5,95	-6,40	-6,65	-6,89	-7,03	-7,16	-7,31	-7,45	-7,59	-7,74	-4,76
22/04/2019 06:45:00	-5,14	-4,25	-3,47	-2,84	-2,59	-2,70	-3,17	-3,79	-4,38	-4,96	-5,56	-6,06	-6,57	-6,88	-7,18	-7,37	-7,55	-7,73	-7,91	-8,07	-8,23	-5,03
22/04/2019 06:50:00	-5,54	-4,86	-3,93	-3,01	-2,53	-2,56	-2,95	-3,58	-4,22	-4,81	-5,42	-5,98	-6,53	-6,88	-7,22	-7,44	-7,66	-7,85	-8,05	-8,21	-8,38	-5,16
22/04/2019 06:55:00	-5,70	-4,85	-3,90	-3,11	-2,71	-2,69	-3,03	-3,57	-4,14	-4,71	-5,30	-5,81	-6,32	-6,63	-6,95	-7,14	-7,33	-7,51	-7,70	-7,86	-8,02	-5,41
22/04/2019 07:00:00	-5,34	-4,74	-3,88	-2,97	-2,44	-2,42	-2,70	-3,30	-3,95	-4,52	-5,13	-5,72	-6,31	-6,72	-7,12	-7,38	-7,64	-7,88	-8,12	-8,31	-8,49	-5,29
22/04/2019 07:05:00	-5,14	-4,52	-3,63	-2,79	-2,36	-2,35	-2,70	-3,28	-3,88	-4,54	-5,24	-5,85	-6,46	-6,85	-7,23	-7,46	-7,68	-7,89	-8,10	-8,27	-8,44	-5,06
22/04/2019 07:10:00	-4,95	-4,33	-3,61	-2,92	-2,61	-2,74	-3,12	-3,65	-4,18	-4,72	-5,27	-5,73	-6,19	-6,45	-6,71	-6,87	-7,02	-7,17	-7,33	-7,47	-7,61	-4,96
22/04/2019 07:15:00	-4,90	-4,16	-3,50	-2,94	-2,68	-2,72	-3,09	-3,61	-4,14	-4,64	-5,17	-5,63	-6,08	-6,37	-6,65	-6,83	-7,02	-7,20	-7,38	-7,54	-7,70	-4,79
22/04/2019 07:20:00	-4,65	-3,90	-3,19	-2,50	-2,15	-2,22	-2,50	-3,08	-3,76	-4,32	-4,93	-5,51	-6,08	-6,47	-6,86	-7,12	-7,37	-7,62	-7,86	-8,05	-8,24	-4,69
22/04/2019 07:25:00	-4,61	-4,14	-3,41	-2,66	-2,30	-2,39	-2,79	-3,38	-3,97	-4,51	-5,05	-5,54	-6,02	-6,31	-6,61	-6,80	-6,98	-7,16	-7,33	-7,49	-7,64	-4,12
22/04/2019 07:30:00	-4,52	-4,10	-3,47	-2,80	-2,44	-2,53	-2,90	-3,43	-3,93	-4,46	-5,00	-5,48	-5,96	-6,25	-6,54	-6,72	-6,90	-7,07	-7,24	-7,40	-7,55	-3,81
22/04/2019 07:35:00	-4,07	-3,61	-2,96	-2,30	-1,98	-2,10	-2,50	-3,08	-3,66	-4,19	-4,74	-5,23	-5,71	-6,01	-6,31	-6,50	-6,69	-6,87	-7,05	-7,21	-7,37	-3,69
22/04/2019 07:40:00	-3,96	-3,58	-2,92	-2,24	-1,92	-2,04	-2,41	-3,00	-3,63	-4,16	-4,70	-5,19	-5,68	-5,99	-6,29	-6,49	-6,68	-6,87	-7,06	-7,22	-7,38	-3,38
22/04/2019 07:45:00	-3,88	-3,63	-3,05	-2,41	-2,03	-1,99	-2,16	-2,64	-3,25	-3,73	-4,27	-4,79	-5,31	-5,67	-6,03	-6,28	-6,52	-6,76	-7,00	-7,18	-7,37	-2,94
22/04/2019 07:50:00	-3,61	-3,40	-2,81	-2,20	-1,91	-1,93	-2,30	-2,86	-3,43	-3,98	-4,56	-5,08	-5,59	-5,91	-6,24	-6,44	-6,64	-6,83	-7,03	-7,19	-7,36	-2,51
22/04/2019 07:55:00	-3,42	-3,44	-2,85	-2,12	-1,71	-1,72	-2,13	-2,75	-3,37	-3,93	-4,52	-5,08	-5,63	-5,99	-6,34	-6,57	-6,80	-7,01	-7,22	-7,39	-7,56	-2,38
22/04/2019 08:00:00	-3,06	-3,05	-2,45	-1,72	-1,32	-1,40	-1,78	-2,38	-2,97	-3,54	-4,13	-4,67	-5,20	-5,54	-5,87	-6,09	-6,30	-6,50	-6,70	-6,86	-7,02	-2,29
22/04/2019 08:05:00	-2,95	-2,93	-2,36	-1,65	-1,27	-1,28	-1,63	-2,19	-2,76	-3,37	-4,02	-4,61	-5,20	-5,57	-5,95	-6,18	-6,42	-6,63	-6,85	-7,02	-7,20	-1,83
22/04/2019 08:10:00	-2,86	-2,88	-2,17	-1,29	-0,81	-0,90	-1,28	-1,95	-2,67	-3,33	-4,02	-4,67	-5,32	-5,74	-6,16	-6,42	-6,69	-6,92	-7,16	-7,34	-7,52	-2,09
22/04/2019 08:15:00	-2,72	-2,60	-2,01	-1,28	-0,93	-1,12	-1,49	-2,14	-2,88	-3,46	-4,08	-4,64	-5,21	-5,58	-5,94	-6,18	-6,41	-6,63	-6,85	-7,02	-7,20	-2,22
22/04/2019 08:20:00	-2,31	-2,26	-1,78	-1,19	-0,88	-0,97	-1,26	-1,79	-2,40	-2,95	-3,54	-4,09	-4,63	-4,99	-5,35	-5,58	-5,82	-6,04	-6,27	-6,45	-6,63	-2,19
22/04/2019 08:25:00	-2,14	-2,08	-1,56	-0,89	-0,59	-0,86	-1,22	-1,81	-2,45	-3,07	-3,71	-4,27	-4,83	-5,17	-5,51	-5,71	-5,91	-6,10	-6,30	-6,46	-6,62	-2,27
22/04/2019 08:30:00	-2,09	-1,96	-1,54	-1,03	-0,79	-0,88	-1,29	-1,84	-2,36	-2,97	-3,60	-4,17	-4,73	-5,09	-5,45	-5,67	-5,89	-6,10	-6,31	-6,49	-6,67	-2,07
22/04/2019 08:35:00	-1,91	-1,96	-1,57	-1,07	-0,82	-0,91	-1,28	-1,82	-2,34	-2,93	-3,56	-4,12	-4,68	-5,04	-5,39	-5,60	-5,82	-6,03	-6,23	-6,41	-6,58	-1,81
22/04/2019 08:40:00	-1,76	-1,77	-1,40	-0,93	-0,74	-1,00	-1,40	-1,98	-2,56	-3,12	-3,69	-4,19	-4,69	-4,98	-5,28	-5,46	-5,64	-5,82	-6,00	-6,16	-6,32	-1,18
22/04/2019 08:45:00	-1,63	-1,58	-1,31	-0,93	-0,75	-0,85	-1,25	-1,80	-2,33	-2,90	-3,50	-4,06	-4,61	-4,98	-5,34	-5,57	-5,80	-6,03	-6,25	-6,44	-6,62	-1,05
22/04/2019 08:50:00	-1,47	-1,50	-1,26	-0,96	-0,87	-1,07	-1,47	-1,98	-2,45	-3,00	-3,57	-4,05	-4,54	-4,82	-5,11	-5,28	-5,46	-5,63	-5,81	-5,98	-6,14	-0,82
22/04/2019 08:55:00	-1,30	-1,42	-1,19	-0,94	-0,89	-0,99	-1,35	-1,82	-2,27	-2,81	-3,39	-3,88	-4,36	-4,65	-4,93	-5,10	-5,27	-5,44	-5,62	-5,79	-5,95	-0,43
22/04/2019 09:00:00	-1,01	-1,33	-1,22	-0,91	-0,75	-0,89	-1,20	-1,66	-2,16	-2,66	-3,21	-3,71	-4,21	-4,53	-4,86	-5,06	-5,27	-5,48	-5,69	-5,87	-6,04	-0,60
22/04/2019 09:05:00	-0,84	-1,02	-1,00	-0,81	-0,70	-0,88	-1,23	-1,72	-2,26	-2,77	-3,33	-3,86	-4,39	-4,75	-5,11	-5,35	-5,58	-5,82	-6,06	-6,25	-6,44	-0,53
22/04/2019 09:10:00	-0,64	-0,93	-1,02	-0,98	-1,00	-1,16	-1,48	-1,88	-2,26	-2,74	-3,27	-3,73	-4,19	-4,48	-4,76	-4,94	-5,11	-5,30	-5,49	-5,66	-5,83	-0,28
22/04/2019 09:15:00	-0,40	-0,85	-0,92	-0,79	-0,77	-1,02	-1,38	-1,89	-2,45	-2,91	-3,40	-3,85	-4,30	-4,58	-4,87	-5,06	-5,26	-5,46	-5,66	-5,83	-6,01	-0,12
22/04/2019 09:20:00	-0,18	-0,66	-0,75	-0,75	-0,85	-1,06	-1,48	-2,01	-2,54	-2,99	-3,46	-3,87	-4,28	-4,53	-4,79	-4,95	-5,12	-5,31	-5,49	-5,65	-5,82	-0,04
22/04/2019 09:25:00	-0,07	-0,69	-0,84	-0,80	-0,81	-1,05	-1,40	-1,86	-2,34	-2,82	-3,34	-3,81	-4,27	-4,56	-4,85	-5,03	-5,21	-5,40	-5,60	-5,76	-5,93	-0,13
22/04/2019 09:30:00	0,19	-0,53	-0,84	-0,88	-0,88	-0,99	-1,33	-1,78	-2,20	-2,65	-3,16	-3,64	-4,13	-4,46	-4,79	-5,00	-5,22	-5,45	-5,68	-5,86	-6,05	-0,14
22/04/2019 09:35:00	0,28	-0,27	-0,56	-0,67	-0,81	-1,11	-1,47	-1,93	-2,45	-2,90	-3,37	-3,80	-4,22	-4,49	-4,76	-4,93	-5,11	-5,30	-5,50	-5,67	-5,84	0,26
22/04/2019 09:40:00	0,35	-0,32	-0,60	-0,74	-0,92	-1,20	-1,63	-2,15	-2,67	-3,11	-3,57	-3,97	-4,37	-4,60	-4,84	-5,00	-5,15	-5,33	-5,50	-5,66	-5,82	0,24
22/04/2019 09:45:00	0,61	-0,07	-0,43	-0,65	-0,89	-1,20	-1,58	-2,06	-2,58	-3,04	-3,53	-3,95	-4,36	-4,62	-4,87	-5,04	-5,20	-5,39	-5,57	-5,74	-5,91	0,45
22/04/2019 09:50:00	0,72	0,17	-0,17	-0,47	-0,82	-1,30	-1,79	-2,34	-2,88	-3,35	-3,81	-4,18	-4,55	-4,75	-4,94	-5,06	-5,17	-5,32	-5,46	-5,61	-5,76	0,80
22/04/2019 09:55:00	0,86	0,37	0,01	-0,30	-0,65	-1,10	-1,56	-2,08	-2,60	-3,08	-3,58	-3,99	-4,39	-4,62	-4,84	-4,98	-5,11	-5,28	-5,44	-5,60	-5,76	0,88
22/04/2019 10:00:00	1,01	0,43	0,07	-0,19	-0,48	-0,92	-1,35	-1,87	-2,47	-2,98	-3,50	-3,95	-4,40	-4,67	-4,94	-5,12	-5,29	-5,48	-5,68	-5,85	-6,02	1,18
22/04/2019 10:05:00	1,08	0,55	0,20	-0,13	-0,53	-1,00	-1,49	-2,02	-2,53	-3,04	-3,58	-4,00	-4,42	-4,65	-4,87	-4,99	-5,11	-5,27	-5,42	-5,57	-5,72	1,14
22/04/2019 10:10:00	1,29	0,85	0,45	0,04	-0,46	-1,02	-1,62	-2,23	-2,80	-3,31	-3,83	-4,23	-4,62	-4,82	-5,02	-5,13	-5,24	-5,38	-5,52	-5,67	-5,81	1,51
22/04/2019 10:15:00	1,52	0,82	0,35	0,02	-0,26	-0,64	-1,16	-1,74	-2,27	-2,80	-3,38	-3,89	-4,40	-4,73	-5,05	-5,25	-5,45	-5,66	-5,88	-6,06	-6,24	2,17
22/04/2019 10:20:00	1,65	1,05	0,60	0,21	-0,21	-0,65	-1,22	-1,84	-2,42	-2,93	-3,46	-3,89	-4,33	-4,59	-4,84	-5,00	-5,15	-5,34	-5,52	-5,69	-5,85	1,76
22/04/2019 10:25:00	1,86	1,32	0,84	0,40	-0,04	-0,44	-1,00	-1,61	-2,19	-2,70	-3,22	-3,67	-4,12	-4,40	-4,68	-4,85	-5,03	-5,23	-5,43	-5,61	-5,79	2,69
22/04/2019 10:30:00	2,06	1,50	1,09	0,72	0,28	-0,25	-0,93	-1,63	-2,21	-2,77	-3,34	-3,80	-4,26	-4,51	-4,77	-4,92	-5,06	-5,23	-5,40	-5,56	-5,72	2,19
22/04/2019 10:35:00	2,27	1,55	1,03	0,60	0,22	-0,21	-0,73	-1,30	-1,85	-2,36	-2,88	-3,34	-3,81	-4,09	-4,37	-4,55	-4,73	-4,94	-5,14	-5,32	-5,50	3,10
22/04/2019 10:40:00	2,45	1,67	1,20	0,84	0,50	0,07	-0,46	-1,08	-1,68	-2,25	-2,85	-3,38	-3,91	-4,25	-4,58	-4,79	-5,00	-5,22	-5,45	-5,63	-5,82	3,27
22/04/2019 10:45:00	2,71	2,10	1,60	1,19	0,76	0,23	-0,45	-1,18	-1,83	-2,41	-3,00	-3,52	-4,03	-4,35	-4,66	-4,86	-5,05	-5,27	-5,48	-5,67	-5,85	3,31
22/04/2019 10:50:00	2,65	2,07	1,61	1,20	0,79	0,24	-0,31	-0,91	-1,54	-2,11	-2,69	-3,19	-3,68	-3,99	-4,29	-4,47	-4,66	-4,87	-5,08	-5,26	-5,44	3,35
22/04/2019 10:55:00	2,73	2,24	1,85	1,51	1,10	0,56	-0,07	-0,74	-1,34	-2,00	-2,71	-3,30	-3,89	-4,25	-4,61	-4,80	-5,00	-5,22	-5,43	-5,62	-5,80	3,47
22/04/2019 11:00:00	2,89	2,27	1,89	1,51	1,03	0,47	-0,24	-1,02	-1,71	-2,32	-2,92	-3,42	-3,92	-4,21	-4,50	-4,68	-4,85	-5,04	-5,24	-5,41	-5,58	3,69
22/04/2019 11:05:00	2,81	2,37	1,99	1,63	1,19	0,67	-0,02	-0,75	-1,36	-1,99	-2,66	-3,21	-3,77	-4,10	-4,43	-4,62	-4,82	-5,03	-5,24	-5,42	-5,60	3,33
22/04/2019 11:10:00	2,95	2,24	1,83	1,56	1,27	0,90	0,37	-0,25	-0,85	-1,57	-2,40	-3,13	-3,86	-4,35	-4,83	-5,11	-5,38	-5,66	-5,95	-6,17	-6,38	3,73
22/04/2019 11:15:00	3,07	2,57	2,16	1,74	1,27	0,75	0,09	-0,62	-1,24	-1,87	-2,53	-3,09	-3,65	-3,98	-4,32	-4,51	-4,71	-4,92	-5,14	-5,32	-5,51	4,31
22/04/2019 11:20:00	3,08	2,54	2,07	1,66	1,23	0,63	0,00	-0,68	-1,34	-1,95	-2,59	-3,13	-3,67	-4,00	-4,33	-4,53	-4,73	-4,95	-5,17	-5,36	-5,55	3,71
22/04/2019 11:25:00	3,32	2,69	2,23	1,86	1,42	0,90	0,20	-0,56	-1,21	-1,81	-2,44	-2,97	-3,49	-3,81	-4,13	-4,33	-4,52	-4,73	-4,94	-5,13	-5,31	4,61
22/04/2019 11:30:00	3,23	2,64	2,21	1,80	1,30	0,80	0,21	-0,44	-1,08	-1,68	-2,30	-2,81	-3,33	-3,64	-3,95	-4,13	-4,32	-4,53	-4,74	-4,92	-5,11	3,74
22/04/2019 11:35:00	3,42	2,83	2,48	2,24	1,90	1,42	0,78	0,04	-0,70	-1,44	-2,23	-2,93	-3,64	-4,10	-4,55	-4,83	-5,10	-5,37	-5,65	-5,87	-6,08	5,03
22/04/2019 11:40:00	3,36	2,85	2,52	2,23	1,82	1,28	0,58	-0,22	-1,03	-1,68	-2,32	-2,90	-3,47	-3,84	-4,21	-4,44	-4,68	-4,93	-5,17	-5,37	-5,57	4,18
22/04/2019 11:45:00	3,49	2,72	2,36	2,04	1,56	1,06	0,35	-0,42	-1,05	-1,67	-2,34	-2,86	-3,39	-3,69	-3,98	-4,14	-4,31	-4,49	-4,67	-4,84	-5,00	3,71
22/04/2019 11:50:00	3,52	2,95	2,56	2,23	1,82	1,27	0,63	-0,10	-0,89	-1,55	-2,21	-2,80	-3,39	-3,77	-4,14	-4,38	-4,62	-4,88	-5,13	-5,33	-5,54	4,40
22/04/2019 11:55:00	3,68	2,90	2,53	2,26	1,85	1,33	0,57	-0,28	-1,03	-1,66	-2,29	-2,84	-3,38	-3,71	-4,04	-4,25	-4,45	-4,67	-4,89	-5,07	-5,25	5,15
22/04/2019 12:00:00	3,83	3,10	2,57	2,11	1,68	1,20	0,64	0,03	-0,54	-1,10	-1,70	-2,21	-2,73	-3,05	-3,38	-3,58	-3,78	-4,00	-4,23	-4,42	-4,61	4,76
22/04/2019 12:05:00	3,89	3,39	3,00	2,58	2,08	1,63	0,95	0,19	-0,52	-1,17	-1,84	-2,43	-3,02	-3,40	-3,78	-4,01	-4,25	-4,50	-4,75	-4,96	-5,16	4,95
22/04/2019 12:10:00	3,97	3,41	2,96	2,61	2,20	1,61	0,89	0,10	-0,65	-1,30	-1,94	-2,51	-3,09	-3,45	-3,82	-4,05	-4,28	-4,53	-4,78	-4,98	-5,18	4,55
22/04/2019 12:15:00	3,81	3,34	2,91	2,55	2,18	1,74	1,13	0,40	-0,34	-1,03	-1,75	-2,43	-3,11	-3,58	-4,05	-4,35	-4,65	-4,96	-5,26	-5,50	-5,73	4,66
22/04/2019 12:20:00	3,86	3,38	3,05	2,70	2,18	1,55	0,78	-0,05	-0,81	-1,46	-2,10	-2,63	-3,15	-3,45	-3,76	-3,94	-4,12	-4,32	-4,52	-4,70	-4,88	5,54
22/04/2019 12:25:00	4,03	3,64	3,22	2,73	2,11	1,47	0,68	-0,12	-0,82	-1,43	-2,04	-2,52	-3,00	-3,27	-3,54	-3,70	-3,86	-4,04	-4,23	-4,41	-4,58	5,35
22/04/2019 12:30:00	3,98	3,54	3,18	2,84	2,36	1,68	0,92	0,12	-0,64	-1,26	-1,84	-2,33	-2,81	-3,10	-3,38	-3,56	-3,75	-3,95	-4,15	-4,33	-4,51	4,53
22/04/2019 12:35:00	4,26	3,46	2,89	2,40	1,97	1,57	1,07	0,49	-0,10	-0,70	-1,36	-1,96	-2,55	-2,95	-3,35	-3,60	-3,85	-4,12	-4,39	-4,61	-4,83	5,65
22/04/2019 12:40:00	4,33	3,63	3,23	2,92	2,53	2,03	1,40	0,71	0,07	-0,62	-1,39	-2,04	-2,69	-3,09	-3,50	-3,73	-3,97	-4,22	-4,46	-4,67	-4,87	6,21
22/04/2019 12:45:00	4,50	3,98	3,46	2,99	2,55	2,13	1,53	0,84	0,09	-0,57	-1,26	-1,92	-2,57	-3,04	-3,50	-3,80	-4,11	-4,43	-4,75	-4,99	-5,23	5,36
22/04/2019 12:50:00	4,52	3,89	3,50	3,13	2,68	2,23	1,59	0,84	0,11	-0,55	-1,24	-1,85	-2,46	-2,86	-3,26	-3,51	-3,76	-4,03	-4,30	-4,51	-4,73	5,79
22/04/2019 12:55:00	4,53	4,01	3,50	3,04	2,56	2,07	1,42	0,71	0,01	-0,60	-1,21	-1,77	-2,33	-2,70	-3,08	-3,32	-3,57	-3,84	-4,10	-4,32	-4,53	5,17
22/04/2019 13:00:00	4,52	3,87	3,45	3,09	2,69	2,20	1,60	0,91	0,20	-0,45	-1,12	-1,73	-2,33	-2,73	-3,12	-3,38	-3,63	-3,90	-4,16	-4,38	-4,59	4,85
22/04/2019 13:05:00	4,62	3,84	3,35	3,00	2,65	2,17	1,51	0,74	-0,04	-0,65	-1,24	-1,80	-2,36	-2,74	-3,13	-3,40	-3,67	-3,94	-4,22	-4,44	-4,65	6,33
22/04/2019 13:10:00	4,87	4,05	3,55	3,10	2,59	1,99	1,29	0,55	-0,14	-0,77	-1,41	-1,94	-2,48	-2,80	-3,12	-3,31	-3,51	-3,72	-3,94	-4,12	-4,31	7,09
22/04/2019 13:15:00	5,00	4,00	3,62	3,43	3,14	2,64	2,01	1,25	0,48	-0,24	-0,98	-1,65	-2,32	-2,76	-3,20	-3,47	-3,74	-4,01	-4,28	-4,50	-4,71	5,98
22/04/2019 13:20:00	5,08	4,19	3,68	3,28	2,83	2,39	1,75	1,03	0,39	-0,21	-0,85	-1,40	-1,96	-2,31	-2,67	-2,89	-3,11	-3,36	-3,60	-3,80	-4,00	5,31
22/04/2019 13:25:00	5,16	4,38	3,88	3,53	3,17	2,58	1,92	1,18	0,48	-0,16	-0,83	-1,42	-2,02	-2,40	-2,79	-3,04	-3,28	-3,54	-3,80	-4,01	-4,22	5,48
22/04/2019 13:30:00	5,29	4,68	4,15	3,63	3,11	2,60	2,03	1,42	0,80	0,15	-0,58	-1,20	-1,82	-2,23	-2,63	-2,87	-3,11	-3,38	-3,65	-3,87	-4,09	5,46
22/04/2019 13:35:00	5,47	4,77	4,26	3,90	3,62	3,24	2,75	2,15	1,52	0,82	0,01	-0,74	-1,50	-2,04	-2,58	-2,92	-3,26	-3,61	-3,96	-4,22	-4,48	6,44
22/04/2019 13:40:00	5,27	4,63	4,21	3,84	3,39	2,96	2,38	1,71	1,00	0,35	-0,32	-0,92	-1,52	-1,92	-2,33	-2,59	-2,85	-3,14	-3,42	-3,65	-3,87	7,15
22/04/2019 13:45:00	5,58	4,71	4,25	4,04	3,86	3,54	3,10	2,52	1,83	1,09	0,26	-0,55	-1,35	-1,94	-2,52	-2,89	-3,26	-3,63	-4,00	-4,27	-4,53	6,36
22/04/2019 13:50:00	5,94	5,21	4,70	4,27	3,76	3,22	2,55	1,80	1,04	0,37	-0,31	-0,90	-1,50	-1,90	-2,30	-2,55	-2,81	-3,08	-3,35	-3,57	-3,80	6,43
22/04/2019 13:55:00	5,95	5,32	4,76	4,23	3,68	2,98	2,32	1,68	1,11	0,49	-0,21	-0,76	-1,31	-1,64	-1,96	-2,15	-2,33	-2,55	-2,76	-2,96	-3,15	6,85
22/04/2019 14:00:00	5,52	4,85	4,45	4,09	3,65	3,21	2,61	1,92	1,31	0,66	-0,05	-0,67	-1,28	-1,68	-2,07	-2,31	-2,55	-2,81	-3,08	-3,29	-3,51	6,40
22/04/2019 14:05:00	5,87	4,96	4,50	4,15	3,72	3,25	2,60	1,85	1,16	0,52	-0,15	-0,74	-1,33	-1,71	-2,09	-2,33	-2,57	-2,83	-3,09	-3,30	-3,51	6,25
22/04/2019 14:10:00	5,88	5,26	4,68	4,18	3,73	3,19	2,51	1,78	1,12	0,53	-0,05	-0,59	-1,13	-1,49	-1,86	-2,11	-2,36	-2,63	-2,91	-3,13	-3,35	8,52
22/04/2019 14:15:00	6,00	5,24	4,63	4,13	3,70	3,21	2,67	2,08	1,46	0,86	0,22	-0,37	-0,96	-1,36	-1,76	-2,02	-2,29	-2,57	-2,86	-3,09	-3,32	6,10
22/04/2019 14:20:00	6,13	5,42	4,83	4,25	3,62	3,04	2,39	1,73	1,11	0,55	0,00	-0,46	-0,91	-1,18	-1,46	-1,63	-1,81	-2,02	-2,24	-2,43	-2,63	7,23
22/04/2019 14:25:00	6,12	5,52	4,97	4,46	3,92	3,21	2,47	1,72	0,94	0,37	-0,10	-0,51	-0,92	-1,17	-1,42	-1,62	-1,81	-2,03	-2,25	-2,45	-2,64	6,18
22/04/2019 14:30:00	6,12	5,29	4,80	4,45	4,09	3,66	3,08	2,41	1,74	1,10	0,40	-0,23	-0,86	-1,30	-1,73	-2,02	-2,30	-2,60	-2,90	-3,13	-3,36	7,16
22/04/2019 14:35:00	6,16	5,38	4,98	4,68	4,32	3,87	3,28	2,58	1,86	1,20	0,53	-0,09	-0,70	-1,12	-1,53	-1,81	-2,09	-2,38	-2,66	-2,89	-3,12	6,72
22/04/2019 14:40:00	6,35	5,56	5,11	4,78	4,40	3,90	3,32	2,67	1,94	1,30	0,68	0,12	-0,45	-0,83	-1,22	-1,48	-1,74	-2,02	-2,30	-2,53	-2,75	7,38
22/04/2019 14:45:00	6,45	5,50	5,07	4,82	4,51	4,05	3,42	2,69	2,05	1,39	0,67	0,02	-0,62	-1,04	-1,46	-1,73	-1,99	-2,27	-2,54	-2,76	-2,98	7,72
22/04/2019 14:50:00	6,46	5,82	5,31	4,87	4,39	3,82	3,16	2,46	1,80	1,19	0,56	0,02	-0,52	-0,87	-1,22	-1,45	-1,68	-1,93	-2,19	-2,40	-2,61	8,90
22/04/2019 14:55:00	6,62	5,84	5,43	5,14	4,79	4,34	3,73	3,00	2,31	1,58	0,78	0,05	-0,68	-1,18	-1,67	-1,98	-2,29	-2,60	-2,92	-3,16	-3,40	7,97
22/04/2019 15:00:00	6,55	5,85	5,44	5,15	4,81	4,27	3,71	3,09	2,38	1,68	0,93	0,26	-0,41	-0,87	-1,32	-1,60	-1,89	-2,19	-2,49	-2,73	-2,97	8,63
22/04/2019 15:05:00	6,59	5,73	5,35	5,11	4,78	4,37	3,75	3,01	2,32	1,63	0,88	0,20	-0,48	-0,94	-1,40	-1,69	-1,98	-2,28	-2,58	-2,81	-3,04	7,83
22/04/2019 15:10:00	6,75	5,92	5,30	4,81	4,38	3,97	3,49	2,97	2,40	1,82	1,19	0,62	0,04	-0,36	-0,75	-1,02	-1,29	-1,58	-1,87	-2,11	-2,35	7,90
22/04/2019 15:15:00	6,67	6,30	5,92	5,54	5,02	4,25	3,45	2,64	1,86	1,21	0,62	0,13	-0,36	-0,66	-0,95	-1,16	-1,36	-1,58	-1,81	-2,01	-2,21	7,28
22/04/2019 15:20:00	6,62	6,01	5,57	5,24	4,85	4,36	3,67	2,88	2,21	1,59	0,94	0,36	-0,22	-0,61	-1,00	-1,27	-1,53	-1,81	-2,09	-2,32	-2,54	8,20
22/04/2019 15:25:00	6,56	6,02	5,59	5,20	4,74	4,23	3,63	2,99	2,40	1,75	1,01	0,39	-0,24	-0,64	-1,05	-1,30	-1,54	-1,81	-2,08	-2,31	-2,54	7,07
22/04/2019 15:30:00	6,64	6,00	5,36	4,85	4,50	4,14	3,72	3,23	2,67	2,06	1,34	0,66	-0,02	-0,53	-1,03	-1,37	-1,70	-2,06	-2,42	-2,69	-2,96	7,28
22/04/2019 15:35:00	6,80	6,00	5,55	5,26	4,93	4,38	3,69	2,93	2,30	1,65	0,94	0,32	-0,30	-0,70	-1,11	-1,36	-1,62	-1,88	-2,15	-2,37	-2,59	9,01
22/04/2019 15:40:00	6,92	5,96	5,55	5,34	5,11	4,76	4,29	3,69	3,07	2,35	1,47	0,66	-0,14	-0,70	-1,25	-1,59	-1,93	-2,27	-2,61	-2,87	-3,13	9,30
22/04/2019 15:45:00	6,72	6,14	5,79	5,47	5,03	4,62	3,97	3,20	2,55	1,90	1,18	0,55	-0,07	-0,49	-0,91	-1,18	-1,45	-1,73	-2,02	-2,25	-2,48	8,13
22/04/2019 15:50:00	7,10	6,30	5,88	5,64	5,35	4,88	4,26	3,52	2,81	2,11	1,35	0,65	-0,05	-0,54	-1,03	-1,34	-1,66	-1,98	-2,30	-2,55	-2,80	9,33
22/04/2019 15:55:00	7,16	6,16	5,82	5,73	5,55	5,28	4,67	3,84	3,10	2,37	1,59	0,83	0,07	-0,48	-1,02	-1,39	-1,75	-2,11	-2,46	-2,73	-2,99	9,30
22/04/2019 16:00:00	7,26	6,43	5,94	5,62	5,34	4,89	4,37	3,77	3,11	2,43	1,66	0,94	0,23	-0,28	-0,78	-1,11	-1,43	-1,77	-2,11	-2,36	-2,62	9,37
22/04/2019 16:05:00	7,33	6,35	5,87	5,64	5,42	5,02	4,47	3,80	3,17	2,49	1,70	0,96	0,22	-0,29	-0,81	-1,14	-1,47	-1,80	-2,13	-2,39	-2,64	8,67
22/04/2019 16:10:00	7,18	6,67	6,12	5,59	5,09	4,64	4,08	3,48	2,88	2,24	1,53	0,88	0,24	-0,20	-0,65	-0,94	-1,23	-1,54	-1,86	-2,11	-2,37	9,70
22/04/2019 16:15:00	7,30	6,51	6,09	5,81	5,49	4,99	4,39	3,71	3,03	2,35	1,62	0,96	0,31	-0,14	-0,58	-0,87	-1,16	-1,46	-1,77	-2,01	-2,25	9,20
22/04/2019 16:20:00	7,43	6,82	6,32	5,91	5,49	4,93	4,28	3,56	2,82	2,15	1,48	0,87	0,25	-0,18	-0,61	-0,90	-1,19	-1,50	-1,81	-2,05	-2,30	9,67
22/04/2019 16:25:00	7,24	6,32	5,90	5,66	5,36	5,01	4,44	3,72	3,00	2,32	1,62	0,96	0,29	-0,18	-0,65	-0,98	-1,30	-1,63	-1,96	-2,21	-2,46	8,97
22/04/2019 16:30:00	7,29	6,51	5,99	5,61	5,25	4,73	4,12	3,44	2,84	2,22	1,53	0,91	0,29	-0,12	-0,54	-0,80	-1,07	-1,36	-1,64	-1,87	-2,10	7,97
22/04/2019 16:35:00	7,18	6,71	6,27	5,90	5,45	4,86	4,16	3,43	2,74	2,10	1,42	0,83	0,25	-0,14	-0,53	-0,78	-1,04	-1,31	-1,59	-1,82	-2,05	8,10
22/04/2019 16:40:00	7,29	6,67	6,31	6,04	5,59	4,97	4,17	3,29	2,53	1,84	1,14	0,54	-0,06	-0,44	-0,81	-1,06	-1,30	-1,56	-1,81	-2,03	-2,24	8,15
22/04/2019 16:45:00	7,21	6,42	5,98	5,71	5,44	5,06	4,52	3,84	3,14	2,44	1,70	0,99	0,27	-0,24	-0,76	-1,10	-1,45	-1,80	-2,15	-2,42	-2,68	8,18
22/04/2019 16:50:00	7,39	6,61	6,15	5,81	5,45	4,97	4,37	3,69	3,01	2,38	1,75	1,17	0,59	0,19	-0,21	-0,49	-0,76	-1,06	-1,35	-1,58	-1,82	9,99
22/04/2019 16:55:00	7,45	6,74	6,24	5,88	5,56	5,12	4,56	3,92	3,37	2,72	1,91	1,19	0,47	-0,03	-0,53	-0,84	-1,15	-1,48	-1,80	-2,06	-2,31	8,64
22/04/2019 17:00:00	7,41	6,61	6,18	5,88	5,56	5,08	4,52	3,91	3,30	2,65	1,91	1,25	0,60	0,16	-0,29	-0,56	-0,84	-1,14	-1,43	-1,67	-1,91	10,72
22/04/2019 17:05:00	7,60	6,79	6,24	5,78	5,31	4,83	4,24	3,59	2,88	2,28	1,73	1,22	0,70	0,34	-0,02	-0,28	-0,55	-0,84	-1,12	-1,36	-1,59	9,22
22/04/2019 17:10:00	7,56	6,79	6,35	6,01	5,62	5,24	4,69	4,02	3,36	2,70	1,97	1,30	0,63	0,16	-0,31	-0,62	-0,92	-1,25	-1,57	-1,82	-2,08	8,47
22/04/2019 17:15:00	7,63	6,82	6,34	6,05	5,76	5,28	4,61	3,82	3,10	2,45	1,80	1,19	0,58	0,14	-0,29	-0,60	-0,90	-1,22	-1,53	-1,77	-2,02	8,40
22/04/2019 17:20:00	7,59	6,90	6,42	6,02	5,61	5,13	4,54	3,87	3,25	2,63	1,94	1,33	0,72	0,31	-0,11	-0,38	-0,65	-0,94	-1,24	-1,47	-1,71	9,23
22/04/2019 17:25:00	7,52	6,99	6,57	6,20	5,75	5,23	4,51	3,70	2,97	2,33	1,70	1,13	0,56	0,17	-0,22	-0,49	-0,77	-1,06	-1,35	-1,58	-1,82	7,98
22/04/2019 17:30:00	7,57	6,92	6,41	6,00	5,62	5,14	4,56	3,92	3,27	2,65	2,00	1,39	0,78	0,35	-0,07	-0,37	-0,66	-0,97	-1,29	-1,54	-1,78	9,30
22/04/2019 17:35:00	7,63	6,78	6,28	5,94	5,62	5,31	4,83	4,22	3,51	2,86	2,21	1,56	0,91	0,42	-0,06	-0,41	-0,76	-1,12	-1,48	-1,75	-2,02	9,96
22/04/2019 17:40:00	7,49	6,89	6,40	6,03	5,68	5,15	4,54	3,88	3,18	2,50	1,81	1,15	0,50	0,04	-0,42	-0,74	-1,05	-1,38	-1,70	-1,96	-2,21	9,15
22/04/2019 17:45:00	7,41	6,73	6,30	6,00	5,69	5,25	4,67	3,99	3,31	2,66	1,97	1,32	0,68	0,23	-0,23	-0,54	-0,84	-1,16	-1,48	-1,73	-1,98	8,67
22/04/2019 17:50:00	7,49	6,77	6,25	5,92	5,66	5,21	4,67	4,06	3,39	2,75	2,08	1,43	0,79	0,32	-0,16	-0,49	-0,82	-1,16	-1,50	-1,76	-2,02	8,58
22/04/2019 17:55:00	7,45	6,91	6,37	5,95	5,62	5,19	4,62	3,97	3,31	2,69	2,06	1,44	0,82	0,36	-0,10	-0,43	-0,76	-1,10	-1,45	-1,71	-1,98	10,27
22/04/2019 18:00:00	7,42	6,88	6,57	6,33	5,96	5,44	4,75	3,95	3,21	2,54	1,86	1,25	0,64	0,23	-0,18	-0,46	-0,74	-1,03	-1,33	-1,56	-1,80	9,43
22/04/2019 18:05:00	7,45	6,82	6,35	5,95	5,57	5,22	4,78	4,25	3,65	3,04	2,35	1,70	1,06	0,60	0,14	-0,17	-0,48	-0,81	-1,15	-1,41	-1,67	9,25
22/04/2019 18:10:00	7,50	6,90	6,44	6,07	5,70	5,26	4,70	4,06	3,38	2,73	2,07	1,44	0,82	0,37	-0,08	-0,39	-0,70	-1,03	-1,35	-1,61	-1,87	9,75
22/04/2019 18:15:00	7,51	6,90	6,45	6,10	5,74	5,27	4,71	4,10	3,45	2,81	2,12	1,48	0,85	0,41	-0,03	-0,32	-0,62	-0,93	-1,24	-1,49	-1,74	9,98
22/04/2019 18:20:00	7,61	7,02	6,61	6,33	6,04	5,56	4,99	4,34	3,60	2,93	2,24	1,59	0,94	0,47	0,00	-0,33	-0,66	-0,99	-1,33	-1,59	-1,85	9,41
22/04/2019 18:25:00	7,81	7,15	6,78	6,50	6,12	5,54	4,76	3,87	3,20	2,53	1,80	1,17	0,53	0,13	-0,28	-0,54	-0,80	-1,07	-1,34	-1,56	-1,78	9,19
22/04/2019 18:30:00	7,68	7,12	6,77	6,49	6,11	5,70	5,07	4,32	3,58	2,90	2,22	1,59	0,95	0,50	0,05	-0,26	-0,57	-0,89	-1,22	-1,47	-1,72	9,43
22/04/2019 18:35:00	7,71	6,98	6,58	6,40	6,19	5,71	5,07	4,32	3,71	3,08	2,37	1,72	1,08	0,63	0,19	-0,10	-0,40	-0,70	-1,00	-1,24	-1,48	10,65
22/04/2019 18:40:00	7,70	7,19	6,82	6,46	6,00	5,47	4,74	3,92	3,22	2,60	2,00	1,47	0,93	0,58	0,23	-0,02	-0,27	-0,53	-0,80	-1,02	-1,25	9,47
22/04/2019 18:45:00	7,79	7,05	6,65	6,38	6,08	5,63	5,05	4,38	3,71	3,05	2,32	1,66	0,99	0,53	0,07	-0,24	-0,55	-0,87	-1,19	-1,44	-1,69	8,52
22/04/2019 18:50:00	7,62	7,10	6,67	6,31	5,95	5,48	4,91	4,26	3,61	2,97	2,29	1,66	1,03	0,58	0,14	-0,16	-0,47	-0,79	-1,11	-1,36	-1,61	8,52
22/04/2019 18:55:00	7,59	7,05	6,58	6,24	5,93	5,44	4,87	4,23	3,56	2,94	2,31	1,70	1,10	0,67	0,23	-0,07	-0,38	-0,70	-1,03	-1,28	-1,54	8,81
22/04/2019 19:00:00	7,55	7,00	6,55	6,19	5,86	5,44	4,89	4,27	3,58	2,96	2,34	1,74	1,13	0,70	0,26	-0,06	-0,38	-0,71	-1,04	-1,30	-1,56	8,72
22/04/2019 19:05:00	7,56	7,00	6,52	6,13	5,79	5,34	4,77	4,13	3,53	2,92	2,27	1,67	1,07	0,64	0,21	-0,09	-0,39	-0,70	-1,02	-1,27	-1,52	8,59
22/04/2019 19:10:00	7,56	7,16	6,79	6,42	5,98	5,41	4,78	4,11	3,45	2,78	2,03	1,38	0,73	0,30	-0,13	-0,40	-0,67	-0,97	-1,26	-1,50	-1,75	8,52
22/04/2019 19:15:00	7,58	7,20	6,77	6,34	5,89	5,39	4,71	3,96	3,34	2,74	2,10	1,53	0,96	0,57	0,19	-0,08	-0,35	-0,64	-0,93	-1,16	-1,40	9,53
22/04/2019 19:20:00	7,56	6,97	6,56	6,22	5,85	5,48	4,86	4,12	3,48	2,86	2,20	1,58	0,96	0,52	0,09	-0,22	-0,52	-0,84	-1,16	-1,41	-1,66	8,57
22/04/2019 19:25:00	7,57	7,07	6,62	6,25	5,89	5,30	4,70	4,08	3,44	2,85	2,25	1,72	1,19	0,82	0,46	0,21	-0,05	-0,33	-0,61	-0,84	-1,07	8,90
22/04/2019 19:30:00	7,36	7,06	6,67	6,26	5,81	5,38	4,84	4,24	3,58	2,98	2,39	1,85	1,30	0,91	0,51	0,23	-0,05	-0,36	-0,67	-0,93	-1,18	8,52
22/04/2019 19:35:00	7,52	7,10	6,68	6,30	5,91	5,42	4,85	4,24	3,55	2,93	2,32	1,76	1,19	0,79	0,39	0,10	-0,18	-0,49	-0,80	-1,05	-1,30	8,93
22/04/2019 19:40:00	7,56	7,13	6,75	6,45	6,10	5,57	4,90	4,17	3,59	2,98	2,29	1,69	1,09	0,69	0,29	0,03	-0,24	-0,52	-0,80	-1,03	-1,26	8,56
22/04/2019 19:45:00	7,43	6,99	6,56	6,19	5,87	5,51	5,02	4,45	3,95	3,35	2,61	1,93	1,26	0,78	0,31	0,00	-0,30	-0,63	-0,96	-1,22	-1,48	8,40
22/04/2019 19:50:00	7,49	7,07	6,72	6,35	5,86	5,40	4,80	4,12	3,45	2,83	2,20	1,64	1,09	0,72	0,34	0,08	-0,17	-0,46	-0,74	-0,97	-1,21	8,92
22/04/2019 19:55:00	7,34	7,13	6,74	6,32	5,87	5,42	4,83	4,18	3,57	2,97	2,33	1,76	1,19	0,79	0,39	0,11	-0,17	-0,47	-0,77	-1,02	-1,27	9,00
22/04/2019 20:00:00	7,33	6,99	6,63	6,30	5,92	5,48	4,91	4,28	3,68	3,07	2,40	1,80	1,20	0,79	0,37	0,09	-0,19	-0,49	-0,80	-1,04	-1,29	8,88
22/04/2019 20:05:00	7,27	6,92	6,55	6,21	5,85	5,40	4,85	4,24	3,63	3,02	2,36	1,75	1,15	0,72	0,30	0,01	-0,27	-0,58	-0,89	-1,14	-1,39	8,78
22/04/2019 20:10:00	7,19	6,93	6,59	6,25	5,90	5,49	4,96	4,33	3,72	3,10	2,43	1,81	1,20	0,75	0,31	0,01	-0,30	-0,62	-0,95	-1,21	-1,47	8,25
22/04/2019 20:15:00	7,20	7,01	6,70	6,33	5,88	5,47	4,87	4,18	3,57	2,98	2,34	1,77	1,21	0,81	0,42	0,15	-0,12	-0,41	-0,71	-0,95	-1,20	8,45
22/04/2019 20:20:00	7,21	6,96	6,68	6,35	5,93	5,47	4,87	4,20	3,56	2,95	2,30	1,74	1,17	0,78	0,40	0,14	-0,13	-0,41	-0,70	-0,94	-1,18	7,78
22/04/2019 20:25:00	7,05	7,10	6,77	6,35	5,90	5,45	4,87	4,23	3,64	3,05	2,41	1,84	1,27	0,87	0,46	0,19	-0,09	-0,40	-0,71	-0,96	-1,22	7,48
22/04/2019 20:30:00	7,19	7,24	7,02	6,74	6,35	5,80	5,11	4,36	3,70	3,11	2,51	1,99	1,46	1,11	0,75	0,50	0,24	-0,04	-0,31	-0,55	-0,78	7,47
22/04/2019 20:35:00	7,10	7,21	6,93	6,57	6,21	5,72	5,18	4,63	4,03	3,44	2,81	2,24	1,68	1,27	0,87	0,58	0,30	-0,02	-0,33	-0,59	-0,84	7,02
22/04/2019 20:40:00	7,06	7,21	6,95	6,59	6,19	5,75	5,13	4,44	3,80	3,22	2,63	2,08	1,54	1,14	0,75	0,46	0,17	-0,14	-0,45	-0,71	-0,97	6,36
22/04/2019 20:45:00	6,98	7,19	7,02	6,68	6,18	5,60	4,90	4,19	3,61	3,02	2,38	1,87	1,35	1,03	0,70	0,49	0,28	0,03	-0,21	-0,43	-0,65	6,08
22/04/2019 20:50:00	6,99	7,00	6,81	6,54	6,20	5,76	5,21	4,58	3,93	3,29	2,60	1,98	1,36	0,92	0,48	0,18	-0,12	-0,45	-0,77	-1,03	-1,29	5,92
22/04/2019 20:55:00	6,89	6,83	6,63	6,42	6,15	5,81	5,26	4,59	3,97	3,38	2,74	2,14	1,54	1,11	0,68	0,37	0,06	-0,27	-0,60	-0,86	-1,12	6,18
22/04/2019 21:00:00	6,34	6,55	6,32	6,01	5,67	5,25	4,71	4,12	3,56	2,99	2,38	1,82	1,26	0,87	0,47	0,19	-0,09	-0,40	-0,71	-0,96	-1,22	6,16
22/04/2019 21:05:00	6,26	6,53	6,39	6,13	5,81	5,40	4,83	4,18	3,55	2,92	2,25	1,64	1,02	0,58	0,13	-0,17	-0,48	-0,81	-1,14	-1,40	-1,66	5,95
22/04/2019 21:10:00	6,02	6,37	6,24	6,00	5,64	5,17	4,55	3,86	3,16	2,52	1,87	1,27	0,68	0,25	-0,17	-0,47	-0,76	-1,08	-1,40	-1,65	-1,91	6,00
22/04/2019 21:15:00	5,97	6,23	6,15	5,96	5,63	5,14	4,54	3,89	3,22	2,57	1,89	1,29	0,69	0,28	-0,14	-0,42	-0,70	-1,00	-1,30	-1,54	-1,79	5,93
22/04/2019 21:20:00	5,89	6,18	6,07	5,83	5,43	4,96	4,28	3,54	2,89	2,31	1,74	1,24	0,74	0,40	0,06	-0,19	-0,43	-0,71	-0,98	-1,21	-1,44	5,92
22/04/2019 21:25:00	5,86	6,20	6,03	5,73	5,36	4,87	4,35	3,81	3,25	2,64	1,96	1,38	0,80	0,41	0,01	-0,25	-0,51	-0,80	-1,10	-1,34	-1,59	5,86
22/04/2019 21:30:00	5,89	6,13	5,96	5,69	5,33	4,91	4,39	3,81	3,25	2,66	2,00	1,42	0,84	0,44	0,04	-0,23	-0,49	-0,79	-1,09	-1,34	-1,58	5,83
22/04/2019 21:35:00	5,92	6,21	6,12	5,90	5,52	4,96	4,32	3,66	3,07	2,44	1,76	1,20	0,64	0,28	-0,08	-0,32	-0,55	-0,80	-1,06	-1,29	-1,51	5,89
22/04/2019 21:40:00	5,82	6,22	6,12	5,90	5,53	5,00	4,30	3,56	2,99	2,39	1,73	1,18	0,63	0,27	-0,09	-0,32	-0,56	-0,82	-1,08	-1,30	-1,53	5,85
22/04/2019 21:45:00	5,74	6,21	6,13	5,86	5,44	4,85	4,25	3,66	3,09	2,49	1,83	1,30	0,77	0,44	0,10	-0,11	-0,33	-0,57	-0,82	-1,05	-1,27	5,80
22/04/2019 21:50:00	5,68	6,05	6,02	5,86	5,53	4,98	4,33	3,64	2,98	2,36	1,74	1,21	0,69	0,34	-0,01	-0,25	-0,49	-0,75	-1,01	-1,24	-1,47	5,75
22/04/2019 21:55:00	5,63	5,94	5,93	5,79	5,49	5,04	4,45	3,80	3,18	2,59	2,00	1,48	0,96	0,61	0,26	0,02	-0,23	-0,50	-0,77	-1,00	-1,23	5,62
22/04/2019 22:00:00	5,56	5,92	5,84	5,70	5,50	5,19	4,64	4,00	3,44	2,83	2,14	1,49	0,85	0,37	-0,10	-0,42	-0,74	-1,08	-1,42	-1,69	-1,95	5,63
22/04/2019 22:05:00	5,48	5,83	5,84	5,75	5,52	5,16	4,61	3,98	3,37	2,74	2,06	1,45	0,85	0,42	-0,01	-0,31	-0,60	-0,91	-1,22	-1,47	-1,73	5,53
22/04/2019 22:10:00	5,37	5,77	5,81	5,75	5,53	5,12	4,53	3,84	3,19	2,57	1,93	1,36	0,78	0,38	-0,03	-0,31	-0,59	-0,89	-1,19	-1,43	-1,68	5,43
22/04/2019 22:15:00	5,42	5,72	5,73	5,67	5,46	5,11	4,59	3,98	3,38	2,76	2,08	1,48	0,87	0,44	0,01	-0,28	-0,57	-0,88	-1,19	-1,44	-1,69	5,43
22/04/2019 22:20:00	5,36	5,58	5,56	5,50	5,35	5,05	4,67	4,19	3,67	3,07	2,38	1,76	1,14	0,69	0,24	-0,06	-0,36	-0,68	-1,00	-1,26	-1,52	5,38
22/04/2019 22:25:00	5,30	5,61	5,59	5,51	5,31	5,00	4,43	3,75	3,17	2,59	1,97	1,39	0,81	0,40	-0,01	-0,30	-0,60	-0,90	-1,21	-1,46	-1,71	5,36
22/04/2019 22:30:00	5,27	5,48	5,51	5,42	5,19	4,85	4,39	3,84	3,19	2,61	2,03	1,51	0,98	0,61	0,24	-0,04	-0,31	-0,60	-0,89	-1,14	-1,38	5,32
22/04/2019 22:35:00	5,22	5,49	5,56	5,50	5,23	4,85	4,25	3,58	3,00	2,45	1,89	1,41	0,93	0,62	0,31	0,09	-0,13	-0,38	-0,62	-0,84	-1,06	4,87
22/04/2019 22:40:00	5,21	5,53	5,54	5,48	5,30	4,94	4,38	3,74	3,19	2,62	1,99	1,43	0,87	0,49	0,10	-0,17	-0,43	-0,72	-1,00	-1,24	-1,48	4,71
22/04/2019 22:45:00	5,17	5,27	5,31	5,30	5,19	5,00	4,56	3,99	3,42	2,84	2,21	1,62	1,03	0,59	0,16	-0,15	-0,46	-0,78	-1,10	-1,36	-1,62	4,70
22/04/2019 22:50:00	5,15	5,39	5,42	5,44	5,37	5,00	4,52	3,94	3,33	2,72	2,08	1,48	0,88	0,45	0,02	-0,29	-0,59	-0,91	-1,22	-1,47	-1,72	5,03
22/04/2019 22:55:00	5,09	5,51	5,59	5,54	5,34	4,93	4,40	3,77	3,08	2,49	1,92	1,39	0,86	0,48	0,10	-0,18	-0,46	-0,76	-1,05	-1,30	-1,54	4,95
22/04/2019 23:00:00	4,96	5,29	5,35	5,37	5,25	4,84	4,28	3,63	3,02	2,43	1,80	1,24	0,67	0,28	-0,11	-0,38	-0,65	-0,94	-1,22	-1,46	-1,70	4,99
22/04/2019 23:05:00	4,98	5,14	5,21	5,24	5,13	4,78	4,24	3,60	3,01	2,42	1,79	1,22	0,65	0,26	-0,13	-0,40	-0,67	-0,95	-1,23	-1,47	-1,70	4,94
22/04/2019 23:10:00	4,79	5,26	5,24	5,10	4,89	4,58	4,12	3,59	3,06	2,55	2,01	1,51	1,01	0,64	0,28	0,01	-0,26	-0,55	-0,85	-1,09	-1,34	4,73
22/04/2019 23:15:00	4,87	5,25	5,33	5,34	5,20	4,85	4,32	3,67	2,97	2,38	1,80	1,25	0,69	0,29	-0,11	-0,41	-0,71	-1,02	-1,33	-1,58	-1,83	3,98
22/04/2019 23:20:00	4,87	5,18	5,28	5,33	5,21	4,84	4,29	3,63	3,00	2,40	1,76	1,18	0,61	0,21	-0,20	-0,47	-0,75	-1,04	-1,33	-1,57	-1,81	4,43
22/04/2019 23:25:00	4,74	5,00	5,12	5,14	4,96	4,61	4,12	3,54	2,96	2,37	1,74	1,20	0,65	0,28	-0,08	-0,33	-0,58	-0,85	-1,12	-1,34	-1,57	4,78
22/04/2019 23:30:00	4,53	5,15	5,25	5,21	5,03	4,66	4,13	3,53	2,94	2,36	1,75	1,20	0,66	0,27	-0,12	-0,40	-0,67	-0,96	-1,26	-1,50	-1,75	4,69
22/04/2019 23:35:00	4,66	5,23	5,44	5,50	5,28	4,85	4,22	3,52	2,85	2,24	1,63	1,11	0,59	0,24	-0,10	-0,34	-0,59	-0,85	-1,11	-1,33	-1,55	4,50
22/04/2019 23:40:00	4,68	5,13	5,26	5,28	5,13	4,77	4,24	3,63	3,11	2,50	1,82	1,24	0,65	0,26	-0,14	-0,40	-0,66	-0,94	-1,21	-1,45	-1,68	4,75
22/04/2019 23:45:00	4,73	4,98	5,05	5,09	4,98	4,72	4,25	3,67	3,06	2,52	1,97	1,45	0,92	0,55	0,17	-0,12	-0,40	-0,69	-0,99	-1,23	-1,48	4,37
22/04/2019 23:50:00	4,60	5,09	5,20	5,21	5,07	4,74	4,29	3,75	3,11	2,53	1,94	1,38	0,83	0,43	0,03	-0,26	-0,56	-0,87	-1,17	-1,43	-1,68	3,96
22/04/2019 23:55:00	4,63	5,00	5,13	5,17	5,05	4,89	4,45	3,85	3,22	2,64	2,05	1,47	0,88	0,45	0,01	-0,31	-0,63	-0,97	-1,30	-1,56	-1,82	4,17
