FileFormat:0002.2 file with temperature of atmosphere
SN105HE102 RTK
local	GMT or Local
0	GMT-Local=[hours]
20	Height[m]
0	0	0	Longitude                [grd]               [min]               [sec]
0	0	0	Latitude                [grd]               [min]               [sec]
N	NS
56,45	Freq[GHz]
0,00	dTemostat[K]
0,150	MessErr[K]
0,248	//[grad/step]
version 14.4.20120406
MTP5HE102F5645K-38.60I70D222917+A1.1
Commentary:
SN105HE102
парабола ДНА = 2,5 град
НЕ102 - ПУ - ХВБ с ЦСД " S "
АЦП - 202 - 09 с контр.U пит.и М
оптопара серии - 2
Т out № 178 пл
БП LPS - 112
End Of Commentary

SYSTEM\summer.dat
data time	0	50	100	150	200	250	300	350	400	450	500	550	600	650	700	750	800	850	900	950	1000	OutsideTemperature
22/05/2022 00:00:00	14,74	15,33	16,54	17,75	18,67	19,34	19,77	20,01	20,16	20,21	20,00	19,69	19,37	19,02	18,67	18,26	17,84	17,33	16,82	16,22	15,63	14,32
22/05/2022 00:05:00	15,02	15,71	16,86	17,98	18,84	19,44	19,84	20,11	20,14	20,03	19,72	19,34	18,95	18,54	18,13	17,68	17,24	16,70	16,16	15,54	14,92	14,16
22/05/2022 00:10:00	14,87	15,61	16,48	17,36	18,13	18,67	19,05	19,32	19,40	19,40	19,34	19,17	19,01	18,76	18,51	18,15	17,79	17,33	16,87	16,33	15,79	13,82
22/05/2022 00:15:00	14,86	15,80	16,67	17,46	18,07	18,49	18,82	19,11	19,18	19,16	19,04	18,85	18,66	18,41	18,16	17,82	17,48	17,05	16,62	16,12	15,61	14,09
22/05/2022 00:20:00	14,80	15,43	16,18	16,94	17,62	18,21	18,60	18,80	18,96	19,10	19,20	19,19	19,17	19,03	18,88	18,58	18,28	17,87	17,47	16,99	16,50	14,21
22/05/2022 00:25:00	14,89	15,21	16,08	17,01	17,83	18,57	19,12	19,49	19,65	19,73	19,77	19,68	19,60	19,40	19,21	18,88	18,56	18,11	17,66	17,12	16,58	14,15
22/05/2022 00:30:00	14,67	15,53	16,78	18,04	19,11	19,88	20,42	20,76	20,82	20,75	20,62	20,34	20,07	19,72	19,38	18,93	18,49	17,94	17,39	16,74	16,10	14,40
22/05/2022 00:35:00	14,75	15,58	16,56	17,52	18,31	18,92	19,35	19,63	19,73	19,75	19,62	19,40	19,18	18,90	18,62	18,25	17,88	17,41	16,94	16,38	15,83	14,12
22/05/2022 00:40:00	14,89	15,67	16,67	17,65	18,44	19,10	19,53	19,73	19,85	19,92	19,87	19,70	19,54	19,29	19,03	18,67	18,30	17,83	17,36	16,81	16,26	14,10
22/05/2022 00:45:00	14,96	15,89	16,93	17,97	18,86	19,49	19,92	20,19	20,31	20,34	20,24	20,04	19,84	19,56	19,28	18,90	18,52	18,03	17,54	16,97	16,40	13,94
22/05/2022 00:50:00	14,92	15,69	16,78	17,88	18,80	19,46	19,89	20,15	20,25	20,26	20,19	19,99	19,79	19,51	19,22	18,82	18,42	17,92	17,42	16,83	16,24	13,66
22/05/2022 00:55:00	14,88	15,57	16,68	17,78	18,62	19,31	19,78	20,05	20,21	20,29	20,14	19,89	19,65	19,35	19,05	18,68	18,30	17,82	17,34	16,77	16,20	13,60
22/05/2022 01:00:00	14,94	15,65	16,73	17,79	18,63	19,31	19,77	20,03	20,18	20,24	20,16	19,97	19,78	19,51	19,24	18,87	18,49	18,01	17,53	16,97	16,40	13,39
22/05/2022 01:05:00	14,96	15,82	16,84	17,89	18,82	19,47	19,90	20,18	20,25	20,23	20,19	20,01	19,83	19,55	19,27	18,88	18,48	17,98	17,47	16,89	16,30	13,69
22/05/2022 01:10:00	15,13	15,90	16,91	17,94	18,85	19,47	19,88	20,13	20,29	20,37	20,33	20,17	20,00	19,75	19,50	19,14	18,77	18,29	17,82	17,26	16,70	13,70
22/05/2022 01:15:00	15,29	15,94	17,05	18,16	19,02	19,76	20,26	20,54	20,68	20,71	20,54	20,28	20,01	19,69	19,38	18,98	18,59	18,08	17,57	16,97	16,37	14,03
22/05/2022 01:20:00	15,12	16,10	17,22	18,32	19,20	19,84	20,28	20,53	20,61	20,59	20,46	20,21	19,97	19,66	19,35	18,94	18,53	18,02	17,50	16,91	16,31	14,26
22/05/2022 01:25:00	15,21	16,03	17,16	18,31	19,26	19,96	20,47	20,84	20,94	20,91	20,77	20,53	20,28	19,96	19,65	19,24	18,84	18,32	17,80	17,18	16,57	14,50
22/05/2022 01:30:00	15,13	16,13	17,35	18,53	19,47	20,06	20,45	20,74	20,84	20,82	20,58	20,26	19,93	19,57	19,20	18,78	18,35	17,83	17,30	16,70	16,09	14,19
22/05/2022 01:35:00	15,25	16,03	17,22	18,37	19,23	19,85	20,28	20,57	20,69	20,70	20,53	20,26	20,00	19,68	19,36	18,95	18,55	18,05	17,55	16,96	16,37	13,98
22/05/2022 01:40:00	15,29	16,22	17,45	18,60	19,43	20,08	20,53	20,80	20,88	20,87	20,80	20,60	20,40	20,11	19,82	19,42	19,02	18,51	18,01	17,42	16,83	13,91
22/05/2022 01:45:00	15,37	16,24	17,46	18,63	19,53	20,18	20,60	20,83	20,91	20,91	20,81	20,59	20,36	20,05	19,74	19,32	18,90	18,38	17,86	17,26	16,66	14,96
22/05/2022 01:50:00	15,46	16,25	17,43	18,60	19,57	20,29	20,78	21,08	21,26	21,33	21,10	20,79	20,48	20,14	19,79	19,39	18,99	18,47	17,96	17,35	16,74	14,80
22/05/2022 01:55:00	15,46	16,30	17,60	18,85	19,77	20,47	20,94	21,21	21,29	21,26	21,11	20,83	20,56	20,22	19,87	19,44	19,00	18,46	17,92	17,30	16,67	14,82
22/05/2022 02:00:00	15,53	16,44	17,72	19,03	20,12	20,80	21,23	21,49	21,60	21,60	21,33	20,96	20,59	20,18	19,78	19,32	18,86	18,29	17,73	17,08	16,42	15,52
22/05/2022 02:05:00	15,57	16,56	17,85	19,06	19,91	20,51	20,93	21,22	21,28	21,20	21,01	20,70	20,40	20,05	19,69	19,25	18,82	18,29	17,75	17,14	16,53	15,77
22/05/2022 02:10:00	15,53	16,37	17,75	19,07	20,00	20,63	21,02	21,24	21,32	21,29	21,03	20,67	20,30	19,90	19,50	19,04	18,57	18,02	17,47	16,83	16,20	15,77
22/05/2022 02:15:00	15,52	16,39	17,82	19,19	20,17	20,93	21,44	21,72	21,82	21,78	21,53	21,17	20,81	20,41	20,01	19,55	19,09	18,52	17,96	17,30	16,64	16,04
22/05/2022 02:20:00	15,48	16,60	17,99	19,29	20,23	20,91	21,37	21,64	21,74	21,71	21,44	21,08	20,72	20,32	19,93	19,48	19,03	18,48	17,93	17,29	16,65	15,99
22/05/2022 02:25:00	15,69	16,84	18,24	19,57	20,56	21,26	21,69	21,86	21,89	21,80	21,51	21,11	20,70	20,26	19,83	19,33	18,84	18,25	17,66	16,99	16,31	16,12
22/05/2022 02:30:00	15,78	16,94	18,31	19,56	20,44	21,08	21,50	21,76	21,77	21,62	21,39	21,05	20,71	20,31	19,92	19,45	18,97	18,41	17,84	17,19	16,54	16,48
22/05/2022 02:35:00	15,74	16,91	18,19	19,40	20,32	20,93	21,34	21,59	21,58	21,41	21,14	20,76	20,39	19,97	19,56	19,08	18,60	18,02	17,45	16,79	16,13	16,26
22/05/2022 02:40:00	15,98	16,89	18,10	19,29	20,22	20,89	21,35	21,64	21,70	21,62	21,40	21,07	20,75	20,37	20,00	19,55	19,11	18,55	18,00	17,35	16,71	16,32
22/05/2022 02:45:00	15,85	16,65	17,90	19,17	20,24	20,95	21,44	21,78	21,91	21,91	21,68	21,35	21,01	20,64	20,26	19,83	19,39	18,83	18,28	17,63	16,98	16,10
22/05/2022 02:50:00	15,86	16,86	18,16	19,41	20,40	21,10	21,57	21,89	21,98	21,95	21,80	21,53	21,26	20,92	20,58	20,15	19,71	19,16	18,62	17,98	17,34	15,95
22/05/2022 02:55:00	15,84	16,75	18,24	19,64	20,65	21,42	21,94	22,23	22,32	22,27	22,08	21,75	21,42	21,04	20,65	20,19	19,72	19,15	18,57	17,91	17,24	15,72
22/05/2022 03:00:00	15,90	17,02	18,51	19,91	20,96	21,70	22,17	22,43	22,54	22,53	22,24	21,85	21,47	21,05	20,63	20,15	19,68	19,10	18,52	17,85	17,18	15,75
22/05/2022 03:05:00	16,05	16,94	18,40	19,79	20,81	21,58	22,11	22,43	22,56	22,54	22,24	21,84	21,44	21,02	20,60	20,14	19,67	19,10	18,53	17,86	17,19	15,77
22/05/2022 03:10:00	16,08	17,22	18,64	19,97	20,90	21,59	22,02	22,25	22,32	22,29	22,02	21,66	21,30	20,89	20,49	20,02	19,56	18,99	18,42	17,77	17,11	15,56
22/05/2022 03:15:00	15,98	17,16	18,61	19,96	20,92	21,51	21,88	22,12	22,17	22,11	21,93	21,63	21,32	20,95	20,58	20,11	19,64	19,08	18,52	17,88	17,24	14,85
22/05/2022 03:20:00	16,19	17,29	18,76	20,17	21,24	21,87	22,30	22,61	22,70	22,65	22,35	21,96	21,56	21,13	20,71	20,23	19,75	19,17	18,58	17,91	17,24	14,83
22/05/2022 03:25:00	16,32	17,39	18,75	20,01	20,94	21,61	22,06	22,32	22,44	22,43	22,15	21,78	21,42	21,03	20,63	20,19	19,74	19,19	18,64	17,99	17,35	15,22
22/05/2022 03:30:00	16,26	17,35	18,85	20,26	21,25	21,96	22,40	22,62	22,71	22,68	22,33	21,89	21,45	20,99	20,54	20,05	19,56	18,97	18,38	17,70	17,02	15,16
22/05/2022 03:35:00	16,12	17,38	18,90	20,25	21,09	21,80	22,26	22,47	22,53	22,46	22,21	21,86	21,50	21,11	20,71	20,24	19,77	19,20	18,63	17,98	17,33	14,39
22/05/2022 03:40:00	16,32	17,55	18,93	20,23	21,16	21,77	22,19	22,50	22,58	22,50	22,22	21,86	21,49	21,09	20,69	20,23	19,77	19,21	18,64	17,99	17,34	15,55
22/05/2022 03:45:00	16,53	17,89	19,28	20,57	21,49	22,14	22,51	22,65	22,66	22,56	22,25	21,83	21,42	20,97	20,53	20,03	19,53	18,93	18,34	17,66	16,99	15,79
22/05/2022 03:50:00	16,54	17,90	19,26	20,48	21,30	21,90	22,28	22,48	22,49	22,36	22,07	21,69	21,31	20,89	20,48	20,00	19,53	18,95	18,38	17,73	17,07	16,17
22/05/2022 03:55:00	16,38	17,72	19,13	20,44	21,38	22,01	22,39	22,54	22,52	22,36	22,02	21,59	21,15	20,68	20,21	19,70	19,18	18,57	17,97	17,28	16,58	15,29
22/05/2022 04:00:00	16,16	17,48	18,83	20,07	20,98	21,57	21,92	22,06	22,08	21,98	21,70	21,32	20,94	20,52	20,10	19,62	19,13	18,56	17,98	17,33	16,67	12,84
22/05/2022 04:05:00	16,10	17,40	18,78	20,06	21,00	21,67	22,12	22,37	22,40	22,27	22,00	21,63	21,26	20,84	20,43	19,95	19,47	18,89	18,31	17,64	16,97	12,67
22/05/2022 04:10:00	15,89	17,13	18,49	19,78	20,76	21,44	21,88	22,13	22,23	22,23	21,98	21,63	21,29	20,90	20,52	20,06	19,61	19,06	18,50	17,86	17,21	12,12
22/05/2022 04:15:00	15,65	16,89	18,32	19,68	20,65	21,42	21,92	22,15	22,23	22,19	21,95	21,60	21,25	20,85	20,45	19,99	19,52	18,95	18,37	17,71	17,05	11,83
22/05/2022 04:20:00	15,44	16,89	18,30	19,55	20,37	20,97	21,36	21,57	21,62	21,57	21,34	21,02	20,69	20,32	19,95	19,50	19,05	18,52	17,98	17,36	16,75	11,81
22/05/2022 04:25:00	14,89	16,67	18,03	19,25	20,12	20,82	21,25	21,42	21,54	21,60	21,44	21,20	20,95	20,64	20,32	19,91	19,50	18,98	18,47	17,87	17,28	12,01
22/05/2022 04:30:00	15,02	16,83	18,18	19,38	20,29	20,92	21,32	21,52	21,58	21,57	21,40	21,13	20,87	20,53	20,20	19,76	19,33	18,80	18,27	17,67	17,06	12,12
22/05/2022 04:35:00	14,98	16,67	18,03	19,29	20,25	20,87	21,29	21,56	21,62	21,60	21,51	21,29	21,08	20,77	20,46	20,03	19,61	19,07	18,54	17,93	17,32	12,36
22/05/2022 04:40:00	14,59	16,63	17,96	19,12	19,91	20,55	20,95	21,12	21,16	21,15	21,06	20,86	20,66	20,37	20,08	19,67	19,25	18,74	18,24	17,66	17,08	12,11
22/05/2022 04:45:00	14,63	16,49	17,76	19,01	20,13	20,65	20,99	21,25	21,32	21,29	21,19	20,97	20,75	20,43	20,11	19,67	19,23	18,70	18,16	17,55	16,94	11,80
22/05/2022 04:50:00	14,80	16,46	17,76	18,92	19,75	20,42	20,89	21,17	21,28	21,30	21,20	21,00	20,80	20,52	20,24	19,85	19,47	18,97	18,47	17,90	17,33	11,59
22/05/2022 04:55:00	14,73	16,44	17,61	18,71	19,60	20,22	20,67	20,98	21,12	21,15	20,93	20,66	20,39	20,07	19,76	19,38	18,99	18,50	18,00	17,42	16,84	11,53
22/05/2022 05:00:00	14,46	16,12	17,49	18,70	19,55	20,12	20,46	20,62	20,67	20,65	20,46	20,17	19,89	19,54	19,19	18,75	18,32	17,80	17,28	16,69	16,11	11,53
22/05/2022 05:05:00	14,15	15,91	17,01	17,98	18,74	19,36	19,78	20,04	20,10	20,07	19,88	19,64	19,40	19,10	18,80	18,42	18,04	17,56	17,08	16,52	15,97	11,68
22/05/2022 05:10:00	13,87	15,39	16,50	17,57	18,51	19,09	19,47	19,70	19,84	19,88	19,69	19,43	19,18	18,87	18,56	18,17	17,78	17,30	16,82	16,26	15,70	11,55
22/05/2022 05:15:00	13,51	15,26	16,29	17,20	17,91	18,37	18,66	18,80	18,83	18,81	18,69	18,49	18,29	18,02	17,74	17,36	16,99	16,53	16,07	15,55	15,04	11,47
22/05/2022 05:20:00	13,48	15,41	16,46	17,35	18,02	18,53	18,87	19,06	19,11	19,11	18,96	18,75	18,55	18,28	18,01	17,65	17,29	16,84	16,39	15,89	15,38	11,57
22/05/2022 05:25:00	13,42	15,44	16,51	17,48	18,27	18,81	19,16	19,36	19,41	19,37	19,14	18,87	18,60	18,28	17,96	17,58	17,19	16,71	16,23	15,68	15,14	11,39
22/05/2022 05:30:00	13,58	15,14	16,23	17,22	17,94	18,44	18,82	19,13	19,19	19,16	19,00	18,78	18,56	18,28	18,00	17,64	17,28	16,82	16,36	15,84	15,31	11,35
22/05/2022 05:35:00	12,99	14,91	15,98	16,93	17,70	18,28	18,65	18,84	18,84	18,79	18,71	18,53	18,35	18,08	17,82	17,43	17,05	16,58	16,11	15,57	15,04	11,33
22/05/2022 05:40:00	12,94	14,85	15,97	16,97	17,73	18,32	18,75	19,06	19,13	19,09	18,87	18,61	18,35	18,05	17,74	17,38	17,01	16,55	16,09	15,56	15,02	11,14
22/05/2022 05:45:00	12,61	14,47	15,52	16,50	17,37	17,97	18,36	18,58	18,66	18,70	18,65	18,50	18,36	18,12	17,88	17,52	17,16	16,71	16,25	15,73	15,21	11,11
22/05/2022 05:50:00	12,01	14,20	15,47	16,45	17,01	17,46	17,73	17,84	17,84	17,78	17,62	17,40	17,18	16,89	16,59	16,21	15,83	15,39	14,95	14,47	13,98	11,13
22/05/2022 05:55:00	12,40	13,99	14,98	15,91	16,70	17,25	17,62	17,86	17,94	17,95	17,81	17,60	17,40	17,13	16,86	16,50	16,15	15,71	15,27	14,76	14,26	11,06
22/05/2022 06:00:00	12,15	13,83	14,81	15,78	16,73	17,31	17,67	17,89	17,95	17,93	17,77	17,53	17,29	16,99	16,69	16,30	15,92	15,45	14,98	14,44	13,91	11,01
22/05/2022 06:05:00	11,84	13,73	14,71	15,66	16,57	17,04	17,39	17,67	17,57	17,47	17,46	17,32	17,19	16,93	16,68	16,28	15,89	15,42	14,94	14,41	13,88	11,03
22/05/2022 06:10:00	12,49	13,63	14,65	15,60	16,33	16,70	17,01	17,31	17,25	17,10	16,86	16,56	16,25	15,91	15,56	15,16	14,77	14,30	13,83	13,31	12,78	10,95
22/05/2022 06:15:00	12,05	13,78	14,98	15,97	16,62	17,02	17,24	17,33	17,29	17,17	16,94	16,64	16,34	15,99	15,64	15,23	14,81	14,34	13,87	13,36	12,84	11,08
22/05/2022 06:20:00	11,75	13,21	14,18	15,06	15,75	16,25	16,63	16,92	16,93	16,86	16,69	16,46	16,23	15,95	15,66	15,31	14,96	14,53	14,10	13,61	13,12	11,10
22/05/2022 06:25:00	11,40	12,93	13,92	14,88	15,75	16,22	16,56	16,80	16,77	16,66	16,47	16,20	15,93	15,60	15,28	14,88	14,49	14,02	13,56	13,03	12,50	11,08
22/05/2022 06:30:00	11,22	12,70	13,68	14,65	15,56	16,22	16,58	16,68	16,62	16,51	16,34	16,06	15,79	15,44	15,09	14,67	14,24	13,74	13,24	12,68	12,11	11,23
22/05/2022 06:35:00	11,41	13,34	14,02	14,60	15,12	15,48	15,73	15,89	15,79	15,72	15,74	15,68	15,61	15,43	15,25	14,93	14,61	14,22	13,84	13,41	12,98	11,26
22/05/2022 06:40:00	10,95	13,22	14,27	15,05	15,52	15,78	15,94	16,04	15,97	15,88	15,76	15,57	15,39	15,13	14,87	14,51	14,16	13,76	13,37	12,94	12,52	11,24
22/05/2022 06:45:00	10,43	13,11	14,33	15,20	15,68	16,11	16,25	16,17	16,12	16,02	15,81	15,54	15,27	14,95	14,63	14,23	13,84	13,41	12,98	12,52	12,06	11,45
22/05/2022 06:50:00	10,97	13,44	14,58	15,35	15,66	16,04	16,29	16,45	16,38	16,33	16,33	16,25	16,18	15,99	15,81	15,49	15,17	14,80	14,44	14,04	13,64	11,37
22/05/2022 06:55:00	11,25	13,28	14,35	15,30	16,07	16,66	17,06	17,32	17,28	17,16	16,92	16,63	16,34	16,01	15,68	15,30	14,91	14,45	13,98	13,45	12,93	11,57
22/05/2022 07:00:00	11,21	13,61	14,70	15,56	16,19	16,67	16,93	17,02	17,01	16,88	16,50	16,12	15,75	15,37	14,99	14,60	14,21	13,76	13,32	12,82	12,33	11,99
22/05/2022 07:05:00	11,01	13,45	14,68	15,69	16,42	16,68	16,81	16,88	16,87	16,78	16,56	16,28	16,00	15,67	15,33	14,93	14,52	14,08	13,63	13,15	12,67	12,15
22/05/2022 07:10:00	10,93	13,58	14,71	15,71	16,61	16,97	17,17	17,26	17,23	17,12	16,84	16,51	16,18	15,81	15,44	15,02	14,60	14,12	13,65	13,13	12,61	12,42
22/05/2022 07:15:00	11,10	13,26	14,76	15,89	16,52	16,93	17,25	17,52	17,55	17,43	17,04	16,64	16,24	15,86	15,47	15,08	14,68	14,24	13,80	13,32	12,83	12,43
22/05/2022 07:20:00	10,94	13,19	14,87	16,19	16,99	17,38	17,63	17,80	17,80	17,66	17,35	16,96	16,57	16,15	15,74	15,29	14,84	14,35	13,86	13,33	12,80	12,55
22/05/2022 07:25:00	11,14	13,43	14,97	16,21	17,02	17,55	17,80	17,86	17,80	17,66	17,40	17,05	16,70	16,30	15,89	15,42	14,95	14,44	13,92	13,36	12,80	12,94
22/05/2022 07:30:00	10,97	14,25	15,70	16,65	17,00	17,24	17,34	17,33	17,12	16,93	16,78	16,56	16,34	16,03	15,72	15,30	14,88	14,43	13,99	13,53	13,07	13,25
22/05/2022 07:35:00	11,50	13,22	15,02	16,50	17,42	17,99	18,34	18,56	18,51	18,32	17,94	17,47	16,99	16,51	16,02	15,51	15,01	14,46	13,91	13,30	12,69	13,52
22/05/2022 07:40:00	11,29	13,24	14,75	16,11	17,24	17,78	18,17	18,48	18,48	18,37	18,14	17,80	17,46	17,07	16,68	16,22	15,77	15,25	14,73	14,14	13,56	13,98
22/05/2022 07:45:00	11,42	13,36	15,05	16,46	17,37	17,95	18,33	18,56	18,61	18,47	18,03	17,54	17,05	16,57	16,10	15,63	15,17	14,64	14,12	13,53	12,95	14,39
22/05/2022 07:50:00	11,37	13,02	14,89	16,42	17,33	17,89	18,32	18,69	18,70	18,57	18,26	17,86	17,45	17,02	16,59	16,13	15,67	15,15	14,63	14,05	13,47	14,72
22/05/2022 07:55:00	11,63	12,81	14,71	16,44	17,71	18,51	19,00	19,28	19,35	19,24	18,90	18,42	17,93	17,43	16,93	16,40	15,87	15,28	14,68	14,00	13,33	15,09
22/05/2022 08:00:00	11,70	13,19	14,96	16,48	17,52	17,94	18,26	18,54	18,70	18,65	18,26	17,80	17,34	16,89	16,44	15,99	15,53	15,03	14,52	13,95	13,39	15,24
22/05/2022 08:05:00	11,81	13,50	15,25	16,83	18,03	18,78	19,22	19,45	19,43	19,21	18,72	18,14	17,56	16,99	16,43	15,88	15,34	14,73	14,12	13,43	12,74	15,20
22/05/2022 08:10:00	12,28	14,28	15,75	16,91	17,61	17,92	18,12	18,30	18,26	18,13	17,90	17,58	17,27	16,90	16,54	16,11	15,68	15,21	14,73	14,22	13,70	15,88
22/05/2022 08:15:00	12,56	13,69	14,97	16,26	17,44	18,15	18,58	18,81	18,89	18,85	18,62	18,26	17,91	17,51	17,12	16,66	16,21	15,67	15,13	14,51	13,89	16,07
22/05/2022 08:20:00	12,37	13,92	15,47	16,76	17,59	18,26	18,67	18,85	18,80	18,59	18,18	17,70	17,22	16,74	16,26	15,77	15,28	14,73	14,18	13,56	12,94	16,37
22/05/2022 08:25:00	12,49	13,56	15,00	16,38	17,53	18,09	18,49	18,80	18,86	18,73	18,32	17,82	17,32	16,84	16,36	15,88	15,40	14,85	14,30	13,67	13,05	16,21
22/05/2022 08:30:00	12,81	13,64	15,08	16,48	17,63	18,28	18,74	19,08	19,08	18,89	18,47	17,95	17,44	16,94	16,43	15,93	15,43	14,85	14,27	13,60	12,94	16,77
22/05/2022 08:35:00	13,07	13,84	15,43	16,84	17,75	18,39	18,77	18,95	18,92	18,74	18,41	17,96	17,50	17,02	16,54	16,03	15,53	14,96	14,40	13,76	13,12	17,09
22/05/2022 08:40:00	13,19	13,89	15,40	16,82	17,86	18,49	18,88	19,12	19,15	19,03	18,73	18,29	17,86	17,41	16,95	16,46	15,97	15,41	14,85	14,21	13,57	17,25
22/05/2022 08:45:00	13,53	14,12	15,44	16,73	17,77	18,62	19,09	19,21	19,27	19,17	18,79	18,30	17,81	17,33	16,84	16,35	15,86	15,28	14,71	14,04	13,38	17,49
22/05/2022 08:50:00	13,83	14,38	15,44	16,51	17,45	18,03	18,43	18,73	18,75	18,61	18,36	18,00	17,65	17,26	16,87	16,44	16,01	15,49	14,97	14,37	13,77	18,16
22/05/2022 08:55:00	14,05	14,35	15,16	16,12	17,14	17,87	18,35	18,66	18,76	18,76	18,67	18,46	18,25	17,97	17,68	17,30	16,92	16,42	15,93	15,35	14,76	18,30
22/05/2022 09:00:00	14,34	14,59	15,58	16,67	17,70	18,41	18,92	19,29	19,40	19,37	19,17	18,87	18,57	18,22	17,88	17,47	17,07	16,56	16,05	15,44	14,83	18,35
22/05/2022 09:05:00	14,64	14,85	15,83	16,84	17,65	18,28	18,67	18,84	18,90	18,86	18,59	18,23	17,87	17,49	17,11	16,69	16,27	15,76	15,25	14,66	14,07	19,49
22/05/2022 09:10:00	14,94	15,02	15,72	16,48	17,14	17,65	18,02	18,30	18,28	18,15	18,04	17,82	17,60	17,31	17,03	16,65	16,27	15,80	15,33	14,78	14,24	18,71
22/05/2022 09:15:00	15,20	15,18	15,84	16,49	16,95	17,33	17,57	17,67	17,74	17,78	17,73	17,58	17,44	17,22	16,99	16,67	16,34	15,93	15,53	15,06	14,59	18,97
22/05/2022 09:20:00	15,38	15,46	16,02	16,66	17,25	17,57	17,73	17,80	17,74	17,63	17,57	17,39	17,21	16,93	16,66	16,28	15,89	15,43	14,97	14,45	13,93	19,42
22/05/2022 09:25:00	15,62	15,47	16,01	16,62	17,11	17,59	17,87	17,91	17,97	17,97	17,72	17,42	17,11	16,79	16,47	16,11	15,74	15,30	14,85	14,32	13,80	19,92
22/05/2022 09:30:00	15,87	15,82	16,38	17,06	17,72	18,17	18,43	18,51	18,54	18,49	18,17	17,79	17,42	17,04	16,66	16,26	15,86	15,37	14,88	14,31	13,75	20,06
22/05/2022 09:35:00	16,19	15,93	16,46	17,12	17,73	18,13	18,35	18,39	18,31	18,13	17,82	17,42	17,03	16,62	16,21	15,78	15,34	14,82	14,30	13,71	13,12	20,34
22/05/2022 09:40:00	16,54	16,20	16,59	17,16	17,76	18,21	18,48	18,58	18,59	18,51	18,24	17,90	17,57	17,21	16,86	16,47	16,09	15,60	15,12	14,55	13,99	21,49
22/05/2022 09:45:00	16,78	16,43	16,70	17,18	17,79	18,08	18,19	18,22	18,21	18,16	17,90	17,59	17,27	16,93	16,59	16,20	15,81	15,34	14,87	14,33	13,78	21,26
22/05/2022 09:50:00	16,93	16,39	16,53	16,80	17,08	17,33	17,51	17,62	17,66	17,68	17,63	17,51	17,40	17,21	17,03	16,74	16,46	16,08	15,70	15,26	14,81	22,18
22/05/2022 09:55:00	17,08	16,74	16,97	17,26	17,47	17,65	17,72	17,69	17,64	17,58	17,45	17,26	17,06	16,81	16,56	16,23	15,90	15,49	15,08	14,62	14,15	21,76
22/05/2022 10:00:00	17,38	17,03	17,26	17,57	17,81	17,97	18,05	18,07	18,04	17,98	17,78	17,55	17,31	17,03	16,76	16,42	16,09	15,67	15,25	14,77	14,30	21,20
22/05/2022 10:05:00	17,59	17,28	17,49	17,79	18,06	18,31	18,48	18,56	18,52	18,40	18,15	17,86	17,58	17,28	16,97	16,62	16,27	15,83	15,39	14,88	14,37	21,57
22/05/2022 10:10:00	17,77	17,38	17,44	17,63	17,87	18,01	18,09	18,13	18,04	17,88	17,70	17,48	17,26	16,98	16,71	16,37	16,02	15,59	15,16	14,67	14,17	22,48
22/05/2022 10:15:00	17,96	17,68	17,71	17,82	17,96	18,10	18,13	18,00	17,83	17,63	17,47	17,25	17,03	16,75	16,47	16,10	15,74	15,30	14,86	14,37	13,87	22,79
22/05/2022 10:20:00	18,10	17,79	17,85	17,98	18,04	18,06	18,00	17,89	17,72	17,52	17,25	16,95	16,64	16,32	16,00	15,63	15,26	14,82	14,39	13,90	13,41	22,47
22/05/2022 10:25:00	18,37	17,99	17,99	18,13	18,34	18,42	18,41	18,32	18,15	17,92	17,59	17,23	16,87	16,51	16,14	15,75	15,35	14,88	14,41	13,87	13,34	23,33
22/05/2022 10:30:00	18,82	18,45	18,34	18,28	18,20	18,09	17,92	17,64	17,44	17,30	17,08	16,83	16,58	16,30	16,01	15,67	15,32	14,91	14,51	14,06	13,62	23,31
22/05/2022 10:35:00	18,90	18,50	18,27	18,21	18,36	18,34	18,22	18,05	17,87	17,68	17,44	17,16	16,89	16,58	16,27	15,91	15,54	15,10	14,66	14,17	13,68	23,00
22/05/2022 10:40:00	19,20	18,84	18,70	18,64	18,64	18,59	18,47	18,31	18,15	17,99	17,67	17,33	17,00	16,67	16,34	15,99	15,63	15,20	14,78	14,30	13,82	25,30
22/05/2022 10:45:00	19,48	19,19	19,00	18,84	18,69	18,59	18,46	18,22	17,97	17,71	17,36	17,01	16,65	16,30	15,95	15,58	15,21	14,77	14,34	13,85	13,37	23,90
22/05/2022 10:50:00	19,80	19,45	19,21	18,99	18,79	18,57	18,34	18,16	17,90	17,59	17,40	17,19	16,98	16,71	16,45	16,10	15,75	15,35	14,94	14,50	14,05	24,81
22/05/2022 10:55:00	19,91	19,59	19,39	19,20	18,96	18,68	18,35	18,00	17,70	17,44	17,11	16,76	16,42	16,08	15,73	15,35	14,97	14,54	14,12	13,66	13,21	24,26
22/05/2022 11:00:00	20,16	19,86	19,57	19,28	18,95	18,59	18,22	17,82	17,50	17,27	16,98	16,68	16,38	16,07	15,76	15,40	15,04	14,64	14,24	13,81	13,38	24,99
22/05/2022 11:05:00	20,60	20,31	20,02	19,73	19,41	19,07	18,72	18,33	17,91	17,45	17,03	16,61	16,20	15,79	15,38	14,95	14,52	14,06	13,59	13,09	12,60	26,63
22/05/2022 11:10:00	20,86	20,49	20,08	19,71	19,39	18,95	18,48	18,09	17,67	17,21	16,85	16,50	16,15	15,78	15,41	15,00	14,58	14,13	13,68	13,21	12,74	25,49
22/05/2022 11:15:00	21,10	20,72	20,36	20,01	19,56	19,13	18,72	18,32	17,90	17,44	17,03	16,63	16,23	15,84	15,44	15,03	14,62	14,17	13,72	13,25	12,77	25,98
22/05/2022 11:20:00	21,51	21,20	20,69	20,13	19,59	19,10	18,63	18,15	17,72	17,31	16,96	16,64	16,31	15,98	15,64	15,26	14,88	14,47	14,06	13,62	13,19	26,69
22/05/2022 11:25:00	21,60	21,32	20,83	20,30	19,78	19,26	18,76	18,30	17,84	17,37	16,93	16,53	16,12	15,73	15,33	14,93	14,52	14,08	13,64	13,18	12,72	25,97
22/05/2022 11:30:00	22,03	21,49	20,96	20,44	19,88	19,32	18,77	18,28	17,83	17,42	16,97	16,55	16,12	15,72	15,32	14,92	14,52	14,08	13,65	13,20	12,75	26,51
22/05/2022 11:35:00	22,15	21,83	21,26	20,68	20,15	19,59	19,03	18,47	17,98	17,54	17,08	16,65	16,21	15,80	15,39	14,98	14,56	14,11	13,66	13,20	12,74	25,99
22/05/2022 11:40:00	22,57	21,92	21,36	20,81	20,28	19,76	19,28	18,86	18,38	17,83	17,34	16,90	16,45	16,03	15,60	15,18	14,75	14,28	13,81	13,32	12,83	26,86
22/05/2022 11:45:00	22,44	21,89	21,33	20,73	20,09	19,52	19,01	18,58	18,15	17,72	17,26	16,84	16,42	16,03	15,65	15,26	14,88	14,45	14,03	13,59	13,14	26,77
22/05/2022 11:50:00	22,54	22,23	21,68	21,08	20,41	19,80	19,22	18,67	18,12	17,56	17,06	16,61	16,17	15,74	15,32	14,88	14,44	13,98	13,53	13,05	12,58	26,78
22/05/2022 11:55:00	22,69	22,29	21,71	21,10	20,41	19,74	19,14	18,69	18,19	17,62	17,11	16,66	16,21	15,79	15,37	14,95	14,53	14,08	13,64	13,17	12,71	27,06
22/05/2022 12:00:00	22,93	22,46	21,90	21,32	20,72	20,15	19,58	18,99	18,42	17,87	17,33	16,83	16,33	15,87	15,40	14,95	14,49	14,01	13,52	13,02	12,53	28,06
22/05/2022 12:05:00	22,99	22,53	21,98	21,41	20,81	20,19	19,59	19,13	18,61	18,00	17,44	16,94	16,44	15,98	15,52	15,07	14,62	14,14	13,65	13,15	12,65	26,91
22/05/2022 12:10:00	23,10	22,80	22,17	21,50	20,92	20,30	19,68	19,11	18,56	18,05	17,50	16,99	16,49	16,03	15,57	15,12	14,68	14,21	13,74	13,25	12,76	26,58
22/05/2022 12:15:00	23,20	22,70	22,14	21,57	20,92	20,33	19,78	19,24	18,69	18,11	17,63	17,20	16,77	16,35	15,92	15,48	15,04	14,56	14,09	13,60	13,11	27,16
22/05/2022 12:20:00	23,46	23,07	22,53	21,93	21,22	20,53	19,89	19,33	18,75	18,16	17,56	17,02	16,47	15,99	15,50	15,04	14,58	14,10	13,61	13,12	12,62	27,25
22/05/2022 12:25:00	23,58	23,07	22,55	22,04	21,51	20,95	20,38	19,79	19,20	18,62	17,99	17,38	16,78	16,24	15,71	15,21	14,71	14,19	13,66	13,12	12,57	26,89
22/05/2022 12:30:00	23,70	23,27	22,70	22,07	21,30	20,55	19,86	19,32	18,76	18,19	17,58	17,02	16,46	15,97	15,48	15,03	14,58	14,11	13,64	13,16	12,68	27,27
22/05/2022 12:35:00	23,82	23,23	22,63	21,99	21,30	20,63	19,99	19,39	18,82	18,31	17,81	17,34	16,87	16,44	16,00	15,56	15,12	14,66	14,20	13,72	13,24	27,33
22/05/2022 12:40:00	23,79	23,28	22,77	22,23	21,63	21,06	20,50	19,89	19,31	18,77	18,17	17,60	17,02	16,51	16,01	15,53	15,05	14,54	14,03	13,50	12,98	27,23
22/05/2022 12:45:00	23,93	23,67	23,09	22,47	21,89	21,31	20,73	20,17	19,59	18,96	18,36	17,83	17,29	16,80	16,31	15,82	15,34	14,82	14,30	13,77	13,23	27,92
22/05/2022 12:50:00	24,09	23,56	23,05	22,55	22,00	21,42	20,85	20,29	19,65	18,91	18,27	17,71	17,15	16,62	16,09	15,56	15,04	14,48	13,93	13,35	12,78	28,25
22/05/2022 12:55:00	24,16	23,71	23,00	22,29	21,62	20,95	20,32	19,83	19,32	18,76	18,19	17,68	17,16	16,70	16,24	15,81	15,37	14,89	14,42	13,92	13,43	27,95
22/05/2022 13:00:00	24,20	24,03	23,46	22,82	22,21	21,61	21,01	20,27	19,59	18,98	18,32	17,69	17,06	16,51	15,95	15,43	14,92	14,38	13,84	13,28	12,72	28,43
22/05/2022 13:05:00	24,41	23,99	23,49	22,96	22,34	21,77	21,23	20,65	20,02	19,33	18,65	18,03	17,41	16,85	16,29	15,77	15,25	14,70	14,15	13,57	13,00	28,93
22/05/2022 13:10:00	24,46	23,93	23,29	22,65	22,09	21,54	20,99	20,38	19,80	19,28	18,70	18,14	17,58	17,09	16,59	16,11	15,64	15,13	14,62	14,08	13,54	28,25
22/05/2022 13:15:00	24,31	23,94	23,40	22,84	22,23	21,59	20,95	20,41	19,83	19,19	18,58	18,02	17,47	16,96	16,46	15,97	15,48	14,96	14,44	13,90	13,36	27,79
22/05/2022 13:20:00	24,51	23,89	23,25	22,64	22,06	21,43	20,79	20,24	19,68	19,11	18,56	18,06	17,55	17,08	16,61	16,14	15,67	15,17	14,66	14,14	13,61	27,85
22/05/2022 13:25:00	24,56	23,99	23,39	22,78	22,14	21,49	20,85	20,30	19,72	19,12	18,53	17,99	17,45	16,96	16,47	16,00	15,52	15,02	14,51	13,98	13,46	27,82
22/05/2022 13:30:00	24,50	23,85	23,18	22,48	21,78	21,12	20,49	19,95	19,41	18,86	18,41	18,02	17,63	17,24	16,86	16,43	16,01	15,55	15,09	14,61	14,13	28,29
22/05/2022 13:35:00	24,54	24,17	23,59	22,96	22,33	21,62	20,88	20,32	19,74	19,13	18,47	17,87	17,26	16,73	16,19	15,71	15,22	14,70	14,19	13,66	13,13	28,33
22/05/2022 13:40:00	24,58	24,08	23,52	22,90	22,17	21,44	20,75	20,20	19,64	19,04	18,45	17,91	17,38	16,90	16,41	15,95	15,49	15,00	14,51	14,01	13,51	28,40
22/05/2022 13:45:00	24,73	24,14	23,51	22,87	22,19	21,60	21,06	20,41	19,78	19,18	18,57	18,01	17,45	16,94	16,43	15,94	15,46	14,93	14,41	13,87	13,33	28,73
22/05/2022 13:50:00	24,75	24,14	23,61	23,06	22,38	21,78	21,24	20,70	20,15	19,59	18,98	18,42	17,86	17,36	16,86	16,39	15,92	15,41	14,90	14,37	13,84	28,20
22/05/2022 13:55:00	24,93	24,48	23,85	23,22	22,63	22,05	21,46	20,81	20,19	19,60	18,95	18,35	17,74	17,20	16,66	16,16	15,65	15,11	14,57	14,01	13,44	28,54
22/05/2022 14:00:00	24,76	24,28	23,65	23,05	22,47	21,91	21,38	20,72	20,10	19,55	18,94	18,35	17,77	17,24	16,72	16,22	15,73	15,19	14,66	14,10	13,54	28,55
22/05/2022 14:05:00	24,69	24,21	23,56	22,93	22,38	21,77	21,15	20,59	20,03	19,45	18,90	18,40	17,90	17,43	16,96	16,49	16,02	15,51	14,99	14,46	13,93	28,22
22/05/2022 14:10:00	24,62	24,03	23,40	22,82	22,28	21,73	21,18	20,61	20,04	19,46	18,92	18,42	17,93	17,46	16,99	16,51	16,03	15,51	14,98	14,44	13,89	27,87
22/05/2022 14:15:00	24,65	24,11	23,48	22,84	22,25	21,65	21,07	20,48	19,92	19,40	18,83	18,30	17,76	17,28	16,80	16,33	15,86	15,36	14,85	14,33	13,80	28,09
22/05/2022 14:20:00	24,64	24,12	23,50	22,87	22,28	21,69	21,11	20,55	19,98	19,41	18,82	18,28	17,74	17,25	16,76	16,29	15,81	15,30	14,78	14,25	13,71	28,03
22/05/2022 14:25:00	24,71	24,24	23,64	23,04	22,41	21,76	21,11	20,50	19,91	19,34	18,77	18,24	17,71	17,23	16,74	16,26	15,79	15,28	14,77	14,24	13,71	28,60
22/05/2022 14:30:00	24,74	24,27	23,72	23,16	22,58	21,98	21,37	20,82	20,27	19,72	19,13	18,58	18,02	17,52	17,02	16,54	16,06	15,55	15,03	14,49	13,95	28,44
22/05/2022 14:35:00	24,92	24,57	24,14	23,62	22,90	22,20	21,54	20,94	20,33	19,70	19,03	18,41	17,79	17,25	16,70	16,20	15,70	15,17	14,65	14,11	13,57	28,68
22/05/2022 14:40:00	25,00	24,51	23,83	23,12	22,52	21,87	21,21	20,61	20,02	19,43	18,85	18,32	17,79	17,30	16,82	16,34	15,86	15,35	14,84	14,30	13,77	28,57
22/05/2022 14:45:00	24,83	24,42	23,91	23,38	22,83	22,25	21,69	21,13	20,53	19,85	19,21	18,65	18,08	17,55	17,02	16,51	16,00	15,44	14,89	14,32	13,74	28,68
22/05/2022 14:50:00	24,71	24,42	23,90	23,32	22,67	22,01	21,34	20,67	20,02	19,41	18,85	18,34	17,83	17,35	16,87	16,38	15,88	15,37	14,85	14,32	13,79	28,73
22/05/2022 14:55:00	24,63	24,22	23,70	23,16	22,59	22,01	21,43	20,88	20,32	19,71	19,13	18,60	18,07	17,58	17,09	16,61	16,12	15,60	15,08	14,53	13,98	28,36
22/05/2022 15:00:00	25,05	24,51	23,95	23,36	22,72	22,09	21,50	20,93	20,31	19,60	18,94	18,35	17,76	17,22	16,68	16,17	15,66	15,11	14,56	13,99	13,42	29,63
22/05/2022 15:05:00	25,13	24,73	24,17	23,53	22,79	22,09	21,42	20,78	20,17	19,62	19,03	18,48	17,93	17,44	16,95	16,48	16,01	15,51	15,01	14,50	13,99	28,98
22/05/2022 15:10:00	25,33	24,69	24,09	23,48	22,82	22,15	21,50	20,94	20,37	19,78	19,16	18,59	18,01	17,50	16,99	16,51	16,02	15,50	14,99	14,45	13,91	29,13
22/05/2022 15:15:00	25,52	25,07	24,49	23,85	23,15	22,48	21,86	21,34	20,78	20,16	19,51	18,91	18,32	17,80	17,27	16,79	16,31	15,79	15,27	14,72	14,17	29,20
22/05/2022 15:20:00	25,39	24,88	24,29	23,72	23,16	22,64	22,13	21,52	20,93	20,36	19,71	19,07	18,43	17,88	17,32	16,81	16,30	15,75	15,19	14,60	14,02	29,34
22/05/2022 15:25:00	25,21	24,95	24,39	23,78	23,09	22,44	21,83	21,27	20,66	19,94	19,29	18,73	18,17	17,65	17,13	16,62	16,12	15,58	15,04	14,47	13,91	28,81
22/05/2022 15:30:00	25,29	24,71	24,13	23,56	23,08	22,49	21,84	21,23	20,65	20,12	19,55	18,99	18,43	17,92	17,41	16,92	16,43	15,89	15,36	14,81	14,25	28,85
22/05/2022 15:35:00	25,18	24,80	24,21	23,58	22,94	22,31	21,71	21,18	20,64	20,06	19,48	18,95	18,42	17,94	17,46	17,00	16,53	16,02	15,51	14,97	14,44	28,91
22/05/2022 15:40:00	25,16	24,69	24,13	23,57	23,00	22,42	21,83	21,20	20,58	19,97	19,40	18,89	18,38	17,89	17,41	16,90	16,40	15,87	15,33	14,77	14,21	29,20
22/05/2022 15:45:00	25,24	24,90	24,31	23,69	23,14	22,52	21,86	21,25	20,65	20,07	19,44	18,84	18,24	17,71	17,18	16,68	16,18	15,64	15,10	14,54	13,98	28,77
22/05/2022 15:50:00	25,04	24,56	24,04	23,53	23,00	22,44	21,87	21,39	20,86	20,24	19,59	18,98	18,38	17,84	17,30	16,80	16,30	15,75	15,21	14,63	14,06	28,66
22/05/2022 15:55:00	25,08	24,65	24,11	23,57	23,02	22,41	21,78	21,15	20,52	19,91	19,32	18,78	18,24	17,73	17,22	16,71	16,20	15,66	15,12	14,56	14,00	28,53
22/05/2022 16:00:00	25,00	24,60	24,02	23,40	22,82	22,32	21,86	21,16	20,49	19,86	19,32	18,84	18,37	17,90	17,43	16,92	16,42	15,88	15,33	14,76	14,19	28,49
22/05/2022 16:05:00	24,86	24,52	23,94	23,33	22,76	22,15	21,53	20,98	20,43	19,86	19,29	18,76	18,23	17,75	17,27	16,79	16,32	15,80	15,29	14,75	14,21	28,45
22/05/2022 16:10:00	24,83	24,37	23,92	23,42	22,79	22,20	21,63	21,00	20,38	19,79	19,22	18,69	18,17	17,68	17,18	16,69	16,19	15,67	15,14	14,60	14,05	28,40
22/05/2022 16:15:00	24,80	24,34	23,75	23,16	22,63	22,07	21,51	20,96	20,43	19,94	19,37	18,81	18,25	17,75	17,26	16,79	16,32	15,81	15,30	14,76	14,21	28,48
22/05/2022 16:20:00	24,79	24,21	23,66	23,12	22,60	22,06	21,50	20,95	20,41	19,89	19,33	18,78	18,24	17,74	17,25	16,77	16,30	15,78	15,26	14,71	14,16	28,57
22/05/2022 16:25:00	24,66	24,21	23,70	23,18	22,69	22,12	21,51	20,97	20,44	19,91	19,36	18,83	18,31	17,82	17,34	16,86	16,39	15,87	15,35	14,81	14,27	28,21
22/05/2022 16:30:00	24,66	24,25	23,72	23,17	22,64	22,08	21,51	21,00	20,47	19,94	19,36	18,82	18,28	17,79	17,30	16,83	16,35	15,84	15,32	14,78	14,24	28,46
22/05/2022 16:35:00	24,65	24,19	23,67	23,12	22,60	22,07	21,55	20,96	20,43	20,02	19,48	18,94	18,39	17,91	17,43	16,98	16,52	16,02	15,52	14,99	14,46	28,38
22/05/2022 16:40:00	24,58	24,22	23,69	23,11	22,55	22,03	21,54	20,98	20,41	19,84	19,33	18,86	18,39	17,94	17,49	17,02	16,55	16,03	15,52	14,98	14,44	28,14
22/05/2022 16:45:00	24,56	24,07	23,60	23,10	22,52	21,98	21,47	20,93	20,39	19,87	19,32	18,80	18,28	17,80	17,32	16,85	16,38	15,87	15,36	14,83	14,29	28,31
22/05/2022 16:50:00	24,56	23,98	23,42	22,89	22,39	21,83	21,27	20,86	20,43	19,94	19,44	18,96	18,49	18,05	17,61	17,18	16,74	16,25	15,76	15,24	14,72	28,03
22/05/2022 16:55:00	24,49	24,12	23,62	23,10	22,58	22,04	21,48	20,90	20,32	19,75	19,24	18,78	18,31	17,86	17,40	16,92	16,44	15,92	15,40	14,86	14,32	27,93
22/05/2022 17:00:00	24,35	24,10	23,62	23,11	22,63	22,03	21,40	20,86	20,34	19,84	19,26	18,70	18,13	17,63	17,13	16,65	16,18	15,67	15,15	14,62	14,09	27,92
22/05/2022 17:05:00	24,42	24,01	23,50	22,97	22,43	21,88	21,35	20,88	20,41	19,89	19,33	18,80	18,27	17,79	17,31	16,86	16,40	15,90	15,40	14,87	14,34	27,81
22/05/2022 17:10:00	24,47	24,08	23,53	22,95	22,38	21,83	21,28	20,70	20,18	19,75	19,28	18,83	18,37	17,94	17,51	17,08	16,64	16,16	15,68	15,17	14,67	28,03
22/05/2022 17:15:00	24,40	23,99	23,46	22,94	22,44	21,96	21,49	20,92	20,35	19,79	19,32	18,89	18,46	18,03	17,59	17,12	16,65	16,13	15,61	15,06	14,52	27,93
22/05/2022 17:20:00	24,46	24,00	23,43	22,88	22,39	21,94	21,50	21,02	20,50	19,88	19,36	18,90	18,45	18,00	17,55	17,08	16,60	16,08	15,55	14,99	14,42	28,19
22/05/2022 17:25:00	24,55	24,08	23,54	23,01	22,49	21,93	21,35	20,84	20,32	19,80	19,30	18,83	18,36	17,92	17,47	17,01	16,55	16,05	15,55	15,02	14,50	28,40
22/05/2022 17:30:00	24,62	24,17	23,58	22,99	22,49	21,97	21,44	20,85	20,29	19,78	19,26	18,76	18,26	17,80	17,33	16,86	16,39	15,88	15,36	14,82	14,28	28,21
22/05/2022 17:35:00	24,66	24,15	23,54	22,96	22,42	21,92	21,45	20,91	20,39	19,89	19,38	18,90	18,42	17,97	17,52	17,07	16,61	16,10	15,60	15,06	14,52	28,24
22/05/2022 17:40:00	24,66	24,31	23,82	23,27	22,62	22,03	21,48	20,89	20,32	19,78	19,22	18,71	18,19	17,71	17,24	16,77	16,30	15,79	15,29	14,76	14,23	28,48
22/05/2022 17:45:00	24,89	24,37	23,77	23,14	22,52	21,91	21,31	20,79	20,26	19,70	19,18	18,72	18,25	17,81	17,37	16,92	16,47	15,98	15,48	14,97	14,45	28,88
22/05/2022 17:50:00	24,84	24,36	23,69	23,02	22,45	21,90	21,36	20,79	20,25	19,75	19,28	18,85	18,41	17,99	17,57	17,13	16,69	16,19	15,70	15,19	14,67	28,70
22/05/2022 17:55:00	24,77	24,40	23,84	23,26	22,74	22,20	21,67	21,06	20,45	19,84	19,29	18,79	18,29	17,81	17,33	16,84	16,34	15,81	15,27	14,71	14,15	28,78
22/05/2022 18:00:00	24,92	24,40	23,83	23,28	22,77	22,25	21,72	21,17	20,62	20,08	19,51	18,95	18,40	17,90	17,40	16,92	16,44	15,91	15,38	14,82	14,26	28,44
22/05/2022 18:05:00	24,87	24,47	23,97	23,44	22,90	22,36	21,82	21,25	20,64	19,94	19,30	18,73	18,16	17,63	17,10	16,58	16,06	15,50	14,94	14,35	13,76	28,56
22/05/2022 18:10:00	24,85	24,48	23,96	23,40	22,78	22,18	21,62	21,04	20,43	19,80	19,23	18,72	18,21	17,73	17,25	16,76	16,27	15,74	15,21	14,66	14,11	28,43
22/05/2022 18:15:00	24,82	24,42	23,90	23,38	22,88	22,34	21,77	21,21	20,64	20,06	19,48	18,93	18,39	17,88	17,38	16,88	16,39	15,85	15,31	14,75	14,19	28,37
22/05/2022 18:20:00	24,90	24,43	23,94	23,46	22,93	22,37	21,80	21,25	20,69	20,12	19,52	18,95	18,39	17,87	17,36	16,86	16,36	15,83	15,29	14,73	14,16	28,65
22/05/2022 18:25:00	25,07	24,56	24,14	23,68	23,07	22,51	21,98	21,37	20,75	20,13	19,48	18,87	18,26	17,71	17,16	16,65	16,13	15,58	15,03	14,45	13,87	28,84
22/05/2022 18:30:00	25,21	24,64	24,12	23,60	23,02	22,43	21,84	21,25	20,67	20,12	19,53	18,98	18,42	17,92	17,41	16,92	16,43	15,90	15,38	14,83	14,27	28,96
22/05/2022 18:35:00	25,17	24,66	24,10	23,50	22,89	22,34	21,83	21,34	20,81	20,20	19,61	19,08	18,55	18,07	17,58	17,11	16,63	16,11	15,59	15,03	14,48	28,61
22/05/2022 18:40:00	25,11	24,70	24,19	23,65	23,06	22,51	21,98	21,38	20,79	20,21	19,63	19,07	18,52	18,02	17,51	17,02	16,53	15,99	15,46	14,90	14,34	28,66
22/05/2022 18:45:00	24,97	24,57	24,08	23,58	23,01	22,44	21,88	21,30	20,73	20,16	19,56	19,01	18,45	17,94	17,43	16,94	16,44	15,91	15,38	14,82	14,26	28,50
22/05/2022 18:50:00	25,03	24,58	24,10	23,57	22,94	22,39	21,89	21,33	20,74	20,11	19,53	19,01	18,50	18,01	17,53	17,04	16,54	16,01	15,48	14,92	14,36	28,68
22/05/2022 18:55:00	24,91	24,49	23,91	23,34	22,81	22,26	21,71	21,20	20,69	20,17	19,59	19,04	18,49	18,00	17,51	17,04	16,57	16,05	15,53	14,98	14,43	28,32
22/05/2022 19:00:00	24,79	24,33	23,87	23,41	22,86	22,26	21,64	21,11	20,58	20,04	19,46	18,92	18,37	17,88	17,38	16,90	16,42	15,90	15,38	14,84	14,30	28,16
22/05/2022 19:05:00	25,03	24,66	24,14	23,60	23,00	22,41	21,84	21,34	20,81	20,24	19,68	19,17	18,65	18,18	17,71	17,24	16,77	16,26	15,74	15,20	14,66	28,15
22/05/2022 19:10:00	24,88	24,61	24,16	23,68	23,05	22,45	21,87	21,33	20,80	20,26	19,69	19,15	18,61	18,13	17,64	17,17	16,70	16,18	15,67	15,14	14,61	28,00
22/05/2022 19:15:00	25,22	24,76	24,28	23,81	23,34	22,83	22,30	21,78	21,22	20,61	20,02	19,49	18,95	18,45	17,94	17,44	16,93	16,38	15,82	15,24	14,65	27,94
22/05/2022 19:20:00	25,13	24,77	24,28	23,78	23,19	22,63	22,10	21,65	21,14	20,54	20,00	19,51	19,02	18,56	18,10	17,63	17,16	16,64	16,12	15,57	15,02	27,81
22/05/2022 19:25:00	25,39	24,99	24,51	24,01	23,44	22,92	22,43	21,96	21,45	20,86	20,32	19,84	19,35	18,89	18,43	17,96	17,49	16,96	16,43	15,87	15,31	27,86
22/05/2022 19:30:00	25,66	25,24	24,76	24,30	23,85	23,42	23,00	22,47	21,93	21,38	20,85	20,36	19,86	19,39	18,91	18,42	17,93	17,38	16,82	16,23	15,64	27,75
22/05/2022 19:35:00	25,87	25,49	25,01	24,50	24,00	23,47	22,93	22,45	21,97	21,49	20,99	20,52	20,04	19,59	19,15	18,69	18,23	17,71	17,20	16,65	16,10	27,77
22/05/2022 19:40:00	26,12	25,89	25,38	24,82	24,31	23,77	23,23	22,69	22,16	21,65	21,16	20,70	20,24	19,79	19,35	18,88	18,41	17,88	17,36	16,80	16,25	27,61
22/05/2022 19:45:00	26,42	26,09	25,57	25,04	24,51	24,00	23,52	23,08	22,61	22,04	21,52	21,07	20,61	20,17	19,73	19,26	18,79	18,25	17,72	17,14	16,57	27,69
22/05/2022 19:50:00	26,61	26,36	25,90	25,41	24,88	24,36	23,84	23,38	22,92	22,44	21,94	21,46	20,97	20,52	20,08	19,61	19,15	18,62	18,09	17,53	16,97	27,61
22/05/2022 19:55:00	26,96	26,56	26,10	25,63	25,13	24,66	24,20	23,73	23,25	22,74	22,26	21,80	21,34	20,89	20,45	19,98	19,51	18,97	18,42	17,84	17,26	27,56
22/05/2022 20:00:00	26,80	26,50	26,02	25,55	25,11	24,64	24,15	23,67	23,19	22,73	22,24	21,75	21,27	20,81	20,35	19,88	19,40	18,86	18,32	17,73	17,15	27,38
22/05/2022 20:05:00	27,07	26,70	26,26	25,82	25,28	24,82	24,41	23,89	23,39	22,92	22,46	22,03	21,59	21,16	20,74	20,27	19,80	19,27	18,73	18,15	17,57	27,24
22/05/2022 20:10:00	27,18	26,87	26,40	25,92	25,47	25,04	24,62	24,16	23,71	23,28	22,82	22,35	21,87	21,43	20,99	20,53	20,07	19,53	18,98	18,40	17,81	27,15
22/05/2022 20:15:00	27,11	26,80	26,37	25,93	25,46	25,00	24,54	24,10	23,64	23,12	22,65	22,22	21,79	21,36	20,94	20,47	19,99	19,45	18,90	18,32	17,73	27,14
22/05/2022 20:20:00	27,13	26,84	26,44	26,05	25,61	25,16	24,68	24,25	23,79	23,27	22,79	22,34	21,90	21,46	21,02	20,54	20,06	19,51	18,95	18,36	17,76	27,08
22/05/2022 20:25:00	27,01	26,68	26,28	25,90	25,52	25,08	24,57	24,12	23,66	23,20	22,70	22,21	21,71	21,25	20,78	20,29	19,81	19,25	18,70	18,10	17,50	27,03
22/05/2022 20:30:00	26,85	26,57	26,18	25,78	25,34	24,87	24,38	23,96	23,52	23,06	22,57	22,10	21,62	21,17	20,72	20,25	19,78	19,24	18,70	18,12	17,54	26,86
22/05/2022 20:35:00	26,68	26,47	26,09	25,70	25,28	24,88	24,47	23,96	23,45	22,96	22,49	22,05	21,62	21,18	20,74	20,25	19,77	19,21	18,65	18,05	17,46	26,74
22/05/2022 20:40:00	26,66	26,43	26,05	25,65	25,25	24,83	24,40	23,92	23,44	22,95	22,48	22,04	21,60	21,16	20,73	20,25	19,77	19,22	18,67	18,07	17,48	26,61
22/05/2022 20:45:00	26,54	26,27	25,86	25,49	25,11	24,71	24,27	23,83	23,40	22,97	22,54	22,11	21,68	21,26	20,83	20,37	19,91	19,37	18,83	18,25	17,67	26,49
22/05/2022 20:50:00	26,27	26,08	25,73	25,38	25,05	24,66	24,23	23,75	23,28	22,87	22,40	21,93	21,45	20,99	20,54	20,06	19,58	19,03	18,48	17,88	17,29	26,38
22/05/2022 20:55:00	26,20	25,96	25,58	25,21	24,86	24,50	24,11	23,76	23,40	22,99	22,54	22,09	21,63	21,20	20,77	20,33	19,88	19,34	18,81	18,23	17,65	26,21
22/05/2022 21:00:00	26,04	25,96	25,73	25,40	24,92	24,46	24,01	23,65	23,25	22,75	22,25	21,77	21,30	20,86	20,42	19,95	19,49	18,96	18,43	17,86	17,29	26,02
22/05/2022 21:05:00	25,87	25,73	25,42	25,08	24,64	24,25	23,88	23,44	22,99	22,53	22,11	21,72	21,33	20,93	20,53	20,08	19,62	19,10	18,57	18,00	17,44	25,86
22/05/2022 21:10:00	25,69	25,52	25,24	24,97	24,70	24,36	23,96	23,56	23,13	22,67	22,20	21,75	21,29	20,84	20,39	19,91	19,43	18,87	18,32	17,72	17,12	25,68
22/05/2022 21:15:00	25,60	25,40	25,12	24,82	24,43	24,03	23,62	23,22	22,83	22,47	22,06	21,64	21,22	20,81	20,41	19,97	19,53	19,02	18,51	17,96	17,41	25,57
22/05/2022 21:20:00	25,36	25,32	25,14	24,92	24,57	24,23	23,88	23,44	22,99	22,54	22,08	21,64	21,19	20,75	20,31	19,83	19,35	18,81	18,26	17,67	17,09	25,41
22/05/2022 21:25:00	25,21	25,24	25,03	24,81	24,54	24,17	23,75	23,38	22,99	22,58	22,10	21,61	21,12	20,67	20,21	19,74	19,27	18,72	18,18	17,60	17,01	25,21
22/05/2022 21:30:00	24,97	24,96	24,81	24,65	24,36	24,11	23,84	23,40	22,97	22,55	22,06	21,56	21,05	20,58	20,10	19,61	19,12	18,56	18,00	17,40	16,79	25,03
22/05/2022 21:35:00	25,01	24,86	24,67	24,46	24,18	23,92	23,64	23,25	22,85	22,43	21,95	21,46	20,98	20,52	20,06	19,59	19,11	18,56	18,01	17,41	16,82	24,84
22/05/2022 21:40:00	24,70	24,76	24,61	24,42	24,16	23,81	23,42	23,12	22,75	22,29	21,80	21,32	20,85	20,39	19,94	19,47	19,00	18,46	17,92	17,33	16,75	24,68
22/05/2022 21:45:00	24,51	24,66	24,58	24,42	24,08	23,72	23,33	22,97	22,61	22,24	21,76	21,27	20,78	20,32	19,87	19,42	18,96	18,44	17,93	17,37	16,81	24,58
22/05/2022 21:50:00	24,50	24,35	24,26	24,20	23,97	23,65	23,25	22,88	22,51	22,16	21,69	21,19	20,69	20,22	19,76	19,29	18,81	18,28	17,74	17,16	16,58	24,43
22/05/2022 21:55:00	24,14	24,14	23,96	23,74	23,49	23,24	22,97	22,62	22,26	21,87	21,46	21,05	20,64	20,23	19,82	19,38	18,93	18,41	17,89	17,32	16,75	24,36
22/05/2022 22:00:00	23,78	23,65	23,41	23,14	22,78	22,41	22,03	21,69	21,31	20,87	20,50	20,14	19,79	19,42	19,05	18,62	18,19	17,70	17,21	16,68	16,15	23,36
22/05/2022 22:05:00	24,59	24,52	24,25	23,96	23,69	23,26	22,75	22,28	21,80	21,28	20,76	20,26	19,75	19,27	18,78	18,28	17,78	17,23	16,68	16,09	15,51	23,78
22/05/2022 22:10:00	24,30	24,45	24,13	23,74	23,32	22,83	22,32	21,80	21,31	20,84	20,41	20,00	19,59	19,17	18,76	18,30	17,84	17,33	16,82	16,29	15,76	24,12
22/05/2022 22:15:00	24,46	24,54	24,30	24,01	23,63	23,17	22,69	22,27	21,83	21,37	20,86	20,35	19,85	19,39	18,92	18,45	17,98	17,45	16,93	16,37	15,81	24,12
22/05/2022 22:20:00	24,22	24,27	24,06	23,78	23,39	22,98	22,55	22,09	21,63	21,16	20,68	20,22	19,76	19,31	18,87	18,40	17,93	17,40	16,88	16,33	15,77	23,99
22/05/2022 22:25:00	24,06	24,07	23,88	23,64	23,26	22,85	22,42	22,02	21,57	21,03	20,48	19,97	19,45	18,97	18,49	18,00	17,51	16,97	16,43	15,86	15,28	24,01
22/05/2022 22:30:00	23,92	24,01	23,71	23,33	22,91	22,44	21,95	21,46	20,97	20,47	19,99	19,53	19,06	18,62	18,17	17,70	17,24	16,72	16,21	15,67	15,13	23,98
22/05/2022 22:35:00	23,47	23,56	23,30	22,98	22,54	22,13	21,71	21,25	20,75	20,23	19,71	19,23	18,74	18,28	17,82	17,34	16,87	16,34	15,82	15,27	14,72	23,77
22/05/2022 22:40:00	23,30	23,48	23,27	22,97	22,51	22,05	21,60	21,15	20,69	20,22	19,72	19,24	18,77	18,32	17,87	17,42	16,96	16,45	15,95	15,42	14,90	23,59
22/05/2022 22:45:00	23,74	23,89	23,57	23,15	22,63	22,07	21,51	21,06	20,61	20,15	19,68	19,25	18,81	18,40	17,98	17,55	17,11	16,64	16,16	15,66	15,17	23,63
22/05/2022 22:50:00	23,90	23,54	23,19	22,82	22,36	21,93	21,53	21,09	20,66	20,24	19,77	19,30	18,84	18,40	17,97	17,53	17,09	16,60	16,11	15,58	15,06	23,19
22/05/2022 22:55:00	23,63	23,46	23,12	22,75	22,34	21,86	21,36	20,89	20,46	20,06	19,63	19,20	18,77	18,36	17,94	17,51	17,07	16,59	16,11	15,60	15,09	22,92
22/05/2022 23:00:00	23,05	22,99	22,65	22,25	21,77	21,30	20,83	20,32	19,86	19,45	19,00	18,56	18,11	17,69	17,28	16,84	16,41	15,93	15,45	14,95	14,46	22,86
22/05/2022 23:05:00	22,92	22,66	22,25	21,83	21,43	20,99	20,53	20,08	19,66	19,27	18,86	18,45	18,04	17,65	17,26	16,84	16,42	15,95	15,48	14,98	14,49	23,07
22/05/2022 23:10:00	22,50	22,46	22,12	21,72	21,25	20,85	20,49	20,07	19,63	19,16	18,73	18,33	17,93	17,53	17,14	16,71	16,29	15,81	15,34	14,83	14,33	22,80
22/05/2022 23:15:00	22,60	22,58	22,36	22,10	21,72	21,32	20,88	20,40	19,95	19,54	19,09	18,65	18,21	17,78	17,35	16,91	16,46	15,96	15,47	14,96	14,44	22,73
22/05/2022 23:20:00	22,54	22,38	22,05	21,72	21,36	21,02	20,66	20,22	19,81	19,45	19,04	18,64	18,24	17,85	17,45	17,03	16,61	16,13	15,65	15,14	14,63	22,54
22/05/2022 23:25:00	22,29	22,19	21,95	21,69	21,37	20,99	20,58	20,18	19,78	19,39	18,98	18,58	18,18	17,79	17,39	16,96	16,53	16,05	15,57	15,06	14,56	22,18
22/05/2022 23:30:00	22,15	22,13	21,88	21,60	21,28	20,96	20,61	20,21	19,80	19,41	19,00	18,60	18,19	17,80	17,40	16,97	16,54	16,06	15,58	15,06	14,55	22,13
22/05/2022 23:35:00	22,02	22,01	21,80	21,55	21,17	20,81	20,47	20,09	19,71	19,34	18,97	18,61	18,25	17,88	17,51	17,10	16,69	16,23	15,77	15,28	14,78	22,08
22/05/2022 23:40:00	22,07	22,11	21,87	21,54	21,10	20,71	20,34	19,97	19,58	19,16	18,81	18,48	18,15	17,80	17,45	17,05	16,65	16,20	15,75	15,27	14,79	21,91
22/05/2022 23:45:00	21,87	21,98	21,74	21,43	21,06	20,67	20,29	19,92	19,53	19,12	18,65	18,21	17,76	17,35	16,93	16,50	16,08	15,61	15,13	14,63	14,13	21,97
22/05/2022 23:50:00	21,91	21,87	21,68	21,44	21,09	20,77	20,44	20,06	19,66	19,25	18,81	18,37	17,94	17,52	17,11	16,67	16,24	15,76	15,28	14,76	14,25	21,88
22/05/2022 23:55:00	21,82	21,87	21,63	21,36	21,07	20,73	20,36	20,02	19,68	19,33	18,89	18,47	18,04	17,64	17,24	16,82	16,41	15,95	15,48	14,98	14,48	21,78
