FileFormat:0002.2 file with temperature of atmosphere
SN105HE102
local	GMT or Local
0	GMT-Local=[hours]
0	Height[m]
0	0	0	Longitude                [grd]               [min]               [sec]
0	0	0	Latitude                [grd]               [min]               [sec]
N	NS
56,45	Freq[GHz]
0,00	dTemostat[K]
0,150	MessErr[K]
0,248	//[grad/step]
version 14.4.20120406
MTP5HE102F5645K-38.60I70D219217+A1.1
Commentary:
SN105HE102
парабола ДНА = 2,5 град
НЕ102 - ПУ - ХВБ с ЦСД " S "
АЦП - 202 - 09 с контр.U пит.и М
оптопара серии - 2
Т out № 178 пл
БП LPS - 112
End Of Commentary

SYSTEM\alaska.dat
data time	0	50	100	150	200	250	300	350	400	450	500	550	600	650	700	750	800	850	900	950	1000	OutsideTemperature
15/01/2020 00:00:00	-8,66	-9,04	-9,38	-9,78	-10,16	-10,50	-10,93	-11,30	-11,61	-11,88	-12,14	-12,27	-12,39	-12,35	-12,31	-12,24	-12,16	-12,14	-12,11	-12,15	-12,18	-8,73
15/01/2020 00:05:00	-8,66	-9,00	-9,31	-9,68	-10,10	-10,56	-11,01	-11,45	-11,80	-11,99	-12,16	-12,19	-12,22	-12,10	-11,99	-11,89	-11,78	-11,73	-11,67	-11,69	-11,71	-8,70
15/01/2020 00:10:00	-8,65	-8,92	-9,30	-9,75	-10,21	-10,65	-11,10	-11,47	-11,75	-11,96	-12,15	-12,19	-12,23	-12,12	-12,01	-11,90	-11,78	-11,73	-11,67	-11,69	-11,71	-8,71
15/01/2020 00:15:00	-8,71	-8,92	-9,33	-9,84	-10,34	-10,75	-11,15	-11,42	-11,64	-11,83	-12,00	-12,01	-12,02	-11,88	-11,75	-11,62	-11,49	-11,42	-11,35	-11,37	-11,39	-8,70
15/01/2020 00:20:00	-8,72	-8,93	-9,32	-9,70	-10,07	-10,43	-10,77	-11,06	-11,31	-11,57	-11,82	-11,95	-12,07	-12,04	-12,01	-11,95	-11,89	-11,88	-11,86	-11,91	-11,95	-8,75
15/01/2020 00:25:00	-8,71	-9,14	-9,35	-9,61	-9,94	-10,31	-10,72	-11,14	-11,49	-11,74	-11,97	-12,07	-12,16	-12,10	-12,03	-11,95	-11,87	-11,83	-11,79	-11,82	-11,85	-8,70
15/01/2020 00:30:00	-8,70	-9,10	-9,52	-9,97	-10,31	-10,52	-10,81	-11,04	-11,26	-11,53	-11,82	-11,98	-12,14	-12,15	-12,16	-12,11	-12,06	-12,07	-12,07	-12,13	-12,18	-8,71
15/01/2020 00:35:00	-8,72	-9,07	-9,53	-10,02	-10,45	-10,80	-11,16	-11,39	-11,57	-11,76	-11,93	-11,96	-11,99	-11,88	-11,77	-11,66	-11,55	-11,49	-11,43	-11,46	-11,49	-8,73
15/01/2020 00:40:00	-8,78	-8,98	-9,37	-9,91	-10,47	-10,94	-11,27	-11,51	-11,70	-11,92	-12,09	-12,07	-12,06	-11,89	-11,71	-11,55	-11,38	-11,28	-11,18	-11,19	-11,19	-8,74
15/01/2020 00:45:00	-8,72	-9,06	-9,43	-9,84	-10,28	-10,71	-11,09	-11,42	-11,70	-11,96	-12,19	-12,27	-12,35	-12,27	-12,19	-12,08	-11,98	-11,93	-11,88	-11,90	-11,93	-8,71
15/01/2020 00:50:00	-8,71	-9,08	-9,50	-9,95	-10,36	-10,71	-11,09	-11,36	-11,56	-11,71	-11,85	-11,85	-11,85	-11,72	-11,59	-11,48	-11,36	-11,30	-11,24	-11,26	-11,28	-8,75
15/01/2020 00:55:00	-8,64	-8,99	-9,39	-9,85	-10,32	-10,79	-11,14	-11,44	-11,69	-11,90	-12,08	-12,10	-12,12	-11,99	-11,86	-11,73	-11,60	-11,53	-11,46	-11,47	-11,49	-8,72
15/01/2020 01:00:00	-8,69	-8,91	-9,40	-9,95	-10,39	-10,66	-10,93	-11,14	-11,33	-11,51	-11,69	-11,76	-11,83	-11,77	-11,71	-11,64	-11,57	-11,56	-11,55	-11,60	-11,65	-8,66
15/01/2020 01:05:00	-8,65	-8,96	-9,38	-9,85	-10,29	-10,70	-10,99	-11,24	-11,45	-11,67	-11,87	-11,91	-11,96	-11,86	-11,76	-11,64	-11,53	-11,48	-11,42	-11,45	-11,47	-8,66
15/01/2020 01:10:00	-8,64	-8,93	-9,31	-9,77	-10,23	-10,63	-11,00	-11,35	-11,66	-11,90	-12,13	-12,22	-12,31	-12,24	-12,18	-12,09	-12,00	-11,97	-11,93	-11,97	-12,00	-8,66
15/01/2020 01:15:00	-8,62	-9,00	-9,34	-9,69	-10,07	-10,47	-10,88	-11,21	-11,48	-11,76	-12,03	-12,14	-12,25	-12,18	-12,12	-12,03	-11,93	-11,89	-11,84	-11,87	-11,90	-8,68
15/01/2020 01:20:00	-8,66	-9,10	-9,45	-9,76	-10,04	-10,33	-10,61	-10,93	-11,23	-11,47	-11,71	-11,85	-12,00	-12,00	-11,99	-11,96	-11,92	-11,93	-11,94	-11,99	-12,04	-8,65
15/01/2020 01:25:00	-8,61	-9,00	-9,37	-9,73	-10,08	-10,43	-10,88	-11,24	-11,53	-11,80	-12,08	-12,21	-12,35	-12,33	-12,30	-12,24	-12,17	-12,15	-12,13	-12,17	-12,21	-8,70
15/01/2020 01:30:00	-8,62	-8,96	-9,34	-9,73	-10,13	-10,56	-10,99	-11,28	-11,54	-11,86	-12,17	-12,30	-12,44	-12,39	-12,34	-12,25	-12,15	-12,10	-12,06	-12,08	-12,11	-8,65
15/01/2020 01:35:00	-8,72	-8,99	-9,43	-9,87	-10,29	-10,67	-11,03	-11,31	-11,55	-11,79	-12,03	-12,13	-12,23	-12,17	-12,12	-12,04	-11,96	-11,93	-11,90	-11,94	-11,97	-8,65
15/01/2020 01:40:00	-8,68	-9,10	-9,52	-9,91	-10,28	-10,65	-10,95	-11,23	-11,47	-11,72	-11,95	-12,05	-12,14	-12,09	-12,03	-11,94	-11,86	-11,82	-11,79	-11,82	-11,86	-8,70
15/01/2020 01:45:00	-8,70	-9,08	-9,39	-9,77	-10,16	-10,54	-10,93	-11,33	-11,65	-11,85	-12,03	-12,08	-12,14	-12,05	-11,96	-11,87	-11,78	-11,74	-11,70	-11,73	-11,76	-8,75
15/01/2020 01:50:00	-8,82	-9,10	-9,51	-9,94	-10,32	-10,66	-10,89	-11,12	-11,34	-11,54	-11,72	-11,79	-11,85	-11,78	-11,70	-11,62	-11,53	-11,50	-11,47	-11,51	-11,55	-8,79
15/01/2020 01:55:00	-8,83	-9,17	-9,54	-9,95	-10,32	-10,63	-10,92	-11,14	-11,36	-11,64	-11,93	-12,06	-12,18	-12,14	-12,10	-12,02	-11,93	-11,90	-11,86	-11,90	-11,94	-8,83
15/01/2020 02:00:00	-8,86	-9,30	-9,63	-9,90	-10,17	-10,49	-10,77	-11,15	-11,50	-11,76	-12,03	-12,20	-12,37	-12,38	-12,39	-12,37	-12,34	-12,35	-12,36	-12,41	-12,46	-8,87
15/01/2020 02:05:00	-8,83	-9,29	-9,71	-10,05	-10,39	-10,77	-11,05	-11,36	-11,65	-11,88	-12,11	-12,22	-12,33	-12,28	-12,24	-12,17	-12,10	-12,07	-12,05	-12,09	-12,12	-8,96
15/01/2020 02:10:00	-9,04	-9,39	-9,73	-10,13	-10,49	-10,79	-11,08	-11,39	-11,66	-11,83	-11,99	-12,03	-12,08	-11,99	-11,91	-11,83	-11,75	-11,71	-11,68	-11,72	-11,76	-9,03
15/01/2020 02:15:00	-9,14	-9,52	-9,87	-10,15	-10,40	-10,65	-10,87	-11,05	-11,24	-11,50	-11,77	-11,91	-12,05	-12,04	-12,03	-11,97	-11,92	-11,90	-11,89	-11,94	-11,98	-9,08
15/01/2020 02:20:00	-9,13	-9,40	-9,74	-10,14	-10,49	-10,79	-11,10	-11,33	-11,52	-11,75	-11,97	-12,04	-12,12	-12,05	-11,98	-11,89	-11,79	-11,75	-11,72	-11,75	-11,78	-9,13
15/01/2020 02:25:00	-9,12	-9,54	-9,90	-10,24	-10,53	-10,78	-11,06	-11,29	-11,48	-11,65	-11,82	-11,87	-11,93	-11,85	-11,77	-11,69	-11,60	-11,57	-11,54	-11,57	-11,61	-9,16
15/01/2020 02:30:00	-9,14	-9,50	-9,86	-10,16	-10,47	-10,80	-11,09	-11,41	-11,69	-11,87	-12,04	-12,11	-12,18	-12,12	-12,06	-11,99	-11,92	-11,90	-11,87	-11,91	-11,95	-9,16
15/01/2020 02:35:00	-9,17	-9,44	-9,77	-10,09	-10,43	-10,80	-11,15	-11,47	-11,73	-11,91	-12,06	-12,10	-12,14	-12,05	-11,95	-11,86	-11,77	-11,73	-11,69	-11,72	-11,75	-9,16
15/01/2020 02:40:00	-9,12	-9,55	-9,91	-10,22	-10,50	-10,77	-11,04	-11,31	-11,55	-11,76	-11,97	-12,07	-12,17	-12,13	-12,09	-12,02	-11,95	-11,93	-11,91	-11,95	-11,99	-9,18
15/01/2020 02:45:00	-9,24	-9,49	-9,87	-10,25	-10,56	-10,83	-11,05	-11,31	-11,55	-11,73	-11,93	-12,03	-12,13	-12,11	-12,08	-12,03	-11,99	-11,99	-11,99	-12,05	-12,10	-9,17
15/01/2020 02:50:00	-9,12	-9,39	-9,82	-10,29	-10,71	-11,06	-11,35	-11,59	-11,81	-12,03	-12,24	-12,31	-12,37	-12,30	-12,22	-12,12	-12,02	-11,98	-11,94	-11,98	-12,01	-9,16
15/01/2020 02:55:00	-9,17	-9,45	-9,76	-10,08	-10,39	-10,69	-11,00	-11,30	-11,57	-11,84	-12,11	-12,25	-12,39	-12,37	-12,35	-12,29	-12,23	-12,22	-12,20	-12,25	-12,29	-9,19
15/01/2020 03:00:00	-9,09	-9,63	-9,98	-10,19	-10,38	-10,58	-10,71	-10,84	-11,02	-11,35	-11,71	-11,92	-12,14	-12,18	-12,21	-12,17	-12,13	-12,13	-12,13	-12,18	-12,23	-9,18
15/01/2020 03:05:00	-9,22	-9,50	-9,81	-10,10	-10,37	-10,66	-10,96	-11,25	-11,50	-11,72	-11,93	-12,03	-12,14	-12,10	-12,07	-12,01	-11,95	-11,94	-11,93	-11,97	-12,02	-9,18
15/01/2020 03:10:00	-9,12	-9,60	-9,81	-9,88	-10,01	-10,25	-10,57	-10,89	-11,20	-11,52	-11,85	-12,07	-12,28	-12,32	-12,36	-12,34	-12,31	-12,32	-12,33	-12,38	-12,43	-9,21
15/01/2020 03:15:00	-9,19	-9,56	-9,84	-10,03	-10,17	-10,30	-10,53	-10,80	-11,06	-11,29	-11,54	-11,73	-11,91	-11,96	-12,01	-12,01	-12,02	-12,06	-12,09	-12,16	-12,23	-9,18
15/01/2020 03:20:00	-9,16	-9,50	-9,78	-10,03	-10,29	-10,57	-10,85	-11,13	-11,39	-11,63	-11,88	-11,99	-12,11	-12,08	-12,04	-11,98	-11,91	-11,89	-11,87	-11,91	-11,95	-9,19
15/01/2020 03:25:00	-9,16	-9,44	-9,77	-10,16	-10,50	-10,75	-11,07	-11,35	-11,58	-11,74	-11,89	-11,93	-11,97	-11,89	-11,81	-11,73	-11,65	-11,63	-11,60	-11,64	-11,68	-9,18
15/01/2020 03:30:00	-9,22	-9,52	-9,94	-10,30	-10,59	-10,81	-10,97	-11,12	-11,29	-11,50	-11,71	-11,82	-11,93	-11,91	-11,88	-11,82	-11,77	-11,76	-11,76	-11,81	-11,86	-9,20
15/01/2020 03:35:00	-9,15	-9,50	-9,86	-10,27	-10,59	-10,77	-11,05	-11,31	-11,55	-11,78	-12,01	-12,14	-12,27	-12,26	-12,24	-12,19	-12,15	-12,15	-12,15	-12,20	-12,25	-9,19
15/01/2020 03:40:00	-9,24	-9,58	-9,91	-10,28	-10,61	-10,90	-11,16	-11,35	-11,54	-11,76	-11,98	-12,05	-12,12	-12,04	-11,96	-11,86	-11,76	-11,71	-11,67	-11,70	-11,73	-9,21
15/01/2020 03:45:00	-9,31	-9,64	-9,99	-10,33	-10,65	-10,95	-11,32	-11,59	-11,81	-12,05	-12,28	-12,38	-12,48	-12,43	-12,37	-12,29	-12,21	-12,18	-12,15	-12,18	-12,22	-9,25
15/01/2020 03:50:00	-9,24	-9,71	-10,01	-10,30	-10,58	-10,84	-11,18	-11,51	-11,79	-12,00	-12,20	-12,30	-12,40	-12,35	-12,30	-12,24	-12,17	-12,15	-12,13	-12,17	-12,20	-9,29
15/01/2020 03:55:00	-9,30	-9,64	-9,99	-10,36	-10,75	-11,16	-11,56	-11,87	-12,11	-12,31	-12,49	-12,52	-12,55	-12,43	-12,31	-12,19	-12,07	-12,00	-11,92	-11,94	-11,95	-9,29
15/01/2020 04:00:00	-9,29	-9,59	-10,02	-10,43	-10,76	-11,00	-11,19	-11,39	-11,62	-11,86	-12,12	-12,27	-12,42	-12,41	-12,41	-12,37	-12,32	-12,33	-12,33	-12,39	-12,44	-9,28
15/01/2020 04:05:00	-9,25	-9,64	-9,98	-10,30	-10,63	-11,00	-11,40	-11,73	-12,00	-12,27	-12,53	-12,64	-12,75	-12,69	-12,63	-12,55	-12,46	-12,41	-12,37	-12,40	-12,42	-9,27
15/01/2020 04:10:00	-9,30	-9,66	-9,99	-10,32	-10,66	-11,03	-11,41	-11,76	-12,05	-12,28	-12,50	-12,60	-12,69	-12,63	-12,57	-12,49	-12,41	-12,37	-12,33	-12,37	-12,40	-9,27
15/01/2020 04:15:00	-9,28	-9,61	-10,03	-10,38	-10,66	-10,89	-11,18	-11,43	-11,67	-11,92	-12,20	-12,37	-12,55	-12,57	-12,59	-12,56	-12,54	-12,55	-12,56	-12,62	-12,68	-9,28
15/01/2020 04:20:00	-9,25	-9,57	-9,99	-10,42	-10,81	-11,15	-11,36	-11,58	-11,80	-12,02	-12,24	-12,32	-12,40	-12,33	-12,26	-12,17	-12,07	-12,04	-12,00	-12,03	-12,07	-9,29
15/01/2020 04:25:00	-9,28	-9,61	-10,03	-10,43	-10,76	-11,02	-11,34	-11,57	-11,76	-11,93	-12,10	-12,16	-12,23	-12,16	-12,09	-12,01	-11,93	-11,91	-11,88	-11,92	-11,96	-9,26
15/01/2020 04:30:00	-9,27	-9,61	-9,97	-10,32	-10,67	-11,03	-11,27	-11,52	-11,77	-12,06	-12,35	-12,49	-12,62	-12,58	-12,55	-12,46	-12,38	-12,35	-12,31	-12,35	-12,38	-9,26
15/01/2020 04:35:00	-9,25	-9,67	-10,02	-10,34	-10,64	-10,95	-11,30	-11,59	-11,83	-12,03	-12,23	-12,31	-12,39	-12,32	-12,25	-12,17	-12,09	-12,06	-12,02	-12,05	-12,09	-9,28
15/01/2020 04:40:00	-9,24	-9,63	-10,06	-10,44	-10,81	-11,19	-11,49	-11,73	-11,94	-12,15	-12,34	-12,40	-12,45	-12,37	-12,28	-12,18	-12,08	-12,03	-11,98	-12,01	-12,03	-9,26
15/01/2020 04:45:00	-9,25	-9,65	-10,00	-10,32	-10,62	-10,93	-11,27	-11,52	-11,72	-11,92	-12,11	-12,16	-12,22	-12,13	-12,05	-11,95	-11,85	-11,81	-11,76	-11,78	-11,81	-9,28
15/01/2020 04:50:00	-9,26	-9,63	-9,96	-10,28	-10,65	-11,06	-11,39	-11,73	-12,00	-12,17	-12,31	-12,32	-12,34	-12,21	-12,09	-11,97	-11,86	-11,80	-11,73	-11,75	-11,77	-9,27
15/01/2020 04:55:00	-9,23	-9,67	-10,01	-10,32	-10,66	-11,05	-11,39	-11,71	-11,94	-12,06	-12,15	-12,12	-12,09	-11,94	-11,79	-11,67	-11,55	-11,47	-11,40	-11,42	-11,43	-9,29
15/01/2020 05:00:00	-9,27	-9,66	-9,98	-10,28	-10,59	-10,91	-11,22	-11,57	-11,87	-12,02	-12,17	-12,21	-12,26	-12,18	-12,10	-12,03	-11,96	-11,94	-11,91	-11,95	-11,98	-9,24
15/01/2020 05:05:00	-9,28	-9,57	-9,97	-10,39	-10,82	-11,25	-11,66	-11,95	-12,14	-12,26	-12,35	-12,30	-12,25	-12,07	-11,89	-11,75	-11,61	-11,52	-11,43	-11,44	-11,45	-9,29
15/01/2020 05:10:00	-9,30	-9,51	-9,96	-10,36	-10,73	-11,11	-11,43	-11,70	-11,91	-12,06	-12,19	-12,22	-12,25	-12,16	-12,07	-11,98	-11,90	-11,86	-11,83	-11,86	-11,90	-9,30
15/01/2020 05:15:00	-9,21	-9,52	-9,97	-10,38	-10,74	-11,06	-11,36	-11,59	-11,79	-11,98	-12,18	-12,25	-12,32	-12,25	-12,18	-12,09	-12,01	-11,97	-11,94	-11,98	-12,01	-9,25
15/01/2020 05:20:00	-9,20	-9,49	-9,93	-10,35	-10,71	-10,99	-11,23	-11,37	-11,51	-11,71	-11,91	-11,98	-12,04	-11,97	-11,89	-11,80	-11,70	-11,66	-11,62	-11,66	-11,69	-9,22
15/01/2020 05:25:00	-9,23	-9,66	-9,98	-10,26	-10,54	-10,82	-11,07	-11,34	-11,61	-11,87	-12,13	-12,27	-12,41	-12,39	-12,37	-12,30	-12,24	-12,23	-12,21	-12,25	-12,29	-9,21
15/01/2020 05:30:00	-9,22	-9,47	-9,75	-10,11	-10,52	-10,92	-11,38	-11,70	-11,95	-12,17	-12,36	-12,39	-12,42	-12,29	-12,16	-12,03	-11,89	-11,81	-11,74	-11,75	-11,76	-9,18
15/01/2020 05:35:00	-9,22	-9,44	-9,78	-10,13	-10,48	-10,84	-11,22	-11,53	-11,78	-12,00	-12,21	-12,29	-12,37	-12,30	-12,23	-12,15	-12,06	-12,03	-11,99	-12,03	-12,06	-9,16
15/01/2020 05:40:00	-9,14	-9,55	-9,84	-10,05	-10,29	-10,61	-10,89	-11,15	-11,38	-11,62	-11,86	-11,97	-12,08	-12,03	-11,98	-11,91	-11,83	-11,80	-11,76	-11,80	-11,83	-9,16
15/01/2020 05:45:00	-9,11	-9,55	-9,92	-10,17	-10,37	-10,58	-10,84	-11,09	-11,29	-11,41	-11,53	-11,58	-11,64	-11,58	-11,52	-11,47	-11,42	-11,42	-11,41	-11,45	-11,50	-9,15
15/01/2020 05:50:00	-9,11	-9,48	-9,78	-10,16	-10,53	-10,85	-11,10	-11,35	-11,55	-11,66	-11,75	-11,70	-11,65	-11,49	-11,33	-11,20	-11,06	-10,99	-10,91	-10,93	-10,95	-9,15
15/01/2020 05:55:00	-9,16	-9,39	-9,83	-10,17	-10,43	-10,64	-10,78	-10,93	-11,08	-11,25	-11,44	-11,54	-11,64	-11,61	-11,59	-11,55	-11,51	-11,52	-11,52	-11,58	-11,64	-9,16
15/01/2020 06:00:00	-9,04	-9,50	-9,70	-9,93	-10,12	-10,25	-10,44	-10,69	-10,95	-11,19	-11,43	-11,57	-11,71	-11,71	-11,70	-11,66	-11,63	-11,63	-11,63	-11,69	-11,74	-9,12
15/01/2020 06:05:00	-9,04	-9,39	-9,82	-10,28	-10,65	-10,92	-11,08	-11,18	-11,29	-11,45	-11,60	-11,61	-11,62	-11,50	-11,38	-11,26	-11,14	-11,08	-11,02	-11,05	-11,08	-9,08
15/01/2020 06:10:00	-9,05	-9,23	-9,46	-9,70	-10,00	-10,37	-10,68	-10,97	-11,24	-11,50	-11,75	-11,86	-11,96	-11,90	-11,85	-11,77	-11,68	-11,65	-11,61	-11,65	-11,68	-9,05
15/01/2020 06:15:00	-9,04	-9,39	-9,65	-9,88	-10,11	-10,34	-10,53	-10,78	-11,04	-11,31	-11,58	-11,74	-11,90	-11,90	-11,90	-11,86	-11,82	-11,82	-11,82	-11,87	-11,93	-8,98
15/01/2020 06:20:00	-8,97	-9,24	-9,55	-9,91	-10,30	-10,70	-11,05	-11,36	-11,61	-11,78	-11,93	-11,94	-11,95	-11,82	-11,69	-11,57	-11,45	-11,39	-11,32	-11,34	-11,36	-8,96
15/01/2020 06:25:00	-8,92	-9,29	-9,46	-9,58	-9,73	-9,92	-10,21	-10,58	-10,91	-11,14	-11,37	-11,52	-11,68	-11,69	-11,70	-11,69	-11,67	-11,69	-11,71	-11,77	-11,83	-8,97
15/01/2020 06:30:00	-8,94	-9,31	-9,73	-9,99	-10,17	-10,30	-10,39	-10,48	-10,62	-10,86	-11,13	-11,30	-11,47	-11,50	-11,54	-11,52	-11,50	-11,52	-11,55	-11,62	-11,68	-8,94
15/01/2020 06:35:00	-8,92	-9,22	-9,57	-9,83	-10,06	-10,31	-10,57	-10,76	-10,94	-11,18	-11,44	-11,57	-11,71	-11,69	-11,67	-11,61	-11,56	-11,55	-11,54	-11,58	-11,63	-8,96
15/01/2020 06:40:00	-8,92	-9,23	-9,48	-9,71	-9,95	-10,20	-10,38	-10,60	-10,82	-11,07	-11,31	-11,43	-11,55	-11,52	-11,49	-11,43	-11,36	-11,35	-11,33	-11,38	-11,42	-8,94
15/01/2020 06:45:00	-8,89	-9,22	-9,46	-9,65	-9,87	-10,14	-10,43	-10,71	-10,94	-11,14	-11,33	-11,41	-11,48	-11,42	-11,36	-11,29	-11,22	-11,19	-11,16	-11,20	-11,24	-8,90
15/01/2020 06:50:00	-8,87	-9,26	-9,60	-9,88	-10,05	-10,15	-10,27	-10,39	-10,53	-10,73	-10,96	-11,09	-11,21	-11,21	-11,21	-11,18	-11,14	-11,16	-11,17	-11,23	-11,29	-8,90
15/01/2020 06:55:00	-8,86	-9,25	-9,49	-9,63	-9,74	-9,83	-9,95	-10,10	-10,30	-10,58	-10,89	-11,10	-11,31	-11,36	-11,41	-11,40	-11,39	-11,42	-11,45	-11,52	-11,59	-8,87
15/01/2020 07:00:00	-8,82	-9,15	-9,44	-9,62	-9,81	-10,05	-10,26	-10,52	-10,78	-11,00	-11,24	-11,39	-11,54	-11,54	-11,55	-11,52	-11,50	-11,51	-11,52	-11,58	-11,64	-8,83
15/01/2020 07:05:00	-8,75	-9,19	-9,18	-9,06	-9,08	-9,31	-9,66	-10,09	-10,48	-10,82	-11,17	-11,41	-11,65	-11,71	-11,77	-11,77	-11,77	-11,79	-11,81	-11,86	-11,92	-8,85
15/01/2020 07:10:00	-8,82	-9,08	-9,08	-9,05	-9,16	-9,48	-9,85	-10,26	-10,62	-10,95	-11,27	-11,46	-11,65	-11,67	-11,68	-11,65	-11,61	-11,61	-11,60	-11,65	-11,69	-8,76
15/01/2020 07:15:00	-8,74	-9,14	-9,33	-9,44	-9,53	-9,66	-9,84	-10,04	-10,27	-10,62	-10,99	-11,25	-11,50	-11,58	-11,66	-11,66	-11,66	-11,69	-11,72	-11,79	-11,86	-8,75
15/01/2020 07:20:00	-8,76	-8,98	-9,20	-9,40	-9,58	-9,75	-9,97	-10,20	-10,43	-10,67	-10,93	-11,08	-11,23	-11,25	-11,26	-11,23	-11,21	-11,23	-11,24	-11,31	-11,37	-8,70
15/01/2020 07:25:00	-8,68	-9,04	-9,30	-9,42	-9,53	-9,71	-9,95	-10,19	-10,42	-10,65	-10,91	-11,08	-11,25	-11,27	-11,30	-11,29	-11,28	-11,31	-11,33	-11,40	-11,46	-8,63
15/01/2020 07:30:00	-8,60	-8,94	-9,27	-9,46	-9,58	-9,69	-9,90	-10,15	-10,40	-10,62	-10,87	-11,06	-11,26	-11,33	-11,40	-11,43	-11,46	-11,52	-11,58	-11,66	-11,74	-8,64
15/01/2020 07:35:00	-8,65	-8,85	-9,00	-9,15	-9,40	-9,77	-10,11	-10,47	-10,77	-10,98	-11,17	-11,24	-11,31	-11,24	-11,17	-11,10	-11,03	-11,00	-10,97	-11,00	-11,04	-8,61
15/01/2020 07:40:00	-8,60	-8,89	-9,00	-9,08	-9,19	-9,41	-9,75	-10,17	-10,54	-10,78	-11,03	-11,21	-11,39	-11,43	-11,46	-11,47	-11,48	-11,52	-11,55	-11,62	-11,69	-8,58
15/01/2020 07:45:00	-8,58	-8,92	-9,11	-9,22	-9,32	-9,44	-9,72	-10,00	-10,28	-10,56	-10,87	-11,09	-11,32	-11,39	-11,46	-11,47	-11,49	-11,53	-11,57	-11,65	-11,72	-8,58
15/01/2020 07:50:00	-8,51	-8,85	-8,99	-9,11	-9,23	-9,35	-9,69	-9,97	-10,21	-10,52	-10,84	-11,04	-11,24	-11,28	-11,32	-11,30	-11,29	-11,30	-11,32	-11,38	-11,44	-8,51
15/01/2020 07:55:00	-8,51	-8,82	-8,94	-9,00	-9,10	-9,30	-9,65	-9,97	-10,26	-10,55	-10,84	-11,03	-11,22	-11,24	-11,27	-11,26	-11,24	-11,26	-11,27	-11,33	-11,39	-8,50
15/01/2020 08:00:00	-8,49	-8,76	-8,93	-9,02	-9,12	-9,29	-9,50	-9,76	-10,03	-10,31	-10,61	-10,82	-11,04	-11,10	-11,16	-11,16	-11,17	-11,21	-11,25	-11,32	-11,39	-8,47
15/01/2020 08:05:00	-8,44	-8,67	-8,89	-9,11	-9,32	-9,52	-9,76	-9,98	-10,20	-10,46	-10,73	-10,88	-11,04	-11,04	-11,04	-11,00	-10,97	-10,97	-10,98	-11,04	-11,10	-8,41
15/01/2020 08:10:00	-8,31	-8,73	-8,87	-8,94	-9,02	-9,17	-9,45	-9,74	-10,00	-10,27	-10,56	-10,75	-10,94	-10,98	-11,02	-11,01	-11,00	-11,02	-11,05	-11,11	-11,18	-8,40
15/01/2020 08:15:00	-8,34	-8,61	-8,74	-8,91	-9,10	-9,29	-9,48	-9,73	-9,98	-10,22	-10,46	-10,58	-10,70	-10,68	-10,66	-10,62	-10,57	-10,57	-10,57	-10,63	-10,68	-8,35
15/01/2020 08:20:00	-8,29	-8,61	-8,73	-8,75	-8,82	-9,02	-9,37	-9,73	-10,05	-10,31	-10,58	-10,76	-10,95	-10,99	-11,03	-11,03	-11,04	-11,07	-11,10	-11,17	-11,23	-8,36
15/01/2020 08:25:00	-8,30	-8,67	-8,73	-8,84	-9,00	-9,14	-9,40	-9,68	-9,94	-10,22	-10,50	-10,64	-10,79	-10,78	-10,77	-10,73	-10,69	-10,68	-10,68	-10,73	-10,78	-8,38
15/01/2020 08:30:00	-8,28	-8,61	-8,70	-8,78	-8,93	-9,14	-9,33	-9,63	-9,93	-10,18	-10,42	-10,56	-10,69	-10,69	-10,68	-10,65	-10,62	-10,63	-10,64	-10,70	-10,76	-8,36
15/01/2020 08:35:00	-8,29	-8,56	-8,72	-8,80	-8,89	-9,02	-9,19	-9,41	-9,64	-9,90	-10,18	-10,37	-10,55	-10,60	-10,64	-10,64	-10,64	-10,67	-10,71	-10,78	-10,86	-8,27
15/01/2020 08:40:00	-8,22	-8,61	-8,68	-8,74	-8,82	-8,91	-9,12	-9,38	-9,66	-9,95	-10,24	-10,45	-10,65	-10,69	-10,74	-10,74	-10,74	-10,77	-10,80	-10,87	-10,94	-8,22
15/01/2020 08:45:00	-8,16	-8,44	-8,55	-8,59	-8,71	-8,96	-9,30	-9,69	-10,02	-10,24	-10,45	-10,58	-10,71	-10,71	-10,71	-10,69	-10,68	-10,70	-10,71	-10,77	-10,83	-8,18
15/01/2020 08:50:00	-8,13	-8,39	-8,47	-8,57	-8,72	-8,90	-9,16	-9,47	-9,76	-10,02	-10,27	-10,42	-10,57	-10,58	-10,58	-10,56	-10,54	-10,56	-10,57	-10,63	-10,70	-8,08
15/01/2020 08:55:00	-8,16	-8,26	-8,40	-8,48	-8,62	-8,86	-9,03	-9,25	-9,50	-9,82	-10,15	-10,36	-10,57	-10,62	-10,67	-10,67	-10,66	-10,69	-10,72	-10,79	-10,86	-8,13
15/01/2020 09:00:00	-8,02	-8,19	-8,25	-8,23	-8,31	-8,58	-8,86	-9,19	-9,53	-9,91	-10,30	-10,58	-10,85	-10,94	-11,04	-11,05	-11,07	-11,11	-11,15	-11,22	-11,30	-8,12
15/01/2020 09:05:00	-8,12	-8,31	-8,43	-8,49	-8,55	-8,67	-8,88	-9,16	-9,46	-9,77	-10,12	-10,39	-10,66	-10,77	-10,88	-10,92	-10,97	-11,04	-11,11	-11,20	-11,29	-8,07
15/01/2020 09:10:00	-8,07	-8,29	-8,42	-8,57	-8,75	-8,96	-9,27	-9,59	-9,86	-10,09	-10,31	-10,43	-10,55	-10,53	-10,51	-10,47	-10,44	-10,44	-10,45	-10,51	-10,56	-8,02
15/01/2020 09:15:00	-7,96	-8,22	-8,38	-8,47	-8,57	-8,73	-8,99	-9,31	-9,62	-9,86	-10,13	-10,33	-10,52	-10,58	-10,64	-10,66	-10,69	-10,74	-10,79	-10,87	-10,95	-7,96
15/01/2020 09:20:00	-7,84	-8,11	-8,28	-8,43	-8,62	-8,86	-9,06	-9,31	-9,58	-9,89	-10,21	-10,40	-10,59	-10,62	-10,65	-10,62	-10,60	-10,62	-10,63	-10,70	-10,76	-7,94
15/01/2020 09:25:00	-7,90	-8,05	-8,09	-8,16	-8,38	-8,76	-9,20	-9,67	-10,05	-10,31	-10,54	-10,65	-10,76	-10,73	-10,69	-10,64	-10,59	-10,58	-10,57	-10,61	-10,66	-7,86
15/01/2020 09:30:00	-7,84	-8,03	-8,26	-8,47	-8,67	-8,89	-9,17	-9,46	-9,73	-9,97	-10,22	-10,38	-10,54	-10,56	-10,59	-10,58	-10,58	-10,61	-10,64	-10,71	-10,79	-7,84
15/01/2020 09:35:00	-7,75	-8,09	-8,35	-8,59	-8,79	-8,98	-9,22	-9,50	-9,76	-10,00	-10,24	-10,40	-10,56	-10,58	-10,61	-10,60	-10,59	-10,62	-10,65	-10,73	-10,80	-7,81
15/01/2020 09:40:00	-7,78	-7,92	-7,99	-8,11	-8,35	-8,71	-9,13	-9,52	-9,88	-10,25	-10,60	-10,81	-11,02	-11,04	-11,06	-11,03	-10,99	-10,99	-10,99	-11,05	-11,10	-7,74
15/01/2020 09:45:00	-7,65	-7,85	-8,04	-8,24	-8,49	-8,81	-9,15	-9,54	-9,90	-10,18	-10,46	-10,64	-10,82	-10,85	-10,87	-10,86	-10,85	-10,88	-10,91	-10,97	-11,04	-7,67
15/01/2020 09:50:00	-7,65	-7,86	-8,01	-8,16	-8,35	-8,61	-8,96	-9,32	-9,66	-9,98	-10,30	-10,51	-10,72	-10,77	-10,83	-10,82	-10,82	-10,86	-10,89	-10,96	-11,03	-7,64
15/01/2020 09:55:00	-7,65	-7,87	-8,17	-8,47	-8,77	-9,11	-9,36	-9,59	-9,81	-10,03	-10,25	-10,34	-10,43	-10,38	-10,33	-10,26	-10,19	-10,18	-10,16	-10,21	-10,26	-7,61
15/01/2020 10:00:00	-7,53	-7,78	-7,92	-8,05	-8,28	-8,60	-8,88	-9,28	-9,69	-10,06	-10,43	-10,69	-10,95	-11,02	-11,10	-11,11	-11,12	-11,16	-11,20	-11,28	-11,35	-7,55
15/01/2020 10:05:00	-7,44	-7,83	-8,09	-8,33	-8,59	-8,86	-9,27	-9,67	-10,01	-10,26	-10,52	-10,68	-10,83	-10,84	-10,84	-10,82	-10,80	-10,82	-10,84	-10,90	-10,96	-7,36
15/01/2020 10:10:00	-7,49	-7,77	-8,06	-8,34	-8,56	-8,74	-9,00	-9,26	-9,52	-9,79	-10,07	-10,26	-10,45	-10,50	-10,54	-10,54	-10,54	-10,59	-10,63	-10,71	-10,79	-7,56
15/01/2020 10:15:00	-7,46	-7,73	-7,89	-8,06	-8,28	-8,56	-8,91	-9,32	-9,71	-10,02	-10,34	-10,56	-10,78	-10,84	-10,90	-10,91	-10,92	-10,96	-11,00	-11,07	-11,15	-7,44
15/01/2020 10:20:00	-7,43	-7,71	-8,00	-8,36	-8,73	-9,10	-9,46	-9,80	-10,07	-10,24	-10,37	-10,39	-10,40	-10,30	-10,19	-10,10	-10,01	-9,98	-9,94	-9,98	-10,02	-7,43
15/01/2020 10:25:00	-7,43	-7,71	-7,85	-7,97	-8,14	-8,42	-8,79	-9,14	-9,46	-9,84	-10,22	-10,47	-10,73	-10,80	-10,87	-10,87	-10,87	-10,90	-10,93	-11,00	-11,07	-7,51
15/01/2020 10:30:00	-7,33	-7,71	-7,82	-7,97	-8,20	-8,53	-8,93	-9,38	-9,78	-10,07	-10,34	-10,50	-10,66	-10,66	-10,66	-10,63	-10,61	-10,61	-10,62	-10,68	-10,73	-7,36
15/01/2020 10:35:00	-7,41	-7,69	-7,86	-8,17	-8,51	-8,77	-9,13	-9,49	-9,82	-10,11	-10,38	-10,52	-10,66	-10,64	-10,62	-10,58	-10,53	-10,52	-10,52	-10,58	-10,63	-7,40
15/01/2020 10:40:00	-7,39	-7,77	-7,95	-8,11	-8,29	-8,50	-8,82	-9,15	-9,47	-9,82	-10,18	-10,42	-10,67	-10,74	-10,81	-10,82	-10,82	-10,86	-10,90	-10,97	-11,05	-7,38
15/01/2020 10:45:00	-7,32	-7,59	-7,88	-8,20	-8,52	-8,83	-9,19	-9,51	-9,77	-9,96	-10,14	-10,21	-10,28	-10,22	-10,16	-10,10	-10,04	-10,03	-10,02	-10,07	-10,13	-7,38
15/01/2020 10:50:00	-7,34	-7,60	-7,75	-7,95	-8,20	-8,49	-8,89	-9,31	-9,67	-9,92	-10,17	-10,31	-10,46	-10,46	-10,46	-10,44	-10,41	-10,43	-10,44	-10,51	-10,57	-7,34
15/01/2020 10:55:00	-7,26	-7,60	-7,85	-8,05	-8,28	-8,60	-8,89	-9,23	-9,56	-9,85	-10,16	-10,34	-10,53	-10,56	-10,59	-10,58	-10,57	-10,59	-10,61	-10,68	-10,75	-7,30
15/01/2020 11:00:00	-7,23	-7,51	-7,77	-8,00	-8,25	-8,51	-8,76	-9,02	-9,28	-9,58	-9,87	-10,05	-10,23	-10,26	-10,29	-10,27	-10,25	-10,27	-10,29	-10,36	-10,43	-7,26
15/01/2020 11:05:00	-7,22	-7,58	-7,85	-8,06	-8,27	-8,55	-8,89	-9,23	-9,52	-9,76	-10,01	-10,17	-10,32	-10,33	-10,34	-10,33	-10,32	-10,34	-10,36	-10,43	-10,49	-7,22
15/01/2020 11:10:00	-7,17	-7,53	-7,77	-7,99	-8,18	-8,37	-8,63	-8,90	-9,17	-9,48	-9,80	-10,02	-10,24	-10,30	-10,36	-10,36	-10,36	-10,41	-10,45	-10,52	-10,60	-7,19
15/01/2020 11:15:00	-7,19	-7,58	-7,76	-7,87	-8,05	-8,35	-8,59	-8,94	-9,29	-9,60	-9,91	-10,11	-10,32	-10,36	-10,40	-10,40	-10,40	-10,43	-10,46	-10,53	-10,60	-7,19
15/01/2020 11:20:00	-7,17	-7,36	-7,63	-7,94	-8,23	-8,52	-8,87	-9,17	-9,43	-9,66	-9,89	-10,01	-10,13	-10,11	-10,10	-10,06	-10,03	-10,04	-10,05	-10,11	-10,18	-7,17
15/01/2020 11:25:00	-7,06	-7,39	-7,62	-7,76	-7,99	-8,36	-8,68	-9,03	-9,37	-9,69	-10,02	-10,22	-10,43	-10,46	-10,50	-10,48	-10,47	-10,48	-10,50	-10,57	-10,63	-7,11
15/01/2020 11:30:00	-6,98	-7,28	-7,56	-7,83	-8,11	-8,41	-8,64	-8,91	-9,20	-9,50	-9,80	-9,98	-10,16	-10,19	-10,22	-10,20	-10,18	-10,21	-10,23	-10,30	-10,37	-7,05
15/01/2020 11:35:00	-7,00	-7,37	-7,58	-7,77	-8,00	-8,26	-8,56	-8,91	-9,26	-9,59	-9,93	-10,15	-10,37	-10,43	-10,49	-10,49	-10,49	-10,52	-10,56	-10,63	-10,71	-7,00
15/01/2020 11:40:00	-6,93	-7,15	-7,45	-7,76	-8,10	-8,49	-8,91	-9,32	-9,66	-9,84	-10,00	-10,06	-10,13	-10,07	-10,01	-9,97	-9,93	-9,92	-9,92	-9,98	-10,04	-6,96
15/01/2020 11:45:00	-6,94	-7,23	-7,50	-7,70	-7,97	-8,40	-8,81	-9,18	-9,47	-9,74	-9,99	-10,11	-10,24	-10,21	-10,18	-10,13	-10,08	-10,08	-10,07	-10,12	-10,17	-6,91
15/01/2020 11:50:00	-6,88	-7,08	-7,36	-7,63	-7,91	-8,19	-8,55	-8,95	-9,31	-9,56	-9,83	-10,02	-10,20	-10,25	-10,29	-10,31	-10,32	-10,37	-10,42	-10,50	-10,59	-6,85
15/01/2020 11:55:00	-6,79	-7,12	-7,52	-7,96	-8,29	-8,49	-8,73	-8,92	-9,09	-9,29	-9,50	-9,60	-9,70	-9,68	-9,66	-9,62	-9,58	-9,60	-9,61	-9,68	-9,75	-6,80
15/01/2020 12:00:00	-6,72	-7,06	-7,43	-7,75	-8,01	-8,26	-8,44	-8,69	-9,00	-9,30	-9,63	-9,87	-10,10	-10,19	-10,28	-10,30	-10,32	-10,39	-10,46	-10,55	-10,64	-6,72
15/01/2020 12:05:00	-6,76	-6,99	-7,38	-7,69	-7,97	-8,31	-8,67	-8,98	-9,25	-9,50	-9,77	-9,94	-10,12	-10,15	-10,18	-10,18	-10,18	-10,22	-10,26	-10,33	-10,41	-6,72
15/01/2020 12:10:00	-6,65	-7,05	-7,29	-7,48	-7,71	-8,03	-8,48	-8,93	-9,30	-9,59	-9,87	-10,06	-10,25	-10,28	-10,31	-10,31	-10,31	-10,35	-10,38	-10,45	-10,51	-6,64
15/01/2020 12:15:00	-6,59	-6,90	-7,26	-7,60	-7,90	-8,21	-8,51	-8,79	-9,04	-9,31	-9,59	-9,76	-9,92	-9,94	-9,95	-9,93	-9,91	-9,93	-9,96	-10,03	-10,10	-6,63
15/01/2020 12:20:00	-6,63	-6,93	-7,21	-7,49	-7,79	-8,12	-8,56	-8,92	-9,21	-9,53	-9,84	-10,03	-10,21	-10,23	-10,25	-10,22	-10,20	-10,21	-10,23	-10,29	-10,35	-6,63
15/01/2020 12:25:00	-6,54	-6,90	-7,30	-7,66	-7,90	-8,03	-8,23	-8,43	-8,63	-8,92	-9,25	-9,48	-9,72	-9,81	-9,90	-9,92	-9,95	-10,02	-10,09	-10,19	-10,28	-6,55
15/01/2020 12:30:00	-6,50	-6,85	-7,23	-7,55	-7,83	-8,10	-8,38	-8,61	-8,82	-9,10	-9,39	-9,57	-9,74	-9,76	-9,78	-9,76	-9,74	-9,76	-9,79	-9,86	-9,93	-6,52
15/01/2020 12:35:00	-6,41	-6,79	-7,16	-7,52	-7,90	-8,30	-8,57	-8,84	-9,09	-9,35	-9,59	-9,68	-9,78	-9,73	-9,69	-9,62	-9,55	-9,53	-9,52	-9,57	-9,63	-6,46
15/01/2020 12:40:00	-6,31	-6,77	-7,15	-7,45	-7,73	-8,01	-8,22	-8,51	-8,82	-9,06	-9,32	-9,49	-9,66	-9,69	-9,72	-9,72	-9,72	-9,77	-9,81	-9,89	-9,97	-6,34
15/01/2020 12:45:00	-6,30	-6,66	-7,04	-7,37	-7,68	-8,01	-8,32	-8,65	-8,96	-9,21	-9,46	-9,61	-9,77	-9,79	-9,81	-9,81	-9,80	-9,84	-9,87	-9,95	-10,02	-6,34
15/01/2020 12:50:00	-6,32	-6,68	-7,11	-7,51	-7,89	-8,29	-8,66	-9,02	-9,31	-9,48	-9,63	-9,69	-9,76	-9,70	-9,65	-9,60	-9,56	-9,56	-9,56	-9,62	-9,68	-6,28
15/01/2020 12:55:00	-6,41	-6,68	-7,20	-7,62	-7,92	-8,15	-8,40	-8,65	-8,90	-9,14	-9,42	-9,64	-9,85	-9,93	-10,02	-10,06	-10,10	-10,18	-10,26	-10,36	-10,46	-6,37
15/01/2020 13:00:00	-6,29	-6,66	-7,03	-7,45	-7,87	-8,26	-8,60	-8,93	-9,23	-9,44	-9,63	-9,69	-9,76	-9,69	-9,62	-9,55	-9,48	-9,46	-9,45	-9,50	-9,55	-6,25
15/01/2020 13:05:00	-6,31	-6,64	-7,08	-7,47	-7,86	-8,31	-8,66	-8,95	-9,19	-9,43	-9,66	-9,76	-9,86	-9,82	-9,77	-9,71	-9,65	-9,64	-9,63	-9,69	-9,74	-6,37
15/01/2020 13:10:00	-6,34	-6,80	-7,18	-7,52	-7,84	-8,14	-8,42	-8,70	-8,97	-9,26	-9,55	-9,73	-9,91	-9,93	-9,96	-9,94	-9,92	-9,94	-9,96	-10,04	-10,11	-6,38
15/01/2020 13:15:00	-6,49	-6,83	-7,19	-7,59	-7,94	-8,24	-8,60	-8,89	-9,14	-9,46	-9,77	-9,95	-10,13	-10,15	-10,16	-10,13	-10,10	-10,11	-10,13	-10,19	-10,26	-6,44
15/01/2020 13:20:00	-6,40	-6,68	-7,11	-7,53	-7,88	-8,15	-8,43	-8,69	-8,94	-9,25	-9,58	-9,80	-10,02	-10,08	-10,15	-10,15	-10,15	-10,20	-10,25	-10,34	-10,42	-6,42
15/01/2020 13:25:00	-6,45	-6,82	-7,17	-7,53	-7,87	-8,19	-8,49	-8,77	-9,04	-9,39	-9,75	-9,96	-10,18	-10,22	-10,26	-10,23	-10,21	-10,23	-10,26	-10,33	-10,40	-6,49
15/01/2020 13:30:00	-6,48	-6,74	-7,19	-7,65	-8,04	-8,35	-8,60	-8,88	-9,16	-9,42	-9,69	-9,86	-10,03	-10,06	-10,09	-10,09	-10,08	-10,12	-10,17	-10,25	-10,33	-6,45
15/01/2020 13:35:00	-6,42	-6,75	-7,20	-7,59	-7,92	-8,26	-8,53	-8,80	-9,07	-9,36	-9,68	-9,88	-10,09	-10,14	-10,20	-10,20	-10,19	-10,24	-10,28	-10,36	-10,44	-6,44
15/01/2020 13:40:00	-6,41	-6,87	-7,21	-7,50	-7,83	-8,24	-8,67	-9,10	-9,47	-9,76	-10,05	-10,22	-10,39	-10,40	-10,41	-10,39	-10,37	-10,38	-10,40	-10,46	-10,52	-6,46
15/01/2020 13:45:00	-6,38	-6,76	-7,21	-7,60	-7,94	-8,28	-8,55	-8,89	-9,22	-9,43	-9,66	-9,80	-9,95	-9,97	-9,99	-9,99	-9,99	-10,03	-10,07	-10,15	-10,23	-6,41
15/01/2020 13:50:00	-6,44	-6,76	-7,14	-7,50	-7,86	-8,24	-8,65	-9,03	-9,38	-9,68	-9,98	-10,16	-10,35	-10,38	-10,40	-10,39	-10,37	-10,40	-10,43	-10,50	-10,57	-6,45
15/01/2020 13:55:00	-6,40	-6,91	-7,32	-7,69	-7,99	-8,23	-8,43	-8,67	-8,93	-9,22	-9,54	-9,74	-9,95	-10,00	-10,06	-10,06	-10,06	-10,10	-10,14	-10,23	-10,31	-6,44
15/01/2020 14:00:00	-6,52	-6,78	-7,11	-7,53	-7,95	-8,31	-8,71	-9,10	-9,44	-9,68	-9,91	-10,02	-10,14	-10,11	-10,09	-10,04	-10,00	-10,01	-10,02	-10,08	-10,15	-6,54
15/01/2020 14:05:00	-6,54	-6,86	-7,23	-7,65	-8,05	-8,37	-8,73	-9,04	-9,32	-9,60	-9,88	-10,02	-10,17	-10,16	-10,16	-10,11	-10,07	-10,08	-10,08	-10,15	-10,21	-6,53
15/01/2020 14:10:00	-6,46	-6,78	-7,15	-7,57	-7,99	-8,37	-8,79	-9,14	-9,44	-9,72	-10,00	-10,14	-10,27	-10,25	-10,23	-10,18	-10,13	-10,12	-10,12	-10,18	-10,24	-6,50
15/01/2020 14:15:00	-6,50	-6,85	-7,26	-7,65	-8,00	-8,33	-8,69	-9,00	-9,28	-9,55	-9,82	-9,98	-10,14	-10,14	-10,15	-10,13	-10,11	-10,13	-10,15	-10,22	-10,28	-6,52
15/01/2020 14:20:00	-6,50	-6,93	-7,31	-7,76	-8,21	-8,58	-8,88	-9,23	-9,56	-9,80	-10,02	-10,12	-10,22	-10,17	-10,12	-10,06	-10,00	-10,00	-9,99	-10,04	-10,10	-6,57
15/01/2020 14:25:00	-6,59	-6,88	-7,35	-7,79	-8,15	-8,47	-8,84	-9,14	-9,40	-9,67	-9,95	-10,13	-10,30	-10,32	-10,35	-10,33	-10,32	-10,35	-10,38	-10,45	-10,53	-6,59
15/01/2020 14:30:00	-6,58	-6,93	-7,32	-7,77	-8,22	-8,64	-9,00	-9,27	-9,50	-9,80	-10,09	-10,21	-10,33	-10,29	-10,24	-10,16	-10,08	-10,06	-10,03	-10,08	-10,12	-6,59
15/01/2020 14:35:00	-6,60	-6,96	-7,31	-7,67	-8,04	-8,42	-8,87	-9,25	-9,54	-9,83	-10,12	-10,27	-10,42	-10,40	-10,39	-10,35	-10,31	-10,31	-10,31	-10,36	-10,42	-6,62
15/01/2020 14:40:00	-6,55	-6,98	-7,38	-7,74	-8,10	-8,51	-8,97	-9,33	-9,59	-9,83	-10,06	-10,16	-10,26	-10,21	-10,16	-10,10	-10,04	-10,02	-10,00	-10,05	-10,10	-6,58
15/01/2020 14:45:00	-6,59	-6,98	-7,38	-7,80	-8,18	-8,52	-8,89	-9,18	-9,42	-9,68	-9,94	-10,06	-10,19	-10,16	-10,13	-10,08	-10,02	-10,02	-10,01	-10,07	-10,12	-6,61
15/01/2020 14:50:00	-6,60	-6,92	-7,37	-7,77	-8,16	-8,59	-8,92	-9,25	-9,55	-9,80	-10,04	-10,17	-10,29	-10,28	-10,26	-10,23	-10,19	-10,20	-10,21	-10,27	-10,33	-6,59
15/01/2020 14:55:00	-6,61	-6,87	-7,26	-7,73	-8,18	-8,57	-8,96	-9,25	-9,49	-9,78	-10,05	-10,17	-10,29	-10,25	-10,20	-10,13	-10,06	-10,04	-10,03	-10,08	-10,13	-6,58
15/01/2020 15:00:00	-6,59	-6,90	-7,41	-7,90	-8,24	-8,42	-8,68	-8,92	-9,17	-9,39	-9,64	-9,82	-10,00	-10,06	-10,12	-10,14	-10,16	-10,23	-10,30	-10,40	-10,49	-6,56
15/01/2020 15:05:00	-6,58	-6,94	-7,35	-7,74	-8,11	-8,51	-8,89	-9,26	-9,57	-9,76	-9,95	-10,03	-10,11	-10,07	-10,03	-9,98	-9,94	-9,94	-9,95	-10,01	-10,06	-6,61
15/01/2020 15:10:00	-6,60	-6,90	-7,39	-7,86	-8,22	-8,48	-8,75	-8,98	-9,20	-9,46	-9,75	-9,93	-10,11	-10,15	-10,19	-10,19	-10,18	-10,22	-10,26	-10,34	-10,43	-6,58
15/01/2020 15:15:00	-6,63	-7,02	-7,40	-7,83	-8,22	-8,52	-8,88	-9,20	-9,47	-9,70	-9,92	-10,02	-10,13	-10,09	-10,06	-10,01	-9,96	-9,96	-9,96	-10,02	-10,08	-6,64
15/01/2020 15:20:00	-6,67	-7,03	-7,48	-7,94	-8,31	-8,58	-8,83	-9,10	-9,38	-9,62	-9,87	-10,03	-10,18	-10,21	-10,23	-10,22	-10,21	-10,25	-10,29	-10,37	-10,45	-6,68
15/01/2020 15:25:00	-6,67	-7,02	-7,41	-7,80	-8,19	-8,58	-8,97	-9,29	-9,56	-9,82	-10,06	-10,17	-10,28	-10,24	-10,21	-10,15	-10,09	-10,08	-10,07	-10,12	-10,18	-6,68
15/01/2020 15:30:00	-6,68	-7,06	-7,44	-7,81	-8,17	-8,51	-8,95	-9,32	-9,61	-9,84	-10,06	-10,17	-10,28	-10,26	-10,23	-10,18	-10,14	-10,14	-10,14	-10,20	-10,26	-6,69
15/01/2020 15:35:00	-6,70	-7,03	-7,50	-7,95	-8,30	-8,54	-8,86	-9,16	-9,43	-9,69	-9,97	-10,17	-10,36	-10,41	-10,46	-10,46	-10,47	-10,52	-10,57	-10,66	-10,74	-6,74
15/01/2020 15:40:00	-6,75	-7,15	-7,55	-7,98	-8,33	-8,53	-8,88	-9,15	-9,37	-9,67	-9,98	-10,16	-10,35	-10,37	-10,40	-10,38	-10,36	-10,38	-10,41	-10,48	-10,55	-6,74
15/01/2020 15:45:00	-6,67	-7,07	-7,58	-8,06	-8,42	-8,69	-8,95	-9,17	-9,38	-9,57	-9,78	-9,89	-10,00	-9,98	-9,97	-9,94	-9,91	-9,94	-9,96	-10,03	-10,10	-6,76
15/01/2020 15:50:00	-6,73	-7,13	-7,54	-7,93	-8,27	-8,57	-8,93	-9,21	-9,43	-9,67	-9,91	-10,03	-10,16	-10,14	-10,12	-10,08	-10,03	-10,04	-10,04	-10,10	-10,16	-6,79
15/01/2020 15:55:00	-6,85	-7,17	-7,56	-7,92	-8,23	-8,50	-8,85	-9,13	-9,37	-9,60	-9,84	-9,98	-10,11	-10,11	-10,11	-10,08	-10,05	-10,07	-10,09	-10,16	-10,23	-6,80
15/01/2020 16:00:00	-6,87	-7,13	-7,50	-7,89	-8,25	-8,56	-8,90	-9,20	-9,47	-9,71	-9,96	-10,09	-10,22	-10,21	-10,20	-10,17	-10,13	-10,14	-10,16	-10,23	-10,29	-6,81
15/01/2020 16:05:00	-6,81	-7,09	-7,43	-7,80	-8,12	-8,38	-8,73	-9,01	-9,25	-9,49	-9,73	-9,86	-9,99	-9,99	-9,98	-9,95	-9,92	-9,94	-9,95	-10,02	-10,09	-6,79
15/01/2020 16:10:00	-6,75	-7,12	-7,46	-7,82	-8,15	-8,45	-8,76	-9,03	-9,27	-9,53	-9,80	-9,93	-10,06	-10,05	-10,03	-9,98	-9,94	-9,94	-9,94	-10,01	-10,07	-6,74
15/01/2020 16:15:00	-6,77	-6,95	-7,42	-7,88	-8,24	-8,52	-8,75	-8,97	-9,21	-9,42	-9,64	-9,78	-9,92	-9,94	-9,96	-9,95	-9,94	-9,99	-10,03	-10,11	-10,20	-6,74
15/01/2020 16:20:00	-6,69	-6,94	-7,22	-7,57	-7,92	-8,23	-8,54	-8,84	-9,13	-9,49	-9,84	-10,06	-10,27	-10,32	-10,36	-10,34	-10,32	-10,34	-10,37	-10,44	-10,51	-6,68
15/01/2020 16:25:00	-6,61	-6,83	-7,15	-7,60	-8,03	-8,32	-8,60	-8,89	-9,18	-9,50	-9,81	-9,99	-10,16	-10,18	-10,20	-10,17	-10,13	-10,15	-10,17	-10,24	-10,32	-6,64
15/01/2020 16:30:00	-6,57	-6,99	-7,30	-7,56	-7,81	-8,07	-8,44	-8,76	-9,04	-9,36	-9,68	-9,89	-10,10	-10,14	-10,19	-10,18	-10,18	-10,21	-10,24	-10,31	-10,39	-6,63
15/01/2020 16:35:00	-6,67	-6,89	-7,24	-7,67	-8,08	-8,42	-8,77	-9,06	-9,31	-9,54	-9,76	-9,85	-9,94	-9,90	-9,85	-9,80	-9,74	-9,73	-9,73	-9,79	-9,85	-6,61
15/01/2020 16:40:00	-6,64	-6,92	-7,22	-7,48	-7,76	-8,10	-8,50	-8,86	-9,17	-9,44	-9,70	-9,86	-10,02	-10,03	-10,04	-10,03	-10,01	-10,03	-10,05	-10,12	-10,19	-6,64
15/01/2020 16:45:00	-6,65	-6,97	-7,20	-7,53	-7,89	-8,25	-8,63	-9,00	-9,34	-9,63	-9,91	-10,06	-10,20	-10,19	-10,17	-10,13	-10,09	-10,09	-10,09	-10,14	-10,20	-6,62
15/01/2020 16:50:00	-6,56	-6,89	-7,23	-7,59	-7,94	-8,26	-8,53	-8,79	-9,05	-9,39	-9,73	-9,93	-10,12	-10,15	-10,18	-10,15	-10,11	-10,13	-10,15	-10,22	-10,29	-6,54
15/01/2020 16:55:00	-6,60	-6,84	-7,18	-7,55	-7,91	-8,25	-8,60	-8,92	-9,20	-9,48	-9,76	-9,91	-10,07	-10,08	-10,08	-10,05	-10,02	-10,04	-10,06	-10,12	-10,19	-6,55
15/01/2020 17:00:00	-6,51	-6,73	-7,08	-7,45	-7,77	-8,03	-8,37	-8,67	-8,94	-9,23	-9,54	-9,74	-9,94	-9,99	-10,03	-10,03	-10,03	-10,07	-10,11	-10,19	-10,28	-6,51
15/01/2020 17:05:00	-6,41	-6,78	-7,15	-7,51	-7,83	-8,13	-8,44	-8,75	-9,03	-9,31	-9,59	-9,76	-9,94	-9,96	-9,99	-9,97	-9,96	-9,99	-10,02	-10,10	-10,17	-6,47
15/01/2020 17:10:00	-6,44	-6,65	-7,05	-7,40	-7,71	-8,04	-8,41	-8,73	-9,01	-9,29	-9,58	-9,78	-9,97	-10,01	-10,06	-10,06	-10,06	-10,10	-10,15	-10,23	-10,31	-6,41
15/01/2020 17:15:00	-6,40	-6,66	-6,98	-7,34	-7,71	-8,08	-8,45	-8,79	-9,10	-9,40	-9,70	-9,87	-10,03	-10,04	-10,04	-10,01	-9,98	-9,99	-10,00	-10,07	-10,14	-6,46
15/01/2020 17:20:00	-6,40	-6,64	-7,00	-7,40	-7,77	-8,10	-8,46	-8,79	-9,09	-9,38	-9,67	-9,85	-10,02	-10,04	-10,07	-10,05	-10,03	-10,06	-10,09	-10,16	-10,23	-6,45
15/01/2020 17:25:00	-6,41	-6,66	-7,01	-7,39	-7,74	-8,04	-8,40	-8,77	-9,10	-9,35	-9,61	-9,77	-9,92	-9,94	-9,96	-9,96	-9,95	-9,99	-10,02	-10,10	-10,18	-6,42
15/01/2020 17:30:00	-6,40	-6,68	-7,03	-7,36	-7,65	-7,96	-8,25	-8,56	-8,88	-9,18	-9,50	-9,71	-9,93	-9,99	-10,06	-10,07	-10,08	-10,13	-10,18	-10,27	-10,35	-6,41
15/01/2020 17:35:00	-6,49	-6,69	-7,07	-7,47	-7,85	-8,23	-8,57	-8,85	-9,10	-9,39	-9,67	-9,82	-9,97	-9,97	-9,96	-9,93	-9,89	-9,90	-9,91	-9,97	-10,04	-6,41
15/01/2020 17:40:00	-6,46	-6,79	-7,08	-7,26	-7,50	-7,92	-8,30	-8,72	-9,12	-9,41	-9,71	-9,91	-10,12	-10,16	-10,21	-10,22	-10,23	-10,27	-10,31	-10,39	-10,46	-6,45
15/01/2020 17:45:00	-6,39	-6,58	-6,83	-7,13	-7,50	-7,97	-8,36	-8,76	-9,13	-9,47	-9,79	-9,96	-10,14	-10,14	-10,15	-10,12	-10,08	-10,09	-10,10	-10,16	-10,22	-6,41
15/01/2020 17:50:00	-6,41	-6,71	-7,01	-7,29	-7,55	-7,80	-8,22	-8,57	-8,88	-9,23	-9,60	-9,85	-10,10	-10,19	-10,27	-10,29	-10,30	-10,36	-10,41	-10,49	-10,58	-6,44
15/01/2020 17:55:00	-6,46	-6,76	-7,03	-7,33	-7,60	-7,83	-8,20	-8,55	-8,87	-9,19	-9,51	-9,74	-9,97	-10,04	-10,11	-10,12	-10,14	-10,19	-10,25	-10,33	-10,42	-6,45
15/01/2020 18:00:00	-6,39	-6,78	-7,05	-7,28	-7,55	-7,91	-8,26	-8,71	-9,13	-9,40	-9,67	-9,86	-10,04	-10,08	-10,12	-10,13	-10,14	-10,18	-10,22	-10,30	-10,38	-6,45
15/01/2020 18:05:00	-6,42	-6,77	-7,15	-7,43	-7,65	-7,85	-8,08	-8,35	-8,64	-8,95	-9,29	-9,55	-9,82	-9,93	-10,05	-10,10	-10,15	-10,23	-10,32	-10,42	-10,52	-6,44
15/01/2020 18:10:00	-6,47	-6,77	-7,02	-7,29	-7,57	-7,85	-8,22	-8,63	-9,01	-9,31	-9,61	-9,81	-10,02	-10,08	-10,13	-10,15	-10,16	-10,21	-10,26	-10,34	-10,43	-6,51
15/01/2020 18:15:00	-6,41	-6,73	-7,07	-7,27	-7,48	-7,82	-8,23	-8,62	-8,95	-9,30	-9,67	-9,94	-10,21	-10,31	-10,41	-10,44	-10,47	-10,53	-10,59	-10,67	-10,76	-6,47
15/01/2020 18:20:00	-6,46	-6,70	-7,04	-7,37	-7,71	-8,05	-8,35	-8,67	-8,99	-9,31	-9,63	-9,84	-10,04	-10,08	-10,13	-10,12	-10,12	-10,15	-10,19	-10,27	-10,35	-6,47
15/01/2020 18:25:00	-6,41	-6,60	-6,96	-7,33	-7,66	-7,97	-8,34	-8,67	-8,95	-9,25	-9,55	-9,75	-9,94	-9,99	-10,03	-10,03	-10,03	-10,08	-10,12	-10,20	-10,28	-6,44
15/01/2020 18:30:00	-6,39	-6,65	-6,99	-7,28	-7,54	-7,87	-8,22	-8,58	-8,91	-9,21	-9,53	-9,75	-9,97	-10,04	-10,10	-10,12	-10,14	-10,19	-10,25	-10,33	-10,42	-6,38
15/01/2020 18:35:00	-6,36	-6,55	-6,86	-7,26	-7,65	-7,96	-8,31	-8,63	-8,94	-9,24	-9,54	-9,71	-9,89	-9,91	-9,93	-9,91	-9,88	-9,91	-9,94	-10,01	-10,09	-6,34
15/01/2020 18:40:00	-6,30	-6,50	-6,83	-7,21	-7,57	-7,89	-8,21	-8,58	-8,95	-9,21	-9,48	-9,66	-9,84	-9,88	-9,92	-9,92	-9,93	-9,98	-10,03	-10,11	-10,20	-6,31
15/01/2020 18:45:00	-6,31	-6,54	-6,90	-7,27	-7,61	-7,95	-8,26	-8,62	-8,96	-9,21	-9,47	-9,65	-9,82	-9,86	-9,89	-9,90	-9,90	-9,95	-10,00	-10,09	-10,17	-6,25
15/01/2020 18:50:00	-6,34	-6,56	-6,89	-7,20	-7,50	-7,83	-8,20	-8,54	-8,83	-9,14	-9,44	-9,64	-9,83	-9,87	-9,91	-9,91	-9,90	-9,94	-9,98	-10,05	-10,13	-6,32
15/01/2020 18:55:00	-6,37	-6,46	-6,77	-7,20	-7,65	-8,03	-8,51	-8,89	-9,18	-9,44	-9,68	-9,78	-9,87	-9,83	-9,78	-9,72	-9,66	-9,66	-9,65	-9,71	-9,77	-6,32
15/01/2020 19:00:00	-6,28	-6,53	-6,89	-7,28	-7,64	-7,92	-8,30	-8,65	-8,95	-9,20	-9,44	-9,59	-9,73	-9,74	-9,75	-9,73	-9,72	-9,75	-9,78	-9,86	-9,93	-6,32
15/01/2020 19:05:00	-6,26	-6,54	-6,75	-6,99	-7,30	-7,69	-8,16	-8,68	-9,14	-9,44	-9,73	-9,92	-10,12	-10,15	-10,19	-10,19	-10,20	-10,23	-10,27	-10,34	-10,42	-6,29
15/01/2020 19:10:00	-6,27	-6,53	-6,79	-7,09	-7,40	-7,73	-8,09	-8,51	-8,91	-9,22	-9,53	-9,74	-9,95	-10,01	-10,06	-10,07	-10,08	-10,13	-10,18	-10,26	-10,35	-6,26
15/01/2020 19:15:00	-6,18	-6,52	-6,79	-7,02	-7,33	-7,73	-8,22	-8,73	-9,16	-9,41	-9,66	-9,81	-9,96	-9,97	-9,97	-9,97	-9,96	-9,98	-10,01	-10,08	-10,15	-6,24
15/01/2020 19:20:00	-6,29	-6,49	-6,86	-7,22	-7,52	-7,79	-8,07	-8,40	-8,74	-9,06	-9,41	-9,67	-9,94	-10,05	-10,16	-10,21	-10,26	-10,34	-10,43	-10,53	-10,63	-6,24
15/01/2020 19:25:00	-6,32	-6,54	-6,76	-7,06	-7,42	-7,87	-8,24	-8,68	-9,09	-9,36	-9,61	-9,74	-9,88	-9,87	-9,85	-9,83	-9,80	-9,81	-9,83	-9,89	-9,96	-6,26
15/01/2020 19:30:00	-6,30	-6,56	-6,91	-7,23	-7,53	-7,87	-8,25	-8,62	-8,95	-9,22	-9,49	-9,67	-9,85	-9,89	-9,92	-9,93	-9,93	-9,98	-10,02	-10,10	-10,18	-6,29
15/01/2020 19:35:00	-6,23	-6,51	-6,72	-6,95	-7,27	-7,69	-8,10	-8,57	-9,00	-9,30	-9,58	-9,75	-9,92	-9,94	-9,95	-9,93	-9,91	-9,93	-9,95	-10,02	-10,09	-6,28
15/01/2020 19:40:00	-6,29	-6,55	-6,83	-7,10	-7,42	-7,81	-8,14	-8,52	-8,90	-9,22	-9,55	-9,75	-9,96	-10,00	-10,05	-10,05	-10,04	-10,08	-10,11	-10,19	-10,26	-6,31
15/01/2020 19:45:00	-6,27	-6,62	-6,85	-7,10	-7,39	-7,69	-8,09	-8,54	-8,95	-9,25	-9,56	-9,76	-9,97	-10,02	-10,07	-10,08	-10,09	-10,14	-10,18	-10,26	-10,34	-6,30
15/01/2020 19:50:00	-6,28	-6,68	-6,98	-7,18	-7,37	-7,59	-7,90	-8,28	-8,66	-8,99	-9,35	-9,64	-9,93	-10,06	-10,20	-10,26	-10,32	-10,41	-10,50	-10,61	-10,71	-6,31
15/01/2020 19:55:00	-6,24	-6,45	-6,76	-7,13	-7,54	-7,97	-8,35	-8,75	-9,10	-9,35	-9,59	-9,70	-9,81	-9,78	-9,75	-9,71	-9,66	-9,66	-9,67	-9,73	-9,79	-6,29
15/01/2020 20:00:00	-6,34	-6,51	-6,87	-7,27	-7,60	-7,86	-8,17	-8,45	-8,71	-8,99	-9,29	-9,48	-9,68	-9,73	-9,78	-9,79	-9,79	-9,84	-9,89	-9,98	-10,07	-6,32
15/01/2020 20:05:00	-6,29	-6,58	-6,85	-7,14	-7,43	-7,71	-8,07	-8,43	-8,75	-9,05	-9,37	-9,58	-9,78	-9,83	-9,88	-9,88	-9,88	-9,93	-9,97	-10,05	-10,13	-6,31
15/01/2020 20:10:00	-6,30	-6,62	-6,86	-7,07	-7,33	-7,68	-8,03	-8,49	-8,92	-9,21	-9,51	-9,72	-9,94	-10,00	-10,06	-10,08	-10,11	-10,16	-10,22	-10,30	-10,38	-6,29
15/01/2020 20:15:00	-6,29	-6,53	-6,84	-7,15	-7,44	-7,74	-8,09	-8,45	-8,79	-9,08	-9,39	-9,60	-9,81	-9,87	-9,93	-9,94	-9,96	-10,01	-10,07	-10,15	-10,24	-6,31
15/01/2020 20:20:00	-6,30	-6,63	-6,82	-7,08	-7,39	-7,74	-8,09	-8,47	-8,83	-9,20	-9,56	-9,78	-9,99	-10,03	-10,07	-10,05	-10,03	-10,05	-10,07	-10,14	-10,21	-6,25
15/01/2020 20:25:00	-6,31	-6,54	-6,88	-7,25	-7,57	-7,83	-8,07	-8,35	-8,65	-8,96	-9,29	-9,51	-9,74	-9,81	-9,88	-9,90	-9,91	-9,97	-10,03	-10,12	-10,22	-6,26
15/01/2020 20:30:00	-6,26	-6,46	-6,75	-7,09	-7,44	-7,77	-8,15	-8,52	-8,85	-9,14	-9,44	-9,61	-9,79	-9,82	-9,84	-9,83	-9,82	-9,85	-9,89	-9,96	-10,04	-6,28
15/01/2020 20:35:00	-6,23	-6,50	-6,85	-7,21	-7,56	-7,91	-8,29	-8,64	-8,94	-9,24	-9,54	-9,72	-9,90	-9,93	-9,95	-9,94	-9,92	-9,95	-9,98	-10,05	-10,12	-6,27
15/01/2020 20:40:00	-6,32	-6,46	-6,76	-7,17	-7,60	-8,00	-8,36	-8,74	-9,10	-9,39	-9,68	-9,84	-10,00	-10,00	-10,00	-9,97	-9,94	-9,96	-9,98	-10,05	-10,12	-6,27
15/01/2020 20:45:00	-6,22	-6,50	-6,71	-6,98	-7,30	-7,65	-8,03	-8,47	-8,88	-9,22	-9,56	-9,79	-10,01	-10,06	-10,12	-10,12	-10,12	-10,16	-10,20	-10,28	-10,36	-6,28
15/01/2020 20:50:00	-6,30	-6,48	-6,82	-7,20	-7,52	-7,74	-8,10	-8,43	-8,73	-9,01	-9,32	-9,53	-9,74	-9,81	-9,87	-9,89	-9,91	-9,97	-10,03	-10,13	-10,22	-6,31
15/01/2020 20:55:00	-6,30	-6,48	-6,85	-7,19	-7,52	-7,86	-8,17	-8,51	-8,86	-9,13	-9,42	-9,61	-9,81	-9,86	-9,91	-9,93	-9,94	-10,00	-10,05	-10,14	-10,23	-6,30
15/01/2020 21:00:00	-6,29	-6,51	-6,83	-7,08	-7,34	-7,68	-8,07	-8,46	-8,82	-9,13	-9,46	-9,70	-9,93	-10,01	-10,09	-10,11	-10,14	-10,20	-10,26	-10,34	-10,43	-6,27
15/01/2020 21:05:00	-6,24	-6,55	-6,89	-7,24	-7,57	-7,87	-8,21	-8,56	-8,89	-9,17	-9,46	-9,65	-9,84	-9,88	-9,92	-9,92	-9,93	-9,97	-10,01	-10,09	-10,17	-6,29
15/01/2020 21:10:00	-6,16	-6,56	-6,81	-7,01	-7,25	-7,55	-7,97	-8,41	-8,80	-9,14	-9,49	-9,74	-9,99	-10,07	-10,15	-10,17	-10,20	-10,25	-10,31	-10,39	-10,47	-6,28
15/01/2020 21:15:00	-6,24	-6,62	-6,84	-7,02	-7,24	-7,51	-7,80	-8,22	-8,66	-9,00	-9,36	-9,64	-9,91	-10,03	-10,14	-10,19	-10,24	-10,32	-10,40	-10,50	-10,60	-6,27
15/01/2020 21:20:00	-6,27	-6,53	-6,87	-7,17	-7,43	-7,71	-8,00	-8,35	-8,71	-8,97	-9,25	-9,46	-9,67	-9,75	-9,82	-9,86	-9,89	-9,96	-10,03	-10,13	-10,22	-6,25
15/01/2020 21:25:00	-6,23	-6,47	-6,76	-7,04	-7,32	-7,61	-7,95	-8,27	-8,55	-8,91	-9,27	-9,51	-9,76	-9,83	-9,91	-9,91	-9,92	-9,97	-10,02	-10,10	-10,18	-6,24
15/01/2020 21:30:00	-6,35	-6,59	-6,87	-7,14	-7,39	-7,66	-7,93	-8,22	-8,53	-8,90	-9,29	-9,57	-9,84	-9,95	-10,05	-10,08	-10,11	-10,17	-10,24	-10,33	-10,42	-6,27
15/01/2020 21:35:00	-6,29	-6,58	-6,88	-7,17	-7,45	-7,74	-8,06	-8,37	-8,66	-9,02	-9,39	-9,64	-9,88	-9,96	-10,03	-10,03	-10,04	-10,08	-10,13	-10,21	-10,29	-6,31
15/01/2020 21:40:00	-6,30	-6,58	-6,86	-7,17	-7,44	-7,64	-7,99	-8,34	-8,68	-8,99	-9,32	-9,55	-9,79	-9,88	-9,97	-10,00	-10,03	-10,09	-10,16	-10,26	-10,35	-6,31
15/01/2020 21:45:00	-6,32	-6,54	-6,89	-7,21	-7,47	-7,71	-8,07	-8,41	-8,72	-9,00	-9,30	-9,52	-9,74	-9,82	-9,90	-9,94	-9,97	-10,04	-10,11	-10,21	-10,30	-6,34
15/01/2020 21:50:00	-6,32	-6,60	-6,93	-7,23	-7,49	-7,72	-7,99	-8,29	-8,60	-8,89	-9,21	-9,44	-9,66	-9,74	-9,82	-9,85	-9,88	-9,94	-10,01	-10,10	-10,20	-6,36
15/01/2020 21:55:00	-6,37	-6,58	-6,83	-7,12	-7,42	-7,75	-8,10	-8,51	-8,90	-9,18	-9,46	-9,65	-9,84	-9,89	-9,93	-9,94	-9,95	-10,00	-10,05	-10,14	-10,22	-6,36
15/01/2020 22:00:00	-6,36	-6,57	-6,86	-7,12	-7,37	-7,66	-7,90	-8,13	-8,40	-8,83	-9,28	-9,59	-9,90	-10,02	-10,14	-10,16	-10,17	-10,23	-10,29	-10,38	-10,47	-6,33
15/01/2020 22:05:00	-6,42	-6,62	-6,97	-7,26	-7,50	-7,72	-8,05	-8,35	-8,63	-8,90	-9,19	-9,41	-9,62	-9,70	-9,77	-9,81	-9,84	-9,91	-9,98	-10,07	-10,17	-6,36
15/01/2020 22:10:00	-6,38	-6,61	-6,86	-7,07	-7,32	-7,64	-8,02	-8,44	-8,83	-9,13	-9,44	-9,66	-9,88	-9,95	-10,01	-10,04	-10,06	-10,12	-10,18	-10,26	-10,35	-6,39
15/01/2020 22:15:00	-6,41	-6,62	-6,77	-6,96	-7,23	-7,61	-8,07	-8,51	-8,88	-9,25	-9,61	-9,83	-10,06	-10,10	-10,15	-10,14	-10,13	-10,15	-10,18	-10,25	-10,31	-6,34
15/01/2020 22:20:00	-6,45	-6,65	-6,90	-7,13	-7,31	-7,49	-7,76	-8,13	-8,52	-8,85	-9,22	-9,53	-9,84	-10,00	-10,15	-10,24	-10,32	-10,43	-10,54	-10,66	-10,77	-6,41
15/01/2020 22:25:00	-6,39	-6,65	-6,87	-7,08	-7,32	-7,64	-8,02	-8,36	-8,67	-9,05	-9,42	-9,67	-9,92	-9,99	-10,05	-10,05	-10,05	-10,09	-10,13	-10,20	-10,28	-6,38
15/01/2020 22:30:00	-6,34	-6,60	-6,82	-7,02	-7,27	-7,62	-7,91	-8,22	-8,54	-8,92	-9,30	-9,55	-9,80	-9,87	-9,95	-9,94	-9,94	-9,98	-10,02	-10,09	-10,17	-6,36
15/01/2020 22:35:00	-6,42	-6,58	-6,81	-7,05	-7,32	-7,63	-8,02	-8,38	-8,72	-9,08	-9,45	-9,70	-9,95	-10,02	-10,09	-10,10	-10,11	-10,16	-10,20	-10,28	-10,37	-6,36
15/01/2020 22:40:00	-6,34	-6,53	-6,83	-7,15	-7,45	-7,75	-8,07	-8,41	-8,73	-9,02	-9,33	-9,53	-9,73	-9,78	-9,83	-9,83	-9,84	-9,89	-9,94	-10,02	-10,10	-6,33
15/01/2020 22:45:00	-6,39	-6,54	-6,79	-7,02	-7,27	-7,63	-7,90	-8,24	-8,59	-8,94	-9,30	-9,56	-9,82	-9,91	-10,00	-10,02	-10,04	-10,10	-10,17	-10,25	-10,34	-6,35
15/01/2020 22:50:00	-6,35	-6,65	-6,91	-7,14	-7,35	-7,53	-7,77	-8,08	-8,42	-8,77	-9,16	-9,46	-9,75	-9,89	-10,02	-10,08	-10,13	-10,22	-10,31	-10,41	-10,52	-6,34
15/01/2020 22:55:00	-6,35	-6,51	-6,73	-6,95	-7,19	-7,52	-7,90	-8,30	-8,66	-9,01	-9,38	-9,63	-9,89	-9,98	-10,06	-10,09	-10,11	-10,17	-10,22	-10,31	-10,39	-6,30
15/01/2020 23:00:00	-6,24	-6,48	-6,72	-6,94	-7,17	-7,46	-7,77	-8,15	-8,53	-8,84	-9,17	-9,41	-9,64	-9,73	-9,81	-9,85	-9,88	-9,95	-10,02	-10,11	-10,20	-6,31
15/01/2020 23:05:00	-6,33	-6,70	-6,93	-7,11	-7,28	-7,50	-7,82	-8,14	-8,44	-8,80	-9,19	-9,48	-9,76	-9,87	-9,97	-10,01	-10,04	-10,10	-10,17	-10,25	-10,34	-6,30
15/01/2020 23:10:00	-6,29	-6,50	-6,72	-6,97	-7,25	-7,56	-7,95	-8,34	-8,70	-9,06	-9,43	-9,67	-9,91	-9,99	-10,06	-10,07	-10,09	-10,13	-10,18	-10,26	-10,35	-6,29
15/01/2020 23:15:00	-6,17	-6,60	-6,78	-6,92	-7,11	-7,36	-7,68	-8,06	-8,43	-8,80	-9,19	-9,46	-9,73	-9,83	-9,92	-9,95	-9,97	-10,03	-10,08	-10,17	-10,25	-6,26
15/01/2020 23:20:00	-6,34	-6,49	-6,69	-6,98	-7,30	-7,60	-7,95	-8,34	-8,71	-9,03	-9,35	-9,56	-9,77	-9,82	-9,87	-9,87	-9,87	-9,91	-9,96	-10,04	-10,12	-6,28
15/01/2020 23:25:00	-6,28	-6,56	-6,82	-7,07	-7,29	-7,49	-7,77	-8,06	-8,35	-8,72	-9,12	-9,41	-9,70	-9,82	-9,94	-9,98	-10,02	-10,10	-10,17	-10,27	-10,36	-6,28
15/01/2020 23:30:00	-6,29	-6,47	-6,75	-7,02	-7,26	-7,48	-7,70	-8,01	-8,36	-8,70	-9,06	-9,34	-9,63	-9,76	-9,88	-9,94	-10,00	-10,09	-10,18	-10,29	-10,40	-6,27
15/01/2020 23:35:00	-6,18	-6,53	-6,78	-7,01	-7,26	-7,48	-7,85	-8,25	-8,61	-8,92	-9,23	-9,45	-9,66	-9,73	-9,80	-9,81	-9,83	-9,89	-9,94	-10,03	-10,12	-6,26
15/01/2020 23:40:00	-6,22	-6,43	-6,74	-6,98	-7,20	-7,50	-7,92	-8,28	-8,57	-8,88	-9,20	-9,42	-9,64	-9,71	-9,78	-9,80	-9,82	-9,87	-9,93	-10,01	-10,10	-6,25
15/01/2020 23:45:00	-6,27	-6,49	-6,75	-7,00	-7,27	-7,58	-7,97	-8,37	-8,75	-9,03	-9,32	-9,53	-9,73	-9,79	-9,85	-9,87	-9,88	-9,94	-9,99	-10,08	-10,16	-6,21
15/01/2020 23:50:00	-6,29	-6,45	-6,69	-6,89	-7,13	-7,47	-7,82	-8,24	-8,64	-8,97	-9,31	-9,56	-9,82	-9,91	-10,01	-10,05	-10,09	-10,17	-10,24	-10,33	-10,43	-6,22
15/01/2020 23:55:00	-6,23	-6,36	-6,64	-6,93	-7,25	-7,59	-7,98	-8,37	-8,73	-9,03	-9,34	-9,54	-9,74	-9,79	-9,84	-9,84	-9,85	-9,90	-9,94	-10,02	-10,11	-6,23
