FileFormat:0002.2 file with temperature of atmosphere
SN105HE102
local	GMT or Local
0	GMT-Local=[hours]
0	Height[m]
0	0	0	Longitude                [grd]               [min]               [sec]
0	0	0	Latitude                [grd]               [min]               [sec]
N	NS
56,45	Freq[GHz]
0,00	dTemostat[K]
0,150	MessErr[K]
0,248	//[grad/step]
version 14.4.20120406
MTP5HE102F5645K-38.60I70D219217+A1.1
Commentary:
SN105HE102
парабола ДНА = 2,5 град
НЕ102 - ПУ - ХВБ с ЦСД " S "
АЦП - 202 - 09 с контр.U пит.и М
оптопара серии - 2
Т out № 178 пл
БП LPS - 112
End Of Commentary

SYSTEM\summer.dat
data time	0	50	100	150	200	250	300	350	400	450	500	550	600	650	700	750	800	850	900	950	1000	OutsideTemperature
31/07/2019 00:00:00	22,79	22,53	22,60	22,76	22,84	22,84	22,76	22,66	22,53	22,38	22,16	21,88	21,61	21,30	20,99	20,60	20,21	19,72	19,24	18,68	18,13	22,79
31/07/2019 00:05:00	22,53	22,32	22,48	22,71	22,85	22,85	22,77	22,75	22,65	22,49	22,29	22,05	21,80	21,51	21,21	20,83	20,44	19,95	19,47	18,92	18,37	22,43
31/07/2019 00:10:00	22,35	22,19	22,32	22,51	22,63	22,61	22,50	22,43	22,31	22,16	22,04	21,85	21,66	21,41	21,15	20,78	20,40	19,94	19,47	18,94	18,41	22,13
31/07/2019 00:15:00	22,09	21,81	22,00	22,27	22,41	22,51	22,53	22,45	22,31	22,11	21,96	21,75	21,53	21,25	20,97	20,57	20,17	19,67	19,18	18,61	18,05	22,08
31/07/2019 00:20:00	21,94	21,76	21,81	21,94	22,05	22,12	22,12	22,08	21,98	21,84	21,73	21,57	21,40	21,17	20,93	20,57	20,22	19,76	19,29	18,77	18,24	21,93
31/07/2019 00:25:00	21,89	21,64	21,68	21,82	21,95	21,99	21,96	21,92	21,81	21,65	21,53	21,35	21,17	20,92	20,67	20,30	19,94	19,47	19,00	18,47	17,94	21,85
31/07/2019 00:30:00	21,63	21,46	21,48	21,58	21,72	21,76	21,73	21,65	21,57	21,49	21,39	21,23	21,07	20,84	20,62	20,27	19,93	19,48	19,04	18,53	18,02	21,62
31/07/2019 00:35:00	21,59	21,27	21,32	21,48	21,64	21,74	21,76	21,74	21,68	21,60	21,45	21,25	21,05	20,79	20,54	20,19	19,84	19,38	18,93	18,40	17,88	21,49
31/07/2019 00:40:00	21,36	21,14	21,25	21,45	21,58	21,66	21,68	21,66	21,61	21,54	21,45	21,31	21,16	20,94	20,72	20,38	20,04	19,60	19,16	18,65	18,14	21,28
31/07/2019 00:45:00	21,14	20,98	21,13	21,36	21,58	21,74	21,80	21,77	21,68	21,54	21,44	21,28	21,11	20,87	20,62	20,25	19,88	19,41	18,94	18,40	17,86	21,14
31/07/2019 00:50:00	20,98	20,94	21,24	21,55	21,71	21,76	21,73	21,66	21,56	21,44	21,37	21,23	21,09	20,86	20,63	20,26	19,89	19,44	18,98	18,47	17,95	20,99
31/07/2019 00:55:00	20,88	20,69	21,02	21,40	21,61	21,73	21,77	21,79	21,77	21,73	21,63	21,46	21,28	21,04	20,80	20,45	20,10	19,65	19,20	18,69	18,17	20,82
31/07/2019 01:00:00	20,54	20,38	20,60	20,88	21,11	21,29	21,40	21,50	21,52	21,50	21,48	21,39	21,30	21,12	20,93	20,62	20,31	19,88	19,46	18,96	18,47	20,53
31/07/2019 01:05:00	20,22	20,18	20,35	20,59	20,81	20,96	21,03	21,02	21,02	21,05	21,09	21,04	21,00	20,85	20,69	20,39	20,08	19,67	19,26	18,79	18,31	20,24
31/07/2019 01:10:00	20,02	19,93	20,14	20,44	20,70	20,85	20,92	20,94	20,96	21,02	21,02	20,94	20,86	20,69	20,52	20,21	19,90	19,49	19,08	18,60	18,12	19,88
31/07/2019 01:15:00	19,84	19,71	19,92	20,20	20,44	20,57	20,62	20,67	20,73	20,82	20,85	20,80	20,75	20,61	20,47	20,18	19,89	19,51	19,12	18,66	18,21	19,78
31/07/2019 01:20:00	19,67	19,36	19,46	19,67	19,91	20,12	20,25	20,30	20,34	20,39	20,50	20,52	20,53	20,43	20,32	20,04	19,76	19,37	18,98	18,53	18,07	19,57
31/07/2019 01:25:00	19,55	19,34	19,28	19,31	19,45	19,49	19,50	19,59	19,61	19,60	19,75	19,82	19,90	19,83	19,77	19,52	19,26	18,91	18,56	18,14	17,73	19,48
31/07/2019 01:30:00	19,43	19,15	19,22	19,43	19,72	19,90	19,99	20,03	20,04	20,04	20,06	20,00	19,94	19,77	19,61	19,31	19,00	18,60	18,19	17,71	17,23	19,41
31/07/2019 01:35:00	19,31	19,06	19,02	19,05	19,09	19,19	19,26	19,28	19,29	19,33	19,40	19,41	19,43	19,33	19,23	18,98	18,73	18,38	18,03	17,61	17,20	19,34
31/07/2019 01:40:00	19,28	18,93	18,95	19,06	19,18	19,28	19,35	19,42	19,47	19,53	19,54	19,49	19,45	19,31	19,18	18,92	18,66	18,30	17,94	17,52	17,09	19,26
31/07/2019 01:45:00	19,10	18,78	18,71	18,73	18,80	18,87	18,92	18,98	19,01	19,05	19,16	19,19	19,23	19,15	19,07	18,83	18,59	18,25	17,91	17,51	17,11	19,16
31/07/2019 01:50:00	19,05	18,80	18,82	18,95	19,13	19,19	19,21	19,28	19,30	19,31	19,28	19,20	19,12	18,96	18,80	18,52	18,24	17,86	17,49	17,05	16,61	19,10
31/07/2019 01:55:00	19,02	18,67	18,63	18,67	18,74	18,82	18,87	18,91	18,96	19,03	19,16	19,22	19,28	19,22	19,15	18,92	18,68	18,35	18,01	17,62	17,23	19,02
31/07/2019 02:00:00	18,92	18,63	18,50	18,41	18,36	18,41	18,47	18,53	18,65	18,86	19,10	19,28	19,46	19,49	19,53	19,36	19,20	18,94	18,67	18,35	18,03	18,88
31/07/2019 02:05:00	18,68	18,49	18,50	18,57	18,66	18,74	18,81	18,93	19,06	19,25	19,52	19,70	19,89	19,91	19,94	19,76	19,58	19,29	19,01	18,66	18,32	18,67
31/07/2019 02:10:00	18,62	18,46	18,59	18,76	18,85	18,89	18,86	18,83	18,86	18,95	19,04	19,05	19,06	18,96	18,86	18,60	18,34	18,00	17,65	17,26	16,87	18,54
31/07/2019 02:15:00	18,51	18,41	18,46	18,53	18,54	18,61	18,66	18,69	18,76	18,87	18,98	19,03	19,08	19,01	18,95	18,73	18,50	18,19	17,87	17,50	17,13	18,59
31/07/2019 02:20:00	18,58	18,50	18,56	18,64	18,66	18,72	18,73	18,68	18,70	18,79	18,90	18,94	18,97	18,89	18,81	18,57	18,32	17,99	17,65	17,27	16,89	18,61
31/07/2019 02:25:00	18,60	18,46	18,46	18,48	18,48	18,46	18,41	18,40	18,45	18,57	18,75	18,85	18,95	18,92	18,89	18,68	18,46	18,16	17,86	17,51	17,16	18,53
31/07/2019 02:30:00	18,50	18,46	18,44	18,45	18,47	18,49	18,50	18,56	18,69	18,90	19,15	19,33	19,50	19,53	19,56	19,38	19,21	18,94	18,67	18,35	18,02	18,61
31/07/2019 02:35:00	18,76	18,63	18,55	18,47	18,39	18,30	18,26	18,38	18,51	18,72	19,12	19,43	19,75	19,87	19,99	19,85	19,72	19,49	19,26	18,99	18,72	18,79
31/07/2019 02:40:00	18,79	18,75	18,69	18,64	18,62	18,66	18,73	18,83	18,94	19,11	19,43	19,68	19,92	19,99	20,06	19,90	19,74	19,47	19,21	18,89	18,57	18,82
31/07/2019 02:45:00	18,96	18,85	18,71	18,62	18,59	18,60	18,63	18,71	18,81	18,96	19,24	19,45	19,65	19,70	19,75	19,58	19,41	19,14	18,86	18,54	18,21	18,97
31/07/2019 02:50:00	18,86	18,76	18,65	18,57	18,53	18,52	18,51	18,53	18,62	18,81	19,15	19,41	19,67	19,74	19,82	19,65	19,49	19,23	18,97	18,66	18,35	19,04
31/07/2019 02:55:00	19,06	19,00	18,90	18,81	18,73	18,66	18,59	18,58	18,67	18,87	19,18	19,42	19,66	19,72	19,79	19,62	19,45	19,20	18,94	18,64	18,34	18,87
31/07/2019 03:00:00	19,13	19,27	19,20	19,09	18,94	18,87	18,80	18,68	18,62	18,64	18,74	18,78	18,82	18,75	18,68	18,43	18,19	17,87	17,55	17,19	16,83	19,07
31/07/2019 03:05:00	19,10	19,22	19,11	18,97	18,83	18,69	18,54	18,43	18,39	18,45	18,58	18,65	18,73	18,68	18,63	18,41	18,18	17,88	17,57	17,24	16,90	19,13
31/07/2019 03:10:00	19,01	19,32	19,31	19,22	19,04	18,88	18,71	18,53	18,47	18,54	18,65	18,71	18,76	18,70	18,63	18,40	18,16	17,85	17,55	17,21	16,87	18,96
31/07/2019 03:15:00	19,00	18,96	18,85	18,73	18,55	18,42	18,31	18,27	18,27	18,34	18,43	18,48	18,54	18,48	18,43	18,21	18,00	17,71	17,42	17,08	16,75	19,04
31/07/2019 03:20:00	18,97	18,93	18,82	18,66	18,38	18,26	18,18	18,10	18,09	18,15	18,30	18,39	18,49	18,46	18,44	18,24	18,04	17,76	17,48	17,16	16,85	18,79
31/07/2019 03:25:00	18,82	18,82	18,77	18,71	18,60	18,52	18,43	18,36	18,29	18,26	18,34	18,36	18,38	18,29	18,19	17,94	17,68	17,35	17,02	16,65	16,28	18,84
31/07/2019 03:30:00	18,82	18,88	18,95	18,93	18,74	18,58	18,44	18,41	18,36	18,34	18,37	18,37	18,36	18,25	18,15	17,90	17,65	17,34	17,02	16,67	16,32	18,86
31/07/2019 03:35:00	18,88	18,92	18,90	18,84	18,68	18,59	18,50	18,43	18,35	18,31	18,35	18,33	18,32	18,21	18,10	17,84	17,58	17,25	16,92	16,55	16,18	19,05
31/07/2019 03:40:00	18,81	18,90	18,96	18,94	18,75	18,63	18,51	18,37	18,31	18,33	18,38	18,37	18,37	18,26	18,16	17,90	17,65	17,33	17,01	16,65	16,30	18,96
31/07/2019 03:45:00	18,94	18,98	18,97	18,90	18,72	18,58	18,43	18,27	18,20	18,23	18,18	18,11	18,04	17,89	17,75	17,48	17,22	16,89	16,56	16,19	15,83	19,08
31/07/2019 03:50:00	18,94	18,84	18,78	18,71	18,58	18,51	18,43	18,36	18,38	18,49	18,54	18,56	18,57	18,49	18,41	18,19	17,97	17,67	17,37	17,02	16,67	18,95
31/07/2019 03:55:00	18,92	18,91	18,81	18,68	18,48	18,35	18,25	18,17	18,18	18,28	18,39	18,45	18,52	18,47	18,43	18,22	18,02	17,73	17,45	17,13	16,81	18,99
31/07/2019 04:00:00	18,97	18,94	18,85	18,74	18,59	18,46	18,35	18,34	18,32	18,34	18,43	18,47	18,51	18,45	18,38	18,16	17,93	17,63	17,32	16,98	16,64	18,94
31/07/2019 04:05:00	18,97	18,98	18,81	18,62	18,43	18,32	18,23	18,14	18,14	18,25	18,35	18,42	18,49	18,45	18,41	18,21	18,01	17,72	17,44	17,12	16,79	19,04
31/07/2019 04:10:00	18,90	18,95	18,84	18,70	18,53	18,46	18,40	18,32	18,32	18,42	18,54	18,62	18,70	18,66	18,63	18,42	18,21	17,92	17,62	17,29	16,96	18,92
31/07/2019 04:15:00	18,99	19,08	18,91	18,69	18,47	18,33	18,22	18,16	18,10	18,08	18,26	18,39	18,51	18,49	18,47	18,26	18,05	17,75	17,46	17,13	16,80	18,96
31/07/2019 04:20:00	19,01	18,95	18,76	18,60	18,48	18,44	18,41	18,36	18,35	18,40	18,57	18,68	18,79	18,76	18,74	18,53	18,32	18,02	17,72	17,37	17,03	19,17
31/07/2019 04:25:00	19,12	19,04	18,82	18,62	18,47	18,35	18,23	18,11	18,11	18,23	18,36	18,43	18,51	18,47	18,43	18,23	18,03	17,74	17,45	17,12	16,79	19,17
31/07/2019 04:30:00	19,04	19,03	18,93	18,79	18,58	18,40	18,27	18,26	18,25	18,28	18,41	18,50	18,58	18,55	18,51	18,31	18,10	17,81	17,52	17,20	16,87	19,09
31/07/2019 04:35:00	19,17	19,08	18,86	18,65	18,44	18,38	18,34	18,28	18,30	18,42	18,52	18,58	18,65	18,61	18,57	18,38	18,19	17,90	17,62	17,29	16,96	18,94
31/07/2019 04:40:00	19,08	18,88	18,64	18,46	18,37	18,29	18,22	18,21	18,21	18,26	18,37	18,44	18,51	18,46	18,42	18,20	17,99	17,69	17,39	17,04	16,69	19,07
31/07/2019 04:45:00	19,01	18,95	18,79	18,67	18,58	18,49	18,39	18,30	18,26	18,29	18,42	18,49	18,56	18,50	18,44	18,21	17,98	17,66	17,34	16,99	16,63	19,01
31/07/2019 04:50:00	18,95	18,94	18,78	18,63	18,50	18,44	18,39	18,35	18,34	18,37	18,50	18,57	18,64	18,60	18,55	18,33	18,12	17,81	17,51	17,16	16,81	19,03
31/07/2019 04:55:00	18,99	18,93	18,72	18,55	18,46	18,34	18,22	18,19	18,20	18,28	18,41	18,50	18,59	18,55	18,52	18,31	18,10	17,81	17,52	17,18	16,85	19,01
31/07/2019 05:00:00	19,06	18,96	18,73	18,53	18,39	18,29	18,21	18,17	18,15	18,18	18,34	18,45	18,55	18,53	18,50	18,29	18,08	17,78	17,49	17,15	16,81	19,05
31/07/2019 05:05:00	19,06	18,96	18,69	18,47	18,40	18,34	18,27	18,21	18,19	18,25	18,44	18,57	18,69	18,67	18,66	18,45	18,24	17,94	17,64	17,30	16,96	19,01
31/07/2019 05:10:00	18,92	18,83	18,62	18,43	18,30	18,22	18,18	18,18	18,18	18,21	18,33	18,41	18,48	18,44	18,40	18,19	17,98	17,69	17,39	17,04	16,70	18,96
31/07/2019 05:15:00	18,94	18,78	18,56	18,36	18,22	18,15	18,10	18,06	18,11	18,27	18,35	18,41	18,47	18,43	18,38	18,20	18,01	17,73	17,46	17,13	16,81	18,84
31/07/2019 05:20:00	18,85	18,71	18,44	18,19	18,05	18,00	17,95	17,88	17,87	17,94	18,14	18,27	18,41	18,40	18,40	18,20	18,01	17,72	17,44	17,11	16,78	18,96
31/07/2019 05:25:00	18,81	18,67	18,43	18,23	18,11	18,05	17,99	17,97	17,99	18,08	18,22	18,32	18,42	18,39	18,37	18,17	17,97	17,69	17,40	17,07	16,73	18,77
31/07/2019 05:30:00	18,73	18,52	18,34	18,20	18,04	18,00	17,99	17,98	18,00	18,09	18,18	18,24	18,30	18,25	18,20	18,00	17,80	17,51	17,22	16,88	16,54	18,74
31/07/2019 05:35:00	18,57	18,39	18,19	18,03	17,94	17,88	17,81	17,77	17,78	17,86	18,02	18,13	18,23	18,21	18,18	17,98	17,77	17,48	17,19	16,86	16,52	18,65
31/07/2019 05:40:00	18,58	18,46	18,26	18,13	18,09	18,07	18,04	18,02	18,01	18,07	18,20	18,27	18,34	18,29	18,24	18,02	17,80	17,49	17,19	16,83	16,47	18,61
31/07/2019 05:45:00	18,60	18,35	18,15	17,98	17,82	17,79	17,77	17,77	17,77	17,82	17,93	17,99	18,05	18,00	17,96	17,75	17,55	17,25	16,96	16,62	16,28	18,51
31/07/2019 05:50:00	18,45	18,25	18,08	17,94	17,79	17,72	17,69	17,69	17,69	17,74	17,82	17,86	17,90	17,84	17,77	17,56	17,35	17,06	16,76	16,42	16,08	18,44
31/07/2019 05:55:00	18,46	18,24	18,03	17,84	17,68	17,60	17,55	17,55	17,56	17,62	17,75	17,83	17,91	17,88	17,84	17,65	17,45	17,17	16,89	16,56	16,24	18,44
31/07/2019 06:00:00	18,47	18,26	18,00	17,82	17,78	17,73	17,68	17,65	17,62	17,63	17,76	17,83	17,90	17,84	17,79	17,57	17,34	17,03	16,72	16,36	16,00	18,52
31/07/2019 06:05:00	18,48	18,23	18,02	17,84	17,69	17,66	17,66	17,67	17,70	17,78	17,92	18,02	18,11	18,09	18,06	17,88	17,69	17,41	17,12	16,80	16,47	18,50
31/07/2019 06:10:00	18,41	18,24	18,04	17,90	17,81	17,82	17,84	17,83	17,85	17,92	18,07	18,17	18,27	18,24	18,21	18,01	17,81	17,51	17,21	16,87	16,52	18,46
31/07/2019 06:15:00	18,48	18,15	17,98	17,87	17,79	17,81	17,83	17,83	17,85	17,92	18,00	18,04	18,08	18,01	17,94	17,73	17,52	17,21	16,90	16,54	16,19	18,42
31/07/2019 06:20:00	18,52	18,26	18,04	17,85	17,71	17,69	17,68	17,62	17,56	17,54	17,69	17,77	17,85	17,80	17,75	17,52	17,30	16,99	16,68	16,33	15,97	18,44
31/07/2019 06:25:00	18,37	18,16	17,88	17,63	17,47	17,39	17,32	17,26	17,23	17,27	17,46	17,59	17,72	17,71	17,70	17,50	17,30	17,02	16,74	16,42	16,10	18,42
31/07/2019 06:30:00	18,41	18,23	18,00	17,81	17,67	17,62	17,57	17,52	17,50	17,53	17,60	17,64	17,68	17,62	17,55	17,33	17,11	16,81	16,51	16,16	15,81	18,43
31/07/2019 06:35:00	18,40	18,21	17,92	17,68	17,53	17,49	17,45	17,36	17,31	17,32	17,41	17,46	17,51	17,44	17,37	17,15	16,93	16,63	16,32	15,97	15,62	18,45
31/07/2019 06:40:00	18,37	18,17	17,91	17,68	17,50	17,37	17,26	17,18	17,12	17,11	17,23	17,29	17,36	17,30	17,25	17,03	16,81	16,51	16,22	15,89	15,55	18,36
31/07/2019 06:45:00	18,47	18,13	17,87	17,68	17,57	17,51	17,47	17,44	17,41	17,40	17,48	17,50	17,53	17,45	17,38	17,15	16,93	16,62	16,31	15,95	15,59	18,38
31/07/2019 06:50:00	18,33	18,10	17,86	17,66	17,52	17,42	17,32	17,23	17,18	17,18	17,27	17,32	17,37	17,30	17,23	17,00	16,77	16,47	16,17	15,82	15,48	18,36
31/07/2019 06:55:00	18,33	18,06	17,86	17,69	17,52	17,43	17,35	17,29	17,24	17,23	17,26	17,26	17,26	17,16	17,06	16,83	16,60	16,29	15,99	15,63	15,28	18,33
31/07/2019 07:00:00	18,32	18,11	17,86	17,61	17,35	17,23	17,14	17,05	16,96	16,91	16,96	16,98	17,00	16,91	16,82	16,59	16,36	16,06	15,76	15,42	15,08	18,33
31/07/2019 07:05:00	18,31	18,14	17,83	17,53	17,29	17,10	16,97	16,94	16,87	16,82	16,85	16,87	16,89	16,81	16,73	16,51	16,30	16,01	15,72	15,39	15,06	18,31
31/07/2019 07:10:00	18,40	18,18	17,82	17,51	17,33	17,19	17,06	16,93	16,86	16,86	16,92	16,94	16,97	16,89	16,81	16,59	16,37	16,07	15,77	15,43	15,10	18,32
31/07/2019 07:15:00	18,32	17,98	17,72	17,50	17,31	17,20	17,10	16,99	16,90	16,87	16,91	16,91	16,90	16,80	16,70	16,46	16,23	15,92	15,60	15,25	14,90	18,34
31/07/2019 07:20:00	18,44	18,04	17,74	17,49	17,31	17,22	17,12	17,01	16,94	16,94	16,99	17,00	17,00	16,91	16,82	16,59	16,36	16,06	15,76	15,41	15,06	18,36
31/07/2019 07:25:00	18,36	18,10	17,75	17,43	17,21	17,04	16,90	16,81	16,74	16,72	16,78	16,82	16,85	16,78	16,71	16,50	16,28	15,99	15,70	15,37	15,05	18,35
31/07/2019 07:30:00	18,43	18,14	17,84	17,57	17,34	17,16	16,99	16,86	16,76	16,70	16,74	16,74	16,74	16,64	16,54	16,30	16,07	15,76	15,46	15,12	14,78	18,39
31/07/2019 07:35:00	18,37	18,10	17,84	17,60	17,38	17,17	17,00	16,91	16,82	16,77	16,77	16,74	16,70	16,59	16,48	16,24	16,00	15,69	15,39	15,05	14,71	18,50
31/07/2019 07:40:00	18,42	18,10	17,79	17,55	17,41	17,23	17,07	17,04	16,95	16,86	16,87	16,85	16,82	16,71	16,60	16,35	16,11	15,79	15,48	15,12	14,76	18,50
31/07/2019 07:45:00	18,47	18,21	17,90	17,60	17,34	17,15	17,00	16,90	16,82	16,78	16,72	16,66	16,59	16,47	16,34	16,11	15,87	15,57	15,27	14,93	14,59	18,45
31/07/2019 07:50:00	18,62	18,30	18,02	17,74	17,44	17,16	16,93	16,81	16,67	16,55	16,56	16,53	16,50	16,38	16,26	16,01	15,76	15,45	15,15	14,81	14,47	18,55
31/07/2019 07:55:00	18,61	18,38	18,01	17,67	17,41	17,25	17,07	16,84	16,71	16,68	16,61	16,53	16,45	16,30	16,15	15,90	15,64	15,33	15,01	14,65	14,30	18,61
31/07/2019 08:00:00	18,70	18,45	18,08	17,74	17,45	17,23	17,03	16,86	16,70	16,59	16,60	16,58	16,56	16,44	16,32	16,07	15,82	15,51	15,19	14,85	14,50	18,78
31/07/2019 08:05:00	18,85	18,56	18,21	17,88	17,58	17,31	17,07	16,91	16,74	16,59	16,54	16,46	16,38	16,23	16,08	15,82	15,55	15,23	14,90	14,55	14,19	18,88
31/07/2019 08:10:00	18,83	18,48	18,11	17,75	17,43	17,21	17,02	16,86	16,72	16,62	16,57	16,50	16,43	16,29	16,15	15,90	15,65	15,34	15,03	14,68	14,33	18,91
31/07/2019 08:15:00	18,90	18,58	18,21	17,87	17,59	17,32	17,07	16,86	16,67	16,51	16,41	16,29	16,17	15,99	15,81	15,52	15,24	14,90	14,57	14,20	13,83	18,97
31/07/2019 08:20:00	19,03	18,62	18,29	17,97	17,64	17,33	17,06	16,86	16,67	16,52	16,45	16,35	16,26	16,09	15,93	15,66	15,38	15,06	14,73	14,37	14,02	19,00
31/07/2019 08:25:00	18,89	18,66	18,24	17,86	17,59	17,31	17,03	16,76	16,55	16,42	16,29	16,16	16,02	15,83	15,63	15,35	15,06	14,72	14,38	14,01	13,64	18,96
31/07/2019 08:30:00	18,98	18,86	18,46	18,06	17,67	17,30	16,96	16,68	16,47	16,33	16,26	16,17	16,09	15,93	15,77	15,50	15,24	14,92	14,60	14,27	13,93	19,04
31/07/2019 08:35:00	19,11	18,85	18,46	18,06	17,72	17,44	17,16	16,88	16,65	16,47	16,39	16,29	16,19	16,02	15,85	15,56	15,28	14,94	14,60	14,23	13,87	19,14
31/07/2019 08:40:00	19,22	18,94	18,56	18,17	17,79	17,48	17,20	16,94	16,70	16,51	16,42	16,32	16,21	16,04	15,86	15,58	15,29	14,96	14,62	14,26	13,90	19,17
31/07/2019 08:45:00	19,40	19,06	18,65	18,24	17,87	17,55	17,22	16,85	16,62	16,53	16,45	16,35	16,24	16,07	15,90	15,62	15,34	15,01	14,69	14,34	13,99	19,52
31/07/2019 08:50:00	19,47	19,04	18,62	18,23	17,91	17,66	17,43	17,21	17,01	16,84	16,67	16,49	16,31	16,10	15,88	15,59	15,30	14,95	14,60	14,22	13,83	19,75
31/07/2019 08:55:00	19,60	19,12	18,70	18,31	17,95	17,64	17,36	17,13	16,91	16,74	16,58	16,42	16,25	16,05	15,84	15,55	15,26	14,92	14,57	14,20	13,82	19,87
31/07/2019 09:00:00	19,58	19,22	18,82	18,44	18,10	17,76	17,43	17,13	16,90	16,74	16,63	16,50	16,37	16,18	15,99	15,70	15,40	15,06	14,72	14,35	13,98	20,14
31/07/2019 09:05:00	19,65	19,30	18,90	18,48	18,01	17,68	17,40	17,13	16,87	16,63	16,51	16,38	16,25	16,06	15,87	15,58	15,28	14,94	14,60	14,23	13,86	19,94
31/07/2019 09:10:00	19,84	19,47	19,03	18,62	18,30	17,86	17,45	17,19	16,91	16,63	16,45	16,25	16,06	15,82	15,58	15,26	14,94	14,57	14,21	13,82	13,43	20,17
31/07/2019 09:15:00	19,90	19,51	19,07	18,66	18,27	17,90	17,56	17,30	17,01	16,71	16,54	16,37	16,19	15,97	15,74	15,42	15,10	14,73	14,36	13,97	13,57	20,36
31/07/2019 09:20:00	19,88	19,58	19,17	18,74	18,32	17,91	17,52	17,18	16,88	16,63	16,44	16,24	16,05	15,81	15,57	15,25	14,93	14,57	14,21	13,83	13,44	20,41
31/07/2019 09:25:00	20,26	20,00	19,55	19,09	18,69	18,30	17,92	17,59	17,32	17,12	16,90	16,69	16,47	16,23	15,99	15,68	15,37	15,01	14,65	14,26	13,88	20,47
31/07/2019 09:30:00	20,37	20,06	19,60	19,16	18,80	18,40	18,00	17,65	17,34	17,09	16,86	16,63	16,40	16,14	15,87	15,54	15,20	14,82	14,44	14,04	13,64	20,56
31/07/2019 09:35:00	20,61	20,26	19,82	19,36	18,90	18,51	18,15	17,76	17,46	17,24	17,00	16,77	16,53	16,28	16,02	15,69	15,37	15,00	14,63	14,23	13,84	20,71
31/07/2019 09:40:00	20,60	20,30	19,88	19,43	18,96	18,54	18,16	17,80	17,45	17,13	16,89	16,66	16,43	16,16	15,90	15,55	15,21	14,83	14,44	14,04	13,63	20,67
31/07/2019 09:45:00	20,65	20,31	19,86	19,38	18,86	18,43	18,07	17,75	17,45	17,20	16,99	16,80	16,60	16,37	16,14	15,83	15,52	15,17	14,81	14,43	14,05	20,70
31/07/2019 09:50:00	20,79	20,44	19,99	19,52	19,04	18,60	18,18	17,76	17,41	17,12	16,89	16,66	16,43	16,16	15,90	15,56	15,22	14,84	14,46	14,06	13,66	20,96
31/07/2019 09:55:00	20,95	20,58	20,14	19,69	19,19	18,78	18,41	18,02	17,70	17,43	17,18	16,95	16,71	16,44	16,18	15,84	15,51	15,13	14,75	14,35	13,94	21,00
31/07/2019 10:00:00	21,08	20,69	20,25	19,80	19,31	18,89	18,49	18,09	17,72	17,39	17,14	16,90	16,65	16,37	16,09	15,74	15,38	14,99	14,59	14,18	13,76	21,12
31/07/2019 10:05:00	21,20	20,73	20,27	19,83	19,40	18,99	18,60	18,25	17,94	17,67	17,36	17,06	16,76	16,46	16,16	15,81	15,47	15,07	14,68	14,26	13,84	21,42
31/07/2019 10:10:00	21,10	20,80	20,38	19,92	19,42	18,97	18,56	18,17	17,79	17,42	17,18	16,94	16,70	16,42	16,14	15,78	15,42	15,03	14,63	14,21	13,80	20,89
31/07/2019 10:15:00	21,21	20,91	20,42	19,93	19,49	19,06	18,65	18,27	17,90	17,55	17,31	17,06	16,82	16,54	16,26	15,91	15,55	15,15	14,75	14,33	13,91	20,98
31/07/2019 10:20:00	21,21	20,86	20,36	19,84	19,36	18,93	18,53	18,18	17,85	17,56	17,32	17,09	16,86	16,60	16,34	16,01	15,68	15,30	14,92	14,51	14,11	20,97
31/07/2019 10:25:00	21,29	20,98	20,54	20,11	19,71	19,28	18,83	18,39	18,02	17,72	17,45	17,18	16,91	16,61	16,32	15,95	15,58	15,17	14,77	14,33	13,90	21,04
31/07/2019 10:30:00	21,42	21,09	20,64	20,17	19,64	19,21	18,80	18,32	17,91	17,56	17,33	17,10	16,87	16,59	16,31	15,95	15,58	15,18	14,78	14,36	13,93	21,19
31/07/2019 10:35:00	21,54	21,15	20,71	20,23	19,70	19,23	18,82	18,46	18,13	17,82	17,52	17,23	16,94	16,65	16,35	16,01	15,67	15,28	14,89	14,48	14,06	21,55
31/07/2019 10:40:00	21,52	21,09	20,60	20,13	19,71	19,25	18,79	18,44	18,16	17,95	17,76	17,56	17,37	17,13	16,89	16,58	16,26	15,89	15,52	15,13	14,74	21,57
31/07/2019 10:45:00	21,68	21,30	20,85	20,37	19,89	19,43	18,98	18,57	18,21	17,88	17,58	17,30	17,02	16,71	16,41	16,05	15,69	15,29	14,88	14,46	14,03	21,76
31/07/2019 10:50:00	21,77	21,28	20,86	20,45	20,02	19,58	19,16	18,81	18,45	18,07	17,74	17,42	17,10	16,77	16,44	16,06	15,68	15,26	14,83	14,38	13,93	21,92
31/07/2019 10:55:00	21,81	21,42	20,94	20,44	19,94	19,49	19,05	18,62	18,25	17,95	17,73	17,51	17,30	17,04	16,78	16,43	16,08	15,69	15,30	14,89	14,48	21,78
31/07/2019 11:00:00	21,85	21,52	21,01	20,49	19,97	19,50	19,07	18,68	18,34	18,08	17,79	17,51	17,23	16,94	16,65	16,31	15,97	15,59	15,20	14,79	14,37	22,03
31/07/2019 11:05:00	21,97	21,49	21,01	20,52	20,06	19,58	19,13	18,80	18,48	18,17	17,87	17,58	17,28	16,99	16,69	16,34	15,99	15,60	15,20	14,77	14,35	22,12
31/07/2019 11:10:00	22,00	21,64	21,20	20,73	20,21	19,76	19,33	18,88	18,50	18,19	17,91	17,64	17,36	17,07	16,77	16,41	16,05	15,64	15,24	14,81	14,38	22,43
31/07/2019 11:15:00	22,08	21,74	21,25	20,72	20,14	19,66	19,22	18,75	18,36	18,05	17,78	17,51	17,25	16,96	16,67	16,32	15,97	15,57	15,18	14,76	14,35	22,48
31/07/2019 11:20:00	22,20	21,77	21,28	20,80	20,35	19,86	19,36	18,95	18,57	18,22	17,91	17,60	17,30	16,98	16,66	16,29	15,91	15,49	15,07	14,63	14,19	22,69
31/07/2019 11:25:00	22,17	21,83	21,30	20,77	20,26	19,79	19,35	18,91	18,50	18,13	17,87	17,62	17,37	17,08	16,79	16,42	16,06	15,64	15,23	14,80	14,36	23,05
31/07/2019 11:30:00	22,24	21,76	21,23	20,73	20,27	19,83	19,40	18,96	18,59	18,32	18,00	17,67	17,35	17,03	16,70	16,34	15,98	15,57	15,15	14,71	14,27	22,88
31/07/2019 11:35:00	22,22	21,94	21,50	21,02	20,53	20,02	19,52	19,13	18,76	18,44	18,08	17,73	17,38	17,04	16,70	16,33	15,96	15,55	15,14	14,70	14,27	22,93
31/07/2019 11:40:00	22,49	21,99	21,50	21,00	20,51	20,02	19,55	19,12	18,74	18,41	18,14	17,87	17,60	17,31	17,01	16,65	16,28	15,88	15,47	15,04	14,60	23,08
31/07/2019 11:45:00	22,51	22,02	21,51	20,99	20,52	20,05	19,58	19,16	18,76	18,41	18,09	17,78	17,47	17,15	16,82	16,45	16,07	15,65	15,23	14,78	14,33	23,68
31/07/2019 11:50:00	22,57	22,15	21,68	21,21	20,77	20,35	19,93	19,51	19,10	18,69	18,30	17,93	17,56	17,20	16,83	16,42	16,02	15,57	15,11	14,63	14,15	22,84
31/07/2019 11:55:00	22,65	22,25	21,80	21,34	20,85	20,32	19,78	19,33	18,93	18,58	18,25	17,93	17,60	17,27	16,94	16,55	16,17	15,74	15,32	14,88	14,43	23,09
31/07/2019 12:00:00	22,69	22,20	21,69	21,20	20,72	20,26	19,83	19,49	19,17	18,85	18,53	18,23	17,92	17,61	17,30	16,95	16,59	16,18	15,77	15,33	14,88	23,38
31/07/2019 12:05:00	22,81	22,32	21,90	21,46	20,96	20,51	20,08	19,62	19,20	18,82	18,48	18,15	17,81	17,47	17,12	16,73	16,33	15,89	15,45	14,98	14,52	23,33
31/07/2019 12:10:00	22,82	22,37	21,93	21,47	20,98	20,50	20,05	19,61	19,20	18,81	18,52	18,23	17,95	17,64	17,33	16,94	16,55	16,12	15,69	15,23	14,78	23,51
31/07/2019 12:15:00	22,95	22,50	22,03	21,56	21,08	20,65	20,24	19,83	19,44	19,07	18,70	18,35	18,00	17,65	17,30	16,91	16,52	16,07	15,63	15,15	14,68	23,40
31/07/2019 12:20:00	22,98	22,50	22,05	21,59	21,08	20,67	20,30	19,93	19,55	19,16	18,84	18,54	18,23	17,91	17,59	17,21	16,83	16,39	15,96	15,49	15,02	23,83
31/07/2019 12:25:00	23,08	22,55	22,05	21,56	21,03	20,61	20,22	19,75	19,31	18,91	18,61	18,33	18,04	17,73	17,41	17,02	16,63	16,19	15,75	15,28	14,81	23,84
31/07/2019 12:30:00	23,37	22,78	22,20	21,65	21,16	20,71	20,28	19,84	19,43	19,08	18,75	18,42	18,10	17,76	17,43	17,05	16,67	16,23	15,79	15,32	14,85	24,19
31/07/2019 12:35:00	23,26	23,00	22,52	21,99	21,41	20,88	20,38	19,93	19,50	19,10	18,72	18,36	18,00	17,64	17,29	16,90	16,51	16,07	15,63	15,17	14,71	24,58
31/07/2019 12:40:00	23,11	22,94	22,53	22,07	21,53	21,02	20,54	20,09	19,67	19,26	18,91	18,58	18,25	17,91	17,56	17,17	16,77	16,33	15,89	15,42	14,96	23,58
31/07/2019 12:45:00	23,40	22,78	22,33	21,91	21,46	21,03	20,61	20,20	19,82	19,47	19,07	18,68	18,29	17,92	17,54	17,14	16,74	16,28	15,83	15,34	14,85	24,65
31/07/2019 12:50:00	23,48	22,98	22,47	21,99	21,53	21,10	20,69	20,22	19,78	19,36	19,01	18,67	18,33	17,97	17,61	17,20	16,79	16,33	15,86	15,36	14,87	24,33
31/07/2019 12:55:00	23,43	23,03	22,55	22,03	21,47	20,98	20,52	20,06	19,65	19,31	18,97	18,64	18,32	17,98	17,65	17,27	16,89	16,46	16,03	15,58	15,12	24,24
31/07/2019 13:00:00	23,60	23,15	22,64	22,15	21,69	21,17	20,64	20,26	19,89	19,54	19,17	18,82	18,47	18,12	17,77	17,38	17,00	16,56	16,12	15,65	15,18	24,39
31/07/2019 13:05:00	23,62	23,22	22,70	22,21	21,79	21,40	21,01	20,56	20,16	19,82	19,45	19,09	18,72	18,36	17,99	17,60	17,20	16,73	16,27	15,77	15,28	25,14
31/07/2019 13:10:00	23,61	23,13	22,62	22,11	21,61	21,21	20,84	20,41	19,99	19,60	19,24	18,91	18,57	18,22	17,88	17,48	17,08	16,63	16,17	15,68	15,19	24,01
31/07/2019 13:15:00	23,71	23,27	22,78	22,28	21,74	21,28	20,87	20,44	20,03	19,65	19,28	18,93	18,58	18,23	17,88	17,48	17,09	16,64	16,19	15,71	15,23	25,05
31/07/2019 13:20:00	23,83	23,40	22,86	22,32	21,87	21,39	20,91	20,48	20,08	19,74	19,33	18,93	18,52	18,14	17,77	17,37	16,97	16,52	16,06	15,58	15,09	24,68
31/07/2019 13:25:00	23,72	23,39	22,95	22,49	22,02	21,57	21,14	20,68	20,26	19,90	19,54	19,20	18,86	18,50	18,15	17,75	17,35	16,89	16,43	15,94	15,46	24,48
31/07/2019 13:30:00	23,72	23,34	22,92	22,50	21,99	21,53	21,10	20,67	20,24	19,83	19,45	19,09	18,73	18,36	18,00	17,58	17,17	16,71	16,25	15,75	15,26	24,29
31/07/2019 13:35:00	23,88	23,52	23,06	22,60	22,16	21,72	21,29	20,85	20,40	19,94	19,55	19,20	18,84	18,47	18,10	17,67	17,24	16,76	16,27	15,76	15,24	24,72
31/07/2019 13:40:00	24,01	23,47	22,95	22,46	22,01	21,58	21,15	20,74	20,35	19,97	19,60	19,24	18,89	18,53	18,17	17,77	17,37	16,91	16,45	15,95	15,46	25,06
31/07/2019 13:45:00	24,00	23,46	22,99	22,54	22,03	21,59	21,17	20,72	20,31	19,96	19,55	19,14	18,73	18,35	17,96	17,55	17,15	16,68	16,22	15,73	15,23	25,71
31/07/2019 13:50:00	24,04	23,54	23,03	22,54	22,08	21,63	21,19	20,80	20,41	20,02	19,67	19,34	19,01	18,67	18,33	17,94	17,54	17,09	16,63	16,14	15,65	25,54
31/07/2019 13:55:00	24,23	23,59	23,10	22,62	22,11	21,67	21,26	20,87	20,48	20,09	19,74	19,41	19,08	18,74	18,40	18,00	17,61	17,16	16,70	16,21	15,73	25,11
31/07/2019 14:00:00	24,13	23,57	23,15	22,76	22,36	22,00	21,66	21,28	20,87	20,44	20,02	19,61	19,19	18,79	18,39	17,96	17,53	17,03	16,54	16,00	15,46	24,93
31/07/2019 14:05:00	24,15	23,67	23,17	22,70	22,27	21,85	21,42	20,97	20,57	20,22	19,86	19,50	19,14	18,78	18,42	18,02	17,61	17,15	16,68	16,18	15,68	25,14
31/07/2019 14:10:00	24,18	23,70	23,23	22,77	22,33	21,89	21,45	20,99	20,56	20,16	19,82	19,48	19,15	18,80	18,45	18,03	17,62	17,15	16,68	16,18	15,67	25,44
31/07/2019 14:15:00	24,33	23,91	23,43	22,94	22,50	22,06	21,62	21,17	20,71	20,26	19,88	19,53	19,19	18,82	18,45	18,02	17,60	17,11	16,63	16,11	15,59	25,18
31/07/2019 14:20:00	24,18	23,72	23,25	22,81	22,40	21,97	21,54	21,11	20,71	20,34	19,96	19,59	19,23	18,86	18,49	18,07	17,66	17,19	16,72	16,21	15,70	24,58
31/07/2019 14:25:00	23,94	23,66	23,26	22,83	22,35	21,92	21,51	21,01	20,58	20,25	19,91	19,56	19,21	18,86	18,50	18,10	17,70	17,24	16,78	16,29	15,80	24,53
31/07/2019 14:30:00	24,12	23,80	23,38	22,97	22,57	22,11	21,63	21,23	20,84	20,47	20,11	19,75	19,40	19,03	18,67	18,26	17,85	17,38	16,91	16,41	15,91	25,29
31/07/2019 14:35:00	24,17	23,87	23,38	22,89	22,44	22,00	21,55	21,11	20,70	20,33	19,98	19,63	19,29	18,94	18,59	18,18	17,78	17,32	16,85	16,35	15,86	25,20
31/07/2019 14:40:00	24,40	24,02	23,61	23,17	22,65	22,22	21,85	21,45	21,06	20,69	20,31	19,93	19,55	19,18	18,82	18,42	18,01	17,55	17,08	16,58	16,08	25,14
31/07/2019 14:45:00	24,62	24,14	23,70	23,26	22,81	22,39	21,98	21,50	21,05	20,64	20,24	19,85	19,46	19,07	18,68	18,25	17,82	17,33	16,84	16,31	15,79	25,59
31/07/2019 14:50:00	24,71	24,26	23,78	23,29	22,81	22,32	21,85	21,46	21,06	20,64	20,26	19,90	19,55	19,19	18,83	18,42	18,01	17,54	17,07	16,57	16,07	25,67
31/07/2019 14:55:00	24,60	24,21	23,76	23,31	22,88	22,44	22,00	21,57	21,16	20,79	20,41	20,03	19,65	19,27	18,90	18,48	18,07	17,59	17,11	16,60	16,09	25,14
31/07/2019 15:00:00	24,56	24,19	23,78	23,33	22,84	22,41	21,99	21,50	21,04	20,61	20,25	19,91	19,56	19,20	18,84	18,41	17,99	17,50	17,02	16,51	16,00	25,11
31/07/2019 15:05:00	24,94	24,46	23,98	23,48	22,99	22,55	22,13	21,74	21,31	20,84	20,42	20,04	19,65	19,27	18,89	18,46	18,04	17,55	17,06	16,53	16,00	26,09
31/07/2019 15:10:00	24,50	24,25	23,82	23,37	22,89	22,42	21,96	21,52	21,12	20,76	20,38	20,01	19,63	19,26	18,89	18,48	18,08	17,61	17,14	16,65	16,15	25,56
31/07/2019 15:15:00	24,51	24,29	23,84	23,37	22,89	22,41	21,93	21,48	21,05	20,66	20,27	19,89	19,51	19,13	18,76	18,34	17,92	17,45	16,98	16,47	15,97	26,01
31/07/2019 15:20:00	24,39	24,13	23,71	23,28	22,85	22,45	22,06	21,58	21,16	20,82	20,46	20,09	19,72	19,35	18,98	18,57	18,15	17,67	17,20	16,68	16,17	24,99
31/07/2019 15:25:00	24,65	24,26	23,87	23,45	23,03	22,61	22,17	21,69	21,24	20,84	20,44	20,05	19,66	19,27	18,88	18,44	18,01	17,52	17,02	16,49	15,97	25,96
31/07/2019 15:30:00	24,65	24,38	23,97	23,53	23,11	22,64	22,14	21,67	21,23	20,82	20,43	20,05	19,67	19,28	18,89	18,46	18,03	17,54	17,05	16,54	16,02	26,78
31/07/2019 15:35:00	24,71	24,26	23,82	23,39	22,91	22,49	22,10	21,66	21,25	20,89	20,55	20,23	19,90	19,56	19,22	18,81	18,41	17,94	17,47	16,96	16,46	26,13
31/07/2019 15:40:00	24,62	24,37	23,99	23,58	23,08	22,63	22,20	21,78	21,39	21,04	20,69	20,35	20,01	19,67	19,32	18,92	18,52	18,05	17,59	17,09	16,60	25,71
31/07/2019 15:45:00	24,95	24,63	24,15	23,66	23,16	22,71	22,28	21,87	21,46	21,07	20,72	20,38	20,04	19,70	19,35	18,95	18,54	18,07	17,60	17,10	16,60	26,60
31/07/2019 15:50:00	24,86	24,56	24,16	23,74	23,29	22,85	22,41	21,96	21,53	21,13	20,73	20,34	19,95	19,56	19,17	18,74	18,31	17,82	17,32	16,80	16,27	26,65
31/07/2019 15:55:00	24,98	24,54	24,10	23,66	23,22	22,76	22,29	21,91	21,51	21,09	20,73	20,38	20,04	19,68	19,32	18,91	18,49	18,01	17,53	17,02	16,51	25,68
31/07/2019 16:00:00	24,99	24,67	24,20	23,71	23,22	22,79	22,38	21,93	21,53	21,18	20,80	20,41	20,03	19,66	19,28	18,88	18,47	18,00	17,52	17,01	16,50	25,99
31/07/2019 16:05:00	24,95	24,55	24,14	23,75	23,35	22,93	22,51	22,12	21,70	21,24	20,83	20,43	20,04	19,64	19,24	18,80	18,36	17,86	17,35	16,81	16,26	25,74
31/07/2019 16:10:00	25,14	24,72	24,25	23,77	23,31	22,84	22,37	21,91	21,47	21,08	20,72	20,36	20,01	19,65	19,29	18,87	18,45	17,97	17,49	16,97	16,46	26,03
31/07/2019 16:15:00	24,98	24,66	24,23	23,80	23,36	22,91	22,46	22,01	21,58	21,20	20,79	20,39	19,99	19,59	19,20	18,77	18,35	17,85	17,36	16,84	16,31	26,64
31/07/2019 16:20:00	24,88	24,49	24,05	23,62	23,27	22,84	22,38	22,00	21,62	21,21	20,86	20,52	20,19	19,83	19,48	19,06	18,64	18,15	17,67	17,15	16,62	26,05
31/07/2019 16:25:00	24,69	24,51	24,10	23,69	23,28	22,85	22,42	22,04	21,66	21,28	20,92	20,56	20,21	19,84	19,48	19,07	18,66	18,18	17,70	17,18	16,67	25,58
31/07/2019 16:30:00	24,53	24,44	24,13	23,78	23,38	22,89	22,38	21,95	21,51	21,05	20,70	20,37	20,05	19,69	19,33	18,89	18,46	17,96	17,47	16,95	16,44	24,82
31/07/2019 16:35:00	24,62	24,43	24,11	23,77	23,40	22,98	22,54	22,14	21,74	21,33	20,97	20,63	20,28	19,91	19,55	19,12	18,69	18,20	17,71	17,18	16,66	25,41
31/07/2019 16:40:00	24,98	24,63	24,21	23,78	23,38	22,99	22,58	22,12	21,69	21,32	20,97	20,63	20,29	19,93	19,58	19,15	18,73	18,24	17,76	17,23	16,71	26,51
31/07/2019 16:45:00	25,01	24,80	24,40	23,99	23,53	23,08	22,63	22,20	21,79	21,38	21,02	20,67	20,32	19,96	19,59	19,17	18,75	18,26	17,78	17,26	16,74	26,73
31/07/2019 16:50:00	24,94	24,67	24,28	23,85	23,39	22,93	22,49	22,11	21,74	21,38	21,02	20,67	20,33	19,98	19,63	19,22	18,82	18,36	17,89	17,38	16,88	25,63
31/07/2019 16:55:00	25,05	24,61	24,20	23,80	23,35	22,91	22,49	22,07	21,66	21,27	20,92	20,59	20,25	19,90	19,55	19,13	18,72	18,24	17,76	17,24	16,72	26,41
31/07/2019 17:00:00	24,82	24,57	24,19	23,83	23,49	23,10	22,69	22,31	21,91	21,47	21,08	20,70	20,33	19,94	19,56	19,12	18,68	18,17	17,66	17,11	16,57	25,44
31/07/2019 17:05:00	25,03	24,75	24,32	23,89	23,50	23,05	22,59	22,20	21,80	21,37	21,01	20,68	20,34	19,99	19,63	19,21	18,78	18,29	17,80	17,28	16,75	26,76
31/07/2019 17:10:00	24,97	24,80	24,40	23,96	23,51	23,09	22,68	22,26	21,85	21,45	21,07	20,70	20,34	19,97	19,60	19,18	18,76	18,27	17,78	17,25	16,73	26,08
31/07/2019 17:15:00	24,82	24,73	24,34	23,91	23,43	22,97	22,51	22,08	21,66	21,27	20,93	20,61	20,28	19,94	19,60	19,18	18,77	18,30	17,83	17,32	16,82	25,74
31/07/2019 17:20:00	24,87	24,72	24,35	23,96	23,53	23,11	22,71	22,26	21,85	21,49	21,12	20,74	20,36	19,99	19,61	19,19	18,77	18,28	17,79	17,27	16,75	25,35
31/07/2019 17:25:00	24,83	24,59	24,32	24,03	23,62	23,18	22,74	22,38	22,00	21,59	21,18	20,77	20,37	19,97	19,57	19,14	18,70	18,21	17,71	17,18	16,65	25,26
31/07/2019 17:30:00	25,05	24,69	24,29	23,94	23,59	23,25	22,90	22,45	22,05	21,72	21,34	20,94	20,54	20,14	19,75	19,32	18,89	18,38	17,88	17,33	16,79	26,48
31/07/2019 17:35:00	25,00	24,63	24,22	23,85	23,45	23,11	22,78	22,39	22,02	21,68	21,32	20,96	20,60	20,24	19,87	19,46	19,04	18,55	18,06	17,53	17,00	25,72
31/07/2019 17:40:00	25,09	24,80	24,44	24,07	23,64	23,24	22,84	22,45	22,08	21,72	21,35	20,98	20,61	20,24	19,87	19,45	19,04	18,55	18,07	17,54	17,02	25,91
31/07/2019 17:45:00	24,99	24,91	24,56	24,17	23,73	23,26	22,79	22,36	21,97	21,62	21,28	20,93	20,59	20,23	19,88	19,47	19,06	18,59	18,11	17,61	17,10	25,31
31/07/2019 17:50:00	25,31	25,02	24,66	24,28	23,86	23,46	23,05	22,56	22,12	21,75	21,35	20,95	20,55	20,15	19,75	19,31	18,87	18,37	17,86	17,32	16,78	26,32
31/07/2019 17:55:00	25,32	24,92	24,54	24,16	23,73	23,31	22,91	22,55	22,18	21,83	21,48	21,14	20,79	20,44	20,09	19,68	19,28	18,80	18,32	17,80	17,28	27,36
31/07/2019 18:00:00	25,56	25,14	24,70	24,27	23,83	23,40	22,97	22,53	22,14	21,81	21,48	21,14	20,80	20,45	20,11	19,70	19,29	18,81	18,34	17,82	17,31	26,73
31/07/2019 18:05:00	25,57	25,17	24,74	24,31	23,84	23,41	22,99	22,52	22,09	21,74	21,40	21,06	20,72	20,37	20,02	19,60	19,18	18,70	18,22	17,70	17,18	26,99
31/07/2019 18:10:00	25,60	25,24	24,81	24,37	23,94	23,50	23,06	22,65	22,26	21,90	21,54	21,18	20,81	20,45	20,08	19,67	19,25	18,77	18,28	17,76	17,24	27,30
31/07/2019 18:15:00	25,54	25,19	24,77	24,36	23,93	23,50	23,06	22,60	22,19	21,88	21,55	21,21	20,87	20,52	20,16	19,75	19,34	18,86	18,38	17,87	17,35	27,45
31/07/2019 18:20:00	25,64	25,20	24,81	24,42	24,00	23,60	23,19	22,74	22,31	21,92	21,59	21,26	20,93	20,58	20,23	19,80	19,37	18,87	18,38	17,85	17,31	27,79
31/07/2019 18:25:00	25,70	25,27	24,87	24,43	23,92	23,48	23,07	22,64	22,23	21,85	21,50	21,17	20,84	20,49	20,15	19,73	19,32	18,84	18,36	17,85	17,33	26,96
31/07/2019 18:30:00	25,68	25,24	24,81	24,40	23,98	23,60	23,25	22,86	22,44	21,96	21,61	21,31	21,01	20,67	20,32	19,89	19,46	18,95	18,44	17,89	17,34	27,45
31/07/2019 18:35:00	25,73	25,34	24,87	24,40	23,93	23,50	23,09	22,66	22,24	21,85	21,51	21,20	20,88	20,54	20,20	19,78	19,37	18,89	18,40	17,88	17,35	27,16
31/07/2019 18:40:00	25,68	25,33	24,87	24,41	23,96	23,52	23,09	22,67	22,27	21,92	21,58	21,24	20,90	20,55	20,20	19,79	19,38	18,90	18,41	17,90	17,38	26,81
31/07/2019 18:45:00	25,78	25,28	24,82	24,38	23,99	23,58	23,17	22,76	22,37	22,02	21,67	21,31	20,94	20,58	20,21	19,80	19,38	18,89	18,40	17,86	17,33	27,25
31/07/2019 18:50:00	25,72	25,33	24,93	24,52	24,05	23,60	23,17	22,74	22,35	22,00	21,62	21,22	20,82	20,43	20,05	19,63	19,21	18,72	18,23	17,71	17,18	27,16
31/07/2019 18:55:00	25,64	25,22	24,84	24,48	24,06	23,64	23,20	22,81	22,44	22,08	21,70	21,32	20,94	20,56	20,18	19,76	19,33	18,84	18,35	17,81	17,28	27,13
31/07/2019 19:00:00	25,66	25,28	24,87	24,43	23,99	23,61	23,25	22,79	22,35	21,95	21,60	21,27	20,93	20,57	20,21	19,78	19,36	18,86	18,36	17,82	17,28	27,03
31/07/2019 19:05:00	25,51	25,29	24,92	24,52	24,05	23,59	23,14	22,72	22,29	21,86	21,53	21,24	20,95	20,62	20,29	19,87	19,45	18,96	18,47	17,95	17,44	26,79
31/07/2019 19:10:00	25,71	25,19	24,82	24,46	24,05	23,62	23,19	22,81	22,42	21,98	21,62	21,29	20,95	20,59	20,23	19,80	19,37	18,87	18,37	17,83	17,29	26,96
31/07/2019 19:15:00	25,68	25,27	24,87	24,46	24,00	23,56	23,13	22,73	22,37	22,05	21,70	21,33	20,96	20,60	20,24	19,84	19,44	18,96	18,49	17,98	17,46	26,92
31/07/2019 19:20:00	25,96	25,55	25,18	24,82	24,38	23,94	23,50	23,13	22,76	22,40	22,05	21,71	21,37	21,01	20,66	20,24	19,83	19,34	18,85	18,33	17,80	26,86
31/07/2019 19:25:00	25,97	25,52	25,15	24,76	24,32	23,91	23,50	23,09	22,69	22,32	22,02	21,72	21,43	21,10	20,77	20,36	19,95	19,46	18,98	18,45	17,93	26,79
31/07/2019 19:30:00	25,94	25,60	25,20	24,77	24,30	23,84	23,38	23,02	22,65	22,25	21,95	21,68	21,41	21,10	20,79	20,39	19,99	19,52	19,05	18,54	18,03	27,16
31/07/2019 19:35:00	25,97	25,54	25,16	24,78	24,41	24,01	23,57	23,17	22,80	22,45	22,13	21,81	21,48	21,13	20,79	20,37	19,95	19,46	18,97	18,44	17,90	26,83
31/07/2019 19:40:00	25,86	25,54	25,19	24,81	24,37	23,98	23,58	23,12	22,70	22,38	22,08	21,77	21,46	21,13	20,79	20,38	19,97	19,48	19,00	18,47	17,95	26,70
31/07/2019 19:45:00	25,89	25,50	25,12	24,76	24,31	23,89	23,49	23,12	22,76	22,39	22,06	21,73	21,40	21,05	20,70	20,29	19,88	19,40	18,91	18,38	17,85	26,70
31/07/2019 19:50:00	25,75	25,58	25,16	24,71	24,27	23,83	23,40	22,96	22,56	22,22	21,94	21,66	21,38	21,07	20,76	20,35	19,95	19,48	19,00	18,49	17,98	26,15
31/07/2019 19:55:00	25,72	25,46	25,05	24,65	24,27	23,83	23,38	23,10	22,79	22,43	22,09	21,77	21,45	21,11	20,78	20,38	19,98	19,50	19,02	18,50	17,98	26,40
31/07/2019 20:00:00	25,69	25,49	25,15	24,76	24,32	23,91	23,50	23,08	22,69	22,38	22,04	21,69	21,34	20,99	20,64	20,23	19,82	19,34	18,86	18,34	17,82	26,55
31/07/2019 20:05:00	25,72	25,70	25,39	25,02	24,65	24,27	23,89	23,51	23,14	22,78	22,43	22,08	21,73	21,37	21,01	20,59	20,17	19,67	19,17	18,63	18,08	26,52
31/07/2019 20:10:00	25,56	25,56	25,32	25,03	24,69	24,32	23,93	23,52	23,14	22,77	22,43	22,09	21,76	21,39	21,03	20,60	20,17	19,66	19,15	18,61	18,06	25,78
31/07/2019 20:15:00	25,48	25,52	25,36	25,13	24,79	24,40	23,97	23,60	23,21	22,79	22,42	22,08	21,73	21,36	20,99	20,54	20,09	19,57	19,06	18,50	17,95	26,14
31/07/2019 20:20:00	25,47	25,59	25,36	25,06	24,70	24,33	23,94	23,52	23,13	22,78	22,46	22,13	21,81	21,46	21,11	20,68	20,25	19,75	19,25	18,72	18,18	26,43
31/07/2019 20:25:00	25,54	25,48	25,23	24,94	24,58	24,22	23,86	23,54	23,21	22,83	22,50	22,19	21,87	21,53	21,19	20,78	20,36	19,87	19,37	18,83	18,29	26,27
31/07/2019 20:30:00	25,54	25,53	25,32	25,05	24,67	24,29	23,91	23,52	23,13	22,72	22,41	22,12	21,82	21,49	21,15	20,72	20,29	19,79	19,28	18,74	18,20	25,93
31/07/2019 20:35:00	25,46	25,58	25,34	25,02	24,65	24,28	23,90	23,50	23,13	22,82	22,50	22,18	21,86	21,51	21,17	20,76	20,34	19,85	19,36	18,84	18,31	26,14
31/07/2019 20:40:00	25,78	25,90	25,68	25,40	25,01	24,61	24,19	23,76	23,38	23,07	22,75	22,42	22,09	21,74	21,39	20,97	20,55	20,06	19,56	19,03	18,50	26,03
31/07/2019 20:45:00	25,92	25,88	25,67	25,40	25,02	24,67	24,33	23,95	23,59	23,24	22,90	22,55	22,20	21,84	21,48	21,05	20,63	20,12	19,62	19,07	18,52	25,90
31/07/2019 20:50:00	25,92	25,93	25,67	25,37	25,02	24,64	24,24	23,87	23,51	23,17	22,88	22,61	22,33	22,01	21,69	21,27	20,86	20,37	19,87	19,34	18,80	25,81
31/07/2019 20:55:00	25,88	25,94	25,67	25,35	24,98	24,60	24,20	23,81	23,43	23,03	22,75	22,49	22,24	21,92	21,61	21,19	20,77	20,27	19,77	19,23	18,70	25,57
31/07/2019 21:00:00	25,59	25,70	25,46	25,18	24,84	24,47	24,08	23,71	23,35	22,99	22,66	22,35	22,03	21,68	21,33	20,91	20,48	19,98	19,48	18,93	18,39	25,55
31/07/2019 21:05:00	25,52	25,68	25,42	25,10	24,72	24,36	24,00	23,64	23,30	22,99	22,68	22,36	22,04	21,70	21,36	20,96	20,55	20,06	19,57	19,05	18,52	25,41
31/07/2019 21:10:00	25,55	25,69	25,43	25,12	24,76	24,38	23,98	23,61	23,24	22,86	22,53	22,21	21,90	21,55	21,21	20,78	20,36	19,85	19,35	18,81	18,27	25,22
31/07/2019 21:15:00	25,25	25,39	25,16	24,89	24,59	24,23	23,82	23,40	23,03	22,73	22,41	22,08	21,74	21,39	21,03	20,61	20,18	19,68	19,19	18,65	18,11	25,20
31/07/2019 21:20:00	25,18	25,42	25,25	24,99	24,61	24,19	23,76	23,37	23,01	22,66	22,35	22,03	21,72	21,37	21,03	20,61	20,20	19,71	19,22	18,70	18,18	24,95
31/07/2019 21:25:00	24,95	25,16	24,94	24,64	24,28	23,89	23,49	23,10	22,72	22,37	22,11	21,86	21,60	21,30	21,00	20,59	20,18	19,70	19,22	18,71	18,19	24,99
31/07/2019 21:30:00	24,94	25,17	24,93	24,66	24,30	23,94	23,56	23,13	22,75	22,45	22,18	21,89	21,61	21,29	20,97	20,56	20,15	19,66	19,18	18,66	18,14	24,98
31/07/2019 21:35:00	24,96	25,15	24,93	24,64	24,28	23,91	23,52	23,15	22,77	22,38	22,10	21,83	21,57	21,25	20,93	20,52	20,10	19,61	19,12	18,59	18,07	24,73
31/07/2019 21:40:00	24,92	25,08	24,86	24,56	24,23	23,89	23,53	23,17	22,85	22,57	22,29	21,99	21,69	21,37	21,05	20,65	20,25	19,78	19,30	18,79	18,27	24,79
31/07/2019 21:45:00	24,77	25,13	24,94	24,66	24,27	23,85	23,42	23,00	22,63	22,34	22,08	21,82	21,55	21,25	20,94	20,55	20,15	19,68	19,21	18,72	18,22	24,60
31/07/2019 21:50:00	24,70	24,91	24,76	24,55	24,20	23,87	23,53	23,16	22,80	22,45	22,13	21,82	21,50	21,16	20,81	20,39	19,97	19,48	18,98	18,45	17,92	24,65
31/07/2019 21:55:00	24,63	25,00	24,84	24,60	24,22	23,90	23,59	23,17	22,79	22,48	22,20	21,91	21,62	21,29	20,97	20,56	20,14	19,66	19,17	18,65	18,13	24,62
31/07/2019 22:00:00	24,69	25,03	24,89	24,66	24,34	23,99	23,62	23,26	22,89	22,48	22,19	21,92	21,64	21,32	20,99	20,56	20,14	19,64	19,14	18,61	18,07	24,65
31/07/2019 22:05:00	24,61	25,01	24,89	24,67	24,28	23,89	23,50	23,13	22,78	22,47	22,17	21,87	21,57	21,24	20,92	20,51	20,10	19,63	19,15	18,64	18,13	24,44
31/07/2019 22:10:00	24,56	25,02	24,82	24,53	24,18	23,82	23,44	23,06	22,71	22,38	22,12	21,87	21,62	21,32	21,02	20,61	20,21	19,74	19,26	18,75	18,24	23,96
31/07/2019 22:15:00	24,46	24,91	24,82	24,66	24,34	23,98	23,58	23,20	22,84	22,51	22,17	21,82	21,47	21,11	20,74	20,31	19,88	19,39	18,89	18,36	17,82	24,38
31/07/2019 22:20:00	24,63	24,96	24,78	24,52	24,11	23,72	23,36	23,06	22,75	22,43	22,16	21,89	21,62	21,32	21,02	20,64	20,25	19,79	19,32	18,83	18,33	24,44
31/07/2019 22:25:00	24,43	24,82	24,73	24,57	24,26	23,91	23,52	23,15	22,81	22,48	22,15	21,81	21,48	21,12	20,76	20,34	19,91	19,42	18,92	18,39	17,86	24,37
31/07/2019 22:30:00	23,92	24,66	24,63	24,48	24,24	23,93	23,57	23,18	22,81	22,49	22,21	21,92	21,63	21,30	20,97	20,54	20,11	19,62	19,12	18,59	18,06	23,65
31/07/2019 22:35:00	24,00	24,75	24,75	24,61	24,32	24,01	23,67	23,26	22,88	22,54	22,27	21,99	21,71	21,39	21,06	20,63	20,20	19,71	19,21	18,68	18,16	22,96
31/07/2019 22:40:00	23,96	24,68	24,73	24,65	24,33	23,99	23,63	23,28	22,95	22,65	22,36	22,05	21,75	21,41	21,08	20,66	20,25	19,76	19,28	18,76	18,25	22,96
31/07/2019 22:45:00	24,03	24,73	24,70	24,56	24,28	23,94	23,57	23,23	22,91	22,61	22,33	22,04	21,75	21,43	21,10	20,69	20,28	19,80	19,32	18,80	18,28	22,95
31/07/2019 22:50:00	24,12	24,72	24,72	24,62	24,28	23,93	23,57	23,22	22,86	22,51	22,21	21,92	21,63	21,30	20,96	20,54	20,11	19,62	19,13	18,61	18,08	23,67
31/07/2019 22:55:00	23,93	24,50	24,51	24,43	24,22	23,89	23,50	23,20	22,88	22,54	22,27	21,99	21,72	21,39	21,07	20,64	20,22	19,73	19,23	18,71	18,18	23,85
31/07/2019 23:00:00	23,72	24,42	24,51	24,49	24,24	23,97	23,68	23,37	23,07	22,79	22,49	22,18	21,87	21,54	21,20	20,78	20,36	19,87	19,38	18,85	18,32	22,83
31/07/2019 23:05:00	23,66	24,47	24,52	24,41	24,17	23,87	23,55	23,20	22,88	22,62	22,36	22,08	21,81	21,49	21,18	20,77	20,36	19,89	19,41	18,89	18,38	22,53
31/07/2019 23:10:00	23,36	24,47	24,64	24,62	24,38	24,08	23,76	23,43	23,11	22,78	22,48	22,18	21,88	21,54	21,20	20,77	20,34	19,85	19,35	18,83	18,30	22,68
31/07/2019 23:15:00	23,02	24,35	24,57	24,56	24,39	24,10	23,77	23,44	23,13	22,84	22,54	22,23	21,92	21,58	21,24	20,81	20,39	19,89	19,40	18,88	18,36	22,07
31/07/2019 23:20:00	22,89	24,47	24,75	24,74	24,46	24,14	23,81	23,44	23,09	22,77	22,47	22,18	21,89	21,55	21,22	20,79	20,37	19,88	19,39	18,89	18,38	21,73
31/07/2019 23:25:00	22,96	24,36	24,56	24,55	24,32	24,07	23,78	23,42	23,10	22,84	22,54	22,23	21,92	21,58	21,24	20,82	20,40	19,91	19,42	18,90	18,38	21,69
31/07/2019 23:30:00	23,16	24,81	24,99	24,88	24,52	24,10	23,67	23,25	22,84	22,46	22,16	21,88	21,60	21,26	20,93	20,50	20,07	19,58	19,10	18,60	18,10	21,69
31/07/2019 23:35:00	23,15	24,78	24,94	24,84	24,52	24,12	23,70	23,31	22,95	22,62	22,34	22,07	21,80	21,48	21,16	20,74	20,32	19,85	19,37	18,87	18,38	22,16
31/07/2019 23:40:00	23,10	24,87	25,08	25,02	24,76	24,39	23,96	23,53	23,13	22,76	22,40	22,05	21,69	21,31	20,93	20,48	20,02	19,51	19,00	18,47	17,94	21,89
31/07/2019 23:45:00	22,79	24,69	25,09	25,13	24,86	24,47	24,03	23,61	23,23	22,88	22,52	22,16	21,81	21,43	21,05	20,60	20,14	19,64	19,14	18,63	18,11	21,66
31/07/2019 23:50:00	22,94	24,78	25,04	24,97	24,66	24,32	23,95	23,50	23,08	22,71	22,44	22,18	21,92	21,59	21,27	20,83	20,39	19,90	19,41	18,90	18,39	21,79
31/07/2019 23:55:00	22,95	24,79	25,20	25,25	24,94	24,56	24,14	23,66	23,23	22,86	22,48	22,11	21,73	21,33	20,93	20,46	19,99	19,48	18,97	18,44	17,91	21,89
