FileFormat:0002.2 file with temperature of atmosphere
SN105HE102
local	GMT or Local
0	GMT-Local=[hours]
0	Height[m]
0	0	0	Longitude                [grd]               [min]               [sec]
0	0	0	Latitude                [grd]               [min]               [sec]
N	NS
56,45	Freq[GHz]
0,00	dTemostat[K]
0,150	MessErr[K]
0,248	//[grad/step]
version 14.4.20120406
MTP5HE102F5645K-38.60I70D219217+A1.1
Commentary:
SN105HE102
парабола ДНА = 2,5 град
НЕ102 - ПУ - ХВБ с ЦСД " S "
АЦП - 202 - 09 с контр.U пит.и М
оптопара серии - 2
Т out № 178 пл
БП LPS - 112
End Of Commentary

SYSTEM\summer.dat
data time	0	50	100	150	200	250	300	350	400	450	500	550	600	650	700	750	800	850	900	950	1000	OutsideTemperature
09/08/2019 00:00:00	17,81	18,07	18,16	18,21	18,14	18,02	17,84	17,61	17,39	17,18	16,93	16,65	16,37	16,06	15,76	15,39	15,02	14,61	14,20	13,75	13,30	17,52
09/08/2019 00:05:00	17,73	17,96	18,00	18,03	18,04	17,96	17,81	17,59	17,36	17,14	16,90	16,63	16,37	16,06	15,76	15,39	15,02	14,59	14,17	13,71	13,25	17,68
09/08/2019 00:10:00	17,54	17,68	17,75	17,79	17,76	17,69	17,58	17,45	17,21	16,92	16,70	16,45	16,19	15,89	15,59	15,22	14,85	14,43	14,01	13,55	13,09	17,55
09/08/2019 00:15:00	17,44	17,53	17,60	17,67	17,68	17,55	17,36	17,17	16,98	16,79	16,64	16,43	16,23	15,96	15,70	15,35	15,00	14,60	14,20	13,77	13,34	17,42
09/08/2019 00:20:00	17,31	17,39	17,46	17,55	17,60	17,54	17,42	17,29	17,15	17,00	16,77	16,52	16,27	15,99	15,71	15,37	15,02	14,62	14,22	13,78	13,34	17,13
09/08/2019 00:25:00	17,10	17,23	17,34	17,41	17,39	17,33	17,25	17,19	17,01	16,78	16,60	16,38	16,16	15,90	15,64	15,30	14,96	14,56	14,17	13,73	13,30	17,26
09/08/2019 00:30:00	17,26	17,36	17,51	17,61	17,54	17,49	17,42	17,32	17,16	17,00	16,79	16,57	16,34	16,07	15,81	15,48	15,14	14,76	14,37	13,94	13,51	17,20
09/08/2019 00:35:00	17,12	17,29	17,51	17,70	17,78	17,68	17,52	17,36	17,18	16,98	16,74	16,47	16,19	15,87	15,56	15,19	14,81	14,39	13,98	13,52	13,07	17,03
09/08/2019 00:40:00	17,09	17,32	17,49	17,66	17,78	17,74	17,62	17,46	17,30	17,14	16,89	16,62	16,34	16,03	15,72	15,35	14,98	14,56	14,14	13,68	13,22	17,08
09/08/2019 00:45:00	17,12	17,62	17,80	17,93	17,97	17,84	17,67	17,50	17,28	17,03	16,75	16,44	16,14	15,81	15,48	15,10	14,72	14,29	13,87	13,41	12,95	17,15
09/08/2019 00:50:00	17,17	17,33	17,49	17,65	17,75	17,72	17,63	17,53	17,34	17,11	16,88	16,62	16,35	16,04	15,74	15,37	15,00	14,57	14,14	13,67	13,21	17,19
09/08/2019 00:55:00	17,07	17,38	17,55	17,70	17,78	17,72	17,58	17,37	17,15	16,92	16,66	16,36	16,07	15,74	15,41	15,02	14,63	14,19	13,76	13,29	12,82	16,97
09/08/2019 01:00:00	16,91	17,24	17,39	17,48	17,43	17,34	17,23	17,11	16,98	16,85	16,60	16,34	16,08	15,81	15,53	15,21	14,88	14,50	14,12	13,71	13,29	16,69
09/08/2019 01:05:00	16,95	17,26	17,42	17,49	17,38	17,23	17,05	16,87	16,61	16,32	16,17	15,96	15,75	15,48	15,21	14,85	14,48	14,08	13,68	13,25	12,83	16,45
09/08/2019 01:10:00	17,16	17,20	17,21	17,28	17,42	17,35	17,19	17,00	16,78	16,54	16,30	16,01	15,73	15,41	15,08	14,70	14,32	13,88	13,45	12,98	12,50	16,70
09/08/2019 01:15:00	16,85	16,99	16,94	16,94	17,02	16,99	16,85	16,59	16,38	16,18	15,96	15,71	15,45	15,15	14,85	14,49	14,12	13,71	13,29	12,84	12,38	16,86
09/08/2019 01:20:00	17,08	17,23	17,09	16,93	16,80	16,72	16,58	16,34	16,16	16,02	15,86	15,68	15,50	15,27	15,04	14,73	14,43	14,06	13,70	13,31	12,91	16,94
09/08/2019 01:25:00	16,86	16,95	16,83	16,76	16,81	16,76	16,66	16,52	16,39	16,28	16,16	16,00	15,84	15,62	15,41	15,10	14,80	14,43	14,06	13,65	13,24	17,01
09/08/2019 01:30:00	16,78	16,93	17,08	17,24	17,36	17,32	17,19	17,02	16,79	16,52	16,23	15,90	15,57	15,22	14,87	14,47	14,07	13,63	13,19	12,70	12,22	16,78
09/08/2019 01:35:00	16,70	16,91	17,07	17,12	16,96	16,80	16,65	16,52	16,28	16,01	15,81	15,57	15,34	15,06	14,78	14,44	14,09	13,70	13,32	12,91	12,49	16,64
09/08/2019 01:40:00	16,64	16,85	17,01	17,06	16,91	16,75	16,56	16,34	16,17	16,01	15,73	15,44	15,16	14,86	14,57	14,23	13,89	13,52	13,14	12,74	12,35	16,82
09/08/2019 01:45:00	16,42	16,84	16,92	16,92	16,81	16,70	16,54	16,31	16,13	15,97	15,71	15,45	15,19	14,90	14,62	14,28	13,95	13,57	13,20	12,79	12,39	16,37
09/08/2019 01:50:00	16,43	16,59	16,68	16,69	16,53	16,60	16,57	16,34	16,14	15,97	15,76	15,53	15,30	15,03	14,77	14,43	14,10	13,71	13,33	12,91	12,49	16,37
09/08/2019 01:55:00	16,43	16,60	16,52	16,52	16,67	16,54	16,41	16,38	16,27	16,13	15,88	15,63	15,38	15,11	14,83	14,52	14,20	13,82	13,45	13,03	12,61	16,05
09/08/2019 02:00:00	16,26	16,39	16,44	16,55	16,71	16,72	16,62	16,43	16,27	16,11	15,86	15,58	15,30	15,00	14,69	14,33	13,97	13,55	13,14	12,68	12,23	15,98
09/08/2019 02:05:00	16,18	16,47	16,56	16,56	16,38	16,23	16,07	15,90	15,78	15,69	15,50	15,31	15,12	14,90	14,67	14,38	14,08	13,75	13,42	13,06	12,70	15,91
09/08/2019 02:10:00	16,08	16,34	16,55	16,70	16,66	16,56	16,39	16,18	15,97	15,76	15,56	15,31	15,06	14,77	14,48	14,12	13,75	13,36	12,96	12,54	12,12	15,94
09/08/2019 02:15:00	16,02	16,65	16,89	16,96	16,77	16,50	16,19	15,86	15,58	15,32	15,08	14,80	14,53	14,22	13,91	13,53	13,16	12,77	12,38	11,99	11,59	16,17
09/08/2019 02:20:00	15,81	16,24	16,59	16,83	16,84	16,75	16,62	16,48	16,27	16,04	15,79	15,50	15,21	14,89	14,57	14,19	13,82	13,41	13,00	12,57	12,13	15,77
09/08/2019 02:25:00	16,27	16,49	16,49	16,51	16,55	16,41	16,22	16,03	15,87	15,72	15,49	15,24	14,99	14,71	14,43	14,09	13,75	13,37	12,99	12,58	12,17	15,55
09/08/2019 02:30:00	15,95	16,40	16,60	16,63	16,37	16,17	15,97	15,80	15,63	15,48	15,33	15,15	14,98	14,76	14,54	14,24	13,94	13,60	13,27	12,92	12,58	15,58
09/08/2019 02:35:00	15,84	16,07	16,28	16,47	16,55	16,59	16,54	16,42	16,26	16,06	15,79	15,49	15,19	14,87	14,55	14,19	13,82	13,41	13,00	12,55	12,10	15,42
09/08/2019 02:40:00	15,81	15,97	16,12	16,31	16,51	16,54	16,48	16,36	16,24	16,10	15,81	15,50	15,18	14,86	14,53	14,18	13,82	13,41	13,00	12,54	12,09	15,57
09/08/2019 02:45:00	15,82	15,93	16,07	16,16	16,12	16,10	16,05	15,98	15,89	15,78	15,59	15,38	15,18	14,94	14,70	14,40	14,10	13,74	13,39	13,00	12,61	15,41
09/08/2019 02:50:00	15,44	15,65	15,82	15,98	16,07	16,07	16,02	15,92	15,78	15,61	15,44	15,23	15,01	14,75	14,48	14,15	13,81	13,42	13,04	12,62	12,19	15,54
09/08/2019 02:55:00	15,37	15,51	15,72	15,94	16,06	16,13	16,10	15,98	15,87	15,74	15,51	15,24	14,97	14,68	14,39	14,04	13,70	13,31	12,91	12,48	12,04	15,12
09/08/2019 03:00:00	15,32	15,44	15,67	15,86	15,89	15,97	15,95	15,79	15,67	15,55	15,36	15,13	14,90	14,63	14,36	14,03	13,70	13,32	12,94	12,52	12,10	15,28
09/08/2019 03:05:00	15,18	15,37	15,64	15,92	16,15	16,17	16,12	16,06	15,94	15,79	15,56	15,30	15,03	14,73	14,43	14,08	13,72	13,32	12,92	12,47	12,03	15,08
09/08/2019 03:10:00	15,11	15,29	15,58	15,84	15,97	16,03	16,00	15,88	15,76	15,62	15,43	15,18	14,94	14,66	14,38	14,03	13,68	13,29	12,89	12,46	12,03	14,89
09/08/2019 03:15:00	15,13	15,33	15,62	15,89	16,04	16,07	16,05	16,01	15,90	15,75	15,50	15,23	14,96	14,67	14,37	14,03	13,68	13,29	12,90	12,47	12,03	14,87
09/08/2019 03:20:00	15,09	15,29	15,56	15,81	15,95	16,03	16,03	15,96	15,86	15,74	15,53	15,29	15,05	14,78	14,50	14,16	13,83	13,44	13,06	12,63	12,20	14,59
09/08/2019 03:25:00	14,79	15,06	15,38	15,62	15,68	15,63	15,57	15,54	15,40	15,22	14,99	14,74	14,48	14,20	13,91	13,57	13,24	12,86	12,49	12,08	11,67	14,57
09/08/2019 03:30:00	14,77	14,99	15,26	15,48	15,58	15,59	15,55	15,45	15,32	15,17	14,96	14,72	14,48	14,20	13,92	13,58	13,24	12,86	12,48	12,07	11,65	14,44
09/08/2019 03:35:00	14,40	14,60	14,85	15,07	15,16	15,19	15,14	15,04	14,89	14,71	14,51	14,26	14,02	13,73	13,45	13,10	12,76	12,38	12,00	11,58	11,16	14,25
09/08/2019 03:40:00	14,19	14,47	14,67	14,85	14,96	14,96	14,91	14,83	14,72	14,59	14,38	14,15	13,91	13,65	13,38	13,06	12,74	12,38	12,02	11,62	11,22	14,30
09/08/2019 03:45:00	14,19	14,40	14,63	14,87	15,02	15,11	15,11	15,04	14,91	14,74	14,53	14,27	14,02	13,73	13,44	13,10	12,76	12,37	11,98	11,56	11,13	14,39
09/08/2019 03:50:00	14,39	14,67	14,97	15,23	15,37	15,39	15,36	15,31	15,16	14,96	14,72	14,44	14,17	13,86	13,56	13,21	12,86	12,46	12,07	11,64	11,21	14,44
09/08/2019 03:55:00	14,42	14,64	14,92	15,17	15,29	15,33	15,29	15,20	15,05	14,87	14,67	14,43	14,18	13,90	13,61	13,26	12,91	12,53	12,14	11,72	11,29	14,38
09/08/2019 04:00:00	14,46	14,64	14,89	15,11	15,23	15,31	15,28	15,16	15,03	14,89	14,66	14,40	14,14	13,84	13,55	13,21	12,86	12,48	12,09	11,67	11,25	14,17
09/08/2019 04:05:00	14,24	14,52	14,74	14,95	15,11	15,13	15,09	15,00	14,89	14,75	14,50	14,24	13,97	13,68	13,39	13,05	12,72	12,34	11,96	11,55	11,13	14,27
09/08/2019 04:10:00	14,26	14,61	14,91	15,14	15,23	15,24	15,19	15,10	14,95	14,77	14,54	14,28	14,02	13,72	13,43	13,09	12,75	12,37	11,99	11,57	11,16	14,21
09/08/2019 04:15:00	14,30	14,67	14,96	15,20	15,31	15,36	15,30	15,15	14,96	14,75	14,54	14,28	14,02	13,71	13,41	13,04	12,68	12,28	11,88	11,45	11,02	14,62
09/08/2019 04:20:00	14,58	15,08	15,39	15,64	15,75	15,72	15,63	15,48	15,31	15,11	14,87	14,59	14,31	14,00	13,68	13,32	12,96	12,56	12,16	11,74	11,31	14,75
09/08/2019 04:25:00	14,57	15,02	15,30	15,54	15,68	15,69	15,60	15,43	15,23	15,02	14,85	14,61	14,37	14,08	13,78	13,41	13,04	12,64	12,23	11,80	11,36	14,52
09/08/2019 04:30:00	14,59	15,06	15,37	15,60	15,65	15,64	15,57	15,47	15,30	15,11	14,92	14,69	14,45	14,17	13,90	13,55	13,21	12,83	12,45	12,03	11,62	14,61
09/08/2019 04:35:00	14,48	14,97	15,27	15,51	15,63	15,64	15,57	15,46	15,27	15,07	14,93	14,72	14,51	14,24	13,97	13,62	13,26	12,87	12,48	12,06	11,64	14,50
09/08/2019 04:40:00	14,27	14,83	15,14	15,39	15,53	15,59	15,54	15,40	15,26	15,11	14,94	14,71	14,49	14,21	13,94	13,59	13,24	12,86	12,47	12,05	11,63	14,32
09/08/2019 04:45:00	14,01	14,84	15,30	15,64	15,77	15,72	15,62	15,51	15,30	15,07	14,94	14,73	14,52	14,25	13,97	13,60	13,23	12,83	12,43	12,01	11,59	14,10
09/08/2019 04:50:00	14,00	14,84	15,30	15,66	15,88	15,81	15,70	15,60	15,41	15,20	14,98	14,70	14,43	14,12	13,80	13,42	13,04	12,63	12,23	11,79	11,36	13,87
09/08/2019 04:55:00	13,92	14,83	15,35	15,73	15,92	15,90	15,80	15,66	15,49	15,30	15,09	14,82	14,55	14,24	13,92	13,55	13,17	12,77	12,36	11,93	11,50	13,64
09/08/2019 05:00:00	13,61	14,45	14,94	15,31	15,50	15,51	15,48	15,43	15,26	15,05	14,81	14,54	14,26	13,95	13,64	13,27	12,91	12,51	12,11	11,68	11,25	13,55
09/08/2019 05:05:00	13,51	14,28	14,71	15,06	15,26	15,34	15,33	15,24	15,12	14,96	14,72	14,44	14,17	13,86	13,56	13,20	12,85	12,46	12,07	11,64	11,21	13,51
09/08/2019 05:10:00	13,50	14,28	14,74	15,12	15,35	15,36	15,34	15,31	15,15	14,96	14,77	14,53	14,29	14,00	13,71	13,35	12,99	12,60	12,21	11,78	11,36	13,57
09/08/2019 05:15:00	13,41	14,33	14,85	15,26	15,48	15,58	15,55	15,42	15,29	15,13	14,91	14,65	14,39	14,08	13,77	13,40	13,03	12,63	12,23	11,79	11,36	13,34
09/08/2019 05:20:00	13,35	14,41	14,98	15,40	15,59	15,65	15,61	15,48	15,31	15,12	14,90	14,63	14,36	14,05	13,74	13,36	12,98	12,58	12,17	11,74	11,31	13,32
09/08/2019 05:25:00	13,30	14,46	15,05	15,50	15,75	15,76	15,71	15,64	15,47	15,25	14,97	14,65	14,33	13,99	13,65	13,26	12,88	12,46	12,05	11,61	11,17	12,98
09/08/2019 05:30:00	13,00	14,17	14,82	15,30	15,52	15,60	15,56	15,46	15,35	15,20	14,91	14,60	14,29	13,95	13,62	13,25	12,88	12,49	12,09	11,66	11,23	12,60
09/08/2019 05:35:00	12,66	13,92	14,66	15,21	15,49	15,61	15,63	15,58	15,44	15,27	15,07	14,82	14,56	14,25	13,95	13,57	13,19	12,79	12,38	11,95	11,51	12,30
09/08/2019 05:40:00	12,63	13,96	14,74	15,32	15,62	15,72	15,72	15,68	15,56	15,39	15,14	14,84	14,54	14,21	13,88	13,50	13,12	12,71	12,31	11,87	11,43	12,12
09/08/2019 05:45:00	12,63	13,99	14,85	15,49	15,84	15,89	15,87	15,80	15,68	15,49	15,19	14,85	14,51	14,14	13,78	13,38	12,98	12,55	12,13	11,68	11,23	11,97
09/08/2019 05:50:00	12,62	13,78	14,52	15,09	15,40	15,56	15,58	15,48	15,34	15,15	14,89	14,58	14,27	13,92	13,58	13,18	12,79	12,36	11,94	11,48	11,03	11,95
09/08/2019 05:55:00	12,83	13,87	14,63	15,24	15,58	15,67	15,66	15,59	15,39	15,14	14,90	14,58	14,26	13,90	13,54	13,12	12,70	12,26	11,82	11,35	10,87	12,54
09/08/2019 06:00:00	13,03	14,03	14,64	15,11	15,37	15,40	15,35	15,25	15,13	14,97	14,69	14,38	14,07	13,74	13,40	13,03	12,66	12,26	11,85	11,43	11,00	12,90
09/08/2019 06:05:00	13,11	13,96	14,49	14,91	15,12	15,17	15,13	15,04	14,90	14,74	14,55	14,30	14,05	13,76	13,46	13,10	12,74	12,35	11,96	11,54	11,12	13,19
09/08/2019 06:10:00	13,13	13,79	14,28	14,71	15,02	15,08	15,08	15,07	14,94	14,77	14,56	14,30	14,04	13,74	13,43	13,07	12,71	12,31	11,92	11,48	11,05	13,15
09/08/2019 06:15:00	13,20	13,95	14,41	14,79	15,03	15,10	15,09	15,04	14,95	14,82	14,60	14,34	14,08	13,79	13,50	13,15	12,81	12,43	12,05	11,64	11,22	13,06
09/08/2019 06:20:00	12,45	13,51	14,18	14,73	15,09	15,24	15,28	15,24	15,11	14,94	14,73	14,46	14,19	13,88	13,56	13,18	12,80	12,39	11,97	11,53	11,08	12,65
09/08/2019 06:25:00	12,25	13,35	14,15	14,76	15,08	15,24	15,30	15,27	15,15	15,00	14,78	14,51	14,23	13,91	13,59	13,22	12,84	12,43	12,02	11,58	11,14	12,51
09/08/2019 06:30:00	12,09	13,33	14,19	14,87	15,26	15,42	15,44	15,37	15,27	15,10	14,77	14,41	14,04	13,66	13,29	12,88	12,48	12,05	11,63	11,17	10,71	12,16
09/08/2019 06:35:00	11,98	13,03	14,05	14,83	15,24	15,51	15,62	15,62	15,52	15,34	15,07	14,73	14,38	14,02	13,65	13,24	12,83	12,40	11,96	11,49	11,01	12,37
09/08/2019 06:40:00	11,98	13,28	14,23	14,98	15,42	15,57	15,62	15,60	15,51	15,34	15,01	14,63	14,26	13,88	13,50	13,09	12,68	12,25	11,82	11,36	10,89	12,90
09/08/2019 06:45:00	12,04	13,34	14,27	14,98	15,37	15,54	15,61	15,62	15,46	15,25	14,97	14,63	14,30	13,93	13,57	13,16	12,75	12,32	11,89	11,42	10,96	13,10
09/08/2019 06:50:00	11,91	13,13	14,07	14,80	15,20	15,40	15,48	15,49	15,38	15,22	15,00	14,70	14,41	14,08	13,74	13,35	12,95	12,53	12,11	11,66	11,20	12,45
09/08/2019 06:55:00	12,03	13,15	14,16	14,92	15,29	15,52	15,61	15,61	15,51	15,33	15,05	14,70	14,36	13,99	13,62	13,22	12,82	12,39	11,96	11,49	11,03	12,06
09/08/2019 07:00:00	12,14	13,31	14,17	14,88	15,36	15,52	15,55	15,52	15,37	15,18	14,97	14,68	14,38	14,04	13,69	13,28	12,86	12,42	11,98	11,51	11,03	12,21
09/08/2019 07:05:00	12,26	13,26	14,15	14,86	15,27	15,47	15,51	15,43	15,31	15,13	14,86	14,51	14,17	13,80	13,43	13,01	12,59	12,15	11,71	11,24	10,77	12,39
09/08/2019 07:10:00	12,45	13,29	14,10	14,75	15,12	15,37	15,47	15,44	15,35	15,19	14,94	14,64	14,33	13,99	13,65	13,26	12,87	12,44	12,02	11,55	11,09	12,50
09/08/2019 07:15:00	12,46	13,29	14,10	14,79	15,25	15,48	15,59	15,63	15,57	15,44	15,20	14,90	14,60	14,27	13,94	13,56	13,18	12,75	12,33	11,87	11,41	12,53
09/08/2019 07:20:00	12,49	13,27	14,11	14,83	15,30	15,54	15,65	15,67	15,62	15,49	15,22	14,89	14,56	14,21	13,86	13,47	13,09	12,66	12,23	11,76	11,29	12,47
09/08/2019 07:25:00	12,51	13,19	14,03	14,78	15,32	15,60	15,75	15,81	15,75	15,61	15,38	15,08	14,77	14,43	14,08	13,69	13,30	12,86	12,42	11,94	11,46	12,37
09/08/2019 07:30:00	12,53	13,19	14,01	14,72	15,22	15,57	15,73	15,72	15,70	15,60	15,34	15,02	14,70	14,35	14,00	13,62	13,23	12,80	12,37	11,89	11,40	12,28
09/08/2019 07:35:00	12,70	13,42	14,23	14,92	15,33	15,62	15,73	15,72	15,67	15,54	15,23	14,87	14,51	14,15	13,78	13,39	13,00	12,57	12,14	11,66	11,19	12,60
09/08/2019 07:40:00	12,92	13,62	14,39	15,03	15,42	15,62	15,68	15,66	15,58	15,43	15,15	14,82	14,48	14,13	13,77	13,38	12,99	12,56	12,14	11,67	11,21	12,89
09/08/2019 07:45:00	13,12	13,56	14,26	14,85	15,21	15,43	15,52	15,51	15,45	15,33	15,09	14,80	14,50	14,17	13,85	13,48	13,10	12,69	12,28	11,82	11,37	13,27
09/08/2019 07:50:00	13,21	13,58	14,31	14,91	15,24	15,47	15,56	15,55	15,48	15,35	15,11	14,80	14,49	14,16	13,83	13,46	13,08	12,67	12,25	11,79	11,34	13,43
09/08/2019 07:55:00	13,27	13,84	14,47	15,04	15,44	15,58	15,60	15,54	15,43	15,28	15,03	14,72	14,40	14,06	13,72	13,32	12,93	12,51	12,08	11,61	11,15	13,70
09/08/2019 08:00:00	13,50	13,86	14,49	15,02	15,30	15,50	15,58	15,58	15,49	15,34	15,10	14,81	14,51	14,19	13,86	13,50	13,13	12,72	12,31	11,86	11,40	14,14
09/08/2019 08:05:00	13,57	13,96	14,60	15,15	15,48	15,61	15,67	15,69	15,58	15,38	15,09	14,75	14,42	14,06	13,71	13,32	12,93	12,51	12,09	11,62	11,15	14,04
09/08/2019 08:10:00	13,60	13,95	14,56	15,11	15,47	15,60	15,65	15,66	15,55	15,37	15,08	14,74	14,40	14,04	13,69	13,30	12,91	12,49	12,06	11,59	11,13	14,29
09/08/2019 08:15:00	13,46	13,89	14,54	15,08	15,36	15,52	15,59	15,59	15,45	15,24	15,00	14,69	14,38	14,04	13,70	13,31	12,93	12,50	12,08	11,62	11,15	14,34
09/08/2019 08:20:00	13,41	13,67	14,28	14,81	15,12	15,34	15,43	15,43	15,32	15,17	15,00	14,75	14,50	14,20	13,90	13,53	13,16	12,75	12,34	11,89	11,43	13,97
09/08/2019 08:25:00	13,55	13,72	14,29	14,80	15,12	15,23	15,26	15,29	15,21	15,08	14,91	14,66	14,42	14,13	13,84	13,48	13,12	12,73	12,34	11,90	11,47	14,13
09/08/2019 08:30:00	13,61	13,98	14,62	15,17	15,50	15,65	15,67	15,61	15,53	15,37	15,06	14,70	14,34	13,97	13,61	13,22	12,83	12,41	11,99	11,53	11,07	14,14
09/08/2019 08:35:00	13,81	14,06	14,72	15,26	15,47	15,62	15,67	15,63	15,51	15,32	15,02	14,67	14,32	13,96	13,61	13,22	12,83	12,41	11,99	11,54	11,08	14,57
09/08/2019 08:40:00	14,05	14,04	14,50	14,93	15,21	15,41	15,50	15,50	15,39	15,22	14,97	14,67	14,37	14,05	13,72	13,36	12,99	12,58	12,16	11,70	11,24	15,47
09/08/2019 08:45:00	14,18	14,06	14,49	14,89	15,13	15,30	15,37	15,38	15,23	15,05	14,90	14,66	14,42	14,14	13,85	13,48	13,12	12,72	12,31	11,86	11,41	16,12
09/08/2019 08:50:00	14,37	14,31	14,72	15,13	15,45	15,60	15,65	15,64	15,57	15,44	15,18	14,87	14,56	14,24	13,92	13,56	13,20	12,79	12,38	11,92	11,47	16,06
09/08/2019 08:55:00	14,58	14,67	15,09	15,44	15,61	15,71	15,72	15,66	15,46	15,20	14,93	14,61	14,28	13,93	13,59	13,20	12,81	12,39	11,96	11,50	11,03	16,63
09/08/2019 09:00:00	14,83	14,86	15,22	15,56	15,78	15,89	15,89	15,80	15,66	15,46	15,11	14,73	14,35	13,98	13,61	13,22	12,84	12,41	11,99	11,52	11,05	16,50
09/08/2019 09:05:00	14,92	14,84	15,24	15,60	15,76	15,79	15,73	15,64	15,45	15,21	14,94	14,62	14,29	13,95	13,60	13,21	12,81	12,39	11,97	11,50	11,04	16,57
09/08/2019 09:10:00	15,14	14,93	15,16	15,41	15,59	15,65	15,61	15,48	15,36	15,20	14,92	14,60	14,28	13,95	13,62	13,26	12,90	12,49	12,09	11,64	11,19	17,15
09/08/2019 09:15:00	15,26	15,00	15,31	15,64	15,83	15,97	15,98	15,89	15,70	15,44	15,12	14,74	14,37	13,99	13,61	13,21	12,81	12,36	11,92	11,43	10,93	17,51
09/08/2019 09:20:00	15,39	15,44	15,79	16,07	16,10	16,05	15,93	15,77	15,55	15,26	14,91	14,53	14,15	13,76	13,38	12,98	12,58	12,16	11,73	11,27	10,81	17,14
09/08/2019 09:25:00	15,57	15,56	15,86	16,10	16,17	16,16	16,05	15,85	15,59	15,28	14,94	14,56	14,18	13,79	13,40	12,98	12,57	12,12	11,68	11,20	10,73	17,37
09/08/2019 09:30:00	15,69	15,66	15,85	16,00	16,00	15,93	15,80	15,63	15,36	15,05	14,77	14,44	14,11	13,77	13,42	13,03	12,64	12,22	11,80	11,34	10,89	17,57
09/08/2019 09:35:00	16,01	15,64	15,79	15,93	15,92	15,91	15,81	15,61	15,38	15,11	14,78	14,41	14,05	13,68	13,31	12,92	12,54	12,11	11,69	11,23	10,77	17,29
09/08/2019 09:40:00	16,02	15,71	15,62	15,58	15,55	15,44	15,32	15,22	15,06	14,86	14,56	14,26	13,95	13,65	13,35	13,02	12,70	12,33	11,96	11,55	11,15	17,74
09/08/2019 09:45:00	16,21	15,71	15,65	15,66	15,67	15,65	15,59	15,50	15,30	15,06	14,74	14,41	14,09	13,76	13,43	13,08	12,72	12,33	11,93	11,48	11,04	17,85
09/08/2019 09:50:00	16,36	15,90	15,82	15,78	15,69	15,60	15,48	15,33	15,13	14,90	14,60	14,29	13,98	13,67	13,35	13,01	12,67	12,29	11,91	11,48	11,06	17,81
09/08/2019 09:55:00	16,58	16,17	16,08	16,10	16,19	16,10	15,91	15,68	15,43	15,14	14,82	14,46	14,10	13,73	13,36	12,97	12,57	12,14	11,70	11,23	10,76	17,74
09/08/2019 10:00:00	16,73	16,29	16,16	16,09	16,04	16,04	15,98	15,79	15,54	15,26	14,95	14,62	14,29	13,95	13,61	13,25	12,88	12,47	12,05	11,59	11,13	18,06
09/08/2019 10:05:00	16,85	16,55	16,40	16,28	16,16	16,02	15,85	15,63	15,37	15,09	14,75	14,41	14,06	13,72	13,38	13,02	12,66	12,26	11,86	11,43	10,99	18,68
