FileFormat:0002.2 file with temperature of atmosphere
SN105HE102
local	GMT or Local
0	GMT-Local=[hours]
0	Height[m]
0	0	0	Longitude                [grd]               [min]               [sec]
0	0	0	Latitude                [grd]               [min]               [sec]
N	NS
56,45	Freq[GHz]
0,00	dTemostat[K]
0,150	MessErr[K]
0,248	//[grad/step]
version 14.4.20120406
MTP5HE102F5645K-38.60I70D219217+A1.1
Commentary:
SN105HE102
парабола ДНА = 2,5 град
НЕ102 - ПУ - ХВБ с ЦСД " S "
АЦП - 202 - 09 с контр.U пит.и М
оптопара серии - 2
Т out № 178 пл
БП LPS - 112
End Of Commentary

SYSTEM\alaska.dat
data time	0	50	100	150	200	250	300	350	400	450	500	550	600	650	700	750	800	850	900	950	1000	OutsideTemperature
17/02/2019 00:00:00	-5,61	-5,83	-6,23	-6,68	-7,14	-7,61	-7,97	-8,41	-8,86	-9,27	-9,69	-9,98	-10,28	-10,39	-10,50	-10,52	-10,55	-10,61	-10,68	-10,77	-10,86	-5,66
17/02/2019 00:05:00	-5,67	-5,79	-6,10	-6,54	-7,04	-7,55	-8,10	-8,60	-9,04	-9,54	-10,04	-10,36	-10,67	-10,77	-10,87	-10,87	-10,87	-10,91	-10,95	-11,02	-11,10	-5,63
17/02/2019 00:10:00	-5,60	-5,74	-6,07	-6,53	-7,05	-7,59	-8,22	-8,79	-9,27	-9,68	-10,07	-10,32	-10,56	-10,61	-10,66	-10,65	-10,64	-10,67	-10,69	-10,76	-10,83	-5,58
17/02/2019 00:15:00	-5,59	-5,85	-6,22	-6,58	-6,96	-7,41	-7,93	-8,43	-8,88	-9,34	-9,80	-10,14	-10,48	-10,61	-10,75	-10,78	-10,82	-10,89	-10,96	-11,05	-11,14	-5,59
17/02/2019 00:20:00	-5,63	-5,96	-6,22	-6,54	-6,93	-7,43	-8,08	-8,68	-9,15	-9,56	-9,95	-10,21	-10,46	-10,52	-10,58	-10,57	-10,57	-10,60	-10,62	-10,69	-10,76	-5,64
17/02/2019 00:25:00	-5,63	-5,97	-6,28	-6,65	-7,09	-7,60	-8,06	-8,53	-8,97	-9,42	-9,86	-10,13	-10,41	-10,48	-10,55	-10,54	-10,53	-10,56	-10,59	-10,66	-10,74	-5,61
17/02/2019 00:30:00	-5,62	-5,87	-6,07	-6,38	-6,82	-7,37	-7,94	-8,55	-9,11	-9,55	-9,96	-10,23	-10,50	-10,57	-10,64	-10,64	-10,64	-10,67	-10,70	-10,77	-10,84	-5,59
17/02/2019 00:35:00	-5,63	-5,86	-6,24	-6,65	-7,04	-7,46	-7,97	-8,49	-8,94	-9,32	-9,72	-10,01	-10,31	-10,43	-10,54	-10,59	-10,63	-10,71	-10,79	-10,88	-10,98	-5,61
17/02/2019 00:40:00	-5,75	-5,73	-6,03	-6,43	-6,92	-7,52	-8,13	-8,74	-9,29	-9,67	-10,05	-10,29	-10,54	-10,61	-10,68	-10,69	-10,70	-10,75	-10,80	-10,88	-10,96	-5,64
17/02/2019 00:45:00	-5,65	-5,85	-6,10	-6,48	-6,92	-7,37	-7,94	-8,54	-9,08	-9,52	-9,96	-10,27	-10,57	-10,68	-10,80	-10,82	-10,85	-10,92	-10,98	-11,07	-11,15	-5,68
17/02/2019 00:50:00	-5,70	-5,89	-6,25	-6,67	-7,05	-7,38	-7,85	-8,24	-8,58	-9,01	-9,45	-9,77	-10,08	-10,20	-10,32	-10,35	-10,37	-10,44	-10,51	-10,60	-10,69	-5,65
17/02/2019 00:55:00	-5,60	-5,84	-6,00	-6,26	-6,68	-7,20	-7,81	-8,42	-8,97	-9,45	-9,92	-10,23	-10,54	-10,62	-10,71	-10,72	-10,72	-10,76	-10,79	-10,86	-10,94	-5,63
17/02/2019 01:00:00	-5,60	-5,74	-6,09	-6,50	-6,97	-7,49	-8,03	-8,56	-9,03	-9,39	-9,73	-9,94	-10,16	-10,19	-10,23	-10,22	-10,21	-10,25	-10,28	-10,35	-10,43	-5,68
17/02/2019 01:05:00	-5,64	-5,99	-6,20	-6,50	-6,88	-7,26	-7,76	-8,26	-8,71	-9,18	-9,64	-9,95	-10,25	-10,35	-10,45	-10,45	-10,46	-10,50	-10,54	-10,62	-10,69	-5,69
17/02/2019 01:10:00	-5,74	-5,84	-6,13	-6,50	-6,96	-7,51	-8,11	-8,67	-9,13	-9,53	-9,91	-10,14	-10,37	-10,42	-10,46	-10,45	-10,44	-10,46	-10,49	-10,56	-10,63	-5,71
17/02/2019 01:15:00	-5,64	-5,87	-6,15	-6,44	-6,82	-7,34	-7,85	-8,41	-8,93	-9,37	-9,80	-10,12	-10,43	-10,54	-10,66	-10,69	-10,73	-10,79	-10,85	-10,94	-11,03	-5,66
17/02/2019 01:20:00	-5,67	-5,86	-6,20	-6,57	-7,00	-7,53	-8,03	-8,49	-8,90	-9,35	-9,79	-10,07	-10,35	-10,43	-10,51	-10,51	-10,50	-10,54	-10,58	-10,65	-10,73	-5,71
17/02/2019 01:25:00	-5,64	-5,81	-6,15	-6,60	-7,10	-7,61	-8,15	-8,68	-9,15	-9,51	-9,86	-10,08	-10,30	-10,34	-10,38	-10,37	-10,36	-10,39	-10,42	-10,50	-10,57	-5,66
17/02/2019 01:30:00	-5,71	-5,90	-6,21	-6,59	-7,05	-7,58	-8,18	-8,75	-9,24	-9,63	-10,01	-10,25	-10,49	-10,54	-10,59	-10,59	-10,58	-10,61	-10,65	-10,72	-10,79	-5,68
17/02/2019 01:35:00	-5,60	-5,92	-6,20	-6,57	-7,05	-7,60	-8,17	-8,71	-9,17	-9,59	-9,99	-10,22	-10,45	-10,48	-10,51	-10,47	-10,44	-10,44	-10,45	-10,51	-10,56	-5,64
17/02/2019 01:40:00	-5,62	-5,91	-6,21	-6,52	-6,88	-7,35	-7,87	-8,47	-9,03	-9,39	-9,75	-10,02	-10,29	-10,39	-10,49	-10,54	-10,59	-10,66	-10,74	-10,83	-10,92	-5,64
17/02/2019 01:45:00	-5,68	-5,74	-6,02	-6,42	-6,89	-7,36	-7,83	-8,37	-8,91	-9,36	-9,81	-10,14	-10,47	-10,60	-10,73	-10,77	-10,81	-10,89	-10,96	-11,06	-11,16	-5,64
17/02/2019 01:50:00	-5,71	-5,78	-5,98	-6,33	-6,80	-7,32	-7,95	-8,57	-9,12	-9,54	-9,94	-10,20	-10,47	-10,53	-10,60	-10,61	-10,61	-10,65	-10,69	-10,77	-10,84	-5,66
17/02/2019 01:55:00	-5,60	-5,80	-6,09	-6,37	-6,74	-7,30	-7,84	-8,39	-8,89	-9,34	-9,80	-10,11	-10,43	-10,54	-10,65	-10,67	-10,69	-10,75	-10,80	-10,88	-10,96	-5,67
17/02/2019 02:00:00	-5,52	-5,80	-6,15	-6,55	-7,00	-7,46	-8,04	-8,64	-9,17	-9,51	-9,84	-10,07	-10,30	-10,37	-10,43	-10,46	-10,48	-10,54	-10,59	-10,68	-10,76	-5,64
17/02/2019 02:05:00	-5,67	-5,83	-5,98	-6,32	-6,83	-7,45	-8,15	-8,82	-9,38	-9,80	-10,17	-10,38	-10,59	-10,59	-10,59	-10,55	-10,51	-10,51	-10,50	-10,56	-10,61	-5,62
17/02/2019 02:10:00	-5,63	-5,78	-5,95	-6,27	-6,77	-7,38	-8,03	-8,75	-9,40	-9,79	-10,15	-10,36	-10,58	-10,61	-10,64	-10,62	-10,61	-10,63	-10,65	-10,72	-10,79	-5,62
17/02/2019 02:15:00	-5,58	-5,89	-6,15	-6,37	-6,70	-7,25	-7,79	-8,37	-8,90	-9,38	-9,86	-10,21	-10,55	-10,67	-10,80	-10,83	-10,86	-10,92	-10,98	-11,06	-11,14	-5,60
17/02/2019 02:20:00	-5,65	-5,84	-6,18	-6,62	-7,07	-7,50	-8,04	-8,51	-8,92	-9,35	-9,79	-10,07	-10,36	-10,45	-10,54	-10,54	-10,55	-10,59	-10,64	-10,72	-10,80	-5,61
17/02/2019 02:25:00	-5,65	-5,84	-6,09	-6,42	-6,88	-7,49	-8,09	-8,71	-9,26	-9,66	-10,05	-10,29	-10,52	-10,57	-10,61	-10,60	-10,59	-10,61	-10,63	-10,70	-10,76	-5,64
17/02/2019 02:30:00	-5,66	-5,93	-6,16	-6,49	-6,92	-7,38	-8,03	-8,69	-9,26	-9,64	-9,99	-10,23	-10,47	-10,53	-10,60	-10,61	-10,62	-10,67	-10,71	-10,79	-10,86	-5,63
17/02/2019 02:35:00	-5,73	-5,79	-6,08	-6,56	-7,12	-7,70	-8,30	-8,85	-9,32	-9,77	-10,20	-10,45	-10,70	-10,74	-10,79	-10,76	-10,73	-10,75	-10,76	-10,83	-10,89	-5,68
17/02/2019 02:40:00	-5,62	-5,80	-6,15	-6,59	-7,10	-7,67	-8,27	-8,86	-9,37	-9,75	-10,11	-10,34	-10,56	-10,60	-10,64	-10,62	-10,61	-10,63	-10,66	-10,73	-10,79	-5,64
17/02/2019 02:45:00	-5,63	-5,83	-6,16	-6,63	-7,18	-7,74	-8,36	-8,96	-9,46	-9,84	-10,20	-10,42	-10,63	-10,66	-10,68	-10,66	-10,64	-10,66	-10,67	-10,74	-10,80	-5,63
17/02/2019 02:50:00	-5,64	-5,84	-6,20	-6,71	-7,28	-7,84	-8,39	-8,88	-9,31	-9,70	-10,06	-10,25	-10,43	-10,44	-10,44	-10,38	-10,33	-10,33	-10,33	-10,39	-10,45	-5,61
17/02/2019 02:55:00	-5,64	-5,92	-6,29	-6,74	-7,22	-7,68	-8,15	-8,64	-9,12	-9,56	-9,99	-10,30	-10,60	-10,70	-10,80	-10,82	-10,84	-10,90	-10,96	-11,04	-11,13	-5,60
17/02/2019 03:00:00	-5,63	-5,93	-6,26	-6,65	-7,15	-7,75	-8,37	-9,03	-9,61	-9,96	-10,28	-10,48	-10,68	-10,70	-10,72	-10,70	-10,69	-10,71	-10,73	-10,79	-10,86	-5,66
17/02/2019 03:05:00	-5,66	-5,97	-6,39	-6,85	-7,30	-7,76	-8,23	-8,72	-9,17	-9,53	-9,89	-10,14	-10,39	-10,47	-10,54	-10,56	-10,57	-10,63	-10,68	-10,77	-10,85	-5,66
17/02/2019 03:10:00	-5,73	-5,92	-6,34	-6,83	-7,32	-7,76	-8,21	-8,66	-9,08	-9,48	-9,88	-10,16	-10,44	-10,53	-10,62	-10,63	-10,65	-10,70	-10,76	-10,85	-10,93	-5,66
17/02/2019 03:15:00	-5,70	-5,99	-6,39	-6,79	-7,20	-7,68	-8,07	-8,52	-8,97	-9,40	-9,85	-10,17	-10,49	-10,61	-10,74	-10,77	-10,81	-10,87	-10,94	-11,03	-11,13	-5,71
17/02/2019 03:20:00	-5,81	-5,94	-6,33	-6,74	-7,18	-7,74	-8,34	-8,89	-9,35	-9,73	-10,10	-10,35	-10,60	-10,66	-10,73	-10,74	-10,75	-10,80	-10,84	-10,92	-11,00	-5,74
17/02/2019 03:25:00	-5,78	-6,00	-6,34	-6,78	-7,29	-7,85	-8,49	-9,07	-9,54	-9,94	-10,31	-10,53	-10,76	-10,79	-10,82	-10,79	-10,76	-10,77	-10,79	-10,85	-10,91	-5,81
17/02/2019 03:30:00	-5,80	-6,07	-6,36	-6,74	-7,20	-7,68	-8,29	-8,89	-9,39	-9,78	-10,15	-10,39	-10,62	-10,67	-10,72	-10,72	-10,71	-10,74	-10,77	-10,84	-10,91	-5,81
17/02/2019 03:35:00	-5,90	-6,11	-6,35	-6,75	-7,24	-7,77	-8,40	-8,95	-9,40	-9,86	-10,29	-10,54	-10,79	-10,83	-10,87	-10,83	-10,80	-10,80	-10,80	-10,86	-10,92	-5,83
17/02/2019 03:40:00	-5,92	-6,13	-6,57	-7,10	-7,56	-7,89	-8,37	-8,80	-9,17	-9,52	-9,88	-10,14	-10,39	-10,49	-10,58	-10,60	-10,63	-10,69	-10,76	-10,85	-10,95	-5,83
17/02/2019 03:45:00	-5,91	-6,23	-6,52	-6,93	-7,40	-7,84	-8,27	-8,74	-9,19	-9,58	-9,96	-10,20	-10,43	-10,48	-10,52	-10,51	-10,49	-10,52	-10,54	-10,62	-10,69	-5,91
17/02/2019 03:50:00	-5,91	-6,15	-6,51	-6,93	-7,40	-7,89	-8,43	-8,95	-9,40	-9,74	-10,06	-10,25	-10,44	-10,46	-10,48	-10,47	-10,45	-10,47	-10,49	-10,56	-10,63	-5,94
17/02/2019 03:55:00	-5,92	-6,30	-6,58	-6,94	-7,36	-7,84	-8,45	-9,01	-9,46	-9,82	-10,16	-10,35	-10,55	-10,56	-10,57	-10,54	-10,51	-10,52	-10,53	-10,58	-10,64	-5,97
17/02/2019 04:00:00	-5,92	-6,21	-6,59	-7,06	-7,51	-7,84	-8,21	-8,63	-9,05	-9,38	-9,72	-9,95	-10,18	-10,25	-10,32	-10,34	-10,35	-10,41	-10,47	-10,56	-10,65	-5,94
17/02/2019 04:05:00	-5,91	-6,15	-6,52	-6,89	-7,30	-7,76	-8,29	-8,79	-9,20	-9,55	-9,90	-10,12	-10,34	-10,39	-10,44	-10,44	-10,44	-10,47	-10,51	-10,58	-10,65	-5,99
17/02/2019 04:10:00	-5,98	-6,23	-6,62	-6,97	-7,35	-7,85	-8,32	-8,84	-9,32	-9,61	-9,91	-10,11	-10,32	-10,37	-10,42	-10,44	-10,45	-10,50	-10,56	-10,64	-10,72	-6,01
17/02/2019 04:15:00	-6,03	-6,23	-6,53	-6,89	-7,33	-7,87	-8,33	-8,83	-9,28	-9,64	-9,99	-10,20	-10,41	-10,43	-10,46	-10,44	-10,42	-10,43	-10,45	-10,52	-10,59	-6,04
17/02/2019 04:20:00	-6,02	-6,26	-6,56	-6,94	-7,41	-7,93	-8,41	-8,91	-9,36	-9,70	-10,01	-10,18	-10,36	-10,36	-10,35	-10,32	-10,28	-10,29	-10,29	-10,35	-10,41	-6,08
17/02/2019 04:25:00	-6,18	-6,38	-6,70	-7,03	-7,38	-7,78	-8,21	-8,61	-8,95	-9,33	-9,72	-9,97	-10,23	-10,30	-10,38	-10,38	-10,38	-10,43	-10,47	-10,55	-10,63	-6,13
17/02/2019 04:30:00	-6,12	-6,40	-6,55	-6,77	-7,13	-7,58	-8,17	-8,80	-9,34	-9,68	-10,00	-10,20	-10,41	-10,43	-10,46	-10,45	-10,45	-10,47	-10,50	-10,56	-10,63	-6,14
17/02/2019 04:35:00	-6,14	-6,47	-6,67	-6,89	-7,24	-7,74	-8,20	-8,76	-9,28	-9,60	-9,91	-10,11	-10,30	-10,33	-10,35	-10,34	-10,33	-10,36	-10,38	-10,45	-10,51	-6,16
17/02/2019 04:40:00	-6,15	-6,35	-6,57	-6,84	-7,21	-7,66	-8,16	-8,68	-9,14	-9,54	-9,93	-10,18	-10,44	-10,51	-10,58	-10,58	-10,58	-10,62	-10,66	-10,73	-10,81	-6,19
17/02/2019 04:45:00	-6,22	-6,34	-6,60	-6,92	-7,31	-7,76	-8,30	-8,75	-9,11	-9,51	-9,90	-10,13	-10,36	-10,41	-10,45	-10,43	-10,41	-10,43	-10,44	-10,51	-10,58	-6,21
17/02/2019 04:50:00	-6,15	-6,35	-6,47	-6,81	-7,29	-7,80	-8,34	-8,88	-9,34	-9,73	-10,07	-10,23	-10,39	-10,36	-10,33	-10,26	-10,19	-10,17	-10,15	-10,19	-10,24	-6,18
17/02/2019 04:55:00	-6,21	-6,38	-6,60	-6,98	-7,38	-7,69	-8,20	-8,67	-9,06	-9,41	-9,75	-9,96	-10,17	-10,21	-10,25	-10,24	-10,23	-10,26	-10,29	-10,37	-10,44	-6,21
17/02/2019 05:00:00	-6,27	-6,63	-6,82	-6,99	-7,22	-7,54	-7,96	-8,36	-8,73	-9,16	-9,60	-9,90	-10,20	-10,30	-10,40	-10,41	-10,42	-10,47	-10,51	-10,59	-10,67	-6,27
17/02/2019 05:05:00	-6,31	-6,54	-6,77	-7,01	-7,29	-7,62	-8,04	-8,51	-8,96	-9,28	-9,60	-9,84	-10,08	-10,16	-10,24	-10,28	-10,31	-10,38	-10,44	-10,53	-10,62	-6,31
17/02/2019 05:10:00	-6,35	-6,56	-6,72	-6,94	-7,30	-7,78	-8,40	-8,99	-9,47	-9,81	-10,12	-10,29	-10,47	-10,47	-10,47	-10,44	-10,42	-10,42	-10,43	-10,48	-10,54	-6,33
17/02/2019 05:15:00	-6,37	-6,63	-6,84	-7,10	-7,41	-7,80	-8,19	-8,61	-9,01	-9,43	-9,85	-10,13	-10,41	-10,49	-10,57	-10,57	-10,57	-10,61	-10,65	-10,72	-10,80	-6,36
17/02/2019 05:20:00	-6,42	-6,59	-6,90	-7,29	-7,70	-8,10	-8,52	-8,90	-9,24	-9,52	-9,79	-9,94	-10,08	-10,07	-10,06	-10,02	-9,99	-10,00	-10,01	-10,07	-10,14	-6,41
17/02/2019 05:25:00	-6,50	-6,63	-6,79	-7,04	-7,35	-7,68	-8,10	-8,55	-8,96	-9,36	-9,77	-10,05	-10,33	-10,42	-10,52	-10,54	-10,56	-10,61	-10,67	-10,75	-10,84	-6,42
17/02/2019 05:30:00	-6,38	-6,54	-6,77	-7,02	-7,36	-7,80	-8,28	-8,72	-9,09	-9,48	-9,85	-10,08	-10,30	-10,34	-10,38	-10,36	-10,34	-10,36	-10,37	-10,44	-10,51	-6,37
17/02/2019 05:35:00	-6,48	-6,37	-6,43	-6,77	-7,31	-7,95	-8,62	-9,27	-9,79	-10,12	-10,38	-10,47	-10,56	-10,47	-10,38	-10,29	-10,19	-10,15	-10,10	-10,13	-10,17	-6,46
17/02/2019 05:40:00	-6,64	-6,75	-6,77	-6,89	-7,20	-7,65	-8,24	-8,83	-9,33	-9,73	-10,11	-10,34	-10,57	-10,61	-10,64	-10,63	-10,61	-10,62	-10,63	-10,69	-10,75	-6,59
17/02/2019 05:45:00	-6,74	-6,90	-7,00	-7,13	-7,36	-7,71	-8,14	-8,57	-8,95	-9,41	-9,86	-10,16	-10,46	-10,56	-10,66	-10,67	-10,68	-10,72	-10,75	-10,83	-10,90	-6,66
17/02/2019 05:50:00	-6,76	-6,72	-6,80	-6,96	-7,31	-7,88	-8,42	-8,97	-9,43	-9,78	-10,09	-10,25	-10,41	-10,39	-10,38	-10,33	-10,29	-10,28	-10,27	-10,32	-10,37	-6,76
17/02/2019 05:55:00	-6,75	-6,82	-6,95	-7,12	-7,42	-7,84	-8,29	-8,72	-9,10	-9,48	-9,85	-10,07	-10,28	-10,31	-10,35	-10,32	-10,29	-10,31	-10,32	-10,38	-10,45	-6,81
17/02/2019 06:00:00	-6,93	-6,91	-7,04	-7,25	-7,56	-7,94	-8,32	-8,75	-9,15	-9,50	-9,84	-10,06	-10,27	-10,32	-10,37	-10,37	-10,36	-10,40	-10,43	-10,51	-10,59	-6,95
17/02/2019 06:05:00	-6,88	-6,85	-6,91	-7,07	-7,38	-7,84	-8,37	-8,85	-9,26	-9,67	-10,07	-10,30	-10,53	-10,56	-10,59	-10,56	-10,53	-10,54	-10,54	-10,60	-10,66	-6,96
17/02/2019 06:10:00	-6,73	-6,93	-6,96	-7,10	-7,36	-7,69	-8,17	-8,70	-9,18	-9,56	-9,93	-10,18	-10,43	-10,50	-10,57	-10,58	-10,58	-10,62	-10,66	-10,74	-10,81	-6,81
17/02/2019 06:15:00	-6,75	-6,81	-6,90	-7,05	-7,33	-7,75	-8,21	-8,71	-9,16	-9,52	-9,87	-10,09	-10,31	-10,36	-10,40	-10,40	-10,39	-10,42	-10,45	-10,52	-10,59	-6,68
17/02/2019 06:20:00	-6,71	-6,42	-6,54	-6,88	-7,39	-7,99	-8,57	-9,11	-9,56	-9,86	-10,11	-10,20	-10,29	-10,22	-10,16	-10,08	-10,00	-9,98	-9,95	-10,00	-10,05	-6,74
17/02/2019 06:25:00	-6,68	-6,87	-6,97	-7,14	-7,43	-7,84	-8,42	-8,94	-9,34	-9,68	-9,99	-10,16	-10,34	-10,33	-10,33	-10,30	-10,27	-10,26	-10,26	-10,32	-10,37	-6,62
17/02/2019 06:30:00	-6,55	-6,61	-6,75	-7,04	-7,47	-8,02	-8,53	-8,99	-9,35	-9,67	-9,95	-10,05	-10,15	-10,07	-9,99	-9,90	-9,80	-9,76	-9,71	-9,75	-9,78	-6,73
17/02/2019 06:35:00	-6,60	-6,69	-6,80	-7,02	-7,39	-7,86	-8,31	-8,75	-9,14	-9,51	-9,85	-10,02	-10,18	-10,17	-10,15	-10,09	-10,04	-10,02	-10,01	-10,06	-10,11	-6,59
17/02/2019 06:40:00	-6,66	-6,75	-6,89	-7,14	-7,51	-7,97	-8,43	-8,86	-9,22	-9,57	-9,88	-10,04	-10,19	-10,17	-10,15	-10,09	-10,03	-10,02	-10,01	-10,06	-10,11	-6,59
17/02/2019 06:45:00	-6,52	-6,44	-6,64	-7,07	-7,59	-8,09	-8,61	-9,05	-9,41	-9,76	-10,07	-10,20	-10,32	-10,28	-10,23	-10,15	-10,07	-10,04	-10,01	-10,06	-10,11	-6,38
17/02/2019 06:50:00	-6,26	-6,46	-6,77	-7,09	-7,43	-7,83	-8,23	-8,66	-9,06	-9,40	-9,76	-10,00	-10,24	-10,32	-10,39	-10,41	-10,42	-10,48	-10,53	-10,61	-10,70	-6,46
17/02/2019 06:55:00	-6,41	-6,48	-6,63	-6,96	-7,39	-7,82	-8,31	-8,80	-9,21	-9,46	-9,68	-9,77	-9,85	-9,79	-9,73	-9,67	-9,62	-9,61	-9,59	-9,65	-9,70	-6,39
17/02/2019 07:00:00	-6,36	-6,56	-6,85	-7,24	-7,63	-8,01	-8,41	-8,81	-9,16	-9,41	-9,66	-9,79	-9,92	-9,91	-9,90	-9,87	-9,84	-9,86	-9,88	-9,94	-10,01	-6,44
17/02/2019 07:05:00	-6,41	-6,73	-7,00	-7,25	-7,55	-7,96	-8,25	-8,61	-8,98	-9,33	-9,68	-9,90	-10,12	-10,17	-10,22	-10,21	-10,21	-10,24	-10,27	-10,35	-10,42	-6,48
17/02/2019 07:10:00	-6,44	-6,63	-7,00	-7,39	-7,81	-8,29	-8,64	-8,95	-9,20	-9,42	-9,62	-9,68	-9,74	-9,65	-9,57	-9,49	-9,40	-9,37	-9,35	-9,39	-9,44	-6,52
17/02/2019 07:15:00	-6,44	-6,72	-6,89	-7,05	-7,23	-7,44	-7,69	-8,00	-8,31	-8,65	-9,01	-9,26	-9,51	-9,60	-9,69	-9,71	-9,73	-9,79	-9,85	-9,94	-10,03	-6,61
17/02/2019 07:20:00	-6,60	-6,61	-6,92	-7,26	-7,56	-7,83	-8,14	-8,37	-8,55	-8,74	-8,92	-9,00	-9,08	-9,05	-9,02	-8,98	-8,95	-8,96	-8,98	-9,05	-9,12	-6,59
17/02/2019 07:25:00	-6,58	-6,78	-6,92	-7,12	-7,37	-7,65	-7,85	-8,11	-8,37	-8,66	-8,95	-9,10	-9,25	-9,25	-9,26	-9,22	-9,19	-9,20	-9,21	-9,28	-9,35	-6,62
17/02/2019 07:30:00	-6,54	-6,74	-6,95	-7,24	-7,59	-7,95	-8,30	-8,58	-8,81	-9,09	-9,34	-9,43	-9,53	-9,47	-9,41	-9,32	-9,24	-9,22	-9,19	-9,24	-9,28	-6,55
17/02/2019 07:35:00	-6,53	-6,86	-7,12	-7,38	-7,62	-7,79	-8,02	-8,28	-8,54	-8,83	-9,13	-9,32	-9,52	-9,57	-9,62	-9,63	-9,63	-9,67	-9,72	-9,80	-9,89	-6,59
17/02/2019 07:40:00	-6,51	-6,94	-7,18	-7,34	-7,53	-7,81	-8,12	-8,42	-8,69	-9,03	-9,37	-9,59	-9,82	-9,87	-9,92	-9,91	-9,90	-9,93	-9,96	-10,03	-10,10	-6,54
17/02/2019 07:45:00	-6,55	-6,89	-7,26	-7,52	-7,74	-8,01	-8,26	-8,48	-8,71	-9,02	-9,35	-9,58	-9,81	-9,88	-9,95	-9,96	-9,97	-10,02	-10,07	-10,15	-10,23	-6,64
17/02/2019 07:50:00	-6,64	-6,97	-7,26	-7,47	-7,64	-7,84	-7,97	-8,22	-8,52	-8,80	-9,10	-9,33	-9,56	-9,65	-9,74	-9,78	-9,82	-9,89	-9,97	-10,07	-10,16	-6,66
17/02/2019 07:55:00	-6,74	-7,00	-7,25	-7,41	-7,54	-7,70	-7,90	-8,10	-8,31	-8,60	-8,91	-9,13	-9,35	-9,43	-9,51	-9,53	-9,56	-9,62	-9,68	-9,77	-9,86	-6,73
17/02/2019 08:00:00	-6,74	-7,05	-7,33	-7,58	-7,76	-7,86	-8,16	-8,42	-8,65	-8,84	-9,05	-9,20	-9,34	-9,37	-9,40	-9,42	-9,43	-9,48	-9,54	-9,62	-9,71	-6,71
17/02/2019 08:05:00	-6,73	-7,05	-7,34	-7,48	-7,55	-7,63	-7,78	-7,96	-8,16	-8,43	-8,74	-8,98	-9,23	-9,34	-9,45	-9,50	-9,55	-9,64	-9,72	-9,83	-9,93	-6,73
17/02/2019 08:10:00	-6,73	-7,07	-7,30	-7,43	-7,51	-7,61	-7,76	-7,94	-8,15	-8,36	-8,60	-8,77	-8,94	-8,99	-9,04	-9,07	-9,09	-9,15	-9,21	-9,30	-9,39	-6,71
17/02/2019 08:15:00	-6,70	-7,10	-7,31	-7,36	-7,37	-7,46	-7,54	-7,70	-7,89	-8,08	-8,30	-8,47	-8,64	-8,69	-8,75	-8,78	-8,82	-8,88	-8,95	-9,04	-9,14	-6,70
17/02/2019 08:20:00	-6,76	-7,09	-7,38	-7,57	-7,66	-7,70	-7,73	-7,82	-7,96	-8,15	-8,36	-8,52	-8,68	-8,73	-8,79	-8,81	-8,84	-8,91	-8,98	-9,08	-9,17	-6,73
17/02/2019 08:25:00	-6,74	-7,01	-7,25	-7,36	-7,42	-7,50	-7,62	-7,77	-7,95	-8,23	-8,54	-8,78	-9,02	-9,12	-9,23	-9,27	-9,32	-9,40	-9,48	-9,58	-9,68	-6,74
17/02/2019 08:30:00	-6,70	-7,13	-7,35	-7,50	-7,54	-7,50	-7,52	-7,62	-7,79	-8,01	-8,27	-8,48	-8,69	-8,79	-8,88	-8,93	-8,98	-9,06	-9,15	-9,25	-9,36	-6,78
17/02/2019 08:35:00	-6,74	-7,10	-7,23	-7,28	-7,34	-7,42	-7,57	-7,79	-8,04	-8,33	-8,65	-8,89	-9,13	-9,22	-9,31	-9,35	-9,38	-9,45	-9,52	-9,61	-9,70	-6,76
17/02/2019 08:40:00	-6,76	-6,99	-7,29	-7,50	-7,61	-7,68	-7,78	-7,88	-8,01	-8,26	-8,54	-8,75	-8,95	-9,03	-9,11	-9,14	-9,17	-9,24	-9,31	-9,40	-9,50	-6,78
17/02/2019 08:45:00	-6,74	-7,25	-7,37	-7,26	-7,06	-6,91	-6,89	-6,97	-7,13	-7,48	-7,91	-8,29	-8,68	-8,91	-9,13	-9,26	-9,38	-9,52	-9,66	-9,79	-9,92	-6,78
17/02/2019 08:50:00	-6,80	-7,16	-6,95	-6,67	-6,52	-6,54	-6,73	-7,03	-7,36	-7,72	-8,10	-8,40	-8,71	-8,84	-8,97	-9,04	-9,10	-9,18	-9,26	-9,35	-9,45	-6,81
17/02/2019 08:55:00	-6,84	-7,09	-6,76	-6,40	-6,23	-6,29	-6,52	-6,92	-7,35	-7,80	-8,27	-8,65	-9,03	-9,22	-9,41	-9,50	-9,59	-9,68	-9,78	-9,88	-9,99	-6,78
17/02/2019 09:00:00	-6,81	-7,17	-7,03	-6,60	-6,21	-6,05	-6,09	-6,37	-6,70	-6,93	-7,23	-7,56	-7,89	-8,11	-8,34	-8,51	-8,68	-8,84	-9,01	-9,16	-9,30	-6,82
17/02/2019 09:05:00	-6,84	-7,21	-7,11	-6,82	-6,61	-6,62	-6,76	-7,02	-7,30	-7,57	-7,87	-8,13	-8,38	-8,50	-8,62	-8,70	-8,77	-8,86	-8,95	-9,05	-9,16	-6,80
17/02/2019 09:10:00	-6,73	-7,13	-7,22	-7,10	-6,93	-6,83	-6,74	-6,83	-7,02	-7,29	-7,63	-7,93	-8,23	-8,41	-8,58	-8,69	-8,79	-8,92	-9,05	-9,18	-9,31	-6,78
17/02/2019 09:15:00	-6,67	-7,15	-7,15	-6,87	-6,59	-6,51	-6,59	-6,77	-6,99	-7,29	-7,65	-7,98	-8,30	-8,49	-8,68	-8,79	-8,90	-9,02	-9,15	-9,26	-9,38	-6,71
17/02/2019 09:20:00	-6,75	-6,98	-7,18	-7,27	-7,23	-7,11	-7,01	-7,06	-7,22	-7,38	-7,60	-7,80	-8,00	-8,11	-8,23	-8,31	-8,39	-8,51	-8,63	-8,76	-8,89	-6,70
17/02/2019 09:25:00	-6,70	-6,99	-7,05	-7,06	-7,07	-7,13	-7,26	-7,40	-7,56	-7,78	-8,01	-8,16	-8,30	-8,33	-8,35	-8,35	-8,35	-8,39	-8,43	-8,51	-8,59	-6,68
17/02/2019 09:30:00	-6,62	-6,97	-7,13	-7,14	-7,07	-6,99	-7,06	-7,18	-7,34	-7,55	-7,80	-8,02	-8,24	-8,35	-8,46	-8,53	-8,59	-8,69	-8,79	-8,91	-9,02	-6,66
17/02/2019 09:35:00	-6,60	-6,91	-7,08	-7,12	-7,15	-7,26	-7,41	-7,52	-7,62	-7,86	-8,10	-8,24	-8,39	-8,40	-8,42	-8,41	-8,40	-8,43	-8,46	-8,54	-8,61	-6,58
17/02/2019 09:40:00	-6,50	-6,88	-6,91	-6,85	-6,81	-6,84	-7,01	-7,24	-7,47	-7,64	-7,84	-7,97	-8,10	-8,12	-8,15	-8,17	-8,19	-8,24	-8,29	-8,38	-8,46	-6,55
17/02/2019 09:45:00	-6,53	-6,79	-7,02	-7,20	-7,32	-7,40	-7,45	-7,55	-7,68	-7,75	-7,84	-7,88	-7,91	-7,87	-7,83	-7,82	-7,80	-7,83	-7,86	-7,95	-8,03	-6,49
17/02/2019 09:50:00	-6,46	-6,79	-6,96	-6,92	-6,88	-6,97	-7,06	-7,20	-7,37	-7,58	-7,82	-8,00	-8,19	-8,25	-8,32	-8,36	-8,39	-8,46	-8,53	-8,63	-8,72	-6,46
17/02/2019 09:55:00	-6,45	-6,70	-6,72	-6,68	-6,72	-6,91	-7,08	-7,33	-7,60	-7,84	-8,08	-8,24	-8,39	-8,41	-8,43	-8,43	-8,44	-8,47	-8,51	-8,59	-8,67	-6,42
17/02/2019 10:00:00	-6,32	-6,63	-6,74	-6,83	-6,88	-6,89	-7,05	-7,22	-7,39	-7,57	-7,77	-7,90	-8,03	-8,05	-8,07	-8,08	-8,09	-8,14	-8,19	-8,28	-8,37	-6,39
17/02/2019 10:05:00	-6,30	-6,58	-6,85	-6,96	-7,02	-7,13	-7,25	-7,33	-7,39	-7,51	-7,63	-7,69	-7,75	-7,72	-7,69	-7,67	-7,65	-7,68	-7,70	-7,78	-7,86	-6,33
17/02/2019 10:10:00	-6,15	-6,40	-6,59	-6,75	-6,83	-6,87	-6,96	-7,07	-7,21	-7,38	-7,56	-7,68	-7,81	-7,83	-7,85	-7,87	-7,88	-7,94	-7,99	-8,09	-8,19	-6,16
17/02/2019 10:15:00	-5,94	-6,32	-6,51	-6,61	-6,64	-6,63	-6,71	-6,88	-7,08	-7,24	-7,43	-7,59	-7,75	-7,81	-7,88	-7,93	-7,98	-8,07	-8,15	-8,26	-8,37	-5,96
17/02/2019 10:20:00	-5,84	-6,18	-6,33	-6,38	-6,35	-6,27	-6,26	-6,33	-6,47	-6,64	-6,85	-7,01	-7,18	-7,25	-7,33	-7,38	-7,43	-7,52	-7,61	-7,73	-7,84	-5,81
17/02/2019 10:25:00	-5,72	-6,01	-6,14	-6,21	-6,28	-6,39	-6,40	-6,57	-6,81	-6,99	-7,19	-7,33	-7,47	-7,51	-7,55	-7,58	-7,61	-7,68	-7,75	-7,85	-7,95	-5,68
17/02/2019 10:30:00	-5,65	-5,82	-6,06	-6,28	-6,42	-6,48	-6,49	-6,45	-6,44	-6,61	-6,79	-6,87	-6,94	-6,92	-6,90	-6,87	-6,84	-6,86	-6,89	-6,98	-7,06	-5,62
17/02/2019 10:35:00	-5,44	-5,80	-5,99	-6,09	-6,14	-6,21	-6,19	-6,25	-6,38	-6,45	-6,52	-6,55	-6,57	-6,53	-6,49	-6,48	-6,47	-6,51	-6,55	-6,64	-6,73	-5,56
17/02/2019 10:40:00	-5,36	-5,58	-5,94	-6,40	-6,75	-6,87	-7,03	-7,09	-7,10	-7,15	-7,19	-7,13	-7,06	-6,92	-6,79	-6,70	-6,62	-6,60	-6,59	-6,65	-6,72	-5,26
17/02/2019 10:45:00	-5,09	-5,33	-5,70	-6,11	-6,43	-6,60	-6,75	-6,85	-6,93	-6,98	-7,01	-6,97	-6,92	-6,80	-6,69	-6,63	-6,56	-6,56	-6,56	-6,63	-6,71	-5,09
17/02/2019 10:50:00	-4,88	-5,34	-5,61	-5,82	-5,94	-5,97	-6,04	-6,12	-6,24	-6,50	-6,79	-6,99	-7,19	-7,26	-7,33	-7,36	-7,39	-7,46	-7,53	-7,64	-7,75	-4,83
17/02/2019 10:55:00	-4,83	-5,15	-5,63	-6,12	-6,42	-6,49	-6,50	-6,52	-6,62	-6,75	-6,91	-7,00	-7,09	-7,11	-7,12	-7,13	-7,14	-7,21	-7,27	-7,38	-7,49	-4,68
17/02/2019 11:00:00	-4,63	-4,99	-5,51	-6,09	-6,53	-6,73	-6,86	-6,93	-7,02	-7,16	-7,31	-7,35	-7,38	-7,32	-7,27	-7,21	-7,16	-7,17	-7,19	-7,27	-7,35	-4,73
17/02/2019 11:05:00	-4,61	-4,89	-5,34	-5,90	-6,42	-6,80	-7,11	-7,31	-7,44	-7,64	-7,82	-7,83	-7,84	-7,73	-7,63	-7,52	-7,42	-7,39	-7,36	-7,41	-7,47	-4,60
17/02/2019 11:10:00	-4,52	-4,89	-5,34	-5,85	-6,29	-6,57	-6,85	-7,03	-7,16	-7,39	-7,61	-7,70	-7,78	-7,74	-7,69	-7,64	-7,58	-7,59	-7,59	-7,67	-7,74	-4,54
17/02/2019 11:15:00	-4,54	-4,79	-5,22	-5,76	-6,33	-6,87	-7,34	-7,70	-7,93	-7,99	-7,99	-7,85	-7,70	-7,48	-7,26	-7,11	-6,97	-6,90	-6,82	-6,85	-6,89	-4,47
17/02/2019 11:20:00	-4,46	-4,79	-5,31	-5,86	-6,36	-6,83	-7,20	-7,45	-7,62	-7,74	-7,83	-7,79	-7,75	-7,60	-7,46	-7,36	-7,25	-7,21	-7,18	-7,23	-7,28	-4,53
17/02/2019 11:25:00	-4,46	-4,83	-5,34	-5,82	-6,23	-6,60	-6,78	-6,94	-7,09	-7,26	-7,43	-7,47	-7,51	-7,45	-7,39	-7,33	-7,28	-7,28	-7,29	-7,36	-7,44	-4,46
17/02/2019 11:30:00	-4,48	-4,87	-5,46	-6,05	-6,46	-6,63	-6,76	-6,78	-6,80	-6,89	-6,99	-6,99	-6,99	-6,91	-6,83	-6,77	-6,71	-6,72	-6,74	-6,82	-6,90	-4,51
17/02/2019 11:35:00	-4,54	-4,91	-5,54	-6,13	-6,51	-6,68	-6,66	-6,57	-6,50	-6,58	-6,67	-6,65	-6,64	-6,55	-6,47	-6,40	-6,34	-6,35	-6,36	-6,45	-6,53	-4,50
17/02/2019 11:40:00	-4,57	-4,94	-5,39	-5,76	-6,00	-6,22	-6,34	-6,47	-6,62	-6,67	-6,73	-6,74	-6,75	-6,69	-6,64	-6,63	-6,61	-6,65	-6,69	-6,78	-6,88	-4,45
17/02/2019 11:45:00	-4,49	-4,81	-5,38	-5,92	-6,31	-6,58	-6,71	-6,71	-6,68	-6,76	-6,82	-6,77	-6,72	-6,60	-6,47	-6,38	-6,29	-6,28	-6,26	-6,33	-6,39	-4,49
17/02/2019 11:50:00	-4,37	-4,75	-5,23	-5,74	-6,11	-6,28	-6,41	-6,42	-6,39	-6,41	-6,42	-6,32	-6,22	-6,07	-5,91	-5,82	-5,72	-5,70	-5,68	-5,74	-5,81	-4,20
17/02/2019 11:55:00	-4,26	-4,56	-5,05	-5,51	-5,85	-6,05	-6,09	-6,02	-5,96	-6,04	-6,11	-6,05	-5,99	-5,87	-5,74	-5,65	-5,56	-5,54	-5,53	-5,60	-5,67	-4,13
17/02/2019 12:00:00	-4,12	-4,53	-5,00	-5,31	-5,36	-5,22	-5,06	-4,95	-4,95	-5,07	-5,26	-5,43	-5,60	-5,72	-5,83	-5,91	-6,00	-6,14	-6,27	-6,42	-6,57	-4,03
17/02/2019 12:05:00	-4,03	-4,50	-4,88	-5,16	-5,25	-5,15	-5,08	-5,05	-5,11	-5,35	-5,65	-5,90	-6,14	-6,28	-6,42	-6,50	-6,58	-6,71	-6,84	-6,98	-7,12	-4,01
17/02/2019 12:10:00	-3,92	-4,37	-4,91	-5,34	-5,40	-4,98	-4,69	-4,37	-4,18	-4,43	-4,79	-5,10	-5,42	-5,64	-5,87	-5,99	-6,11	-6,30	-6,48	-6,66	-6,84	-3,91
17/02/2019 12:15:00	-3,88	-4,45	-4,87	-5,19	-5,28	-5,08	-4,99	-4,87	-4,81	-5,00	-5,26	-5,45	-5,64	-5,74	-5,84	-5,90	-5,95	-6,06	-6,17	-6,30	-6,43	-3,92
17/02/2019 12:20:00	-3,90	-4,40	-4,88	-5,10	-5,08	-5,02	-4,95	-4,90	-4,92	-5,02	-5,18	-5,35	-5,51	-5,62	-5,72	-5,81	-5,90	-6,03	-6,17	-6,31	-6,45	-3,89
17/02/2019 12:25:00	-3,77	-4,34	-4,65	-4,65	-4,50	-4,42	-4,42	-4,53	-4,73	-4,92	-5,18	-5,46	-5,74	-5,93	-6,13	-6,28	-6,43	-6,61	-6,78	-6,94	-7,10	-3,81
17/02/2019 12:30:00	-3,64	-4,21	-4,62	-4,75	-4,58	-4,29	-3,93	-3,67	-3,59	-3,70	-3,90	-4,12	-4,34	-4,52	-4,69	-4,82	-4,96	-5,13	-5,31	-5,48	-5,65	-3,66
17/02/2019 12:35:00	-3,69	-4,04	-4,54	-4,98	-5,21	-5,26	-5,16	-5,09	-5,13	-5,18	-5,26	-5,31	-5,35	-5,35	-5,35	-5,36	-5,38	-5,46	-5,54	-5,66	-5,78	-3,63
17/02/2019 12:40:00	-3,58	-4,13	-4,68	-5,16	-5,42	-5,47	-5,37	-5,25	-5,21	-5,41	-5,64	-5,78	-5,91	-5,96	-6,00	-6,01	-6,01	-6,09	-6,16	-6,27	-6,39	-3,61
17/02/2019 12:45:00	-3,51	-4,07	-4,57	-4,95	-5,07	-4,90	-4,83	-4,76	-4,76	-4,89	-5,09	-5,26	-5,43	-5,53	-5,63	-5,71	-5,78	-5,91	-6,04	-6,18	-6,32	-3,54
17/02/2019 12:50:00	-3,51	-3,93	-4,44	-4,85	-5,06	-5,11	-5,02	-4,94	-4,95	-5,09	-5,28	-5,40	-5,52	-5,56	-5,60	-5,63	-5,65	-5,74	-5,82	-5,95	-6,07	-3,47
17/02/2019 12:55:00	-3,44	-3,94	-4,45	-4,86	-5,06	-5,08	-5,09	-5,06	-5,08	-5,24	-5,43	-5,56	-5,68	-5,73	-5,77	-5,80	-5,83	-5,92	-6,00	-6,12	-6,24	-3,30
17/02/2019 13:00:00	-3,37	-3,89	-4,38	-4,79	-5,02	-5,01	-5,05	-5,08	-5,14	-5,29	-5,48	-5,61	-5,74	-5,79	-5,84	-5,88	-5,92	-6,01	-6,10	-6,22	-6,35	-3,23
17/02/2019 13:05:00	-3,22	-3,68	-4,15	-4,59	-4,91	-5,11	-5,18	-5,25	-5,39	-5,57	-5,77	-5,87	-5,97	-5,97	-5,98	-5,98	-5,97	-6,03	-6,09	-6,19	-6,30	-3,25
17/02/2019 13:10:00	-3,09	-3,73	-4,15	-4,47	-4,68	-4,79	-4,86	-4,98	-5,15	-5,27	-5,41	-5,49	-5,58	-5,59	-5,60	-5,62	-5,64	-5,71	-5,78	-5,89	-6,00	-3,12
17/02/2019 13:15:00	-3,02	-3,48	-4,05	-4,50	-4,71	-4,75	-4,66	-4,58	-4,61	-4,69	-4,82	-4,90	-4,99	-5,02	-5,05	-5,08	-5,12	-5,22	-5,31	-5,44	-5,57	-3,09
17/02/2019 13:20:00	-3,00	-3,52	-4,06	-4,44	-4,56	-4,57	-4,55	-4,52	-4,55	-4,64	-4,79	-4,91	-5,03	-5,09	-5,15	-5,21	-5,27	-5,38	-5,49	-5,63	-5,76	-3,01
17/02/2019 13:25:00	-3,00	-3,39	-3,86	-4,21	-4,38	-4,39	-4,46	-4,49	-4,53	-4,65	-4,80	-4,91	-5,02	-5,07	-5,11	-5,15	-5,20	-5,29	-5,39	-5,52	-5,65	-2,93
17/02/2019 13:30:00	-2,87	-3,33	-3,80	-4,16	-4,28	-4,19	-4,08	-3,97	-3,95	-4,13	-4,36	-4,55	-4,74	-4,85	-4,97	-5,04	-5,11	-5,24	-5,37	-5,52	-5,67	-3,00
17/02/2019 13:35:00	-2,89	-3,34	-3,84	-4,22	-4,37	-4,27	-4,18	-4,12	-4,15	-4,29	-4,50	-4,68	-4,85	-4,96	-5,08	-5,16	-5,25	-5,39	-5,53	-5,68	-5,83	-2,89
17/02/2019 13:40:00	-2,97	-3,26	-3,73	-4,20	-4,49	-4,57	-4,56	-4,49	-4,45	-4,60	-4,77	-4,85	-4,94	-4,94	-4,94	-4,94	-4,93	-5,00	-5,06	-5,17	-5,29	-2,86
17/02/2019 13:45:00	-2,84	-3,22	-3,69	-4,12	-4,38	-4,45	-4,44	-4,38	-4,33	-4,50	-4,69	-4,77	-4,86	-4,87	-4,88	-4,87	-4,87	-4,93	-4,99	-5,11	-5,22	-2,86
17/02/2019 13:50:00	-2,80	-3,26	-3,74	-4,07	-4,16	-4,06	-3,95	-3,86	-3,86	-4,01	-4,21	-4,39	-4,56	-4,67	-4,78	-4,86	-4,94	-5,07	-5,21	-5,36	-5,51	-2,86
17/02/2019 13:55:00	-2,77	-3,22	-3,63	-3,91	-4,00	-3,98	-3,80	-3,67	-3,65	-3,79	-3,98	-4,12	-4,26	-4,32	-4,39	-4,44	-4,49	-4,60	-4,71	-4,85	-4,98	-2,72
17/02/2019 14:00:00	-2,62	-3,06	-3,54	-3,89	-4,02	-4,02	-3,93	-3,79	-3,67	-3,85	-4,06	-4,20	-4,33	-4,39	-4,44	-4,47	-4,50	-4,59	-4,68	-4,80	-4,93	-2,69
17/02/2019 14:05:00	-2,68	-3,01	-3,48	-3,87	-4,02	-3,98	-3,81	-3,62	-3,51	-3,64	-3,81	-3,92	-4,03	-4,08	-4,13	-4,17	-4,20	-4,30	-4,40	-4,54	-4,68	-2,63
17/02/2019 14:10:00	-2,58	-2,84	-3,33	-3,80	-4,09	-4,14	-4,12	-4,04	-3,98	-4,03	-4,10	-4,09	-4,08	-4,03	-3,97	-3,96	-3,94	-3,99	-4,04	-4,16	-4,27	-2,60
17/02/2019 14:15:00	-2,53	-3,01	-3,52	-3,89	-4,02	-3,98	-3,85	-3,70	-3,63	-3,75	-3,93	-4,06	-4,18	-4,24	-4,31	-4,36	-4,41	-4,51	-4,62	-4,76	-4,90	-2,47
17/02/2019 14:20:00	-2,46	-2,77	-3,22	-3,69	-4,00	-4,02	-4,04	-4,02	-4,03	-4,14	-4,27	-4,33	-4,38	-4,37	-4,36	-4,36	-4,36	-4,43	-4,50	-4,62	-4,74	-2,51
17/02/2019 14:25:00	-2,48	-2,72	-3,17	-3,66	-4,01	-4,19	-4,24	-4,27	-4,36	-4,39	-4,43	-4,40	-4,36	-4,29	-4,22	-4,19	-4,17	-4,22	-4,26	-4,37	-4,48	-2,41
17/02/2019 14:30:00	-2,45	-2,71	-3,21	-3,78	-4,16	-4,23	-4,26	-4,21	-4,17	-4,26	-4,36	-4,36	-4,37	-4,32	-4,27	-4,25	-4,22	-4,27	-4,32	-4,43	-4,54	-2,41
17/02/2019 14:35:00	-2,32	-2,60	-3,21	-3,85	-4,19	-4,15	-3,95	-3,73	-3,64	-3,65	-3,70	-3,70	-3,70	-3,68	-3,65	-3,66	-3,67	-3,75	-3,84	-3,98	-4,11	-2,30
17/02/2019 14:40:00	-2,25	-2,49	-2,94	-3,33	-3,58	-3,83	-3,91	-3,92	-3,92	-4,00	-4,08	-4,07	-4,06	-4,00	-3,93	-3,90	-3,87	-3,90	-3,94	-4,04	-4,14	-2,26
17/02/2019 14:45:00	-2,23	-2,49	-2,88	-3,33	-3,70	-3,92	-4,02	-4,13	-4,29	-4,43	-4,56	-4,61	-4,65	-4,62	-4,60	-4,59	-4,58	-4,64	-4,69	-4,80	-4,91	-2,14
17/02/2019 14:50:00	-2,11	-2,38	-2,74	-3,18	-3,58	-3,86	-4,03	-4,18	-4,35	-4,48	-4,59	-4,60	-4,62	-4,55	-4,49	-4,45	-4,42	-4,46	-4,49	-4,59	-4,68	-2,07
17/02/2019 14:55:00	-2,04	-2,39	-2,69	-3,08	-3,50	-3,85	-4,15	-4,40	-4,61	-4,75	-4,84	-4,81	-4,78	-4,66	-4,55	-4,48	-4,41	-4,41	-4,40	-4,48	-4,55	-2,01
17/02/2019 15:00:00	-2,04	-2,47	-2,79	-3,13	-3,39	-3,49	-3,69	-3,88	-4,06	-4,24	-4,43	-4,54	-4,66	-4,68	-4,71	-4,73	-4,76	-4,84	-4,92	-5,04	-5,16	-2,02
17/02/2019 15:05:00	-2,01	-2,34	-2,82	-3,37	-3,80	-3,96	-4,09	-4,17	-4,25	-4,35	-4,44	-4,44	-4,44	-4,39	-4,33	-4,30	-4,28	-4,33	-4,37	-4,48	-4,58	-1,99
17/02/2019 15:10:00	-2,09	-2,43	-2,79	-3,22	-3,57	-3,69	-3,97	-4,19	-4,32	-4,54	-4,76	-4,89	-5,01	-5,03	-5,06	-5,07	-5,09	-5,16	-5,23	-5,34	-5,45	-2,09
17/02/2019 15:15:00	-2,08	-2,47	-2,87	-3,35	-3,76	-3,94	-4,06	-4,17	-4,31	-4,44	-4,56	-4,59	-4,61	-4,56	-4,51	-4,49	-4,46	-4,50	-4,55	-4,65	-4,75	-2,08
17/02/2019 15:20:00	-2,09	-2,44	-2,92	-3,41	-3,78	-4,04	-4,12	-4,16	-4,25	-4,34	-4,42	-4,42	-4,42	-4,35	-4,28	-4,25	-4,22	-4,26	-4,30	-4,40	-4,50	-2,11
17/02/2019 15:25:00	-2,09	-2,55	-2,99	-3,41	-3,76	-4,02	-4,25	-4,35	-4,34	-4,47	-4,59	-4,57	-4,55	-4,44	-4,33	-4,26	-4,18	-4,18	-4,17	-4,25	-4,32	-2,16
17/02/2019 15:30:00	-2,06	-2,47	-2,94	-3,34	-3,61	-3,78	-3,80	-3,80	-3,84	-3,97	-4,11	-4,16	-4,21	-4,19	-4,17	-4,17	-4,16	-4,22	-4,27	-4,38	-4,50	-2,07
17/02/2019 15:35:00	-2,01	-2,26	-2,71	-3,16	-3,51	-3,73	-3,93	-4,11	-4,30	-4,50	-4,72	-4,87	-5,01	-5,05	-5,10	-5,14	-5,17	-5,26	-5,36	-5,48	-5,61	-2,06
17/02/2019 15:40:00	-2,08	-2,30	-2,76	-3,29	-3,73	-4,01	-4,21	-4,33	-4,45	-4,56	-4,66	-4,66	-4,65	-4,58	-4,50	-4,46	-4,42	-4,45	-4,48	-4,57	-4,67	-2,03
17/02/2019 15:45:00	-1,95	-2,24	-2,58	-2,88	-3,07	-3,16	-3,32	-3,44	-3,55	-3,76	-4,01	-4,18	-4,36	-4,43	-4,51	-4,57	-4,62	-4,73	-4,84	-4,97	-5,10	-1,97
17/02/2019 15:50:00	-1,95	-2,37	-2,66	-2,92	-3,17	-3,40	-3,52	-3,67	-3,89	-4,05	-4,21	-4,29	-4,36	-4,36	-4,35	-4,35	-4,36	-4,42	-4,48	-4,59	-4,70	-1,97
17/02/2019 15:55:00	-1,86	-2,17	-2,59	-3,06	-3,43	-3,61	-3,82	-3,99	-4,15	-4,30	-4,46	-4,53	-4,60	-4,59	-4,58	-4,59	-4,60	-4,66	-4,73	-4,85	-4,96	-1,86
17/02/2019 16:00:00	-1,87	-2,02	-2,49	-2,96	-3,30	-3,56	-3,73	-3,82	-3,88	-3,98	-4,07	-4,08	-4,09	-4,04	-3,99	-3,98	-3,96	-4,01	-4,06	-4,17	-4,28	-1,77
17/02/2019 16:05:00	-1,80	-2,09	-2,48	-2,90	-3,28	-3,58	-3,87	-4,06	-4,15	-4,35	-4,53	-4,59	-4,64	-4,59	-4,54	-4,51	-4,47	-4,49	-4,52	-4,61	-4,70	-1,83
17/02/2019 16:10:00	-1,68	-2,03	-2,54	-2,99	-3,26	-3,34	-3,40	-3,45	-3,56	-3,69	-3,85	-3,96	-4,07	-4,12	-4,17	-4,23	-4,28	-4,40	-4,51	-4,65	-4,79	-1,69
17/02/2019 16:15:00	-1,73	-1,93	-2,46	-3,01	-3,37	-3,51	-3,59	-3,65	-3,78	-3,86	-3,97	-4,02	-4,08	-4,10	-4,11	-4,14	-4,18	-4,28	-4,38	-4,52	-4,65	-1,69
17/02/2019 16:20:00	-1,68	-1,88	-2,37	-2,93	-3,33	-3,59	-3,66	-3,69	-3,76	-3,89	-4,02	-4,06	-4,10	-4,07	-4,04	-4,02	-4,01	-4,07	-4,12	-4,24	-4,35	-1,62
17/02/2019 16:25:00	-1,40	-1,75	-2,12	-2,52	-2,85	-3,05	-3,26	-3,45	-3,61	-3,83	-4,06	-4,19	-4,33	-4,36	-4,39	-4,41	-4,44	-4,51	-4,59	-4,71	-4,83	-1,52
17/02/2019 16:30:00	-1,41	-1,64	-2,01	-2,41	-2,76	-3,09	-3,24	-3,37	-3,50	-3,75	-4,01	-4,15	-4,28	-4,30	-4,32	-4,32	-4,33	-4,39	-4,45	-4,56	-4,68	-1,41
17/02/2019 16:35:00	-1,46	-1,54	-2,01	-2,54	-2,92	-3,12	-3,33	-3,45	-3,53	-3,73	-3,95	-4,07	-4,19	-4,23	-4,27	-4,29	-4,31	-4,40	-4,49	-4,62	-4,75	-1,34
17/02/2019 16:40:00	-1,25	-1,39	-1,84	-2,40	-2,84	-3,03	-3,23	-3,42	-3,63	-3,77	-3,92	-4,01	-4,09	-4,11	-4,13	-4,16	-4,19	-4,29	-4,39	-4,52	-4,65	-1,26
17/02/2019 16:45:00	-1,07	-1,38	-1,89	-2,38	-2,74	-2,94	-3,11	-3,20	-3,27	-3,48	-3,71	-3,85	-3,98	-4,02	-4,06	-4,08	-4,11	-4,19	-4,28	-4,41	-4,53	-1,13
17/02/2019 16:50:00	-1,01	-1,24	-1,61	-2,06	-2,51	-2,89	-3,17	-3,42	-3,66	-3,87	-4,07	-4,14	-4,22	-4,19	-4,17	-4,15	-4,14	-4,19	-4,24	-4,34	-4,45	-1,02
17/02/2019 16:55:00	-0,89	-1,08	-1,48	-1,96	-2,44	-2,86	-3,15	-3,40	-3,66	-3,81	-3,93	-3,94	-3,95	-3,88	-3,81	-3,78	-3,75	-3,79	-3,82	-3,92	-4,02	-0,86
17/02/2019 17:00:00	-0,82	-1,20	-1,62	-2,03	-2,34	-2,61	-2,86	-3,06	-3,23	-3,45	-3,68	-3,82	-3,96	-4,00	-4,04	-4,07	-4,10	-4,18	-4,27	-4,39	-4,51	-0,87
17/02/2019 17:05:00	-0,75	-1,04	-1,57	-2,05	-2,39	-2,69	-2,82	-2,90	-2,99	-3,20	-3,44	-3,57	-3,71	-3,75	-3,79	-3,82	-3,84	-3,93	-4,02	-4,15	-4,28	-0,77
17/02/2019 17:10:00	-0,71	-1,03	-1,48	-1,92	-2,25	-2,47	-2,66	-2,81	-2,96	-3,15	-3,35	-3,47	-3,60	-3,64	-3,67	-3,71	-3,75	-3,85	-3,94	-4,07	-4,21	-0,76
17/02/2019 17:15:00	-0,66	-0,96	-1,41	-1,85	-2,18	-2,41	-2,59	-2,74	-2,90	-3,08	-3,27	-3,38	-3,50	-3,53	-3,57	-3,60	-3,64	-3,74	-3,83	-3,97	-4,10	-0,73
17/02/2019 17:20:00	-0,74	-0,96	-1,41	-1,91	-2,28	-2,52	-2,63	-2,76	-2,99	-3,13	-3,27	-3,36	-3,45	-3,47	-3,50	-3,55	-3,59	-3,70	-3,80	-3,94	-4,08	-0,74
17/02/2019 17:25:00	-0,78	-1,00	-1,44	-1,93	-2,29	-2,48	-2,67	-2,83	-2,97	-3,15	-3,35	-3,47	-3,59	-3,63	-3,67	-3,71	-3,75	-3,84	-3,94	-4,08	-4,21	-0,81
17/02/2019 17:30:00	-0,87	-1,01	-1,45	-1,98	-2,39	-2,64	-2,78	-2,93	-3,15	-3,27	-3,39	-3,44	-3,49	-3,49	-3,49	-3,52	-3,55	-3,64	-3,73	-3,86	-4,00	-0,80
17/02/2019 17:35:00	-0,81	-1,10	-1,43	-1,76	-2,05	-2,29	-2,57	-2,80	-3,00	-3,23	-3,48	-3,63	-3,77	-3,82	-3,86	-3,90	-3,93	-4,02	-4,10	-4,22	-4,35	-0,86
17/02/2019 17:40:00	-0,81	-1,03	-1,45	-1,97	-2,38	-2,55	-2,75	-2,91	-3,05	-3,18	-3,32	-3,37	-3,42	-3,41	-3,40	-3,42	-3,43	-3,51	-3,59	-3,71	-3,84	-0,83
17/02/2019 17:45:00	-0,77	-1,09	-1,51	-1,93	-2,26	-2,43	-2,54	-2,64	-2,79	-2,98	-3,18	-3,30	-3,42	-3,45	-3,49	-3,53	-3,56	-3,66	-3,76	-3,89	-4,02	-0,85
17/02/2019 17:50:00	-0,84	-1,06	-1,46	-1,96	-2,38	-2,60	-2,75	-2,88	-3,07	-3,21	-3,35	-3,41	-3,47	-3,46	-3,45	-3,46	-3,47	-3,55	-3,63	-3,75	-3,88	-0,82
17/02/2019 17:55:00	-0,72	-0,95	-1,42	-1,94	-2,34	-2,58	-2,73	-2,82	-2,90	-3,14	-3,40	-3,54	-3,69	-3,73	-3,78	-3,80	-3,82	-3,91	-3,99	-4,12	-4,26	-0,84
17/02/2019 18:00:00	-0,69	-0,96	-1,32	-1,71	-2,08	-2,37	-2,67	-2,89	-3,01	-3,31	-3,62	-3,80	-3,97	-4,01	-4,05	-4,05	-4,06	-4,13	-4,19	-4,31	-4,42	-0,72
17/02/2019 18:05:00	-0,71	-0,79	-1,18	-1,66	-2,10	-2,51	-2,79	-2,99	-3,16	-3,37	-3,57	-3,65	-3,72	-3,70	-3,67	-3,66	-3,65	-3,70	-3,75	-3,86	-3,97	-0,69
17/02/2019 18:10:00	-0,66	-0,86	-1,29	-1,77	-2,11	-2,21	-2,32	-2,38	-2,46	-2,68	-2,94	-3,12	-3,30	-3,38	-3,47	-3,53	-3,59	-3,71	-3,83	-3,98	-4,13	-0,62
17/02/2019 18:15:00	-0,60	-0,89	-1,29	-1,70	-2,00	-2,15	-2,35	-2,52	-2,64	-2,79	-2,96	-3,05	-3,14	-3,16	-3,18	-3,21	-3,24	-3,33	-3,43	-3,56	-3,69	-0,58
17/02/2019 18:20:00	-0,62	-0,81	-1,16	-1,54	-1,85	-2,06	-2,26	-2,42	-2,56	-2,77	-2,98	-3,10	-3,23	-3,26	-3,30	-3,33	-3,36	-3,46	-3,55	-3,68	-3,81	-0,62
17/02/2019 18:25:00	-0,54	-0,87	-1,29	-1,70	-1,99	-2,12	-2,26	-2,41	-2,62	-2,79	-2,98	-3,11	-3,25	-3,32	-3,39	-3,46	-3,53	-3,66	-3,78	-3,93	-4,08	-0,60
17/02/2019 18:30:00	-0,56	-0,87	-1,15	-1,44	-1,69	-1,85	-2,04	-2,25	-2,50	-2,75	-3,01	-3,21	-3,41	-3,50	-3,60	-3,68	-3,75	-3,87	-4,00	-4,14	-4,28	-0,61
17/02/2019 18:35:00	-0,65	-0,70	-1,05	-1,49	-1,89	-2,28	-2,48	-2,64	-2,82	-3,03	-3,24	-3,33	-3,42	-3,42	-3,41	-3,41	-3,41	-3,48	-3,54	-3,66	-3,78	-0,61
17/02/2019 18:40:00	-0,62	-0,76	-1,15	-1,62	-1,99	-2,20	-2,40	-2,57	-2,76	-2,96	-3,17	-3,30	-3,44	-3,49	-3,54	-3,58	-3,63	-3,74	-3,84	-3,98	-4,12	-0,64
17/02/2019 18:45:00	-0,73	-0,78	-1,16	-1,67	-2,08	-2,22	-2,38	-2,52	-2,67	-2,86	-3,08	-3,21	-3,34	-3,39	-3,44	-3,49	-3,53	-3,64	-3,75	-3,90	-4,04	-0,64
17/02/2019 18:50:00	-0,75	-0,72	-1,14	-1,68	-2,10	-2,36	-2,53	-2,60	-2,62	-2,87	-3,14	-3,29	-3,43	-3,46	-3,50	-3,51	-3,52	-3,60	-3,68	-3,81	-3,94	-0,65
17/02/2019 18:55:00	-0,65	-0,82	-1,15	-1,50	-1,78	-2,02	-2,21	-2,41	-2,68	-2,92	-3,18	-3,37	-3,56	-3,66	-3,76	-3,84	-3,92	-4,05	-4,18	-4,33	-4,48	-0,68
17/02/2019 19:00:00	-0,68	-0,74	-1,06	-1,44	-1,79	-2,15	-2,45	-2,71	-2,96	-3,14	-3,31	-3,40	-3,48	-3,48	-3,48	-3,50	-3,52	-3,59	-3,67	-3,79	-3,91	-0,74
17/02/2019 19:05:00	-0,74	-0,84	-1,13	-1,49	-1,80	-2,02	-2,18	-2,35	-2,58	-2,83	-3,09	-3,27	-3,45	-3,53	-3,61	-3,67	-3,73	-3,85	-3,96	-4,11	-4,25	-0,79
17/02/2019 19:10:00	-0,79	-0,84	-1,13	-1,51	-1,87	-2,12	-2,29	-2,47	-2,70	-2,91	-3,11	-3,23	-3,35	-3,38	-3,41	-3,45	-3,48	-3,58	-3,67	-3,81	-3,94	-0,77
17/02/2019 19:15:00	-0,74	-1,00	-1,30	-1,67	-1,97	-2,10	-2,23	-2,36	-2,52	-2,74	-2,98	-3,13	-3,28	-3,34	-3,40	-3,45	-3,50	-3,60	-3,71	-3,84	-3,98	-0,77
17/02/2019 19:20:00	-0,84	-0,90	-1,21	-1,58	-1,91	-2,13	-2,32	-2,49	-2,68	-2,88	-3,08	-3,19	-3,31	-3,34	-3,38	-3,41	-3,45	-3,54	-3,63	-3,77	-3,90	-0,86
17/02/2019 19:25:00	-0,86	-0,86	-1,15	-1,52	-1,84	-2,12	-2,31	-2,47	-2,64	-2,88	-3,14	-3,29	-3,45	-3,50	-3,55	-3,59	-3,63	-3,72	-3,81	-3,95	-4,08	-0,87
17/02/2019 19:30:00	-0,82	-1,04	-1,32	-1,60	-1,84	-2,07	-2,20	-2,37	-2,62	-2,86	-3,11	-3,28	-3,46	-3,54	-3,61	-3,68	-3,74	-3,86	-3,97	-4,11	-4,26	-0,96
17/02/2019 19:35:00	-0,86	-0,98	-1,20	-1,46	-1,76	-2,09	-2,43	-2,74	-3,01	-3,22	-3,42	-3,52	-3,62	-3,62	-3,62	-3,64	-3,66	-3,72	-3,79	-3,91	-4,02	-1,03
17/02/2019 19:40:00	-0,86	-0,99	-1,24	-1,54	-1,81	-1,94	-2,17	-2,40	-2,62	-2,88	-3,16	-3,36	-3,57	-3,67	-3,77	-3,84	-3,91	-4,04	-4,16	-4,31	-4,45	-0,84
17/02/2019 19:45:00	-0,88	-1,04	-1,19	-1,42	-1,69	-1,87	-2,14	-2,40	-2,63	-2,90	-3,16	-3,32	-3,48	-3,54	-3,59	-3,63	-3,68	-3,77	-3,86	-3,99	-4,12	-0,93
17/02/2019 19:50:00	-0,95	-1,00	-1,17	-1,37	-1,57	-1,78	-2,06	-2,37	-2,71	-2,96	-3,22	-3,43	-3,64	-3,75	-3,86	-3,95	-4,04	-4,18	-4,31	-4,46	-4,61	-0,93
17/02/2019 19:55:00	-0,97	-1,05	-1,21	-1,44	-1,67	-1,84	-2,02	-2,24	-2,51	-2,80	-3,10	-3,33	-3,55	-3,67	-3,78	-3,87	-3,95	-4,08	-4,21	-4,36	-4,50	-1,01
17/02/2019 20:00:00	-1,13	-1,02	-1,13	-1,34	-1,56	-1,76	-2,03	-2,34	-2,67	-2,98	-3,30	-3,56	-3,81	-3,95	-4,10	-4,20	-4,31	-4,45	-4,60	-4,75	-4,91	-1,06
17/02/2019 20:05:00	-1,06	-1,10	-1,28	-1,55	-1,86	-2,13	-2,44	-2,74	-3,00	-3,26	-3,50	-3,65	-3,79	-3,83	-3,87	-3,91	-3,94	-4,02	-4,11	-4,23	-4,36	-1,07
17/02/2019 20:10:00	-0,99	-1,17	-1,38	-1,58	-1,78	-2,02	-2,27	-2,51	-2,72	-3,00	-3,30	-3,51	-3,71	-3,79	-3,88	-3,93	-3,99	-4,09	-4,19	-4,32	-4,45	-1,07
17/02/2019 20:15:00	-0,95	-1,22	-1,38	-1,47	-1,58	-1,75	-1,99	-2,25	-2,50	-2,82	-3,16	-3,43	-3,69	-3,83	-3,97	-4,07	-4,16	-4,29	-4,42	-4,56	-4,70	-1,05
17/02/2019 20:20:00	-1,08	-1,15	-1,32	-1,53	-1,70	-1,80	-1,92	-2,10	-2,36	-2,68	-3,04	-3,33	-3,63	-3,81	-3,99	-4,11	-4,24	-4,40	-4,57	-4,74	-4,90	-1,11
17/02/2019 20:25:00	-1,12	-1,27	-1,43	-1,55	-1,68	-1,90	-2,14	-2,41	-2,69	-2,95	-3,22	-3,42	-3,61	-3,71	-3,80	-3,87	-3,95	-4,06	-4,18	-4,32	-4,46	-1,01
17/02/2019 20:30:00	-1,16	-1,29	-1,38	-1,47	-1,62	-1,85	-2,10	-2,38	-2,66	-2,96	-3,27	-3,49	-3,71	-3,81	-3,91	-3,97	-4,04	-4,15	-4,25	-4,39	-4,52	-1,15
17/02/2019 20:35:00	-1,22	-1,22	-1,39	-1,58	-1,77	-1,95	-2,14	-2,36	-2,60	-2,88	-3,18	-3,39	-3,61	-3,73	-3,84	-3,92	-4,00	-4,13	-4,25	-4,40	-4,55	-1,20
17/02/2019 20:40:00	-1,29	-1,42	-1,53	-1,60	-1,68	-1,84	-2,05	-2,26	-2,44	-2,73	-3,03	-3,25	-3,47	-3,58	-3,68	-3,76	-3,83	-3,94	-4,06	-4,19	-4,33	-1,24
17/02/2019 20:45:00	-1,32	-1,46	-1,60	-1,70	-1,78	-1,93	-2,08	-2,29	-2,55	-2,78	-3,03	-3,23	-3,44	-3,55	-3,66	-3,75	-3,85	-3,98	-4,12	-4,26	-4,41	-1,17
17/02/2019 20:50:00	-1,34	-1,38	-1,63	-1,88	-2,04	-2,09	-2,13	-2,24	-2,47	-2,65	-2,85	-3,03	-3,21	-3,33	-3,45	-3,56	-3,67	-3,83	-3,99	-4,15	-4,32	-1,23
17/02/2019 20:55:00	-1,30	-1,37	-1,60	-1,85	-2,02	-2,18	-2,33	-2,47	-2,60	-2,81	-3,03	-3,18	-3,32	-3,39	-3,45	-3,50	-3,56	-3,67	-3,77	-3,91	-4,05	-1,26
17/02/2019 21:00:00	-1,18	-1,47	-1,77	-2,08	-2,29	-2,34	-2,38	-2,44	-2,56	-2,77	-3,01	-3,18	-3,35	-3,43	-3,51	-3,58	-3,64	-3,76	-3,88	-4,02	-4,17	-1,27
17/02/2019 21:05:00	-1,20	-1,44	-1,70	-1,89	-2,00	-2,02	-2,10	-2,22	-2,40	-2,63	-2,90	-3,12	-3,35	-3,49	-3,63	-3,74	-3,85	-4,00	-4,16	-4,32	-4,48	-1,33
17/02/2019 21:10:00	-1,33	-1,46	-1,61	-1,79	-1,95	-2,02	-2,16	-2,33	-2,53	-2,80	-3,09	-3,31	-3,54	-3,65	-3,77	-3,86	-3,94	-4,07	-4,20	-4,35	-4,50	-1,21
17/02/2019 21:15:00	-1,34	-1,36	-1,66	-1,99	-2,27	-2,53	-2,77	-2,96	-3,12	-3,32	-3,53	-3,65	-3,76	-3,79	-3,82	-3,85	-3,87	-3,96	-4,04	-4,17	-4,29	-1,28
17/02/2019 21:20:00	-1,38	-1,54	-1,82	-2,08	-2,26	-2,41	-2,51	-2,63	-2,83	-3,00	-3,20	-3,34	-3,48	-3,55	-3,62	-3,68	-3,75	-3,87	-3,98	-4,13	-4,27	-1,32
17/02/2019 21:25:00	-1,51	-1,49	-1,71	-1,98	-2,18	-2,34	-2,53	-2,70	-2,86	-3,10	-3,37	-3,56	-3,76	-3,86	-3,95	-4,02	-4,10	-4,22	-4,34	-4,48	-4,63	-1,29
17/02/2019 21:30:00	-1,46	-1,60	-1,79	-1,98	-2,16	-2,35	-2,52	-2,73	-2,96	-3,16	-3,35	-3,49	-3,62	-3,67	-3,72	-3,77	-3,83	-3,93	-4,03	-4,16	-4,29	-1,52
17/02/2019 21:35:00	-1,52	-1,59	-1,81	-2,02	-2,18	-2,30	-2,40	-2,53	-2,70	-2,92	-3,17	-3,34	-3,51	-3,60	-3,69	-3,76	-3,83	-3,95	-4,07	-4,22	-4,36	-1,41
17/02/2019 21:40:00	-1,55	-1,59	-1,77	-1,96	-2,10	-2,24	-2,36	-2,58	-2,92	-3,13	-3,36	-3,56	-3,77	-3,90	-4,02	-4,14	-4,25	-4,41	-4,56	-4,72	-4,88	-1,59
17/02/2019 21:45:00	-1,60	-1,70	-1,92	-2,07	-2,14	-2,24	-2,20	-2,24	-2,41	-2,62	-2,87	-3,08	-3,29	-3,41	-3,54	-3,64	-3,74	-3,89	-4,04	-4,20	-4,36	-1,65
17/02/2019 21:50:00	-1,61	-1,73	-1,95	-2,13	-2,20	-2,16	-2,27	-2,39	-2,53	-2,76	-3,03	-3,26	-3,49	-3,64	-3,79	-3,90	-4,02	-4,17	-4,33	-4,50	-4,66	-1,62
17/02/2019 21:55:00	-1,58	-1,72	-2,02	-2,31	-2,49	-2,56	-2,58	-2,59	-2,65	-2,89	-3,17	-3,37	-3,57	-3,67	-3,77	-3,83	-3,89	-4,01	-4,13	-4,27	-4,42	-1,52
17/02/2019 22:00:00	-1,63	-1,82	-2,01	-2,12	-2,22	-2,41	-2,50	-2,63	-2,83	-3,02	-3,23	-3,37	-3,51	-3,57	-3,62	-3,68	-3,73	-3,83	-3,93	-4,07	-4,20	-1,56
17/02/2019 22:05:00	-1,59	-1,80	-2,03	-2,16	-2,22	-2,28	-2,42	-2,55	-2,66	-2,91	-3,19	-3,41	-3,63	-3,75	-3,87	-3,96	-4,05	-4,18	-4,31	-4,46	-4,61	-1,57
17/02/2019 22:10:00	-1,78	-1,89	-2,08	-2,24	-2,29	-2,24	-2,25	-2,32	-2,47	-2,70	-2,97	-3,22	-3,46	-3,62	-3,78	-3,90	-4,03	-4,19	-4,36	-4,53	-4,70	-1,68
17/02/2019 22:15:00	-1,73	-1,77	-1,97	-2,19	-2,34	-2,40	-2,49	-2,59	-2,72	-2,92	-3,13	-3,28	-3,43	-3,51	-3,58	-3,65	-3,71	-3,83	-3,94	-4,09	-4,23	-1,74
17/02/2019 22:20:00	-1,80	-1,84	-2,07	-2,27	-2,38	-2,49	-2,61	-2,72	-2,86	-3,11	-3,39	-3,60	-3,82	-3,94	-4,06	-4,15	-4,24	-4,37	-4,50	-4,65	-4,80	-1,77
17/02/2019 22:25:00	-1,79	-1,90	-2,15	-2,33	-2,38	-2,45	-2,50	-2,60	-2,75	-2,97	-3,24	-3,47	-3,71	-3,85	-4,00	-4,11	-4,23	-4,38	-4,54	-4,70	-4,86	-1,82
17/02/2019 22:30:00	-1,90	-2,04	-2,19	-2,30	-2,35	-2,38	-2,53	-2,70	-2,88	-3,09	-3,34	-3,54	-3,74	-3,86	-3,98	-4,08	-4,18	-4,31	-4,45	-4,60	-4,75	-2,02
17/02/2019 22:35:00	-1,92	-2,02	-2,07	-2,14	-2,25	-2,45	-2,60	-2,84	-3,15	-3,35	-3,54	-3,67	-3,81	-3,86	-3,90	-3,96	-4,02	-4,12	-4,21	-4,34	-4,47	-1,96
17/02/2019 22:40:00	-1,99	-1,97	-2,06	-2,13	-2,17	-2,15	-2,29	-2,44	-2,60	-2,90	-3,25	-3,53	-3,82	-3,99	-4,17	-4,28	-4,40	-4,56	-4,72	-4,88	-5,04	-1,84
17/02/2019 22:45:00	-1,97	-1,93	-2,05	-2,27	-2,47	-2,57	-2,65	-2,75	-2,90	-3,11	-3,33	-3,47	-3,60	-3,65	-3,70	-3,74	-3,78	-3,88	-3,98	-4,11	-4,25	-1,98
17/02/2019 22:50:00	-1,92	-2,01	-2,14	-2,28	-2,39	-2,44	-2,50	-2,65	-2,92	-3,12	-3,36	-3,55	-3,75	-3,87	-3,99	-4,10	-4,20	-4,35	-4,49	-4,65	-4,80	-1,98
17/02/2019 22:55:00	-1,99	-2,08	-2,11	-2,14	-2,17	-2,20	-2,31	-2,49	-2,69	-2,94	-3,22	-3,44	-3,66	-3,78	-3,90	-4,00	-4,09	-4,23	-4,36	-4,51	-4,65	-1,96
17/02/2019 23:00:00	-1,94	-2,02	-2,15	-2,22	-2,25	-2,36	-2,43	-2,53	-2,66	-2,90	-3,16	-3,36	-3,55	-3,65	-3,75	-3,82	-3,90	-4,01	-4,13	-4,27	-4,41	-2,05
17/02/2019 23:05:00	-2,08	-2,15	-2,20	-2,32	-2,44	-2,45	-2,54	-2,69	-2,87	-3,10	-3,36	-3,54	-3,72	-3,81	-3,89	-3,96	-4,03	-4,14	-4,26	-4,40	-4,54	-2,12
17/02/2019 23:10:00	-2,07	-2,16	-2,16	-2,09	-2,08	-2,20	-2,38	-2,61	-2,86	-3,12	-3,40	-3,61	-3,83	-3,94	-4,05	-4,13	-4,22	-4,33	-4,45	-4,59	-4,73	-2,02
17/02/2019 23:15:00	-2,11	-2,10	-2,16	-2,26	-2,36	-2,43	-2,61	-2,79	-2,94	-3,20	-3,48	-3,69	-3,89	-3,98	-4,08	-4,14	-4,21	-4,32	-4,43	-4,57	-4,70	-2,08
17/02/2019 23:20:00	-2,11	-2,10	-2,18	-2,33	-2,46	-2,50	-2,65	-2,82	-3,00	-3,18	-3,36	-3,49	-3,62	-3,68	-3,73	-3,79	-3,85	-3,96	-4,06	-4,20	-4,34	-2,15
17/02/2019 23:25:00	-2,03	-2,22	-2,19	-2,12	-2,09	-2,06	-2,21	-2,43	-2,68	-2,91	-3,16	-3,37	-3,58	-3,69	-3,81	-3,91	-4,01	-4,14	-4,27	-4,42	-4,56	-2,06
17/02/2019 23:30:00	-2,04	-2,18	-2,20	-2,15	-2,14	-2,25	-2,40	-2,58	-2,78	-3,01	-3,25	-3,43	-3,60	-3,68	-3,76	-3,83	-3,89	-4,00	-4,10	-4,23	-4,36	-2,01
17/02/2019 23:35:00	-2,04	-2,04	-2,03	-2,12	-2,29	-2,44	-2,63	-2,83	-3,01	-3,24	-3,46	-3,56	-3,67	-3,68	-3,69	-3,70	-3,71	-3,77	-3,83	-3,95	-4,06	-2,10
17/02/2019 23:40:00	-2,03	-2,09	-2,09	-2,13	-2,22	-2,29	-2,45	-2,64	-2,84	-3,07	-3,30	-3,45	-3,61	-3,66	-3,72	-3,77	-3,82	-3,91	-4,01	-4,14	-4,26	-2,07
17/02/2019 23:45:00	-2,06	-2,05	-2,06	-2,05	-2,05	-2,09	-2,20	-2,40	-2,66	-2,93	-3,24	-3,50	-3,76	-3,93	-4,09	-4,21	-4,34	-4,49	-4,65	-4,81	-4,97	-1,92
17/02/2019 23:50:00	-2,05	-2,01	-2,06	-2,16	-2,27	-2,38	-2,56	-2,74	-2,91	-3,11	-3,32	-3,45	-3,58	-3,63	-3,68	-3,72	-3,77	-3,87	-3,96	-4,09	-4,22	-1,94
17/02/2019 23:55:00	-1,99	-2,12	-2,16	-2,16	-2,13	-2,08	-2,13	-2,27	-2,48	-2,72	-3,00	-3,25	-3,50	-3,66	-3,82	-3,95	-4,07	-4,24	-4,40	-4,56	-4,73	-1,97
