FileFormat:0002.2 file with temperature of atmosphere
SN105HE102 RTK
local	GMT or Local
0	GMT-Local=[hours]
20	Height[m]
0	0	0	Longitude                [grd]               [min]               [sec]
0	0	0	Latitude                [grd]               [min]               [sec]
N	NS
56,45	Freq[GHz]
0,00	dTemostat[K]
0,150	MessErr[K]
0,248	//[grad/step]
version 14.4.20120406
MTP5HE102F5645K-38.60I70D222917+A1.1
Commentary:
SN105HE102
парабола ДНА = 2,5 град
НЕ102 - ПУ - ХВБ с ЦСД " S "
АЦП - 202 - 09 с контр.U пит.и М
оптопара серии - 2
Т out № 178 пл
БП LPS - 112
End Of Commentary

SYSTEM\alaska.dat
data time	0	50	100	150	200	250	300	350	400	450	500	550	600	650	700	750	800	850	900	950	1000	OutsideTemperature
10/04/2022 00:00:00	-1,42	-1,92	-2,44	-2,98	-3,47	-3,87	-4,34	-4,75	-5,06	-5,42	-5,78	-6,02	-6,26	-6,35	-6,43	-6,46	-6,49	-6,56	-6,64	-6,75	-6,86	-1,40
10/04/2022 00:05:00	-1,51	-1,83	-2,37	-2,97	-3,51	-3,98	-4,41	-4,83	-5,25	-5,54	-5,83	-6,02	-6,21	-6,28	-6,34	-6,38	-6,42	-6,50	-6,59	-6,71	-6,83	-1,41
10/04/2022 00:10:00	-1,49	-1,89	-2,36	-2,83	-3,35	-3,98	-4,51	-5,00	-5,42	-5,82	-6,20	-6,43	-6,67	-6,72	-6,78	-6,79	-6,80	-6,85	-6,90	-7,00	-7,10	-1,46
10/04/2022 00:15:00	-1,40	-1,93	-2,40	-2,85	-3,30	-3,70	-4,29	-4,84	-5,27	-5,64	-6,02	-6,29	-6,57	-6,68	-6,79	-6,85	-6,90	-7,00	-7,09	-7,21	-7,32	-1,47
10/04/2022 00:20:00	-1,50	-1,80	-2,35	-3,00	-3,62	-4,15	-4,49	-4,82	-5,22	-5,59	-5,95	-6,18	-6,41	-6,49	-6,57	-6,59	-6,61	-6,70	-6,78	-6,90	-7,01	-1,47
10/04/2022 00:25:00	-1,43	-1,78	-2,26	-2,87	-3,50	-3,95	-4,59	-5,15	-5,57	-5,91	-6,22	-6,40	-6,58	-6,61	-6,65	-6,65	-6,66	-6,71	-6,77	-6,87	-6,97	-1,42
10/04/2022 00:30:00	-1,42	-1,83	-2,34	-2,92	-3,48	-4,06	-4,53	-5,02	-5,50	-5,81	-6,09	-6,27	-6,44	-6,48	-6,52	-6,54	-6,56	-6,63	-6,70	-6,80	-6,91	-1,46
10/04/2022 00:35:00	-1,41	-1,84	-2,33	-2,89	-3,48	-4,04	-4,66	-5,19	-5,58	-5,96	-6,31	-6,50	-6,70	-6,72	-6,75	-6,74	-6,72	-6,76	-6,80	-6,89	-6,98	-1,48
10/04/2022 00:40:00	-1,45	-1,92	-2,50	-3,02	-3,43	-3,79	-4,24	-4,70	-5,15	-5,50	-5,87	-6,20	-6,52	-6,70	-6,88	-7,00	-7,11	-7,27	-7,42	-7,56	-7,71	-1,46
10/04/2022 00:45:00	-1,42	-1,96	-2,44	-2,95	-3,49	-3,98	-4,55	-5,07	-5,48	-5,90	-6,31	-6,58	-6,86	-6,95	-7,04	-7,06	-7,09	-7,16	-7,23	-7,33	-7,44	-1,52
10/04/2022 00:50:00	-1,60	-1,85	-2,54	-3,24	-3,85	-4,38	-4,84	-5,21	-5,52	-5,86	-6,21	-6,44	-6,67	-6,74	-6,82	-6,85	-6,87	-6,95	-7,04	-7,15	-7,27	-1,49
10/04/2022 00:55:00	-1,59	-1,98	-2,45	-2,95	-3,49	-4,12	-4,66	-5,23	-5,79	-6,13	-6,43	-6,63	-6,83	-6,89	-6,94	-6,97	-7,00	-7,07	-7,14	-7,25	-7,35	-1,55
10/04/2022 01:00:00	-1,39	-1,91	-2,53	-3,13	-3,67	-4,21	-4,71	-5,18	-5,63	-5,94	-6,24	-6,44	-6,64	-6,70	-6,77	-6,80	-6,84	-6,92	-7,00	-7,11	-7,22	-1,49
10/04/2022 01:05:00	-1,53	-1,89	-2,40	-2,97	-3,56	-4,13	-4,72	-5,25	-5,68	-6,09	-6,49	-6,74	-6,99	-7,07	-7,14	-7,16	-7,18	-7,25	-7,31	-7,42	-7,52	-1,58
10/04/2022 01:10:00	-1,53	-2,00	-2,53	-3,06	-3,59	-4,11	-4,67	-5,23	-5,76	-6,09	-6,42	-6,64	-6,87	-6,96	-7,04	-7,09	-7,14	-7,23	-7,32	-7,44	-7,55	-1,52
10/04/2022 01:15:00	-1,57	-2,01	-2,49	-3,00	-3,53	-4,11	-4,68	-5,26	-5,79	-6,13	-6,45	-6,67	-6,88	-6,94	-7,00	-7,03	-7,06	-7,14	-7,21	-7,31	-7,42	-1,58
10/04/2022 01:20:00	-1,51	-2,04	-2,53	-3,08	-3,67	-4,17	-4,75	-5,28	-5,70	-6,11	-6,51	-6,76	-7,01	-7,07	-7,14	-7,15	-7,16	-7,22	-7,27	-7,37	-7,47	-1,53
10/04/2022 01:25:00	-1,60	-1,92	-2,36	-2,87	-3,47	-4,16	-4,87	-5,53	-6,06	-6,46	-6,82	-7,04	-7,26	-7,30	-7,34	-7,34	-7,35	-7,39	-7,44	-7,53	-7,61	-1,61
10/04/2022 01:30:00	-1,59	-1,99	-2,44	-3,00	-3,60	-4,14	-4,70	-5,24	-5,73	-6,14	-6,52	-6,77	-7,01	-7,08	-7,15	-7,17	-7,19	-7,26	-7,33	-7,43	-7,53	-1,54
10/04/2022 01:35:00	-1,63	-1,98	-2,48	-2,99	-3,50	-4,12	-4,72	-5,28	-5,74	-6,13	-6,51	-6,77	-7,03	-7,12	-7,20	-7,23	-7,27	-7,34	-7,41	-7,52	-7,62	-1,57
10/04/2022 01:40:00	-1,58	-2,05	-2,52	-3,07	-3,65	-4,17	-4,73	-5,28	-5,78	-6,11	-6,41	-6,60	-6,79	-6,83	-6,87	-6,88	-6,90	-6,96	-7,03	-7,13	-7,23	-1,51
10/04/2022 01:45:00	-1,54	-1,84	-2,39	-3,03	-3,64	-4,20	-4,73	-5,16	-5,50	-5,92	-6,34	-6,59	-6,85	-6,93	-7,01	-7,02	-7,03	-7,09	-7,15	-7,26	-7,36	-1,54
10/04/2022 01:50:00	-1,60	-1,97	-2,46	-3,05	-3,63	-4,08	-4,68	-5,22	-5,64	-6,02	-6,40	-6,65	-6,91	-6,99	-7,08	-7,12	-7,15	-7,23	-7,31	-7,42	-7,53	-1,56
10/04/2022 01:55:00	-1,62	-2,03	-2,52	-3,07	-3,66	-4,22	-4,80	-5,35	-5,83	-6,23	-6,63	-6,88	-7,13	-7,20	-7,28	-7,30	-7,32	-7,39	-7,45	-7,55	-7,65	-1,57
10/04/2022 02:00:00	-1,71	-1,95	-2,44	-3,05	-3,71	-4,41	-5,11	-5,67	-6,03	-6,38	-6,68	-6,81	-6,94	-6,90	-6,86	-6,81	-6,75	-6,76	-6,76	-6,83	-6,90	-1,49
10/04/2022 02:05:00	-1,67	-2,00	-2,59	-3,31	-3,98	-4,46	-4,96	-5,35	-5,63	-6,00	-6,36	-6,57	-6,78	-6,82	-6,86	-6,86	-6,85	-6,90	-6,95	-7,05	-7,15	-1,60
10/04/2022 02:10:00	-1,76	-2,23	-2,69	-3,19	-3,67	-4,11	-4,58	-5,09	-5,60	-6,00	-6,41	-6,72	-7,02	-7,17	-7,31	-7,39	-7,47	-7,58	-7,70	-7,82	-7,95	-1,69
10/04/2022 02:15:00	-1,75	-2,03	-2,60	-3,28	-3,97	-4,58	-5,27	-5,83	-6,23	-6,56	-6,86	-7,01	-7,16	-7,15	-7,14	-7,12	-7,09	-7,12	-7,15	-7,23	-7,31	-1,77
10/04/2022 02:20:00	-1,83	-2,28	-2,75	-3,29	-3,85	-4,31	-4,93	-5,50	-5,95	-6,36	-6,76	-7,04	-7,31	-7,41	-7,51	-7,55	-7,58	-7,66	-7,74	-7,85	-7,95	-1,81
10/04/2022 02:25:00	-1,79	-2,19	-2,76	-3,42	-4,06	-4,60	-5,06	-5,49	-5,89	-6,30	-6,72	-6,99	-7,26	-7,34	-7,43	-7,45	-7,47	-7,54	-7,61	-7,72	-7,83	-1,81
10/04/2022 02:30:00	-1,94	-2,39	-2,86	-3,37	-3,91	-4,46	-4,98	-5,49	-5,96	-6,38	-6,79	-7,06	-7,33	-7,43	-7,53	-7,56	-7,59	-7,66	-7,74	-7,84	-7,95	-1,96
10/04/2022 02:35:00	-1,98	-2,41	-3,04	-3,66	-4,20	-4,75	-5,24	-5,65	-5,98	-6,32	-6,66	-6,87	-7,07	-7,13	-7,18	-7,19	-7,19	-7,25	-7,31	-7,41	-7,51	-1,96
10/04/2022 02:40:00	-2,02	-2,50	-3,03	-3,64	-4,27	-4,88	-5,49	-6,03	-6,48	-6,75	-6,98	-7,07	-7,16	-7,12	-7,07	-7,03	-6,99	-7,00	-7,01	-7,08	-7,15	-2,00
10/04/2022 02:45:00	-2,04	-2,42	-2,97	-3,56	-4,14	-4,66	-5,18	-5,67	-6,11	-6,44	-6,75	-6,95	-7,15	-7,20	-7,24	-7,26	-7,27	-7,34	-7,40	-7,51	-7,61	-2,09
10/04/2022 02:50:00	-2,17	-2,49	-3,11	-3,71	-4,26	-4,91	-5,40	-5,86	-6,29	-6,60	-6,91	-7,11	-7,30	-7,35	-7,40	-7,41	-7,43	-7,50	-7,56	-7,66	-7,76	-2,12
10/04/2022 02:55:00	-2,24	-2,71	-3,21	-3,78	-4,35	-4,84	-5,41	-5,87	-6,17	-6,55	-6,92	-7,12	-7,33	-7,35	-7,38	-7,36	-7,34	-7,36	-7,39	-7,48	-7,56	-2,22
10/04/2022 03:00:00	-2,25	-2,60	-3,16	-3,81	-4,44	-5,02	-5,59	-6,03	-6,33	-6,64	-6,93	-7,06	-7,18	-7,15	-7,12	-7,08	-7,03	-7,04	-7,05	-7,12	-7,20	-2,26
10/04/2022 03:05:00	-2,29	-2,87	-3,33	-3,77	-4,23	-4,69	-5,14	-5,64	-6,17	-6,49	-6,81	-7,04	-7,27	-7,36	-7,44	-7,49	-7,54	-7,62	-7,71	-7,82	-7,93	-2,35
10/04/2022 03:10:00	-2,30	-2,86	-3,39	-3,95	-4,51	-5,06	-5,51	-5,92	-6,28	-6,65	-7,01	-7,22	-7,42	-7,45	-7,48	-7,46	-7,44	-7,47	-7,50	-7,59	-7,68	-2,34
10/04/2022 03:15:00	-2,37	-2,74	-3,19	-3,74	-4,35	-5,02	-5,55	-6,07	-6,55	-6,85	-7,11	-7,23	-7,35	-7,32	-7,29	-7,25	-7,22	-7,23	-7,25	-7,32	-7,40	-2,34
10/04/2022 03:20:00	-2,41	-2,86	-3,43	-4,06	-4,63	-5,16	-5,58	-5,93	-6,22	-6,60	-6,96	-7,18	-7,39	-7,43	-7,47	-7,45	-7,44	-7,48	-7,52	-7,61	-7,70	-2,41
10/04/2022 03:25:00	-2,64	-3,00	-3,54	-4,21	-4,90	-5,49	-6,01	-6,41	-6,71	-6,97	-7,19	-7,23	-7,28	-7,18	-7,08	-6,99	-6,90	-6,87	-6,85	-6,91	-6,97	-2,54
10/04/2022 03:30:00	-2,70	-3,01	-3,63	-4,35	-5,01	-5,59	-6,08	-6,46	-6,75	-6,95	-7,13	-7,17	-7,20	-7,12	-7,04	-6,97	-6,90	-6,90	-6,90	-6,97	-7,04	-2,66
10/04/2022 03:35:00	-2,80	-3,15	-3,66	-4,22	-4,82	-5,44	-5,83	-6,17	-6,47	-6,84	-7,19	-7,35	-7,52	-7,51	-7,50	-7,45	-7,39	-7,40	-7,41	-7,48	-7,56	-2,77
10/04/2022 03:40:00	-2,88	-3,33	-3,76	-4,23	-4,72	-5,20	-5,63	-6,09	-6,56	-6,83	-7,08	-7,23	-7,38	-7,39	-7,41	-7,41	-7,42	-7,47	-7,52	-7,61	-7,70	-2,93
10/04/2022 03:45:00	-2,94	-3,29	-3,75	-4,25	-4,73	-5,21	-5,66	-6,10	-6,52	-6,77	-7,00	-7,14	-7,28	-7,29	-7,30	-7,30	-7,30	-7,35	-7,40	-7,50	-7,59	-3,03
10/04/2022 03:50:00	-3,11	-3,44	-3,92	-4,41	-4,92	-5,48	-5,91	-6,29	-6,62	-6,93	-7,22	-7,37	-7,51	-7,51	-7,50	-7,47	-7,44	-7,46	-7,48	-7,56	-7,64	-3,04
10/04/2022 03:55:00	-3,17	-3,55	-3,99	-4,57	-5,14	-5,54	-5,89	-6,24	-6,62	-6,89	-7,15	-7,28	-7,42	-7,42	-7,42	-7,40	-7,38	-7,42	-7,46	-7,55	-7,64	-3,14
10/04/2022 04:00:00	-3,17	-3,50	-3,82	-4,31	-4,88	-5,43	-6,00	-6,53	-6,96	-7,27	-7,53	-7,63	-7,74	-7,69	-7,64	-7,58	-7,53	-7,52	-7,52	-7,58	-7,65	-3,15
10/04/2022 04:05:00	-3,20	-3,65	-4,12	-4,64	-5,15	-5,60	-6,08	-6,47	-6,77	-7,07	-7,36	-7,50	-7,65	-7,64	-7,64	-7,61	-7,57	-7,60	-7,62	-7,69	-7,77	-3,18
10/04/2022 04:10:00	-3,31	-3,53	-4,10	-4,82	-5,51	-6,13	-6,56	-6,89	-7,15	-7,35	-7,50	-7,48	-7,47	-7,34	-7,22	-7,11	-7,01	-6,98	-6,95	-7,00	-7,06	-3,23
10/04/2022 04:15:00	-3,27	-3,74	-4,25	-4,79	-5,30	-5,83	-6,22	-6,56	-6,85	-7,15	-7,43	-7,56	-7,70	-7,68	-7,67	-7,63	-7,59	-7,60	-7,62	-7,69	-7,77	-3,31
10/04/2022 04:20:00	-3,29	-3,72	-4,21	-4,77	-5,33	-5,85	-6,33	-6,76	-7,10	-7,38	-7,62	-7,72	-7,83	-7,79	-7,74	-7,69	-7,64	-7,65	-7,66	-7,73	-7,80	-3,23
10/04/2022 04:25:00	-3,34	-3,60	-4,10	-4,79	-5,51	-6,14	-6,71	-7,14	-7,44	-7,70	-7,90	-7,91	-7,92	-7,79	-7,66	-7,54	-7,42	-7,37	-7,32	-7,37	-7,41	-3,31
10/04/2022 04:30:00	-3,45	-3,58	-4,19	-4,87	-5,46	-6,01	-6,30	-6,57	-6,85	-7,18	-7,52	-7,71	-7,90	-7,95	-7,99	-7,98	-7,97	-8,03	-8,08	-8,18	-8,28	-3,38
10/04/2022 04:35:00	-3,46	-3,69	-4,31	-5,06	-5,73	-6,25	-6,70	-7,03	-7,30	-7,53	-7,74	-7,80	-7,87	-7,81	-7,75	-7,70	-7,64	-7,64	-7,65	-7,73	-7,80	-3,38
10/04/2022 04:40:00	-3,47	-3,78	-4,19	-4,74	-5,36	-6,04	-6,64	-7,15	-7,53	-7,87	-8,16	-8,27	-8,37	-8,31	-8,24	-8,16	-8,08	-8,05	-8,03	-8,08	-8,13	-3,35
10/04/2022 04:45:00	-3,43	-3,90	-4,38	-4,88	-5,47	-6,26	-6,79	-7,33	-7,84	-8,02	-8,13	-8,12	-8,10	-7,97	-7,83	-7,75	-7,66	-7,62	-7,59	-7,63	-7,68	-3,49
10/04/2022 04:50:00	-3,53	-3,89	-4,53	-5,28	-5,97	-6,56	-7,01	-7,34	-7,61	-7,77	-7,89	-7,87	-7,85	-7,71	-7,58	-7,48	-7,37	-7,34	-7,31	-7,36	-7,41	-3,51
10/04/2022 04:55:00	-3,50	-3,90	-4,39	-5,01	-5,71	-6,34	-7,01	-7,52	-7,87	-8,14	-8,34	-8,35	-8,37	-8,23	-8,09	-7,97	-7,85	-7,80	-7,74	-7,77	-7,81	-3,57
10/04/2022 05:00:00	-3,55	-4,06	-4,59	-5,19	-5,83	-6,53	-7,00	-7,45	-7,85	-8,08	-8,26	-8,29	-8,31	-8,20	-8,08	-7,99	-7,89	-7,85	-7,82	-7,86	-7,91	-3,58
10/04/2022 05:05:00	-3,69	-4,00	-4,55	-5,25	-5,95	-6,60	-7,24	-7,74	-8,08	-8,34	-8,55	-8,60	-8,65	-8,54	-8,44	-8,35	-8,25	-8,22	-8,19	-8,23	-8,28	-3,63
10/04/2022 05:10:00	-3,90	-4,22	-4,75	-5,47	-6,22	-6,86	-7,50	-8,02	-8,41	-8,60	-8,72	-8,70	-8,67	-8,51	-8,36	-8,24	-8,13	-8,08	-8,03	-8,07	-8,11	-3,80
10/04/2022 05:15:00	-3,83	-4,23	-4,79	-5,44	-6,13	-6,88	-7,45	-7,91	-8,25	-8,50	-8,70	-8,72	-8,73	-8,59	-8,46	-8,33	-8,21	-8,15	-8,09	-8,12	-8,15	-3,83
10/04/2022 05:20:00	-3,77	-4,24	-4,77	-5,42	-6,10	-6,76	-7,30	-7,75	-8,10	-8,39	-8,64	-8,71	-8,78	-8,68	-8,58	-8,48	-8,38	-8,34	-8,30	-8,35	-8,39	-3,88
10/04/2022 05:25:00	-3,98	-4,37	-4,85	-5,46	-6,09	-6,74	-7,28	-7,73	-8,07	-8,32	-8,52	-8,55	-8,58	-8,47	-8,35	-8,25	-8,15	-8,11	-8,07	-8,11	-8,16	-3,89
10/04/2022 05:30:00	-3,99	-4,33	-4,92	-5,55	-6,15	-6,76	-7,24	-7,63	-7,95	-8,11	-8,23	-8,23	-8,22	-8,11	-7,99	-7,91	-7,82	-7,80	-7,78	-7,83	-7,88	-3,86
10/04/2022 05:35:00	-3,84	-4,30	-4,84	-5,43	-6,06	-6,66	-7,15	-7,61	-8,04	-8,26	-8,45	-8,50	-8,55	-8,47	-8,38	-8,31	-8,24	-8,23	-8,22	-8,28	-8,34	-3,80
10/04/2022 05:40:00	-3,80	-4,26	-4,89	-5,59	-6,24	-6,87	-7,38	-7,74	-7,99	-8,22	-8,42	-8,45	-8,47	-8,36	-8,24	-8,14	-8,03	-7,99	-7,95	-8,00	-8,04	-3,94
10/04/2022 05:45:00	-3,84	-4,11	-4,79	-5,58	-6,34	-7,07	-7,49	-7,81	-8,05	-8,22	-8,34	-8,29	-8,23	-8,05	-7,88	-7,74	-7,60	-7,54	-7,48	-7,52	-7,56	-3,83
10/04/2022 05:50:00	-3,90	-4,14	-4,64	-5,32	-6,06	-6,82	-7,46	-7,99	-8,39	-8,69	-8,93	-8,97	-9,02	-8,90	-8,79	-8,67	-8,56	-8,51	-8,46	-8,50	-8,54	-3,86
10/04/2022 05:55:00	-3,88	-4,28	-4,83	-5,47	-6,08	-6,64	-7,18	-7,65	-8,02	-8,30	-8,55	-8,67	-8,78	-8,75	-8,72	-8,67	-8,62	-8,63	-8,64	-8,70	-8,77	-3,86
10/04/2022 06:00:00	-3,83	-4,43	-4,95	-5,50	-6,13	-6,85	-7,33	-7,78	-8,17	-8,50	-8,78	-8,87	-8,97	-8,89	-8,80	-8,71	-8,61	-8,57	-8,52	-8,57	-8,61	-3,91
10/04/2022 06:05:00	-3,96	-4,53	-5,09	-5,71	-6,34	-6,96	-7,51	-8,04	-8,50	-8,71	-8,89	-8,94	-8,98	-8,89	-8,80	-8,73	-8,66	-8,65	-8,63	-8,68	-8,74	-4,01
10/04/2022 06:10:00	-3,98	-4,67	-5,30	-5,92	-6,48	-7,04	-7,50	-7,88	-8,16	-8,42	-8,65	-8,75	-8,84	-8,78	-8,72	-8,65	-8,58	-8,57	-8,55	-8,61	-8,66	-4,04
10/04/2022 06:15:00	-4,23	-4,68	-5,33	-6,03	-6,67	-7,22	-7,62	-7,91	-8,13	-8,36	-8,57	-8,62	-8,66	-8,57	-8,48	-8,39	-8,29	-8,27	-8,24	-8,29	-8,35	-4,16
10/04/2022 06:20:00	-4,35	-4,67	-5,13	-5,82	-6,58	-7,20	-7,75	-8,12	-8,36	-8,70	-8,98	-9,02	-9,06	-8,92	-8,78	-8,63	-8,47	-8,39	-8,31	-8,33	-8,36	-4,24
10/04/2022 06:25:00	-4,37	-4,68	-5,24	-5,84	-6,45	-7,12	-7,73	-8,23	-8,62	-8,86	-9,06	-9,11	-9,17	-9,09	-9,01	-8,93	-8,86	-8,84	-8,82	-8,87	-8,92	-4,28
10/04/2022 06:30:00	-4,32	-4,68	-5,15	-5,89	-6,67	-7,27	-7,83	-8,30	-8,68	-8,88	-9,01	-8,97	-8,92	-8,75	-8,58	-8,44	-8,30	-8,23	-8,17	-8,20	-8,23	-4,26
10/04/2022 06:35:00	-4,35	-4,85	-5,43	-6,04	-6,59	-7,05	-7,49	-7,86	-8,17	-8,38	-8,57	-8,64	-8,71	-8,65	-8,60	-8,54	-8,49	-8,49	-8,49	-8,56	-8,62	-4,37
10/04/2022 06:40:00	-4,35	-4,79	-5,29	-5,93	-6,62	-7,30	-7,95	-8,47	-8,82	-8,99	-9,08	-9,00	-8,92	-8,71	-8,51	-8,35	-8,20	-8,12	-8,03	-8,05	-8,07	-4,31
10/04/2022 06:45:00	-4,25	-4,75	-5,27	-5,89	-6,51	-7,00	-7,44	-7,81	-8,11	-8,36	-8,59	-8,65	-8,72	-8,64	-8,56	-8,48	-8,39	-8,37	-8,35	-8,40	-8,45	-4,38
10/04/2022 06:50:00	-4,33	-4,63	-5,23	-5,92	-6,52	-7,03	-7,44	-7,73	-7,94	-8,21	-8,46	-8,55	-8,65	-8,60	-8,55	-8,47	-8,40	-8,40	-8,39	-8,46	-8,52	-4,31
10/04/2022 06:55:00	-4,37	-4,75	-5,28	-5,94	-6,61	-7,20	-7,60	-7,93	-8,21	-8,49	-8,74	-8,81	-8,87	-8,78	-8,69	-8,58	-8,47	-8,43	-8,40	-8,44	-8,49	-4,43
10/04/2022 07:00:00	-4,41	-4,96	-5,45	-6,08	-6,75	-7,34	-7,82	-8,17	-8,42	-8,64	-8,81	-8,78	-8,74	-8,57	-8,39	-8,23	-8,08	-7,99	-7,91	-7,93	-7,95	-4,58
10/04/2022 07:05:00	-4,54	-5,01	-5,57	-6,23	-6,86	-7,35	-7,84	-8,21	-8,47	-8,68	-8,86	-8,88	-8,90	-8,79	-8,67	-8,57	-8,47	-8,43	-8,40	-8,44	-8,49	-4,52
10/04/2022 07:10:00	-4,61	-5,00	-5,70	-6,31	-6,83	-7,37	-7,78	-8,12	-8,41	-8,61	-8,80	-8,89	-8,98	-8,94	-8,91	-8,88	-8,84	-8,86	-8,88	-8,96	-9,03	-4,64
10/04/2022 07:15:00	-4,76	-5,23	-5,85	-6,59	-7,27	-7,82	-8,31	-8,69	-8,98	-9,10	-9,18	-9,12	-9,07	-8,91	-8,74	-8,63	-8,51	-8,46	-8,41	-8,45	-8,49	-4,73
10/04/2022 07:20:00	-4,88	-5,29	-5,89	-6,64	-7,35	-7,88	-8,28	-8,59	-8,82	-8,97	-9,08	-9,02	-8,96	-8,79	-8,61	-8,48	-8,34	-8,28	-8,21	-8,25	-8,28	-4,85
10/04/2022 07:25:00	-4,92	-5,26	-5,82	-6,54	-7,18	-7,60	-8,05	-8,37	-8,60	-8,77	-8,92	-8,92	-8,92	-8,81	-8,69	-8,59	-8,50	-8,47	-8,44	-8,49	-8,54	-4,84
10/04/2022 07:30:00	-5,10	-5,36	-5,96	-6,69	-7,34	-7,84	-8,22	-8,49	-8,68	-8,86	-9,01	-9,01	-9,00	-8,88	-8,75	-8,64	-8,54	-8,50	-8,46	-8,51	-8,56	-5,01
10/04/2022 07:35:00	-5,06	-5,49	-6,10	-6,71	-7,28	-7,84	-8,26	-8,60	-8,86	-8,98	-9,06	-9,03	-8,99	-8,85	-8,71	-8,61	-8,51	-8,47	-8,44	-8,48	-8,52	-4,94
10/04/2022 07:40:00	-5,09	-5,54	-6,08	-6,66	-7,16	-7,54	-7,98	-8,37	-8,68	-8,81	-8,93	-8,95	-8,98	-8,90	-8,82	-8,77	-8,72	-8,73	-8,73	-8,80	-8,86	-4,99
10/04/2022 07:45:00	-5,07	-5,45	-5,99	-6,68	-7,32	-7,84	-8,24	-8,54	-8,78	-8,94	-9,06	-9,03	-8,99	-8,84	-8,69	-8,57	-8,44	-8,39	-8,34	-8,38	-8,42	-5,09
10/04/2022 07:50:00	-5,05	-5,45	-5,97	-6,60	-7,17	-7,60	-8,01	-8,36	-8,63	-8,78	-8,89	-8,89	-8,88	-8,76	-8,65	-8,56	-8,48	-8,46	-8,43	-8,49	-8,54	-5,04
10/04/2022 07:55:00	-5,03	-5,39	-6,01	-6,76	-7,39	-7,80	-8,14	-8,39	-8,59	-8,73	-8,84	-8,83	-8,82	-8,71	-8,59	-8,50	-8,41	-8,39	-8,37	-8,43	-8,49	-4,94
10/04/2022 08:00:00	-4,98	-5,44	-5,95	-6,48	-6,97	-7,43	-7,79	-8,12	-8,41	-8,66	-8,90	-9,00	-9,11	-9,07	-9,04	-8,98	-8,93	-8,93	-8,93	-9,00	-9,06	-5,02
10/04/2022 08:05:00	-5,06	-5,37	-5,86	-6,44	-7,03	-7,60	-8,11	-8,54	-8,88	-9,00	-9,07	-9,02	-8,97	-8,81	-8,66	-8,55	-8,45	-8,40	-8,36	-8,40	-8,44	-5,03
10/04/2022 08:10:00	-4,91	-5,33	-5,93	-6,57	-7,14	-7,68	-8,05	-8,33	-8,52	-8,71	-8,86	-8,87	-8,87	-8,75	-8,63	-8,52	-8,41	-8,37	-8,33	-8,38	-8,42	-4,93
10/04/2022 08:15:00	-4,84	-5,21	-5,79	-6,42	-7,01	-7,55	-8,01	-8,40	-8,69	-8,82	-8,91	-8,89	-8,86	-8,73	-8,59	-8,50	-8,41	-8,38	-8,34	-8,39	-8,44	-4,86
10/04/2022 08:20:00	-4,94	-5,28	-5,88	-6,52	-7,06	-7,38	-7,65	-7,84	-8,00	-8,24	-8,48	-8,58	-8,68	-8,65	-8,62	-8,57	-8,52	-8,53	-8,54	-8,62	-8,69	-4,68
10/04/2022 08:25:00	-4,89	-5,23	-5,75	-6,46	-7,13	-7,63	-8,04	-8,41	-8,72	-8,81	-8,86	-8,77	-8,68	-8,50	-8,32	-8,20	-8,08	-8,03	-7,98	-8,02	-8,06	-4,36
10/04/2022 08:30:00	-4,89	-5,35	-5,88	-6,52	-7,10	-7,54	-7,73	-7,88	-8,04	-8,30	-8,54	-8,60	-8,66	-8,58	-8,50	-8,40	-8,30	-8,27	-8,24	-8,30	-8,35	-4,24
10/04/2022 08:35:00	-4,84	-5,35	-5,87	-6,45	-7,01	-7,47	-7,88	-8,19	-8,41	-8,60	-8,74	-8,74	-8,74	-8,61	-8,48	-8,37	-8,26	-8,22	-8,17	-8,21	-8,26	-4,06
10/04/2022 08:40:00	-4,83	-5,16	-5,78	-6,47	-7,11	-7,66	-8,10	-8,43	-8,68	-8,78	-8,84	-8,77	-8,70	-8,53	-8,36	-8,25	-8,13	-8,08	-8,04	-8,08	-8,12	-4,08
10/04/2022 08:45:00	-4,86	-5,15	-5,62	-6,10	-6,52	-6,90	-7,38	-7,75	-8,03	-8,39	-8,75	-8,99	-9,23	-9,30	-9,37	-9,37	-9,38	-9,43	-9,48	-9,56	-9,65	-4,33
10/04/2022 08:50:00	-4,75	-5,30	-5,80	-6,33	-6,81	-7,19	-7,57	-7,92	-8,23	-8,37	-8,49	-8,51	-8,53	-8,45	-8,37	-8,31	-8,25	-8,25	-8,25	-8,31	-8,37	-3,86
10/04/2022 08:55:00	-4,59	-4,98	-5,53	-6,18	-6,78	-7,28	-7,80	-8,17	-8,40	-8,63	-8,83	-8,88	-8,92	-8,83	-8,73	-8,64	-8,54	-8,51	-8,48	-8,53	-8,58	-3,87
10/04/2022 09:00:00	-4,53	-5,01	-5,69	-6,36	-6,88	-7,23	-7,50	-7,73	-7,95	-8,20	-8,46	-8,61	-8,76	-8,79	-8,81	-8,79	-8,78	-8,82	-8,87	-8,96	-9,05	-4,14
10/04/2022 09:05:00	-4,57	-4,84	-5,36	-5,97	-6,55	-7,08	-7,40	-7,71	-8,02	-8,27	-8,51	-8,61	-8,71	-8,67	-8,63	-8,57	-8,52	-8,53	-8,53	-8,60	-8,68	-3,85
10/04/2022 09:10:00	-4,45	-4,85	-5,34	-5,98	-6,61	-7,10	-7,57	-7,92	-8,16	-8,35	-8,49	-8,48	-8,46	-8,32	-8,18	-8,06	-7,94	-7,89	-7,84	-7,88	-7,92	-3,49
10/04/2022 09:15:00	-4,40	-4,74	-5,26	-5,86	-6,45	-7,01	-7,34	-7,71	-8,10	-8,34	-8,57	-8,66	-8,76	-8,72	-8,69	-8,64	-8,59	-8,60	-8,62	-8,69	-8,76	-3,61
10/04/2022 09:20:00	-4,37	-4,76	-5,39	-6,09	-6,71	-7,21	-7,41	-7,59	-7,82	-8,19	-8,55	-8,75	-8,94	-8,96	-8,98	-8,94	-8,89	-8,92	-8,94	-9,02	-9,10	-3,81
10/04/2022 09:25:00	-4,21	-4,99	-5,47	-5,94	-6,43	-6,90	-7,18	-7,49	-7,81	-8,12	-8,42	-8,55	-8,69	-8,66	-8,63	-8,57	-8,51	-8,50	-8,49	-8,55	-8,61	-4,18
10/04/2022 09:30:00	-4,26	-4,68	-5,26	-5,85	-6,41	-6,96	-7,43	-7,82	-8,14	-8,45	-8,74	-8,89	-9,03	-9,02	-9,00	-8,96	-8,91	-8,92	-8,93	-9,00	-9,06	-3,32
10/04/2022 09:35:00	-4,27	-4,57	-5,19	-5,79	-6,34	-6,99	-7,41	-7,81	-8,19	-8,36	-8,52	-8,56	-8,61	-8,54	-8,48	-8,43	-8,38	-8,39	-8,40	-8,46	-8,53	-3,24
10/04/2022 09:40:00	-4,11	-4,54	-5,17	-5,87	-6,48	-6,92	-7,41	-7,80	-8,09	-8,32	-8,54	-8,63	-8,73	-8,69	-8,65	-8,61	-8,56	-8,58	-8,59	-8,67	-8,74	-2,97
10/04/2022 09:45:00	-4,08	-4,44	-4,95	-5,64	-6,37	-6,99	-7,67	-8,21	-8,58	-8,75	-8,86	-8,81	-8,75	-8,58	-8,40	-8,27	-8,14	-8,07	-8,01	-8,04	-8,07	-3,41
10/04/2022 09:50:00	-4,09	-4,57	-5,19	-5,76	-6,27	-6,77	-7,29	-7,73	-8,08	-8,33	-8,57	-8,71	-8,85	-8,84	-8,84	-8,82	-8,80	-8,83	-8,86	-8,94	-9,02	-3,21
10/04/2022 09:55:00	-3,97	-4,62	-5,09	-5,52	-5,97	-6,48	-6,99	-7,51	-7,99	-8,35	-8,72	-8,96	-9,20	-9,27	-9,33	-9,34	-9,35	-9,40	-9,45	-9,53	-9,61	-3,08
10/04/2022 10:00:00	-3,89	-4,38	-5,03	-5,77	-6,44	-6,96	-7,41	-7,83	-8,24	-8,40	-8,54	-8,58	-8,62	-8,54	-8,47	-8,42	-8,36	-8,37	-8,38	-8,45	-8,52	-3,23
10/04/2022 10:05:00	-3,60	-3,96	-4,44	-4,92	-5,43	-6,04	-6,56	-7,08	-7,55	-7,92	-8,27	-8,50	-8,73	-8,79	-8,85	-8,86	-8,87	-8,92	-8,97	-9,06	-9,15	-3,14
10/04/2022 10:10:00	-3,47	-3,81	-4,56	-5,33	-5,95	-6,40	-6,79	-7,06	-7,25	-7,63	-8,02	-8,26	-8,51	-8,58	-8,66	-8,66	-8,66	-8,72	-8,78	-8,88	-8,97	-3,24
10/04/2022 10:15:00	-3,36	-4,09	-4,58	-5,01	-5,41	-5,76	-6,19	-6,65	-7,07	-7,47	-7,88	-8,19	-8,51	-8,64	-8,77	-8,83	-8,88	-8,97	-9,06	-9,17	-9,27	-2,93
10/04/2022 10:20:00	-3,19	-3,67	-4,24	-4,86	-5,39	-5,79	-6,21	-6,63	-7,06	-7,48	-7,93	-8,27	-8,61	-8,77	-8,93	-8,99	-9,06	-9,16	-9,27	-9,39	-9,51	-2,04
10/04/2022 10:25:00	-3,03	-3,48	-3,85	-4,36	-4,97	-5,54	-6,26	-6,96	-7,58	-8,01	-8,41	-8,68	-8,94	-9,00	-9,07	-9,08	-9,10	-9,14	-9,19	-9,28	-9,36	-2,61
10/04/2022 10:30:00	-2,84	-3,38	-3,89	-4,48	-5,10	-5,72	-6,34	-6,91	-7,38	-7,83	-8,27	-8,54	-8,81	-8,87	-8,94	-8,94	-8,93	-8,97	-9,01	-9,09	-9,17	-2,26
10/04/2022 10:35:00	-2,83	-3,21	-3,67	-4,15	-4,75	-5,57	-6,38	-7,11	-7,68	-8,13	-8,53	-8,76	-9,00	-9,02	-9,05	-9,03	-9,00	-9,01	-9,03	-9,09	-9,16	-2,39
10/04/2022 10:40:00	-2,59	-3,06	-3,62	-4,19	-4,80	-5,50	-6,22	-6,84	-7,32	-7,79	-8,24	-8,53	-8,82	-8,89	-8,97	-8,97	-8,97	-9,02	-9,06	-9,14	-9,22	-1,86
10/04/2022 10:45:00	-2,51	-2,77	-3,28	-3,92	-4,69	-5,68	-6,46	-7,18	-7,78	-8,22	-8,59	-8,77	-8,94	-8,91	-8,88	-8,82	-8,75	-8,74	-8,73	-8,78	-8,83	-2,29
10/04/2022 10:50:00	-2,37	-2,91	-3,41	-3,93	-4,52	-5,18	-5,92	-6,64	-7,28	-7,78	-8,26	-8,61	-8,96	-9,09	-9,23	-9,27	-9,32	-9,40	-9,48	-9,57	-9,67	-1,91
10/04/2022 10:55:00	-2,29	-2,72	-3,37	-4,12	-4,86	-5,51	-6,23	-6,83	-7,28	-7,67	-8,04	-8,26	-8,47	-8,50	-8,53	-8,51	-8,49	-8,52	-8,55	-8,63	-8,72	-1,99
10/04/2022 11:00:00	-2,15	-2,60	-3,17	-3,84	-4,58	-5,44	-6,21	-6,91	-7,46	-7,87	-8,23	-8,41	-8,58	-8,57	-8,55	-8,50	-8,45	-8,45	-8,45	-8,51	-8,57	-1,84
10/04/2022 11:05:00	-2,05	-2,49	-3,04	-3,63	-4,32	-5,14	-6,05	-6,91	-7,61	-7,95	-8,23	-8,40	-8,56	-8,56	-8,55	-8,55	-8,54	-8,57	-8,60	-8,67	-8,75	-1,44
10/04/2022 11:10:00	-1,92	-2,17	-2,61	-3,27	-4,14	-5,18	-6,04	-6,83	-7,48	-8,08	-8,61	-8,90	-9,19	-9,21	-9,24	-9,18	-9,12	-9,11	-9,10	-9,16	-9,22	-1,16
10/04/2022 11:15:00	-1,84	-2,27	-2,80	-3,34	-3,94	-4,65	-5,30	-6,02	-6,77	-7,25	-7,73	-8,10	-8,47	-8,65	-8,82	-8,91	-9,01	-9,13	-9,25	-9,37	-9,49	-1,37
10/04/2022 11:20:00	-1,95	-2,25	-2,80	-3,43	-4,10	-4,80	-5,50	-6,23	-6,94	-7,31	-7,66	-7,91	-8,16	-8,26	-8,35	-8,40	-8,46	-8,55	-8,65	-8,76	-8,87	-2,21
10/04/2022 11:25:00	-1,70	-2,28	-2,87	-3,41	-3,95	-4,59	-5,24	-5,95	-6,66	-7,14	-7,63	-8,02	-8,42	-8,62	-8,83	-8,94	-9,05	-9,18	-9,32	-9,45	-9,58	-1,28
10/04/2022 11:30:00	-1,87	-2,22	-2,74	-3,37	-4,09	-4,84	-5,65	-6,39	-6,99	-7,43	-7,84	-8,09	-8,34	-8,40	-8,45	-8,45	-8,45	-8,50	-8,54	-8,63	-8,71	-2,28
10/04/2022 11:35:00	-1,52	-1,87	-2,38	-2,93	-3,55	-4,31	-5,01	-5,70	-6,33	-6,80	-7,24	-7,54	-7,85	-7,95	-8,06	-8,10	-8,14	-8,21	-8,29	-8,39	-8,50	-1,18
10/04/2022 11:40:00	-1,66	-2,03	-2,53	-3,13	-3,84	-4,64	-5,39	-6,15	-6,87	-7,35	-7,79	-8,08	-8,38	-8,47	-8,56	-8,59	-8,62	-8,69	-8,75	-8,85	-8,95	-1,37
10/04/2022 11:45:00	-1,47	-2,13	-2,64	-3,19	-3,83	-4,54	-5,36	-6,18	-6,90	-7,32	-7,68	-7,94	-8,19	-8,26	-8,33	-8,36	-8,40	-8,46	-8,52	-8,61	-8,70	-0,57
10/04/2022 11:50:00	-1,29	-1,50	-1,96	-2,63	-3,49	-4,45	-5,40	-6,31	-7,08	-7,63	-8,12	-8,42	-8,72	-8,78	-8,85	-8,84	-8,84	-8,88	-8,92	-9,00	-9,08	-0,33
10/04/2022 11:55:00	-1,26	-1,92	-2,47	-3,02	-3,63	-4,36	-5,06	-5,73	-6,27	-6,82	-7,37	-7,75	-8,12	-8,26	-8,41	-8,44	-8,48	-8,55	-8,62	-8,72	-8,82	-0,92
10/04/2022 12:00:00	-1,06	-1,75	-2,29	-2,88	-3,56	-4,27	-5,02	-5,74	-6,32	-6,81	-7,27	-7,56	-7,85	-7,93	-8,02	-8,03	-8,04	-8,09	-8,14	-8,23	-8,32	-0,77
10/04/2022 12:05:00	-1,00	-1,36	-1,92	-2,60	-3,37	-4,22	-5,06	-5,78	-6,30	-6,80	-7,28	-7,55	-7,83	-7,88	-7,93	-7,91	-7,89	-7,92	-7,94	-8,02	-8,10	-0,74
10/04/2022 12:10:00	-0,85	-1,51	-2,02	-2,58	-3,27	-4,11	-4,96	-5,80	-6,52	-7,00	-7,44	-7,72	-8,01	-8,08	-8,15	-8,16	-8,18	-8,23	-8,27	-8,36	-8,44	-0,17
10/04/2022 12:15:00	-1,09	-1,55	-2,11	-2,75	-3,45	-4,23	-5,03	-5,76	-6,33	-6,75	-7,12	-7,33	-7,55	-7,58	-7,61	-7,60	-7,60	-7,63	-7,67	-7,75	-7,83	-0,91
10/04/2022 12:20:00	-0,86	-1,17	-1,74	-2,38	-3,07	-3,84	-4,65	-5,40	-6,02	-6,50	-6,95	-7,27	-7,58	-7,70	-7,81	-7,86	-7,90	-7,99	-8,07	-8,18	-8,28	-0,81
10/04/2022 12:25:00	-0,53	-0,93	-1,58	-2,45	-3,36	-4,22	-4,91	-5,56	-6,19	-6,66	-7,09	-7,34	-7,59	-7,65	-7,70	-7,69	-7,69	-7,74	-7,79	-7,89	-7,98	-0,67
10/04/2022 12:30:00	-0,64	-1,04	-1,60	-2,19	-2,82	-3,47	-4,25	-5,01	-5,68	-6,23	-6,77	-7,20	-7,62	-7,84	-8,05	-8,16	-8,27	-8,41	-8,55	-8,69	-8,82	-0,14
10/04/2022 12:35:00	-0,46	-0,80	-1,24	-1,78	-2,44	-3,19	-4,06	-4,91	-5,59	-6,16	-6,69	-7,07	-7,45	-7,61	-7,77	-7,83	-7,90	-7,99	-8,09	-8,20	-8,31	-0,73
10/04/2022 12:40:00	-0,36	-0,92	-1,40	-1,88	-2,44	-3,12	-3,92	-4,71	-5,35	-5,99	-6,64	-7,13	-7,63	-7,88	-8,12	-8,23	-8,34	-8,47	-8,59	-8,72	-8,85	-0,42
10/04/2022 12:45:00	-0,45	-0,81	-1,24	-1,70	-2,22	-2,75	-3,56	-4,41	-5,15	-5,78	-6,42	-6,98	-7,53	-7,85	-8,17	-8,35	-8,53	-8,73	-8,92	-9,08	-9,24	-0,17
10/04/2022 12:50:00	-0,33	-0,69	-1,26	-1,89	-2,54	-3,26	-4,06	-4,81	-5,42	-5,95	-6,47	-6,85	-7,24	-7,42	-7,59	-7,67	-7,75	-7,87	-7,98	-8,11	-8,23	-0,12
10/04/2022 12:55:00	-0,24	-0,66	-1,33	-1,97	-2,58	-3,29	-4,01	-4,70	-5,32	-5,81	-6,30	-6,68	-7,07	-7,26	-7,45	-7,55	-7,65	-7,79	-7,92	-8,06	-8,19	0,69
10/04/2022 13:00:00	-0,24	-0,65	-1,05	-1,58	-2,32	-3,19	-4,02	-4,83	-5,52	-6,14	-6,73	-7,11	-7,49	-7,62	-7,75	-7,77	-7,80	-7,86	-7,92	-8,02	-8,11	-0,27
10/04/2022 13:05:00	0,15	-0,19	-0,71	-1,35	-2,18	-3,23	-4,22	-5,18	-5,99	-6,58	-7,11	-7,44	-7,78	-7,88	-7,98	-8,00	-8,02	-8,08	-8,14	-8,23	-8,32	0,41
10/04/2022 13:10:00	-0,14	-0,55	-1,05	-1,66	-2,36	-3,16	-4,04	-4,90	-5,61	-6,16	-6,67	-7,04	-7,41	-7,56	-7,71	-7,78	-7,84	-7,94	-8,03	-8,14	-8,25	-0,41
10/04/2022 13:15:00	0,15	-0,45	-1,06	-1,69	-2,33	-2,97	-3,73	-4,46	-5,03	-5,67	-6,34	-6,86	-7,38	-7,64	-7,91	-8,02	-8,13	-8,28	-8,42	-8,56	-8,70	0,22
10/04/2022 13:20:00	0,05	-0,34	-0,70	-1,13	-1,78	-2,59	-3,53	-4,50	-5,36	-6,11	-6,85	-7,42	-8,00	-8,29	-8,58	-8,71	-8,84	-8,99	-9,13	-9,26	-9,40	0,73
10/04/2022 13:25:00	-0,06	-0,24	-0,89	-1,69	-2,48	-3,18	-3,95	-4,66	-5,22	-5,81	-6,41	-6,85	-7,29	-7,51	-7,73	-7,82	-7,91	-8,05	-8,18	-8,32	-8,46	-0,18
10/04/2022 13:30:00	0,23	-0,29	-0,86	-1,46	-2,14	-2,95	-3,65	-4,37	-5,11	-5,80	-6,51	-7,05	-7,60	-7,88	-8,16	-8,28	-8,40	-8,56	-8,71	-8,85	-8,99	0,13
10/04/2022 13:35:00	0,18	-0,39	-0,97	-1,45	-1,95	-2,61	-3,37	-4,16	-4,88	-5,47	-6,05	-6,56	-7,06	-7,35	-7,63	-7,80	-7,96	-8,14	-8,32	-8,48	-8,63	-0,05
10/04/2022 13:40:00	0,45	-0,36	-0,73	-1,01	-1,46	-2,07	-3,07	-4,14	-4,97	-5,69	-6,41	-7,02	-7,62	-7,95	-8,28	-8,46	-8,63	-8,81	-8,98	-9,12	-9,27	0,58
10/04/2022 13:45:00	0,32	-0,26	-0,75	-1,25	-1,84	-2,55	-3,29	-4,09	-4,85	-5,52	-6,20	-6,74	-7,28	-7,57	-7,86	-8,01	-8,15	-8,32	-8,48	-8,63	-8,78	0,71
10/04/2022 13:50:00	0,30	0,04	-0,49	-1,10	-1,81	-2,69	-3,60	-4,48	-5,22	-5,86	-6,49	-6,96	-7,42	-7,64	-7,86	-7,96	-8,05	-8,18	-8,31	-8,43	-8,56	0,44
10/04/2022 13:55:00	0,58	0,02	-0,52	-0,95	-1,38	-1,90	-2,67	-3,51	-4,27	-4,96	-5,70	-6,36	-7,03	-7,45	-7,88	-8,12	-8,37	-8,62	-8,87	-9,06	-9,25	0,87
10/04/2022 14:00:00	0,59	0,15	-0,27	-0,69	-1,29	-2,05	-3,05	-4,10	-5,03	-5,66	-6,24	-6,72	-7,20	-7,45	-7,71	-7,86	-8,01	-8,17	-8,33	-8,47	-8,61	0,78
10/04/2022 14:05:00	0,66	0,11	-0,33	-0,81	-1,46	-2,28	-3,13	-3,96	-4,66	-5,33	-6,00	-6,48	-6,96	-7,17	-7,38	-7,46	-7,54	-7,64	-7,75	-7,87	-7,99	0,87
10/04/2022 14:10:00	0,81	0,39	-0,09	-0,53	-1,00	-1,68	-2,42	-3,19	-3,87	-4,61	-5,41	-6,08	-6,74	-7,14	-7,53	-7,73	-7,93	-8,14	-8,35	-8,53	-8,70	1,03
10/04/2022 14:15:00	0,87	0,43	-0,21	-0,92	-1,64	-2,49	-3,32	-4,08	-4,66	-5,29	-5,94	-6,41	-6,88	-7,10	-7,32	-7,40	-7,48	-7,59	-7,71	-7,84	-7,96	1,00
10/04/2022 14:20:00	0,92	0,59	-0,05	-0,74	-1,45	-2,13	-2,93	-3,74	-4,50	-5,12	-5,75	-6,27	-6,80	-7,10	-7,41	-7,58	-7,75	-7,95	-8,14	-8,31	-8,48	0,92
10/04/2022 14:25:00	1,10	0,56	0,20	-0,10	-0,60	-1,47	-2,30	-3,21	-4,09	-4,93	-5,78	-6,48	-7,17	-7,55	-7,94	-8,12	-8,30	-8,49	-8,68	-8,84	-9,00	1,24
10/04/2022 14:30:00	1,00	0,58	0,08	-0,42	-0,94	-1,58	-2,45	-3,32	-4,00	-4,73	-5,53	-6,19	-6,85	-7,24	-7,63	-7,83	-8,03	-8,24	-8,46	-8,63	-8,80	0,85
10/04/2022 14:35:00	1,07	0,48	0,17	-0,15	-0,66	-1,28	-2,14	-3,12	-4,04	-4,81	-5,58	-6,24	-6,90	-7,29	-7,68	-7,89	-8,11	-8,33	-8,54	-8,72	-8,89	1,25
10/04/2022 14:40:00	1,22	0,85	0,42	-0,06	-0,75	-1,81	-2,75	-3,71	-4,63	-5,38	-6,09	-6,62	-7,15	-7,41	-7,66	-7,78	-7,89	-8,03	-8,16	-8,29	-8,42	2,15
10/04/2022 14:45:00	1,37	0,86	0,36	-0,09	-0,69	-1,65	-2,70	-3,70	-4,43	-5,13	-5,83	-6,34	-6,86	-7,10	-7,33	-7,43	-7,53	-7,64	-7,76	-7,88	-7,99	1,37
10/04/2022 14:50:00	1,22	0,84	0,36	-0,14	-0,70	-1,36	-2,12	-2,92	-3,68	-4,38	-5,09	-5,69	-6,29	-6,65	-7,00	-7,19	-7,39	-7,60	-7,81	-7,99	-8,16	0,67
10/04/2022 14:55:00	1,29	0,85	0,35	-0,11	-0,71	-1,68	-2,64	-3,59	-4,39	-5,10	-5,79	-6,32	-6,86	-7,12	-7,39	-7,51	-7,63	-7,77	-7,91	-8,04	-8,17	1,20
10/04/2022 15:00:00	1,12	0,82	0,44	-0,13	-0,86	-1,56	-2,37	-3,14	-3,74	-4,48	-5,26	-5,82	-6,38	-6,66	-6,93	-7,03	-7,13	-7,26	-7,40	-7,53	-7,67	1,48
10/04/2022 15:05:00	1,47	1,07	0,51	-0,13	-0,87	-1,69	-2,50	-3,35	-4,22	-4,94	-5,65	-6,22	-6,80	-7,12	-7,45	-7,62	-7,79	-7,98	-8,18	-8,34	-8,51	0,87
10/04/2022 15:10:00	1,30	0,86	0,48	-0,02	-0,74	-1,61	-2,66	-3,72	-4,63	-5,24	-5,76	-6,14	-6,52	-6,68	-6,84	-6,92	-7,01	-7,12	-7,22	-7,34	-7,45	0,67
10/04/2022 15:15:00	1,46	0,71	0,12	-0,47	-1,13	-1,81	-2,53	-3,29	-4,07	-4,73	-5,39	-5,93	-6,47	-6,78	-7,08	-7,24	-7,39	-7,58	-7,76	-7,92	-8,08	1,71
10/04/2022 15:20:00	1,29	0,68	0,23	-0,22	-0,84	-1,67	-2,55	-3,48	-4,34	-4,95	-5,51	-5,95	-6,38	-6,59	-6,79	-6,91	-7,02	-7,15	-7,28	-7,41	-7,54	0,89
10/04/2022 15:25:00	1,20	0,96	0,36	-0,33	-1,02	-1,67	-2,42	-3,22	-4,01	-4,67	-5,33	-5,91	-6,48	-6,83	-7,19	-7,39	-7,59	-7,82	-8,05	-8,24	-8,42	0,93
10/04/2022 15:30:00	1,36	0,79	0,39	-0,05	-0,71	-1,65	-2,65	-3,68	-4,59	-5,25	-5,85	-6,30	-6,74	-6,94	-7,14	-7,24	-7,34	-7,46	-7,58	-7,70	-7,81	1,46
10/04/2022 15:35:00	1,27	0,87	0,35	-0,23	-0,95	-1,80	-2,79	-3,77	-4,59	-5,18	-5,73	-6,14	-6,55	-6,74	-6,93	-7,03	-7,13	-7,26	-7,39	-7,51	-7,64	0,81
10/04/2022 15:40:00	1,28	0,63	0,11	-0,35	-0,90	-1,59	-2,46	-3,33	-4,04	-4,66	-5,28	-5,77	-6,27	-6,53	-6,79	-6,93	-7,07	-7,22	-7,38	-7,52	-7,66	0,83
10/04/2022 15:45:00	1,39	0,82	0,43	0,04	-0,51	-1,26	-2,21	-3,23	-4,15	-4,85	-5,53	-6,10	-6,67	-6,99	-7,31	-7,49	-7,67	-7,85	-8,04	-8,19	-8,35	1,55
10/04/2022 15:50:00	1,36	0,61	0,11	-0,29	-0,70	-1,10	-1,79	-2,60	-3,38	-4,05	-4,77	-5,43	-6,10	-6,53	-6,97	-7,24	-7,50	-7,77	-8,04	-8,24	-8,44	0,85
10/04/2022 15:55:00	1,27	0,91	0,43	-0,11	-0,72	-1,33	-2,14	-2,98	-3,71	-4,34	-4,97	-5,50	-6,03	-6,33	-6,64	-6,81	-6,98	-7,18	-7,37	-7,54	-7,70	1,10
10/04/2022 16:00:00	1,51	1,25	0,81	0,38	-0,18	-0,88	-1,90	-2,95	-3,78	-4,47	-5,16	-5,75	-6,33	-6,67	-7,01	-7,21	-7,40	-7,61	-7,82	-7,98	-8,15	1,83
10/04/2022 16:05:00	1,35	0,95	0,47	-0,15	-0,87	-1,48	-2,19	-2,92	-3,62	-4,28	-4,97	-5,51	-6,04	-6,34	-6,64	-6,78	-6,93	-7,11	-7,29	-7,45	-7,61	0,99
10/04/2022 16:10:00	1,42	1,11	0,57	-0,18	-1,04	-1,80	-2,72	-3,62	-4,39	-4,95	-5,47	-5,85	-6,22	-6,39	-6,56	-6,65	-6,74	-6,86	-6,99	-7,12	-7,26	1,18
10/04/2022 16:15:00	1,50	1,11	0,63	0,05	-0,62	-1,29	-2,07	-2,92	-3,78	-4,41	-5,02	-5,53	-6,04	-6,34	-6,64	-6,82	-7,00	-7,20	-7,40	-7,57	-7,75	1,73
10/04/2022 16:20:00	1,52	1,13	0,61	-0,01	-0,73	-1,52	-2,31	-3,16	-4,03	-4,70	-5,34	-5,87	-6,39	-6,68	-6,97	-7,13	-7,29	-7,48	-7,66	-7,83	-7,99	1,37
10/04/2022 16:25:00	1,31	1,12	0,76	0,26	-0,48	-1,43	-2,43	-3,42	-4,26	-4,93	-5,54	-5,98	-6,42	-6,60	-6,79	-6,87	-6,95	-7,06	-7,17	-7,29	-7,41	1,43
10/04/2022 16:30:00	1,45	1,14	0,67	0,16	-0,46	-1,25	-2,15	-3,09	-3,95	-4,61	-5,23	-5,74	-6,26	-6,55	-6,83	-7,00	-7,17	-7,36	-7,54	-7,70	-7,86	1,21
10/04/2022 16:35:00	1,51	1,14	0,71	0,16	-0,54	-1,36	-2,19	-3,06	-3,87	-4,60	-5,32	-5,89	-6,45	-6,74	-7,04	-7,18	-7,32	-7,48	-7,65	-7,80	-7,95	1,33
10/04/2022 16:40:00	1,50	1,22	0,73	0,15	-0,56	-1,40	-2,31	-3,22	-4,00	-4,66	-5,29	-5,78	-6,26	-6,51	-6,76	-6,88	-7,00	-7,16	-7,31	-7,45	-7,59	1,45
10/04/2022 16:45:00	1,50	1,08	0,68	0,25	-0,33	-1,17	-2,06	-2,97	-3,74	-4,47	-5,20	-5,77	-6,33	-6,63	-6,93	-7,07	-7,21	-7,36	-7,52	-7,67	-7,81	1,24
10/04/2022 16:50:00	1,51	0,84	0,33	-0,01	-0,34	-0,89	-1,63	-2,48	-3,28	-3,95	-4,64	-5,29	-5,94	-6,37	-6,79	-7,06	-7,33	-7,59	-7,86	-8,05	-8,25	1,10
10/04/2022 16:55:00	1,45	1,04	0,66	0,25	-0,34	-1,22	-2,09	-2,97	-3,74	-4,45	-5,15	-5,68	-6,20	-6,46	-6,72	-6,84	-6,96	-7,09	-7,23	-7,37	-7,50	0,92
10/04/2022 17:00:00	1,55	1,12	0,66	0,13	-0,53	-1,26	-2,18	-3,11	-3,88	-4,54	-5,19	-5,70	-6,21	-6,48	-6,75	-6,89	-7,02	-7,19	-7,35	-7,49	-7,64	1,11
10/04/2022 17:05:00	1,49	0,88	0,44	0,03	-0,47	-1,11	-1,86	-2,68	-3,45	-4,14	-4,85	-5,44	-6,03	-6,38	-6,72	-6,91	-7,10	-7,30	-7,51	-7,68	-7,84	1,51
10/04/2022 17:10:00	1,47	1,23	0,71	0,15	-0,48	-1,25	-2,18	-3,09	-3,79	-4,42	-5,05	-5,54	-6,04	-6,30	-6,57	-6,70	-6,84	-7,01	-7,17	-7,32	-7,47	1,35
10/04/2022 17:15:00	1,69	1,09	0,54	0,05	-0,46	-1,14	-1,87	-2,66	-3,43	-4,05	-4,65	-5,17	-5,70	-6,00	-6,31	-6,50	-6,68	-6,89	-7,09	-7,26	-7,43	2,14
10/04/2022 17:20:00	1,76	1,36	0,85	0,33	-0,21	-0,75	-1,50	-2,32	-3,08	-3,81	-4,59	-5,28	-5,97	-6,42	-6,86	-7,11	-7,36	-7,63	-7,89	-8,10	-8,30	1,94
10/04/2022 17:25:00	1,89	1,45	0,87	0,29	-0,32	-1,16	-1,94	-2,73	-3,50	-4,19	-4,91	-5,49	-6,06	-6,39	-6,72	-6,89	-7,06	-7,25	-7,44	-7,61	-7,77	1,76
10/04/2022 17:30:00	1,73	1,16	0,71	0,26	-0,27	-0,88	-1,45	-2,08	-2,74	-3,51	-4,35	-5,04	-5,73	-6,14	-6,55	-6,75	-6,94	-7,16	-7,39	-7,57	-7,75	1,62
10/04/2022 17:35:00	1,80	1,14	0,58	0,03	-0,50	-1,08	-1,79	-2,55	-3,22	-3,86	-4,53	-5,10	-5,67	-6,01	-6,35	-6,54	-6,73	-6,94	-7,15	-7,32	-7,50	1,51
10/04/2022 17:40:00	1,73	1,18	0,82	0,42	-0,17	-0,98	-1,83	-2,71	-3,51	-4,26	-5,01	-5,60	-6,19	-6,49	-6,79	-6,93	-7,08	-7,23	-7,39	-7,54	-7,68	1,58
10/04/2022 17:45:00	1,67	1,14	0,71	0,29	-0,21	-0,72	-1,48	-2,30	-3,05	-3,77	-4,54	-5,21	-5,87	-6,29	-6,70	-6,93	-7,16	-7,40	-7,64	-7,83	-8,02	1,28
10/04/2022 17:50:00	1,39	1,00	0,52	-0,01	-0,63	-1,34	-2,11	-2,94	-3,75	-4,44	-5,13	-5,70	-6,27	-6,61	-6,94	-7,13	-7,31	-7,51	-7,72	-7,89	-8,06	1,00
10/04/2022 17:55:00	1,26	0,97	0,47	-0,11	-0,75	-1,40	-2,21	-3,04	-3,77	-4,41	-5,05	-5,58	-6,11	-6,41	-6,71	-6,88	-7,05	-7,24	-7,43	-7,60	-7,77	1,35
10/04/2022 18:00:00	1,38	0,95	0,45	-0,06	-0,61	-1,07	-1,68	-2,38	-3,09	-3,83	-4,65	-5,36	-6,07	-6,52	-6,98	-7,23	-7,48	-7,74	-8,01	-8,22	-8,42	1,06
10/04/2022 18:05:00	1,41	0,74	0,29	-0,03	-0,38	-0,91	-1,71	-2,59	-3,34	-4,07	-4,85	-5,55	-6,26	-6,70	-7,14	-7,40	-7,65	-7,91	-8,16	-8,35	-8,54	1,23
10/04/2022 18:10:00	1,38	0,87	0,26	-0,41	-1,10	-1,87	-2,57	-3,28	-3,98	-4,56	-5,12	-5,55	-5,98	-6,20	-6,43	-6,54	-6,66	-6,81	-6,96	-7,10	-7,25	0,93
10/04/2022 18:15:00	1,43	0,75	0,28	-0,09	-0,53	-1,18	-1,80	-2,49	-3,24	-3,97	-4,75	-5,41	-6,06	-6,46	-6,86	-7,06	-7,27	-7,49	-7,71	-7,89	-8,07	1,02
10/04/2022 18:20:00	1,40	0,93	0,40	-0,18	-0,83	-1,48	-2,30	-3,15	-3,90	-4,46	-4,99	-5,43	-5,87	-6,10	-6,34	-6,48	-6,62	-6,78	-6,95	-7,10	-7,25	0,84
10/04/2022 18:25:00	1,33	1,01	0,61	0,14	-0,48	-1,32	-2,21	-3,09	-3,85	-4,54	-5,23	-5,75	-6,27	-6,54	-6,80	-6,92	-7,04	-7,19	-7,33	-7,47	-7,61	1,44
10/04/2022 18:30:00	1,39	0,80	0,38	-0,06	-0,62	-1,30	-2,07	-2,87	-3,59	-4,32	-5,09	-5,70	-6,31	-6,64	-6,98	-7,14	-7,30	-7,48	-7,66	-7,82	-7,97	1,23
10/04/2022 18:35:00	1,38	0,75	0,31	-0,10	-0,65	-1,33	-2,19	-3,10	-3,88	-4,52	-5,14	-5,65	-6,15	-6,42	-6,69	-6,84	-6,98	-7,15	-7,31	-7,46	-7,60	1,00
10/04/2022 18:40:00	1,32	0,94	0,58	0,11	-0,52	-1,30	-2,12	-2,98	-3,80	-4,49	-5,18	-5,72	-6,26	-6,55	-6,84	-6,98	-7,13	-7,29	-7,46	-7,61	-7,76	1,26
10/04/2022 18:45:00	1,38	0,78	0,38	0,02	-0,48	-1,28	-2,10	-2,97	-3,79	-4,49	-5,19	-5,75	-6,31	-6,62	-6,93	-7,08	-7,24	-7,42	-7,59	-7,74	-7,89	1,31
10/04/2022 18:50:00	1,30	1,01	0,58	0,08	-0,55	-1,35	-2,14	-2,95	-3,72	-4,42	-5,12	-5,67	-6,22	-6,52	-6,81	-6,96	-7,11	-7,28	-7,45	-7,61	-7,77	1,09
10/04/2022 18:55:00	1,45	0,84	0,35	-0,07	-0,55	-1,24	-1,94	-2,72	-3,51	-4,17	-4,82	-5,38	-5,94	-6,27	-6,60	-6,79	-6,98	-7,19	-7,39	-7,56	-7,73	0,91
10/04/2022 19:00:00	1,34	0,89	0,33	-0,21	-0,74	-1,33	-2,04	-2,75	-3,34	-4,01	-4,76	-5,37	-5,98	-6,34	-6,70	-6,89	-7,07	-7,28	-7,48	-7,66	-7,83	1,11
10/04/2022 19:05:00	1,38	0,90	0,40	-0,06	-0,58	-1,27	-1,99	-2,77	-3,55	-4,19	-4,83	-5,37	-5,91	-6,24	-6,56	-6,74	-6,93	-7,13	-7,34	-7,51	-7,68	1,27
10/04/2022 19:10:00	1,29	0,65	0,18	-0,24	-0,69	-1,15	-1,88	-2,69	-3,39	-4,04	-4,72	-5,33	-5,93	-6,31	-6,68	-6,90	-7,12	-7,35	-7,58	-7,76	-7,94	0,85
10/04/2022 19:15:00	1,28	0,85	0,49	0,09	-0,48	-1,24	-2,10	-2,97	-3,72	-4,41	-5,10	-5,63	-6,16	-6,42	-6,69	-6,82	-6,95	-7,10	-7,25	-7,39	-7,53	1,16
10/04/2022 19:20:00	1,28	0,77	0,24	-0,21	-0,65	-1,25	-1,94	-2,67	-3,35	-4,01	-4,70	-5,30	-5,90	-6,27	-6,64	-6,84	-7,05	-7,27	-7,50	-7,68	-7,86	1,19
10/04/2022 19:25:00	1,27	0,80	0,38	-0,01	-0,46	-1,03	-1,84	-2,72	-3,48	-4,14	-4,81	-5,40	-5,99	-6,35	-6,71	-6,92	-7,13	-7,35	-7,57	-7,74	-7,92	1,10
10/04/2022 19:30:00	1,23	0,92	0,48	0,00	-0,58	-1,32	-2,14	-2,97	-3,68	-4,40	-5,14	-5,73	-6,32	-6,64	-6,97	-7,13	-7,29	-7,47	-7,65	-7,81	-7,97	0,73
10/04/2022 19:35:00	1,16	0,77	0,26	-0,21	-0,72	-1,37	-2,19	-3,02	-3,69	-4,33	-4,99	-5,54	-6,09	-6,40	-6,71	-6,88	-7,05	-7,24	-7,42	-7,59	-7,75	0,62
10/04/2022 19:40:00	0,81	0,20	-0,16	-0,44	-0,84	-1,45	-2,15	-2,94	-3,73	-4,47	-5,25	-5,91	-6,57	-6,96	-7,35	-7,56	-7,77	-7,99	-8,21	-8,38	-8,55	0,62
10/04/2022 19:45:00	0,42	0,06	-0,46	-0,98	-1,49	-2,11	-2,73	-3,40	-4,09	-4,74	-5,42	-6,00	-6,58	-6,93	-7,28	-7,48	-7,67	-7,89	-8,10	-8,28	-8,45	0,54
10/04/2022 19:50:00	0,38	-0,05	-0,53	-1,07	-1,69	-2,31	-3,01	-3,72	-4,32	-4,94	-5,58	-6,06	-6,55	-6,80	-7,05	-7,17	-7,28	-7,43	-7,57	-7,72	-7,86	0,34
10/04/2022 19:55:00	0,26	-0,12	-0,53	-1,05	-1,69	-2,38	-3,16	-3,94	-4,61	-5,24	-5,86	-6,32	-6,78	-7,01	-7,23	-7,33	-7,43	-7,56	-7,68	-7,82	-7,95	0,18
10/04/2022 20:00:00	0,15	-0,19	-0,69	-1,08	-1,46	-2,06	-2,77	-3,54	-4,27	-4,87	-5,49	-6,05	-6,61	-6,97	-7,32	-7,54	-7,75	-7,98	-8,21	-8,39	-8,57	0,04
10/04/2022 20:05:00	0,02	-0,43	-0,82	-1,20	-1,66	-2,22	-2,91	-3,66	-4,36	-5,01	-5,69	-6,26	-6,82	-7,15	-7,48	-7,66	-7,83	-8,02	-8,22	-8,38	-8,54	-0,12
10/04/2022 20:10:00	-0,05	-0,49	-0,86	-1,18	-1,61	-2,28	-3,00	-3,79	-4,57	-5,22	-5,89	-6,44	-6,99	-7,31	-7,62	-7,79	-7,96	-8,15	-8,33	-8,49	-8,64	-0,27
10/04/2022 20:15:00	-0,37	-0,81	-1,28	-1,77	-2,28	-2,86	-3,51	-4,20	-4,88	-5,46	-6,04	-6,53	-7,02	-7,29	-7,57	-7,72	-7,87	-8,04	-8,22	-8,37	-8,52	-0,38
10/04/2022 20:20:00	-0,56	-0,91	-1,32	-1,81	-2,35	-2,85	-3,55	-4,28	-4,95	-5,57	-6,20	-6,73	-7,25	-7,54	-7,83	-7,98	-8,14	-8,31	-8,49	-8,65	-8,80	-0,56
10/04/2022 20:25:00	-0,68	-0,98	-1,43	-1,89	-2,43	-3,15	-3,87	-4,61	-5,29	-5,83	-6,37	-6,78	-7,20	-7,40	-7,60	-7,71	-7,81	-7,94	-8,07	-8,20	-8,33	-0,67
10/04/2022 20:30:00	-0,77	-1,09	-1,59	-2,05	-2,50	-3,02	-3,66	-4,32	-4,92	-5,49	-6,10	-6,61	-7,12	-7,42	-7,71	-7,88	-8,04	-8,23	-8,41	-8,57	-8,73	-0,81
10/04/2022 20:35:00	-0,89	-1,27	-1,67	-2,15	-2,65	-3,08	-3,73	-4,47	-5,21	-5,71	-6,21	-6,66	-7,10	-7,36	-7,62	-7,79	-7,95	-8,14	-8,32	-8,48	-8,64	-0,88
10/04/2022 20:40:00	-1,04	-1,36	-1,74	-2,23	-2,78	-3,29	-4,02	-4,74	-5,32	-5,88	-6,44	-6,87	-7,30	-7,51	-7,72	-7,82	-7,92	-8,05	-8,17	-8,30	-8,43	-0,99
10/04/2022 20:45:00	-1,14	-1,39	-1,78	-2,21	-2,74	-3,43	-4,16	-4,86	-5,41	-6,04	-6,68	-7,15	-7,61	-7,83	-8,04	-8,13	-8,21	-8,32	-8,43	-8,55	-8,67	-1,12
10/04/2022 20:50:00	-1,38	-1,62	-1,94	-2,24	-2,63	-3,19	-3,93	-4,71	-5,42	-5,99	-6,58	-7,07	-7,56	-7,84	-8,11	-8,27	-8,42	-8,59	-8,76	-8,91	-9,06	-1,28
10/04/2022 20:55:00	-1,37	-1,72	-2,03	-2,43	-2,96	-3,55	-4,27	-4,99	-5,62	-6,25	-6,88	-7,35	-7,83	-8,06	-8,28	-8,38	-8,47	-8,60	-8,72	-8,84	-8,97	-1,36
10/04/2022 21:00:00	-1,46	-1,88	-2,28	-2,70	-3,16	-3,65	-4,33	-5,02	-5,63	-6,13	-6,63	-7,04	-7,45	-7,66	-7,87	-7,98	-8,10	-8,23	-8,37	-8,50	-8,64	-1,46
10/04/2022 21:05:00	-1,62	-1,99	-2,33	-2,65	-3,08	-3,73	-4,47	-5,27	-6,00	-6,47	-6,93	-7,30	-7,67	-7,84	-8,02	-8,12	-8,22	-8,34	-8,46	-8,58	-8,70	-1,62
10/04/2022 21:10:00	-1,80	-1,96	-2,26	-2,73	-3,33	-3,94	-4,61	-5,29	-5,89	-6,45	-6,99	-7,37	-7,76	-7,92	-8,08	-8,14	-8,20	-8,29	-8,39	-8,51	-8,62	-1,71
10/04/2022 21:15:00	-1,82	-2,09	-2,39	-2,76	-3,25	-3,77	-4,51	-5,26	-5,90	-6,44	-6,98	-7,40	-7,81	-8,02	-8,22	-8,32	-8,42	-8,55	-8,67	-8,80	-8,92	-1,75
10/04/2022 21:20:00	-1,81	-2,20	-2,59	-3,01	-3,45	-3,86	-4,44	-5,04	-5,60	-6,16	-6,77	-7,26	-7,75	-8,02	-8,30	-8,43	-8,57	-8,73	-8,90	-9,04	-9,19	-1,72
10/04/2022 21:25:00	-1,75	-2,42	-2,92	-3,30	-3,62	-3,92	-4,36	-4,89	-5,45	-5,91	-6,42	-6,87	-7,33	-7,61	-7,89	-8,05	-8,22	-8,41	-8,60	-8,76	-8,92	-1,76
10/04/2022 21:30:00	-1,82	-2,23	-2,69	-3,16	-3,63	-4,16	-4,70	-5,29	-5,87	-6,33	-6,80	-7,17	-7,55	-7,73	-7,92	-8,02	-8,12	-8,25	-8,38	-8,51	-8,64	-1,89
10/04/2022 21:35:00	-2,02	-2,48	-2,78	-3,05	-3,42	-3,94	-4,52	-5,16	-5,77	-6,30	-6,84	-7,26	-7,69	-7,90	-8,11	-8,21	-8,32	-8,44	-8,57	-8,69	-8,82	-1,96
10/04/2022 21:40:00	-2,08	-2,45	-2,96	-3,40	-3,79	-4,29	-4,78	-5,27	-5,70	-6,15	-6,62	-6,98	-7,35	-7,53	-7,72	-7,81	-7,90	-8,02	-8,15	-8,28	-8,40	-2,11
10/04/2022 21:45:00	-2,24	-2,50	-2,94	-3,38	-3,80	-4,24	-4,71	-5,17	-5,58	-6,10	-6,64	-7,06	-7,48	-7,70	-7,92	-8,02	-8,12	-8,25	-8,39	-8,52	-8,66	-2,26
10/04/2022 21:50:00	-2,48	-2,64	-3,09	-3,59	-4,03	-4,36	-4,88	-5,42	-5,95	-6,29	-6,65	-6,96	-7,27	-7,45	-7,63	-7,75	-7,87	-8,02	-8,17	-8,32	-8,46	-2,38
10/04/2022 21:55:00	-2,48	-2,97	-3,25	-3,45	-3,67	-3,94	-4,39	-4,97	-5,58	-6,09	-6,65	-7,15	-7,65	-7,96	-8,27	-8,45	-8,63	-8,82	-9,02	-9,18	-9,34	-2,48
10/04/2022 22:00:00	-2,53	-2,95	-3,26	-3,57	-4,00	-4,58	-5,12	-5,72	-6,32	-6,78	-7,23	-7,55	-7,87	-7,99	-8,12	-8,17	-8,22	-8,31	-8,39	-8,50	-8,60	-2,57
10/04/2022 22:05:00	-2,79	-2,96	-3,33	-3,77	-4,21	-4,67	-5,17	-5,68	-6,14	-6,52	-6,91	-7,19	-7,48	-7,60	-7,72	-7,78	-7,85	-7,95	-8,05	-8,16	-8,28	-2,69
10/04/2022 22:10:00	-2,78	-3,14	-3,52	-3,86	-4,21	-4,54	-4,93	-5,40	-5,89	-6,32	-6,79	-7,16	-7,54	-7,75	-7,95	-8,06	-8,18	-8,32	-8,46	-8,60	-8,74	-2,80
10/04/2022 22:15:00	-2,96	-3,10	-3,37	-3,71	-4,16	-4,67	-5,34	-5,96	-6,43	-6,84	-7,23	-7,48	-7,73	-7,80	-7,87	-7,89	-7,91	-7,97	-8,03	-8,12	-8,22	-2,89
10/04/2022 22:20:00	-3,03	-3,11	-3,46	-3,87	-4,35	-4,99	-5,47	-5,94	-6,39	-6,80	-7,20	-7,45	-7,70	-7,77	-7,84	-7,85	-7,86	-7,92	-7,97	-8,07	-8,16	-2,95
10/04/2022 22:25:00	-2,94	-3,30	-3,70	-4,10	-4,50	-4,89	-5,40	-5,87	-6,25	-6,65	-7,06	-7,35	-7,64	-7,75	-7,87	-7,92	-7,97	-8,05	-8,14	-8,25	-8,36	-3,01
10/04/2022 22:30:00	-2,99	-3,39	-3,60	-3,80	-4,13	-4,63	-5,19	-5,79	-6,31	-6,76	-7,20	-7,51	-7,82	-7,93	-8,05	-8,09	-8,14	-8,21	-8,28	-8,38	-8,48	-3,01
10/04/2022 22:35:00	-3,08	-3,43	-3,86	-4,20	-4,55	-5,06	-5,46	-5,89	-6,31	-6,70	-7,11	-7,41	-7,71	-7,83	-7,96	-8,01	-8,07	-8,16	-8,25	-8,36	-8,47	-3,02
10/04/2022 22:40:00	-3,16	-3,39	-3,73	-4,14	-4,60	-5,05	-5,58	-6,07	-6,50	-6,86	-7,21	-7,44	-7,67	-7,73	-7,80	-7,82	-7,83	-7,90	-7,96	-8,06	-8,15	-3,11
10/04/2022 22:45:00	-3,11	-3,45	-3,78	-4,11	-4,51	-4,98	-5,52	-6,02	-6,43	-6,86	-7,28	-7,56	-7,83	-7,93	-8,02	-8,04	-8,07	-8,13	-8,19	-8,29	-8,38	-3,17
10/04/2022 22:50:00	-3,21	-3,47	-3,84	-4,22	-4,62	-5,04	-5,58	-6,07	-6,45	-6,89	-7,34	-7,66	-7,98	-8,11	-8,24	-8,28	-8,33	-8,41	-8,50	-8,60	-8,71	-3,17
10/04/2022 22:55:00	-3,28	-3,53	-3,93	-4,34	-4,78	-5,31	-5,80	-6,29	-6,74	-7,12	-7,49	-7,75	-8,01	-8,10	-8,18	-8,22	-8,25	-8,32	-8,40	-8,50	-8,60	-3,28
10/04/2022 23:00:00	-3,53	-3,75	-4,00	-4,40	-4,86	-5,32	-5,78	-6,24	-6,65	-7,06	-7,45	-7,69	-7,93	-7,99	-8,05	-8,06	-8,06	-8,11	-8,16	-8,25	-8,34	-3,39
10/04/2022 23:05:00	-3,47	-3,88	-4,24	-4,54	-4,85	-5,28	-5,66	-6,07	-6,45	-6,81	-7,18	-7,45	-7,71	-7,81	-7,91	-7,95	-7,99	-8,07	-8,14	-8,25	-8,35	-3,49
10/04/2022 23:10:00	-3,52	-4,09	-4,35	-4,55	-4,81	-5,17	-5,61	-6,10	-6,56	-6,93	-7,30	-7,58	-7,86	-7,97	-8,09	-8,14	-8,19	-8,27	-8,36	-8,46	-8,56	-3,56
10/04/2022 23:15:00	-3,65	-3,94	-4,30	-4,58	-4,87	-5,31	-5,71	-6,16	-6,60	-6,99	-7,40	-7,71	-8,03	-8,18	-8,32	-8,40	-8,47	-8,58	-8,68	-8,80	-8,92	-3,60
10/04/2022 23:20:00	-3,63	-3,90	-4,16	-4,50	-4,87	-5,19	-5,73	-6,25	-6,70	-7,04	-7,38	-7,63	-7,87	-7,97	-8,06	-8,10	-8,15	-8,23	-8,31	-8,42	-8,52	-3,63
10/04/2022 23:25:00	-3,66	-4,04	-4,31	-4,52	-4,77	-5,15	-5,57	-6,09	-6,63	-7,04	-7,47	-7,81	-8,16	-8,34	-8,52	-8,61	-8,71	-8,83	-8,96	-9,08	-9,20	-3,63
10/04/2022 23:30:00	-3,74	-3,99	-4,25	-4,56	-4,96	-5,45	-6,07	-6,59	-6,93	-7,35	-7,75	-7,98	-8,21	-8,25	-8,29	-8,27	-8,26	-8,28	-8,30	-8,38	-8,45	-3,72
10/04/2022 23:35:00	-3,83	-4,12	-4,46	-4,83	-5,22	-5,60	-5,97	-6,41	-6,87	-7,17	-7,48	-7,70	-7,91	-7,99	-8,06	-8,10	-8,14	-8,22	-8,30	-8,40	-8,51	-3,81
10/04/2022 23:40:00	-3,81	-4,15	-4,45	-4,65	-4,89	-5,34	-5,71	-6,10	-6,48	-6,95	-7,43	-7,79	-8,14	-8,30	-8,46	-8,52	-8,58	-8,67	-8,76	-8,87	-8,97	-3,89
10/04/2022 23:45:00	-3,96	-4,26	-4,55	-4,84	-5,14	-5,48	-5,95	-6,44	-6,90	-7,20	-7,50	-7,73	-7,96	-8,05	-8,14	-8,19	-8,25	-8,34	-8,42	-8,53	-8,64	-3,92
10/04/2022 23:50:00	-3,92	-4,14	-4,46	-4,78	-5,13	-5,57	-6,02	-6,44	-6,79	-7,18	-7,56	-7,81	-8,07	-8,15	-8,24	-8,26	-8,29	-8,35	-8,42	-8,51	-8,61	-3,90
10/04/2022 23:55:00	-4,07	-4,28	-4,49	-4,78	-5,14	-5,54	-6,02	-6,60	-7,17	-7,51	-7,85	-8,11	-8,37	-8,48	-8,59	-8,65	-8,72	-8,81	-8,91	-9,01	-9,12	-4,02
