FileFormat:0002.2 file with temperature of atmosphere
SN105HE102
local	GMT or Local
0	GMT-Local=[hours]
0	Height[m]
0	0	0	Longitude                [grd]               [min]               [sec]
0	0	0	Latitude                [grd]               [min]               [sec]
N	NS
56,45	Freq[GHz]
0,00	dTemostat[K]
0,150	MessErr[K]
0,248	//[grad/step]
version 14.4.20120406
MTP5HE102F5645K-38.60I70D219217+A1.1
Commentary:
SN105HE102
парабола ДНА = 2,5 град
НЕ102 - ПУ - ХВБ с ЦСД " S "
АЦП - 202 - 09 с контр.U пит.и М
оптопара серии - 2
Т out № 178 пл
БП LPS - 112
End Of Commentary

SYSTEM\alaska.dat
data time	0	50	100	150	200	250	300	350	400	450	500	550	600	650	700	750	800	850	900	950	1000	OutsideTemperature
23/02/2019 00:00:00	-7,49	-7,86	-8,34	-8,95	-9,54	-10,02	-10,31	-10,54	-10,73	-10,88	-10,98	-10,92	-10,86	-10,67	-10,48	-10,32	-10,16	-10,07	-9,98	-9,99	-10,01	-7,52
23/02/2019 00:05:00	-7,42	-7,88	-8,44	-9,07	-9,67	-10,17	-10,53	-10,84	-11,06	-11,12	-11,14	-11,01	-10,89	-10,66	-10,44	-10,27	-10,11	-10,01	-9,92	-9,93	-9,94	-7,51
23/02/2019 00:10:00	-7,58	-7,82	-8,34	-8,99	-9,63	-10,24	-10,78	-11,12	-11,30	-11,37	-11,37	-11,21	-11,04	-10,77	-10,49	-10,29	-10,09	-9,96	-9,83	-9,82	-9,81	-7,54
23/02/2019 00:15:00	-7,57	-7,73	-8,28	-8,99	-9,70	-10,34	-10,82	-11,09	-11,24	-11,38	-11,46	-11,33	-11,20	-10,94	-10,68	-10,46	-10,25	-10,12	-9,98	-9,97	-9,97	-7,59
23/02/2019 00:20:00	-7,73	-7,97	-8,47	-9,13	-9,75	-10,24	-10,58	-10,84	-11,04	-11,23	-11,38	-11,36	-11,34	-11,18	-11,02	-10,87	-10,71	-10,63	-10,55	-10,57	-10,59	-7,76
23/02/2019 00:25:00	-7,70	-8,04	-8,47	-9,12	-9,79	-10,37	-10,89	-11,24	-11,46	-11,56	-11,59	-11,43	-11,27	-10,99	-10,71	-10,49	-10,27	-10,13	-9,99	-9,97	-9,96	-7,69
23/02/2019 00:30:00	-7,74	-8,12	-8,51	-9,11	-9,75	-10,34	-10,92	-11,31	-11,53	-11,60	-11,58	-11,38	-11,18	-10,87	-10,56	-10,33	-10,10	-9,94	-9,79	-9,76	-9,74	-7,80
23/02/2019 00:35:00	-7,77	-8,06	-8,55	-9,19	-9,83	-10,38	-10,82	-11,15	-11,38	-11,51	-11,58	-11,47	-11,37	-11,14	-10,91	-10,73	-10,55	-10,44	-10,33	-10,34	-10,34	-7,86
23/02/2019 00:40:00	-7,84	-8,16	-8,62	-9,22	-9,84	-10,41	-10,85	-11,20	-11,45	-11,60	-11,71	-11,63	-11,56	-11,35	-11,15	-10,98	-10,80	-10,70	-10,59	-10,60	-10,60	-7,96
23/02/2019 00:45:00	-8,09	-8,27	-8,66	-9,18	-9,79	-10,47	-11,05	-11,52	-11,84	-11,94	-11,96	-11,84	-11,71	-11,46	-11,22	-11,04	-10,86	-10,74	-10,62	-10,62	-10,61	-8,10
23/02/2019 00:50:00	-8,10	-8,32	-8,70	-9,25	-9,90	-10,57	-11,17	-11,62	-11,92	-12,04	-12,08	-11,94	-11,80	-11,53	-11,26	-11,06	-10,85	-10,71	-10,57	-10,56	-10,54	-8,11
23/02/2019 00:55:00	-8,18	-8,42	-8,79	-9,35	-10,00	-10,66	-11,19	-11,59	-11,87	-12,04	-12,13	-12,02	-11,91	-11,66	-11,41	-11,20	-10,99	-10,85	-10,71	-10,69	-10,68	-8,15
23/02/2019 01:00:00	-8,05	-8,47	-8,86	-9,39	-9,97	-10,53	-10,98	-11,39	-11,69	-11,84	-11,94	-11,87	-11,80	-11,59	-11,38	-11,21	-11,04	-10,93	-10,82	-10,82	-10,82	-8,03
23/02/2019 01:05:00	-8,09	-8,51	-8,91	-9,42	-10,01	-10,64	-11,25	-11,69	-11,96	-12,09	-12,14	-12,01	-11,88	-11,62	-11,35	-11,15	-10,94	-10,80	-10,66	-10,63	-10,61	-8,22
23/02/2019 01:10:00	-8,15	-8,48	-8,86	-9,35	-9,89	-10,43	-10,92	-11,33	-11,62	-11,82	-11,97	-11,95	-11,94	-11,77	-11,61	-11,46	-11,31	-11,23	-11,14	-11,15	-11,15	-8,21
23/02/2019 01:15:00	-8,15	-8,48	-8,92	-9,51	-10,12	-10,67	-11,18	-11,57	-11,82	-11,95	-12,02	-11,92	-11,81	-11,58	-11,35	-11,17	-10,99	-10,88	-10,76	-10,76	-10,75	-8,19
23/02/2019 01:20:00	-8,14	-8,61	-9,04	-9,53	-10,09	-10,70	-11,19	-11,57	-11,84	-12,00	-12,09	-12,01	-11,93	-11,70	-11,48	-11,29	-11,11	-10,98	-10,86	-10,84	-10,83	-8,19
23/02/2019 01:25:00	-8,23	-8,55	-8,87	-9,43	-10,07	-10,66	-11,20	-11,59	-11,87	-12,10	-12,26	-12,20	-12,15	-11,92	-11,70	-11,49	-11,29	-11,15	-11,01	-10,99	-10,98	-8,39
23/02/2019 01:30:00	-8,26	-8,61	-8,99	-9,51	-10,06	-10,55	-11,02	-11,47	-11,82	-12,00	-12,13	-12,13	-12,12	-11,97	-11,82	-11,70	-11,57	-11,50	-11,43	-11,45	-11,47	-8,41
23/02/2019 01:35:00	-8,58	-8,67	-9,13	-9,77	-10,48	-11,18	-11,78	-12,21	-12,48	-12,57	-12,57	-12,40	-12,22	-11,93	-11,64	-11,42	-11,20	-11,05	-10,91	-10,89	-10,87	-8,52
23/02/2019 01:40:00	-8,65	-8,77	-9,27	-9,93	-10,59	-11,18	-11,63	-11,90	-12,07	-12,18	-12,22	-12,08	-11,94	-11,68	-11,42	-11,21	-11,00	-10,87	-10,73	-10,72	-10,71	-8,65
23/02/2019 01:45:00	-8,62	-8,89	-9,27	-9,79	-10,36	-10,91	-11,45	-11,88	-12,16	-12,25	-12,28	-12,16	-12,04	-11,80	-11,56	-11,38	-11,20	-11,08	-10,96	-10,96	-10,95	-8,58
23/02/2019 01:50:00	-8,76	-8,87	-9,22	-9,77	-10,39	-11,03	-11,56	-11,96	-12,24	-12,40	-12,48	-12,38	-12,28	-12,04	-11,81	-11,61	-11,42	-11,29	-11,16	-11,15	-11,14	-8,70
23/02/2019 01:55:00	-8,87	-9,01	-9,34	-9,87	-10,46	-11,03	-11,56	-11,89	-12,08	-12,20	-12,25	-12,10	-11,95	-11,67	-11,40	-11,18	-10,96	-10,81	-10,66	-10,64	-10,62	-8,95
23/02/2019 02:00:00	-8,79	-9,04	-9,45	-10,00	-10,57	-11,11	-11,58	-11,87	-12,05	-12,15	-12,18	-12,05	-11,91	-11,65	-11,38	-11,18	-10,97	-10,84	-10,70	-10,69	-10,68	-9,00
23/02/2019 02:05:00	-8,85	-9,05	-9,47	-9,98	-10,60	-11,32	-11,89	-12,21	-12,37	-12,43	-12,39	-12,14	-11,90	-11,54	-11,18	-10,91	-10,64	-10,45	-10,26	-10,21	-10,17	-9,08
23/02/2019 02:10:00	-9,00	-9,24	-9,69	-10,22	-10,73	-11,21	-11,64	-11,99	-12,20	-12,23	-12,22	-12,09	-11,96	-11,74	-11,51	-11,36	-11,20	-11,11	-11,02	-11,03	-11,03	-9,03
23/02/2019 02:15:00	-9,06	-9,33	-9,75	-10,31	-10,89	-11,44	-11,91	-12,23	-12,40	-12,37	-12,27	-12,02	-11,77	-11,43	-11,09	-10,86	-10,63	-10,48	-10,32	-10,29	-10,27	-9,18
23/02/2019 02:20:00	-9,13	-9,28	-9,71	-10,32	-10,97	-11,59	-12,08	-12,40	-12,56	-12,54	-12,43	-12,16	-11,88	-11,52	-11,17	-10,92	-10,67	-10,50	-10,33	-10,30	-10,27	-9,31
23/02/2019 02:25:00	-9,33	-9,50	-9,89	-10,35	-10,88	-11,48	-11,92	-12,29	-12,54	-12,58	-12,57	-12,41	-12,26	-12,00	-11,74	-11,55	-11,37	-11,25	-11,13	-11,12	-11,11	-9,22
23/02/2019 02:30:00	-9,42	-9,45	-9,94	-10,57	-11,14	-11,61	-11,93	-12,09	-12,18	-12,26	-12,30	-12,18	-12,06	-11,83	-11,60	-11,41	-11,23	-11,12	-11,01	-11,01	-11,01	-9,36
23/02/2019 02:35:00	-9,39	-9,48	-9,84	-10,32	-10,84	-11,33	-11,76	-12,16	-12,44	-12,50	-12,51	-12,40	-12,30	-12,08	-11,87	-11,72	-11,58	-11,49	-11,40	-11,41	-11,41	-9,33
23/02/2019 02:40:00	-9,39	-9,46	-9,87	-10,49	-11,12	-11,63	-11,90	-12,10	-12,23	-12,21	-12,14	-11,89	-11,65	-11,32	-11,00	-10,76	-10,53	-10,38	-10,23	-10,21	-10,19	-9,30
23/02/2019 02:45:00	-9,33	-9,55	-9,87	-10,37	-10,91	-11,39	-11,75	-12,05	-12,25	-12,30	-12,30	-12,12	-11,95	-11,67	-11,39	-11,18	-10,97	-10,84	-10,70	-10,69	-10,67	-9,36
23/02/2019 02:50:00	-9,32	-9,64	-10,13	-10,56	-10,95	-11,31	-11,51	-11,68	-11,81	-11,84	-11,85	-11,75	-11,66	-11,48	-11,29	-11,16	-11,03	-10,95	-10,88	-10,90	-10,92	-9,41
23/02/2019 02:55:00	-9,31	-9,67	-10,05	-10,55	-11,02	-11,40	-11,73	-11,99	-12,16	-12,19	-12,17	-12,02	-11,87	-11,63	-11,38	-11,20	-11,03	-10,92	-10,81	-10,81	-10,80	-9,35
23/02/2019 03:00:00	-9,45	-9,59	-10,03	-10,56	-11,04	-11,40	-11,59	-11,69	-11,77	-11,88	-11,95	-11,86	-11,78	-11,58	-11,39	-11,22	-11,05	-10,96	-10,86	-10,87	-10,88	-9,38
23/02/2019 03:05:00	-9,51	-9,60	-10,08	-10,67	-11,16	-11,50	-11,68	-11,73	-11,77	-11,85	-11,90	-11,81	-11,71	-11,51	-11,30	-11,13	-10,97	-10,87	-10,78	-10,79	-10,81	-9,30
23/02/2019 03:10:00	-9,40	-9,60	-10,07	-10,65	-11,14	-11,47	-11,57	-11,57	-11,59	-11,67	-11,73	-11,61	-11,49	-11,27	-11,05	-10,86	-10,67	-10,55	-10,44	-10,45	-10,46	-9,32
23/02/2019 03:15:00	-9,37	-9,62	-10,03	-10,61	-11,23	-11,85	-12,23	-12,45	-12,51	-12,40	-12,20	-11,81	-11,43	-10,98	-10,53	-10,23	-9,92	-9,71	-9,49	-9,43	-9,38	-9,37
23/02/2019 03:20:00	-9,40	-9,67	-10,09	-10,58	-11,01	-11,34	-11,56	-11,63	-11,68	-11,76	-11,82	-11,71	-11,60	-11,38	-11,16	-10,98	-10,80	-10,69	-10,58	-10,58	-10,58	-9,43
23/02/2019 03:25:00	-9,46	-9,62	-10,18	-10,92	-11,49	-11,77	-11,85	-11,79	-11,72	-11,68	-11,60	-11,36	-11,12	-10,82	-10,52	-10,29	-10,07	-9,93	-9,80	-9,80	-9,80	-9,47
23/02/2019 03:30:00	-9,59	-9,81	-10,31	-10,89	-11,40	-11,79	-12,00	-12,09	-12,10	-12,04	-11,92	-11,67	-11,42	-11,11	-10,79	-10,58	-10,36	-10,22	-10,09	-10,08	-10,07	-9,59
23/02/2019 03:35:00	-9,56	-10,01	-10,40	-10,86	-11,34	-11,79	-12,00	-12,08	-12,11	-12,11	-12,04	-11,78	-11,52	-11,16	-10,80	-10,54	-10,27	-10,08	-9,89	-9,85	-9,81	-9,63
23/02/2019 03:40:00	-9,65	-9,88	-10,30	-10,83	-11,33	-11,76	-11,94	-12,03	-12,03	-11,94	-11,78	-11,47	-11,16	-10,79	-10,43	-10,18	-9,93	-9,77	-9,60	-9,58	-9,55	-9,68
23/02/2019 03:45:00	-9,60	-9,91	-10,37	-10,94	-11,46	-11,84	-12,00	-12,02	-11,97	-11,83	-11,63	-11,27	-10,91	-10,51	-10,10	-9,83	-9,56	-9,38	-9,20	-9,17	-9,13	-9,65
23/02/2019 03:50:00	-9,62	-9,88	-10,30	-10,87	-11,35	-11,65	-11,85	-11,87	-11,82	-11,72	-11,55	-11,24	-10,93	-10,56	-10,20	-9,95	-9,71	-9,54	-9,38	-9,36	-9,34	-9,70
23/02/2019 03:55:00	-9,66	-10,03	-10,45	-11,02	-11,50	-11,78	-12,00	-12,08	-12,05	-11,92	-11,74	-11,41	-11,09	-10,72	-10,35	-10,10	-9,85	-9,69	-9,53	-9,50	-9,48	-9,73
23/02/2019 04:00:00	-9,73	-9,97	-10,41	-11,00	-11,56	-11,96	-12,13	-12,20	-12,16	-11,98	-11,74	-11,34	-10,94	-10,51	-10,08	-9,79	-9,51	-9,32	-9,13	-9,09	-9,06	-9,67
23/02/2019 04:05:00	-9,84	-10,13	-10,51	-11,04	-11,46	-11,63	-11,70	-11,65	-11,57	-11,49	-11,37	-11,10	-10,83	-10,51	-10,18	-9,95	-9,73	-9,58	-9,44	-9,43	-9,42	-9,76
23/02/2019 04:10:00	-9,85	-10,15	-10,55	-11,03	-11,40	-11,58	-11,76	-11,68	-11,55	-11,48	-11,36	-11,10	-10,83	-10,50	-10,17	-9,94	-9,70	-9,55	-9,40	-9,38	-9,37	-9,86
23/02/2019 04:15:00	-9,87	-10,08	-10,48	-11,00	-11,48	-11,82	-11,91	-11,88	-11,77	-11,60	-11,36	-10,97	-10,57	-10,15	-9,72	-9,44	-9,16	-8,96	-8,77	-8,74	-8,71	-9,81
23/02/2019 04:20:00	-9,94	-10,07	-10,42	-10,92	-11,41	-11,81	-12,01	-12,06	-11,98	-11,74	-11,41	-10,94	-10,47	-9,99	-9,51	-9,21	-8,91	-8,70	-8,49	-8,44	-8,40	-9,93
23/02/2019 04:25:00	-9,99	-10,24	-10,69	-11,24	-11,72	-12,03	-12,04	-11,89	-11,70	-11,51	-11,25	-10,83	-10,40	-9,96	-9,51	-9,20	-8,90	-8,70	-8,49	-8,45	-8,41	-10,02
23/02/2019 04:30:00	-9,87	-10,22	-10,72	-11,29	-11,68	-11,80	-11,76	-11,52	-11,28	-11,11	-10,90	-10,54	-10,19	-9,80	-9,42	-9,15	-8,89	-8,72	-8,55	-8,53	-8,51	-9,91
23/02/2019 04:35:00	-9,98	-10,23	-10,65	-11,11	-11,40	-11,49	-11,46	-11,29	-11,12	-10,99	-10,83	-10,56	-10,30	-9,99	-9,69	-9,49	-9,29	-9,17	-9,05	-9,05	-9,06	-9,99
23/02/2019 04:40:00	-9,91	-10,24	-10,71	-11,20	-11,52	-11,58	-11,43	-11,23	-11,04	-10,87	-10,68	-10,38	-10,09	-9,77	-9,45	-9,25	-9,04	-8,92	-8,80	-8,81	-8,81	-9,91
23/02/2019 04:45:00	-10,01	-10,28	-10,69	-11,14	-11,40	-11,39	-11,18	-10,90	-10,68	-10,52	-10,34	-10,06	-9,78	-9,48	-9,18	-8,98	-8,78	-8,67	-8,56	-8,57	-8,58	-9,98
23/02/2019 04:50:00	-10,13	-10,45	-10,80	-11,13	-11,32	-11,32	-11,11	-10,89	-10,70	-10,52	-10,32	-10,03	-9,73	-9,43	-9,13	-8,94	-8,75	-8,64	-8,53	-8,54	-8,55	-10,05
23/02/2019 04:55:00	-10,20	-10,32	-10,73	-11,17	-11,46	-11,52	-11,30	-11,03	-10,78	-10,55	-10,31	-9,96	-9,61	-9,25	-8,90	-8,68	-8,46	-8,33	-8,20	-8,20	-8,20	-10,15
23/02/2019 05:00:00	-10,16	-10,39	-10,90	-11,36	-11,55	-11,43	-11,13	-10,76	-10,43	-10,18	-9,93	-9,61	-9,29	-8,99	-8,69	-8,51	-8,33	-8,24	-8,15	-8,17	-8,19	-10,22
23/02/2019 05:05:00	-10,17	-10,63	-11,04	-11,32	-11,37	-11,19	-10,80	-10,39	-10,07	-9,82	-9,58	-9,28	-8,98	-8,69	-8,40	-8,22	-8,05	-7,95	-7,86	-7,88	-7,91	-10,18
23/02/2019 05:10:00	-10,19	-10,47	-11,00	-11,39	-11,54	-11,42	-11,09	-10,69	-10,35	-10,06	-9,78	-9,45	-9,12	-8,81	-8,51	-8,33	-8,15	-8,06	-7,97	-8,00	-8,02	-10,23
23/02/2019 05:15:00	-10,35	-10,54	-10,88	-11,37	-11,58	-11,39	-11,19	-10,76	-10,38	-10,15	-9,90	-9,54	-9,19	-8,84	-8,48	-8,26	-8,03	-7,90	-7,77	-7,77	-7,78	-10,27
23/02/2019 05:20:00	-10,30	-10,52	-10,97	-11,39	-11,59	-11,51	-11,17	-10,76	-10,40	-10,07	-9,73	-9,31	-8,89	-8,50	-8,12	-7,89	-7,66	-7,53	-7,39	-7,40	-7,40	-10,42
23/02/2019 05:25:00	-10,36	-10,59	-10,94	-11,34	-11,54	-11,48	-11,27	-10,93	-10,59	-10,24	-9,87	-9,40	-8,94	-8,51	-8,08	-7,82	-7,57	-7,41	-7,25	-7,24	-7,23	-10,44
23/02/2019 05:30:00	-10,49	-10,59	-10,89	-11,31	-11,58	-11,57	-11,27	-10,88	-10,52	-10,20	-9,85	-9,37	-8,89	-8,43	-7,98	-7,70	-7,41	-7,23	-7,05	-7,04	-7,02	-10,41
23/02/2019 05:35:00	-10,45	-10,46	-10,86	-11,34	-11,64	-11,67	-11,46	-11,11	-10,71	-10,27	-9,77	-9,18	-8,59	-8,07	-7,55	-7,25	-6,95	-6,76	-6,57	-6,54	-6,52	-10,42
23/02/2019 05:40:00	-10,45	-10,59	-10,95	-11,36	-11,63	-11,65	-11,38	-11,08	-10,73	-10,30	-9,81	-9,24	-8,67	-8,17	-7,67	-7,39	-7,11	-6,92	-6,74	-6,72	-6,70	-10,39
23/02/2019 05:45:00	-10,41	-10,51	-10,97	-11,45	-11,70	-11,66	-11,32	-10,80	-10,32	-9,94	-9,52	-9,00	-8,47	-7,99	-7,51	-7,22	-6,92	-6,74	-6,55	-6,54	-6,52	-10,45
23/02/2019 05:50:00	-10,47	-10,60	-10,97	-11,38	-11,56	-11,41	-11,05	-10,50	-10,03	-9,73	-9,41	-8,97	-8,53	-8,11	-7,70	-7,43	-7,16	-7,00	-6,84	-6,83	-6,83	-10,42
23/02/2019 05:55:00	-10,41	-10,66	-11,01	-11,40	-11,58	-11,44	-11,06	-10,56	-10,11	-9,78	-9,41	-8,94	-8,47	-8,03	-7,60	-7,33	-7,06	-6,89	-6,72	-6,71	-6,70	-10,39
23/02/2019 06:00:00	-10,47	-10,63	-10,99	-11,44	-11,63	-11,45	-11,06	-10,54	-10,09	-9,71	-9,31	-8,81	-8,31	-7,86	-7,42	-7,15	-6,88	-6,71	-6,55	-6,55	-6,54	-10,45
23/02/2019 06:05:00	-10,45	-10,58	-10,99	-11,45	-11,64	-11,49	-11,09	-10,59	-10,12	-9,70	-9,25	-8,73	-8,21	-7,76	-7,31	-7,05	-6,79	-6,63	-6,47	-6,47	-6,47	-10,41
23/02/2019 06:10:00	-10,27	-10,50	-10,88	-11,23	-11,37	-11,25	-10,83	-10,34	-9,88	-9,43	-8,96	-8,41	-7,86	-7,38	-6,91	-6,64	-6,37	-6,20	-6,03	-6,02	-6,02	-10,36
23/02/2019 06:15:00	-10,31	-10,49	-10,81	-11,06	-11,14	-11,02	-10,61	-10,20	-9,82	-9,41	-8,97	-8,49	-8,01	-7,59	-7,18	-6,95	-6,73	-6,59	-6,46	-6,46	-6,47	-10,34
23/02/2019 06:20:00	-10,36	-10,50	-10,90	-11,32	-11,44	-11,19	-10,71	-10,09	-9,59	-9,26	-8,92	-8,50	-8,08	-7,70	-7,33	-7,10	-6,87	-6,74	-6,61	-6,63	-6,64	-10,35
23/02/2019 06:25:00	-10,47	-10,49	-10,83	-11,16	-11,29	-11,14	-10,71	-10,22	-9,77	-9,37	-8,94	-8,45	-7,96	-7,54	-7,11	-6,87	-6,63	-6,49	-6,35	-6,36	-6,36	-10,34
23/02/2019 06:30:00	-10,45	-10,50	-10,93	-11,36	-11,51	-11,32	-10,90	-10,35	-9,83	-9,35	-8,84	-8,28	-7,73	-7,26	-6,79	-6,54	-6,28	-6,13	-5,98	-5,98	-5,98	-10,35
23/02/2019 06:35:00	-10,38	-10,50	-10,91	-11,19	-11,23	-11,02	-10,61	-10,11	-9,65	-9,21	-8,78	-8,30	-7,83	-7,44	-7,05	-6,85	-6,64	-6,53	-6,41	-6,43	-6,45	-10,46
23/02/2019 06:40:00	-10,40	-10,68	-11,04	-11,37	-11,39	-11,05	-10,53	-9,96	-9,44	-8,98	-8,52	-8,02	-7,52	-7,11	-6,70	-6,48	-6,26	-6,13	-6,01	-6,03	-6,04	-10,40
23/02/2019 06:45:00	-10,45	-10,51	-10,91	-11,23	-11,29	-11,02	-10,44	-9,79	-9,24	-8,81	-8,37	-7,88	-7,39	-6,99	-6,58	-6,35	-6,12	-6,00	-5,87	-5,89	-5,91	-10,46
23/02/2019 06:50:00	-10,44	-10,65	-11,13	-11,52	-11,62	-11,38	-10,78	-10,11	-9,55	-9,09	-8,63	-8,10	-7,57	-7,13	-6,68	-6,42	-6,17	-6,02	-5,87	-5,88	-5,88	-10,42
23/02/2019 06:55:00	-10,46	-10,81	-11,17	-11,36	-11,24	-10,79	-10,17	-9,48	-8,94	-8,59	-8,27	-7,91	-7,55	-7,25	-6,95	-6,78	-6,61	-6,53	-6,45	-6,49	-6,53	-10,45
23/02/2019 07:00:00	-10,47	-10,83	-11,18	-11,48	-11,50	-11,18	-10,61	-10,02	-9,54	-9,18	-8,82	-8,40	-7,98	-7,61	-7,24	-7,02	-6,80	-6,68	-6,56	-6,57	-6,59	-10,44
23/02/2019 07:05:00	-10,59	-10,75	-11,10	-11,36	-11,38	-11,14	-10,68	-10,12	-9,61	-9,20	-8,77	-8,29	-7,81	-7,40	-6,99	-6,76	-6,53	-6,40	-6,26	-6,27	-6,28	-10,53
23/02/2019 07:10:00	-10,46	-10,83	-11,26	-11,57	-11,57	-11,23	-10,65	-9,98	-9,41	-8,96	-8,51	-8,01	-7,51	-7,10	-6,68	-6,45	-6,22	-6,09	-5,95	-5,97	-5,98	-10,41
23/02/2019 07:15:00	-10,52	-10,69	-11,01	-11,33	-11,38	-11,05	-10,47	-9,83	-9,30	-8,93	-8,56	-8,10	-7,64	-7,24	-6,83	-6,59	-6,35	-6,21	-6,08	-6,09	-6,10	-10,45
23/02/2019 07:20:00	-10,48	-10,66	-11,01	-11,36	-11,44	-11,15	-10,66	-10,08	-9,56	-9,08	-8,59	-8,04	-7,49	-7,03	-6,57	-6,32	-6,07	-5,92	-5,76	-5,77	-5,77	-10,47
23/02/2019 07:25:00	-10,47	-10,68	-11,03	-11,41	-11,56	-11,37	-10,92	-10,31	-9,74	-9,24	-8,70	-8,06	-7,43	-6,88	-6,34	-6,02	-5,71	-5,50	-5,30	-5,27	-5,25	-10,48
23/02/2019 07:30:00	-10,48	-10,64	-10,94	-11,25	-11,35	-11,14	-10,66	-10,10	-9,63	-9,30	-8,95	-8,49	-8,04	-7,63	-7,21	-6,95	-6,70	-6,54	-6,39	-6,39	-6,39	-10,49
23/02/2019 07:35:00	-10,47	-10,62	-10,96	-11,20	-11,17	-10,84	-10,32	-9,70	-9,15	-8,73	-8,30	-7,82	-7,34	-6,94	-6,54	-6,32	-6,10	-5,98	-5,86	-5,87	-5,89	-10,45
23/02/2019 07:40:00	-10,48	-10,55	-10,90	-11,32	-11,54	-11,47	-11,11	-10,63	-10,13	-9,58	-8,97	-8,28	-7,60	-7,02	-6,44	-6,12	-5,80	-5,59	-5,38	-5,35	-5,33	-10,56
23/02/2019 07:45:00	-10,42	-10,53	-10,90	-11,30	-11,43	-11,19	-10,65	-9,95	-9,35	-8,92	-8,45	-7,89	-7,32	-6,83	-6,34	-6,04	-5,75	-5,57	-5,38	-5,37	-5,37	-10,30
23/02/2019 07:50:00	-10,40	-10,52	-10,88	-11,13	-11,17	-10,95	-10,47	-9,88	-9,35	-8,90	-8,43	-7,91	-7,38	-6,94	-6,49	-6,24	-6,00	-5,85	-5,70	-5,71	-5,71	-10,37
23/02/2019 07:55:00	-10,38	-10,45	-10,89	-11,31	-11,43	-11,17	-10,72	-10,04	-9,43	-8,96	-8,46	-7,89	-7,32	-6,84	-6,36	-6,08	-5,81	-5,64	-5,48	-5,48	-5,48	-10,38
23/02/2019 08:00:00	-10,33	-10,54	-10,97	-11,41	-11,58	-11,39	-10,91	-10,26	-9,65	-9,13	-8,56	-7,91	-7,26	-6,70	-6,14	-5,82	-5,50	-5,30	-5,09	-5,07	-5,04	-10,34
23/02/2019 08:05:00	-10,36	-10,72	-10,98	-11,15	-11,17	-10,96	-10,48	-9,89	-9,39	-9,00	-8,59	-8,08	-7,56	-7,10	-6,64	-6,37	-6,09	-5,91	-5,74	-5,72	-5,71	-10,40
23/02/2019 08:10:00	-10,35	-10,47	-10,85	-11,16	-11,25	-11,08	-10,59	-9,94	-9,36	-8,90	-8,41	-7,84	-7,27	-6,78	-6,29	-6,01	-5,72	-5,54	-5,37	-5,36	-5,35	-10,37
23/02/2019 08:15:00	-10,27	-10,47	-10,88	-11,17	-11,17	-10,86	-10,32	-9,61	-8,99	-8,53	-8,07	-7,54	-7,02	-6,58	-6,14	-5,89	-5,64	-5,50	-5,36	-5,36	-5,37	-10,30
23/02/2019 08:20:00	-10,18	-10,35	-10,70	-11,10	-11,26	-11,04	-10,48	-9,80	-9,18	-8,64	-8,05	-7,36	-6,68	-6,10	-5,52	-5,19	-4,86	-4,65	-4,43	-4,41	-4,39	-10,11
23/02/2019 08:25:00	-10,23	-10,50	-10,74	-10,94	-10,90	-10,56	-9,96	-9,30	-8,76	-8,35	-7,92	-7,43	-6,93	-6,51	-6,08	-5,84	-5,60	-5,45	-5,31	-5,31	-5,32	-10,25
23/02/2019 08:30:00	-10,34	-10,55	-10,86	-11,10	-11,06	-10,68	-10,08	-9,49	-8,95	-8,43	-7,90	-7,36	-6,82	-6,39	-5,96	-5,74	-5,52	-5,40	-5,28	-5,30	-5,32	-10,33
23/02/2019 08:35:00	-10,37	-10,55	-10,85	-11,20	-11,26	-10,94	-10,38	-9,77	-9,21	-8,69	-8,15	-7,56	-6,96	-6,47	-5,98	-5,71	-5,44	-5,28	-5,12	-5,12	-5,12	-10,38
23/02/2019 08:40:00	-10,32	-10,73	-11,03	-11,20	-11,15	-10,83	-10,27	-9,63	-9,06	-8,58	-8,08	-7,53	-6,98	-6,52	-6,06	-5,81	-5,56	-5,40	-5,24	-5,24	-5,24	-10,33
23/02/2019 08:45:00	-10,23	-10,46	-10,82	-11,12	-11,16	-10,86	-10,22	-9,53	-8,93	-8,41	-7,86	-7,26	-6,65	-6,15	-5,65	-5,37	-5,09	-4,92	-4,76	-4,76	-4,76	-10,28
23/02/2019 08:50:00	-10,20	-10,48	-10,78	-11,01	-10,93	-10,47	-9,85	-9,17	-8,60	-8,15	-7,72	-7,24	-6,77	-6,39	-6,01	-5,80	-5,60	-5,49	-5,38	-5,41	-5,44	-10,19
23/02/2019 08:55:00	-10,07	-10,51	-10,88	-11,12	-11,11	-10,80	-10,23	-9,60	-9,03	-8,50	-7,95	-7,36	-6,77	-6,28	-5,80	-5,54	-5,29	-5,13	-4,97	-4,97	-4,97	-10,19
23/02/2019 09:00:00	-10,20	-10,37	-10,64	-10,97	-11,05	-10,78	-10,24	-9,57	-8,95	-8,44	-7,88	-7,23	-6,59	-6,04	-5,49	-5,18	-4,87	-4,67	-4,47	-4,46	-4,44	-10,16
23/02/2019 09:05:00	-10,19	-10,31	-10,77	-11,18	-11,24	-10,86	-10,19	-9,43	-8,75	-8,14	-7,53	-6,88	-6,24	-5,74	-5,23	-4,97	-4,71	-4,56	-4,41	-4,42	-4,43	-10,13
23/02/2019 09:10:00	-10,08	-10,25	-10,58	-10,84	-10,87	-10,65	-10,22	-9,59	-8,98	-8,46	-7,91	-7,29	-6,67	-6,14	-5,62	-5,33	-5,04	-4,85	-4,66	-4,65	-4,64	-10,11
23/02/2019 09:15:00	-10,01	-10,31	-10,61	-10,85	-10,88	-10,64	-10,08	-9,40	-8,81	-8,35	-7,85	-7,27	-6,68	-6,17	-5,67	-5,37	-5,08	-4,89	-4,70	-4,69	-4,67	-9,96
23/02/2019 09:20:00	-10,15	-10,34	-10,43	-10,52	-10,41	-10,03	-9,45	-8,81	-8,28	-7,89	-7,48	-7,00	-6,52	-6,11	-5,69	-5,46	-5,23	-5,09	-4,95	-4,96	-4,97	-10,05
23/02/2019 09:25:00	-10,01	-10,32	-10,63	-10,72	-10,53	-10,08	-9,43	-8,76	-8,18	-7,69	-7,21	-6,74	-6,28	-5,92	-5,55	-5,38	-5,21	-5,13	-5,04	-5,08	-5,12	-9,92
23/02/2019 09:30:00	-9,97	-10,22	-10,62	-10,92	-10,90	-10,51	-9,85	-9,09	-8,43	-7,89	-7,35	-6,76	-6,18	-5,72	-5,25	-5,00	-4,75	-4,61	-4,47	-4,48	-4,50	-9,93
23/02/2019 09:35:00	-9,89	-10,26	-10,53	-10,69	-10,63	-10,30	-9,66	-8,97	-8,41	-8,00	-7,57	-7,08	-6,58	-6,15	-5,73	-5,48	-5,23	-5,09	-4,94	-4,94	-4,95	-9,93
23/02/2019 09:40:00	-9,87	-10,33	-10,74	-10,89	-10,73	-10,26	-9,52	-8,80	-8,21	-7,75	-7,31	-6,87	-6,43	-6,08	-5,74	-5,56	-5,39	-5,31	-5,23	-5,27	-5,31	-9,85
23/02/2019 09:45:00	-9,71	-10,26	-10,80	-11,17	-11,09	-10,53	-9,81	-8,98	-8,28	-7,76	-7,26	-6,76	-6,25	-5,86	-5,46	-5,26	-5,06	-4,95	-4,85	-4,89	-4,92	-9,78
23/02/2019 09:50:00	-9,81	-10,31	-10,74	-11,05	-11,03	-10,62	-9,99	-9,29	-8,63	-8,00	-7,36	-6,70	-6,04	-5,52	-5,00	-4,74	-4,47	-4,31	-4,15	-4,16	-4,16	-9,82
23/02/2019 09:55:00	-9,85	-10,27	-10,70	-10,93	-10,82	-10,35	-9,58	-8,76	-8,07	-7,53	-6,99	-6,43	-5,87	-5,43	-4,99	-4,77	-4,54	-4,41	-4,29	-4,31	-4,33	-9,80
23/02/2019 10:00:00	-9,82	-10,19	-10,68	-11,07	-11,12	-10,75	-10,00	-9,16	-8,47	-7,96	-7,44	-6,85	-6,27	-5,78	-5,30	-5,03	-4,75	-4,59	-4,43	-4,44	-4,45	-9,73
23/02/2019 10:05:00	-9,69	-10,22	-10,68	-11,02	-11,00	-10,55	-9,91	-9,12	-8,44	-7,92	-7,41	-6,84	-6,28	-5,81	-5,35	-5,10	-4,84	-4,69	-4,55	-4,56	-4,56	-9,77
23/02/2019 10:10:00	-9,73	-10,25	-10,65	-10,95	-10,91	-10,48	-9,76	-9,00	-8,36	-7,86	-7,36	-6,81	-6,27	-5,82	-5,37	-5,12	-4,88	-4,73	-4,59	-4,60	-4,61	-9,65
23/02/2019 10:15:00	-9,58	-10,13	-10,66	-10,99	-10,96	-10,53	-9,80	-9,03	-8,36	-7,78	-7,20	-6,61	-6,02	-5,56	-5,10	-4,86	-4,63	-4,50	-4,36	-4,38	-4,40	-9,64
23/02/2019 10:20:00	-9,60	-9,94	-10,48	-10,95	-11,02	-10,60	-9,95	-9,22	-8,57	-8,00	-7,42	-6,83	-6,24	-5,78	-5,32	-5,08	-4,84	-4,71	-4,58	-4,61	-4,63	-9,58
23/02/2019 10:25:00	-9,50	-9,90	-10,34	-10,71	-10,73	-10,33	-9,67	-8,97	-8,37	-7,84	-7,30	-6,74	-6,18	-5,73	-5,28	-5,05	-4,81	-4,68	-4,55	-4,57	-4,59	-9,48
23/02/2019 10:30:00	-9,48	-9,87	-10,33	-10,68	-10,70	-10,35	-9,68	-8,89	-8,23	-7,80	-7,36	-6,86	-6,35	-5,92	-5,49	-5,24	-4,99	-4,85	-4,71	-4,73	-4,74	-9,41
23/02/2019 10:35:00	-9,40	-9,77	-10,29	-10,67	-10,65	-10,19	-9,54	-8,74	-8,06	-7,58	-7,12	-6,63	-6,13	-5,74	-5,35	-5,14	-4,94	-4,83	-4,73	-4,76	-4,79	-9,31
23/02/2019 10:40:00	-9,39	-9,80	-10,28	-10,56	-10,52	-10,16	-9,56	-8,86	-8,26	-7,79	-7,31	-6,81	-6,31	-5,91	-5,51	-5,29	-5,08	-4,97	-4,85	-4,88	-4,90	-9,27
23/02/2019 10:45:00	-9,19	-9,73	-10,21	-10,48	-10,36	-9,85	-9,14	-8,37	-7,74	-7,30	-6,88	-6,45	-6,03	-5,69	-5,35	-5,18	-5,01	-4,94	-4,86	-4,90	-4,95	-9,12
23/02/2019 10:50:00	-9,01	-9,47	-9,98	-10,34	-10,41	-10,17	-9,67	-9,02	-8,42	-7,92	-7,41	-6,84	-6,27	-5,79	-5,31	-5,05	-4,79	-4,63	-4,47	-4,47	-4,47	-8,94
23/02/2019 10:55:00	-8,85	-9,24	-9,66	-10,03	-10,13	-9,88	-9,26	-8,57	-7,99	-7,56	-7,10	-6,55	-6,01	-5,54	-5,08	-4,81	-4,54	-4,39	-4,23	-4,23	-4,24	-8,78
23/02/2019 11:00:00	-8,66	-9,08	-9,56	-9,89	-9,93	-9,70	-9,16	-8,46	-7,85	-7,45	-7,03	-6,54	-6,04	-5,61	-5,18	-4,93	-4,68	-4,54	-4,39	-4,40	-4,41	-8,60
23/02/2019 11:05:00	-8,54	-9,08	-9,50	-9,76	-9,74	-9,47	-9,03	-8,52	-8,05	-7,65	-7,24	-6,80	-6,35	-5,98	-5,61	-5,42	-5,23	-5,13	-5,03	-5,06	-5,08	-8,60
23/02/2019 11:10:00	-8,47	-8,82	-9,31	-9,70	-9,78	-9,52	-8,98	-8,40	-7,90	-7,46	-7,01	-6,52	-6,04	-5,65	-5,25	-5,05	-4,85	-4,74	-4,64	-4,67	-4,70	-8,45
23/02/2019 11:15:00	-8,36	-8,69	-9,24	-9,80	-10,02	-9,79	-9,32	-8,66	-8,08	-7,66	-7,21	-6,68	-6,14	-5,69	-5,23	-4,97	-4,71	-4,56	-4,41	-4,42	-4,43	-8,35
23/02/2019 11:20:00	-8,29	-8,77	-9,24	-9,60	-9,70	-9,51	-9,10	-8,58	-8,09	-7,64	-7,17	-6,65	-6,12	-5,68	-5,24	-5,01	-4,77	-4,64	-4,50	-4,51	-4,52	-8,24
23/02/2019 11:25:00	-8,10	-8,51	-8,92	-9,25	-9,33	-9,15	-8,75	-8,30	-7,88	-7,42	-6,94	-6,42	-5,91	-5,48	-5,06	-4,84	-4,63	-4,51	-4,38	-4,41	-4,43	-8,13
23/02/2019 11:30:00	-7,91	-8,30	-8,75	-9,12	-9,17	-8,86	-8,34	-7,72	-7,20	-6,81	-6,43	-5,99	-5,56	-5,20	-4,84	-4,65	-4,46	-4,36	-4,27	-4,31	-4,35	-7,90
23/02/2019 11:35:00	-7,74	-8,30	-8,70	-8,93	-8,96	-8,81	-8,55	-8,08	-7,60	-7,24	-6,86	-6,40	-5,94	-5,53	-5,12	-4,89	-4,66	-4,52	-4,38	-4,38	-4,39	-7,76
23/02/2019 11:40:00	-7,71	-8,04	-8,58	-9,00	-9,08	-8,83	-8,33	-7,71	-7,19	-6,85	-6,52	-6,15	-5,77	-5,45	-5,13	-4,96	-4,78	-4,71	-4,63	-4,68	-4,73	-7,60
23/02/2019 11:45:00	-7,42	-8,05	-8,46	-8,81	-8,82	-8,39	-7,91	-7,33	-6,83	-6,44	-6,06	-5,63	-5,21	-4,86	-4,51	-4,33	-4,15	-4,07	-3,98	-4,02	-4,06	-7,46
23/02/2019 11:50:00	-7,27	-7,78	-8,23	-8,52	-8,53	-8,25	-7,81	-7,33	-6,93	-6,60	-6,28	-5,93	-5,58	-5,29	-4,99	-4,85	-4,71	-4,65	-4,59	-4,64	-4,70	-6,78
23/02/2019 11:55:00	-7,09	-7,67	-8,20	-8,52	-8,52	-8,18	-7,70	-7,13	-6,65	-6,33	-6,02	-5,69	-5,35	-5,07	-4,80	-4,66	-4,52	-4,47	-4,42	-4,48	-4,54	-6,73
23/02/2019 12:00:00	-6,92	-7,50	-8,03	-8,42	-8,50	-8,24	-7,83	-7,35	-6,94	-6,59	-6,26	-5,89	-5,51	-5,20	-4,89	-4,73	-4,58	-4,51	-4,45	-4,50	-4,54	-6,89
23/02/2019 12:05:00	-6,75	-7,26	-7,76	-8,20	-8,43	-8,42	-8,16	-7,72	-7,31	-7,03	-6,71	-6,29	-5,86	-5,46	-5,07	-4,83	-4,59	-4,45	-4,31	-4,32	-4,33	-6,91
23/02/2019 12:10:00	-6,71	-7,27	-7,70	-8,00	-8,10	-8,02	-7,81	-7,52	-7,24	-6,97	-6,70	-6,37	-6,04	-5,74	-5,43	-5,28	-5,12	-5,04	-4,97	-5,01	-5,04	-6,86
23/02/2019 12:15:00	-6,73	-7,41	-7,81	-8,17	-8,33	-8,17	-7,85	-7,45	-7,11	-6,90	-6,66	-6,33	-6,00	-5,69	-5,37	-5,18	-4,98	-4,88	-4,78	-4,81	-4,84	-6,81
23/02/2019 12:20:00	-6,86	-7,24	-7,59	-7,98	-8,24	-8,34	-8,27	-8,04	-7,77	-7,49	-7,15	-6,71	-6,26	-5,84	-5,42	-5,18	-4,93	-4,78	-4,63	-4,63	-4,63	-6,74
23/02/2019 12:25:00	-6,71	-7,25	-7,66	-7,96	-8,07	-7,96	-7,73	-7,43	-7,15	-6,96	-6,77	-6,51	-6,24	-5,98	-5,72	-5,58	-5,43	-5,37	-5,30	-5,35	-5,39	-6,59
23/02/2019 12:30:00	-6,58	-7,11	-7,39	-7,64	-7,73	-7,56	-7,30	-6,98	-6,70	-6,51	-6,31	-6,02	-5,74	-5,46	-5,18	-5,03	-4,87	-4,79	-4,72	-4,76	-4,80	-6,64
23/02/2019 12:35:00	-6,63	-7,15	-7,42	-7,61	-7,69	-7,64	-7,46	-7,25	-7,05	-6,85	-6,62	-6,32	-6,03	-5,74	-5,45	-5,30	-5,15	-5,07	-4,99	-5,03	-5,06	-6,61
23/02/2019 12:40:00	-6,50	-7,04	-7,49	-7,87	-8,07	-8,09	-7,84	-7,51	-7,19	-6,88	-6,54	-6,12	-5,70	-5,31	-4,92	-4,70	-4,49	-4,36	-4,24	-4,26	-4,27	-6,39
23/02/2019 12:45:00	-6,40	-7,00	-7,33	-7,55	-7,60	-7,49	-7,30	-7,05	-6,83	-6,65	-6,47	-6,23	-5,99	-5,75	-5,50	-5,37	-5,24	-5,19	-5,13	-5,18	-5,22	-6,25
23/02/2019 12:50:00	-6,34	-6,77	-7,20	-7,54	-7,70	-7,72	-7,69	-7,52	-7,29	-7,02	-6,72	-6,37	-6,01	-5,69	-5,36	-5,19	-5,03	-4,94	-4,85	-4,89	-4,92	-6,34
23/02/2019 12:55:00	-6,38	-6,95	-7,20	-7,44	-7,61	-7,64	-7,61	-7,46	-7,27	-7,05	-6,78	-6,41	-6,04	-5,67	-5,31	-5,10	-4,89	-4,76	-4,63	-4,65	-4,66	-6,25
23/02/2019 13:00:00	-6,24	-6,79	-7,21	-7,54	-7,72	-7,75	-7,57	-7,34	-7,14	-6,94	-6,72	-6,41	-6,11	-5,81	-5,51	-5,35	-5,18	-5,09	-5,01	-5,04	-5,08	-6,03
23/02/2019 13:05:00	-6,04	-6,61	-7,02	-7,38	-7,52	-7,41	-7,14	-6,86	-6,64	-6,41	-6,17	-5,87	-5,58	-5,31	-5,04	-4,90	-4,77	-4,71	-4,66	-4,71	-4,76	-6,13
23/02/2019 13:10:00	-5,92	-6,59	-7,08	-7,40	-7,48	-7,33	-7,04	-6,66	-6,34	-6,12	-5,92	-5,65	-5,39	-5,14	-4,90	-4,77	-4,64	-4,59	-4,54	-4,60	-4,65	-5,93
23/02/2019 13:15:00	-5,72	-6,57	-6,98	-7,24	-7,34	-7,28	-7,05	-6,79	-6,56	-6,36	-6,14	-5,84	-5,54	-5,26	-4,97	-4,81	-4,65	-4,57	-4,48	-4,52	-4,56	-5,36
23/02/2019 13:20:00	-5,66	-6,30	-6,68	-7,03	-7,23	-7,23	-7,00	-6,75	-6,55	-6,34	-6,11	-5,80	-5,48	-5,17	-4,86	-4,68	-4,51	-4,42	-4,32	-4,36	-4,39	-5,56
23/02/2019 13:25:00	-5,55	-6,17	-6,50	-6,79	-6,91	-6,81	-6,56	-6,30	-6,13	-6,12	-6,12	-6,02	-5,92	-5,77	-5,62	-5,53	-5,43	-5,41	-5,39	-5,45	-5,52	-5,50
23/02/2019 13:30:00	-5,41	-5,96	-6,37	-6,75	-7,01	-7,11	-7,00	-6,82	-6,64	-6,52	-6,36	-6,09	-5,82	-5,54	-5,25	-5,08	-4,91	-4,82	-4,73	-4,77	-4,80	-5,40
23/02/2019 13:35:00	-5,26	-5,78	-6,20	-6,59	-6,89	-7,03	-7,03	-6,92	-6,77	-6,59	-6,36	-6,03	-5,70	-5,37	-5,03	-4,85	-4,66	-4,55	-4,45	-4,47	-4,50	-5,56
23/02/2019 13:40:00	-5,31	-5,61	-5,98	-6,43	-6,80	-7,02	-7,05	-6,97	-6,87	-6,74	-6,57	-6,27	-5,97	-5,65	-5,33	-5,14	-4,95	-4,85	-4,74	-4,77	-4,80	-5,29
23/02/2019 13:45:00	-5,09	-5,66	-5,98	-6,27	-6,49	-6,65	-6,76	-6,78	-6,74	-6,66	-6,53	-6,31	-6,09	-5,84	-5,58	-5,44	-5,29	-5,22	-5,14	-5,18	-5,21	-5,26
23/02/2019 13:50:00	-5,01	-5,40	-5,73	-6,12	-6,46	-6,66	-6,70	-6,69	-6,67	-6,58	-6,45	-6,21	-5,96	-5,69	-5,42	-5,26	-5,10	-5,03	-4,95	-4,98	-5,02	-4,90
23/02/2019 13:55:00	-4,87	-5,32	-5,62	-5,86	-6,01	-6,07	-6,11	-6,16	-6,24	-6,19	-6,14	-6,04	-5,95	-5,82	-5,69	-5,64	-5,59	-5,60	-5,61	-5,69	-5,77	-4,68
23/02/2019 14:00:00	-4,75	-5,26	-5,52	-5,80	-6,08	-6,31	-6,32	-6,39	-6,49	-6,49	-6,45	-6,32	-6,18	-5,99	-5,80	-5,69	-5,58	-5,53	-5,49	-5,54	-5,59	-4,88
23/02/2019 14:05:00	-4,66	-5,22	-5,44	-5,52	-5,58	-5,71	-5,68	-5,73	-5,86	-5,98	-6,12	-6,17	-6,23	-6,20	-6,17	-6,15	-6,14	-6,17	-6,20	-6,29	-6,37	-4,63
23/02/2019 14:10:00	-4,60	-4,97	-5,33	-5,65	-5,93	-6,21	-6,36	-6,36	-6,28	-6,35	-6,37	-6,25	-6,14	-5,94	-5,74	-5,61	-5,47	-5,40	-5,34	-5,38	-5,42	-4,46
23/02/2019 14:15:00	-4,43	-4,85	-5,19	-5,49	-5,71	-5,90	-6,10	-6,21	-6,24	-6,21	-6,16	-6,03	-5,90	-5,73	-5,55	-5,46	-5,37	-5,34	-5,31	-5,37	-5,43	-4,24
23/02/2019 14:20:00	-4,36	-4,89	-5,11	-5,26	-5,39	-5,54	-5,73	-5,89	-6,02	-6,08	-6,13	-6,11	-6,08	-5,98	-5,88	-5,83	-5,78	-5,78	-5,78	-5,85	-5,92	-4,04
23/02/2019 14:25:00	-4,26	-4,83	-4,93	-4,95	-5,07	-5,32	-5,63	-5,89	-6,06	-6,18	-6,25	-6,22	-6,19	-6,06	-5,93	-5,85	-5,78	-5,74	-5,71	-5,76	-5,81	-4,01
23/02/2019 14:30:00	-4,07	-4,79	-4,83	-4,82	-4,94	-5,21	-5,46	-5,75	-5,99	-6,20	-6,36	-6,40	-6,44	-6,35	-6,26	-6,20	-6,13	-6,11	-6,08	-6,14	-6,19	-3,74
23/02/2019 14:35:00	-4,06	-4,65	-4,80	-4,86	-4,98	-5,14	-5,28	-5,46	-5,64	-5,79	-5,93	-5,97	-6,01	-5,95	-5,89	-5,86	-5,82	-5,83	-5,84	-5,92	-6,00	-3,57
23/02/2019 14:40:00	-4,01	-4,67	-4,80	-4,90	-5,09	-5,34	-5,60	-5,86	-6,06	-6,12	-6,14	-6,06	-5,97	-5,81	-5,64	-5,55	-5,46	-5,42	-5,38	-5,43	-5,47	-3,49
23/02/2019 14:45:00	-4,01	-4,51	-4,64	-4,65	-4,73	-5,00	-5,20	-5,39	-5,53	-5,68	-5,81	-5,84	-5,86	-5,77	-5,69	-5,63	-5,58	-5,57	-5,56	-5,62	-5,69	-3,71
23/02/2019 14:50:00	-3,99	-4,24	-4,54	-4,76	-5,01	-5,38	-5,56	-5,72	-5,85	-5,89	-5,89	-5,79	-5,69	-5,53	-5,37	-5,28	-5,19	-5,16	-5,14	-5,20	-5,26	-3,84
23/02/2019 14:55:00	-3,86	-4,47	-4,71	-4,84	-4,95	-5,05	-5,14	-5,27	-5,41	-5,45	-5,47	-5,44	-5,41	-5,32	-5,23	-5,19	-5,16	-5,17	-5,19	-5,27	-5,35	-3,34
23/02/2019 15:00:00	-3,79	-4,25	-4,53	-4,87	-5,16	-5,22	-5,29	-5,33	-5,36	-5,44	-5,50	-5,45	-5,41	-5,29	-5,17	-5,10	-5,03	-5,02	-5,02	-5,09	-5,17	-3,59
23/02/2019 15:05:00	-3,62	-4,21	-4,45	-4,60	-4,71	-4,81	-4,95	-5,06	-5,14	-5,24	-5,34	-5,36	-5,37	-5,30	-5,23	-5,20	-5,16	-5,18	-5,19	-5,27	-5,35	-3,21
23/02/2019 15:10:00	-3,52	-4,03	-4,35	-4,72	-5,01	-5,16	-5,28	-5,34	-5,37	-5,47	-5,55	-5,51	-5,47	-5,36	-5,24	-5,17	-5,09	-5,08	-5,07	-5,14	-5,21	-2,94
23/02/2019 15:15:00	-3,34	-4,00	-4,44	-4,75	-4,98	-5,22	-5,36	-5,47	-5,55	-5,61	-5,65	-5,60	-5,55	-5,44	-5,33	-5,27	-5,21	-5,20	-5,20	-5,27	-5,35	-2,87
23/02/2019 15:20:00	-3,34	-3,78	-4,18	-4,57	-4,91	-5,17	-5,34	-5,45	-5,55	-5,59	-5,61	-5,53	-5,45	-5,30	-5,16	-5,08	-5,00	-4,98	-4,97	-5,03	-5,10	-2,82
23/02/2019 15:25:00	-3,28	-3,82	-4,11	-4,41	-4,66	-4,78	-4,99	-5,14	-5,25	-5,33	-5,39	-5,35	-5,32	-5,21	-5,11	-5,05	-5,00	-5,00	-5,00	-5,08	-5,16	-3,04
23/02/2019 15:30:00	-3,26	-3,74	-4,26	-4,76	-5,12	-5,32	-5,32	-5,28	-5,26	-5,31	-5,35	-5,28	-5,22	-5,10	-4,98	-4,90	-4,83	-4,83	-4,83	-4,91	-4,99	-3,30
23/02/2019 15:35:00	-3,35	-3,86	-4,14	-4,34	-4,49	-4,62	-4,72	-4,83	-4,96	-5,07	-5,18	-5,22	-5,25	-5,21	-5,17	-5,16	-5,14	-5,18	-5,22	-5,31	-5,40	-3,51
23/02/2019 15:40:00	-3,44	-3,88	-4,22	-4,48	-4,68	-4,88	-4,94	-5,01	-5,10	-5,20	-5,29	-5,30	-5,31	-5,24	-5,18	-5,15	-5,12	-5,14	-5,17	-5,25	-5,34	-3,73
23/02/2019 15:45:00	-3,47	-3,82	-4,03	-4,35	-4,75	-5,09	-5,43	-5,73	-5,97	-6,00	-5,97	-5,83	-5,69	-5,48	-5,28	-5,17	-5,06	-5,01	-4,96	-5,01	-5,05	-3,71
23/02/2019 15:50:00	-3,44	-3,84	-4,13	-4,32	-4,47	-4,64	-4,79	-4,93	-5,06	-5,15	-5,24	-5,27	-5,29	-5,25	-5,20	-5,19	-5,18	-5,21	-5,25	-5,35	-5,44	-3,54
23/02/2019 15:55:00	-3,39	-3,92	-4,02	-4,15	-4,35	-4,55	-4,78	-5,02	-5,22	-5,36	-5,47	-5,46	-5,45	-5,35	-5,25	-5,19	-5,13	-5,13	-5,12	-5,19	-5,25	-3,48
23/02/2019 16:00:00	-3,48	-3,83	-3,93	-4,10	-4,39	-4,77	-5,05	-5,31	-5,50	-5,64	-5,72	-5,65	-5,59	-5,43	-5,27	-5,17	-5,06	-5,02	-4,97	-5,02	-5,07	-3,52
23/02/2019 16:05:00	-3,44	-3,96	-4,08	-4,17	-4,29	-4,41	-4,59	-4,74	-4,82	-5,02	-5,19	-5,25	-5,31	-5,26	-5,21	-5,17	-5,13	-5,13	-5,14	-5,22	-5,30	-3,69
23/02/2019 16:10:00	-3,50	-3,79	-3,92	-4,04	-4,21	-4,48	-4,68	-4,92	-5,15	-5,24	-5,30	-5,30	-5,29	-5,21	-5,12	-5,09	-5,06	-5,08	-5,10	-5,18	-5,26	-3,46
23/02/2019 16:15:00	-3,38	-3,99	-4,19	-4,21	-4,24	-4,43	-4,53	-4,65	-4,78	-4,94	-5,10	-5,18	-5,25	-5,23	-5,21	-5,20	-5,19	-5,23	-5,26	-5,35	-5,43	-3,33
23/02/2019 16:20:00	-3,42	-3,77	-4,09	-4,38	-4,56	-4,62	-4,64	-4,65	-4,67	-4,81	-4,97	-5,04	-5,11	-5,10	-5,10	-5,09	-5,09	-5,15	-5,20	-5,31	-5,42	-3,15
23/02/2019 16:25:00	-3,30	-3,87	-4,29	-4,48	-4,49	-4,47	-4,34	-4,25	-4,26	-4,33	-4,45	-4,53	-4,62	-4,65	-4,68	-4,73	-4,77	-4,86	-4,96	-5,08	-5,21	-2,99
23/02/2019 16:30:00	-3,35	-3,72	-4,11	-4,44	-4,68	-4,87	-4,86	-4,82	-4,80	-4,83	-4,86	-4,79	-4,72	-4,59	-4,47	-4,40	-4,34	-4,34	-4,34	-4,42	-4,51	-3,10
23/02/2019 16:35:00	-3,23	-3,73	-4,17	-4,55	-4,82	-5,05	-5,14	-5,17	-5,16	-5,18	-5,19	-5,09	-5,00	-4,86	-4,71	-4,63	-4,55	-4,53	-4,52	-4,59	-4,66	-3,28
23/02/2019 16:40:00	-3,23	-3,75	-4,08	-4,36	-4,58	-4,73	-4,83	-4,91	-4,98	-5,02	-5,05	-4,99	-4,93	-4,81	-4,70	-4,64	-4,58	-4,58	-4,59	-4,67	-4,75	-3,32
23/02/2019 16:45:00	-3,39	-3,95	-4,20	-4,30	-4,39	-4,61	-4,71	-4,86	-5,03	-5,10	-5,16	-5,16	-5,16	-5,09	-5,02	-4,99	-4,97	-5,00	-5,02	-5,10	-5,19	-3,46
23/02/2019 16:50:00	-3,51	-3,87	-4,24	-4,58	-4,84	-5,04	-5,15	-5,23	-5,31	-5,29	-5,26	-5,16	-5,06	-4,92	-4,77	-4,71	-4,65	-4,65	-4,65	-4,73	-4,81	-3,49
23/02/2019 16:55:00	-3,50	-3,87	-4,10	-4,32	-4,57	-4,87	-5,02	-5,12	-5,17	-5,24	-5,27	-5,17	-5,07	-4,90	-4,72	-4,61	-4,51	-4,46	-4,41	-4,47	-4,52	-3,54
23/02/2019 17:00:00	-3,59	-3,87	-4,18	-4,44	-4,63	-4,75	-4,92	-5,00	-5,01	-5,09	-5,16	-5,14	-5,12	-5,04	-4,95	-4,91	-4,86	-4,88	-4,89	-4,98	-5,06	-3,58
23/02/2019 17:05:00	-3,55	-3,90	-4,16	-4,46	-4,75	-4,99	-5,13	-5,29	-5,47	-5,50	-5,50	-5,42	-5,34	-5,20	-5,07	-5,00	-4,94	-4,93	-4,93	-5,00	-5,08	-3,58
23/02/2019 17:10:00	-3,55	-3,76	-4,03	-4,38	-4,69	-4,85	-4,98	-5,11	-5,25	-5,30	-5,34	-5,30	-5,26	-5,16	-5,06	-5,01	-4,97	-4,99	-5,01	-5,09	-5,18	-3,56
23/02/2019 17:15:00	-3,51	-3,83	-4,08	-4,43	-4,78	-4,97	-5,20	-5,33	-5,40	-5,47	-5,50	-5,41	-5,31	-5,15	-4,99	-4,89	-4,79	-4,76	-4,73	-4,79	-4,85	-3,52
23/02/2019 17:20:00	-3,46	-3,77	-4,08	-4,38	-4,64	-4,87	-5,07	-5,23	-5,36	-5,39	-5,40	-5,33	-5,27	-5,15	-5,02	-4,97	-4,92	-4,92	-4,93	-5,01	-5,09	-3,50
23/02/2019 17:25:00	-3,40	-3,70	-4,09	-4,49	-4,76	-4,89	-4,88	-4,83	-4,80	-4,84	-4,88	-4,83	-4,78	-4,68	-4,57	-4,52	-4,46	-4,48	-4,49	-4,58	-4,67	-3,43
23/02/2019 17:30:00	-3,47	-3,54	-3,93	-4,39	-4,82	-5,16	-5,27	-5,28	-5,28	-5,35	-5,39	-5,29	-5,18	-5,01	-4,84	-4,72	-4,61	-4,57	-4,53	-4,60	-4,66	-3,46
23/02/2019 17:35:00	-3,45	-3,64	-3,95	-4,32	-4,68	-4,94	-5,19	-5,36	-5,48	-5,48	-5,45	-5,32	-5,19	-5,02	-4,84	-4,76	-4,67	-4,65	-4,63	-4,70	-4,77	-3,41
23/02/2019 17:40:00	-3,38	-3,68	-4,11	-4,61	-4,98	-5,16	-5,16	-5,07	-4,99	-5,09	-5,17	-5,12	-5,06	-4,94	-4,81	-4,72	-4,63	-4,61	-4,60	-4,67	-4,75	-3,40
23/02/2019 17:45:00	-3,39	-3,60	-3,95	-4,30	-4,53	-4,71	-4,84	-4,86	-4,82	-4,92	-5,01	-5,00	-4,99	-4,91	-4,83	-4,79	-4,74	-4,75	-4,77	-4,86	-4,95	-3,37
23/02/2019 17:50:00	-3,34	-3,56	-3,83	-4,19	-4,57	-4,93	-5,14	-5,30	-5,42	-5,46	-5,46	-5,33	-5,20	-5,01	-4,81	-4,70	-4,58	-4,54	-4,49	-4,55	-4,61	-3,36
23/02/2019 17:55:00	-3,34	-3,53	-3,90	-4,29	-4,60	-4,83	-4,98	-5,06	-5,14	-5,17	-5,19	-5,11	-5,04	-4,92	-4,79	-4,73	-4,68	-4,68	-4,69	-4,78	-4,86	-3,36
23/02/2019 18:00:00	-3,36	-3,58	-3,92	-4,35	-4,69	-4,90	-4,98	-4,99	-5,01	-5,08	-5,13	-5,07	-5,00	-4,88	-4,75	-4,67	-4,59	-4,59	-4,58	-4,66	-4,74	-3,30
23/02/2019 18:05:00	-3,31	-3,57	-3,97	-4,42	-4,79	-4,99	-5,08	-5,11	-5,14	-5,20	-5,24	-5,18	-5,12	-5,00	-4,88	-4,80	-4,73	-4,73	-4,73	-4,82	-4,90	-3,31
23/02/2019 18:10:00	-3,36	-3,58	-4,05	-4,56	-4,91	-5,07	-5,12	-5,10	-5,09	-5,08	-5,07	-4,98	-4,88	-4,76	-4,63	-4,57	-4,50	-4,52	-4,53	-4,62	-4,71	-3,34
23/02/2019 18:15:00	-3,35	-3,57	-3,90	-4,34	-4,74	-5,00	-5,14	-5,21	-5,27	-5,32	-5,34	-5,24	-5,14	-4,97	-4,81	-4,72	-4,62	-4,60	-4,57	-4,64	-4,71	-3,36
23/02/2019 18:20:00	-3,31	-3,69	-4,00	-4,35	-4,69	-4,96	-5,12	-5,26	-5,39	-5,47	-5,51	-5,44	-5,38	-5,24	-5,10	-5,03	-4,95	-4,93	-4,92	-4,99	-5,06	-3,36
23/02/2019 18:25:00	-3,39	-3,50	-3,85	-4,36	-4,83	-5,15	-5,35	-5,48	-5,57	-5,61	-5,62	-5,50	-5,38	-5,21	-5,03	-4,93	-4,83	-4,80	-4,77	-4,84	-4,90	-3,38
23/02/2019 18:30:00	-3,48	-3,67	-4,00	-4,40	-4,76	-5,04	-5,18	-5,23	-5,26	-5,35	-5,41	-5,33	-5,26	-5,12	-4,97	-4,88	-4,79	-4,76	-4,74	-4,81	-4,88	-3,41
23/02/2019 18:35:00	-3,41	-3,72	-4,09	-4,47	-4,75	-4,89	-4,97	-5,04	-5,13	-5,16	-5,20	-5,16	-5,13	-5,04	-4,96	-4,93	-4,90	-4,93	-4,96	-5,05	-5,15	-3,46
23/02/2019 18:40:00	-3,51	-3,79	-4,10	-4,42	-4,70	-4,97	-5,17	-5,31	-5,38	-5,41	-5,42	-5,32	-5,22	-5,07	-4,92	-4,84	-4,76	-4,74	-4,72	-4,79	-4,86	-3,53
23/02/2019 18:45:00	-3,50	-3,78	-4,13	-4,57	-4,94	-5,16	-5,36	-5,44	-5,47	-5,48	-5,47	-5,34	-5,21	-5,03	-4,85	-4,75	-4,64	-4,61	-4,58	-4,64	-4,71	-3,55
23/02/2019 18:50:00	-3,57	-3,71	-4,05	-4,50	-4,88	-5,12	-5,24	-5,29	-5,32	-5,38	-5,42	-5,34	-5,26	-5,11	-4,97	-4,88	-4,80	-4,78	-4,77	-4,84	-4,92	-3,54
23/02/2019 18:55:00	-3,54	-3,81	-4,17	-4,60	-4,95	-5,16	-5,27	-5,29	-5,26	-5,30	-5,32	-5,22	-5,11	-4,95	-4,78	-4,68	-4,58	-4,55	-4,52	-4,59	-4,65	-3,63
23/02/2019 19:00:00	-3,64	-3,85	-4,23	-4,65	-5,00	-5,26	-5,35	-5,36	-5,36	-5,37	-5,35	-5,21	-5,07	-4,89	-4,71	-4,60	-4,49	-4,46	-4,43	-4,49	-4,55	-3,65
23/02/2019 19:05:00	-3,76	-3,95	-4,20	-4,49	-4,79	-5,03	-5,30	-5,47	-5,55	-5,56	-5,53	-5,40	-5,27	-5,09	-4,91	-4,81	-4,72	-4,69	-4,65	-4,72	-4,78	-3,71
23/02/2019 19:10:00	-3,79	-3,80	-4,11	-4,61	-5,05	-5,28	-5,46	-5,52	-5,53	-5,52	-5,47	-5,30	-5,13	-4,91	-4,70	-4,57	-4,45	-4,40	-4,35	-4,41	-4,47	-3,83
23/02/2019 19:15:00	-3,87	-3,86	-4,13	-4,59	-4,99	-5,19	-5,35	-5,40	-5,40	-5,40	-5,35	-5,19	-5,03	-4,83	-4,63	-4,52	-4,41	-4,37	-4,34	-4,40	-4,47	-3,79
23/02/2019 19:20:00	-3,78	-3,97	-4,18	-4,40	-4,64	-4,93	-5,10	-5,21	-5,27	-5,27	-5,22	-5,07	-4,93	-4,73	-4,53	-4,42	-4,32	-4,28	-4,24	-4,29	-4,35	-3,80
23/02/2019 19:25:00	-3,90	-3,85	-4,06	-4,39	-4,72	-4,97	-5,19	-5,34	-5,46	-5,45	-5,40	-5,26	-5,12	-4,94	-4,76	-4,67	-4,58	-4,56	-4,54	-4,61	-4,68	-3,84
23/02/2019 19:30:00	-3,86	-3,86	-4,07	-4,45	-4,80	-4,95	-5,00	-4,98	-4,98	-5,08	-5,16	-5,10	-5,04	-4,91	-4,78	-4,69	-4,60	-4,59	-4,58	-4,65	-4,73	-3,89
23/02/2019 19:35:00	-3,91	-3,94	-4,14	-4,38	-4,59	-4,77	-4,86	-4,89	-4,91	-5,02	-5,11	-5,10	-5,08	-4,99	-4,91	-4,85	-4,80	-4,81	-4,82	-4,91	-4,99	-3,83
23/02/2019 19:40:00	-3,75	-3,91	-4,12	-4,37	-4,63	-4,87	-4,98	-5,07	-5,16	-5,19	-5,18	-5,07	-4,97	-4,81	-4,65	-4,56	-4,48	-4,46	-4,44	-4,51	-4,58	-3,82
23/02/2019 19:45:00	-3,77	-3,95	-4,17	-4,51	-4,84	-5,00	-5,07	-5,08	-5,08	-5,08	-5,04	-4,88	-4,71	-4,51	-4,30	-4,18	-4,06	-4,01	-3,97	-4,03	-4,09	-3,88
23/02/2019 19:50:00	-3,89	-3,92	-4,13	-4,36	-4,56	-4,77	-4,81	-4,78	-4,73	-4,74	-4,71	-4,57	-4,44	-4,26	-4,08	-3,98	-3,88	-3,85	-3,83	-3,89	-3,96	-3,83
23/02/2019 19:55:00	-3,80	-3,87	-4,00	-4,20	-4,38	-4,48	-4,53	-4,57	-4,61	-4,64	-4,64	-4,57	-4,49	-4,36	-4,24	-4,18	-4,12	-4,13	-4,14	-4,22	-4,31	-3,79
23/02/2019 20:00:00	-3,74	-3,81	-4,02	-4,28	-4,48	-4,56	-4,66	-4,64	-4,57	-4,65	-4,71	-4,66	-4,60	-4,49	-4,38	-4,31	-4,24	-4,24	-4,23	-4,32	-4,40	-3,77
23/02/2019 20:05:00	-3,85	-3,80	-3,94	-4,15	-4,39	-4,60	-4,72	-4,75	-4,73	-4,84	-4,93	-4,87	-4,82	-4,68	-4,55	-4,46	-4,37	-4,35	-4,33	-4,40	-4,47	-3,72
23/02/2019 20:10:00	-3,77	-3,88	-4,06	-4,24	-4,40	-4,57	-4,65	-4,65	-4,62	-4,70	-4,75	-4,70	-4,64	-4,52	-4,40	-4,32	-4,25	-4,24	-4,23	-4,31	-4,38	-3,69
23/02/2019 20:15:00	-3,80	-3,85	-4,01	-4,18	-4,31	-4,36	-4,48	-4,49	-4,44	-4,49	-4,52	-4,46	-4,40	-4,29	-4,18	-4,12	-4,07	-4,07	-4,08	-4,16	-4,25	-3,74
23/02/2019 20:20:00	-3,74	-3,73	-3,70	-3,83	-4,08	-4,37	-4,61	-4,81	-4,97	-5,01	-4,99	-4,85	-4,70	-4,50	-4,29	-4,18	-4,07	-4,02	-3,97	-4,02	-4,08	-3,80
23/02/2019 20:25:00	-3,78	-3,74	-3,85	-4,01	-4,22	-4,47	-4,46	-4,46	-4,50	-4,60	-4,68	-4,63	-4,57	-4,44	-4,32	-4,23	-4,15	-4,14	-4,12	-4,20	-4,28	-3,84
23/02/2019 20:30:00	-3,87	-3,81	-3,83	-4,01	-4,22	-4,30	-4,42	-4,49	-4,55	-4,66	-4,75	-4,71	-4,68	-4,58	-4,47	-4,41	-4,35	-4,35	-4,35	-4,44	-4,52	-3,84
23/02/2019 20:35:00	-3,86	-3,95	-3,96	-4,03	-4,09	-4,06	-4,13	-4,21	-4,30	-4,37	-4,44	-4,44	-4,45	-4,40	-4,34	-4,34	-4,33	-4,37	-4,42	-4,52	-4,62	-3,89
23/02/2019 20:40:00	-3,96	-3,93	-3,99	-4,16	-4,33	-4,38	-4,42	-4,43	-4,44	-4,56	-4,66	-4,65	-4,63	-4,55	-4,47	-4,43	-4,38	-4,39	-4,41	-4,50	-4,59	-3,91
23/02/2019 20:45:00	-3,88	-3,93	-3,97	-4,13	-4,36	-4,57	-4,68	-4,80	-4,92	-4,93	-4,90	-4,77	-4,64	-4,46	-4,28	-4,19	-4,10	-4,08	-4,05	-4,12	-4,18	-3,84
23/02/2019 20:50:00	-3,88	-3,96	-4,04	-4,17	-4,32	-4,48	-4,58	-4,64	-4,68	-4,71	-4,71	-4,61	-4,52	-4,37	-4,23	-4,15	-4,08	-4,07	-4,06	-4,13	-4,21	-3,90
23/02/2019 20:55:00	-3,84	-3,91	-3,97	-4,09	-4,24	-4,37	-4,42	-4,40	-4,36	-4,51	-4,64	-4,62	-4,60	-4,50	-4,39	-4,31	-4,23	-4,21	-4,20	-4,27	-4,35	-3,84
23/02/2019 21:00:00	-3,77	-3,83	-3,68	-3,70	-3,88	-4,11	-4,43	-4,71	-4,89	-4,97	-4,98	-4,87	-4,75	-4,57	-4,38	-4,28	-4,18	-4,13	-4,09	-4,14	-4,19	-3,86
23/02/2019 21:05:00	-3,85	-3,84	-3,85	-3,91	-4,00	-4,05	-4,11	-4,18	-4,25	-4,34	-4,43	-4,43	-4,43	-4,37	-4,30	-4,28	-4,26	-4,29	-4,32	-4,42	-4,52	-3,91
23/02/2019 21:10:00	-3,87	-3,82	-3,78	-3,76	-3,81	-3,93	-4,12	-4,28	-4,41	-4,50	-4,57	-4,56	-4,55	-4,48	-4,41	-4,39	-4,36	-4,39	-4,42	-4,51	-4,60	-3,76
23/02/2019 21:15:00	-3,95	-3,87	-3,92	-4,01	-4,11	-4,19	-4,17	-4,15	-4,16	-4,30	-4,45	-4,49	-4,53	-4,49	-4,45	-4,42	-4,40	-4,43	-4,46	-4,57	-4,67	-3,84
23/02/2019 21:20:00	-3,83	-3,83	-3,77	-3,84	-4,00	-4,12	-4,27	-4,42	-4,57	-4,60	-4,60	-4,51	-4,41	-4,27	-4,13	-4,06	-4,00	-3,99	-3,98	-4,06	-4,14	-3,75
23/02/2019 21:25:00	-3,81	-3,60	-3,58	-3,70	-3,94	-4,19	-4,44	-4,62	-4,74	-4,84	-4,88	-4,80	-4,72	-4,57	-4,42	-4,34	-4,25	-4,23	-4,21	-4,27	-4,34	-3,88
23/02/2019 21:30:00	-3,85	-3,83	-3,85	-3,90	-3,99	-4,06	-4,16	-4,24	-4,33	-4,41	-4,48	-4,46	-4,44	-4,37	-4,30	-4,27	-4,24	-4,27	-4,30	-4,39	-4,49	-3,86
23/02/2019 21:35:00	-3,90	-3,91	-3,94	-4,02	-4,10	-4,17	-4,26	-4,29	-4,29	-4,34	-4,37	-4,31	-4,25	-4,14	-4,03	-3,98	-3,93	-3,94	-3,94	-4,03	-4,11	-3,84
23/02/2019 21:40:00	-3,88	-3,84	-3,88	-3,92	-3,97	-4,04	-4,14	-4,19	-4,22	-4,34	-4,45	-4,48	-4,51	-4,47	-4,42	-4,41	-4,39	-4,43	-4,46	-4,56	-4,66	-3,86
23/02/2019 21:45:00	-3,72	-3,64	-3,81	-4,06	-4,26	-4,33	-4,42	-4,44	-4,44	-4,46	-4,46	-4,38	-4,31	-4,19	-4,08	-4,03	-3,98	-4,00	-4,02	-4,11	-4,20	-3,69
23/02/2019 21:50:00	-3,90	-3,57	-3,60	-3,80	-4,04	-4,25	-4,34	-4,39	-4,43	-4,50	-4,55	-4,46	-4,38	-4,24	-4,10	-4,02	-3,94	-3,93	-3,92	-4,00	-4,08	-3,83
23/02/2019 21:55:00	-3,71	-3,71	-3,82	-3,92	-4,03	-4,19	-4,26	-4,33	-4,42	-4,47	-4,50	-4,46	-4,41	-4,32	-4,22	-4,19	-4,15	-4,18	-4,20	-4,29	-4,38	-3,59
23/02/2019 22:00:00	-3,85	-3,85	-3,88	-3,95	-4,03	-4,08	-4,14	-4,20	-4,28	-4,36	-4,44	-4,43	-4,43	-4,37	-4,31	-4,29	-4,27	-4,31	-4,35	-4,45	-4,55	-3,92
23/02/2019 22:05:00	-3,89	-3,93	-3,97	-4,03	-4,15	-4,31	-4,42	-4,49	-4,54	-4,62	-4,67	-4,61	-4,55	-4,43	-4,30	-4,24	-4,17	-4,16	-4,15	-4,23	-4,30	-3,80
23/02/2019 22:10:00	-3,82	-3,61	-3,71	-3,92	-4,15	-4,31	-4,41	-4,44	-4,46	-4,52	-4,54	-4,46	-4,37	-4,23	-4,09	-4,02	-3,94	-3,94	-3,93	-4,01	-4,09	-3,90
23/02/2019 22:15:00	-3,82	-3,41	-3,49	-3,79	-4,13	-4,35	-4,51	-4,59	-4,64	-4,68	-4,67	-4,54	-4,40	-4,23	-4,06	-3,96	-3,87	-3,85	-3,83	-3,90	-3,98	-3,87
23/02/2019 22:20:00	-3,74	-3,64	-3,78	-3,89	-3,96	-4,03	-4,09	-4,13	-4,17	-4,24	-4,32	-4,34	-4,35	-4,32	-4,28	-4,28	-4,28	-4,34	-4,39	-4,50	-4,61	-3,78
23/02/2019 22:25:00	-3,76	-3,69	-3,80	-4,00	-4,15	-4,21	-4,17	-4,13	-4,14	-4,22	-4,30	-4,28	-4,26	-4,19	-4,12	-4,09	-4,06	-4,09	-4,13	-4,23	-4,33	-3,87
23/02/2019 22:30:00	-3,99	-3,74	-3,82	-3,92	-3,99	-4,06	-4,01	-4,01	-4,08	-4,19	-4,32	-4,38	-4,44	-4,44	-4,45	-4,47	-4,49	-4,56	-4,64	-4,76	-4,89	-3,83
23/02/2019 22:35:00	-3,91	-3,82	-3,90	-4,05	-4,20	-4,32	-4,34	-4,35	-4,37	-4,42	-4,45	-4,39	-4,33	-4,22	-4,11	-4,05	-4,00	-4,01	-4,02	-4,11	-4,20	-3,84
23/02/2019 22:40:00	-3,93	-3,98	-3,94	-3,96	-3,99	-3,97	-3,90	-3,93	-4,04	-4,16	-4,29	-4,35	-4,40	-4,40	-4,39	-4,40	-4,41	-4,48	-4,54	-4,66	-4,77	-3,85
23/02/2019 22:45:00	-3,89	-3,71	-3,67	-3,85	-4,10	-4,22	-4,31	-4,33	-4,31	-4,48	-4,62	-4,59	-4,57	-4,45	-4,33	-4,24	-4,15	-4,13	-4,11	-4,19	-4,26	-3,92
23/02/2019 22:50:00	-3,88	-3,73	-3,79	-3,89	-4,00	-4,14	-4,27	-4,34	-4,38	-4,45	-4,51	-4,47	-4,43	-4,34	-4,24	-4,20	-4,16	-4,18	-4,20	-4,29	-4,38	-3,95
23/02/2019 22:55:00	-3,91	-3,53	-3,61	-3,87	-4,12	-4,26	-4,32	-4,37	-4,48	-4,54	-4,58	-4,54	-4,50	-4,41	-4,32	-4,29	-4,25	-4,29	-4,32	-4,42	-4,53	-3,83
23/02/2019 23:00:00	-3,92	-3,75	-3,88	-4,12	-4,34	-4,49	-4,62	-4,71	-4,79	-4,75	-4,68	-4,54	-4,39	-4,23	-4,07	-4,01	-3,94	-3,94	-3,95	-4,03	-4,11	-3,94
23/02/2019 23:05:00	-3,90	-3,71	-3,76	-3,87	-4,01	-4,19	-4,24	-4,29	-4,36	-4,53	-4,68	-4,73	-4,77	-4,73	-4,69	-4,67	-4,64	-4,67	-4,71	-4,81	-4,90	-3,91
23/02/2019 23:10:00	-3,85	-3,76	-3,83	-3,97	-4,17	-4,40	-4,53	-4,66	-4,81	-4,88	-4,92	-4,88	-4,83	-4,72	-4,61	-4,56	-4,51	-4,51	-4,52	-4,61	-4,69	-3,94
23/02/2019 23:15:00	-3,88	-3,69	-3,75	-3,95	-4,19	-4,38	-4,55	-4,62	-4,62	-4,77	-4,88	-4,85	-4,82	-4,70	-4,58	-4,50	-4,42	-4,40	-4,38	-4,46	-4,53	-3,94
23/02/2019 23:20:00	-3,89	-3,49	-3,70	-4,06	-4,41	-4,70	-4,82	-4,82	-4,80	-4,83	-4,83	-4,70	-4,56	-4,38	-4,20	-4,10	-3,99	-3,96	-3,94	-4,01	-4,08	-3,90
23/02/2019 23:25:00	-3,87	-3,64	-3,74	-4,00	-4,31	-4,62	-4,82	-4,95	-5,03	-5,07	-5,07	-4,95	-4,82	-4,64	-4,46	-4,36	-4,25	-4,22	-4,19	-4,25	-4,32	-3,81
23/02/2019 23:30:00	-3,86	-3,55	-3,64	-3,91	-4,18	-4,34	-4,56	-4,67	-4,73	-4,84	-4,93	-4,90	-4,87	-4,77	-4,68	-4,62	-4,56	-4,58	-4,59	-4,68	-4,76	-3,79
23/02/2019 23:35:00	-3,76	-3,71	-3,82	-3,98	-4,19	-4,44	-4,56	-4,67	-4,80	-4,89	-4,95	-4,91	-4,87	-4,76	-4,66	-4,60	-4,55	-4,56	-4,56	-4,65	-4,73	-3,91
23/02/2019 23:40:00	-4,05	-3,92	-3,91	-4,04	-4,24	-4,41	-4,60	-4,72	-4,79	-4,90	-4,97	-4,91	-4,86	-4,73	-4,60	-4,53	-4,45	-4,44	-4,42	-4,50	-4,57	-4,02
23/02/2019 23:45:00	-3,98	-3,78	-3,79	-3,95	-4,20	-4,46	-4,72	-4,86	-4,90	-4,98	-5,00	-4,89	-4,77	-4,59	-4,41	-4,30	-4,19	-4,14	-4,09	-4,15	-4,21	-4,01
23/02/2019 23:50:00	-4,03	-3,81	-3,81	-3,92	-4,10	-4,30	-4,48	-4,55	-4,53	-4,65	-4,73	-4,67	-4,61	-4,47	-4,33	-4,24	-4,15	-4,12	-4,10	-4,17	-4,24	-4,09
23/02/2019 23:55:00	-3,98	-3,74	-3,76	-3,94	-4,10	-4,12	-4,27	-4,33	-4,33	-4,47	-4,60	-4,63	-4,65	-4,60	-4,55	-4,52	-4,49	-4,52	-4,55	-4,65	-4,75	-3,99
