FileFormat:0002.2 file with temperature of atmosphere
SN105HE102
local	GMT or Local
0	GMT-Local=[hours]
0	Height[m]
0	0	0	Longitude                [grd]               [min]               [sec]
0	0	0	Latitude                [grd]               [min]               [sec]
N	NS
56,45	Freq[GHz]
0,00	dTemostat[K]
0,150	MessErr[K]
0,248	//[grad/step]
version 14.4.20120406
MTP5HE102F5645K-38.60I70D219217+A1.1
Commentary:
SN105HE102
парабола ДНА = 2,5 град
НЕ102 - ПУ - ХВБ с ЦСД " S "
АЦП - 202 - 09 с контр.U пит.и М
оптопара серии - 2
Т out № 178 пл
БП LPS - 112
End Of Commentary

SYSTEM\summer.dat
data time	0	50	100	150	200	250	300	350	400	450	500	550	600	650	700	750	800	850	900	950	1000	OutsideTemperature
06/07/2020 00:00:00	18,77	19,37	19,43	19,40	19,26	19,10	18,94	18,79	18,61	18,42	18,28	18,11	17,95	17,72	17,50	17,17	16,84	16,45	16,06	15,64	15,22	19,06
06/07/2020 00:05:00	18,62	19,16	19,25	19,22	19,05	18,93	18,77	18,56	18,35	18,18	18,05	17,88	17,72	17,49	17,26	16,93	16,60	16,21	15,83	15,41	14,99	18,62
06/07/2020 00:10:00	18,51	19,00	19,11	19,13	19,04	18,94	18,80	18,63	18,48	18,36	18,23	18,07	17,92	17,70	17,48	17,16	16,83	16,45	16,07	15,65	15,23	18,70
06/07/2020 00:15:00	18,42	18,86	18,98	19,06	19,07	19,00	18,90	18,84	18,72	18,60	18,52	18,41	18,29	18,10	17,90	17,58	17,27	16,88	16,50	16,07	15,65	18,57
06/07/2020 00:20:00	18,46	18,84	18,99	19,06	19,06	18,97	18,85	18,73	18,60	18,47	18,44	18,35	18,26	18,08	17,90	17,58	17,26	16,88	16,50	16,08	15,66	18,49
06/07/2020 00:25:00	18,48	18,85	18,97	19,04	19,02	18,95	18,84	18,73	18,64	18,59	18,46	18,30	18,14	17,92	17,71	17,40	17,09	16,72	16,34	15,92	15,51	18,73
06/07/2020 00:30:00	18,38	18,58	18,68	18,77	18,84	18,80	18,73	18,68	18,58	18,48	18,41	18,29	18,17	17,98	17,78	17,47	17,15	16,77	16,38	15,95	15,52	18,66
06/07/2020 00:35:00	18,39	18,81	18,95	19,04	19,03	18,96	18,87	18,81	18,73	18,66	18,61	18,51	18,42	18,25	18,07	17,78	17,48	17,11	16,74	16,33	15,92	18,54
06/07/2020 00:40:00	18,33	18,63	18,74	18,81	18,77	18,72	18,63	18,53	18,43	18,35	18,31	18,22	18,14	17,96	17,79	17,49	17,19	16,82	16,45	16,04	15,63	18,39
06/07/2020 00:45:00	18,06	18,46	18,60	18,70	18,73	18,69	18,64	18,62	18,56	18,49	18,42	18,31	18,20	18,02	17,84	17,55	17,25	16,88	16,52	16,10	15,69	18,07
06/07/2020 00:50:00	18,07	18,57	18,75	18,86	18,86	18,82	18,72	18,55	18,41	18,30	18,25	18,14	18,03	17,84	17,64	17,31	16,99	16,60	16,21	15,78	15,36	18,12
06/07/2020 00:55:00	17,73	18,01	18,29	18,52	18,63	18,72	18,73	18,70	18,68	18,68	18,58	18,45	18,31	18,11	17,91	17,61	17,30	16,92	16,54	16,11	15,68	17,72
06/07/2020 01:00:00	17,66	18,08	18,34	18,56	18,68	18,73	18,73	18,70	18,63	18,57	18,54	18,45	18,35	18,17	17,99	17,68	17,37	16,98	16,60	16,17	15,74	17,42
06/07/2020 01:05:00	17,32	17,62	17,92	18,19	18,34	18,41	18,41	18,38	18,31	18,23	18,21	18,11	18,02	17,83	17,64	17,32	17,00	16,61	16,22	15,79	15,35	17,29
06/07/2020 01:10:00	17,42	17,79	18,09	18,32	18,43	18,51	18,51	18,44	18,36	18,28	18,20	18,07	17,93	17,72	17,50	17,18	16,85	16,46	16,07	15,63	15,19	17,44
06/07/2020 01:15:00	17,54	17,82	18,11	18,37	18,52	18,58	18,58	18,57	18,51	18,45	18,36	18,22	18,08	17,87	17,65	17,33	17,01	16,62	16,23	15,79	15,35	17,56
06/07/2020 01:20:00	17,39	17,71	17,97	18,18	18,28	18,33	18,31	18,23	18,16	18,12	18,04	17,92	17,79	17,59	17,38	17,07	16,75	16,37	15,99	15,56	15,13	17,49
06/07/2020 01:25:00	17,52	17,92	18,15	18,34	18,43	18,45	18,42	18,38	18,27	18,13	18,03	17,89	17,74	17,52	17,30	16,97	16,64	16,25	15,85	15,41	14,97	17,57
06/07/2020 01:30:00	17,64	18,06	18,21	18,31	18,31	18,25	18,14	17,98	17,87	17,80	17,73	17,61	17,49	17,29	17,09	16,78	16,47	16,09	15,72	15,31	14,90	17,62
06/07/2020 01:35:00	17,71	18,17	18,29	18,32	18,24	18,17	18,08	17,95	17,82	17,71	17,62	17,50	17,38	17,18	16,99	16,68	16,38	16,01	15,65	15,24	14,84	17,62
06/07/2020 01:40:00	18,08	18,43	18,37	18,27	18,17	18,07	17,98	17,89	17,78	17,69	17,64	17,57	17,50	17,35	17,20	16,92	16,64	16,30	15,95	15,56	15,18	18,03
06/07/2020 01:45:00	18,19	18,38	18,36	18,30	18,14	18,04	17,93	17,81	17,70	17,63	17,60	17,53	17,46	17,31	17,16	16,88	16,61	16,27	15,92	15,54	15,17	17,82
06/07/2020 01:50:00	17,92	18,32	18,34	18,30	18,23	18,15	18,05	17,99	17,90	17,84	17,76	17,66	17,57	17,40	17,23	16,95	16,67	16,33	15,98	15,59	15,20	17,93
06/07/2020 01:55:00	17,78	18,05	18,15	18,20	18,15	18,10	18,02	17,93	17,83	17,74	17,71	17,64	17,56	17,39	17,22	16,93	16,63	16,28	15,92	15,52	15,12	17,74
06/07/2020 02:00:00	17,78	18,06	18,13	18,16	18,11	18,03	17,90	17,76	17,61	17,49	17,45	17,36	17,26	17,08	16,90	16,58	16,27	15,90	15,53	15,13	14,72	17,96
06/07/2020 02:05:00	17,54	17,70	17,76	17,79	17,78	17,71	17,62	17,54	17,44	17,36	17,29	17,18	17,07	16,89	16,70	16,41	16,11	15,76	15,40	15,00	14,60	17,77
06/07/2020 02:10:00	17,72	17,86	17,99	18,08	18,08	18,09	18,07	18,03	17,94	17,86	17,80	17,69	17,58	17,40	17,21	16,92	16,62	16,25	15,88	15,47	15,06	17,77
06/07/2020 02:15:00	17,71	17,85	18,02	18,18	18,27	18,26	18,20	18,12	18,06	18,01	17,94	17,82	17,70	17,50	17,31	17,00	16,69	16,31	15,94	15,52	15,10	17,63
06/07/2020 02:20:00	17,64	17,81	17,97	18,08	18,07	18,05	17,98	17,86	17,80	17,80	17,71	17,59	17,47	17,28	17,10	16,80	16,51	16,15	15,79	15,40	15,00	17,47
06/07/2020 02:25:00	17,60	17,61	17,69	17,78	17,83	17,86	17,84	17,75	17,68	17,65	17,60	17,50	17,39	17,21	17,03	16,73	16,44	16,07	15,71	15,29	14,88	17,70
06/07/2020 02:30:00	17,67	17,56	17,58	17,62	17,62	17,70	17,74	17,71	17,68	17,67	17,68	17,64	17,60	17,46	17,33	17,06	16,80	16,46	16,11	15,71	15,32	17,68
06/07/2020 02:35:00	17,66	17,57	17,60	17,67	17,74	17,73	17,69	17,68	17,65	17,63	17,63	17,58	17,53	17,39	17,24	16,97	16,70	16,35	16,00	15,61	15,21	17,65
06/07/2020 02:40:00	17,54	17,43	17,53	17,68	17,87	17,92	17,92	17,92	17,90	17,87	17,88	17,82	17,76	17,60	17,44	17,15	16,86	16,49	16,12	15,70	15,28	17,57
06/07/2020 02:45:00	17,50	17,43	17,65	17,87	17,98	18,06	18,09	18,13	18,09	18,04	17,97	17,84	17,71	17,52	17,32	17,02	16,72	16,34	15,96	15,53	15,11	17,47
06/07/2020 02:50:00	17,45	17,42	17,59	17,77	17,85	17,92	17,95	17,96	17,93	17,91	17,91	17,84	17,78	17,62	17,47	17,19	16,90	16,54	16,18	15,78	15,37	17,43
06/07/2020 02:55:00	17,45	17,53	17,78	18,01	18,11	18,17	18,16	18,10	18,08	18,08	17,98	17,84	17,70	17,50	17,30	16,99	16,69	16,31	15,94	15,51	15,09	17,44
06/07/2020 03:00:00	17,51	17,59	17,77	17,94	18,02	18,04	18,01	18,00	17,95	17,91	17,85	17,74	17,63	17,44	17,26	16,96	16,66	16,29	15,92	15,51	15,10	17,53
06/07/2020 03:05:00	17,58	17,65	17,86	18,04	18,09	18,14	18,13	18,04	17,94	17,84	17,78	17,66	17,54	17,34	17,13	16,81	16,49	16,10	15,71	15,28	14,84	17,59
06/07/2020 03:10:00	17,66	17,57	17,72	17,89	17,97	18,04	18,05	18,00	17,97	17,97	17,87	17,73	17,59	17,39	17,19	16,90	16,60	16,23	15,86	15,43	15,01	17,62
06/07/2020 03:15:00	17,67	17,56	17,63	17,76	17,88	17,95	17,94	17,87	17,83	17,83	17,75	17,63	17,50	17,31	17,11	16,81	16,51	16,14	15,77	15,34	14,92	17,65
06/07/2020 03:20:00	17,63	17,56	17,59	17,67	17,76	17,83	17,83	17,77	17,71	17,69	17,68	17,61	17,54	17,38	17,22	16,93	16,64	16,27	15,91	15,49	15,07	17,69
06/07/2020 03:25:00	17,67	17,64	17,66	17,73	17,80	17,83	17,81	17,75	17,70	17,66	17,65	17,57	17,50	17,34	17,17	16,89	16,60	16,24	15,88	15,47	15,06	17,69
06/07/2020 03:30:00	17,65	17,70	17,79	17,88	17,92	17,90	17,84	17,79	17,74	17,73	17,64	17,52	17,40	17,21	17,03	16,74	16,45	16,09	15,74	15,34	14,93	17,72
06/07/2020 03:35:00	17,68	17,54	17,70	17,88	17,98	18,03	18,04	18,02	17,95	17,87	17,80	17,67	17,54	17,34	17,14	16,82	16,51	16,13	15,74	15,30	14,87	17,67
06/07/2020 03:40:00	17,67	17,54	17,67	17,82	17,87	17,92	17,93	17,92	17,84	17,75	17,68	17,55	17,42	17,22	17,02	16,71	16,41	16,03	15,65	15,22	14,79	17,65
06/07/2020 03:45:00	17,69	17,61	17,69	17,82	17,96	18,02	17,99	17,91	17,87	17,86	17,80	17,68	17,56	17,37	17,18	16,88	16,57	16,20	15,82	15,39	14,97	17,69
06/07/2020 03:50:00	17,60	17,54	17,69	17,85	17,89	17,93	17,91	17,80	17,74	17,72	17,64	17,51	17,38	17,18	16,98	16,68	16,37	16,00	15,63	15,21	14,79	17,64
06/07/2020 03:55:00	17,67	17,64	17,83	18,02	18,12	18,18	18,18	18,12	18,06	18,02	17,93	17,79	17,66	17,45	17,24	16,93	16,62	16,23	15,85	15,41	14,98	17,69
06/07/2020 04:00:00	17,66	17,66	17,78	17,90	17,97	17,95	17,91	17,89	17,80	17,69	17,63	17,52	17,41	17,22	17,02	16,71	16,40	16,03	15,65	15,22	14,80	17,69
06/07/2020 04:05:00	17,72	17,65	17,76	17,90	18,02	18,14	18,17	18,10	18,02	17,95	17,92	17,83	17,73	17,55	17,36	17,05	16,74	16,35	15,96	15,52	15,08	17,68
06/07/2020 04:10:00	17,64	17,61	17,75	17,87	17,85	17,88	17,86	17,79	17,69	17,59	17,60	17,54	17,47	17,31	17,15	16,85	16,55	16,18	15,82	15,41	15,00	17,65
06/07/2020 04:15:00	17,58	17,53	17,61	17,70	17,77	17,80	17,76	17,66	17,60	17,57	17,60	17,55	17,51	17,36	17,21	16,92	16,63	16,27	15,91	15,50	15,10	17,67
06/07/2020 04:20:00	17,54	17,55	17,61	17,71	17,81	17,80	17,77	17,78	17,75	17,73	17,69	17,61	17,53	17,37	17,21	16,93	16,65	16,30	15,94	15,54	15,14	17,54
06/07/2020 04:25:00	17,50	17,42	17,54	17,67	17,74	17,75	17,71	17,67	17,63	17,61	17,54	17,43	17,31	17,12	16,94	16,65	16,36	16,00	15,63	15,23	14,82	17,56
06/07/2020 04:30:00	17,68	17,54	17,59	17,69	17,81	17,89	17,90	17,87	17,85	17,84	17,79	17,69	17,59	17,42	17,24	16,96	16,67	16,31	15,94	15,52	15,10	17,57
06/07/2020 04:35:00	17,61	17,63	17,74	17,86	17,93	17,95	17,94	17,92	17,86	17,80	17,73	17,62	17,51	17,32	17,13	16,84	16,54	16,17	15,80	15,38	14,96	17,64
06/07/2020 04:40:00	17,64	17,61	17,71	17,83	17,91	17,97	17,98	17,95	17,89	17,84	17,78	17,67	17,56	17,37	17,18	16,89	16,59	16,22	15,84	15,42	14,99	17,69
06/07/2020 04:45:00	17,64	17,57	17,61	17,69	17,76	17,77	17,75	17,76	17,73	17,71	17,65	17,54	17,44	17,26	17,09	16,81	16,54	16,18	15,83	15,42	15,02	17,63
06/07/2020 04:50:00	17,58	17,52	17,51	17,54	17,64	17,68	17,65	17,57	17,52	17,52	17,48	17,39	17,30	17,13	16,96	16,68	16,40	16,04	15,68	15,27	14,86	17,59
06/07/2020 04:55:00	17,55	17,46	17,54	17,65	17,75	17,76	17,73	17,73	17,67	17,60	17,54	17,43	17,32	17,14	16,95	16,65	16,36	15,99	15,62	15,20	14,78	17,57
06/07/2020 05:00:00	17,58	17,48	17,52	17,57	17,61	17,65	17,64	17,56	17,50	17,48	17,41	17,31	17,20	17,02	16,84	16,55	16,26	15,90	15,54	15,13	14,72	17,60
06/07/2020 05:05:00	17,46	17,29	17,28	17,30	17,28	17,30	17,28	17,23	17,18	17,15	17,17	17,13	17,09	16,95	16,82	16,55	16,29	15,95	15,61	15,23	14,84	17,47
06/07/2020 05:10:00	17,36	17,20	17,21	17,29	17,39	17,46	17,48	17,44	17,40	17,37	17,35	17,28	17,21	17,05	16,89	16,60	16,32	15,95	15,59	15,18	14,76	17,37
06/07/2020 05:15:00	17,39	17,29	17,29	17,33	17,37	17,39	17,37	17,33	17,28	17,26	17,23	17,15	17,07	16,91	16,75	16,47	16,20	15,85	15,50	15,10	14,70	17,34
06/07/2020 05:20:00	17,32	17,18	17,24	17,35	17,42	17,43	17,39	17,34	17,29	17,24	17,14	17,01	16,87	16,67	16,47	16,17	15,88	15,51	15,14	14,73	14,31	17,36
06/07/2020 05:25:00	17,40	17,27	17,31	17,38	17,41	17,46	17,44	17,34	17,28	17,26	17,14	16,99	16,84	16,63	16,43	16,13	15,84	15,47	15,11	14,70	14,29	17,37
06/07/2020 05:30:00	17,32	17,31	17,30	17,32	17,31	17,26	17,18	17,12	17,10	17,12	17,03	16,92	16,81	16,65	16,48	16,21	15,95	15,62	15,28	14,90	14,53	17,40
06/07/2020 05:35:00	17,37	17,21	17,21	17,25	17,30	17,31	17,27	17,22	17,18	17,16	17,08	16,97	16,86	16,68	16,50	16,22	15,93	15,58	15,23	14,83	14,43	17,39
06/07/2020 05:40:00	17,37	17,27	17,30	17,36	17,41	17,39	17,34	17,29	17,23	17,17	17,09	16,96	16,84	16,65	16,46	16,16	15,87	15,51	15,15	14,75	14,34	17,40
06/07/2020 05:45:00	17,34	17,22	17,23	17,27	17,31	17,33	17,28	17,19	17,10	17,03	17,01	16,94	16,86	16,69	16,52	16,23	15,93	15,57	15,21	14,80	14,40	17,40
06/07/2020 05:50:00	17,38	17,26	17,25	17,28	17,29	17,27	17,23	17,17	17,09	17,02	16,96	16,86	16,76	16,58	16,40	16,12	15,83	15,48	15,12	14,72	14,32	17,32
06/07/2020 05:55:00	17,24	17,16	17,14	17,17	17,22	17,22	17,17	17,10	17,04	16,99	16,95	16,87	16,78	16,62	16,45	16,16	15,88	15,53	15,18	14,78	14,38	17,25
06/07/2020 06:00:00	17,18	16,99	16,97	16,99	17,02	17,01	16,97	16,95	16,89	16,83	16,84	16,80	16,75	16,61	16,46	16,19	15,92	15,58	15,24	14,85	14,46	17,19
06/07/2020 06:05:00	17,15	17,07	17,07	17,14	17,24	17,22	17,17	17,14	17,13	17,14	17,03	16,90	16,76	16,58	16,39	16,11	15,83	15,48	15,13	14,74	14,34	17,16
06/07/2020 06:10:00	17,12	17,14	17,20	17,26	17,28	17,19	17,07	16,98	16,88	16,81	16,77	16,68	16,59	16,42	16,25	15,95	15,66	15,31	14,95	14,57	14,18	17,16
06/07/2020 06:15:00	17,18	17,06	17,14	17,26	17,35	17,39	17,37	17,30	17,25	17,22	17,12	16,97	16,82	16,61	16,40	16,10	15,80	15,43	15,06	14,65	14,23	17,17
06/07/2020 06:20:00	17,16	17,14	17,14	17,15	17,14	17,13	17,07	16,96	16,87	16,81	16,77	16,68	16,60	16,43	16,26	15,97	15,68	15,33	14,98	14,59	14,19	17,23
06/07/2020 06:25:00	17,18	17,09	17,00	16,96	16,98	16,98	16,92	16,83	16,78	16,77	16,78	16,73	16,68	16,55	16,41	16,15	15,88	15,55	15,21	14,84	14,46	17,43
06/07/2020 06:30:00	17,25	17,00	16,95	16,93	16,87	16,89	16,89	16,87	16,84	16,82	16,84	16,81	16,79	16,67	16,55	16,30	16,05	15,73	15,40	15,04	14,67	17,61
06/07/2020 06:35:00	17,29	17,08	17,08	17,11	17,09	17,13	17,13	17,08	17,02	16,98	16,94	16,86	16,77	16,61	16,45	16,17	15,90	15,55	15,20	14,81	14,41	17,69
06/07/2020 06:40:00	17,63	17,44	17,40	17,40	17,39	17,38	17,33	17,26	17,23	17,24	17,20	17,12	17,04	16,89	16,73	16,47	16,20	15,87	15,53	15,15	14,76	17,72
06/07/2020 06:45:00	17,65	17,39	17,39	17,44	17,51	17,50	17,44	17,37	17,34	17,35	17,29	17,19	17,09	16,91	16,74	16,46	16,18	15,83	15,48	15,08	14,68	17,97
06/07/2020 06:50:00	17,65	17,35	17,31	17,34	17,39	17,39	17,34	17,28	17,22	17,17	17,13	17,04	16,95	16,78	16,60	16,32	16,03	15,67	15,31	14,91	14,50	17,75
06/07/2020 06:55:00	17,89	17,58	17,47	17,42	17,40	17,43	17,43	17,37	17,34	17,35	17,31	17,23	17,16	17,01	16,86	16,60	16,34	16,00	15,67	15,28	14,89	17,92
06/07/2020 07:00:00	17,86	17,57	17,48	17,43	17,36	17,33	17,31	17,30	17,26	17,24	17,23	17,18	17,14	17,01	16,88	16,63	16,38	16,05	15,72	15,35	14,97	17,92
06/07/2020 07:05:00	17,87	17,58	17,44	17,36	17,29	17,28	17,23	17,11	17,07	17,12	17,12	17,08	17,04	16,91	16,78	16,54	16,29	15,96	15,64	15,27	14,90	17,91
06/07/2020 07:10:00	17,87	17,58	17,42	17,31	17,23	17,17	17,12	17,10	17,06	17,04	17,05	17,02	16,99	16,88	16,76	16,52	16,28	15,96	15,64	15,28	14,91	17,82
06/07/2020 07:15:00	17,88	17,59	17,42	17,32	17,30	17,22	17,14	17,07	17,04	17,06	17,08	17,06	17,03	16,91	16,80	16,55	16,31	15,99	15,67	15,31	14,94	17,74
06/07/2020 07:20:00	17,86	17,56	17,41	17,30	17,20	17,18	17,14	17,06	17,02	17,04	17,04	17,01	16,98	16,86	16,74	16,50	16,25	15,94	15,62	15,25	14,89	17,59
06/07/2020 07:25:00	17,63	17,23	17,10	17,02	16,95	16,92	16,88	16,86	16,82	16,79	16,74	16,66	16,58	16,44	16,29	16,04	15,78	15,46	15,13	14,75	14,38	17,64
06/07/2020 07:30:00	17,54	17,23	17,07	16,98	16,94	16,93	16,90	16,84	16,78	16,76	16,79	16,77	16,75	16,64	16,52	16,27	16,02	15,69	15,36	14,99	14,61	17,70
06/07/2020 07:35:00	17,53	17,35	17,20	17,08	16,98	16,93	16,86	16,77	16,68	16,63	16,67	16,66	16,64	16,53	16,41	16,16	15,90	15,58	15,25	14,89	14,52	17,83
06/07/2020 07:40:00	17,58	17,30	17,15	17,05	16,96	16,89	16,80	16,69	16,60	16,54	16,58	16,55	16,53	16,40	16,28	16,02	15,76	15,43	15,10	14,73	14,37	17,61
06/07/2020 07:45:00	17,63	17,48	17,31	17,16	17,02	16,95	16,89	16,83	16,76	16,72	16,72	16,69	16,66	16,54	16,42	16,18	15,93	15,62	15,30	14,94	14,58	17,79
06/07/2020 07:50:00	17,74	17,43	17,28	17,17	17,08	17,01	16,95	16,90	16,82	16,76	16,77	16,74	16,71	16,58	16,46	16,20	15,94	15,62	15,29	14,92	14,55	17,67
06/07/2020 07:55:00	17,60	17,33	17,12	16,95	16,83	16,74	16,66	16,62	16,57	16,54	16,56	16,54	16,52	16,42	16,31	16,07	15,84	15,53	15,23	14,88	14,53	17,62
06/07/2020 08:00:00	17,60	17,29	17,07	16,92	16,88	16,78	16,66	16,58	16,49	16,45	16,52	16,53	16,53	16,43	16,33	16,08	15,83	15,51	15,19	14,83	14,47	17,81
06/07/2020 08:05:00	17,66	17,29	17,07	16,92	16,82	16,72	16,62	16,54	16,50	16,52	16,51	16,47	16,43	16,31	16,19	15,95	15,72	15,41	15,10	14,76	14,41	17,62
06/07/2020 08:10:00	17,55	17,27	17,10	16,98	16,88	16,83	16,76	16,68	16,61	16,58	16,59	16,55	16,52	16,39	16,27	16,02	15,76	15,44	15,12	14,76	14,39	17,59
06/07/2020 08:15:00	17,63	17,32	17,12	16,99	16,90	16,86	16,79	16,69	16,61	16,56	16,53	16,47	16,40	16,26	16,11	15,85	15,59	15,25	14,92	14,54	14,17	17,81
06/07/2020 08:20:00	17,57	17,37	17,18	17,02	16,86	16,76	16,67	16,58	16,49	16,44	16,44	16,41	16,37	16,25	16,13	15,88	15,63	15,32	15,00	14,65	14,29	17,89
06/07/2020 08:25:00	17,86	17,57	17,43	17,31	17,17	17,09	16,98	16,84	16,77	16,75	16,72	16,65	16,58	16,44	16,30	16,04	15,78	15,45	15,13	14,77	14,40	17,91
06/07/2020 08:30:00	17,87	17,61	17,42	17,27	17,16	17,11	17,03	16,91	16,81	16,75	16,80	16,79	16,77	16,66	16,54	16,29	16,03	15,70	15,37	15,00	14,63	17,91
06/07/2020 08:35:00	17,79	17,65	17,44	17,24	17,11	17,00	16,90	16,81	16,76	16,76	16,79	16,78	16,77	16,68	16,58	16,35	16,11	15,81	15,51	15,17	14,83	17,75
06/07/2020 08:40:00	17,71	17,42	17,25	17,12	17,04	16,99	16,93	16,90	16,83	16,79	16,80	16,77	16,74	16,62	16,50	16,25	16,00	15,68	15,36	14,99	14,62	17,74
06/07/2020 08:45:00	17,68	17,46	17,27	17,13	17,07	17,00	16,93	16,88	16,85	16,87	16,84	16,79	16,74	16,61	16,49	16,25	16,01	15,70	15,38	15,02	14,66	17,79
06/07/2020 08:50:00	17,78	17,42	17,30	17,23	17,15	17,08	17,01	16,97	16,95	16,96	16,93	16,88	16,82	16,69	16,56	16,32	16,07	15,76	15,44	15,08	14,72	17,83
06/07/2020 08:55:00	17,81	17,49	17,37	17,29	17,23	17,15	17,06	16,98	16,92	16,90	16,92	16,89	16,86	16,74	16,62	16,36	16,10	15,78	15,45	15,08	14,72	18,13
06/07/2020 09:00:00	17,75	17,53	17,35	17,22	17,16	17,14	17,10	17,02	16,95	16,92	17,00	17,01	17,03	16,93	16,83	16,58	16,34	16,01	15,69	15,32	14,95	18,27
06/07/2020 09:05:00	17,78	17,55	17,44	17,36	17,30	17,26	17,21	17,16	17,11	17,11	17,08	17,02	16,96	16,83	16,69	16,44	16,18	15,86	15,53	15,16	14,79	18,25
06/07/2020 09:10:00	17,86	17,58	17,39	17,25	17,22	17,17	17,10	17,03	16,98	16,96	16,99	16,97	16,95	16,84	16,72	16,47	16,23	15,90	15,58	15,21	14,84	18,41
06/07/2020 09:15:00	17,93	17,64	17,41	17,23	17,10	17,05	16,99	16,92	16,85	16,83	16,95	17,00	17,04	16,98	16,91	16,68	16,45	16,14	15,84	15,49	15,14	18,19
06/07/2020 09:20:00	18,17	17,85	17,65	17,50	17,41	17,41	17,39	17,32	17,28	17,29	17,31	17,30	17,28	17,17	17,06	16,82	16,59	16,26	15,94	15,57	15,20	18,14
06/07/2020 09:25:00	18,20	17,91	17,67	17,48	17,37	17,34	17,30	17,25	17,21	17,21	17,25	17,26	17,26	17,17	17,08	16,84	16,61	16,30	15,99	15,63	15,27	18,00
06/07/2020 09:30:00	18,21	17,95	17,71	17,54	17,47	17,43	17,36	17,28	17,23	17,25	17,27	17,25	17,23	17,12	17,01	16,77	16,53	16,21	15,89	15,53	15,16	18,02
06/07/2020 09:35:00	18,03	17,71	17,51	17,34	17,18	17,15	17,11	17,05	16,97	16,91	16,97	16,97	16,97	16,87	16,77	16,53	16,29	15,97	15,65	15,29	14,92	18,14
06/07/2020 09:40:00	17,99	17,73	17,53	17,34	17,18	17,11	17,04	16,95	16,91	16,95	16,94	16,91	16,88	16,77	16,66	16,43	16,21	15,90	15,60	15,26	14,91	18,11
06/07/2020 09:45:00	18,07	17,73	17,50	17,31	17,22	17,18	17,14	17,11	17,06	17,04	17,05	17,03	17,00	16,89	16,78	16,55	16,31	15,99	15,68	15,31	14,95	18,07
06/07/2020 09:50:00	18,03	17,66	17,46	17,29	17,10	17,03	16,96	16,84	16,76	16,73	16,86	16,91	16,97	16,90	16,84	16,60	16,37	16,07	15,76	15,42	15,08	18,16
06/07/2020 09:55:00	18,08	17,63	17,40	17,21	17,08	17,03	17,00	16,98	16,94	16,92	16,98	17,00	17,01	16,93	16,84	16,62	16,39	16,09	15,78	15,43	15,08	18,03
06/07/2020 10:00:00	18,09	17,70	17,46	17,30	17,24	17,20	17,14	17,04	17,00	17,01	17,04	17,02	17,00	16,88	16,77	16,53	16,29	15,97	15,65	15,28	14,91	18,07
06/07/2020 10:05:00	18,03	17,76	17,51	17,31	17,19	17,10	17,00	16,91	16,85	16,84	16,92	16,95	16,97	16,89	16,81	16,58	16,35	16,05	15,74	15,39	15,05	18,04
06/07/2020 10:10:00	18,11	17,73	17,52	17,35	17,19	17,10	16,99	16,86	16,78	16,76	16,84	16,85	16,87	16,78	16,69	16,45	16,21	15,90	15,59	15,24	14,89	18,20
06/07/2020 10:15:00	18,29	17,85	17,55	17,33	17,22	17,13	17,01	16,88	16,81	16,81	16,82	16,79	16,75	16,64	16,52	16,27	16,03	15,71	15,39	15,03	14,67	18,24
06/07/2020 10:20:00	18,41	17,92	17,60	17,34	17,18	17,04	16,92	16,86	16,80	16,79	16,82	16,82	16,82	16,73	16,63	16,41	16,18	15,88	15,58	15,24	14,90	18,56
06/07/2020 10:25:00	18,30	17,87	17,67	17,51	17,33	17,17	17,02	16,95	16,85	16,78	16,79	16,76	16,73	16,61	16,48	16,23	15,98	15,66	15,34	14,98	14,63	18,72
06/07/2020 10:30:00	18,37	17,85	17,59	17,41	17,30	17,21	17,12	17,04	16,98	16,96	16,99	16,96	16,94	16,83	16,72	16,47	16,23	15,91	15,59	15,23	14,86	18,77
06/07/2020 10:35:00	18,32	17,92	17,68	17,48	17,32	17,19	17,06	16,93	16,83	16,79	16,80	16,77	16,73	16,61	16,49	16,24	15,98	15,66	15,34	14,98	14,62	18,84
06/07/2020 10:40:00	18,32	17,87	17,65	17,51	17,45	17,36	17,26	17,18	17,10	17,07	17,04	16,98	16,92	16,77	16,63	16,37	16,11	15,77	15,44	15,06	14,68	18,99
06/07/2020 10:45:00	18,30	17,91	17,67	17,49	17,36	17,29	17,20	17,10	17,03	17,01	16,98	16,92	16,86	16,73	16,59	16,34	16,09	15,76	15,44	15,07	14,70	18,79
06/07/2020 10:50:00	18,29	17,86	17,66	17,50	17,34	17,24	17,16	17,09	17,02	16,98	16,95	16,89	16,82	16,69	16,55	16,30	16,05	15,73	15,41	15,04	14,67	18,66
06/07/2020 10:55:00	18,53	18,16	17,87	17,64	17,49	17,37	17,26	17,16	17,14	17,19	17,12	17,05	16,98	16,85	16,72	16,49	16,26	15,95	15,64	15,29	14,94	18,52
06/07/2020 11:00:00	18,65	18,25	17,95	17,71	17,59	17,42	17,24	17,08	17,01	17,02	17,01	16,97	16,93	16,80	16,68	16,43	16,18	15,86	15,55	15,19	14,84	18,96
06/07/2020 11:05:00	18,77	18,29	17,96	17,70	17,52	17,38	17,25	17,12	17,01	16,95	16,97	16,95	16,93	16,82	16,71	16,46	16,20	15,88	15,56	15,20	14,83	19,27
06/07/2020 11:10:00	18,77	18,36	17,98	17,67	17,51	17,38	17,27	17,22	17,13	17,06	17,12	17,14	17,16	17,07	16,99	16,76	16,52	16,21	15,90	15,55	15,19	19,38
06/07/2020 11:15:00	19,01	18,54	18,26	18,06	17,95	17,81	17,64	17,45	17,31	17,23	17,21	17,14	17,07	16,91	16,76	16,47	16,19	15,84	15,49	15,10	14,71	20,46
06/07/2020 11:20:00	19,34	18,61	18,32	18,12	17,99	17,91	17,83	17,72	17,63	17,57	17,48	17,37	17,25	17,08	16,90	16,63	16,36	16,01	15,66	15,25	14,85	20,55
06/07/2020 11:25:00	19,56	18,78	18,41	18,16	18,03	17,90	17,77	17,67	17,57	17,51	17,53	17,50	17,47	17,35	17,23	16,98	16,72	16,38	16,05	15,67	15,28	20,87
06/07/2020 11:30:00	19,69	18,96	18,57	18,31	18,21	18,13	18,03	17,91	17,79	17,70	17,67	17,59	17,52	17,37	17,21	16,93	16,66	16,30	15,94	15,53	15,13	21,42
06/07/2020 11:35:00	19,80	19,12	18,79	18,54	18,37	18,22	18,05	17,87	17,73	17,62	17,56	17,46	17,36	17,19	17,01	16,73	16,44	16,08	15,72	15,32	14,92	21,11
06/07/2020 11:40:00	19,85	19,22	18,82	18,54	18,43	18,26	18,08	17,98	17,88	17,80	17,75	17,67	17,59	17,43	17,28	17,01	16,74	16,40	16,05	15,66	15,26	20,87
06/07/2020 11:45:00	19,86	19,26	18,93	18,68	18,49	18,34	18,19	18,01	17,87	17,75	17,67	17,55	17,44	17,26	17,07	16,79	16,50	16,14	15,78	15,37	14,97	20,72
06/07/2020 11:50:00	20,12	19,68	19,31	18,97	18,69	18,41	18,12	17,84	17,63	17,47	17,40	17,29	17,19	17,01	16,83	16,53	16,24	15,88	15,53	15,14	14,75	22,49
06/07/2020 11:55:00	20,30	19,79	19,40	19,03	18,69	18,43	18,18	17,91	17,71	17,60	17,54	17,45	17,36	17,20	17,04	16,76	16,48	16,14	15,80	15,43	15,06	23,08
06/07/2020 12:00:00	20,53	19,89	19,42	19,02	18,69	18,40	18,12	17,90	17,75	17,67	17,62	17,54	17,45	17,31	17,16	16,90	16,64	16,32	15,99	15,63	15,26	21,83
06/07/2020 12:05:00	20,76	20,05	19,61	19,20	18,85	18,58	18,35	18,14	17,95	17,80	17,69	17,56	17,44	17,26	17,07	16,79	16,51	16,17	15,82	15,43	15,04	23,10
06/07/2020 12:10:00	20,65	20,10	19,70	19,35	19,05	18,77	18,49	18,27	18,06	17,87	17,73	17,58	17,42	17,21	17,00	16,70	16,39	16,02	15,66	15,25	14,85	23,09
06/07/2020 12:15:00	20,76	20,31	19,96	19,61	19,21	18,91	18,63	18,32	18,02	17,74	17,59	17,42	17,25	17,01	16,78	16,45	16,12	15,73	15,35	14,93	14,52	22,29
06/07/2020 12:20:00	20,82	20,29	19,84	19,41	19,06	18,75	18,46	18,25	18,04	17,85	17,73	17,59	17,46	17,27	17,08	16,79	16,50	16,15	15,79	15,40	15,01	22,02
06/07/2020 12:25:00	20,88	20,39	19,95	19,53	19,16	18,88	18,62	18,33	18,10	17,93	17,78	17,62	17,46	17,25	17,04	16,74	16,44	16,08	15,71	15,31	14,91	22,99
06/07/2020 12:30:00	20,93	20,44	20,04	19,65	19,24	18,94	18,67	18,42	18,21	18,05	17,92	17,77	17,62	17,43	17,23	16,95	16,66	16,31	15,95	15,57	15,18	23,28
06/07/2020 12:35:00	21,15	20,58	20,10	19,65	19,28	18,93	18,60	18,37	18,17	18,01	17,90	17,77	17,65	17,46	17,28	17,00	16,72	16,37	16,02	15,64	15,26	23,38
06/07/2020 12:40:00	21,12	20,79	20,34	19,90	19,53	19,15	18,79	18,50	18,25	18,06	17,92	17,77	17,62	17,42	17,21	16,91	16,61	16,25	15,89	15,50	15,11	23,78
06/07/2020 12:45:00	21,41	20,77	20,28	19,86	19,53	19,24	18,93	18,57	18,27	18,03	17,92	17,78	17,64	17,42	17,21	16,88	16,55	16,16	15,77	15,34	14,92	24,94
06/07/2020 12:50:00	21,35	20,72	20,25	19,85	19,53	19,24	18,96	18,70	18,47	18,28	18,09	17,89	17,68	17,44	17,21	16,89	16,58	16,19	15,81	15,39	14,97	23,48
06/07/2020 12:55:00	21,23	20,68	20,23	19,84	19,54	19,19	18,85	18,61	18,36	18,10	17,99	17,85	17,72	17,52	17,31	17,00	16,68	16,30	15,92	15,50	15,09	23,39
06/07/2020 13:00:00	21,13	20,53	20,17	19,86	19,60	19,33	19,06	18,83	18,59	18,33	18,14	17,94	17,74	17,49	17,24	16,90	16,56	16,16	15,76	15,32	14,88	21,88
06/07/2020 13:05:00	21,50	20,72	20,33	20,02	19,71	19,45	19,21	18,96	18,73	18,50	18,27	18,02	17,77	17,50	17,23	16,89	16,55	16,15	15,75	15,30	14,86	22,84
06/07/2020 13:10:00	21,56	20,81	20,41	20,06	19,74	19,40	19,07	18,78	18,53	18,31	18,14	17,94	17,74	17,50	17,26	16,93	16,60	16,22	15,83	15,41	14,98	24,43
06/07/2020 13:15:00	21,64	20,87	20,42	20,06	19,81	19,53	19,22	18,95	18,71	18,52	18,30	18,06	17,82	17,56	17,29	16,96	16,63	16,23	15,83	15,39	14,95	23,32
06/07/2020 13:20:00	21,78	20,97	20,49	20,07	19,69	19,41	19,16	18,88	18,62	18,40	18,21	18,01	17,81	17,57	17,33	17,01	16,69	16,30	15,91	15,48	15,05	23,69
06/07/2020 13:25:00	21,62	20,94	20,52	20,14	19,75	19,39	19,07	18,85	18,62	18,40	18,21	18,02	17,82	17,59	17,36	17,05	16,74	16,36	15,99	15,58	15,17	23,70
06/07/2020 13:30:00	21,80	21,13	20,64	20,18	19,80	19,44	19,09	18,76	18,45	18,20	18,10	17,99	17,87	17,68	17,49	17,16	16,84	16,46	16,09	15,68	15,27	24,36
06/07/2020 13:35:00	21,68	21,11	20,64	20,22	19,87	19,52	19,19	18,90	18,63	18,40	18,19	17,98	17,77	17,52	17,27	16,94	16,62	16,23	15,84	15,41	14,98	23,53
06/07/2020 13:40:00	21,79	21,26	20,83	20,43	20,09	19,75	19,40	19,08	18,82	18,66	18,47	18,26	18,06	17,82	17,57	17,25	16,93	16,55	16,16	15,74	15,32	23,51
06/07/2020 13:45:00	21,88	21,27	20,82	20,41	20,04	19,73	19,43	19,09	18,80	18,56	18,39	18,21	18,02	17,78	17,54	17,21	16,88	16,48	16,09	15,66	15,22	23,46
06/07/2020 13:50:00	21,87	21,30	20,90	20,51	20,09	19,71	19,34	19,00	18,71	18,49	18,27	18,05	17,83	17,57	17,31	16,98	16,65	16,26	15,87	15,46	15,04	23,99
06/07/2020 13:55:00	21,86	21,33	20,89	20,49	20,13	19,77	19,40	19,05	18,77	18,56	18,36	18,15	17,93	17,68	17,43	17,09	16,76	16,37	15,98	15,55	15,13	24,59
06/07/2020 14:00:00	21,98	21,30	20,85	20,46	20,12	19,76	19,39	19,10	18,83	18,61	18,42	18,21	18,00	17,76	17,51	17,18	16,85	16,45	16,06	15,63	15,20	24,19
06/07/2020 14:05:00	21,92	21,47	21,04	20,62	20,22	19,87	19,55	19,19	18,87	18,60	18,41	18,21	18,01	17,76	17,51	17,17	16,83	16,43	16,02	15,59	15,16	24,11
06/07/2020 14:10:00	22,05	21,37	20,91	20,50	20,15	19,81	19,46	19,10	18,81	18,61	18,47	18,30	18,13	17,90	17,67	17,34	17,02	16,63	16,24	15,82	15,39	24,20
06/07/2020 14:15:00	22,16	21,51	21,10	20,72	20,37	20,03	19,69	19,41	19,13	18,85	18,61	18,37	18,13	17,85	17,58	17,23	16,88	16,47	16,06	15,61	15,16	24,52
06/07/2020 14:20:00	22,09	21,56	21,18	20,80	20,40	20,00	19,63	19,36	19,07	18,78	18,57	18,35	18,14	17,88	17,63	17,28	16,94	16,55	16,15	15,72	15,28	24,29
06/07/2020 14:25:00	22,20	21,71	21,31	20,89	20,43	20,04	19,69	19,36	19,05	18,76	18,55	18,34	18,13	17,88	17,63	17,29	16,95	16,55	16,16	15,73	15,31	23,95
06/07/2020 14:30:00	22,39	21,62	21,19	20,81	20,41	20,05	19,72	19,42	19,16	18,95	18,71	18,47	18,22	17,95	17,69	17,35	17,02	16,62	16,23	15,80	15,36	25,31
06/07/2020 14:35:00	22,42	21,81	21,43	21,06	20,65	20,28	19,93	19,61	19,30	18,99	18,75	18,50	18,26	17,98	17,70	17,34	16,98	16,56	16,15	15,70	15,25	24,73
06/07/2020 14:40:00	22,43	22,00	21,59	21,16	20,68	20,23	19,80	19,46	19,14	18,85	18,63	18,40	18,17	17,91	17,65	17,31	16,97	16,57	16,18	15,75	15,33	25,76
06/07/2020 14:45:00	22,22	21,80	21,43	21,06	20,62	20,21	19,83	19,48	19,16	18,86	18,61	18,36	18,10	17,82	17,54	17,18	16,82	16,41	16,00	15,56	15,12	24,28
06/07/2020 14:50:00	22,16	21,66	21,23	20,81	20,39	19,97	19,56	19,20	18,88	18,61	18,32	18,03	17,74	17,44	17,14	16,79	16,43	16,02	15,62	15,18	14,74	24,62
06/07/2020 14:55:00	21,69	21,31	20,99	20,65	20,21	19,83	19,48	19,19	18,93	18,71	18,55	18,37	18,19	17,97	17,74	17,42	17,10	16,73	16,35	15,95	15,54	24,55
06/07/2020 15:00:00	21,84	21,37	20,99	20,66	20,34	20,02	19,69	19,39	19,13	18,93	18,76	18,56	18,37	18,13	17,89	17,55	17,22	16,83	16,43	16,00	15,57	23,78
06/07/2020 15:05:00	22,00	21,47	21,11	20,76	20,37	19,97	19,60	19,31	19,01	18,72	18,47	18,21	17,96	17,68	17,39	17,04	16,69	16,28	15,87	15,43	14,99	25,20
06/07/2020 15:10:00	21,83	21,25	20,86	20,48	20,10	19,76	19,44	19,13	18,86	18,61	18,44	18,26	18,08	17,84	17,61	17,28	16,95	16,56	16,17	15,74	15,32	24,53
06/07/2020 15:15:00	21,74	21,08	20,70	20,37	20,10	19,84	19,56	19,28	19,05	18,87	18,74	18,57	18,41	18,19	17,97	17,64	17,32	16,93	16,54	16,11	15,68	24,18
06/07/2020 15:20:00	21,81	21,17	20,76	20,40	20,09	19,89	19,69	19,40	19,16	18,98	18,86	18,71	18,56	18,34	18,13	17,81	17,50	17,11	16,71	16,28	15,84	25,20
06/07/2020 15:25:00	21,70	21,18	20,78	20,44	20,19	19,90	19,60	19,30	19,01	18,75	18,56	18,36	18,15	17,89	17,64	17,28	16,93	16,51	16,10	15,64	15,18	25,49
06/07/2020 15:30:00	21,05	20,42	20,17	19,97	19,77	19,60	19,42	19,24	19,03	18,78	18,62	18,43	18,24	17,99	17,75	17,41	17,07	16,66	16,25	15,79	15,33	23,63
06/07/2020 15:35:00	20,98	20,69	20,49	20,30	20,08	19,89	19,68	19,39	19,13	18,89	18,60	18,29	17,97	17,65	17,33	16,96	16,59	16,16	15,72	15,25	14,77	23,04
06/07/2020 15:40:00	20,73	20,43	20,14	19,88	19,66	19,48	19,28	19,04	18,82	18,63	18,45	18,25	18,06	17,81	17,57	17,24	16,91	16,50	16,10	15,66	15,22	22,05
06/07/2020 15:45:00	20,59	20,10	19,73	19,42	19,14	18,97	18,82	18,64	18,47	18,35	18,25	18,13	18,00	17,82	17,64	17,35	17,07	16,71	16,35	15,94	15,53	21,58
06/07/2020 15:50:00	20,27	19,79	19,61	19,49	19,32	19,22	19,11	18,96	18,83	18,73	18,58	18,40	18,23	18,01	17,79	17,48	17,17	16,79	16,41	15,98	15,54	21,28
06/07/2020 15:55:00	20,25	19,85	19,62	19,39	19,10	18,90	18,70	18,47	18,25	18,05	17,91	17,74	17,58	17,35	17,13	16,81	16,49	16,10	15,72	15,30	14,88	21,26
06/07/2020 16:00:00	20,17	19,85	19,40	18,98	18,61	18,26	17,96	17,73	17,50	17,31	17,23	17,15	17,06	16,90	16,74	16,45	16,17	15,83	15,49	15,12	14,75	20,79
06/07/2020 16:05:00	19,89	19,44	19,08	18,79	18,57	18,38	18,21	18,09	17,97	17,88	17,81	17,72	17,64	17,48	17,33	17,06	16,80	16,46	16,12	15,73	15,35	20,39
06/07/2020 16:10:00	20,06	19,48	19,12	18,84	18,69	18,46	18,22	18,05	17,92	17,83	17,72	17,59	17,46	17,27	17,08	16,79	16,51	16,15	15,80	15,40	15,00	21,29
06/07/2020 16:15:00	20,04	19,54	19,28	19,04	18,72	18,47	18,24	18,02	17,81	17,64	17,47	17,29	17,11	16,88	16,66	16,35	16,04	15,67	15,30	14,90	14,50	21,32
06/07/2020 16:20:00	19,86	19,51	19,16	18,83	18,50	18,23	17,97	17,68	17,47	17,35	17,22	17,08	16,93	16,74	16,54	16,25	15,95	15,60	15,25	14,87	14,49	20,50
06/07/2020 16:25:00	19,80	19,55	19,19	18,81	18,40	18,04	17,74	17,50	17,28	17,09	16,94	16,78	16,63	16,42	16,22	15,94	15,65	15,31	14,97	14,60	14,23	20,34
06/07/2020 16:30:00	19,56	19,17	18,84	18,53	18,22	17,94	17,68	17,45	17,26	17,11	16,95	16,77	16,60	16,39	16,18	15,88	15,59	15,24	14,88	14,50	14,12	20,32
06/07/2020 16:35:00	19,44	19,10	18,78	18,46	18,14	17,85	17,59	17,37	17,19	17,06	16,95	16,82	16,70	16,51	16,33	16,05	15,77	15,44	15,10	14,74	14,37	20,09
06/07/2020 16:40:00	19,34	18,85	18,45	18,10	17,78	17,55	17,35	17,22	17,09	17,00	16,96	16,90	16,84	16,71	16,58	16,33	16,09	15,78	15,46	15,11	14,76	19,86
06/07/2020 16:45:00	19,15	18,81	18,46	18,13	17,84	17,60	17,38	17,22	17,07	16,98	16,98	16,95	16,92	16,80	16,68	16,43	16,18	15,86	15,54	15,19	14,85	19,54
06/07/2020 16:50:00	19,17	18,82	18,56	18,35	18,21	18,03	17,83	17,68	17,53	17,41	17,34	17,23	17,13	16,95	16,77	16,48	16,19	15,84	15,48	15,09	14,70	19,45
06/07/2020 16:55:00	19,43	19,13	18,91	18,75	18,65	18,53	18,39	18,21	18,09	18,02	17,95	17,85	17,74	17,57	17,39	17,10	16,81	16,45	16,08	15,68	15,27	19,48
06/07/2020 17:00:00	19,39	19,12	18,98	18,85	18,68	18,48	18,27	18,12	18,00	17,95	17,93	17,86	17,80	17,65	17,50	17,22	16,95	16,60	16,26	15,88	15,51	19,71
06/07/2020 17:05:00	19,60	19,30	19,09	18,90	18,69	18,56	18,46	18,38	18,35	18,38	18,49	18,54	18,60	18,54	18,49	18,27	18,05	17,74	17,44	17,10	16,75	19,71
06/07/2020 17:10:00	19,51	19,20	19,00	18,84	18,68	18,62	18,57	18,53	18,53	18,61	18,74	18,82	18,90	18,86	18,82	18,61	18,40	18,10	17,80	17,45	17,10	19,42
06/07/2020 17:15:00	19,36	19,23	18,99	18,77	18,59	18,45	18,31	18,19	18,12	18,12	18,23	18,29	18,35	18,29	18,23	18,00	17,77	17,46	17,15	16,80	16,45	19,07
06/07/2020 17:20:00	19,32	19,12	18,89	18,73	18,66	18,64	18,63	18,62	18,59	18,58	18,71	18,78	18,85	18,80	18,74	18,51	18,28	17,96	17,63	17,25	16,88	19,02
06/07/2020 17:25:00	19,32	19,19	19,10	19,02	18,90	18,83	18,77	18,74	18,67	18,61	18,68	18,69	18,71	18,61	18,51	18,26	18,00	17,66	17,33	16,94	16,56	19,07
06/07/2020 17:30:00	19,36	19,22	19,14	19,09	19,05	19,04	18,97	18,83	18,77	18,78	18,84	18,83	18,82	18,70	18,59	18,32	18,05	17,69	17,34	16,94	16,54	19,07
06/07/2020 17:35:00	19,40	19,19	19,03	18,90	18,77	18,66	18,56	18,46	18,39	18,38	18,45	18,46	18,48	18,38	18,29	18,04	17,79	17,46	17,13	16,76	16,38	19,36
06/07/2020 17:40:00	19,48	19,20	18,94	18,71	18,51	18,44	18,40	18,35	18,33	18,35	18,40	18,41	18,43	18,35	18,27	18,05	17,83	17,52	17,21	16,85	16,49	19,22
06/07/2020 17:45:00	19,24	18,97	18,72	18,50	18,33	18,20	18,08	17,97	17,90	17,90	17,90	17,87	17,84	17,73	17,61	17,37	17,12	16,80	16,48	16,12	15,75	19,24
06/07/2020 17:50:00	19,26	19,00	18,81	18,67	18,57	18,49	18,39	18,32	18,24	18,18	18,18	18,15	18,11	17,98	17,85	17,59	17,32	16,97	16,63	16,24	15,84	19,46
06/07/2020 17:55:00	19,33	19,15	18,93	18,72	18,53	18,40	18,29	18,20	18,12	18,07	18,06	18,03	17,99	17,87	17,75	17,50	17,25	16,92	16,59	16,22	15,84	19,62
06/07/2020 18:00:00	19,70	19,40	19,18	19,01	18,89	18,76	18,65	18,59	18,49	18,38	18,47	18,50	18,52	18,43	18,34	18,08	17,81	17,47	17,13	16,74	16,35	19,73
06/07/2020 18:05:00	19,77	19,49	19,28	19,10	18,97	18,86	18,74	18,58	18,49	18,46	18,51	18,51	18,51	18,40	18,29	18,03	17,76	17,42	17,08	16,70	16,32	20,04
06/07/2020 18:10:00	19,85	19,56	19,42	19,30	19,11	18,99	18,87	18,74	18,61	18,51	18,47	18,39	18,31	18,15	17,99	17,70	17,41	17,05	16,69	16,29	15,88	20,17
06/07/2020 18:15:00	19,89	19,50	19,34	19,22	19,09	18,97	18,82	18,70	18,65	18,67	18,60	18,50	18,40	18,24	18,08	17,81	17,55	17,20	16,86	16,47	16,08	20,06
06/07/2020 18:20:00	19,88	19,57	19,43	19,33	19,25	19,15	19,03	18,93	18,89	18,90	18,86	18,79	18,71	18,56	18,41	18,14	17,88	17,53	17,18	16,78	16,39	19,99
06/07/2020 18:25:00	20,00	19,71	19,53	19,41	19,38	19,33	19,24	19,06	18,92	18,83	18,81	18,74	18,66	18,49	18,33	18,02	17,72	17,33	16,94	16,51	16,07	20,40
06/07/2020 18:30:00	20,14	19,84	19,62	19,43	19,26	19,07	18,90	18,80	18,72	18,68	18,60	18,50	18,40	18,24	18,08	17,81	17,54	17,20	16,86	16,47	16,08	20,65
06/07/2020 18:35:00	20,19	19,73	19,49	19,30	19,16	19,02	18,87	18,75	18,63	18,51	18,50	18,44	18,38	18,23	18,09	17,80	17,52	17,16	16,80	16,40	15,99	21,24
06/07/2020 18:40:00	20,24	19,82	19,57	19,34	19,10	18,96	18,84	18,71	18,60	18,54	18,51	18,44	18,37	18,23	18,08	17,82	17,56	17,21	16,87	16,48	16,09	20,98
06/07/2020 18:45:00	20,48	19,99	19,64	19,36	19,24	19,13	19,01	18,91	18,80	18,69	18,66	18,59	18,53	18,38	18,23	17,96	17,68	17,32	16,95	16,54	16,13	21,71
06/07/2020 18:50:00	20,38	20,00	19,76	19,53	19,34	19,15	18,95	18,78	18,64	18,55	18,45	18,33	18,20	18,02	17,83	17,54	17,25	16,89	16,53	16,12	15,72	22,02
06/07/2020 18:55:00	20,25	19,87	19,55	19,28	19,10	18,92	18,72	18,53	18,36	18,22	18,21	18,16	18,11	17,96	17,81	17,52	17,23	16,87	16,51	16,11	15,71	20,86
06/07/2020 19:00:00	20,30	19,88	19,54	19,26	19,06	18,91	18,75	18,60	18,46	18,34	18,25	18,14	18,02	17,84	17,66	17,38	17,09	16,73	16,36	15,96	15,55	20,60
06/07/2020 19:05:00	20,48	19,89	19,57	19,32	19,11	18,96	18,80	18,63	18,47	18,33	18,26	18,16	18,06	17,88	17,71	17,41	17,12	16,75	16,38	15,97	15,56	20,51
06/07/2020 19:10:00	20,56	20,04	19,70	19,42	19,26	19,08	18,89	18,73	18,57	18,43	18,36	18,26	18,16	17,98	17,80	17,51	17,21	16,84	16,47	16,05	15,64	21,52
06/07/2020 19:15:00	20,59	20,13	19,80	19,51	19,21	18,97	18,74	18,52	18,35	18,22	18,16	18,06	17,96	17,79	17,63	17,34	17,06	16,70	16,35	15,96	15,57	22,11
06/07/2020 19:20:00	20,79	20,29	19,91	19,56	19,23	18,98	18,75	18,54	18,36	18,23	18,10	17,96	17,82	17,62	17,43	17,14	16,85	16,50	16,14	15,74	15,35	21,90
06/07/2020 19:25:00	20,89	20,33	19,95	19,62	19,33	19,12	18,93	18,74	18,55	18,37	18,22	18,05	17,88	17,66	17,44	17,14	16,84	16,46	16,08	15,66	15,24	23,13
06/07/2020 19:30:00	20,93	20,35	19,91	19,53	19,22	18,94	18,69	18,51	18,32	18,13	18,06	17,97	17,88	17,72	17,56	17,27	16,98	16,63	16,27	15,87	15,48	22,63
06/07/2020 19:35:00	20,90	20,40	19,97	19,60	19,39	19,14	18,88	18,68	18,50	18,35	18,28	18,19	18,09	17,92	17,75	17,45	17,16	16,80	16,43	16,03	15,63	22,73
06/07/2020 19:40:00	20,88	20,44	20,11	19,82	19,53	19,29	19,06	18,80	18,57	18,39	18,25	18,08	17,91	17,69	17,47	17,15	16,83	16,45	16,07	15,65	15,22	23,86
06/07/2020 19:45:00	20,99	20,49	20,14	19,81	19,52	19,26	19,02	18,80	18,57	18,35	18,22	18,06	17,91	17,70	17,48	17,17	16,85	16,47	16,09	15,67	15,25	23,40
06/07/2020 19:50:00	21,03	20,57	20,16	19,78	19,47	19,19	18,92	18,66	18,43	18,26	18,12	17,97	17,82	17,62	17,41	17,10	16,80	16,43	16,05	15,64	15,24	22,73
06/07/2020 19:55:00	20,91	20,48	20,13	19,79	19,43	19,13	18,84	18,57	18,34	18,15	17,99	17,82	17,65	17,43	17,21	16,90	16,59	16,22	15,84	15,44	15,03	21,87
06/07/2020 20:00:00	20,86	20,61	20,23	19,81	19,37	19,06	18,78	18,48	18,22	18,02	17,94	17,83	17,73	17,56	17,38	17,09	16,79	16,44	16,08	15,70	15,32	22,49
06/07/2020 20:05:00	21,06	20,59	20,19	19,80	19,42	19,18	18,96	18,71	18,45	18,19	18,06	17,91	17,77	17,56	17,35	17,04	16,72	16,34	15,95	15,53	15,11	22,69
06/07/2020 20:10:00	20,99	20,61	20,24	19,88	19,50	19,16	18,85	18,56	18,31	18,10	17,96	17,81	17,65	17,44	17,23	16,92	16,60	16,23	15,86	15,46	15,06	22,58
06/07/2020 20:15:00	21,02	20,62	20,26	19,89	19,51	19,17	18,84	18,57	18,32	18,12	17,95	17,77	17,59	17,37	17,15	16,83	16,52	16,15	15,78	15,38	14,98	22,51
06/07/2020 20:20:00	21,07	20,57	20,17	19,80	19,41	19,10	18,82	18,53	18,29	18,13	17,99	17,84	17,68	17,48	17,27	16,97	16,66	16,30	15,94	15,54	15,14	22,33
06/07/2020 20:25:00	21,14	20,59	20,18	19,80	19,45	19,14	18,85	18,64	18,46	18,31	18,17	18,01	17,86	17,66	17,46	17,17	16,88	16,52	16,17	15,77	15,38	22,38
06/07/2020 20:30:00	21,10	20,73	20,31	19,90	19,49	19,13	18,77	18,42	18,17	18,01	17,88	17,73	17,58	17,38	17,17	16,87	16,56	16,21	15,85	15,46	15,08	22,50
06/07/2020 20:35:00	21,19	20,68	20,25	19,82	19,37	19,03	18,73	18,44	18,19	17,97	17,86	17,74	17,61	17,42	17,24	16,94	16,64	16,28	15,93	15,54	15,15	22,56
06/07/2020 20:40:00	21,10	20,60	20,17	19,76	19,35	19,02	18,73	18,46	18,24	18,09	17,98	17,86	17,73	17,55	17,37	17,08	16,80	16,45	16,10	15,72	15,33	22,22
06/07/2020 20:45:00	20,94	20,52	20,11	19,70	19,31	19,01	18,74	18,48	18,24	18,03	17,91	17,78	17,65	17,45	17,26	16,96	16,66	16,30	15,93	15,53	15,14	21,78
06/07/2020 20:50:00	20,91	20,43	20,06	19,70	19,34	19,08	18,83	18,54	18,28	18,07	17,93	17,78	17,62	17,40	17,18	16,87	16,55	16,17	15,80	15,38	14,97	21,54
06/07/2020 20:55:00	20,83	20,41	20,01	19,62	19,25	18,96	18,70	18,44	18,21	18,03	17,91	17,77	17,63	17,43	17,24	16,94	16,64	16,28	15,92	15,53	15,13	21,62
06/07/2020 21:00:00	20,79	20,34	19,88	19,49	19,25	19,00	18,75	18,48	18,27	18,12	18,01	17,87	17,74	17,55	17,35	17,05	16,75	16,38	16,00	15,59	15,18	21,93
06/07/2020 21:05:00	20,75	20,32	19,89	19,48	19,17	18,83	18,52	18,32	18,12	17,93	17,82	17,70	17,58	17,40	17,22	16,93	16,64	16,29	15,93	15,55	15,16	21,66
06/07/2020 21:10:00	20,71	20,34	19,90	19,48	19,12	18,79	18,48	18,22	18,00	17,83	17,74	17,63	17,53	17,35	17,18	16,89	16,60	16,25	15,90	15,52	15,14	21,84
06/07/2020 21:15:00	20,64	20,21	19,84	19,48	19,11	18,82	18,55	18,29	18,05	17,86	17,71	17,55	17,40	17,19	16,97	16,67	16,36	16,00	15,63	15,23	14,83	21,06
06/07/2020 21:20:00	20,54	20,14	19,78	19,43	19,09	18,73	18,38	18,15	17,94	17,79	17,68	17,55	17,42	17,23	17,05	16,76	16,47	16,12	15,77	15,40	15,02	20,57
06/07/2020 21:25:00	20,42	20,18	19,81	19,44	19,07	18,82	18,60	18,37	18,19	18,06	17,87	17,68	17,50	17,28	17,06	16,78	16,49	16,14	15,78	15,39	14,99	20,35
06/07/2020 21:30:00	20,22	19,98	19,63	19,31	19,01	18,70	18,38	18,09	17,83	17,60	17,50	17,37	17,24	17,04	16,83	16,51	16,19	15,82	15,44	15,04	14,64	20,22
06/07/2020 21:35:00	19,77	19,47	19,23	19,00	18,77	18,56	18,36	18,18	17,96	17,71	17,58	17,42	17,26	17,03	16,81	16,49	16,16	15,78	15,39	14,97	14,55	19,67
06/07/2020 21:40:00	19,58	19,52	19,36	19,15	18,87	18,63	18,38	18,10	17,86	17,66	17,53	17,38	17,22	17,00	16,78	16,46	16,13	15,76	15,38	14,97	14,57	19,56
06/07/2020 21:45:00	19,29	19,14	19,16	19,16	19,01	18,83	18,62	18,39	18,17	17,98	17,74	17,48	17,22	16,92	16,63	16,27	15,91	15,50	15,09	14,64	14,20	19,17
06/07/2020 21:50:00	19,03	19,40	19,25	19,04	18,85	18,66	18,45	18,18	17,94	17,75	17,62	17,47	17,32	17,10	16,88	16,55	16,23	15,84	15,46	15,04	14,63	18,60
06/07/2020 21:55:00	19,20	19,44	19,38	19,25	18,98	18,75	18,52	18,26	18,04	17,86	17,68	17,48	17,28	17,04	16,80	16,47	16,14	15,76	15,38	14,97	14,57	18,37
06/07/2020 22:00:00	19,12	19,54	19,47	19,28	18,95	18,66	18,39	18,16	17,92	17,72	17,52	17,32	17,12	16,88	16,64	16,31	15,99	15,62	15,25	14,86	14,47	18,44
06/07/2020 22:05:00	19,02	19,56	19,50	19,28	18,92	18,54	18,17	17,86	17,58	17,34	17,13	16,92	16,71	16,46	16,21	15,87	15,54	15,17	14,80	14,41	14,03	18,34
06/07/2020 22:10:00	18,98	19,37	19,23	18,97	18,59	18,23	17,88	17,57	17,25	16,96	16,76	16,55	16,34	16,08	15,82	15,48	15,14	14,76	14,39	13,99	13,60	18,51
06/07/2020 22:15:00	18,70	18,88	18,66	18,40	18,13	17,76	17,39	17,09	16,77	16,46	16,32	16,14	15,97	15,73	15,48	15,14	14,79	14,41	14,03	13,63	13,23	18,43
06/07/2020 22:20:00	18,33	18,52	18,29	17,99	17,59	17,28	16,98	16,66	16,36	16,10	15,94	15,77	15,60	15,37	15,15	14,82	14,50	14,14	13,79	13,41	13,03	18,29
06/07/2020 22:25:00	18,32	18,32	18,00	17,64	17,31	16,92	16,50	16,09	15,80	15,61	15,88	16,03	16,17	16,13	16,09	15,82	15,54	15,24	14,93	14,62	14,31	18,20
06/07/2020 22:30:00	17,11	16,90	16,80	16,72	16,67	16,68	16,71	16,77	16,89	17,09	17,41	17,65	17,89	17,96	18,04	17,89	17,75	17,51	17,28	17,00	16,72	17,63
06/07/2020 22:35:00	16,86	16,70	16,61	16,56	16,54	16,52	16,51	16,56	16,70	16,94	17,22	17,44	17,65	17,71	17,77	17,63	17,48	17,25	17,02	16,74	16,47	17,17
06/07/2020 22:40:00	16,57	16,58	16,59	16,60	16,58	16,56	16,57	16,67	16,74	16,86	17,13	17,31	17,50	17,53	17,56	17,39	17,21	16,96	16,70	16,41	16,11	16,69
06/07/2020 22:45:00	16,82	16,99	16,99	16,94	16,83	16,78	16,73	16,71	16,69	16,72	16,89	16,99	17,08	17,05	17,01	16,80	16,58	16,30	16,02	15,70	15,38	16,50
06/07/2020 22:50:00	16,64	16,76	16,78	16,77	16,69	16,64	16,59	16,55	16,55	16,60	16,73	16,80	16,87	16,81	16,76	16,54	16,32	16,04	15,75	15,43	15,11	16,40
06/07/2020 22:55:00	16,71	17,29	17,35	17,33	17,18	17,03	16,89	16,82	16,75	16,73	16,76	16,76	16,75	16,65	16,55	16,30	16,06	15,75	15,45	15,12	14,79	16,27
06/07/2020 23:00:00	16,62	17,27	17,40	17,42	17,34	17,29	17,19	17,04	16,97	16,97	16,88	16,77	16,67	16,50	16,32	16,05	15,78	15,44	15,11	14,75	14,38	16,35
06/07/2020 23:05:00	16,30	16,81	17,14	17,36	17,33	17,30	17,21	17,07	16,93	16,80	16,63	16,42	16,21	15,95	15,69	15,35	15,01	14,63	14,24	13,83	13,41	16,27
06/07/2020 23:10:00	16,47	17,44	17,65	17,70	17,53	17,34	17,14	16,93	16,77	16,64	16,47	16,29	16,11	15,88	15,65	15,33	15,02	14,66	14,31	13,94	13,56	16,49
06/07/2020 23:15:00	17,50	18,02	17,91	17,73	17,50	17,25	16,98	16,70	16,44	16,22	16,12	15,98	15,85	15,63	15,42	15,10	14,78	14,42	14,05	13,67	13,29	16,27
06/07/2020 23:20:00	17,72	18,11	17,98	17,78	17,52	17,22	16,94	16,71	16,46	16,21	16,06	15,90	15,73	15,51	15,28	14,96	14,64	14,28	13,92	13,54	13,16	16,88
06/07/2020 23:25:00	16,45	17,28	17,68	17,95	17,98	17,85	17,65	17,39	17,20	17,03	16,74	16,42	16,11	15,77	15,43	15,05	14,66	14,24	13,82	13,38	12,93	16,94
06/07/2020 23:30:00	16,94	17,67	17,80	17,79	17,60	17,36	17,10	16,84	16,59	16,37	16,14	15,89	15,65	15,37	15,09	14,74	14,39	14,00	13,62	13,22	12,82	16,89
06/07/2020 23:35:00	16,59	17,28	17,51	17,62	17,56	17,42	17,23	17,02	16,83	16,65	16,43	16,18	15,93	15,65	15,36	15,01	14,66	14,27	13,88	13,46	13,05	16,82
06/07/2020 23:40:00	16,60	17,27	17,47	17,61	17,68	17,67	17,60	17,46	17,36	17,27	17,12	16,94	16,76	16,52	16,29	15,96	15,64	15,26	14,88	14,46	14,04	16,69
06/07/2020 23:45:00	16,44	17,17	17,54	17,76	17,75	17,74	17,66	17,51	17,34	17,17	17,00	16,78	16,57	16,30	16,04	15,69	15,33	14,94	14,54	14,11	13,68	16,77
06/07/2020 23:50:00	16,42	16,92	17,20	17,37	17,36	17,30	17,20	17,09	16,96	16,83	16,70	16,53	16,35	16,12	15,89	15,56	15,24	14,87	14,49	14,09	13,68	16,29
06/07/2020 23:55:00	16,42	16,85	17,02	17,11	17,08	16,98	16,86	16,74	16,59	16,43	16,29	16,12	15,94	15,71	15,47	15,15	14,83	14,46	14,09	13,69	13,28	16,34
