FileFormat:0002.2 file with temperature of atmosphere
SN105HE102
local	GMT or Local
0	GMT-Local=[hours]
0	Height[m]
0	0	0	Longitude                [grd]               [min]               [sec]
0	0	0	Latitude                [grd]               [min]               [sec]
N	NS
56,45	Freq[GHz]
0,00	dTemostat[K]
0,150	MessErr[K]
0,248	//[grad/step]
version 14.4.20120406
MTP5HE102F5645K-38.60I70D219217+A1.1
Commentary:
SN105HE102
парабола ДНА = 2,5 град
НЕ102 - ПУ - ХВБ с ЦСД " S "
АЦП - 202 - 09 с контр.U пит.и М
оптопара серии - 2
Т out № 178 пл
БП LPS - 112
End Of Commentary

SYSTEM\alaska.dat
data time	0	50	100	150	200	250	300	350	400	450	500	550	600	650	700	750	800	850	900	950	1000	OutsideTemperature
11/01/2020 00:00:00	-17,42	-17,51	-17,38	-17,22	-16,93	-16,60	-16,29	-16,00	-15,57	-15,10	-14,60	-14,10	-13,59	-13,14	-12,69	-12,45	-12,20	-12,02	-11,84	-11,80	-11,77	-17,54
11/01/2020 00:05:00	-17,41	-17,41	-17,45	-17,61	-17,71	-17,65	-17,33	-16,74	-16,22	-15,72	-15,13	-14,39	-13,65	-12,95	-12,26	-11,80	-11,35	-11,00	-10,66	-10,54	-10,42	-17,29
11/01/2020 00:10:00	-17,62	-17,64	-17,62	-17,45	-17,14	-16,65	-15,99	-15,40	-14,93	-14,56	-14,21	-13,81	-13,41	-13,05	-12,68	-12,45	-12,22	-12,06	-11,91	-11,88	-11,86	-17,23
11/01/2020 00:15:00	-17,52	-17,33	-17,48	-17,69	-17,63	-17,16	-16,38	-15,66	-15,00	-14,41	-13,80	-13,14	-12,48	-11,92	-11,36	-11,03	-10,69	-10,47	-10,24	-10,20	-10,15	-17,28
11/01/2020 00:20:00	-17,51	-17,53	-17,63	-17,61	-17,36	-16,85	-16,12	-15,42	-14,76	-14,17	-13,56	-12,94	-12,32	-11,81	-11,30	-11,01	-10,72	-10,52	-10,32	-10,28	-10,24	-17,50
11/01/2020 00:25:00	-17,46	-17,41	-17,22	-17,02	-16,78	-16,46	-16,00	-15,62	-15,20	-14,76	-14,28	-13,75	-13,22	-12,74	-12,26	-11,98	-11,70	-11,49	-11,28	-11,23	-11,18	-17,33
11/01/2020 00:30:00	-17,53	-17,11	-16,77	-16,63	-16,46	-16,33	-16,23	-15,97	-15,65	-15,30	-14,89	-14,39	-13,90	-13,42	-12,94	-12,65	-12,36	-12,14	-11,92	-11,86	-11,80	-17,47
11/01/2020 00:35:00	-17,38	-17,12	-16,95	-16,86	-16,68	-16,40	-16,05	-15,75	-15,40	-15,03	-14,65	-14,22	-13,78	-13,38	-12,98	-12,74	-12,50	-12,33	-12,17	-12,13	-12,10	-17,37
11/01/2020 00:40:00	-17,53	-17,30	-16,99	-16,46	-15,93	-15,48	-15,11	-14,73	-14,49	-14,34	-14,23	-14,08	-13,94	-13,76	-13,58	-13,47	-13,35	-13,28	-13,20	-13,21	-13,22	-17,33
11/01/2020 00:45:00	-17,44	-17,14	-16,99	-16,84	-16,67	-16,46	-16,16	-15,80	-15,44	-15,08	-14,70	-14,25	-13,80	-13,37	-12,94	-12,67	-12,41	-12,22	-12,03	-11,98	-11,94	-17,29
11/01/2020 00:50:00	-17,33	-17,01	-16,69	-16,30	-15,98	-15,71	-15,37	-14,95	-14,67	-14,48	-14,26	-13,96	-13,65	-13,32	-12,99	-12,76	-12,53	-12,37	-12,20	-12,17	-12,14	-17,40
11/01/2020 00:55:00	-17,47	-17,06	-16,73	-16,22	-15,73	-15,24	-14,76	-14,54	-14,36	-14,25	-14,20	-14,14	-14,09	-14,01	-13,92	-13,87	-13,82	-13,81	-13,79	-13,83	-13,87	-17,50
11/01/2020 01:00:00	-17,49	-17,13	-16,55	-16,09	-15,80	-15,69	-15,61	-15,46	-15,38	-15,29	-15,16	-14,90	-14,64	-14,31	-13,98	-13,74	-13,51	-13,32	-13,13	-13,08	-13,03	-17,43
11/01/2020 01:05:00	-17,42	-17,54	-17,24	-16,68	-16,05	-15,40	-14,75	-14,30	-13,97	-13,73	-13,54	-13,36	-13,17	-12,98	-12,80	-12,69	-12,58	-12,51	-12,45	-12,47	-12,49	-17,45
11/01/2020 01:10:00	-17,43	-17,46	-16,99	-16,31	-15,64	-15,06	-14,59	-14,27	-14,09	-14,01	-13,98	-13,92	-13,86	-13,76	-13,65	-13,57	-13,49	-13,44	-13,39	-13,41	-13,43	-17,53
11/01/2020 01:15:00	-17,53	-17,61	-17,18	-16,61	-16,05	-15,55	-15,08	-14,61	-14,31	-14,10	-13,89	-13,63	-13,37	-13,09	-12,81	-12,62	-12,44	-12,30	-12,17	-12,15	-12,13	-17,44
11/01/2020 01:20:00	-17,60	-17,83	-17,37	-16,56	-15,90	-15,41	-14,91	-14,49	-14,19	-13,95	-13,73	-13,47	-13,22	-12,96	-12,69	-12,53	-12,36	-12,23	-12,11	-12,09	-12,07	-17,43
11/01/2020 01:25:00	-17,59	-17,67	-17,54	-17,03	-16,31	-15,46	-14,60	-13,89	-13,44	-13,19	-13,03	-12,90	-12,77	-12,66	-12,54	-12,47	-12,40	-12,38	-12,36	-12,41	-12,45	-17,53
11/01/2020 01:30:00	-17,55	-17,58	-17,24	-16,60	-15,95	-15,31	-14,69	-14,19	-13,89	-13,72	-13,60	-13,47	-13,34	-13,19	-13,04	-12,95	-12,85	-12,79	-12,73	-12,75	-12,77	-17,54
11/01/2020 01:35:00	-17,67	-17,80	-17,39	-16,69	-15,94	-15,26	-14,69	-14,24	-13,92	-13,70	-13,52	-13,36	-13,19	-13,02	-12,86	-12,76	-12,67	-12,61	-12,55	-12,56	-12,58	-17,65
11/01/2020 01:40:00	-17,61	-17,50	-17,32	-16,87	-16,30	-15,65	-14,98	-14,52	-14,15	-13,90	-13,70	-13,52	-13,34	-13,18	-13,01	-12,92	-12,83	-12,78	-12,74	-12,77	-12,80	-17,65
11/01/2020 01:45:00	-17,67	-17,97	-17,63	-17,07	-16,43	-15,81	-15,21	-14,72	-14,42	-14,23	-14,09	-13,90	-13,72	-13,51	-13,30	-13,15	-13,01	-12,91	-12,81	-12,80	-12,80	-17,68
11/01/2020 01:50:00	-17,70	-17,97	-17,69	-16,96	-16,21	-15,53	-14,90	-14,50	-14,16	-13,91	-13,72	-13,57	-13,42	-13,28	-13,13	-13,07	-13,00	-12,96	-12,92	-12,95	-12,97	-17,75
11/01/2020 01:55:00	-17,69	-18,13	-17,89	-17,35	-16,69	-16,00	-15,28	-14,63	-14,18	-13,85	-13,55	-13,24	-12,93	-12,64	-12,35	-12,17	-11,99	-11,86	-11,74	-11,72	-11,71	-17,77
11/01/2020 02:00:00	-17,77	-18,15	-17,81	-17,30	-16,65	-15,97	-15,32	-14,78	-14,46	-14,28	-14,13	-13,94	-13,75	-13,53	-13,31	-13,16	-13,01	-12,90	-12,79	-12,79	-12,78	-17,78
11/01/2020 02:05:00	-17,75	-18,07	-17,87	-17,46	-16,95	-16,37	-15,77	-15,22	-14,80	-14,47	-14,15	-13,80	-13,46	-13,13	-12,80	-12,60	-12,40	-12,25	-12,10	-12,08	-12,06	-17,78
11/01/2020 02:10:00	-17,83	-18,14	-17,97	-17,45	-16,78	-16,04	-15,30	-14,79	-14,28	-13,83	-13,43	-13,09	-12,75	-12,47	-12,20	-12,07	-11,94	-11,86	-11,79	-11,80	-11,81	-17,75
11/01/2020 02:15:00	-17,76	-18,22	-17,91	-17,43	-16,86	-16,29	-15,77	-15,33	-14,98	-14,67	-14,38	-14,06	-13,75	-13,44	-13,13	-12,94	-12,75	-12,61	-12,47	-12,44	-12,42	-17,75
11/01/2020 02:20:00	-17,65	-18,08	-17,92	-17,50	-17,05	-16,56	-15,96	-15,52	-15,10	-14,72	-14,33	-13,92	-13,52	-13,14	-12,77	-12,55	-12,33	-12,17	-12,00	-11,97	-11,94	-17,69
11/01/2020 02:25:00	-17,68	-18,04	-17,90	-17,63	-17,21	-16,65	-15,96	-15,40	-14,86	-14,36	-13,85	-13,31	-12,78	-12,31	-11,85	-11,58	-11,31	-11,12	-10,92	-10,88	-10,84	-17,69
11/01/2020 02:30:00	-17,63	-18,10	-17,87	-17,41	-16,83	-16,19	-15,51	-14,95	-14,54	-14,24	-13,96	-13,65	-13,34	-13,04	-12,74	-12,55	-12,36	-12,22	-12,09	-12,07	-12,05	-17,64
11/01/2020 02:35:00	-17,62	-18,10	-17,91	-17,46	-16,89	-16,27	-15,64	-15,03	-14,61	-14,30	-14,01	-13,69	-13,37	-13,06	-12,75	-12,56	-12,36	-12,21	-12,07	-12,05	-12,03	-17,62
11/01/2020 02:40:00	-17,54	-18,08	-17,74	-17,09	-16,39	-15,73	-15,11	-14,64	-14,30	-14,04	-13,82	-13,59	-13,37	-13,13	-12,90	-12,76	-12,62	-12,51	-12,41	-12,40	-12,40	-17,59
11/01/2020 02:45:00	-17,52	-18,09	-18,00	-17,41	-16,65	-15,85	-15,12	-14,49	-14,05	-13,75	-13,53	-13,35	-13,17	-13,01	-12,85	-12,76	-12,67	-12,62	-12,58	-12,60	-12,62	-17,53
11/01/2020 02:50:00	-17,50	-18,07	-18,25	-17,86	-17,12	-16,15	-15,13	-14,22	-13,63	-13,28	-13,03	-12,85	-12,67	-12,53	-12,39	-12,32	-12,24	-12,22	-12,19	-12,24	-12,28	-17,53
11/01/2020 02:55:00	-17,45	-18,10	-17,99	-17,56	-16,90	-16,16	-15,48	-14,88	-14,43	-14,11	-13,83	-13,57	-13,31	-13,06	-12,82	-12,68	-12,54	-12,44	-12,35	-12,35	-12,35	-17,52
11/01/2020 03:00:00	-17,55	-18,12	-18,07	-17,48	-16,79	-16,07	-15,35	-14,77	-14,36	-14,10	-13,90	-13,74	-13,58	-13,43	-13,27	-13,18	-13,09	-13,04	-12,98	-13,00	-13,02	-17,51
11/01/2020 03:05:00	-17,49	-18,09	-18,11	-17,71	-16,90	-15,88	-14,92	-14,13	-13,61	-13,33	-13,15	-13,02	-12,90	-12,80	-12,70	-12,64	-12,59	-12,58	-12,57	-12,62	-12,67	-17,52
11/01/2020 03:10:00	-17,52	-18,08	-17,87	-17,22	-16,50	-15,84	-15,26	-14,87	-14,56	-14,34	-14,17	-14,05	-13,92	-13,78	-13,64	-13,57	-13,50	-13,45	-13,41	-13,42	-13,44	-17,50
11/01/2020 03:15:00	-17,53	-18,06	-18,15	-17,86	-17,18	-16,23	-15,23	-14,35	-13,82	-13,54	-13,36	-13,19	-13,02	-12,87	-12,72	-12,61	-12,51	-12,46	-12,41	-12,44	-12,48	-17,52
11/01/2020 03:20:00	-17,58	-18,08	-18,05	-17,70	-17,08	-16,28	-15,45	-14,72	-14,14	-13,69	-13,29	-12,92	-12,54	-12,23	-11,93	-11,76	-11,59	-11,48	-11,37	-11,37	-11,37	-17,53
11/01/2020 03:25:00	-17,63	-18,28	-18,30	-17,58	-16,56	-15,46	-14,49	-13,76	-13,27	-12,99	-12,85	-12,85	-12,84	-12,87	-12,89	-12,94	-12,99	-13,06	-13,13	-13,21	-13,29	-17,63
11/01/2020 03:30:00	-17,60	-18,27	-18,10	-17,46	-16,71	-15,96	-15,24	-14,65	-14,26	-14,02	-13,84	-13,67	-13,51	-13,33	-13,16	-13,06	-12,95	-12,88	-12,81	-12,82	-12,83	-17,65
11/01/2020 03:35:00	-17,68	-18,18	-17,96	-17,58	-17,02	-16,41	-15,84	-15,38	-14,94	-14,54	-14,16	-13,78	-13,40	-13,06	-12,72	-12,52	-12,33	-12,19	-12,05	-12,03	-12,01	-17,70
11/01/2020 03:40:00	-17,68	-18,26	-18,06	-17,59	-16,92	-16,21	-15,56	-14,99	-14,63	-14,41	-14,24	-14,06	-13,88	-13,68	-13,48	-13,35	-13,22	-13,13	-13,04	-13,04	-13,04	-17,75
11/01/2020 03:45:00	-17,82	-18,38	-18,11	-17,35	-16,62	-16,01	-15,44	-15,14	-14,83	-14,56	-14,32	-14,14	-13,96	-13,79	-13,61	-13,53	-13,45	-13,39	-13,33	-13,34	-13,35	-17,78
11/01/2020 03:50:00	-17,84	-18,38	-18,34	-17,86	-17,16	-16,40	-15,73	-15,17	-14,74	-14,45	-14,22	-14,04	-13,86	-13,69	-13,52	-13,43	-13,34	-13,29	-13,24	-13,26	-13,28	-17,87
11/01/2020 03:55:00	-17,89	-18,44	-18,29	-17,83	-17,18	-16,47	-15,77	-15,19	-14,75	-14,41	-14,12	-13,83	-13,54	-13,28	-13,01	-12,85	-12,69	-12,58	-12,48	-12,47	-12,46	-17,91
11/01/2020 04:00:00	-18,04	-18,51	-18,30	-17,43	-16,49	-15,60	-14,80	-14,25	-13,91	-13,74	-13,67	-13,68	-13,70	-13,70	-13,69	-13,71	-13,72	-13,75	-13,78	-13,84	-13,89	-17,95
11/01/2020 04:05:00	-18,14	-18,51	-18,07	-17,34	-16,55	-15,76	-15,00	-14,52	-14,19	-13,97	-13,80	-13,64	-13,49	-13,33	-13,17	-13,07	-12,98	-12,91	-12,85	-12,87	-12,88	-18,13
11/01/2020 04:10:00	-18,13	-18,60	-18,38	-17,80	-16,93	-15,97	-15,13	-14,48	-14,04	-13,77	-13,59	-13,47	-13,34	-13,24	-13,13	-13,08	-13,03	-13,01	-12,99	-13,03	-13,08	-18,17
11/01/2020 04:15:00	-18,18	-18,59	-18,16	-17,41	-16,67	-16,06	-15,54	-15,19	-14,91	-14,68	-14,49	-14,30	-14,11	-13,90	-13,70	-13,58	-13,45	-13,36	-13,27	-13,27	-13,27	-18,24
11/01/2020 04:20:00	-18,23	-18,50	-18,28	-17,60	-16,80	-16,05	-15,39	-14,82	-14,42	-14,16	-13,97	-13,83	-13,68	-13,54	-13,41	-13,34	-13,26	-13,23	-13,19	-13,21	-13,24	-18,33
11/01/2020 04:25:00	-18,26	-18,65	-18,30	-17,38	-16,53	-15,81	-15,14	-14,75	-14,50	-14,35	-14,28	-14,25	-14,22	-14,16	-14,10	-14,08	-14,05	-14,03	-14,02	-14,05	-14,08	-18,34
11/01/2020 04:30:00	-18,37	-18,70	-18,45	-17,87	-17,18	-16,38	-15,51	-14,94	-14,52	-14,23	-13,99	-13,77	-13,55	-13,34	-13,14	-13,02	-12,89	-12,82	-12,74	-12,75	-12,77	-18,34
11/01/2020 04:35:00	-18,42	-18,72	-18,21	-17,36	-16,48	-15,67	-14,95	-14,52	-14,27	-14,13	-14,06	-14,02	-13,98	-13,90	-13,82	-13,78	-13,73	-13,71	-13,68	-13,71	-13,74	-18,40
11/01/2020 04:40:00	-18,43	-18,68	-18,31	-17,68	-17,13	-16,64	-16,08	-15,68	-15,38	-15,13	-14,90	-14,63	-14,36	-14,07	-13,78	-13,60	-13,41	-13,27	-13,13	-13,10	-13,07	-18,44
11/01/2020 04:45:00	-18,30	-18,47	-17,97	-17,32	-16,79	-16,34	-15,85	-15,48	-15,21	-14,97	-14,71	-14,40	-14,08	-13,75	-13,41	-13,19	-12,98	-12,81	-12,64	-12,60	-12,56	-18,52
11/01/2020 04:50:00	-18,34	-18,63	-18,22	-17,46	-16,66	-15,91	-15,20	-14,65	-14,35	-14,19	-14,08	-13,98	-13,87	-13,74	-13,61	-13,52	-13,43	-13,37	-13,31	-13,32	-13,34	-18,36
11/01/2020 04:55:00	-18,35	-18,71	-18,51	-17,87	-17,17	-16,49	-15,83	-15,20	-14,75	-14,42	-14,12	-13,85	-13,57	-13,31	-13,05	-12,90	-12,74	-12,64	-12,53	-12,52	-12,51	-18,45
11/01/2020 05:00:00	-18,46	-18,71	-18,52	-18,10	-17,58	-16,96	-16,23	-15,68	-15,23	-14,86	-14,52	-14,16	-13,80	-13,47	-13,14	-12,94	-12,74	-12,60	-12,46	-12,44	-12,41	-18,45
11/01/2020 05:05:00	-18,44	-18,79	-18,21	-17,43	-16,74	-16,20	-15,71	-15,40	-15,15	-14,92	-14,69	-14,45	-14,20	-13,94	-13,67	-13,51	-13,35	-13,22	-13,09	-13,07	-13,05	-18,45
11/01/2020 05:10:00	-18,44	-18,58	-18,23	-17,76	-17,29	-16,79	-16,21	-15,79	-15,43	-15,12	-14,80	-14,44	-14,09	-13,74	-13,39	-13,18	-12,96	-12,80	-12,64	-12,61	-12,58	-18,43
11/01/2020 05:15:00	-18,42	-18,87	-18,44	-17,84	-17,27	-16,79	-16,32	-15,90	-15,57	-15,28	-14,97	-14,61	-14,26	-13,89	-13,53	-13,30	-13,06	-12,88	-12,69	-12,64	-12,59	-18,37
11/01/2020 05:20:00	-18,50	-18,81	-18,76	-18,47	-17,90	-17,10	-16,20	-15,36	-14,75	-14,31	-13,91	-13,50	-13,09	-12,74	-12,38	-12,16	-11,95	-11,80	-11,66	-11,64	-11,63	-18,50
11/01/2020 05:25:00	-18,29	-18,60	-17,82	-16,99	-16,38	-16,01	-15,67	-15,50	-15,39	-15,28	-15,13	-14,89	-14,65	-14,34	-14,03	-13,82	-13,61	-13,42	-13,24	-13,19	-13,14	-18,35
11/01/2020 05:30:00	-18,33	-18,53	-17,95	-17,08	-16,41	-15,99	-15,59	-15,27	-15,10	-14,99	-14,87	-14,70	-14,53	-14,30	-14,07	-13,91	-13,75	-13,62	-13,49	-13,46	-13,44	-18,46
11/01/2020 05:35:00	-18,39	-18,63	-18,46	-18,04	-17,28	-16,32	-15,37	-14,60	-14,12	-13,84	-13,66	-13,49	-13,32	-13,16	-13,01	-12,91	-12,81	-12,76	-12,72	-12,75	-12,78	-18,25
11/01/2020 05:40:00	-18,39	-18,67	-18,27	-17,65	-17,01	-16,43	-15,87	-15,37	-15,00	-14,71	-14,43	-14,12	-13,80	-13,49	-13,18	-12,99	-12,80	-12,65	-12,51	-12,48	-12,45	-18,37
11/01/2020 05:45:00	-18,41	-18,64	-18,29	-17,70	-17,05	-16,42	-15,80	-15,17	-14,79	-14,54	-14,31	-14,03	-13,75	-13,47	-13,19	-12,99	-12,80	-12,66	-12,52	-12,50	-12,48	-18,37
11/01/2020 05:50:00	-18,40	-18,66	-18,39	-17,98	-17,50	-17,01	-16,53	-16,12	-15,70	-15,29	-14,88	-14,46	-14,03	-13,64	-13,26	-13,03	-12,81	-12,64	-12,47	-12,44	-12,40	-18,27
11/01/2020 05:55:00	-18,32	-18,74	-18,42	-17,63	-16,72	-15,88	-15,18	-14,75	-14,44	-14,25	-14,14	-14,11	-14,08	-14,04	-13,99	-13,99	-13,98	-13,99	-14,00	-14,05	-14,09	-18,28
11/01/2020 06:00:00	-18,26	-18,75	-18,41	-17,79	-17,12	-16,51	-15,97	-15,53	-15,14	-14,79	-14,46	-14,13	-13,80	-13,50	-13,19	-13,01	-12,84	-12,71	-12,57	-12,55	-12,53	-18,24
11/01/2020 06:05:00	-18,31	-18,55	-18,21	-17,80	-17,24	-16,59	-15,90	-15,36	-14,94	-14,61	-14,28	-13,93	-13,57	-13,23	-12,90	-12,69	-12,48	-12,33	-12,18	-12,15	-12,13	-18,29
11/01/2020 06:10:00	-18,20	-18,68	-18,47	-18,01	-17,38	-16,72	-16,09	-15,42	-14,98	-14,69	-14,42	-14,11	-13,80	-13,49	-13,19	-12,99	-12,78	-12,64	-12,49	-12,46	-12,44	-18,25
11/01/2020 06:15:00	-18,14	-18,58	-18,21	-17,63	-16,97	-16,31	-15,64	-15,22	-14,92	-14,71	-14,53	-14,33	-14,13	-13,91	-13,69	-13,54	-13,39	-13,28	-13,18	-13,17	-13,16	-18,25
11/01/2020 06:20:00	-18,20	-18,67	-18,49	-17,94	-17,37	-16,75	-16,02	-15,41	-15,03	-14,77	-14,55	-14,29	-14,03	-13,76	-13,49	-13,31	-13,12	-12,99	-12,86	-12,84	-12,81	-18,17
11/01/2020 06:25:00	-18,18	-18,52	-18,24	-17,85	-17,48	-17,07	-16,51	-16,02	-15,63	-15,28	-14,90	-14,44	-13,98	-13,53	-13,09	-12,79	-12,50	-12,28	-12,05	-11,99	-11,92	-18,22
11/01/2020 06:30:00	-18,32	-18,56	-18,39	-18,08	-17,74	-17,30	-16,69	-16,08	-15,65	-15,30	-14,93	-14,47	-14,02	-13,57	-13,13	-12,83	-12,53	-12,31	-12,09	-12,03	-11,97	-18,24
11/01/2020 06:35:00	-18,39	-18,79	-18,66	-18,28	-17,67	-16,91	-16,10	-15,50	-15,02	-14,65	-14,34	-14,03	-13,72	-13,45	-13,18	-13,02	-12,87	-12,76	-12,66	-12,66	-12,66	-18,36
11/01/2020 06:40:00	-18,37	-18,58	-18,31	-17,82	-17,21	-16,57	-15,94	-15,39	-15,05	-14,84	-14,67	-14,48	-14,28	-14,06	-13,85	-13,70	-13,55	-13,45	-13,34	-13,34	-13,34	-18,37
11/01/2020 06:45:00	-18,40	-18,79	-18,35	-17,57	-16,85	-16,29	-15,82	-15,48	-15,23	-15,03	-14,85	-14,67	-14,50	-14,30	-14,09	-13,97	-13,85	-13,75	-13,66	-13,65	-13,64	-18,45
11/01/2020 06:50:00	-18,48	-18,90	-18,65	-18,05	-17,47	-16,94	-16,38	-15,96	-15,61	-15,31	-15,04	-14,74	-14,45	-14,16	-13,87	-13,69	-13,51	-13,38	-13,24	-13,22	-13,19	-18,47
11/01/2020 06:55:00	-18,55	-18,79	-18,51	-17,89	-17,28	-16,74	-16,25	-15,91	-15,55	-15,23	-14,93	-14,66	-14,38	-14,12	-13,87	-13,73	-13,59	-13,49	-13,38	-13,38	-13,37	-18,54
11/01/2020 07:00:00	-18,51	-18,91	-18,82	-18,46	-17,93	-17,30	-16,61	-15,95	-15,45	-15,06	-14,69	-14,30	-13,92	-13,56	-13,21	-12,99	-12,77	-12,62	-12,46	-12,43	-12,40	-18,51
11/01/2020 07:05:00	-18,47	-18,85	-18,69	-18,23	-17,54	-16,77	-16,04	-15,34	-14,87	-14,57	-14,32	-14,07	-13,81	-13,58	-13,34	-13,19	-13,04	-12,94	-12,84	-12,84	-12,83	-18,54
11/01/2020 07:10:00	-18,52	-18,78	-18,46	-17,78	-17,19	-16,73	-16,31	-15,98	-15,70	-15,46	-15,24	-15,01	-14,78	-14,53	-14,29	-14,13	-13,98	-13,86	-13,75	-13,73	-13,71	-18,32
11/01/2020 07:15:00	-18,49	-18,82	-18,71	-18,23	-17,72	-17,15	-16,49	-15,96	-15,55	-15,23	-14,95	-14,64	-14,34	-14,05	-13,76	-13,58	-13,40	-13,27	-13,14	-13,12	-13,10	-18,44
11/01/2020 07:20:00	-18,40	-18,70	-18,54	-18,05	-17,50	-16,90	-16,23	-15,76	-15,37	-15,07	-14,80	-14,53	-14,26	-14,00	-13,74	-13,58	-13,43	-13,32	-13,21	-13,20	-13,19	-18,45
11/01/2020 07:25:00	-18,35	-18,62	-18,22	-17,60	-17,17	-16,87	-16,51	-16,30	-16,07	-15,82	-15,55	-15,23	-14,90	-14,56	-14,21	-13,99	-13,77	-13,59	-13,42	-13,37	-13,32	-18,34
11/01/2020 07:30:00	-18,36	-18,77	-18,23	-17,31	-16,50	-15,87	-15,36	-15,16	-15,04	-14,96	-14,94	-14,93	-14,92	-14,84	-14,77	-14,72	-14,67	-14,63	-14,59	-14,61	-14,63	-18,45
11/01/2020 07:35:00	-18,40	-18,87	-18,63	-17,68	-16,60	-15,59	-14,74	-14,18	-13,86	-13,75	-13,78	-13,90	-14,03	-14,13	-14,23	-14,31	-14,38	-14,47	-14,55	-14,63	-14,71	-18,55
11/01/2020 07:40:00	-18,43	-18,79	-18,85	-18,23	-17,38	-16,50	-15,69	-14,91	-14,41	-14,14	-13,99	-13,90	-13,82	-13,75	-13,68	-13,65	-13,61	-13,62	-13,62	-13,67	-13,71	-18,41
11/01/2020 07:45:00	-18,41	-18,42	-18,02	-17,24	-16,53	-15,95	-15,43	-15,04	-14,84	-14,76	-14,73	-14,69	-14,64	-14,55	-14,46	-14,39	-14,32	-14,27	-14,23	-14,25	-14,26	-18,60
11/01/2020 07:50:00	-18,39	-18,78	-18,68	-18,24	-17,42	-16,40	-15,48	-14,79	-14,37	-14,15	-14,05	-13,99	-13,94	-13,88	-13,83	-13,80	-13,76	-13,77	-13,77	-13,83	-13,88	-18,55
11/01/2020 07:55:00	-18,54	-18,70	-18,79	-18,75	-18,46	-17,96	-17,34	-16,60	-15,97	-15,44	-14,90	-14,31	-13,73	-13,22	-12,71	-12,39	-12,08	-11,86	-11,64	-11,58	-11,52	-18,57
11/01/2020 08:00:00	-18,44	-18,88	-18,84	-18,61	-18,21	-17,69	-17,09	-16,44	-15,96	-15,58	-15,20	-14,77	-14,33	-13,92	-13,50	-13,23	-12,96	-12,77	-12,57	-12,52	-12,46	-18,46
11/01/2020 08:05:00	-18,43	-18,53	-18,44	-18,31	-18,05	-17,71	-17,34	-16,92	-16,52	-16,14	-15,75	-15,30	-14,86	-14,43	-14,01	-13,74	-13,47	-13,28	-13,08	-13,03	-12,98	-18,45
11/01/2020 08:10:00	-18,49	-18,80	-18,31	-17,93	-17,55	-17,21	-16,91	-16,73	-16,49	-16,21	-15,90	-15,51	-15,12	-14,71	-14,31	-14,05	-13,78	-13,58	-13,37	-13,31	-13,24	-18,47
11/01/2020 08:15:00	-18,46	-18,64	-18,25	-17,71	-17,23	-16,85	-16,49	-16,20	-16,05	-15,96	-15,87	-15,70	-15,53	-15,29	-15,06	-14,87	-14,69	-14,55	-14,41	-14,38	-14,35	-18,44
11/01/2020 08:20:00	-18,38	-18,78	-18,21	-17,55	-17,06	-16,75	-16,45	-16,29	-16,18	-16,06	-15,92	-15,69	-15,47	-15,17	-14,88	-14,66	-14,45	-14,28	-14,10	-14,05	-14,00	-18,38
11/01/2020 08:25:00	-18,38	-18,64	-17,93	-17,25	-16,63	-16,25	-16,09	-15,88	-15,86	-15,90	-15,92	-15,83	-15,74	-15,54	-15,34	-15,17	-14,99	-14,84	-14,70	-14,66	-14,62	-18,39
11/01/2020 08:30:00	-18,29	-18,65	-18,09	-17,40	-16,86	-16,51	-16,25	-16,15	-16,04	-15,89	-15,74	-15,53	-15,32	-15,06	-14,80	-14,62	-14,45	-14,30	-14,16	-14,12	-14,09	-18,43
11/01/2020 08:35:00	-18,35	-18,33	-17,78	-17,14	-16,60	-16,24	-16,04	-16,01	-15,91	-15,79	-15,67	-15,53	-15,39	-15,20	-15,01	-14,89	-14,78	-14,68	-14,59	-14,59	-14,58	-18,36
11/01/2020 08:40:00	-18,31	-18,56	-17,72	-16,91	-16,35	-16,19	-16,26	-16,40	-16,49	-16,51	-16,49	-16,38	-16,27	-16,05	-15,82	-15,65	-15,48	-15,33	-15,17	-15,12	-15,07	-18,32
11/01/2020 08:45:00	-18,25	-17,82	-17,07	-16,51	-16,24	-16,18	-16,11	-16,11	-16,23	-16,35	-16,43	-16,34	-16,25	-16,03	-15,80	-15,59	-15,39	-15,22	-15,05	-15,00	-14,96	-18,14
11/01/2020 08:50:00	-18,27	-18,40	-17,72	-16,95	-16,39	-16,09	-15,90	-15,72	-15,69	-15,70	-15,70	-15,59	-15,47	-15,26	-15,04	-14,86	-14,68	-14,53	-14,38	-14,34	-14,30	-17,80
11/01/2020 08:55:00	-18,19	-17,83	-17,34	-16,91	-16,65	-16,54	-16,45	-16,30	-16,22	-16,14	-16,02	-15,77	-15,53	-15,22	-14,91	-14,68	-14,44	-14,26	-14,08	-14,03	-13,98	-18,13
11/01/2020 09:00:00	-18,31	-18,33	-18,07	-17,50	-16,90	-16,31	-15,73	-15,28	-14,96	-14,75	-14,58	-14,41	-14,24	-14,05	-13,87	-13,75	-13,64	-13,56	-13,49	-13,49	-13,50	-17,98
11/01/2020 09:05:00	-18,26	-18,44	-18,19	-17,76	-17,27	-16,74	-16,16	-15,67	-15,34	-15,09	-14,87	-14,60	-14,33	-14,04	-13,76	-13,57	-13,38	-13,24	-13,11	-13,09	-13,07	-18,12
11/01/2020 09:10:00	-18,15	-18,12	-17,81	-17,44	-16,98	-16,52	-16,12	-15,83	-15,54	-15,26	-14,99	-14,71	-14,42	-14,15	-13,87	-13,70	-13,54	-13,42	-13,31	-13,29	-13,28	-18,17
11/01/2020 09:15:00	-18,17	-18,43	-18,38	-18,00	-17,42	-16,75	-16,07	-15,38	-14,91	-14,59	-14,33	-14,05	-13,77	-13,51	-13,25	-13,09	-12,92	-12,81	-12,70	-12,70	-12,69	-18,15
11/01/2020 09:20:00	-18,17	-18,47	-18,26	-17,67	-16,97	-16,25	-15,55	-15,07	-14,79	-14,66	-14,60	-14,55	-14,50	-14,41	-14,33	-14,26	-14,19	-14,16	-14,13	-14,16	-14,18	-18,15
11/01/2020 09:25:00	-18,20	-18,33	-17,94	-17,52	-17,14	-16,86	-16,60	-16,32	-16,11	-15,91	-15,69	-15,39	-15,08	-14,74	-14,39	-14,16	-13,92	-13,74	-13,55	-13,50	-13,45	-18,19
11/01/2020 09:30:00	-18,16	-18,36	-18,00	-17,49	-16,95	-16,43	-15,96	-15,58	-15,39	-15,29	-15,22	-15,09	-14,97	-14,79	-14,60	-14,46	-14,32	-14,21	-14,11	-14,10	-14,09	-18,22
11/01/2020 09:35:00	-18,15	-18,33	-17,96	-17,47	-16,95	-16,50	-16,12	-15,79	-15,61	-15,49	-15,39	-15,24	-15,08	-14,87	-14,66	-14,50	-14,35	-14,23	-14,11	-14,10	-14,08	-18,19
11/01/2020 09:40:00	-18,13	-18,41	-18,26	-17,79	-17,22	-16,60	-15,96	-15,50	-15,14	-14,88	-14,66	-14,46	-14,25	-14,04	-13,84	-13,71	-13,59	-13,51	-13,43	-13,44	-13,45	-18,15
11/01/2020 09:45:00	-18,10	-18,34	-18,04	-17,44	-16,79	-16,16	-15,58	-15,26	-15,04	-14,91	-14,84	-14,77	-14,71	-14,60	-14,50	-14,43	-14,35	-14,31	-14,27	-14,29	-14,31	-18,04
11/01/2020 09:50:00	-18,02	-18,36	-18,03	-17,30	-16,62	-16,09	-15,63	-15,30	-15,09	-14,97	-14,88	-14,79	-14,70	-14,57	-14,43	-14,35	-14,26	-14,19	-14,13	-14,13	-14,14	-17,99
11/01/2020 09:55:00	-18,01	-18,32	-17,96	-17,31	-16,69	-16,14	-15,62	-15,36	-15,22	-15,15	-15,13	-15,09	-15,05	-14,95	-14,84	-14,76	-14,67	-14,62	-14,56	-14,57	-14,58	-17,94
11/01/2020 10:00:00	-17,89	-18,31	-17,99	-17,43	-16,83	-16,31	-15,86	-15,60	-15,40	-15,27	-15,16	-15,04	-14,91	-14,74	-14,58	-14,46	-14,34	-14,26	-14,18	-14,17	-14,17	-17,98
11/01/2020 10:05:00	-17,97	-18,43	-18,28	-17,90	-17,40	-16,89	-16,42	-15,98	-15,63	-15,36	-15,11	-14,83	-14,54	-14,25	-13,96	-13,77	-13,59	-13,45	-13,31	-13,29	-13,26	-18,00
11/01/2020 10:10:00	-18,02	-18,40	-18,15	-17,71	-17,13	-16,53	-15,98	-15,61	-15,29	-15,03	-14,80	-14,58	-14,36	-14,14	-13,91	-13,78	-13,64	-13,55	-13,46	-13,46	-13,45	-18,05
11/01/2020 10:15:00	-18,11	-18,25	-17,96	-17,49	-16,97	-16,47	-16,04	-15,76	-15,51	-15,31	-15,14	-14,95	-14,77	-14,57	-14,37	-14,24	-14,12	-14,03	-13,94	-13,94	-13,94	-18,10
11/01/2020 10:20:00	-18,16	-18,41	-18,12	-17,52	-16,91	-16,39	-15,97	-15,64	-15,38	-15,18	-15,02	-14,86	-14,70	-14,52	-14,34	-14,23	-14,12	-14,05	-13,97	-13,97	-13,97	-18,03
11/01/2020 10:25:00	-17,98	-18,20	-17,99	-17,56	-17,17	-16,75	-16,20	-15,79	-15,52	-15,35	-15,19	-14,95	-14,72	-14,45	-14,18	-13,99	-13,79	-13,65	-13,50	-13,48	-13,45	-18,04
11/01/2020 10:30:00	-18,03	-18,29	-18,15	-17,74	-17,38	-17,06	-16,67	-16,32	-16,03	-15,79	-15,54	-15,24	-14,94	-14,61	-14,29	-14,08	-13,86	-13,70	-13,54	-13,50	-13,46	-18,04
11/01/2020 10:35:00	-17,96	-18,40	-18,19	-17,69	-17,10	-16,53	-16,02	-15,70	-15,45	-15,27	-15,14	-15,00	-14,86	-14,70	-14,53	-14,42	-14,31	-14,24	-14,16	-14,17	-14,17	-18,07
11/01/2020 10:40:00	-18,02	-18,23	-18,13	-17,82	-17,50	-17,15	-16,70	-16,37	-16,06	-15,77	-15,49	-15,17	-14,84	-14,51	-14,18	-13,97	-13,76	-13,60	-13,44	-13,41	-13,38	-18,00
11/01/2020 10:45:00	-18,05	-18,31	-18,12	-17,89	-17,63	-17,37	-17,07	-16,74	-16,42	-16,10	-15,75	-15,32	-14,89	-14,46	-14,03	-13,75	-13,46	-13,25	-13,03	-12,97	-12,90	-18,02
11/01/2020 10:50:00	-17,97	-18,15	-18,09	-17,92	-17,68	-17,36	-16,98	-16,70	-16,38	-16,04	-15,70	-15,32	-14,94	-14,57	-14,20	-13,97	-13,74	-13,57	-13,41	-13,37	-13,33	-17,98
11/01/2020 10:55:00	-17,99	-18,10	-18,03	-17,83	-17,56	-17,24	-16,83	-16,42	-16,11	-15,87	-15,63	-15,32	-15,01	-14,68	-14,34	-14,11	-13,88	-13,72	-13,55	-13,51	-13,48	-17,85
11/01/2020 11:00:00	-17,82	-18,19	-18,19	-18,08	-17,78	-17,28	-16,65	-16,11	-15,70	-15,37	-15,06	-14,70	-14,33	-13,98	-13,62	-13,39	-13,15	-12,99	-12,82	-12,79	-12,76	-17,85
11/01/2020 11:05:00	-17,82	-18,02	-17,98	-18,01	-17,86	-17,58	-17,24	-16,80	-16,38	-15,98	-15,54	-15,02	-14,49	-14,00	-13,50	-13,19	-12,87	-12,64	-12,40	-12,34	-12,27	-17,79
11/01/2020 11:10:00	-17,68	-17,91	-17,87	-17,72	-17,46	-17,12	-16,72	-16,39	-16,09	-15,83	-15,58	-15,27	-14,96	-14,63	-14,31	-14,10	-13,88	-13,73	-13,57	-13,54	-13,51	-17,70
11/01/2020 11:15:00	-17,59	-17,91	-17,75	-17,50	-17,25	-16,97	-16,58	-16,35	-16,10	-15,84	-15,56	-15,23	-14,89	-14,53	-14,18	-13,95	-13,72	-13,55	-13,37	-13,33	-13,29	-17,57
11/01/2020 11:20:00	-17,65	-17,86	-17,57	-17,38	-17,22	-17,10	-16,95	-16,74	-16,54	-16,31	-16,02	-15,62	-15,22	-14,78	-14,34	-14,04	-13,74	-13,50	-13,27	-13,19	-13,11	-17,60
11/01/2020 11:25:00	-17,57	-17,85	-17,72	-17,49	-17,25	-16,99	-16,63	-16,32	-16,10	-15,92	-15,74	-15,46	-15,18	-14,86	-14,53	-14,30	-14,06	-13,89	-13,71	-13,67	-13,62	-17,58
11/01/2020 11:30:00	-17,45	-17,56	-17,43	-17,13	-16,82	-16,56	-16,29	-16,02	-15,82	-15,65	-15,49	-15,28	-15,06	-14,80	-14,55	-14,37	-14,19	-14,06	-13,93	-13,91	-13,89	-17,50
11/01/2020 11:35:00	-17,47	-17,55	-17,60	-17,61	-17,54	-17,39	-17,21	-16,96	-16,69	-16,41	-16,12	-15,75	-15,38	-15,00	-14,62	-14,37	-14,11	-13,93	-13,74	-13,70	-13,65	-17,49
11/01/2020 11:40:00	-17,38	-17,57	-17,41	-17,15	-16,86	-16,61	-16,39	-16,20	-16,10	-16,05	-16,01	-15,90	-15,78	-15,58	-15,39	-15,23	-15,07	-14,96	-14,84	-14,82	-14,81	-17,28
11/01/2020 11:45:00	-17,34	-17,45	-17,54	-17,65	-17,68	-17,55	-17,24	-16,82	-16,53	-16,31	-16,05	-15,66	-15,27	-14,84	-14,41	-14,10	-13,79	-13,56	-13,33	-13,26	-13,20	-17,11
11/01/2020 11:50:00	-17,04	-17,01	-16,99	-17,09	-17,19	-17,20	-17,07	-16,86	-16,60	-16,30	-15,93	-15,43	-14,93	-14,42	-13,92	-13,58	-13,24	-12,99	-12,73	-12,65	-12,57	-17,02
11/01/2020 11:55:00	-16,89	-16,84	-17,00	-17,28	-17,46	-17,44	-17,17	-16,92	-16,60	-16,25	-15,85	-15,34	-14,83	-14,33	-13,82	-13,49	-13,16	-12,92	-12,68	-12,61	-12,54	-16,88
11/01/2020 12:00:00	-16,89	-17,00	-16,73	-16,47	-16,31	-16,28	-16,29	-16,25	-16,17	-16,05	-15,87	-15,59	-15,31	-14,97	-14,63	-14,39	-14,15	-13,96	-13,77	-13,71	-13,66	-16,93
11/01/2020 12:05:00	-16,92	-17,04	-16,97	-16,87	-16,80	-16,68	-16,40	-16,15	-15,94	-15,75	-15,53	-15,20	-14,86	-14,49	-14,11	-13,85	-13,58	-13,38	-13,18	-13,13	-13,08	-16,90
11/01/2020 12:10:00	-16,94	-16,83	-16,66	-16,46	-16,41	-16,45	-16,42	-16,23	-16,19	-16,21	-16,21	-16,03	-15,85	-15,55	-15,26	-15,01	-14,76	-14,56	-14,37	-14,32	-14,26	-16,94
11/01/2020 12:15:00	-16,93	-16,71	-16,48	-16,19	-16,04	-15,96	-15,79	-15,73	-15,68	-15,63	-15,58	-15,42	-15,26	-15,02	-14,78	-14,60	-14,42	-14,28	-14,15	-14,13	-14,11	-16,90
11/01/2020 12:20:00	-17,00	-16,98	-16,75	-16,46	-16,21	-16,06	-15,98	-15,76	-15,60	-15,48	-15,33	-15,09	-14,85	-14,56	-14,26	-14,05	-13,84	-13,68	-13,52	-13,49	-13,45	-16,87
11/01/2020 12:25:00	-16,88	-16,45	-16,26	-16,05	-15,96	-15,97	-15,93	-15,78	-15,73	-15,73	-15,71	-15,56	-15,40	-15,15	-14,91	-14,70	-14,50	-14,35	-14,20	-14,17	-14,14	-16,58
11/01/2020 12:30:00	-16,81	-16,68	-16,28	-15,95	-15,74	-15,71	-15,79	-15,89	-15,95	-15,98	-15,98	-15,87	-15,75	-15,54	-15,32	-15,15	-14,97	-14,84	-14,71	-14,68	-14,65	-16,42
11/01/2020 12:35:00	-16,87	-16,95	-16,62	-16,34	-16,16	-16,11	-16,11	-16,14	-16,14	-16,09	-16,01	-15,81	-15,62	-15,34	-15,06	-14,86	-14,65	-14,49	-14,33	-14,29	-14,25	-16,19
11/01/2020 12:40:00	-16,57	-16,19	-16,41	-16,72	-16,95	-17,04	-17,00	-16,82	-16,63	-16,43	-16,21	-15,86	-15,52	-15,14	-14,76	-14,49	-14,23	-14,04	-13,86	-13,81	-13,77	-16,28
11/01/2020 12:45:00	-16,68	-16,32	-16,45	-16,52	-16,58	-16,59	-16,50	-16,44	-16,31	-16,15	-15,98	-15,75	-15,53	-15,26	-15,00	-14,82	-14,64	-14,53	-14,41	-14,40	-14,38	-16,15
11/01/2020 12:50:00	-16,66	-16,55	-16,76	-16,87	-16,90	-16,80	-16,62	-16,44	-16,22	-16,00	-15,77	-15,49	-15,20	-14,90	-14,59	-14,39	-14,19	-14,06	-13,92	-13,90	-13,88	-16,30
11/01/2020 12:55:00	-16,66	-16,65	-16,68	-16,78	-16,91	-17,00	-17,01	-16,87	-16,74	-16,61	-16,43	-16,10	-15,77	-15,38	-14,99	-14,70	-14,41	-14,20	-13,98	-13,91	-13,85	-16,32
11/01/2020 13:00:00	-16,59	-16,80	-16,83	-16,75	-16,65	-16,51	-16,30	-16,06	-15,86	-15,68	-15,49	-15,20	-14,92	-14,60	-14,27	-14,05	-13,82	-13,66	-13,49	-13,45	-13,42	-16,45
11/01/2020 13:05:00	-16,43	-16,77	-16,84	-16,75	-16,58	-16,39	-16,17	-15,99	-15,80	-15,61	-15,42	-15,17	-14,93	-14,65	-14,38	-14,19	-14,01	-13,88	-13,75	-13,72	-13,70	-16,42
11/01/2020 13:10:00	-16,31	-16,77	-16,93	-16,85	-16,62	-16,29	-15,85	-15,46	-15,17	-14,95	-14,75	-14,50	-14,25	-13,98	-13,71	-13,52	-13,33	-13,20	-13,07	-13,06	-13,04	-16,21
11/01/2020 13:15:00	-16,25	-16,73	-16,76	-16,54	-16,29	-16,01	-15,67	-15,43	-15,18	-14,92	-14,67	-14,38	-14,09	-13,79	-13,49	-13,30	-13,11	-12,97	-12,83	-12,81	-12,79	-16,14
11/01/2020 13:20:00	-16,24	-16,63	-16,45	-16,11	-15,80	-15,57	-15,36	-15,32	-15,25	-15,15	-15,06	-14,92	-14,78	-14,58	-14,38	-14,25	-14,11	-14,01	-13,91	-13,90	-13,89	-16,13
11/01/2020 13:25:00	-16,07	-16,55	-16,53	-16,34	-16,09	-15,84	-15,59	-15,34	-15,20	-15,13	-15,08	-14,93	-14,78	-14,56	-14,34	-14,17	-13,99	-13,87	-13,74	-13,72	-13,70	-16,03
11/01/2020 13:30:00	-15,95	-16,45	-16,51	-16,31	-15,99	-15,62	-15,23	-14,90	-14,64	-14,46	-14,29	-14,09	-13,90	-13,67	-13,45	-13,29	-13,14	-13,04	-12,94	-12,94	-12,93	-15,93
11/01/2020 13:35:00	-15,93	-16,32	-16,27	-16,13	-15,94	-15,72	-15,46	-15,16	-14,99	-14,91	-14,82	-14,62	-14,42	-14,14	-13,87	-13,65	-13,44	-13,28	-13,12	-13,09	-13,06	-15,92
11/01/2020 13:40:00	-15,84	-16,20	-16,25	-16,16	-15,94	-15,66	-15,42	-15,21	-15,03	-14,87	-14,73	-14,55	-14,37	-14,14	-13,92	-13,77	-13,62	-13,52	-13,42	-13,42	-13,41	-15,70
11/01/2020 13:45:00	-15,64	-16,20	-16,12	-15,88	-15,66	-15,50	-15,34	-15,25	-15,16	-15,05	-14,92	-14,73	-14,53	-14,28	-14,02	-13,84	-13,66	-13,52	-13,39	-13,36	-13,33	-15,68
11/01/2020 13:50:00	-15,71	-16,04	-16,09	-16,11	-16,04	-15,89	-15,67	-15,46	-15,31	-15,18	-15,04	-14,80	-14,57	-14,27	-13,98	-13,77	-13,55	-13,40	-13,25	-13,22	-13,19	-15,74
11/01/2020 13:55:00	-15,79	-16,09	-16,34	-16,40	-16,29	-16,02	-15,63	-15,19	-14,88	-14,68	-14,50	-14,25	-13,99	-13,71	-13,42	-13,22	-13,01	-12,88	-12,74	-12,73	-12,71	-15,83
11/01/2020 14:00:00	-15,78	-16,23	-16,28	-16,18	-15,99	-15,72	-15,38	-15,18	-15,01	-14,86	-14,73	-14,54	-14,35	-14,11	-13,88	-13,71	-13,55	-13,44	-13,33	-13,32	-13,31	-15,78
11/01/2020 14:05:00	-15,78	-16,27	-16,27	-16,03	-15,76	-15,54	-15,35	-15,21	-15,09	-14,99	-14,91	-14,77	-14,64	-14,44	-14,24	-14,10	-13,96	-13,86	-13,76	-13,75	-13,74	-15,94
11/01/2020 14:10:00	-15,70	-16,17	-16,12	-15,93	-15,73	-15,54	-15,31	-15,10	-14,95	-14,86	-14,76	-14,57	-14,38	-14,12	-13,86	-13,66	-13,47	-13,32	-13,18	-13,15	-13,12	-15,92
11/01/2020 14:15:00	-15,68	-16,22	-16,37	-16,24	-16,04	-15,80	-15,46	-15,15	-14,88	-14,65	-14,42	-14,14	-13,86	-13,56	-13,26	-13,07	-12,87	-12,73	-12,60	-12,57	-12,55	-15,78
11/01/2020 14:20:00	-15,76	-16,17	-16,31	-16,32	-16,16	-15,87	-15,56	-15,25	-14,98	-14,75	-14,52	-14,25	-13,98	-13,69	-13,40	-13,21	-13,03	-12,90	-12,78	-12,76	-12,75	-15,96
11/01/2020 14:25:00	-15,69	-16,14	-16,29	-16,18	-15,96	-15,69	-15,42	-15,00	-14,73	-14,59	-14,45	-14,24	-14,04	-13,78	-13,52	-13,34	-13,15	-13,02	-12,89	-12,87	-12,85	-15,58
11/01/2020 14:30:00	-15,67	-16,22	-16,41	-16,42	-16,26	-15,97	-15,64	-15,35	-15,08	-14,82	-14,58	-14,29	-14,01	-13,71	-13,41	-13,22	-13,03	-12,90	-12,77	-12,76	-12,74	-15,68
11/01/2020 14:35:00	-15,59	-16,28	-16,46	-16,35	-16,07	-15,74	-15,47	-15,19	-14,89	-14,58	-14,29	-13,99	-13,69	-13,39	-13,10	-12,93	-12,76	-12,64	-12,53	-12,51	-12,50	-15,75
11/01/2020 14:40:00	-15,64	-16,15	-16,20	-16,03	-15,80	-15,55	-15,29	-15,11	-14,92	-14,73	-14,54	-14,31	-14,08	-13,82	-13,56	-13,39	-13,22	-13,11	-12,99	-12,97	-12,96	-15,63
11/01/2020 14:45:00	-15,64	-16,22	-16,39	-16,18	-15,81	-15,38	-15,01	-14,56	-14,31	-14,22	-14,18	-14,11	-14,03	-13,90	-13,77	-13,66	-13,55	-13,49	-13,42	-13,43	-13,45	-15,66
11/01/2020 14:50:00	-15,60	-16,15	-16,27	-16,21	-15,96	-15,61	-15,25	-14,92	-14,63	-14,38	-14,15	-13,87	-13,60	-13,31	-13,03	-12,84	-12,66	-12,54	-12,41	-12,40	-12,39	-15,65
11/01/2020 14:55:00	-15,59	-16,20	-16,13	-15,91	-15,57	-15,20	-14,90	-14,61	-14,44	-14,35	-14,28	-14,14	-14,00	-13,80	-13,59	-13,43	-13,28	-13,17	-13,06	-13,05	-13,04	-15,66
11/01/2020 15:00:00	-15,52	-16,10	-16,11	-16,05	-15,86	-15,60	-15,35	-15,02	-14,77	-14,56	-14,34	-14,02	-13,71	-13,37	-13,02	-12,78	-12,55	-12,37	-12,20	-12,16	-12,12	-15,53
11/01/2020 15:05:00	-15,45	-16,14	-15,92	-15,51	-15,10	-14,78	-14,53	-14,41	-14,31	-14,21	-14,12	-13,98	-13,83	-13,63	-13,42	-13,28	-13,14	-13,03	-12,93	-12,92	-12,91	-15,62
11/01/2020 15:10:00	-15,58	-16,09	-16,08	-15,86	-15,51	-15,10	-14,70	-14,39	-14,15	-13,97	-13,81	-13,61	-13,42	-13,20	-12,99	-12,85	-12,70	-12,61	-12,52	-12,52	-12,52	-15,50
11/01/2020 15:15:00	-15,58	-16,14	-16,04	-15,63	-15,19	-14,80	-14,43	-14,29	-14,19	-14,11	-14,07	-14,02	-13,97	-13,86	-13,76	-13,69	-13,62	-13,58	-13,53	-13,55	-13,58	-15,58
11/01/2020 15:20:00	-15,60	-16,09	-16,04	-15,77	-15,52	-15,32	-15,10	-14,88	-14,72	-14,60	-14,47	-14,27	-14,06	-13,80	-13,54	-13,36	-13,17	-13,03	-12,90	-12,87	-12,85	-15,68
11/01/2020 15:25:00	-15,78	-16,19	-16,07	-15,84	-15,61	-15,42	-15,25	-15,09	-14,96	-14,84	-14,70	-14,48	-14,27	-13,99	-13,71	-13,52	-13,33	-13,18	-13,04	-13,01	-12,98	-15,76
11/01/2020 15:30:00	-15,76	-16,13	-16,04	-15,70	-15,39	-15,15	-14,90	-14,78	-14,65	-14,52	-14,40	-14,24	-14,09	-13,88	-13,68	-13,55	-13,41	-13,32	-13,23	-13,22	-13,22	-15,62
11/01/2020 15:35:00	-15,69	-16,00	-15,90	-15,65	-15,35	-15,03	-14,73	-14,47	-14,30	-14,20	-14,11	-13,97	-13,82	-13,62	-13,42	-13,27	-13,13	-13,03	-12,93	-12,93	-12,92	-15,60
11/01/2020 15:40:00	-15,57	-16,06	-15,92	-15,62	-15,22	-14,80	-14,45	-14,28	-14,15	-14,05	-13,98	-13,89	-13,80	-13,66	-13,51	-13,42	-13,32	-13,26	-13,20	-13,22	-13,23	-15,54
11/01/2020 15:45:00	-15,40	-16,00	-15,92	-15,58	-15,11	-14,65	-14,36	-14,06	-13,89	-13,83	-13,82	-13,77	-13,72	-13,61	-13,50	-13,42	-13,33	-13,28	-13,23	-13,25	-13,26	-15,48
11/01/2020 15:50:00	-15,52	-15,81	-15,76	-15,59	-15,41	-15,20	-14,91	-14,69	-14,56	-14,49	-14,43	-14,26	-14,10	-13,87	-13,64	-13,46	-13,28	-13,15	-13,03	-13,01	-13,00	-15,56
11/01/2020 15:55:00	-15,50	-15,91	-15,89	-15,71	-15,45	-15,13	-14,78	-14,59	-14,39	-14,18	-13,99	-13,76	-13,54	-13,29	-13,04	-12,89	-12,73	-12,63	-12,52	-12,52	-12,52	-15,44
11/01/2020 16:00:00	-15,45	-15,79	-15,75	-15,59	-15,34	-15,03	-14,72	-14,40	-14,18	-14,03	-13,90	-13,69	-13,48	-13,24	-12,99	-12,81	-12,64	-12,52	-12,40	-12,39	-12,38	-15,56
11/01/2020 16:05:00	-15,47	-15,93	-15,94	-15,78	-15,46	-15,05	-14,66	-14,33	-14,10	-13,96	-13,85	-13,69	-13,54	-13,34	-13,15	-13,01	-12,88	-12,79	-12,70	-12,71	-12,71	-15,57
11/01/2020 16:10:00	-15,50	-15,74	-15,90	-15,89	-15,72	-15,40	-15,00	-14,62	-14,30	-14,04	-13,80	-13,51	-13,23	-12,94	-12,65	-12,47	-12,29	-12,17	-12,06	-12,05	-12,05	-15,58
11/01/2020 16:15:00	-15,59	-15,82	-15,85	-15,78	-15,63	-15,41	-15,13	-14,76	-14,50	-14,30	-14,10	-13,82	-13,53	-13,21	-12,89	-12,67	-12,45	-12,29	-12,14	-12,11	-12,08	-15,63
11/01/2020 16:20:00	-15,64	-15,90	-15,88	-15,74	-15,48	-15,17	-14,92	-14,55	-14,31	-14,17	-14,04	-13,84	-13,63	-13,38	-13,13	-12,95	-12,77	-12,65	-12,52	-12,51	-12,50	-15,67
11/01/2020 16:25:00	-15,63	-15,90	-15,93	-15,78	-15,50	-15,16	-14,82	-14,47	-14,20	-14,01	-13,84	-13,63	-13,42	-13,18	-12,95	-12,79	-12,64	-12,54	-12,44	-12,44	-12,44	-15,70
11/01/2020 16:30:00	-15,69	-15,78	-15,81	-15,59	-15,24	-14,83	-14,39	-14,04	-13,81	-13,69	-13,63	-13,54	-13,45	-13,33	-13,21	-13,12	-13,04	-13,00	-12,96	-13,00	-13,03	-15,76
11/01/2020 16:35:00	-15,80	-15,87	-15,86	-15,79	-15,58	-15,26	-14,87	-14,55	-14,31	-14,15	-14,00	-13,79	-13,57	-13,33	-13,09	-12,93	-12,76	-12,66	-12,56	-12,56	-12,56	-15,72
11/01/2020 16:40:00	-15,87	-16,05	-15,99	-15,87	-15,54	-15,07	-14,68	-14,27	-14,02	-13,89	-13,80	-13,65	-13,50	-13,32	-13,14	-13,00	-12,87	-12,79	-12,71	-12,72	-12,74	-15,71
11/01/2020 16:45:00	-15,78	-16,02	-15,99	-15,85	-15,57	-15,19	-14,78	-14,42	-14,18	-14,06	-13,97	-13,80	-13,64	-13,43	-13,22	-13,06	-12,91	-12,81	-12,71	-12,71	-12,71	-15,79
11/01/2020 16:50:00	-15,84	-16,11	-16,21	-16,07	-15,77	-15,40	-15,00	-14,58	-14,31	-14,19	-14,09	-13,95	-13,81	-13,63	-13,45	-13,31	-13,17	-13,09	-13,01	-13,02	-13,03	-15,86
11/01/2020 16:55:00	-16,06	-16,31	-16,31	-16,18	-15,98	-15,70	-15,30	-14,92	-14,65	-14,46	-14,26	-13,99	-13,72	-13,41	-13,11	-12,90	-12,69	-12,55	-12,40	-12,38	-12,36	-16,00
11/01/2020 17:00:00	-15,95	-16,27	-16,22	-16,04	-15,73	-15,34	-14,93	-14,56	-14,31	-14,16	-14,02	-13,82	-13,61	-13,37	-13,13	-12,96	-12,78	-12,67	-12,55	-12,54	-12,54	-16,11
11/01/2020 17:05:00	-15,94	-16,09	-16,12	-16,08	-15,92	-15,63	-15,25	-14,93	-14,65	-14,42	-14,20	-13,92	-13,64	-13,35	-13,05	-12,86	-12,66	-12,53	-12,40	-12,39	-12,38	-16,03
11/01/2020 17:10:00	-15,96	-16,16	-16,37	-16,35	-16,15	-15,80	-15,33	-14,85	-14,49	-14,24	-14,02	-13,76	-13,49	-13,22	-12,95	-12,76	-12,58	-12,47	-12,35	-12,35	-12,35	-16,22
11/01/2020 17:15:00	-15,88	-16,14	-16,18	-16,14	-16,00	-15,73	-15,29	-14,98	-14,74	-14,54	-14,35	-14,08	-13,82	-13,53	-13,24	-13,04	-12,84	-12,70	-12,57	-12,55	-12,54	-15,83
11/01/2020 17:20:00	-15,87	-16,03	-16,08	-15,96	-15,72	-15,38	-14,99	-14,64	-14,35	-14,12	-13,91	-13,66	-13,41	-13,15	-12,89	-12,72	-12,56	-12,46	-12,35	-12,35	-12,35	-15,92
11/01/2020 17:25:00	-15,88	-15,99	-15,99	-15,88	-15,63	-15,27	-14,86	-14,46	-14,19	-14,02	-13,86	-13,66	-13,45	-13,22	-12,98	-12,82	-12,65	-12,55	-12,45	-12,45	-12,45	-15,83
11/01/2020 17:30:00	-15,88	-15,97	-16,07	-15,95	-15,72	-15,41	-15,06	-14,73	-14,43	-14,19	-13,96	-13,71	-13,47	-13,22	-12,97	-12,82	-12,66	-12,57	-12,47	-12,48	-12,48	-15,98
11/01/2020 17:35:00	-15,87	-15,97	-15,99	-15,95	-15,81	-15,56	-15,27	-14,96	-14,70	-14,49	-14,27	-13,98	-13,69	-13,39	-13,08	-12,88	-12,67	-12,54	-12,40	-12,38	-12,36	-16,02
11/01/2020 17:40:00	-15,88	-15,95	-16,13	-16,12	-15,93	-15,58	-15,14	-14,68	-14,34	-14,11	-13,91	-13,66	-13,42	-13,17	-12,92	-12,75	-12,59	-12,49	-12,39	-12,39	-12,40	-15,73
11/01/2020 17:45:00	-15,74	-15,92	-16,06	-16,05	-15,87	-15,50	-15,01	-14,61	-14,30	-14,07	-13,86	-13,61	-13,37	-13,11	-12,86	-12,69	-12,53	-12,43	-12,33	-12,33	-12,34	-15,67
11/01/2020 17:50:00	-15,74	-15,82	-16,01	-16,09	-16,05	-15,86	-15,51	-15,10	-14,76	-14,49	-14,21	-13,86	-13,50	-13,14	-12,79	-12,55	-12,31	-12,15	-11,99	-11,96	-11,93	-15,75
11/01/2020 17:55:00	-15,72	-15,96	-15,91	-15,78	-15,58	-15,34	-15,07	-14,83	-14,62	-14,42	-14,23	-13,96	-13,70	-13,41	-13,12	-12,93	-12,74	-12,61	-12,47	-12,46	-12,44	-15,92
11/01/2020 18:00:00	-15,67	-15,68	-15,77	-15,75	-15,68	-15,52	-15,27	-14,91	-14,65	-14,46	-14,27	-13,99	-13,71	-13,39	-13,08	-12,86	-12,64	-12,50	-12,35	-12,32	-12,30	-15,68
11/01/2020 18:05:00	-15,58	-15,75	-15,79	-15,70	-15,52	-15,27	-14,98	-14,76	-14,50	-14,23	-13,96	-13,66	-13,36	-13,06	-12,76	-12,58	-12,40	-12,28	-12,17	-12,16	-12,15	-15,62
11/01/2020 18:10:00	-15,71	-15,73	-15,76	-15,83	-15,71	-15,36	-14,89	-14,51	-14,21	-14,00	-13,80	-13,53	-13,25	-12,97	-12,68	-12,48	-12,29	-12,16	-12,04	-12,04	-12,03	-15,69
11/01/2020 18:15:00	-15,78	-15,84	-15,79	-15,68	-15,53	-15,34	-15,07	-14,85	-14,60	-14,33	-14,05	-13,72	-13,38	-13,04	-12,70	-12,48	-12,27	-12,12	-11,97	-11,95	-11,93	-15,76
11/01/2020 18:20:00	-15,62	-15,81	-15,83	-15,62	-15,35	-15,07	-14,79	-14,50	-14,29	-14,13	-14,00	-13,82	-13,64	-13,43	-13,21	-13,07	-12,92	-12,83	-12,74	-12,74	-12,74	-15,65
11/01/2020 18:25:00	-15,67	-15,69	-15,67	-15,65	-15,57	-15,41	-15,14	-14,86	-14,61	-14,37	-14,11	-13,76	-13,42	-13,05	-12,69	-12,45	-12,21	-12,04	-11,87	-11,83	-11,80	-15,67
11/01/2020 18:30:00	-15,68	-15,74	-15,82	-15,80	-15,65	-15,30	-14,75	-14,29	-13,97	-13,76	-13,57	-13,31	-13,05	-12,77	-12,49	-12,30	-12,10	-11,98	-11,86	-11,85	-11,85	-15,71
11/01/2020 18:35:00	-15,67	-15,69	-15,71	-15,58	-15,40	-15,16	-14,79	-14,42	-14,13	-13,93	-13,72	-13,45	-13,17	-12,88	-12,59	-12,40	-12,20	-12,07	-11,94	-11,93	-11,92	-15,63
11/01/2020 18:40:00	-15,74	-15,57	-15,49	-15,44	-15,31	-15,05	-14,65	-14,41	-14,16	-13,91	-13,65	-13,35	-13,04	-12,74	-12,43	-12,25	-12,06	-11,94	-11,82	-11,82	-11,82	-15,63
11/01/2020 18:45:00	-15,62	-15,53	-15,44	-15,27	-15,05	-14,80	-14,58	-14,35	-14,10	-13,85	-13,60	-13,31	-13,02	-12,73	-12,44	-12,27	-12,10	-11,98	-11,87	-11,86	-11,86	-15,79
11/01/2020 18:50:00	-15,62	-15,68	-15,53	-15,25	-14,95	-14,66	-14,37	-14,05	-13,82	-13,66	-13,49	-13,26	-13,03	-12,77	-12,51	-12,34	-12,16	-12,04	-11,92	-11,91	-11,90	-15,72
11/01/2020 18:55:00	-15,77	-15,65	-15,42	-15,20	-14,93	-14,59	-14,18	-13,96	-13,74	-13,54	-13,34	-13,09	-12,85	-12,60	-12,34	-12,19	-12,03	-11,94	-11,84	-11,84	-11,85	-15,71
11/01/2020 19:00:00	-15,60	-15,66	-15,47	-15,26	-14,97	-14,61	-14,24	-13,93	-13,70	-13,53	-13,35	-13,12	-12,88	-12,62	-12,36	-12,19	-12,02	-11,90	-11,79	-11,78	-11,78	-15,82
11/01/2020 19:05:00	-15,62	-15,63	-15,41	-15,19	-14,96	-14,71	-14,38	-14,12	-13,90	-13,70	-13,49	-13,20	-12,91	-12,60	-12,29	-12,08	-11,88	-11,74	-11,59	-11,58	-11,56	-15,78
11/01/2020 19:10:00	-15,51	-15,52	-15,34	-15,08	-14,82	-14,54	-14,20	-13,98	-13,74	-13,49	-13,23	-12,93	-12,62	-12,32	-12,02	-11,84	-11,66	-11,54	-11,42	-11,41	-11,40	-15,86
11/01/2020 19:15:00	-15,58	-15,51	-15,29	-14,98	-14,69	-14,40	-14,10	-13,76	-13,53	-13,40	-13,26	-13,04	-12,82	-12,57	-12,31	-12,14	-11,96	-11,84	-11,72	-11,72	-11,71	-15,63
11/01/2020 19:20:00	-15,48	-15,46	-15,21	-14,91	-14,57	-14,21	-13,82	-13,59	-13,42	-13,31	-13,21	-13,05	-12,90	-12,71	-12,51	-12,38	-12,25	-12,17	-12,09	-12,11	-12,12	-15,42
11/01/2020 19:25:00	-15,43	-15,37	-15,23	-15,01	-14,75	-14,45	-14,05	-13,66	-13,40	-13,24	-13,09	-12,85	-12,62	-12,36	-12,09	-11,91	-11,72	-11,60	-11,48	-11,47	-11,47	-15,37
11/01/2020 19:30:00	-15,45	-15,44	-15,23	-14,91	-14,57	-14,22	-13,83	-13,52	-13,31	-13,17	-13,05	-12,88	-12,70	-12,49	-12,28	-12,13	-11,99	-11,90	-11,81	-11,82	-11,83	-15,55
11/01/2020 19:35:00	-15,49	-15,25	-15,04	-14,82	-14,61	-14,37	-14,03	-13,75	-13,55	-13,42	-13,29	-13,07	-12,84	-12,58	-12,32	-12,14	-11,95	-11,83	-11,71	-11,71	-11,70	-15,35
11/01/2020 19:40:00	-15,48	-15,43	-15,16	-14,93	-14,66	-14,37	-14,09	-13,86	-13,65	-13,45	-13,24	-12,97	-12,70	-12,41	-12,12	-11,94	-11,76	-11,64	-11,52	-11,51	-11,50	-15,54
11/01/2020 19:45:00	-15,54	-15,36	-14,99	-14,72	-14,49	-14,28	-14,07	-13,93	-13,81	-13,69	-13,56	-13,33	-13,11	-12,83	-12,56	-12,37	-12,18	-12,05	-11,92	-11,90	-11,89	-15,54
11/01/2020 19:50:00	-15,56	-15,41	-15,08	-14,79	-14,57	-14,36	-14,08	-13,88	-13,73	-13,61	-13,47	-13,22	-12,98	-12,69	-12,40	-12,20	-12,00	-11,86	-11,71	-11,69	-11,68	-15,58
11/01/2020 19:55:00	-15,45	-15,42	-15,05	-14,69	-14,34	-14,02	-13,73	-13,54	-13,41	-13,31	-13,21	-13,04	-12,88	-12,66	-12,45	-12,31	-12,16	-12,07	-11,97	-11,97	-11,97	-15,60
11/01/2020 20:00:00	-15,50	-15,08	-14,76	-14,54	-14,31	-14,07	-13,86	-13,66	-13,48	-13,31	-13,13	-12,89	-12,64	-12,38	-12,11	-11,94	-11,77	-11,66	-11,55	-11,55	-11,55	-15,48
11/01/2020 20:05:00	-15,48	-15,19	-14,82	-14,49	-14,18	-13,92	-13,73	-13,54	-13,37	-13,22	-13,06	-12,83	-12,60	-12,35	-12,09	-11,93	-11,77	-11,66	-11,55	-11,55	-11,55	-15,54
11/01/2020 20:10:00	-15,60	-15,06	-14,52	-14,18	-13,97	-13,85	-13,68	-13,55	-13,45	-13,36	-13,23	-12,97	-12,71	-12,40	-12,09	-11,88	-11,66	-11,50	-11,35	-11,32	-11,30	-15,63
11/01/2020 20:15:00	-15,50	-15,03	-14,55	-14,17	-13,89	-13,73	-13,64	-13,50	-13,40	-13,32	-13,22	-13,02	-12,82	-12,57	-12,31	-12,13	-11,96	-11,84	-11,71	-11,70	-11,69	-15,67
11/01/2020 20:20:00	-15,49	-14,89	-14,38	-13,96	-13,73	-13,62	-13,45	-13,39	-13,33	-13,28	-13,20	-13,02	-12,85	-12,61	-12,38	-12,21	-12,05	-11,94	-11,83	-11,82	-11,82	-15,71
11/01/2020 20:25:00	-15,50	-14,73	-14,24	-13,85	-13,58	-13,43	-13,34	-13,31	-13,27	-13,21	-13,13	-12,99	-12,85	-12,67	-12,48	-12,36	-12,24	-12,17	-12,09	-12,11	-12,13	-15,55
11/01/2020 20:30:00	-15,50	-14,82	-14,27	-13,90	-13,73	-13,67	-13,57	-13,57	-13,51	-13,40	-13,25	-12,99	-12,74	-12,44	-12,14	-11,95	-11,76	-11,62	-11,48	-11,47	-11,45	-15,37
11/01/2020 20:35:00	-15,45	-14,71	-14,15	-13,76	-13,50	-13,37	-13,28	-13,15	-13,08	-13,03	-12,96	-12,78	-12,60	-12,36	-12,11	-11,94	-11,77	-11,65	-11,53	-11,53	-11,53	-15,46
11/01/2020 20:40:00	-15,55	-14,83	-14,36	-14,03	-13,81	-13,63	-13,43	-13,31	-13,16	-12,99	-12,79	-12,53	-12,27	-11,99	-11,71	-11,54	-11,38	-11,27	-11,16	-11,16	-11,16	-15,50
11/01/2020 20:45:00	-15,48	-14,78	-14,30	-13,93	-13,68	-13,51	-13,35	-13,16	-13,02	-12,90	-12,76	-12,53	-12,29	-12,02	-11,75	-11,57	-11,39	-11,27	-11,15	-11,15	-11,14	-15,77
11/01/2020 20:50:00	-15,45	-14,71	-14,17	-13,76	-13,51	-13,36	-13,19	-12,98	-12,86	-12,80	-12,70	-12,50	-12,29	-12,03	-11,77	-11,59	-11,41	-11,29	-11,16	-11,16	-11,15	-15,72
11/01/2020 20:55:00	-15,39	-14,81	-14,39	-14,01	-13,73	-13,52	-13,22	-13,05	-12,87	-12,70	-12,50	-12,25	-11,99	-11,73	-11,46	-11,30	-11,14	-11,03	-10,93	-10,93	-10,94	-15,57
11/01/2020 21:00:00	-15,38	-14,86	-14,39	-14,04	-13,76	-13,55	-13,34	-13,19	-13,05	-12,90	-12,74	-12,50	-12,26	-12,00	-11,73	-11,57	-11,40	-11,29	-11,18	-11,18	-11,18	-15,91
11/01/2020 21:05:00	-15,46	-14,97	-14,53	-14,13	-13,80	-13,54	-13,32	-13,13	-12,96	-12,80	-12,62	-12,39	-12,16	-11,91	-11,66	-11,51	-11,36	-11,27	-11,17	-11,17	-11,18	-15,95
11/01/2020 21:10:00	-15,73	-15,14	-14,63	-14,19	-13,82	-13,50	-13,15	-12,89	-12,70	-12,57	-12,42	-12,20	-11,98	-11,74	-11,50	-11,35	-11,19	-11,09	-10,99	-11,00	-11,01	-16,13
11/01/2020 21:15:00	-15,86	-15,41	-14,76	-14,10	-13,59	-13,26	-12,99	-12,87	-12,76	-12,66	-12,55	-12,40	-12,25	-12,06	-11,87	-11,76	-11,65	-11,58	-11,51	-11,52	-11,54	-16,25
11/01/2020 21:20:00	-15,81	-15,27	-14,77	-14,32	-13,94	-13,62	-13,30	-13,10	-12,92	-12,77	-12,61	-12,39	-12,17	-11,94	-11,70	-11,55	-11,41	-11,32	-11,22	-11,23	-11,24	-16,13
11/01/2020 21:25:00	-15,76	-15,33	-14,87	-14,33	-13,86	-13,46	-13,05	-12,73	-12,52	-12,38	-12,25	-12,07	-11,90	-11,70	-11,50	-11,38	-11,25	-11,18	-11,10	-11,12	-11,14	-16,13
11/01/2020 21:30:00	-16,06	-15,37	-14,79	-14,35	-13,96	-13,64	-13,35	-13,08	-12,91	-12,79	-12,67	-12,46	-12,26	-12,01	-11,77	-11,61	-11,45	-11,35	-11,24	-11,25	-11,25	-16,30
11/01/2020 21:35:00	-16,05	-15,55	-14,96	-14,42	-13,98	-13,64	-13,31	-12,99	-12,82	-12,74	-12,65	-12,47	-12,28	-12,04	-11,81	-11,64	-11,48	-11,36	-11,25	-11,25	-11,24	-16,15
11/01/2020 21:40:00	-16,16	-15,58	-15,02	-14,55	-14,06	-13,55	-13,06	-12,74	-12,55	-12,47	-12,42	-12,31	-12,20	-12,06	-11,91	-11,81	-11,71	-11,66	-11,61	-11,64	-11,67	-16,15
11/01/2020 21:45:00	-16,13	-15,56	-15,05	-14,59	-14,09	-13,60	-13,21	-12,91	-12,70	-12,57	-12,47	-12,33	-12,20	-12,04	-11,88	-11,79	-11,69	-11,64	-11,60	-11,63	-11,66	-16,17
11/01/2020 21:50:00	-16,16	-15,82	-15,23	-14,56	-13,98	-13,47	-12,91	-12,53	-12,32	-12,22	-12,14	-12,01	-11,89	-11,72	-11,56	-11,45	-11,34	-11,27	-11,20	-11,23	-11,25	-16,23
11/01/2020 21:55:00	-16,13	-15,79	-15,30	-14,66	-13,99	-13,37	-12,85	-12,40	-12,10	-11,90	-11,75	-11,60	-11,45	-11,30	-11,15	-11,08	-11,00	-10,97	-10,93	-10,97	-11,01	-16,23
11/01/2020 22:00:00	-16,20	-15,84	-15,24	-14,57	-13,91	-13,34	-12,90	-12,57	-12,31	-12,10	-11,92	-11,74	-11,56	-11,38	-11,20	-11,12	-11,03	-10,98	-10,93	-10,96	-11,00	-16,03
11/01/2020 22:05:00	-16,11	-15,86	-15,40	-14,75	-14,08	-13,42	-12,79	-12,26	-11,95	-11,80	-11,71	-11,59	-11,48	-11,35	-11,22	-11,14	-11,06	-11,03	-10,99	-11,03	-11,07	-16,00
11/01/2020 22:10:00	-16,11	-15,78	-15,22	-14,53	-13,81	-13,18	-12,67	-12,21	-11,94	-11,80	-11,71	-11,60	-11,49	-11,36	-11,24	-11,17	-11,10	-11,06	-11,03	-11,07	-11,11	-16,10
11/01/2020 22:15:00	-16,24	-16,00	-15,48	-14,81	-14,10	-13,43	-12,87	-12,48	-12,21	-12,04	-11,92	-11,81	-11,71	-11,60	-11,49	-11,44	-11,39	-11,38	-11,36	-11,41	-11,46	-16,26
11/01/2020 22:20:00	-16,15	-15,95	-15,28	-14,49	-13,79	-13,24	-12,75	-12,42	-12,22	-12,11	-12,02	-11,90	-11,77	-11,62	-11,46	-11,37	-11,27	-11,21	-11,15	-11,18	-11,20	-16,27
11/01/2020 22:25:00	-15,96	-15,60	-15,07	-14,49	-13,90	-13,35	-12,86	-12,44	-12,21	-12,13	-12,07	-11,97	-11,87	-11,73	-11,59	-11,49	-11,39	-11,34	-11,29	-11,32	-11,35	-15,92
11/01/2020 22:30:00	-15,95	-15,60	-14,97	-14,28	-13,68	-13,19	-12,78	-12,52	-12,35	-12,26	-12,19	-12,08	-11,98	-11,83	-11,69	-11,61	-11,52	-11,47	-11,42	-11,45	-11,48	-15,95
11/01/2020 22:35:00	-15,89	-15,40	-14,78	-14,05	-13,49	-13,11	-12,76	-12,48	-12,32	-12,23	-12,15	-12,01	-11,88	-11,71	-11,54	-11,43	-11,32	-11,25	-11,18	-11,20	-11,22	-15,92
11/01/2020 22:40:00	-15,93	-15,61	-14,94	-14,23	-13,63	-13,20	-12,86	-12,65	-12,51	-12,41	-12,31	-12,18	-12,05	-11,89	-11,72	-11,62	-11,52	-11,45	-11,38	-11,40	-11,42	-15,87
11/01/2020 22:45:00	-16,03	-15,52	-14,84	-14,20	-13,57	-12,98	-12,48	-12,18	-12,05	-12,04	-12,08	-12,07	-12,06	-12,00	-11,94	-11,89	-11,84	-11,83	-11,81	-11,86	-11,91	-16,04
11/01/2020 22:50:00	-16,10	-15,81	-15,09	-14,32	-13,69	-13,25	-12,90	-12,61	-12,46	-12,38	-12,30	-12,16	-12,03	-11,84	-11,66	-11,54	-11,42	-11,34	-11,25	-11,26	-11,27	-16,15
11/01/2020 22:55:00	-16,22	-15,96	-15,47	-14,84	-14,24	-13,72	-13,19	-12,79	-12,52	-12,34	-12,19	-12,01	-11,83	-11,64	-11,45	-11,34	-11,23	-11,16	-11,09	-11,11	-11,14	-16,27
11/01/2020 23:00:00	-16,19	-16,08	-15,53	-14,80	-14,08	-13,44	-12,87	-12,57	-12,35	-12,20	-12,10	-12,01	-11,92	-11,81	-11,71	-11,66	-11,61	-11,59	-11,57	-11,62	-11,66	-16,23
11/01/2020 23:05:00	-16,37	-16,07	-15,50	-14,79	-14,06	-13,42	-12,90	-12,55	-12,34	-12,23	-12,18	-12,14	-12,09	-12,01	-11,94	-11,90	-11,87	-11,86	-11,85	-11,90	-11,95	-16,29
11/01/2020 23:10:00	-16,37	-16,04	-15,33	-14,50	-13,74	-13,13	-12,69	-12,42	-12,26	-12,17	-12,12	-12,06	-12,01	-11,92	-11,84	-11,79	-11,75	-11,73	-11,72	-11,76	-11,80	-16,34
11/01/2020 23:15:00	-16,30	-15,97	-15,20	-14,36	-13,65	-13,13	-12,73	-12,53	-12,40	-12,32	-12,26	-12,18	-12,09	-11,97	-11,85	-11,78	-11,71	-11,67	-11,63	-11,66	-11,69	-16,30
11/01/2020 23:20:00	-16,23	-16,01	-15,25	-14,38	-13,60	-13,01	-12,55	-12,33	-12,20	-12,13	-12,10	-12,05	-12,01	-11,92	-11,83	-11,78	-11,74	-11,71	-11,69	-11,73	-11,76	-16,20
11/01/2020 23:25:00	-16,26	-15,79	-14,96	-14,03	-13,18	-12,56	-12,19	-11,91	-11,77	-11,72	-11,72	-11,70	-11,69	-11,63	-11,58	-11,55	-11,53	-11,52	-11,52	-11,57	-11,62	-16,05
11/01/2020 23:30:00	-16,23	-15,62	-14,67	-13,76	-13,02	-12,50	-12,13	-12,03	-12,00	-12,00	-12,02	-12,01	-12,00	-11,94	-11,87	-11,84	-11,81	-11,79	-11,78	-11,82	-11,87	-16,09
11/01/2020 23:35:00	-16,24	-15,52	-14,66	-13,77	-13,08	-12,63	-12,32	-12,23	-12,15	-12,09	-12,03	-11,96	-11,88	-11,77	-11,67	-11,62	-11,57	-11,54	-11,51	-11,55	-11,60	-16,27
11/01/2020 23:40:00	-16,30	-15,53	-14,69	-14,04	-13,59	-13,26	-12,91	-12,81	-12,69	-12,56	-12,41	-12,19	-11,96	-11,71	-11,46	-11,30	-11,15	-11,04	-10,94	-10,94	-10,95	-16,15
11/01/2020 23:45:00	-16,25	-15,65	-14,92	-14,16	-13,53	-13,04	-12,63	-12,43	-12,29	-12,21	-12,15	-12,06	-11,97	-11,86	-11,74	-11,67	-11,61	-11,57	-11,54	-11,58	-11,62	-16,16
11/01/2020 23:50:00	-16,24	-15,89	-15,16	-14,37	-13,56	-12,83	-12,30	-11,94	-11,71	-11,59	-11,51	-11,44	-11,37	-11,29	-11,20	-11,17	-11,13	-11,12	-11,12	-11,17	-11,22	-16,09
11/01/2020 23:55:00	-16,17	-15,76	-15,02	-14,17	-13,49	-13,00	-12,58	-12,36	-12,24	-12,17	-12,13	-12,06	-11,99	-11,87	-11,76	-11,69	-11,62	-11,58	-11,55	-11,58	-11,61	-16,07
