FileFormat:0002.2 file with temperature of atmosphere
SN105HE102 RTK
local	GMT or Local
0	GMT-Local=[hours]
20	Height[m]
0	0	0	Longitude                [grd]               [min]               [sec]
0	0	0	Latitude                [grd]               [min]               [sec]
N	NS
56,45	Freq[GHz]
0,00	dTemostat[K]
0,150	MessErr[K]
0,248	//[grad/step]
version 14.4.20120406
MTP5HE102F5645K-38.60I70D222917+A1.1
Commentary:
SN105HE102
парабола ДНА = 2,5 град
НЕ102 - ПУ - ХВБ с ЦСД " S "
АЦП - 202 - 09 с контр.U пит.и М
оптопара серии - 2
Т out № 178 пл
БП LPS - 112
End Of Commentary

SYSTEM\alaska.dat
data time	0	50	100	150	200	250	300	350	400	450	500	550	600	650	700	750	800	850	900	950	1000	OutsideTemperature
09/04/2022 00:00:00	-0,22	-0,19	-0,30	-0,50	-0,79	-1,13	-1,48	-1,87	-2,28	-2,52	-2,72	-2,85	-2,99	-3,03	-3,07	-3,13	-3,19	-3,29	-3,39	-3,52	-3,66	-0,17
09/04/2022 00:05:00	-0,19	-0,31	-0,49	-0,68	-0,87	-1,09	-1,37	-1,66	-1,93	-2,22	-2,52	-2,76	-2,99	-3,11	-3,23	-3,32	-3,42	-3,55	-3,68	-3,83	-3,98	-0,17
09/04/2022 00:10:00	-0,15	-0,47	-0,66	-0,87	-1,07	-1,05	-1,27	-1,52	-1,77	-2,13	-2,54	-2,87	-3,21	-3,42	-3,63	-3,76	-3,89	-4,06	-4,24	-4,41	-4,58	-0,15
09/04/2022 00:15:00	-0,19	-0,39	-0,63	-0,84	-1,04	-1,27	-1,56	-1,89	-2,22	-2,45	-2,69	-2,88	-3,07	-3,17	-3,26	-3,36	-3,45	-3,58	-3,72	-3,86	-4,01	-0,18
09/04/2022 00:20:00	-0,06	-0,32	-0,63	-0,96	-1,24	-1,40	-1,63	-1,83	-1,96	-2,28	-2,66	-2,92	-3,18	-3,30	-3,43	-3,50	-3,56	-3,68	-3,80	-3,95	-4,10	-0,20
09/04/2022 00:25:00	-0,19	-0,40	-0,62	-0,89	-1,16	-1,35	-1,66	-1,98	-2,30	-2,60	-2,91	-3,14	-3,38	-3,50	-3,62	-3,71	-3,80	-3,94	-4,07	-4,22	-4,37	-0,22
09/04/2022 00:30:00	-0,31	-0,50	-0,78	-1,02	-1,21	-1,46	-1,73	-2,01	-2,29	-2,62	-2,98	-3,27	-3,56	-3,73	-3,89	-4,00	-4,11	-4,27	-4,42	-4,57	-4,73	-0,20
09/04/2022 00:35:00	-0,19	-0,33	-0,60	-0,85	-1,07	-1,25	-1,48	-1,73	-2,02	-2,33	-2,66	-2,94	-3,21	-3,37	-3,54	-3,66	-3,78	-3,94	-4,10	-4,27	-4,43	-0,22
09/04/2022 00:40:00	-0,33	-0,43	-0,68	-0,92	-1,11	-1,25	-1,58	-1,90	-2,15	-2,40	-2,67	-2,90	-3,12	-3,25	-3,38	-3,48	-3,59	-3,74	-3,88	-4,04	-4,20	-0,25
09/04/2022 00:45:00	-0,29	-0,51	-0,83	-1,04	-1,16	-1,34	-1,67	-2,01	-2,29	-2,53	-2,80	-3,05	-3,29	-3,44	-3,59	-3,72	-3,85	-4,01	-4,17	-4,33	-4,49	-0,30
09/04/2022 00:50:00	-0,25	-0,53	-0,76	-0,99	-1,19	-1,25	-1,58	-1,88	-2,08	-2,39	-2,73	-3,00	-3,27	-3,42	-3,56	-3,66	-3,77	-3,91	-4,05	-4,20	-4,36	-0,32
09/04/2022 00:55:00	-0,36	-0,57	-0,77	-0,94	-1,08	-1,22	-1,53	-1,88	-2,19	-2,55	-2,94	-3,28	-3,62	-3,82	-4,03	-4,18	-4,32	-4,49	-4,67	-4,84	-5,00	-0,33
09/04/2022 01:00:00	-0,40	-0,48	-0,60	-0,77	-1,05	-1,42	-1,74	-2,09	-2,46	-2,82	-3,17	-3,41	-3,65	-3,75	-3,85	-3,91	-3,97	-4,08	-4,18	-4,32	-4,45	-0,39
09/04/2022 01:05:00	-0,46	-0,57	-0,82	-1,06	-1,26	-1,41	-1,65	-1,90	-2,17	-2,45	-2,75	-3,00	-3,25	-3,39	-3,53	-3,64	-3,75	-3,90	-4,05	-4,21	-4,37	-0,42
09/04/2022 01:10:00	-0,36	-0,58	-0,73	-0,86	-1,06	-1,33	-1,65	-2,04	-2,46	-2,77	-3,08	-3,32	-3,56	-3,69	-3,82	-3,92	-4,02	-4,16	-4,29	-4,44	-4,59	-0,42
09/04/2022 01:15:00	-0,35	-0,49	-0,54	-0,63	-0,85	-1,18	-1,57	-2,01	-2,43	-2,81	-3,17	-3,42	-3,68	-3,80	-3,91	-3,99	-4,06	-4,17	-4,29	-4,42	-4,56	-0,36
09/04/2022 01:20:00	-0,31	-0,44	-0,65	-0,89	-1,11	-1,22	-1,50	-1,84	-2,24	-2,50	-2,77	-3,02	-3,26	-3,42	-3,58	-3,71	-3,85	-4,03	-4,20	-4,37	-4,54	-0,33
09/04/2022 01:25:00	-0,27	-0,42	-0,69	-0,94	-1,17	-1,40	-1,70	-2,00	-2,27	-2,55	-2,84	-3,06	-3,28	-3,39	-3,51	-3,60	-3,68	-3,82	-3,95	-4,10	-4,25	-0,27
09/04/2022 01:30:00	-0,32	-0,44	-0,53	-0,60	-0,80	-1,29	-1,67	-2,09	-2,50	-2,83	-3,14	-3,34	-3,54	-3,61	-3,68	-3,73	-3,78	-3,87	-3,96	-4,08	-4,20	-0,27
09/04/2022 01:35:00	-0,31	-0,41	-0,57	-0,79	-1,06	-1,38	-1,67	-2,03	-2,46	-2,79	-3,13	-3,39	-3,65	-3,79	-3,93	-4,03	-4,13	-4,27	-4,42	-4,57	-4,72	-0,24
09/04/2022 01:40:00	-0,24	-0,46	-0,64	-0,81	-1,02	-1,25	-1,59	-1,97	-2,32	-2,69	-3,08	-3,39	-3,69	-3,86	-4,03	-4,14	-4,25	-4,40	-4,54	-4,69	-4,84	-0,20
09/04/2022 01:45:00	-0,17	-0,43	-0,67	-0,86	-1,02	-1,17	-1,50	-1,86	-2,19	-2,55	-2,94	-3,28	-3,62	-3,82	-4,03	-4,17	-4,31	-4,49	-4,66	-4,83	-4,99	-0,11
09/04/2022 01:50:00	-0,09	-0,34	-0,50	-0,67	-0,92	-1,29	-1,70	-2,12	-2,48	-2,81	-3,12	-3,34	-3,56	-3,64	-3,72	-3,78	-3,84	-3,93	-4,03	-4,15	-4,28	-0,09
09/04/2022 01:55:00	0,02	-0,40	-0,68	-0,87	-1,04	-1,24	-1,60	-1,95	-2,19	-2,54	-2,92	-3,22	-3,52	-3,68	-3,84	-3,94	-4,05	-4,18	-4,32	-4,46	-4,61	-0,06
09/04/2022 02:00:00	-0,07	-0,28	-0,46	-0,68	-0,97	-1,39	-1,79	-2,22	-2,63	-2,99	-3,33	-3,57	-3,81	-3,91	-4,01	-4,07	-4,14	-4,24	-4,35	-4,48	-4,61	-0,08
09/04/2022 02:05:00	-0,08	-0,28	-0,52	-0,70	-0,89	-1,16	-1,58	-2,02	-2,41	-2,77	-3,14	-3,45	-3,76	-3,94	-4,12	-4,24	-4,37	-4,53	-4,69	-4,84	-5,00	-0,08
09/04/2022 02:10:00	-0,08	-0,35	-0,51	-0,63	-0,84	-1,23	-1,54	-1,94	-2,42	-2,89	-3,37	-3,76	-4,15	-4,37	-4,60	-4,73	-4,86	-5,02	-5,18	-5,34	-5,50	-0,07
09/04/2022 02:15:00	-0,09	-0,24	-0,47	-0,66	-0,88	-1,26	-1,70	-2,18	-2,63	-3,09	-3,58	-3,99	-4,40	-4,64	-4,88	-5,03	-5,17	-5,35	-5,52	-5,69	-5,85	-0,11
09/04/2022 02:20:00	-0,09	-0,37	-0,60	-0,90	-1,23	-1,42	-1,79	-2,16	-2,46	-2,96	-3,52	-3,96	-4,39	-4,63	-4,87	-5,00	-5,12	-5,28	-5,44	-5,60	-5,76	-0,16
09/04/2022 02:25:00	-0,05	-0,40	-0,59	-0,72	-0,88	-1,15	-1,51	-2,01	-2,60	-3,08	-3,60	-4,08	-4,55	-4,86	-5,18	-5,38	-5,59	-5,81	-6,03	-6,22	-6,40	-0,09
09/04/2022 02:30:00	-0,14	-0,36	-0,60	-0,79	-1,03	-1,39	-1,80	-2,29	-2,81	-3,28	-3,78	-4,21	-4,63	-4,89	-5,15	-5,31	-5,47	-5,66	-5,84	-6,01	-6,18	-0,14
09/04/2022 02:35:00	-0,16	-0,44	-0,60	-0,72	-0,91	-1,17	-1,48	-1,88	-2,33	-2,98	-3,72	-4,33	-4,95	-5,33	-5,71	-5,91	-6,11	-6,33	-6,55	-6,73	-6,92	-0,11
09/04/2022 02:40:00	-0,21	-0,34	-0,55	-0,84	-1,18	-1,42	-1,87	-2,39	-2,91	-3,43	-3,99	-4,47	-4,95	-5,25	-5,55	-5,73	-5,91	-6,12	-6,33	-6,51	-6,69	-0,16
09/04/2022 02:45:00	-0,13	-0,35	-0,73	-1,02	-1,21	-1,43	-1,73	-2,14	-2,68	-3,15	-3,69	-4,21	-4,74	-5,12	-5,49	-5,75	-6,00	-6,28	-6,55	-6,76	-6,98	-0,12
09/04/2022 02:50:00	-0,18	-0,52	-0,71	-0,83	-1,07	-1,56	-1,95	-2,44	-2,99	-3,57	-4,17	-4,66	-5,15	-5,43	-5,70	-5,85	-5,99	-6,16	-6,33	-6,49	-6,64	-0,13
09/04/2022 02:55:00	-0,17	-0,59	-0,72	-0,75	-0,87	-1,23	-1,73	-2,37	-3,02	-3,61	-4,23	-4,79	-5,35	-5,70	-6,05	-6,26	-6,48	-6,69	-6,91	-7,09	-7,27	-0,22
09/04/2022 03:00:00	-0,26	-0,58	-0,83	-1,08	-1,35	-1,70	-2,10	-2,58	-3,07	-3,60	-4,17	-4,65	-5,13	-5,42	-5,70	-5,87	-6,03	-6,22	-6,41	-6,57	-6,74	-0,24
09/04/2022 03:05:00	-0,26	-0,50	-0,79	-1,04	-1,33	-1,74	-2,24	-2,77	-3,23	-3,84	-4,52	-5,07	-5,62	-5,95	-6,28	-6,45	-6,62	-6,81	-7,00	-7,17	-7,33	-0,26
09/04/2022 03:10:00	-0,34	-0,48	-0,78	-1,14	-1,52	-1,83	-2,33	-2,88	-3,42	-3,93	-4,49	-4,96	-5,43	-5,72	-6,01	-6,19	-6,36	-6,56	-6,76	-6,94	-7,11	-0,18
09/04/2022 03:15:00	-0,23	-0,47	-0,78	-1,13	-1,48	-1,78	-2,21	-2,65	-3,03	-3,62	-4,29	-4,83	-5,37	-5,68	-6,00	-6,16	-6,32	-6,51	-6,70	-6,87	-7,04	-0,24
09/04/2022 03:20:00	-0,23	-0,55	-0,83	-1,05	-1,29	-1,66	-2,11	-2,67	-3,28	-3,82	-4,41	-4,94	-5,46	-5,80	-6,14	-6,34	-6,55	-6,77	-7,00	-7,18	-7,36	-0,22
09/04/2022 03:25:00	-0,25	-0,51	-0,67	-0,84	-1,12	-1,62	-2,22	-2,90	-3,54	-4,11	-4,68	-5,17	-5,65	-5,92	-6,19	-6,35	-6,51	-6,69	-6,86	-7,02	-7,17	-0,20
09/04/2022 03:30:00	-0,11	-0,51	-0,64	-0,73	-0,96	-1,38	-1,90	-2,55	-3,23	-3,88	-4,55	-5,13	-5,71	-6,06	-6,41	-6,61	-6,81	-7,02	-7,23	-7,40	-7,57	-0,14
09/04/2022 03:35:00	-0,21	-0,39	-0,72	-1,00	-1,29	-1,74	-2,24	-2,82	-3,42	-3,92	-4,45	-4,93	-5,40	-5,70	-6,00	-6,19	-6,38	-6,59	-6,80	-6,98	-7,16	-0,12
09/04/2022 03:40:00	-0,14	-0,55	-0,88	-1,12	-1,33	-1,66	-2,06	-2,53	-3,03	-3,59	-4,20	-4,74	-5,28	-5,62	-5,97	-6,16	-6,36	-6,58	-6,80	-6,98	-7,16	-0,16
09/04/2022 03:45:00	-0,15	-0,43	-0,63	-0,84	-1,16	-1,67	-2,14	-2,68	-3,25	-3,89	-4,58	-5,12	-5,67	-5,97	-6,28	-6,44	-6,59	-6,77	-6,94	-7,10	-7,26	-0,16
09/04/2022 03:50:00	-0,15	-0,46	-0,71	-0,99	-1,39	-1,91	-2,47	-3,04	-3,56	-4,09	-4,62	-5,01	-5,41	-5,60	-5,79	-5,88	-5,97	-6,10	-6,22	-6,36	-6,49	-0,16
09/04/2022 03:55:00	-0,10	-0,60	-0,84	-1,09	-1,44	-1,86	-2,34	-2,90	-3,47	-4,04	-4,63	-5,10	-5,57	-5,83	-6,09	-6,23	-6,37	-6,53	-6,70	-6,85	-7,00	-0,07
09/04/2022 04:00:00	-0,14	-0,47	-0,69	-0,92	-1,27	-1,68	-2,19	-2,76	-3,31	-3,93	-4,59	-5,13	-5,66	-5,97	-6,27	-6,42	-6,58	-6,75	-6,93	-7,09	-7,25	-0,14
09/04/2022 04:05:00	-0,05	-0,51	-0,76	-0,99	-1,33	-1,70	-2,25	-2,87	-3,46	-4,04	-4,65	-5,16	-5,66	-5,96	-6,25	-6,41	-6,58	-6,76	-6,94	-7,10	-7,27	-0,14
09/04/2022 04:10:00	-0,17	-0,46	-0,75	-1,00	-1,32	-1,78	-2,30	-2,90	-3,51	-4,06	-4,63	-5,12	-5,61	-5,90	-6,19	-6,36	-6,53	-6,72	-6,91	-7,07	-7,24	-0,18
09/04/2022 04:15:00	-0,24	-0,52	-0,90	-1,29	-1,69	-2,11	-2,53	-3,00	-3,51	-4,00	-4,53	-4,96	-5,39	-5,64	-5,89	-6,04	-6,18	-6,36	-6,53	-6,69	-6,86	-0,14
09/04/2022 04:20:00	-0,25	-0,64	-0,90	-1,12	-1,42	-1,86	-2,47	-3,15	-3,75	-4,27	-4,79	-5,24	-5,68	-5,94	-6,19	-6,34	-6,49	-6,66	-6,83	-6,98	-7,13	-0,19
09/04/2022 04:25:00	-0,35	-0,65	-0,79	-1,01	-1,42	-2,01	-2,67	-3,38	-4,00	-4,60	-5,19	-5,63	-6,07	-6,28	-6,49	-6,58	-6,68	-6,80	-6,92	-7,05	-7,17	-0,20
09/04/2022 04:30:00	-0,35	-0,58	-0,91	-1,24	-1,57	-2,00	-2,50	-3,08	-3,67	-4,22	-4,80	-5,31	-5,82	-6,14	-6,45	-6,64	-6,83	-7,03	-7,24	-7,42	-7,59	-0,22
09/04/2022 04:35:00	-0,21	-0,50	-0,93	-1,29	-1,58	-1,88	-2,43	-3,00	-3,50	-4,00	-4,56	-5,07	-5,58	-5,91	-6,24	-6,44	-6,64	-6,87	-7,09	-7,28	-7,46	-0,21
09/04/2022 04:40:00	-0,28	-0,56	-0,88	-1,19	-1,52	-1,92	-2,44	-3,01	-3,57	-4,14	-4,75	-5,26	-5,78	-6,10	-6,41	-6,59	-6,77	-6,97	-7,17	-7,34	-7,52	-0,24
09/04/2022 04:45:00	-0,29	-0,61	-0,90	-1,15	-1,46	-1,88	-2,43	-3,04	-3,65	-4,22	-4,82	-5,34	-5,86	-6,17	-6,48	-6,66	-6,84	-7,04	-7,24	-7,41	-7,58	-0,25
09/04/2022 04:50:00	-0,38	-0,63	-1,07	-1,50	-1,84	-2,07	-2,52	-2,99	-3,44	-3,98	-4,60	-5,15	-5,69	-6,05	-6,41	-6,62	-6,82	-7,06	-7,29	-7,48	-7,68	-0,28
09/04/2022 04:55:00	-0,31	-0,77	-1,07	-1,36	-1,70	-2,06	-2,59	-3,20	-3,79	-4,31	-4,87	-5,34	-5,81	-6,09	-6,37	-6,53	-6,69	-6,88	-7,06	-7,22	-7,38	-0,28
09/04/2022 05:00:00	-0,46	-0,68	-1,01	-1,39	-1,81	-2,33	-2,88	-3,45	-4,00	-4,52	-5,05	-5,47	-5,89	-6,12	-6,34	-6,47	-6,59	-6,74	-6,89	-7,04	-7,19	-0,36
09/04/2022 05:05:00	-0,39	-0,79	-1,13	-1,38	-1,66	-2,08	-2,61	-3,19	-3,74	-4,30	-4,91	-5,43	-5,94	-6,25	-6,56	-6,73	-6,90	-7,10	-7,29	-7,45	-7,62	-0,45
09/04/2022 05:10:00	-0,42	-0,81	-1,14	-1,46	-1,78	-2,13	-2,60	-3,15	-3,70	-4,29	-4,93	-5,48	-6,03	-6,36	-6,70	-6,89	-7,08	-7,28	-7,49	-7,67	-7,84	-0,46
09/04/2022 05:15:00	-0,49	-0,60	-1,00	-1,41	-1,86	-2,40	-2,95	-3,49	-4,01	-4,55	-5,13	-5,58	-6,03	-6,28	-6,53	-6,66	-6,79	-6,95	-7,12	-7,27	-7,42	-0,40
09/04/2022 05:20:00	-0,42	-0,75	-1,04	-1,28	-1,63	-2,16	-2,78	-3,46	-4,10	-4,70	-5,32	-5,83	-6,34	-6,62	-6,91	-7,06	-7,21	-7,38	-7,56	-7,71	-7,86	-0,39
09/04/2022 05:25:00	-0,49	-0,67	-0,96	-1,28	-1,71	-2,40	-3,01	-3,68	-4,38	-4,91	-5,43	-5,84	-6,24	-6,45	-6,66	-6,77	-6,89	-7,03	-7,17	-7,31	-7,45	-0,39
09/04/2022 05:30:00	-0,38	-0,74	-1,17	-1,58	-1,96	-2,30	-2,70	-3,20	-3,81	-4,34	-4,90	-5,41	-5,92	-6,25	-6,58	-6,79	-6,99	-7,22	-7,45	-7,64	-7,82	-0,42
09/04/2022 05:35:00	-0,49	-0,73	-1,18	-1,62	-2,02	-2,40	-2,88	-3,41	-3,96	-4,47	-5,01	-5,49	-5,97	-6,27	-6,57	-6,75	-6,92	-7,13	-7,34	-7,52	-7,69	-0,42
09/04/2022 05:40:00	-0,43	-0,63	-1,02	-1,43	-1,88	-2,36	-2,94	-3,58	-4,21	-4,72	-5,23	-5,67	-6,11	-6,37	-6,62	-6,78	-6,93	-7,12	-7,30	-7,46	-7,62	-0,48
09/04/2022 05:45:00	-0,52	-0,72	-1,14	-1,59	-2,03	-2,56	-3,06	-3,57	-4,07	-4,64	-5,26	-5,75	-6,24	-6,52	-6,79	-6,92	-7,06	-7,23	-7,40	-7,55	-7,71	-0,51
09/04/2022 05:50:00	-0,45	-0,84	-1,16	-1,47	-1,89	-2,40	-3,07	-3,78	-4,41	-4,95	-5,50	-5,95	-6,39	-6,62	-6,85	-6,98	-7,11	-7,26	-7,41	-7,55	-7,69	-0,52
09/04/2022 05:55:00	-0,55	-0,96	-1,30	-1,55	-1,88	-2,44	-3,05	-3,71	-4,32	-4,90	-5,50	-5,99	-6,49	-6,76	-7,03	-7,17	-7,32	-7,48	-7,64	-7,79	-7,94	-0,56
09/04/2022 06:00:00	-0,58	-0,85	-1,21	-1,58	-1,98	-2,37	-2,93	-3,54	-4,14	-4,75	-5,41	-5,97	-6,53	-6,88	-7,22	-7,41	-7,61	-7,82	-8,03	-8,21	-8,38	-0,56
09/04/2022 06:05:00	-0,61	-0,85	-1,14	-1,50	-1,98	-2,55	-3,20	-3,86	-4,46	-5,06	-5,68	-6,15	-6,62	-6,86	-7,10	-7,21	-7,32	-7,46	-7,60	-7,74	-7,88	-0,56
09/04/2022 06:10:00	-0,64	-0,86	-1,32	-1,79	-2,25	-2,74	-3,27	-3,82	-4,36	-4,86	-5,39	-5,83	-6,26	-6,51	-6,76	-6,89	-7,03	-7,20	-7,37	-7,53	-7,69	-0,54
09/04/2022 06:15:00	-0,57	-0,89	-1,26	-1,61	-2,00	-2,47	-2,99	-3,60	-4,27	-4,81	-5,37	-5,86	-6,34	-6,64	-6,93	-7,11	-7,28	-7,48	-7,68	-7,85	-8,01	-0,60
09/04/2022 06:20:00	-0,67	-0,86	-1,28	-1,71	-2,16	-2,67	-3,21	-3,79	-4,38	-4,88	-5,39	-5,81	-6,24	-6,48	-6,72	-6,86	-7,00	-7,17	-7,34	-7,49	-7,65	-0,65
09/04/2022 06:25:00	-0,66	-0,87	-1,26	-1,73	-2,21	-2,58	-3,13	-3,71	-4,26	-4,80	-5,39	-5,87	-6,35	-6,63	-6,91	-7,07	-7,22	-7,40	-7,59	-7,75	-7,92	-0,69
09/04/2022 06:30:00	-0,74	-1,12	-1,54	-1,90	-2,22	-2,57	-3,02	-3,55	-4,11	-4,64	-5,20	-5,71	-6,22	-6,55	-6,87	-7,07	-7,26	-7,48	-7,70	-7,88	-8,05	-0,65
09/04/2022 06:35:00	-0,83	-0,99	-1,31	-1,72	-2,19	-2,65	-3,28	-3,92	-4,47	-5,00	-5,54	-5,97	-6,39	-6,62	-6,85	-6,97	-7,09	-7,24	-7,39	-7,54	-7,69	-0,75
09/04/2022 06:40:00	-0,75	-1,13	-1,43	-1,70	-2,04	-2,48	-3,04	-3,64	-4,18	-4,79	-5,45	-5,98	-6,51	-6,80	-7,10	-7,26	-7,41	-7,58	-7,75	-7,90	-8,06	-0,77
09/04/2022 06:45:00	-0,74	-1,08	-1,43	-1,78	-2,17	-2,57	-3,14	-3,75	-4,30	-4,81	-5,35	-5,78	-6,21	-6,46	-6,70	-6,83	-6,97	-7,13	-7,29	-7,44	-7,59	-0,81
09/04/2022 06:50:00	-0,90	-1,10	-1,56	-2,02	-2,44	-2,87	-3,41	-3,92	-4,35	-4,84	-5,37	-5,80	-6,22	-6,45	-6,69	-6,81	-6,94	-7,09	-7,25	-7,40	-7,55	-0,84
09/04/2022 06:55:00	-0,90	-1,20	-1,53	-1,91	-2,35	-2,78	-3,31	-3,85	-4,34	-4,93	-5,55	-6,03	-6,51	-6,77	-7,02	-7,14	-7,27	-7,42	-7,57	-7,72	-7,86	-0,84
09/04/2022 07:00:00	-0,92	-1,33	-1,69	-1,98	-2,25	-2,56	-3,01	-3,57	-4,17	-4,74	-5,36	-5,92	-6,49	-6,85	-7,21	-7,42	-7,64	-7,87	-8,10	-8,28	-8,46	-0,90
09/04/2022 07:05:00	-0,99	-1,36	-1,68	-1,97	-2,29	-2,68	-3,14	-3,67	-4,23	-4,86	-5,54	-6,11	-6,69	-7,04	-7,39	-7,57	-7,75	-7,96	-8,16	-8,33	-8,50	-0,92
09/04/2022 07:10:00	-0,94	-1,20	-1,62	-2,07	-2,50	-2,89	-3,38	-3,91	-4,43	-4,95	-5,50	-5,97	-6,43	-6,70	-6,97	-7,12	-7,27	-7,45	-7,63	-7,80	-7,96	-0,92
09/04/2022 07:15:00	-0,91	-1,34	-1,67	-2,00	-2,38	-2,82	-3,36	-3,94	-4,48	-5,02	-5,60	-6,06	-6,52	-6,77	-7,02	-7,15	-7,27	-7,43	-7,58	-7,72	-7,87	-0,94
09/04/2022 07:20:00	-0,95	-1,34	-1,84	-2,17	-2,43	-2,87	-3,24	-3,66	-4,11	-4,70	-5,37	-5,95	-6,52	-6,88	-7,24	-7,44	-7,63	-7,84	-8,06	-8,23	-8,41	-0,95
09/04/2022 07:25:00	-0,99	-1,42	-1,79	-2,12	-2,42	-2,76	-3,22	-3,76	-4,31	-4,85	-5,44	-5,95	-6,46	-6,78	-7,10	-7,28	-7,46	-7,66	-7,87	-8,04	-8,21	-0,99
09/04/2022 07:30:00	-0,97	-1,34	-1,78	-2,23	-2,68	-3,05	-3,55	-4,09	-4,60	-5,09	-5,60	-6,03	-6,45	-6,69	-6,92	-7,06	-7,19	-7,35	-7,52	-7,67	-7,83	-1,01
09/04/2022 07:35:00	-1,03	-1,40	-1,82	-2,18	-2,50	-2,87	-3,31	-3,82	-4,38	-4,92	-5,50	-6,02	-6,53	-6,86	-7,18	-7,37	-7,56	-7,77	-7,98	-8,15	-8,33	-0,97
09/04/2022 07:40:00	-1,02	-1,40	-1,81	-2,22	-2,66	-3,17	-3,67	-4,24	-4,83	-5,35	-5,89	-6,33	-6,76	-7,00	-7,24	-7,36	-7,49	-7,65	-7,80	-7,95	-8,10	-1,06
09/04/2022 07:45:00	-1,15	-1,51	-1,82	-2,14	-2,52	-2,89	-3,43	-4,07	-4,74	-5,30	-5,88	-6,39	-6,90	-7,21	-7,51	-7,69	-7,87	-8,06	-8,26	-8,43	-8,59	-1,09
09/04/2022 07:50:00	-1,15	-1,40	-1,75	-2,12	-2,54	-3,04	-3,60	-4,22	-4,83	-5,38	-5,94	-6,40	-6,87	-7,13	-7,39	-7,53	-7,67	-7,84	-8,00	-8,15	-8,30	-1,10
09/04/2022 07:55:00	-1,17	-1,48	-1,90	-2,31	-2,73	-3,26	-3,80	-4,37	-4,94	-5,47	-6,01	-6,46	-6,91	-7,15	-7,40	-7,53	-7,66	-7,81	-7,97	-8,12	-8,26	-1,12
09/04/2022 08:00:00	-1,23	-1,57	-2,00	-2,39	-2,76	-3,15	-3,57	-4,11	-4,75	-5,20	-5,68	-6,12	-6,56	-6,84	-7,12	-7,30	-7,48	-7,68	-7,88	-8,06	-8,23	-1,16
09/04/2022 08:05:00	-1,28	-1,57	-1,95	-2,38	-2,82	-3,19	-3,73	-4,31	-4,88	-5,37	-5,89	-6,32	-6,76	-7,01	-7,26	-7,40	-7,54	-7,71	-7,89	-8,04	-8,20	-1,24
09/04/2022 08:10:00	-1,24	-1,55	-1,94	-2,37	-2,83	-3,29	-3,82	-4,42	-5,04	-5,56	-6,11	-6,56	-7,00	-7,26	-7,51	-7,65	-7,79	-7,96	-8,13	-8,28	-8,43	-1,31
09/04/2022 08:15:00	-1,23	-1,74	-2,06	-2,34	-2,67	-3,05	-3,61	-4,21	-4,74	-5,33	-5,96	-6,48	-6,99	-7,28	-7,57	-7,71	-7,86	-8,02	-8,19	-8,33	-8,48	-1,18
09/04/2022 08:20:00	-1,29	-1,57	-1,83	-2,10	-2,51	-3,08	-3,71	-4,43	-5,15	-5,71	-6,27	-6,72	-7,17	-7,42	-7,66	-7,79	-7,92	-8,07	-8,22	-8,36	-8,50	-1,26
09/04/2022 08:25:00	-1,24	-1,56	-2,04	-2,52	-2,97	-3,48	-3,88	-4,39	-5,02	-5,53	-6,08	-6,55	-7,01	-7,29	-7,57	-7,73	-7,89	-8,08	-8,27	-8,43	-8,60	-1,17
09/04/2022 08:30:00	-1,25	-1,47	-1,85	-2,33	-2,85	-3,29	-3,85	-4,43	-4,98	-5,52	-6,10	-6,54	-6,99	-7,23	-7,48	-7,60	-7,72	-7,87	-8,03	-8,17	-8,32	-1,22
09/04/2022 08:35:00	-1,30	-1,50	-1,92	-2,40	-2,89	-3,47	-4,08	-4,67	-5,17	-5,72	-6,29	-6,72	-7,15	-7,37	-7,59	-7,68	-7,78	-7,91	-8,05	-8,18	-8,31	-1,16
09/04/2022 08:40:00	-1,24	-1,53	-1,88	-2,30	-2,81	-3,45	-4,09	-4,76	-5,41	-5,92	-6,43	-6,81	-7,19	-7,37	-7,55	-7,63	-7,72	-7,84	-7,96	-8,08	-8,20	-1,19
09/04/2022 08:45:00	-1,08	-1,49	-1,87	-2,28	-2,75	-3,24	-3,71	-4,23	-4,77	-5,42	-6,12	-6,66	-7,20	-7,50	-7,80	-7,93	-8,06	-8,23	-8,39	-8,54	-8,69	-1,15
09/04/2022 08:50:00	-1,10	-1,47	-1,88	-2,26	-2,64	-3,15	-3,69	-4,29	-4,91	-5,44	-6,00	-6,48	-6,96	-7,24	-7,51	-7,67	-7,83	-8,01	-8,19	-8,35	-8,50	-1,14
09/04/2022 08:55:00	-1,16	-1,59	-1,96	-2,28	-2,69	-3,31	-3,92	-4,58	-5,21	-5,74	-6,27	-6,69	-7,10	-7,31	-7,52	-7,63	-7,73	-7,86	-7,99	-8,12	-8,25	-1,15
09/04/2022 09:00:00	-1,09	-1,42	-1,83	-2,22	-2,65	-3,15	-3,76	-4,39	-4,94	-5,54	-6,18	-6,69	-7,21	-7,49	-7,78	-7,92	-8,06	-8,23	-8,39	-8,54	-8,69	-1,02
09/04/2022 09:05:00	-1,03	-1,51	-1,81	-2,13	-2,57	-3,12	-3,88	-4,62	-5,18	-5,79	-6,40	-6,87	-7,33	-7,54	-7,76	-7,85	-7,94	-8,05	-8,16	-8,28	-8,40	-1,04
09/04/2022 09:10:00	-1,02	-1,38	-1,79	-2,21	-2,64	-3,02	-3,64	-4,31	-4,95	-5,53	-6,14	-6,68	-7,22	-7,54	-7,87	-8,05	-8,24	-8,44	-8,65	-8,82	-8,99	-0,98
09/04/2022 09:15:00	-0,93	-1,33	-1,69	-2,14	-2,70	-3,28	-3,97	-4,67	-5,29	-5,88	-6,46	-6,90	-7,33	-7,53	-7,74	-7,83	-7,92	-8,03	-8,15	-8,28	-8,40	-0,96
09/04/2022 09:20:00	-1,12	-1,37	-1,75	-2,15	-2,59	-3,12	-3,84	-4,56	-5,19	-5,76	-6,36	-6,86	-7,35	-7,63	-7,90	-8,05	-8,20	-8,37	-8,53	-8,68	-8,83	-1,02
09/04/2022 09:25:00	-1,11	-1,41	-1,76	-2,09	-2,50	-3,08	-3,77	-4,50	-5,17	-5,77	-6,40	-6,91	-7,43	-7,72	-8,00	-8,15	-8,30	-8,47	-8,64	-8,78	-8,93	-1,02
09/04/2022 09:30:00	-0,97	-1,35	-1,75	-2,14	-2,57	-3,11	-3,67	-4,31	-4,98	-5,60	-6,25	-6,80	-7,35	-7,67	-8,00	-8,17	-8,34	-8,53	-8,72	-8,88	-9,04	-0,99
09/04/2022 09:35:00	-1,09	-1,42	-1,77	-2,10	-2,51	-3,05	-3,70	-4,42	-5,10	-5,71	-6,35	-6,89	-7,42	-7,73	-8,04	-8,20	-8,36	-8,54	-8,72	-8,87	-9,03	-0,99
09/04/2022 09:40:00	-1,00	-1,42	-1,79	-2,23	-2,74	-3,32	-3,94	-4,58	-5,17	-5,77	-6,38	-6,84	-7,30	-7,54	-7,77	-7,87	-7,97	-8,10	-8,23	-8,36	-8,49	-1,01
09/04/2022 09:45:00	-1,02	-1,55	-1,87	-2,17	-2,57	-3,12	-3,73	-4,44	-5,16	-5,74	-6,32	-6,80	-7,28	-7,55	-7,81	-7,95	-8,09	-8,25	-8,41	-8,55	-8,69	-1,06
09/04/2022 09:50:00	-1,02	-1,52	-1,91	-2,27	-2,66	-3,12	-3,63	-4,21	-4,78	-5,44	-6,15	-6,74	-7,32	-7,66	-8,00	-8,16	-8,32	-8,51	-8,69	-8,85	-9,01	-1,02
09/04/2022 09:55:00	-1,15	-1,47	-1,80	-2,17	-2,66	-3,28	-4,00	-4,74	-5,40	-5,99	-6,58	-7,03	-7,48	-7,71	-7,93	-8,04	-8,14	-8,27	-8,40	-8,53	-8,66	-1,06
09/04/2022 10:00:00	-1,09	-1,42	-1,83	-2,26	-2,72	-3,22	-3,83	-4,50	-5,18	-5,76	-6,36	-6,87	-7,38	-7,68	-7,98	-8,14	-8,30	-8,49	-8,68	-8,84	-9,00	-1,05
09/04/2022 10:05:00	-0,96	-1,32	-1,73	-2,12	-2,58	-3,15	-3,90	-4,66	-5,31	-5,86	-6,42	-6,87	-7,32	-7,56	-7,80	-7,93	-8,05	-8,20	-8,35	-8,49	-8,63	-1,02
09/04/2022 10:10:00	-1,02	-1,34	-1,80	-2,29	-2,81	-3,31	-3,96	-4,59	-5,11	-5,67	-6,25	-6,70	-7,15	-7,38	-7,61	-7,72	-7,83	-7,97	-8,11	-8,25	-8,39	-1,08
09/04/2022 10:15:00	-1,08	-1,47	-1,83	-2,22	-2,71	-3,26	-3,89	-4,56	-5,15	-5,80	-6,47	-6,99	-7,51	-7,78	-8,06	-8,18	-8,30	-8,45	-8,60	-8,74	-8,88	-1,02
09/04/2022 10:20:00	-0,96	-1,53	-1,93	-2,27	-2,62	-3,06	-3,65	-4,27	-4,81	-5,46	-6,17	-6,75	-7,34	-7,68	-8,01	-8,18	-8,34	-8,52	-8,70	-8,86	-9,01	-1,01
09/04/2022 10:25:00	-1,04	-1,56	-1,90	-2,20	-2,59	-3,14	-3,83	-4,61	-5,37	-5,89	-6,41	-6,85	-7,30	-7,54	-7,78	-7,92	-8,07	-8,23	-8,39	-8,53	-8,67	-1,02
09/04/2022 10:30:00	-1,07	-1,50	-1,88	-2,27	-2,73	-3,24	-3,91	-4,62	-5,27	-5,86	-6,46	-6,95	-7,44	-7,70	-7,97	-8,10	-8,23	-8,39	-8,55	-8,69	-8,83	-1,04
09/04/2022 10:35:00	-1,01	-1,38	-1,79	-2,29	-2,84	-3,33	-3,90	-4,51	-5,12	-5,74	-6,39	-6,90	-7,42	-7,70	-7,98	-8,11	-8,24	-8,41	-8,57	-8,72	-8,87	-1,01
09/04/2022 10:40:00	-1,04	-1,44	-1,87	-2,29	-2,75	-3,27	-3,96	-4,65	-5,23	-5,82	-6,44	-6,93	-7,42	-7,68	-7,95	-8,08	-8,21	-8,36	-8,51	-8,65	-8,80	-1,02
09/04/2022 10:45:00	-1,11	-1,52	-1,75	-2,06	-2,56	-3,23	-3,92	-4,69	-5,41	-6,09	-6,78	-7,30	-7,81	-8,06	-8,32	-8,42	-8,52	-8,65	-8,77	-8,90	-9,02	-1,03
09/04/2022 10:50:00	-0,95	-1,46	-1,86	-2,19	-2,57	-3,07	-3,72	-4,41	-5,02	-5,64	-6,29	-6,83	-7,38	-7,69	-7,99	-8,15	-8,31	-8,48	-8,66	-8,81	-8,96	-1,02
09/04/2022 10:55:00	-1,06	-1,39	-1,79	-2,19	-2,69	-3,34	-4,08	-4,85	-5,53	-6,09	-6,64	-7,07	-7,50	-7,72	-7,93	-8,05	-8,16	-8,29	-8,43	-8,56	-8,69	-0,97
09/04/2022 11:00:00	-1,02	-1,26	-1,78	-2,33	-2,87	-3,46	-4,06	-4,67	-5,25	-5,79	-6,35	-6,80	-7,24	-7,49	-7,73	-7,86	-7,98	-8,14	-8,30	-8,44	-8,59	-0,97
09/04/2022 11:05:00	-0,96	-1,46	-1,77	-2,07	-2,55	-3,24	-4,01	-4,80	-5,48	-6,09	-6,68	-7,12	-7,57	-7,76	-7,96	-8,04	-8,13	-8,23	-8,33	-8,45	-8,56	-0,97
09/04/2022 11:10:00	-1,00	-1,46	-1,82	-2,18	-2,66	-3,24	-4,00	-4,81	-5,53	-6,11	-6,69	-7,15	-7,62	-7,86	-8,11	-8,23	-8,36	-8,51	-8,65	-8,79	-8,92	-1,02
09/04/2022 11:15:00	-1,07	-1,53	-1,79	-2,17	-2,69	-3,25	-3,95	-4,73	-5,46	-6,08	-6,69	-7,17	-7,65	-7,89	-8,13	-8,25	-8,37	-8,50	-8,64	-8,78	-8,91	-0,98
09/04/2022 11:20:00	-1,02	-1,57	-1,90	-2,19	-2,59	-3,08	-3,83	-4,63	-5,30	-5,93	-6,58	-7,12	-7,66	-7,96	-8,26	-8,41	-8,56	-8,73	-8,89	-9,04	-9,18	-1,00
09/04/2022 11:25:00	-0,94	-1,41	-1,89	-2,36	-2,84	-3,28	-3,89	-4,50	-5,02	-5,65	-6,32	-6,85	-7,39	-7,70	-8,00	-8,14	-8,29	-8,46	-8,63	-8,78	-8,93	-1,00
09/04/2022 11:30:00	-1,00	-1,35	-1,82	-2,29	-2,82	-3,42	-4,15	-4,89	-5,53	-6,05	-6,57	-6,97	-7,37	-7,57	-7,77	-7,88	-7,98	-8,12	-8,25	-8,38	-8,51	-0,97
09/04/2022 11:35:00	-0,94	-1,20	-1,68	-2,17	-2,69	-3,26	-3,99	-4,71	-5,34	-5,87	-6,41	-6,85	-7,28	-7,51	-7,74	-7,87	-7,99	-8,15	-8,30	-8,44	-8,58	-0,97
09/04/2022 11:40:00	-1,02	-1,23	-1,68	-2,27	-2,91	-3,47	-4,11	-4,75	-5,36	-5,92	-6,48	-6,91	-7,34	-7,56	-7,78	-7,88	-7,99	-8,13	-8,27	-8,41	-8,55	-0,95
09/04/2022 11:45:00	-1,05	-1,35	-1,81	-2,31	-2,84	-3,39	-3,98	-4,58	-5,12	-5,73	-6,38	-6,87	-7,36	-7,63	-7,89	-8,01	-8,12	-8,27	-8,42	-8,57	-8,71	-0,99
09/04/2022 11:50:00	-1,00	-1,44	-1,89	-2,31	-2,74	-3,19	-3,80	-4,41	-4,95	-5,57	-6,23	-6,77	-7,31	-7,62	-7,93	-8,08	-8,23	-8,41	-8,58	-8,73	-8,89	-0,92
09/04/2022 11:55:00	-0,89	-1,35	-1,72	-2,09	-2,56	-3,16	-3,87	-4,62	-5,32	-5,89	-6,46	-6,91	-7,37	-7,60	-7,84	-7,96	-8,09	-8,23	-8,37	-8,51	-8,64	-0,96
09/04/2022 12:00:00	-1,03	-1,33	-1,79	-2,31	-2,85	-3,32	-3,95	-4,61	-5,23	-5,79	-6,39	-6,87	-7,36	-7,63	-7,91	-8,05	-8,19	-8,36	-8,53	-8,69	-8,84	-0,93
09/04/2022 12:05:00	-0,95	-1,37	-1,81	-2,28	-2,75	-3,18	-3,77	-4,43	-5,08	-5,59	-6,11	-6,56	-7,01	-7,28	-7,54	-7,69	-7,85	-8,03	-8,21	-8,36	-8,52	-0,96
09/04/2022 12:10:00	-1,04	-1,39	-1,85	-2,33	-2,83	-3,29	-3,87	-4,49	-5,09	-5,66	-6,26	-6,76	-7,26	-7,54	-7,83	-7,98	-8,12	-8,30	-8,48	-8,63	-8,79	-1,04
09/04/2022 12:15:00	-1,00	-1,49	-1,92	-2,35	-2,84	-3,42	-4,12	-4,80	-5,36	-5,93	-6,50	-6,92	-7,35	-7,55	-7,76	-7,85	-7,93	-8,05	-8,17	-8,29	-8,41	-1,06
09/04/2022 12:20:00	-1,08	-1,49	-1,96	-2,47	-3,05	-3,66	-4,34	-5,01	-5,57	-6,08	-6,59	-6,96	-7,32	-7,48	-7,64	-7,71	-7,77	-7,88	-7,98	-8,10	-8,21	-1,09
09/04/2022 12:25:00	-1,13	-1,40	-1,84	-2,34	-2,90	-3,49	-4,15	-4,82	-5,43	-6,00	-6,58	-7,04	-7,49	-7,72	-7,95	-8,06	-8,17	-8,32	-8,46	-8,60	-8,73	-1,11
09/04/2022 12:30:00	-1,08	-1,54	-2,00	-2,43	-2,93	-3,61	-4,18	-4,82	-5,49	-5,99	-6,47	-6,85	-7,23	-7,42	-7,60	-7,69	-7,79	-7,91	-8,04	-8,17	-8,29	-1,08
09/04/2022 12:35:00	-1,21	-1,52	-1,98	-2,40	-2,81	-3,32	-3,90	-4,52	-5,12	-5,68	-6,28	-6,79	-7,30	-7,59	-7,88	-8,04	-8,20	-8,38	-8,57	-8,72	-8,88	-1,12
09/04/2022 12:40:00	-1,21	-1,71	-2,10	-2,46	-2,88	-3,39	-4,02	-4,70	-5,31	-5,90	-6,52	-7,02	-7,52	-7,80	-8,08	-8,22	-8,36	-8,52	-8,68	-8,82	-8,96	-1,18
09/04/2022 12:45:00	-1,19	-1,64	-2,15	-2,58	-2,98	-3,51	-4,07	-4,67	-5,25	-5,77	-6,31	-6,76	-7,21	-7,47	-7,73	-7,87	-8,02	-8,18	-8,35	-8,50	-8,65	-1,09
09/04/2022 12:50:00	-1,27	-1,49	-2,03	-2,62	-3,21	-3,79	-4,37	-4,92	-5,43	-5,92	-6,42	-6,80	-7,17	-7,35	-7,53	-7,61	-7,69	-7,82	-7,94	-8,07	-8,21	-1,17
09/04/2022 12:55:00	-1,16	-1,62	-2,07	-2,52	-3,00	-3,52	-4,25	-4,94	-5,44	-6,00	-6,58	-7,02	-7,46	-7,68	-7,89	-7,99	-8,08	-8,21	-8,33	-8,45	-8,58	-1,21
09/04/2022 13:00:00	-1,20	-1,53	-2,01	-2,54	-3,16	-3,86	-4,55	-5,22	-5,83	-6,31	-6,77	-7,09	-7,41	-7,53	-7,65	-7,69	-7,74	-7,82	-7,91	-8,02	-8,13	-1,19
09/04/2022 13:05:00	-1,24	-1,69	-2,10	-2,51	-2,94	-3,43	-4,04	-4,72	-5,39	-5,94	-6,51	-6,99	-7,47	-7,75	-8,02	-8,18	-8,33	-8,50	-8,68	-8,83	-8,98	-1,26
09/04/2022 13:10:00	-1,13	-1,63	-2,01	-2,42	-2,95	-3,57	-4,31	-5,04	-5,63	-6,20	-6,77	-7,18	-7,59	-7,77	-7,95	-8,02	-8,09	-8,19	-8,29	-8,40	-8,51	-1,14
09/04/2022 13:15:00	-1,10	-1,51	-1,97	-2,42	-2,89	-3,41	-4,04	-4,68	-5,22	-5,84	-6,49	-7,02	-7,54	-7,83	-8,12	-8,25	-8,39	-8,55	-8,71	-8,86	-9,00	-1,13
09/04/2022 13:20:00	-1,08	-1,51	-2,09	-2,64	-3,11	-3,61	-4,14	-4,70	-5,25	-5,78	-6,34	-6,82	-7,30	-7,57	-7,85	-8,00	-8,15	-8,33	-8,51	-8,66	-8,82	-1,06
09/04/2022 13:25:00	-1,19	-1,68	-2,00	-2,30	-2,71	-3,31	-4,00	-4,72	-5,37	-5,98	-6,60	-7,08	-7,56	-7,81	-8,05	-8,16	-8,28	-8,41	-8,54	-8,67	-8,79	-1,17
09/04/2022 13:30:00	-1,22	-1,62	-1,96	-2,31	-2,76	-3,34	-3,96	-4,62	-5,22	-5,88	-6,57	-7,10	-7,63	-7,92	-8,20	-8,32	-8,45	-8,59	-8,74	-8,88	-9,02	-1,02
09/04/2022 13:35:00	-1,12	-1,52	-2,01	-2,44	-2,87	-3,43	-4,10	-4,80	-5,41	-5,90	-6,40	-6,82	-7,24	-7,47	-7,70	-7,83	-7,96	-8,12	-8,27	-8,41	-8,55	-0,96
09/04/2022 13:40:00	-1,09	-1,56	-2,01	-2,48	-2,99	-3,48	-4,01	-4,58	-5,14	-5,71	-6,30	-6,76	-7,22	-7,47	-7,71	-7,83	-7,95	-8,10	-8,25	-8,39	-8,53	-0,99
09/04/2022 13:45:00	-1,08	-1,45	-1,96	-2,47	-2,94	-3,38	-3,88	-4,45	-5,06	-5,62	-6,23	-6,76	-7,29	-7,61	-7,93	-8,11	-8,29	-8,49	-8,69	-8,86	-9,03	-1,03
09/04/2022 13:50:00	-1,09	-1,36	-1,86	-2,40	-2,96	-3,55	-4,15	-4,75	-5,32	-5,85	-6,40	-6,82	-7,24	-7,46	-7,67	-7,78	-7,89	-8,03	-8,17	-8,31	-8,45	-1,01
09/04/2022 13:55:00	-1,01	-1,43	-1,83	-2,18	-2,61	-3,24	-3,88	-4,55	-5,15	-5,77	-6,41	-6,91	-7,41	-7,67	-7,93	-8,05	-8,17	-8,31	-8,46	-8,59	-8,73	-0,85
09/04/2022 14:00:00	-0,95	-1,25	-1,62	-2,14	-2,79	-3,45	-4,17	-4,86	-5,44	-5,98	-6,51	-6,86	-7,21	-7,34	-7,47	-7,51	-7,55	-7,63	-7,71	-7,82	-7,92	-0,86
09/04/2022 14:05:00	-0,94	-1,38	-1,76	-2,15	-2,59	-3,06	-3,72	-4,40	-5,01	-5,57	-6,15	-6,62	-7,09	-7,34	-7,60	-7,73	-7,87	-8,02	-8,18	-8,33	-8,47	-0,96
09/04/2022 14:10:00	-0,90	-1,47	-1,89	-2,36	-2,85	-3,24	-3,73	-4,26	-4,79	-5,34	-5,91	-6,37	-6,83	-7,08	-7,33	-7,46	-7,58	-7,73	-7,89	-8,04	-8,18	-1,12
09/04/2022 14:15:00	-0,88	-1,33	-1,74	-2,18	-2,70	-3,26	-4,02	-4,79	-5,45	-5,97	-6,49	-6,89	-7,29	-7,49	-7,69	-7,80	-7,90	-8,03	-8,16	-8,29	-8,42	-1,09
09/04/2022 14:20:00	-1,13	-1,42	-1,91	-2,39	-2,86	-3,39	-3,99	-4,59	-5,15	-5,70	-6,28	-6,75	-7,22	-7,48	-7,74	-7,88	-8,01	-8,18	-8,34	-8,49	-8,64	-1,05
09/04/2022 14:25:00	-1,16	-1,53	-1,95	-2,31	-2,75	-3,40	-4,06	-4,75	-5,38	-5,93	-6,48	-6,92	-7,36	-7,58	-7,80	-7,91	-8,02	-8,16	-8,29	-8,42	-8,55	-1,12
09/04/2022 14:30:00	-1,14	-1,51	-2,01	-2,52	-3,03	-3,62	-4,26	-4,90	-5,50	-5,95	-6,40	-6,75	-7,10	-7,27	-7,45	-7,54	-7,64	-7,77	-7,90	-8,03	-8,16	-1,20
09/04/2022 14:35:00	-1,26	-1,72	-2,20	-2,69	-3,20	-3,74	-4,38	-5,03	-5,60	-6,04	-6,48	-6,82	-7,15	-7,31	-7,46	-7,54	-7,62	-7,74	-7,85	-7,97	-8,09	-1,19
09/04/2022 14:40:00	-1,26	-1,43	-1,85	-2,30	-2,77	-3,32	-3,89	-4,53	-5,20	-5,80	-6,43	-6,97	-7,50	-7,82	-8,13	-8,30	-8,47	-8,67	-8,86	-9,03	-9,19	-1,12
09/04/2022 14:45:00	-1,21	-1,63	-2,05	-2,50	-3,01	-3,58	-4,22	-4,87	-5,43	-5,99	-6,55	-6,97	-7,40	-7,60	-7,81	-7,90	-7,99	-8,11	-8,24	-8,36	-8,49	-1,21
09/04/2022 14:50:00	-1,28	-1,54	-2,05	-2,55	-3,04	-3,65	-4,22	-4,83	-5,47	-5,93	-6,39	-6,76	-7,14	-7,34	-7,55	-7,67	-7,79	-7,94	-8,09	-8,24	-8,38	-1,14
09/04/2022 14:55:00	-1,24	-1,56	-1,93	-2,36	-2,88	-3,46	-4,23	-4,99	-5,62	-6,13	-6,62	-7,00	-7,38	-7,56	-7,73	-7,82	-7,91	-8,02	-8,14	-8,26	-8,38	-1,17
09/04/2022 15:00:00	-1,17	-1,45	-1,96	-2,52	-3,02	-3,46	-3,99	-4,53	-5,06	-5,54	-6,04	-6,45	-6,86	-7,09	-7,33	-7,46	-7,59	-7,75	-7,92	-8,08	-8,23	-1,16
09/04/2022 15:05:00	-1,25	-1,59	-1,93	-2,32	-2,84	-3,52	-4,14	-4,82	-5,48	-6,01	-6,53	-6,91	-7,29	-7,45	-7,62	-7,69	-7,77	-7,87	-7,97	-8,09	-8,21	-1,20
09/04/2022 15:10:00	-1,26	-1,59	-2,01	-2,43	-2,88	-3,46	-3,96	-4,50	-5,04	-5,55	-6,08	-6,49	-6,90	-7,10	-7,31	-7,41	-7,51	-7,64	-7,77	-7,91	-8,04	-1,05
09/04/2022 15:15:00	-1,18	-1,46	-1,91	-2,34	-2,75	-3,24	-3,79	-4,38	-4,95	-5,43	-5,92	-6,34	-6,76	-7,00	-7,23	-7,37	-7,51	-7,68	-7,84	-7,99	-8,15	-1,09
09/04/2022 15:20:00	-1,05	-1,39	-1,85	-2,34	-2,83	-3,34	-3,93	-4,54	-5,08	-5,57	-6,08	-6,48	-6,88	-7,09	-7,30	-7,41	-7,52	-7,66	-7,80	-7,94	-8,08	-0,94
09/04/2022 15:25:00	-1,01	-1,46	-1,80	-2,14	-2,56	-3,11	-3,78	-4,50	-5,17	-5,65	-6,11	-6,48	-6,86	-7,04	-7,23	-7,34	-7,45	-7,58	-7,71	-7,84	-7,97	-1,02
09/04/2022 15:30:00	-0,94	-1,31	-1,73	-2,23	-2,79	-3,35	-4,02	-4,67	-5,21	-5,68	-6,14	-6,48	-6,81	-6,94	-7,08	-7,14	-7,20	-7,30	-7,40	-7,52	-7,63	-0,89
09/04/2022 15:35:00	-0,94	-1,38	-1,83	-2,30	-2,81	-3,37	-3,98	-4,56	-5,03	-5,45	-5,86	-6,14	-6,42	-6,53	-6,63	-6,68	-6,73	-6,81	-6,90	-7,01	-7,12	-0,89
09/04/2022 15:40:00	-0,88	-1,28	-1,73	-2,17	-2,63	-3,17	-3,74	-4,34	-4,90	-5,30	-5,71	-6,02	-6,33	-6,48	-6,63	-6,72	-6,81	-6,93	-7,05	-7,18	-7,31	-0,91
09/04/2022 15:45:00	-0,79	-1,07	-1,49	-1,98	-2,53	-3,14	-3,81	-4,50	-5,15	-5,58	-5,99	-6,30	-6,61	-6,75	-6,90	-6,98	-7,06	-7,18	-7,30	-7,42	-7,55	-0,87
09/04/2022 15:50:00	-0,84	-1,33	-1,82	-2,28	-2,72	-3,14	-3,62	-4,13	-4,63	-5,09	-5,56	-5,95	-6,33	-6,54	-6,75	-6,87	-6,99	-7,14	-7,29	-7,44	-7,58	-0,89
09/04/2022 15:55:00	-0,89	-1,14	-1,61	-2,16	-2,74	-3,31	-3,93	-4,51	-5,01	-5,46	-5,90	-6,21	-6,53	-6,66	-6,79	-6,85	-6,91	-7,01	-7,11	-7,23	-7,35	-0,82
09/04/2022 16:00:00	-0,83	-1,20	-1,63	-2,06	-2,51	-3,02	-3,58	-4,19	-4,81	-5,20	-5,57	-5,88	-6,19	-6,35	-6,51	-6,62	-6,73	-6,87	-7,01	-7,15	-7,29	-0,86
09/04/2022 16:05:00	-0,67	-1,03	-1,49	-2,05	-2,61	-3,08	-3,68	-4,20	-4,57	-5,04	-5,54	-5,88	-6,22	-6,37	-6,51	-6,57	-6,62	-6,72	-6,82	-6,94	-7,06	-0,69
09/04/2022 16:10:00	-0,65	-0,96	-1,42	-1,91	-2,40	-2,91	-3,57	-4,19	-4,66	-5,14	-5,64	-6,01	-6,39	-6,58	-6,77	-6,86	-6,96	-7,08	-7,21	-7,35	-7,48	-0,62
09/04/2022 16:15:00	-0,62	-1,17	-1,65	-2,09	-2,55	-3,10	-3,65	-4,24	-4,82	-5,25	-5,68	-6,02	-6,36	-6,52	-6,69	-6,78	-6,88	-7,01	-7,14	-7,27	-7,40	-0,69
09/04/2022 16:20:00	-0,87	-1,12	-1,65	-2,20	-2,75	-3,33	-3,93	-4,50	-4,99	-5,43	-5,86	-6,17	-6,48	-6,62	-6,76	-6,83	-6,90	-7,02	-7,13	-7,25	-7,38	-0,75
09/04/2022 16:25:00	-0,78	-1,19	-1,66	-2,10	-2,53	-3,00	-3,54	-4,10	-4,63	-5,07	-5,52	-5,89	-6,26	-6,45	-6,65	-6,77	-6,88	-7,03	-7,17	-7,32	-7,46	-0,72
09/04/2022 16:30:00	-0,61	-1,14	-1,66	-2,11	-2,49	-2,89	-3,31	-3,74	-4,15	-4,62	-5,13	-5,54	-5,95	-6,18	-6,40	-6,52	-6,64	-6,79	-6,95	-7,10	-7,25	-0,60
09/04/2022 16:35:00	-0,70	-1,11	-1,63	-2,17	-2,68	-3,19	-3,67	-4,13	-4,57	-4,98	-5,41	-5,71	-6,02	-6,16	-6,30	-6,36	-6,43	-6,54	-6,65	-6,78	-6,91	-0,92
09/04/2022 16:40:00	-0,90	-1,14	-1,67	-2,26	-2,82	-3,31	-3,80	-4,25	-4,66	-5,09	-5,53	-5,84	-6,16	-6,30	-6,45	-6,52	-6,58	-6,70	-6,82	-6,95	-7,08	-0,91
09/04/2022 16:45:00	-0,85	-1,23	-1,74	-2,27	-2,79	-3,40	-3,86	-4,32	-4,79	-5,19	-5,57	-5,84	-6,11	-6,22	-6,32	-6,37	-6,43	-6,52	-6,62	-6,74	-6,86	-0,91
09/04/2022 16:50:00	-0,91	-1,36	-1,86	-2,33	-2,76	-3,21	-3,58	-3,97	-4,39	-4,85	-5,34	-5,72	-6,10	-6,30	-6,50	-6,60	-6,70	-6,84	-6,98	-7,12	-7,26	-0,89
09/04/2022 16:55:00	-1,04	-1,32	-1,83	-2,39	-2,92	-3,39	-3,93	-4,41	-4,81	-5,17	-5,53	-5,78	-6,03	-6,12	-6,22	-6,27	-6,32	-6,41	-6,51	-6,63	-6,75	-0,95
09/04/2022 17:00:00	-0,88	-1,14	-1,64	-2,20	-2,77	-3,34	-3,90	-4,41	-4,86	-5,17	-5,46	-5,63	-5,80	-5,83	-5,86	-5,88	-5,90	-5,97	-6,03	-6,14	-6,25	-0,94
09/04/2022 17:05:00	-0,93	-1,31	-1,71	-2,14	-2,61	-3,12	-3,62	-4,11	-4,55	-4,96	-5,38	-5,67	-5,96	-6,07	-6,18	-6,23	-6,28	-6,37	-6,46	-6,58	-6,70	-0,90
09/04/2022 17:10:00	-0,91	-1,36	-1,75	-2,15	-2,59	-3,01	-3,53	-4,08	-4,58	-5,01	-5,44	-5,77	-6,10	-6,26	-6,42	-6,51	-6,60	-6,72	-6,85	-6,98	-7,11	-0,86
09/04/2022 17:15:00	-1,01	-1,28	-1,76	-2,26	-2,74	-3,27	-3,74	-4,22	-4,73	-5,07	-5,39	-5,62	-5,86	-5,96	-6,07	-6,14	-6,21	-6,32	-6,43	-6,56	-6,69	-0,89
09/04/2022 17:20:00	-0,94	-1,40	-1,88	-2,26	-2,58	-2,94	-3,39	-3,83	-4,21	-4,64	-5,12	-5,51	-5,90	-6,12	-6,34	-6,46	-6,58	-6,73	-6,89	-7,04	-7,18	-0,89
09/04/2022 17:25:00	-0,88	-1,34	-1,79	-2,14	-2,43	-2,76	-3,11	-3,52	-3,94	-4,37	-4,86	-5,27	-5,68	-5,92	-6,16	-6,31	-6,45	-6,63	-6,80	-6,96	-7,12	-0,92
09/04/2022 17:30:00	-0,99	-1,29	-1,72	-2,17	-2,57	-3,01	-3,41	-3,84	-4,30	-4,68	-5,09	-5,40	-5,72	-5,89	-6,06	-6,16	-6,26	-6,40	-6,54	-6,68	-6,83	-0,89
09/04/2022 17:35:00	-0,89	-1,33	-1,78	-2,18	-2,58	-3,04	-3,49	-3,97	-4,43	-4,79	-5,13	-5,40	-5,66	-5,78	-5,90	-5,98	-6,06	-6,17	-6,29	-6,42	-6,54	-0,83
09/04/2022 17:40:00	-0,70	-1,21	-1,46	-1,72	-2,12	-2,65	-3,23	-3,84	-4,35	-4,82	-5,26	-5,58	-5,89	-6,00	-6,12	-6,17	-6,23	-6,31	-6,39	-6,50	-6,61	-0,75
09/04/2022 17:45:00	-0,65	-1,02	-1,37	-1,75	-2,17	-2,62	-3,20	-3,78	-4,30	-4,66	-5,00	-5,25	-5,51	-5,62	-5,72	-5,80	-5,87	-5,98	-6,09	-6,21	-6,34	-0,62
09/04/2022 17:50:00	-0,65	-0,94	-1,46	-1,93	-2,32	-2,78	-3,17	-3,55	-3,94	-4,28	-4,64	-4,91	-5,19	-5,32	-5,46	-5,55	-5,64	-5,77	-5,90	-6,04	-6,18	-0,62
09/04/2022 17:55:00	-0,53	-0,99	-1,37	-1,79	-2,23	-2,65	-3,06	-3,50	-3,95	-4,37	-4,81	-5,13	-5,44	-5,59	-5,74	-5,82	-5,89	-6,01	-6,13	-6,26	-6,40	-0,57
09/04/2022 18:00:00	-0,63	-0,91	-1,36	-1,87	-2,35	-2,77	-3,26	-3,71	-4,08	-4,48	-4,89	-5,19	-5,49	-5,62	-5,76	-5,82	-5,89	-6,00	-6,11	-6,24	-6,37	-0,65
09/04/2022 18:05:00	-0,49	-0,97	-1,44	-1,89	-2,27	-2,60	-3,04	-3,50	-3,95	-4,29	-4,64	-4,93	-5,22	-5,39	-5,55	-5,66	-5,77	-5,92	-6,07	-6,22	-6,37	-0,54
09/04/2022 18:10:00	-0,40	-0,87	-1,21	-1,54	-1,92	-2,45	-2,93	-3,44	-3,95	-4,37	-4,78	-5,08	-5,38	-5,51	-5,65	-5,72	-5,80	-5,90	-6,01	-6,14	-6,26	-0,49
09/04/2022 18:15:00	-0,40	-0,79	-1,16	-1,62	-2,14	-2,62	-3,13	-3,62	-4,05	-4,48	-4,91	-5,20	-5,48	-5,59	-5,69	-5,73	-5,77	-5,86	-5,94	-6,06	-6,18	-0,40
09/04/2022 18:20:00	-0,36	-0,66	-1,06	-1,48	-1,90	-2,26	-2,73	-3,22	-3,68	-4,10	-4,54	-4,90	-5,25	-5,45	-5,64	-5,76	-5,88	-6,03	-6,19	-6,34	-6,49	-0,29
09/04/2022 18:25:00	-0,32	-0,72	-1,14	-1,56	-1,98	-2,46	-2,92	-3,44	-4,00	-4,32	-4,61	-4,84	-5,07	-5,18	-5,29	-5,38	-5,47	-5,59	-5,72	-5,85	-5,99	-0,30
09/04/2022 18:30:00	-0,37	-0,66	-1,13	-1,61	-2,03	-2,43	-2,87	-3,28	-3,64	-4,06	-4,51	-4,85	-5,19	-5,37	-5,55	-5,64	-5,74	-5,88	-6,02	-6,16	-6,31	-0,24
09/04/2022 18:35:00	-0,24	-0,57	-1,07	-1,60	-2,08	-2,49	-2,92	-3,34	-3,72	-4,11	-4,51	-4,82	-5,12	-5,26	-5,41	-5,49	-5,58	-5,71	-5,83	-5,98	-6,12	-0,24
09/04/2022 18:40:00	-0,27	-0,46	-0,90	-1,40	-1,86	-2,30	-2,71	-3,17	-3,70	-4,07	-4,45	-4,76	-5,06	-5,24	-5,41	-5,53	-5,65	-5,81	-5,97	-6,13	-6,29	-0,21
09/04/2022 18:45:00	-0,21	-0,59	-1,00	-1,33	-1,63	-2,12	-2,51	-2,94	-3,40	-3,87	-4,38	-4,80	-5,21	-5,44	-5,68	-5,81	-5,94	-6,10	-6,26	-6,42	-6,57	-0,16
09/04/2022 18:50:00	-0,10	-0,48	-0,97	-1,42	-1,82	-2,25	-2,73	-3,19	-3,60	-3,96	-4,34	-4,63	-4,92	-5,07	-5,21	-5,31	-5,40	-5,53	-5,66	-5,80	-5,94	-0,12
09/04/2022 18:55:00	-0,14	-0,47	-0,87	-1,26	-1,63	-2,00	-2,42	-2,87	-3,35	-3,78	-4,24	-4,62	-5,00	-5,22	-5,44	-5,57	-5,70	-5,87	-6,04	-6,20	-6,36	-0,17
09/04/2022 19:00:00	-0,12	-0,59	-0,85	-1,15	-1,53	-1,97	-2,48	-3,07	-3,66	-4,07	-4,45	-4,75	-5,04	-5,19	-5,33	-5,43	-5,53	-5,66	-5,79	-5,92	-6,06	-0,14
09/04/2022 19:05:00	-0,15	-0,50	-0,88	-1,22	-1,59	-2,08	-2,62	-3,15	-3,58	-4,03	-4,49	-4,84	-5,19	-5,36	-5,53	-5,63	-5,72	-5,84	-5,97	-6,10	-6,24	-0,07
09/04/2022 19:10:00	0,02	-0,39	-0,85	-1,28	-1,71	-2,23	-2,66	-3,10	-3,55	-3,99	-4,44	-4,78	-5,11	-5,28	-5,45	-5,54	-5,62	-5,75	-5,88	-6,02	-6,16	-0,07
09/04/2022 19:15:00	-0,04	-0,51	-0,87	-1,24	-1,65	-2,01	-2,48	-2,98	-3,46	-3,92	-4,40	-4,77	-5,14	-5,34	-5,54	-5,65	-5,76	-5,90	-6,05	-6,20	-6,34	-0,09
09/04/2022 19:20:00	-0,06	-0,45	-0,85	-1,28	-1,72	-2,15	-2,73	-3,35	-3,91	-4,29	-4,65	-4,94	-5,23	-5,38	-5,53	-5,64	-5,74	-5,88	-6,02	-6,17	-6,31	-0,05
09/04/2022 19:25:00	0,03	-0,38	-0,79	-1,17	-1,55	-1,95	-2,45	-3,00	-3,55	-3,99	-4,44	-4,83	-5,21	-5,43	-5,65	-5,79	-5,94	-6,11	-6,28	-6,44	-6,60	-0,04
09/04/2022 19:30:00	0,02	-0,35	-0,73	-1,05	-1,41	-1,93	-2,51	-3,10	-3,62	-4,09	-4,58	-4,97	-5,35	-5,56	-5,76	-5,88	-5,99	-6,14	-6,28	-6,43	-6,57	0,03
09/04/2022 19:35:00	0,06	-0,30	-0,75	-1,19	-1,62	-2,10	-2,61	-3,10	-3,54	-4,02	-4,52	-4,90	-5,28	-5,48	-5,68	-5,78	-5,89	-6,03	-6,17	-6,31	-6,46	0,08
09/04/2022 19:40:00	0,15	-0,20	-0,73	-1,21	-1,65	-2,16	-2,72	-3,22	-3,59	-4,02	-4,47	-4,80	-5,14	-5,30	-5,46	-5,55	-5,63	-5,76	-5,88	-6,02	-6,16	0,13
09/04/2022 19:45:00	0,13	-0,13	-0,57	-1,03	-1,52	-2,14	-2,66	-3,17	-3,65	-4,10	-4,54	-4,86	-5,18	-5,33	-5,47	-5,55	-5,62	-5,73	-5,85	-5,98	-6,11	0,19
09/04/2022 19:50:00	0,23	-0,21	-0,69	-1,13	-1,54	-1,94	-2,39	-2,84	-3,25	-3,71	-4,21	-4,61	-5,01	-5,23	-5,45	-5,57	-5,70	-5,86	-6,01	-6,17	-6,33	0,20
09/04/2022 19:55:00	0,31	-0,19	-0,60	-0,99	-1,39	-1,85	-2,27	-2,73	-3,22	-3,72	-4,25	-4,67	-5,08	-5,31	-5,54	-5,67	-5,79	-5,95	-6,11	-6,26	-6,42	0,24
09/04/2022 20:00:00	0,26	-0,12	-0,42	-0,84	-1,40	-1,99	-2,63	-3,29	-3,92	-4,36	-4,75	-5,01	-5,28	-5,37	-5,47	-5,52	-5,57	-5,66	-5,75	-5,87	-5,99	0,25
09/04/2022 20:05:00	0,27	-0,12	-0,58	-1,01	-1,43	-1,91	-2,48	-3,05	-3,53	-4,03	-4,56	-4,98	-5,40	-5,62	-5,85	-5,98	-6,10	-6,26	-6,41	-6,56	-6,71	0,27
09/04/2022 20:10:00	0,27	-0,08	-0,48	-0,97	-1,55	-2,17	-2,84	-3,52	-4,17	-4,56	-4,90	-5,14	-5,38	-5,47	-5,56	-5,62	-5,68	-5,79	-5,89	-6,01	-6,13	0,27
09/04/2022 20:15:00	0,34	-0,14	-0,57	-1,01	-1,50	-2,04	-2,62	-3,21	-3,72	-4,17	-4,62	-4,95	-5,28	-5,43	-5,58	-5,66	-5,74	-5,86	-5,97	-6,10	-6,23	0,28
09/04/2022 20:20:00	0,14	-0,17	-0,64	-1,17	-1,71	-2,25	-2,82	-3,37	-3,86	-4,27	-4,68	-4,97	-5,27	-5,40	-5,53	-5,60	-5,67	-5,79	-5,90	-6,03	-6,17	0,22
09/04/2022 20:25:00	0,14	-0,20	-0,70	-1,23	-1,75	-2,27	-2,79	-3,25	-3,61	-4,12	-4,66	-5,05	-5,43	-5,62	-5,80	-5,87	-5,95	-6,07	-6,19	-6,32	-6,46	0,23
09/04/2022 20:30:00	0,20	-0,26	-0,69	-1,19	-1,75	-2,28	-2,85	-3,42	-3,92	-4,34	-4,76	-5,05	-5,33	-5,45	-5,56	-5,62	-5,67	-5,77	-5,87	-5,99	-6,12	0,16
09/04/2022 20:35:00	0,15	-0,19	-0,63	-1,16	-1,69	-2,23	-2,80	-3,36	-3,86	-4,31	-4,76	-5,09	-5,42	-5,57	-5,73	-5,81	-5,89	-6,02	-6,14	-6,28	-6,41	0,17
09/04/2022 20:40:00	0,13	-0,30	-0,78	-1,30	-1,82	-2,32	-2,81	-3,25	-3,60	-4,09	-4,61	-4,98	-5,35	-5,52	-5,68	-5,75	-5,81	-5,92	-6,04	-6,17	-6,30	0,10
09/04/2022 20:45:00	0,23	-0,20	-0,67	-1,10	-1,59	-2,21	-2,83	-3,41	-3,90	-4,36	-4,81	-5,13	-5,44	-5,57	-5,71	-5,76	-5,82	-5,92	-6,02	-6,14	-6,26	0,15
09/04/2022 20:50:00	0,05	-0,41	-0,82	-1,30	-1,83	-2,31	-2,84	-3,39	-3,95	-4,34	-4,71	-4,98	-5,25	-5,37	-5,48	-5,56	-5,63	-5,74	-5,86	-5,99	-6,12	0,10
09/04/2022 20:55:00	0,09	-0,32	-0,80	-1,30	-1,79	-2,22	-2,70	-3,20	-3,70	-4,12	-4,55	-4,88	-5,22	-5,39	-5,57	-5,68	-5,78	-5,93	-6,07	-6,22	-6,37	0,04
09/04/2022 21:00:00	-0,02	-0,32	-0,70	-1,20	-1,77	-2,35	-2,94	-3,51	-4,03	-4,44	-4,81	-5,06	-5,30	-5,38	-5,46	-5,50	-5,55	-5,63	-5,72	-5,83	-5,95	0,04
09/04/2022 21:05:00	-0,07	-0,50	-0,99	-1,46	-1,90	-2,45	-2,90	-3,38	-3,89	-4,31	-4,74	-5,07	-5,40	-5,57	-5,74	-5,84	-5,94	-6,07	-6,21	-6,35	-6,49	-0,07
09/04/2022 21:10:00	-0,17	-0,56	-1,11	-1,66	-2,12	-2,46	-2,90	-3,32	-3,68	-4,09	-4,54	-4,90	-5,26	-5,46	-5,67	-5,78	-5,89	-6,05	-6,21	-6,36	-6,52	-0,14
09/04/2022 21:15:00	-0,21	-0,46	-0,97	-1,56	-2,09	-2,60	-3,07	-3,48	-3,82	-4,28	-4,78	-5,13	-5,48	-5,64	-5,81	-5,88	-5,95	-6,07	-6,19	-6,33	-6,46	-0,12
09/04/2022 21:20:00	-0,20	-0,67	-1,14	-1,61	-2,04	-2,39	-2,96	-3,50	-3,88	-4,25	-4,62	-4,90	-5,19	-5,32	-5,46	-5,54	-5,62	-5,75	-5,87	-6,00	-6,13	-0,26
09/04/2022 21:25:00	-0,31	-0,64	-1,08	-1,62	-2,24	-2,85	-3,38	-3,87	-4,33	-4,75	-5,15	-5,39	-5,63	-5,69	-5,76	-5,77	-5,78	-5,85	-5,91	-6,02	-6,13	-0,27
09/04/2022 21:30:00	-0,31	-0,72	-1,19	-1,63	-2,13	-2,77	-3,31	-3,81	-4,23	-4,67	-5,10	-5,39	-5,67	-5,76	-5,86	-5,89	-5,92	-6,00	-6,07	-6,18	-6,29	-0,29
09/04/2022 21:35:00	-0,30	-0,71	-1,20	-1,67	-2,17	-2,78	-3,31	-3,83	-4,34	-4,73	-5,11	-5,37	-5,63	-5,73	-5,84	-5,89	-5,95	-6,05	-6,15	-6,27	-6,39	-0,33
09/04/2022 21:40:00	-0,37	-0,85	-1,30	-1,74	-2,24	-2,82	-3,36	-3,91	-4,44	-4,85	-5,25	-5,53	-5,81	-5,92	-6,03	-6,08	-6,13	-6,23	-6,32	-6,44	-6,56	-0,45
09/04/2022 21:45:00	-0,45	-0,87	-1,31	-1,80	-2,30	-2,75	-3,28	-3,80	-4,26	-4,70	-5,16	-5,49	-5,82	-5,98	-6,13	-6,21	-6,29	-6,41	-6,53	-6,66	-6,79	-0,40
09/04/2022 21:50:00	-0,41	-0,84	-1,34	-1,90	-2,49	-3,06	-3,63	-4,17	-4,64	-4,98	-5,29	-5,48	-5,67	-5,72	-5,76	-5,79	-5,81	-5,88	-5,95	-6,06	-6,16	-0,45
09/04/2022 21:55:00	-0,48	-0,76	-1,31	-1,87	-2,43	-3,10	-3,66	-4,17	-4,64	-5,01	-5,35	-5,58	-5,80	-5,87	-5,94	-5,97	-6,00	-6,08	-6,16	-6,27	-6,39	-0,51
09/04/2022 22:00:00	-0,40	-0,89	-1,43	-1,96	-2,47	-2,99	-3,45	-3,92	-4,41	-4,80	-5,18	-5,47	-5,75	-5,88	-6,01	-6,09	-6,16	-6,28	-6,40	-6,53	-6,66	-0,48
09/04/2022 22:05:00	-0,57	-1,00	-1,51	-2,12	-2,71	-3,18	-3,77	-4,27	-4,61	-5,05	-5,51	-5,80	-6,10	-6,21	-6,32	-6,35	-6,39	-6,47	-6,55	-6,66	-6,78	-0,54
09/04/2022 22:10:00	-0,59	-1,06	-1,53	-2,04	-2,54	-3,00	-3,48	-3,96	-4,42	-4,82	-5,22	-5,51	-5,80	-5,94	-6,07	-6,14	-6,21	-6,32	-6,44	-6,57	-6,70	-0,55
09/04/2022 22:15:00	-0,55	-1,01	-1,52	-2,02	-2,53	-3,09	-3,62	-4,12	-4,55	-5,01	-5,48	-5,81	-6,14	-6,27	-6,41	-6,47	-6,52	-6,62	-6,72	-6,84	-6,96	-0,59
09/04/2022 22:20:00	-0,65	-1,03	-1,49	-2,00	-2,59	-3,27	-3,82	-4,36	-4,90	-5,33	-5,73	-5,99	-6,24	-6,32	-6,40	-6,42	-6,45	-6,52	-6,59	-6,69	-6,80	-0,57
09/04/2022 22:25:00	-0,76	-1,22	-1,78	-2,36	-2,85	-3,17	-3,59	-4,00	-4,40	-4,74	-5,11	-5,40	-5,69	-5,85	-6,00	-6,09	-6,19	-6,32	-6,46	-6,61	-6,75	-0,71
09/04/2022 22:30:00	-0,71	-1,11	-1,56	-2,15	-2,76	-3,18	-3,74	-4,28	-4,73	-5,11	-5,48	-5,73	-5,98	-6,07	-6,16	-6,21	-6,25	-6,34	-6,43	-6,55	-6,67	-0,73
09/04/2022 22:35:00	-0,74	-1,20	-1,64	-2,13	-2,68	-3,28	-3,75	-4,21	-4,67	-5,07	-5,44	-5,67	-5,90	-5,96	-6,03	-6,04	-6,06	-6,12	-6,19	-6,29	-6,40	-0,74
09/04/2022 22:40:00	-0,74	-1,22	-1,69	-2,25	-2,78	-3,15	-3,63	-4,10	-4,51	-4,91	-5,32	-5,62	-5,91	-6,05	-6,18	-6,25	-6,32	-6,43	-6,54	-6,67	-6,80	-0,81
09/04/2022 22:45:00	-0,90	-1,16	-1,67	-2,26	-2,86	-3,46	-3,96	-4,41	-4,83	-5,19	-5,53	-5,73	-5,94	-5,99	-6,04	-6,05	-6,07	-6,14	-6,21	-6,32	-6,42	-0,84
09/04/2022 22:50:00	-0,82	-1,30	-1,79	-2,37	-2,95	-3,37	-3,81	-4,27	-4,75	-5,08	-5,39	-5,60	-5,81	-5,89	-5,96	-6,01	-6,06	-6,15	-6,25	-6,37	-6,49	-0,83
09/04/2022 22:55:00	-0,88	-1,34	-1,81	-2,33	-2,88	-3,35	-3,84	-4,31	-4,74	-5,15	-5,55	-5,83	-6,10	-6,20	-6,31	-6,35	-6,39	-6,48	-6,57	-6,69	-6,81	-0,89
09/04/2022 23:00:00	-0,87	-1,40	-1,93	-2,48	-3,02	-3,41	-3,98	-4,51	-4,91	-5,25	-5,60	-5,83	-6,06	-6,15	-6,23	-6,27	-6,31	-6,40	-6,49	-6,60	-6,72	-0,92
09/04/2022 23:05:00	-1,01	-1,42	-2,02	-2,65	-3,15	-3,52	-3,84	-4,13	-4,43	-4,78	-5,15	-5,43	-5,70	-5,84	-5,97	-6,04	-6,11	-6,23	-6,35	-6,49	-6,63	-0,91
09/04/2022 23:10:00	-0,93	-1,37	-1,93	-2,53	-3,10	-3,54	-3,94	-4,32	-4,71	-5,09	-5,48	-5,74	-6,01	-6,12	-6,23	-6,28	-6,33	-6,43	-6,53	-6,66	-6,78	-0,97
09/04/2022 23:15:00	-1,00	-1,49	-2,03	-2,54	-3,02	-3,50	-3,86	-4,20	-4,54	-4,97	-5,43	-5,74	-6,05	-6,19	-6,33	-6,38	-6,43	-6,53	-6,63	-6,76	-6,88	-1,00
09/04/2022 23:20:00	-1,08	-1,53	-2,15	-2,72	-3,18	-3,66	-4,02	-4,35	-4,68	-4,98	-5,30	-5,53	-5,75	-5,85	-5,94	-5,99	-6,04	-6,14	-6,24	-6,37	-6,49	-1,08
09/04/2022 23:25:00	-1,06	-1,63	-2,19	-2,76	-3,23	-3,56	-3,88	-4,22	-4,59	-4,93	-5,29	-5,57	-5,84	-5,98	-6,12	-6,20	-6,28	-6,41	-6,53	-6,67	-6,81	-1,14
09/04/2022 23:30:00	-1,22	-1,70	-2,21	-2,74	-3,21	-3,55	-4,02	-4,44	-4,78	-5,14	-5,53	-5,80	-6,08	-6,20	-6,32	-6,38	-6,44	-6,55	-6,65	-6,78	-6,90	-1,22
09/04/2022 23:35:00	-1,21	-1,55	-2,16	-2,78	-3,29	-3,69	-4,06	-4,43	-4,84	-5,14	-5,45	-5,68	-5,91	-6,02	-6,14	-6,21	-6,29	-6,41	-6,54	-6,68	-6,81	-1,29
09/04/2022 23:40:00	-1,33	-1,85	-2,49	-3,07	-3,50	-3,76	-4,05	-4,39	-4,80	-5,05	-5,33	-5,57	-5,81	-5,95	-6,10	-6,21	-6,32	-6,47	-6,63	-6,78	-6,93	-1,30
09/04/2022 23:45:00	-1,37	-1,79	-2,32	-2,91	-3,47	-3,96	-4,38	-4,76	-5,08	-5,44	-5,79	-6,00	-6,21	-6,26	-6,32	-6,32	-6,33	-6,39	-6,45	-6,56	-6,66	-1,34
09/04/2022 23:50:00	-1,37	-1,75	-2,36	-2,99	-3,50	-3,89	-4,38	-4,74	-4,96	-5,30	-5,66	-5,89	-6,12	-6,20	-6,29	-6,32	-6,35	-6,43	-6,51	-6,62	-6,74	-1,32
09/04/2022 23:55:00	-1,46	-1,81	-2,26	-2,83	-3,46	-4,08	-4,57	-5,07	-5,58	-5,93	-6,25	-6,43	-6,61	-6,63	-6,65	-6,65	-6,65	-6,70	-6,75	-6,85	-6,95	-1,38
