FileFormat:0002.2 file with temperature of atmosphere
SN105HE102
local	GMT or Local
0	GMT-Local=[hours]
0	Height[m]
0	0	0	Longitude                [grd]               [min]               [sec]
0	0	0	Latitude                [grd]               [min]               [sec]
N	NS
56,45	Freq[GHz]
0,00	dTemostat[K]
0,150	MessErr[K]
0,248	//[grad/step]
version 14.4.20120406
MTP5HE102F5645K-38.60I70D219217+A1.1
Commentary:
SN105HE102
парабола ДНА = 2,5 град
НЕ102 - ПУ - ХВБ с ЦСД " S "
АЦП - 202 - 09 с контр.U пит.и М
оптопара серии - 2
Т out № 178 пл
БП LPS - 112
End Of Commentary

SYSTEM\alaska.dat
data time	0	50	100	150	200	250	300	350	400	450	500	550	600	650	700	750	800	850	900	950	1000	OutsideTemperature
19/11/2019 00:00:00	-4,66	-4,86	-5,11	-5,32	-5,52	-5,75	-6,15	-6,63	-7,12	-7,65	-8,24	-8,75	-9,26	-9,56	-9,87	-10,03	-10,18	-10,36	-10,54	-10,68	-10,83	-4,63
19/11/2019 00:05:00	-4,66	-4,90	-5,18	-5,40	-5,64	-6,00	-6,42	-6,89	-7,35	-7,85	-8,39	-8,82	-9,26	-9,49	-9,73	-9,83	-9,94	-10,07	-10,21	-10,33	-10,45	-4,63
19/11/2019 00:10:00	-4,71	-4,96	-5,19	-5,38	-5,63	-5,99	-6,42	-6,91	-7,37	-7,89	-8,44	-8,86	-9,29	-9,50	-9,72	-9,81	-9,90	-10,01	-10,13	-10,24	-10,36	-4,69
19/11/2019 00:15:00	-4,76	-5,13	-5,37	-5,61	-5,83	-5,95	-6,25	-6,66	-7,12	-7,67	-8,28	-8,80	-9,32	-9,63	-9,94	-10,09	-10,24	-10,41	-10,59	-10,74	-10,88	-4,75
19/11/2019 00:20:00	-4,86	-5,11	-5,39	-5,59	-5,76	-5,96	-6,29	-6,69	-7,12	-7,65	-8,25	-8,76	-9,27	-9,57	-9,87	-10,02	-10,17	-10,34	-10,51	-10,66	-10,80	-4,82
19/11/2019 00:25:00	-4,88	-5,18	-5,35	-5,46	-5,64	-5,93	-6,43	-6,98	-7,50	-8,05	-8,64	-9,13	-9,61	-9,87	-10,13	-10,26	-10,38	-10,52	-10,65	-10,78	-10,90	-4,86
19/11/2019 00:30:00	-4,86	-5,10	-5,26	-5,38	-5,58	-5,90	-6,38	-6,98	-7,58	-8,11	-8,68	-9,16	-9,65	-9,92	-10,20	-10,34	-10,48	-10,64	-10,79	-10,92	-11,06	-4,87
19/11/2019 00:35:00	-4,96	-5,24	-5,37	-5,44	-5,57	-5,85	-6,33	-6,89	-7,45	-7,98	-8,55	-9,04	-9,53	-9,81	-10,09	-10,24	-10,38	-10,54	-10,69	-10,82	-10,95	-4,93
19/11/2019 00:40:00	-4,94	-5,22	-5,37	-5,49	-5,65	-5,85	-6,29	-6,85	-7,43	-7,96	-8,53	-9,05	-9,56	-9,87	-10,17	-10,34	-10,50	-10,68	-10,86	-11,00	-11,15	-4,89
19/11/2019 00:45:00	-4,90	-5,23	-5,40	-5,50	-5,63	-5,82	-6,26	-6,78	-7,30	-7,84	-8,44	-8,96	-9,48	-9,78	-10,08	-10,24	-10,39	-10,56	-10,72	-10,86	-11,00	-4,91
19/11/2019 00:50:00	-5,01	-5,18	-5,39	-5,55	-5,76	-6,12	-6,61	-7,13	-7,60	-8,16	-8,74	-9,21	-9,68	-9,93	-10,18	-10,29	-10,40	-10,53	-10,65	-10,78	-10,90	-4,92
19/11/2019 00:55:00	-4,93	-5,28	-5,51	-5,67	-5,88	-6,16	-6,52	-7,00	-7,52	-8,04	-8,61	-9,09	-9,56	-9,83	-10,09	-10,22	-10,35	-10,50	-10,64	-10,78	-10,91	-4,93
19/11/2019 01:00:00	-4,99	-5,26	-5,44	-5,65	-5,92	-6,28	-6,67	-7,21	-7,78	-8,28	-8,80	-9,23	-9,66	-9,88	-10,11	-10,21	-10,32	-10,45	-10,57	-10,69	-10,82	-4,97
19/11/2019 01:05:00	-4,96	-5,34	-5,59	-5,77	-5,94	-6,16	-6,57	-7,03	-7,49	-8,02	-8,59	-9,09	-9,58	-9,86	-10,14	-10,27	-10,41	-10,56	-10,71	-10,85	-10,98	-4,96
19/11/2019 01:10:00	-5,03	-5,30	-5,57	-5,79	-5,97	-6,15	-6,51	-6,97	-7,46	-7,99	-8,58	-9,11	-9,64	-9,96	-10,28	-10,45	-10,62	-10,80	-10,99	-11,14	-11,29	-4,97
19/11/2019 01:15:00	-5,00	-5,25	-5,44	-5,62	-5,89	-6,29	-6,77	-7,35	-7,92	-8,44	-8,98	-9,42	-9,85	-10,07	-10,29	-10,38	-10,48	-10,60	-10,71	-10,83	-10,94	-4,99
19/11/2019 01:20:00	-5,06	-5,25	-5,41	-5,57	-5,80	-6,15	-6,69	-7,25	-7,75	-8,33	-8,93	-9,41	-9,89	-10,13	-10,38	-10,49	-10,59	-10,72	-10,84	-10,96	-11,07	-5,03
19/11/2019 01:25:00	-5,05	-5,27	-5,54	-5,75	-6,01	-6,37	-6,88	-7,38	-7,83	-8,35	-8,89	-9,32	-9,74	-9,95	-10,16	-10,25	-10,34	-10,45	-10,56	-10,67	-10,78	-5,03
19/11/2019 01:30:00	-5,08	-5,31	-5,60	-5,80	-6,02	-6,35	-6,68	-7,16	-7,70	-8,23	-8,80	-9,30	-9,80	-10,10	-10,39	-10,54	-10,69	-10,85	-11,02	-11,16	-11,30	-5,04
19/11/2019 01:35:00	-5,11	-5,33	-5,51	-5,72	-5,96	-6,21	-6,65	-7,15	-7,64	-8,22	-8,85	-9,36	-9,87	-10,14	-10,42	-10,54	-10,66	-10,81	-10,95	-11,08	-11,20	-5,05
19/11/2019 01:40:00	-5,01	-5,28	-5,58	-5,84	-6,09	-6,33	-6,78	-7,24	-7,68	-8,21	-8,79	-9,27	-9,74	-10,00	-10,27	-10,38	-10,50	-10,65	-10,79	-10,92	-11,05	-5,03
19/11/2019 01:45:00	-5,11	-5,30	-5,54	-5,81	-6,09	-6,39	-6,89	-7,41	-7,89	-8,39	-8,92	-9,34	-9,77	-9,99	-10,21	-10,31	-10,41	-10,54	-10,66	-10,78	-10,90	-5,03
19/11/2019 01:50:00	-5,10	-5,32	-5,60	-5,85	-6,07	-6,33	-6,74	-7,21	-7,69	-8,21	-8,78	-9,26	-9,75	-10,03	-10,31	-10,45	-10,59	-10,75	-10,90	-11,04	-11,18	-5,05
19/11/2019 01:55:00	-5,13	-5,33	-5,62	-5,85	-6,11	-6,49	-6,91	-7,36	-7,80	-8,38	-8,99	-9,48	-9,97	-10,23	-10,48	-10,59	-10,69	-10,82	-10,95	-11,07	-11,19	-5,06
19/11/2019 02:00:00	-5,08	-5,36	-5,63	-5,85	-6,08	-6,35	-6,78	-7,28	-7,80	-8,31	-8,88	-9,36	-9,84	-10,11	-10,38	-10,51	-10,64	-10,80	-10,95	-11,08	-11,22	-5,08
19/11/2019 02:05:00	-5,20	-5,37	-5,66	-5,93	-6,19	-6,50	-6,93	-7,40	-7,88	-8,38	-8,92	-9,36	-9,81	-10,05	-10,29	-10,41	-10,52	-10,66	-10,80	-10,93	-11,05	-5,12
19/11/2019 02:10:00	-5,20	-5,45	-5,64	-5,84	-6,09	-6,42	-6,91	-7,45	-7,97	-8,52	-9,11	-9,58	-10,06	-10,31	-10,56	-10,67	-10,77	-10,90	-11,03	-11,15	-11,27	-5,11
19/11/2019 02:15:00	-5,18	-5,54	-5,67	-5,73	-5,90	-6,24	-6,68	-7,28	-7,90	-8,43	-8,99	-9,47	-9,95	-10,21	-10,47	-10,60	-10,74	-10,88	-11,02	-11,15	-11,27	-5,16
19/11/2019 02:20:00	-5,24	-5,44	-5,63	-5,82	-6,08	-6,43	-6,93	-7,54	-8,14	-8,59	-9,07	-9,47	-9,88	-10,09	-10,30	-10,41	-10,52	-10,65	-10,78	-10,90	-11,02	-5,18
19/11/2019 02:25:00	-5,24	-5,54	-5,67	-5,79	-5,99	-6,29	-6,76	-7,29	-7,80	-8,41	-9,04	-9,55	-10,06	-10,32	-10,59	-10,70	-10,81	-10,94	-11,07	-11,19	-11,31	-5,23
19/11/2019 02:30:00	-5,27	-5,51	-5,75	-5,94	-6,16	-6,47	-6,97	-7,43	-7,85	-8,45	-9,09	-9,60	-10,10	-10,36	-10,62	-10,73	-10,83	-10,95	-11,08	-11,19	-11,31	-5,24
19/11/2019 02:35:00	-5,23	-5,50	-5,76	-5,98	-6,25	-6,60	-6,98	-7,45	-7,96	-8,50	-9,07	-9,53	-9,99	-10,22	-10,46	-10,57	-10,67	-10,79	-10,92	-11,04	-11,16	-5,24
19/11/2019 02:40:00	-5,25	-5,51	-5,78	-6,04	-6,32	-6,61	-7,02	-7,49	-7,97	-8,51	-9,09	-9,56	-10,02	-10,27	-10,52	-10,63	-10,74	-10,87	-11,00	-11,13	-11,25	-5,27
19/11/2019 02:45:00	-5,37	-5,46	-5,75	-5,98	-6,23	-6,59	-6,97	-7,45	-7,96	-8,53	-9,14	-9,67	-10,19	-10,49	-10,78	-10,93	-11,07	-11,23	-11,39	-11,53	-11,67	-5,27
19/11/2019 02:50:00	-5,24	-5,53	-5,86	-6,10	-6,33	-6,63	-6,97	-7,44	-7,96	-8,50	-9,09	-9,59	-10,10	-10,39	-10,69	-10,83	-10,97	-11,14	-11,30	-11,44	-11,58	-5,28
19/11/2019 02:55:00	-5,38	-5,47	-5,65	-5,92	-6,30	-6,78	-7,34	-7,95	-8,52	-9,05	-9,59	-9,99	-10,39	-10,57	-10,75	-10,81	-10,87	-10,96	-11,05	-11,15	-11,25	-5,29
19/11/2019 03:00:00	-5,33	-5,61	-5,91	-6,15	-6,40	-6,71	-7,20	-7,74	-8,27	-8,80	-9,38	-9,87	-10,36	-10,62	-10,89	-11,02	-11,15	-11,29	-11,44	-11,56	-11,69	-5,31
19/11/2019 03:05:00	-5,33	-5,65	-5,96	-6,19	-6,42	-6,74	-7,15	-7,62	-8,11	-8,70	-9,35	-9,88	-10,42	-10,71	-11,01	-11,14	-11,27	-11,42	-11,57	-11,70	-11,83	-5,29
19/11/2019 03:10:00	-5,39	-5,67	-5,87	-6,10	-6,41	-6,80	-7,42	-8,06	-8,63	-9,15	-9,69	-10,11	-10,54	-10,74	-10,94	-11,03	-11,12	-11,22	-11,32	-11,43	-11,53	-5,40
19/11/2019 03:15:00	-5,37	-5,72	-5,99	-6,21	-6,44	-6,70	-7,13	-7,67	-8,23	-8,78	-9,39	-9,91	-10,44	-10,75	-11,05	-11,20	-11,36	-11,52	-11,69	-11,83	-11,96	-5,41
19/11/2019 03:20:00	-5,40	-5,75	-6,02	-6,21	-6,49	-6,91	-7,38	-7,96	-8,56	-9,10	-9,68	-10,15	-10,62	-10,87	-11,11	-11,22	-11,33	-11,46	-11,59	-11,70	-11,82	-5,44
19/11/2019 03:25:00	-5,51	-5,80	-6,04	-6,30	-6,59	-6,90	-7,44	-8,05	-8,61	-9,10	-9,63	-10,06	-10,49	-10,71	-10,94	-11,04	-11,15	-11,27	-11,40	-11,51	-11,63	-5,53
19/11/2019 03:30:00	-5,54	-5,72	-6,00	-6,35	-6,73	-7,09	-7,66	-8,27	-8,84	-9,32	-9,82	-10,22	-10,63	-10,83	-11,03	-11,13	-11,22	-11,34	-11,46	-11,57	-11,68	-5,56
19/11/2019 03:35:00	-5,65	-5,91	-6,17	-6,41	-6,67	-7,02	-7,49	-8,03	-8,56	-9,10	-9,68	-10,15	-10,63	-10,88	-11,13	-11,25	-11,36	-11,49	-11,62	-11,74	-11,86	-5,60
19/11/2019 03:40:00	-5,59	-5,84	-6,14	-6,43	-6,74	-7,10	-7,56	-8,08	-8,59	-9,12	-9,69	-10,14	-10,58	-10,81	-11,04	-11,14	-11,23	-11,35	-11,47	-11,59	-11,70	-5,64
19/11/2019 03:45:00	-5,66	-5,84	-6,19	-6,55	-6,91	-7,26	-7,68	-8,21	-8,78	-9,26	-9,78	-10,22	-10,65	-10,89	-11,13	-11,25	-11,36	-11,50	-11,64	-11,77	-11,90	-5,70
19/11/2019 03:50:00	-5,77	-5,99	-6,36	-6,64	-6,88	-7,16	-7,59	-8,10	-8,63	-9,15	-9,74	-10,25	-10,77	-11,07	-11,38	-11,53	-11,69	-11,86	-12,03	-12,17	-12,31	-5,75
19/11/2019 03:55:00	-5,74	-5,98	-6,25	-6,50	-6,84	-7,32	-7,83	-8,40	-8,96	-9,52	-10,11	-10,55	-11,00	-11,21	-11,42	-11,50	-11,57	-11,67	-11,77	-11,87	-11,97	-5,74
19/11/2019 04:00:00	-5,79	-6,12	-6,45	-6,69	-6,93	-7,29	-7,78	-8,34	-8,88	-9,43	-10,03	-10,53	-11,03	-11,31	-11,58	-11,71	-11,83	-11,98	-12,12	-12,24	-12,36	-5,81
19/11/2019 04:05:00	-5,87	-6,16	-6,50	-6,78	-7,04	-7,34	-7,76	-8,25	-8,75	-9,29	-9,87	-10,36	-10,85	-11,13	-11,40	-11,52	-11,65	-11,79	-11,93	-12,06	-12,19	-5,85
19/11/2019 04:10:00	-5,91	-6,18	-6,47	-6,77	-7,16	-7,61	-8,19	-8,79	-9,33	-9,86	-10,39	-10,78	-11,18	-11,34	-11,51	-11,56	-11,61	-11,69	-11,76	-11,85	-11,94	-5,91
19/11/2019 04:15:00	-6,19	-6,70	-7,07	-7,31	-7,55	-7,87	-8,23	-8,65	-9,09	-9,58	-10,12	-10,55	-10,97	-11,18	-11,39	-11,47	-11,55	-11,65	-11,76	-11,86	-11,96	-5,99
19/11/2019 04:20:00	-6,77	-7,25	-7,54	-7,71	-7,81	-7,92	-8,23	-8,60	-9,01	-9,50	-10,06	-10,54	-11,02	-11,30	-11,58	-11,71	-11,83	-11,98	-12,13	-12,25	-12,38	-7,02
19/11/2019 04:25:00	-7,18	-7,53	-7,75	-7,83	-7,87	-7,93	-8,26	-8,68	-9,12	-9,56	-10,06	-10,52	-10,98	-11,25	-11,52	-11,67	-11,82	-11,98	-12,14	-12,27	-12,40	-7,58
19/11/2019 04:30:00	-7,47	-7,99	-8,11	-8,15	-8,24	-8,41	-8,71	-9,18	-9,69	-10,16	-10,67	-11,10	-11,53	-11,75	-11,97	-12,07	-12,16	-12,27	-12,38	-12,49	-12,59	-7,83
19/11/2019 04:35:00	-7,76	-8,31	-8,47	-8,44	-8,38	-8,37	-8,65	-9,03	-9,47	-9,97	-10,56	-11,09	-11,61	-11,93	-12,24	-12,40	-12,55	-12,71	-12,87	-12,99	-13,12	-8,13
19/11/2019 04:40:00	-8,13	-8,54	-8,74	-8,85	-8,94	-9,10	-9,39	-9,80	-10,22	-10,62	-11,07	-11,44	-11,82	-12,01	-12,19	-12,27	-12,35	-12,45	-12,55	-12,65	-12,75	-8,33
19/11/2019 04:45:00	-8,33	-8,80	-9,05	-9,22	-9,40	-9,65	-9,99	-10,42	-10,82	-11,10	-11,39	-11,61	-11,83	-11,89	-11,95	-11,96	-11,97	-12,01	-12,05	-12,12	-12,19	-8,56
19/11/2019 04:50:00	-8,66	-9,07	-9,39	-9,63	-9,78	-9,91	-10,16	-10,44	-10,74	-11,08	-11,46	-11,75	-12,05	-12,17	-12,29	-12,33	-12,37	-12,43	-12,50	-12,59	-12,67	-8,95
19/11/2019 04:55:00	-9,04	-9,59	-9,84	-9,86	-9,83	-9,83	-9,93	-10,14	-10,42	-10,79	-11,22	-11,58	-11,94	-12,13	-12,32	-12,39	-12,47	-12,56	-12,66	-12,76	-12,85	-9,32
19/11/2019 05:00:00	-9,27	-9,73	-10,12	-10,33	-10,44	-10,50	-10,48	-10,57	-10,72	-10,92	-11,17	-11,35	-11,53	-11,58	-11,63	-11,64	-11,64	-11,69	-11,74	-11,81	-11,89	-9,80
19/11/2019 05:05:00	-9,50	-10,02	-10,34	-10,41	-10,41	-10,45	-10,57	-10,69	-10,85	-11,10	-11,39	-11,61	-11,83	-11,90	-11,97	-11,98	-11,99	-12,03	-12,07	-12,14	-12,21	-10,01
19/11/2019 05:10:00	-9,70	-10,13	-10,55	-10,80	-10,92	-10,93	-10,91	-10,97	-11,12	-11,35	-11,63	-11,84	-12,05	-12,12	-12,19	-12,20	-12,20	-12,25	-12,30	-12,38	-12,46	-10,41
19/11/2019 05:15:00	-10,20	-10,61	-10,91	-11,14	-11,25	-11,27	-11,37	-11,52	-11,71	-11,95	-12,22	-12,42	-12,62	-12,67	-12,73	-12,72	-12,72	-12,75	-12,79	-12,86	-12,92	-10,56
19/11/2019 05:20:00	-10,29	-10,74	-11,20	-11,52	-11,66	-11,66	-11,71	-11,70	-11,78	-11,99	-12,24	-12,40	-12,56	-12,58	-12,60	-12,57	-12,53	-12,54	-12,56	-12,62	-12,67	-10,72
19/11/2019 05:25:00	-10,78	-11,13	-11,49	-11,82	-12,05	-12,14	-12,19	-12,37	-12,57	-12,74	-12,94	-13,06	-13,17	-13,16	-13,15	-13,11	-13,07	-13,07	-13,08	-13,13	-13,18	-10,86
19/11/2019 05:30:00	-10,88	-11,35	-11,81	-12,12	-12,39	-12,63	-12,77	-12,93	-13,07	-13,19	-13,32	-13,35	-13,37	-13,27	-13,18	-13,08	-12,98	-12,93	-12,88	-12,90	-12,93	-11,05
19/11/2019 05:35:00	-11,37	-11,77	-12,27	-12,53	-12,63	-12,66	-12,64	-12,61	-12,66	-12,84	-13,06	-13,20	-13,35	-13,36	-13,38	-13,34	-13,31	-13,32	-13,33	-13,38	-13,43	-11,56
19/11/2019 05:40:00	-11,55	-12,12	-12,50	-12,77	-12,92	-12,96	-13,02	-13,02	-13,08	-13,26	-13,46	-13,53	-13,61	-13,54	-13,48	-13,38	-13,28	-13,23	-13,19	-13,21	-13,24	-11,79
19/11/2019 05:45:00	-11,87	-12,35	-12,80	-13,13	-13,29	-13,28	-13,17	-13,15	-13,19	-13,29	-13,42	-13,46	-13,51	-13,45	-13,39	-13,31	-13,24	-13,22	-13,19	-13,23	-13,27	-12,17
19/11/2019 05:50:00	-12,19	-12,67	-13,14	-13,33	-13,35	-13,24	-13,05	-12,92	-12,91	-13,02	-13,18	-13,28	-13,39	-13,38	-13,38	-13,33	-13,29	-13,30	-13,30	-13,35	-13,41	-12,58
19/11/2019 05:55:00	-12,41	-12,93	-13,39	-13,67	-13,72	-13,60	-13,54	-13,35	-13,27	-13,31	-13,39	-13,39	-13,38	-13,28	-13,19	-13,08	-12,98	-12,93	-12,89	-12,92	-12,94	-12,82
19/11/2019 06:00:00	-12,74	-13,28	-13,59	-13,75	-13,86	-13,92	-13,83	-13,75	-13,76	-13,85	-13,95	-13,91	-13,88	-13,72	-13,57	-13,41	-13,26	-13,16	-13,06	-13,06	-13,06	-13,02
19/11/2019 06:05:00	-13,06	-13,55	-13,92	-14,06	-14,03	-13,86	-13,64	-13,54	-13,54	-13,64	-13,79	-13,89	-13,99	-13,98	-13,98	-13,93	-13,89	-13,90	-13,90	-13,95	-14,00	-13,38
19/11/2019 06:10:00	-13,28	-13,82	-14,13	-14,26	-14,23	-14,10	-14,00	-13,92	-13,90	-13,93	-14,00	-14,00	-14,00	-13,91	-13,82	-13,73	-13,64	-13,60	-13,56	-13,58	-13,61	-13,66
19/11/2019 06:15:00	-13,85	-14,37	-14,68	-14,89	-14,88	-14,68	-14,48	-14,28	-14,22	-14,30	-14,42	-14,45	-14,47	-14,39	-14,31	-14,20	-14,09	-14,04	-13,99	-14,01	-14,03	-13,81
19/11/2019 06:20:00	-14,07	-14,60	-14,95	-15,10	-15,10	-14,98	-14,81	-14,69	-14,61	-14,59	-14,60	-14,54	-14,49	-14,35	-14,21	-14,10	-13,98	-13,91	-13,85	-13,86	-13,87	-14,08
19/11/2019 06:25:00	-14,31	-14,78	-15,14	-15,28	-15,28	-15,14	-14,92	-14,84	-14,76	-14,70	-14,67	-14,59	-14,51	-14,37	-14,23	-14,12	-14,01	-13,95	-13,89	-13,91	-13,92	-14,33
19/11/2019 06:30:00	-14,62	-15,12	-15,43	-15,49	-15,36	-15,14	-15,03	-14,92	-14,84	-14,81	-14,83	-14,81	-14,79	-14,70	-14,60	-14,52	-14,45	-14,41	-14,37	-14,40	-14,42	-14,59
19/11/2019 06:35:00	-14,83	-15,32	-15,75	-15,97	-15,97	-15,75	-15,42	-15,19	-15,04	-14,98	-14,97	-14,89	-14,81	-14,66	-14,51	-14,39	-14,26	-14,19	-14,12	-14,14	-14,15	-14,92
19/11/2019 06:40:00	-14,96	-15,62	-15,94	-16,08	-16,05	-15,93	-15,82	-15,66	-15,58	-15,56	-15,55	-15,47	-15,38	-15,20	-15,02	-14,87	-14,71	-14,61	-14,51	-14,50	-14,49	-14,99
19/11/2019 06:45:00	-15,20	-15,62	-16,01	-16,26	-16,33	-16,23	-16,03	-15,83	-15,71	-15,67	-15,65	-15,53	-15,42	-15,22	-15,03	-14,86	-14,69	-14,59	-14,48	-14,48	-14,47	-15,16
19/11/2019 06:50:00	-15,21	-15,77	-16,13	-16,39	-16,47	-16,41	-16,27	-16,14	-16,02	-15,90	-15,79	-15,59	-15,39	-15,13	-14,86	-14,67	-14,47	-14,33	-14,20	-14,18	-14,15	-15,25
19/11/2019 06:55:00	-15,48	-15,94	-16,43	-16,65	-16,68	-16,53	-16,26	-16,04	-15,86	-15,74	-15,65	-15,52	-15,39	-15,20	-15,02	-14,88	-14,74	-14,65	-14,57	-14,57	-14,58	-15,37
19/11/2019 07:00:00	-15,52	-15,96	-16,42	-16,72	-16,76	-16,57	-16,33	-16,08	-15,90	-15,79	-15,73	-15,59	-15,46	-15,27	-15,08	-14,93	-14,77	-14,68	-14,59	-14,59	-14,59	-15,52
19/11/2019 07:05:00	-15,64	-16,08	-16,55	-16,91	-17,03	-16,95	-16,84	-16,63	-16,44	-16,28	-16,14	-15,93	-15,71	-15,44	-15,17	-14,97	-14,77	-14,64	-14,51	-14,49	-14,47	-15,56
19/11/2019 07:10:00	-15,87	-16,48	-16,89	-17,07	-17,07	-16,90	-16,69	-16,50	-16,38	-16,31	-16,28	-16,18	-16,08	-15,90	-15,72	-15,57	-15,42	-15,32	-15,22	-15,21	-15,20	-15,77
19/11/2019 07:15:00	-16,03	-16,62	-16,99	-17,21	-17,26	-17,16	-17,03	-16,93	-16,82	-16,71	-16,62	-16,45	-16,27	-16,04	-15,80	-15,61	-15,42	-15,30	-15,17	-15,15	-15,12	-16,04
19/11/2019 07:20:00	-16,32	-16,77	-17,14	-17,49	-17,57	-17,38	-17,12	-16,85	-16,67	-16,57	-16,49	-16,31	-16,12	-15,87	-15,62	-15,41	-15,21	-15,07	-14,94	-14,92	-14,89	-16,22
19/11/2019 07:25:00	-16,42	-16,95	-17,44	-17,78	-17,88	-17,77	-17,58	-17,21	-16,97	-16,83	-16,70	-16,45	-16,21	-15,90	-15,60	-15,35	-15,11	-14,94	-14,77	-14,73	-14,69	-16,47
19/11/2019 07:30:00	-16,67	-17,23	-17,75	-18,04	-18,03	-17,81	-17,59	-17,27	-16,99	-16,76	-16,56	-16,32	-16,07	-15,80	-15,53	-15,34	-15,16	-15,03	-14,91	-14,89	-14,87	-16,68
19/11/2019 07:35:00	-16,80	-17,28	-17,56	-17,73	-17,79	-17,70	-17,48	-17,32	-17,17	-17,04	-16,91	-16,68	-16,46	-16,16	-15,87	-15,65	-15,43	-15,27	-15,11	-15,07	-15,03	-16,85
19/11/2019 07:40:00	-16,93	-17,44	-17,93	-18,16	-18,22	-18,05	-17,70	-17,33	-17,12	-17,01	-16,94	-16,76	-16,58	-16,33	-16,08	-15,87	-15,65	-15,51	-15,37	-15,33	-15,30	-16,94
19/11/2019 07:45:00	-17,07	-17,58	-18,08	-18,48	-18,57	-18,34	-17,95	-17,56	-17,29	-17,14	-17,01	-16,78	-16,55	-16,26	-15,98	-15,75	-15,52	-15,37	-15,22	-15,19	-15,16	-17,03
19/11/2019 07:50:00	-17,10	-17,73	-18,19	-18,48	-18,56	-18,41	-18,10	-17,77	-17,53	-17,36	-17,20	-16,94	-16,68	-16,36	-16,04	-15,79	-15,55	-15,37	-15,20	-15,15	-15,11	-17,12
19/11/2019 07:55:00	-17,14	-17,78	-18,15	-18,39	-18,44	-18,29	-18,03	-17,82	-17,65	-17,50	-17,37	-17,14	-16,91	-16,62	-16,33	-16,10	-15,87	-15,71	-15,55	-15,51	-15,47	-17,20
19/11/2019 08:00:00	-17,30	-17,92	-18,46	-18,79	-18,83	-18,60	-18,23	-17,81	-17,53	-17,36	-17,21	-16,97	-16,73	-16,44	-16,15	-15,92	-15,69	-15,53	-15,37	-15,34	-15,30	-17,27
19/11/2019 08:05:00	-17,37	-18,00	-18,48	-18,82	-18,88	-18,70	-18,42	-18,07	-17,79	-17,57	-17,36	-17,06	-16,77	-16,43	-16,09	-15,84	-15,59	-15,41	-15,24	-15,19	-15,14	-17,37
19/11/2019 08:10:00	-17,56	-17,98	-18,52	-18,95	-19,08	-18,87	-18,45	-18,03	-17,71	-17,47	-17,24	-16,93	-16,62	-16,28	-15,95	-15,69	-15,44	-15,27	-15,10	-15,06	-15,02	-17,53
19/11/2019 08:15:00	-17,61	-18,11	-18,61	-18,93	-19,01	-18,87	-18,60	-18,23	-17,94	-17,72	-17,50	-17,20	-16,89	-16,54	-16,19	-15,93	-15,67	-15,49	-15,31	-15,26	-15,21	-17,57
19/11/2019 08:20:00	-17,63	-18,20	-18,80	-19,12	-19,23	-19,01	-18,48	-18,05	-17,75	-17,56	-17,40	-17,15	-16,90	-16,60	-16,30	-16,06	-15,82	-15,66	-15,50	-15,46	-15,42	-17,63
19/11/2019 08:25:00	-17,84	-18,30	-18,80	-19,26	-19,39	-19,17	-18,79	-18,35	-18,02	-17,76	-17,52	-17,18	-16,84	-16,47	-16,10	-15,82	-15,55	-15,35	-15,16	-15,11	-15,06	-17,70
19/11/2019 08:30:00	-17,81	-18,33	-18,81	-19,17	-19,24	-19,05	-18,73	-18,43	-18,12	-17,85	-17,60	-17,27	-16,95	-16,61	-16,26	-16,02	-15,77	-15,61	-15,44	-15,39	-15,35	-17,76
19/11/2019 08:35:00	-17,80	-18,32	-18,77	-19,15	-19,26	-19,16	-18,97	-18,61	-18,31	-18,06	-17,79	-17,43	-17,06	-16,66	-16,26	-15,97	-15,67	-15,46	-15,25	-15,18	-15,11	-17,78
19/11/2019 08:40:00	-17,78	-18,34	-18,89	-19,26	-19,39	-19,24	-18,86	-18,59	-18,30	-18,03	-17,78	-17,46	-17,14	-16,80	-16,45	-16,21	-15,96	-15,79	-15,62	-15,57	-15,53	-17,86
19/11/2019 08:45:00	-17,87	-18,45	-18,97	-19,39	-19,48	-19,27	-18,96	-18,60	-18,31	-18,09	-17,88	-17,58	-17,28	-16,94	-16,61	-16,35	-16,10	-15,92	-15,74	-15,69	-15,65	-17,90
19/11/2019 08:50:00	-18,00	-18,47	-19,02	-19,44	-19,55	-19,35	-18,98	-18,54	-18,25	-18,08	-17,92	-17,67	-17,42	-17,11	-16,80	-16,55	-16,30	-16,13	-15,96	-15,92	-15,87	-17,89
19/11/2019 08:55:00	-17,84	-18,48	-19,02	-19,33	-19,36	-19,18	-18,91	-18,55	-18,28	-18,09	-17,92	-17,67	-17,43	-17,13	-16,83	-16,60	-16,37	-16,21	-16,05	-16,01	-15,96	-17,86
19/11/2019 09:00:00	-17,84	-18,47	-18,92	-19,29	-19,40	-19,29	-19,10	-18,78	-18,51	-18,29	-18,07	-17,73	-17,40	-17,02	-16,64	-16,36	-16,07	-15,87	-15,66	-15,59	-15,53	-17,86
19/11/2019 09:05:00	-17,82	-18,39	-18,85	-19,27	-19,45	-19,38	-19,14	-18,83	-18,58	-18,38	-18,17	-17,83	-17,49	-17,10	-16,71	-16,41	-16,11	-15,89	-15,67	-15,60	-15,53	-17,86
19/11/2019 09:10:00	-17,97	-18,60	-19,13	-19,55	-19,70	-19,57	-19,32	-19,05	-18,73	-18,41	-18,10	-17,70	-17,31	-16,91	-16,51	-16,23	-15,95	-15,75	-15,55	-15,49	-15,43	-17,93
19/11/2019 09:15:00	-17,90	-18,44	-19,13	-19,63	-19,80	-19,59	-19,17	-18,70	-18,37	-18,15	-17,96	-17,67	-17,38	-17,06	-16,73	-16,48	-16,22	-16,05	-15,87	-15,83	-15,79	-17,93
19/11/2019 09:20:00	-18,02	-18,53	-19,05	-19,55	-19,76	-19,66	-19,39	-19,09	-18,78	-18,49	-18,20	-17,80	-17,40	-16,98	-16,56	-16,26	-15,95	-15,74	-15,52	-15,45	-15,39	-17,99
19/11/2019 09:25:00	-18,11	-18,60	-19,24	-19,63	-19,79	-19,70	-19,43	-19,09	-18,75	-18,45	-18,15	-17,78	-17,42	-17,03	-16,64	-16,37	-16,10	-15,90	-15,71	-15,65	-15,59	-18,20
19/11/2019 09:30:00	-18,28	-18,79	-19,38	-19,77	-19,96	-19,91	-19,64	-19,18	-18,86	-18,63	-18,39	-18,03	-17,66	-17,25	-16,84	-16,52	-16,20	-15,97	-15,74	-15,66	-15,59	-18,17
19/11/2019 09:35:00	-18,15	-18,84	-19,56	-20,04	-20,14	-19,89	-19,45	-18,94	-18,56	-18,30	-18,07	-17,76	-17,45	-17,11	-16,77	-16,51	-16,24	-16,07	-15,89	-15,84	-15,79	-18,20
19/11/2019 09:40:00	-18,14	-18,96	-19,51	-19,91	-19,98	-19,74	-19,34	-18,88	-18,51	-18,22	-17,94	-17,57	-17,19	-16,79	-16,39	-16,10	-15,80	-15,59	-15,38	-15,31	-15,25	-18,16
19/11/2019 09:45:00	-18,23	-18,74	-19,38	-19,81	-19,99	-19,88	-19,57	-19,20	-18,84	-18,51	-18,18	-17,78	-17,38	-16,96	-16,55	-16,26	-15,97	-15,77	-15,56	-15,50	-15,44	-18,20
19/11/2019 09:50:00	-18,31	-18,89	-19,46	-19,90	-20,08	-19,99	-19,73	-19,44	-19,15	-18,88	-18,61	-18,25	-17,89	-17,50	-17,10	-16,82	-16,53	-16,33	-16,12	-16,06	-15,99	-18,32
19/11/2019 09:55:00	-18,26	-18,96	-19,58	-19,99	-20,22	-20,17	-19,85	-19,55	-19,23	-18,90	-18,57	-18,14	-17,70	-17,25	-16,80	-16,48	-16,15	-15,92	-15,68	-15,60	-15,52	-18,33
19/11/2019 10:00:00	-18,43	-19,05	-19,61	-20,14	-20,30	-20,13	-19,85	-19,51	-19,20	-18,92	-18,65	-18,29	-17,92	-17,53	-17,14	-16,85	-16,56	-16,36	-16,16	-16,09	-16,03	-18,52
19/11/2019 10:05:00	-18,56	-19,23	-19,89	-20,41	-20,63	-20,49	-20,11	-19,65	-19,30	-19,02	-18,74	-18,35	-17,95	-17,52	-17,09	-16,77	-16,44	-16,21	-15,97	-15,90	-15,82	-18,59
19/11/2019 10:10:00	-18,64	-19,22	-19,80	-20,26	-20,48	-20,46	-20,24	-19,92	-19,54	-19,14	-18,71	-18,19	-17,67	-17,16	-16,64	-16,29	-15,94	-15,68	-15,43	-15,33	-15,24	-18,70
19/11/2019 10:15:00	-18,76	-19,29	-19,83	-20,36	-20,61	-20,56	-20,31	-19,90	-19,57	-19,29	-18,98	-18,52	-18,07	-17,59	-17,10	-16,74	-16,38	-16,11	-15,84	-15,74	-15,65	-18,76
19/11/2019 10:20:00	-18,87	-19,30	-19,90	-20,30	-20,42	-20,24	-19,86	-19,42	-19,13	-18,93	-18,76	-18,49	-18,22	-17,89	-17,57	-17,31	-17,05	-16,87	-16,69	-16,64	-16,59	-18,83
19/11/2019 10:25:00	-18,87	-19,49	-20,03	-20,44	-20,59	-20,45	-20,13	-19,70	-19,39	-19,14	-18,90	-18,53	-18,17	-17,76	-17,35	-17,03	-16,72	-16,49	-16,25	-16,18	-16,10	-18,89
19/11/2019 10:30:00	-18,86	-19,42	-20,11	-20,62	-20,89	-20,81	-20,43	-20,01	-19,61	-19,25	-18,87	-18,40	-17,92	-17,44	-16,96	-16,62	-16,28	-16,03	-15,78	-15,70	-15,61	-18,87
19/11/2019 10:35:00	-18,95	-19,52	-20,15	-20,59	-20,76	-20,60	-20,23	-19,82	-19,48	-19,19	-18,92	-18,55	-18,17	-17,78	-17,38	-17,08	-16,78	-16,56	-16,35	-16,28	-16,21	-18,96
19/11/2019 10:40:00	-19,11	-19,58	-20,15	-20,64	-20,83	-20,72	-20,42	-19,94	-19,62	-19,39	-19,16	-18,78	-18,41	-17,99	-17,57	-17,24	-16,91	-16,67	-16,44	-16,35	-16,27	-19,04
19/11/2019 10:45:00	-18,96	-19,63	-20,22	-20,60	-20,75	-20,62	-20,28	-19,93	-19,60	-19,32	-19,03	-18,65	-18,27	-17,86	-17,46	-17,15	-16,85	-16,63	-16,41	-16,34	-16,26	-19,07
19/11/2019 10:50:00	-19,14	-19,77	-20,33	-20,75	-20,90	-20,78	-20,47	-20,01	-19,70	-19,46	-19,23	-18,86	-18,50	-18,09	-17,67	-17,35	-17,02	-16,78	-16,54	-16,46	-16,37	-19,12
19/11/2019 10:55:00	-19,10	-19,74	-20,43	-20,94	-21,15	-20,93	-20,42	-19,93	-19,55	-19,26	-18,98	-18,60	-18,21	-17,80	-17,38	-17,07	-16,75	-16,53	-16,30	-16,23	-16,16	-19,24
19/11/2019 11:00:00	-19,23	-19,85	-20,40	-20,80	-20,93	-20,77	-20,40	-19,90	-19,59	-19,37	-19,16	-18,81	-18,46	-18,05	-17,65	-17,32	-17,00	-16,77	-16,53	-16,45	-16,37	-19,23
19/11/2019 11:05:00	-19,35	-19,99	-20,49	-20,87	-20,90	-20,68	-20,38	-20,00	-19,68	-19,42	-19,17	-18,83	-18,50	-18,13	-17,76	-17,48	-17,21	-17,01	-16,81	-16,74	-16,68	-19,20
19/11/2019 11:10:00	-19,41	-19,96	-20,54	-20,89	-21,00	-20,83	-20,47	-20,02	-19,65	-19,36	-19,06	-18,68	-18,29	-17,88	-17,47	-17,17	-16,86	-16,64	-16,42	-16,34	-16,27	-19,19
19/11/2019 11:15:00	-19,41	-19,92	-20,47	-20,90	-21,10	-21,03	-20,73	-20,38	-20,02	-19,68	-19,33	-18,87	-18,40	-17,93	-17,45	-17,11	-16,77	-16,52	-16,26	-16,17	-16,08	-19,36
19/11/2019 11:20:00	-19,47	-19,97	-20,55	-21,07	-21,30	-21,21	-20,92	-20,51	-20,15	-19,84	-19,52	-19,07	-18,61	-18,14	-17,66	-17,31	-16,95	-16,69	-16,43	-16,34	-16,24	-19,39
19/11/2019 11:25:00	-19,35	-20,10	-20,71	-21,04	-21,18	-21,12	-20,92	-20,66	-20,31	-19,94	-19,56	-19,12	-18,67	-18,22	-17,77	-17,46	-17,16	-16,92	-16,69	-16,61	-16,52	-19,42
19/11/2019 11:30:00	-19,42	-20,18	-20,74	-21,09	-21,15	-20,99	-20,74	-20,45	-20,09	-19,74	-19,39	-18,98	-18,57	-18,16	-17,74	-17,46	-17,17	-16,96	-16,75	-16,68	-16,61	-19,34
19/11/2019 11:35:00	-19,46	-20,17	-20,84	-21,35	-21,52	-21,32	-20,89	-20,35	-19,95	-19,64	-19,33	-18,91	-18,48	-18,03	-17,58	-17,24	-16,90	-16,65	-16,41	-16,32	-16,23	-19,42
19/11/2019 11:40:00	-19,61	-20,23	-20,80	-21,23	-21,43	-21,35	-21,07	-20,72	-20,38	-20,06	-19,72	-19,28	-18,85	-18,38	-17,92	-17,59	-17,25	-17,00	-16,75	-16,66	-16,57	-19,40
19/11/2019 11:45:00	-19,28	-20,07	-20,63	-21,05	-21,20	-21,09	-20,81	-20,46	-20,16	-19,90	-19,62	-19,24	-18,85	-18,42	-18,00	-17,67	-17,35	-17,11	-16,86	-16,77	-16,69	-19,26
19/11/2019 11:50:00	-19,36	-19,81	-20,43	-20,97	-21,21	-21,16	-20,95	-20,64	-20,28	-19,94	-19,58	-19,13	-18,69	-18,23	-17,78	-17,45	-17,13	-16,90	-16,66	-16,58	-16,50	-19,24
19/11/2019 11:55:00	-19,25	-19,87	-20,69	-21,25	-21,44	-21,21	-20,74	-20,28	-19,88	-19,56	-19,28	-18,92	-18,57	-18,20	-17,84	-17,56	-17,29	-17,10	-16,91	-16,86	-16,80	-19,37
19/11/2019 12:00:00	-19,23	-19,76	-20,43	-20,99	-21,27	-21,21	-20,92	-20,57	-20,23	-19,91	-19,59	-19,16	-18,73	-18,27	-17,82	-17,48	-17,15	-16,91	-16,66	-16,58	-16,49	-19,29
19/11/2019 12:05:00	-19,12	-19,74	-20,47	-20,97	-21,18	-21,01	-20,59	-20,16	-19,82	-19,56	-19,32	-18,97	-18,63	-18,25	-17,87	-17,58	-17,28	-17,08	-16,87	-16,80	-16,74	-19,03
19/11/2019 12:10:00	-18,90	-19,71	-20,43	-20,86	-21,05	-20,96	-20,66	-20,23	-19,84	-19,49	-19,14	-18,68	-18,23	-17,77	-17,30	-16,97	-16,63	-16,39	-16,14	-16,05	-15,96	-18,98
19/11/2019 12:15:00	-18,84	-19,57	-20,24	-20,74	-20,89	-20,72	-20,35	-19,84	-19,48	-19,21	-18,95	-18,57	-18,19	-17,78	-17,36	-17,04	-16,72	-16,48	-16,25	-16,17	-16,09	-18,91
19/11/2019 12:20:00	-18,82	-19,46	-20,10	-20,60	-20,77	-20,62	-20,30	-19,85	-19,49	-19,20	-18,90	-18,50	-18,10	-17,68	-17,25	-16,93	-16,61	-16,38	-16,16	-16,08	-16,00	-19,03
19/11/2019 12:25:00	-18,87	-19,61	-20,24	-20,56	-20,62	-20,45	-20,14	-19,75	-19,41	-19,12	-18,85	-18,51	-18,17	-17,80	-17,44	-17,17	-16,90	-16,70	-16,51	-16,44	-16,38	-18,97
19/11/2019 12:30:00	-18,96	-19,74	-20,45	-20,89	-21,06	-20,94	-20,61	-20,19	-19,81	-19,47	-19,13	-18,71	-18,29	-17,85	-17,40	-17,09	-16,77	-16,54	-16,30	-16,22	-16,14	-19,35
19/11/2019 12:35:00	-19,06	-19,70	-20,46	-20,95	-21,13	-20,96	-20,56	-20,08	-19,66	-19,32	-18,98	-18,56	-18,14	-17,71	-17,28	-16,97	-16,66	-16,44	-16,21	-16,14	-16,07	-19,38
19/11/2019 12:40:00	-19,09	-19,84	-20,57	-21,09	-21,24	-21,04	-20,64	-20,24	-19,83	-19,47	-19,12	-18,70	-18,28	-17,86	-17,44	-17,14	-16,85	-16,64	-16,43	-16,36	-16,29	-19,34
19/11/2019 12:45:00	-19,18	-19,92	-20,69	-21,33	-21,51	-21,34	-21,02	-20,48	-20,04	-19,66	-19,29	-18,82	-18,35	-17,88	-17,40	-17,06	-16,72	-16,47	-16,23	-16,14	-16,06	-19,47
19/11/2019 12:50:00	-19,32	-19,95	-20,64	-21,15	-21,33	-21,20	-20,89	-20,48	-20,12	-19,81	-19,51	-19,13	-18,74	-18,33	-17,92	-17,62	-17,31	-17,09	-16,88	-16,80	-16,73	-19,51
19/11/2019 12:55:00	-19,28	-20,03	-20,66	-21,19	-21,42	-21,35	-21,06	-20,69	-20,34	-20,01	-19,67	-19,21	-18,75	-18,27	-17,79	-17,43	-17,08	-16,81	-16,55	-16,45	-16,35	-19,32
19/11/2019 13:00:00	-19,28	-19,98	-20,63	-21,11	-21,31	-21,23	-20,95	-20,58	-20,24	-19,94	-19,64	-19,23	-18,82	-18,38	-17,94	-17,62	-17,29	-17,05	-16,81	-16,72	-16,63	-19,35
19/11/2019 13:05:00	-19,34	-19,92	-20,54	-21,04	-21,26	-21,19	-20,91	-20,49	-20,17	-19,91	-19,63	-19,23	-18,83	-18,39	-17,95	-17,62	-17,28	-17,03	-16,78	-16,70	-16,61	-19,30
19/11/2019 13:10:00	-19,21	-20,15	-20,83	-21,29	-21,39	-21,22	-20,95	-20,57	-20,17	-19,79	-19,41	-18,96	-18,52	-18,06	-17,61	-17,30	-16,98	-16,75	-16,51	-16,43	-16,35	-19,39
19/11/2019 13:15:00	-19,39	-20,03	-20,79	-21,34	-21,55	-21,36	-20,90	-20,38	-20,02	-19,77	-19,55	-19,21	-18,86	-18,48	-18,10	-17,79	-17,48	-17,26	-17,05	-16,98	-16,90	-19,39
19/11/2019 13:20:00	-19,32	-19,96	-20,51	-20,94	-21,12	-21,08	-20,89	-20,57	-20,30	-20,06	-19,81	-19,43	-19,05	-18,63	-18,20	-17,87	-17,54	-17,30	-17,05	-16,96	-16,87	-19,34
19/11/2019 13:25:00	-19,26	-19,91	-20,58	-21,20	-21,46	-21,39	-21,13	-20,69	-20,35	-20,07	-19,77	-19,34	-18,91	-18,44	-17,97	-17,61	-17,25	-16,98	-16,72	-16,62	-16,53	-19,32
19/11/2019 13:30:00	-19,21	-19,92	-20,61	-21,10	-21,38	-21,33	-20,98	-20,58	-20,26	-19,99	-19,71	-19,30	-18,88	-18,43	-17,98	-17,63	-17,28	-17,02	-16,76	-16,67	-16,58	-19,30
19/11/2019 13:35:00	-19,25	-19,91	-20,47	-20,92	-21,12	-21,06	-20,81	-20,56	-20,25	-19,95	-19,64	-19,22	-18,81	-18,36	-17,92	-17,60	-17,28	-17,04	-16,80	-16,72	-16,63	-18,86
19/11/2019 13:40:00	-19,12	-19,91	-20,52	-20,85	-20,93	-20,78	-20,49	-20,17	-19,93	-19,75	-19,60	-19,35	-19,11	-18,80	-18,49	-18,24	-17,99	-17,81	-17,63	-17,56	-17,50	-19,06
19/11/2019 13:45:00	-19,11	-19,77	-20,41	-20,96	-21,22	-21,09	-20,70	-20,25	-19,99	-19,83	-19,68	-19,37	-19,06	-18,67	-18,28	-17,95	-17,62	-17,38	-17,14	-17,06	-16,97	-19,15
19/11/2019 13:50:00	-19,14	-19,80	-20,40	-20,86	-21,04	-20,94	-20,71	-20,38	-20,13	-19,93	-19,73	-19,43	-19,12	-18,75	-18,39	-18,09	-17,80	-17,59	-17,38	-17,30	-17,23	-18,91
19/11/2019 13:55:00	-18,98	-19,60	-20,29	-20,81	-21,11	-21,09	-20,77	-20,44	-20,11	-19,81	-19,50	-19,07	-18,64	-18,18	-17,72	-17,38	-17,04	-16,79	-16,55	-16,46	-16,37	-18,87
19/11/2019 14:00:00	-18,98	-19,60	-20,31	-20,87	-21,13	-21,04	-20,71	-20,28	-19,92	-19,62	-19,32	-18,91	-18,50	-18,06	-17,62	-17,28	-16,95	-16,71	-16,47	-16,39	-16,31	-18,80
19/11/2019 14:05:00	-18,90	-19,74	-20,37	-20,79	-20,98	-20,93	-20,70	-20,28	-20,02	-19,82	-19,62	-19,27	-18,91	-18,49	-18,08	-17,74	-17,40	-17,15	-16,89	-16,80	-16,70	-18,94
19/11/2019 14:10:00	-19,03	-19,66	-20,36	-20,88	-21,17	-21,21	-21,05	-20,78	-20,41	-20,00	-19,57	-19,05	-18,53	-18,02	-17,51	-17,16	-16,81	-16,55	-16,29	-16,19	-16,10	-18,57
19/11/2019 14:15:00	-18,97	-19,73	-20,32	-20,77	-21,06	-21,16	-21,05	-20,86	-20,58	-20,25	-19,87	-19,38	-18,89	-18,37	-17,85	-17,48	-17,11	-16,83	-16,54	-16,43	-16,32	-18,97
19/11/2019 14:20:00	-19,04	-19,83	-20,45	-20,84	-21,09	-21,12	-20,92	-20,71	-20,43	-20,14	-19,82	-19,41	-18,99	-18,54	-18,08	-17,75	-17,42	-17,17	-16,92	-16,83	-16,73	-18,88
19/11/2019 14:25:00	-19,04	-19,94	-20,49	-20,86	-21,05	-21,00	-20,76	-20,56	-20,33	-20,10	-19,86	-19,52	-19,18	-18,77	-18,37	-18,06	-17,76	-17,53	-17,29	-17,21	-17,12	-18,95
19/11/2019 14:30:00	-18,97	-19,75	-20,35	-20,91	-21,23	-21,21	-20,92	-20,52	-20,28	-20,11	-19,91	-19,53	-19,16	-18,70	-18,25	-17,87	-17,50	-17,22	-16,94	-16,83	-16,73	-18,84
19/11/2019 14:35:00	-18,98	-19,76	-20,44	-20,99	-21,24	-21,20	-21,00	-20,65	-20,35	-20,08	-19,80	-19,39	-18,99	-18,54	-18,09	-17,75	-17,41	-17,16	-16,90	-16,81	-16,72	-18,89
19/11/2019 14:40:00	-19,09	-19,70	-20,37	-20,90	-21,17	-21,18	-21,04	-20,70	-20,43	-20,19	-19,95	-19,57	-19,19	-18,77	-18,34	-18,01	-17,68	-17,43	-17,19	-17,10	-17,01	-18,94
19/11/2019 14:45:00	-19,03	-19,80	-20,47	-20,98	-21,22	-21,22	-21,07	-20,72	-20,47	-20,27	-20,06	-19,71	-19,36	-18,95	-18,54	-18,21	-17,88	-17,63	-17,39	-17,29	-17,20	-18,69
19/11/2019 14:50:00	-19,02	-19,78	-20,33	-20,79	-21,12	-21,27	-21,23	-21,04	-20,82	-20,57	-20,28	-19,83	-19,39	-18,88	-18,37	-17,99	-17,62	-17,32	-17,03	-16,91	-16,79	-18,80
19/11/2019 14:55:00	-18,98	-19,69	-20,32	-20,91	-21,26	-21,30	-21,08	-20,78	-20,57	-20,41	-20,22	-19,86	-19,49	-19,05	-18,61	-18,25	-17,90	-17,63	-17,36	-17,26	-17,15	-18,80
19/11/2019 15:00:00	-19,06	-19,76	-20,46	-21,07	-21,38	-21,35	-21,09	-20,71	-20,47	-20,29	-20,11	-19,78	-19,45	-19,04	-18,63	-18,29	-17,95	-17,71	-17,46	-17,37	-17,28	-18,79
19/11/2019 15:05:00	-19,08	-19,73	-20,36	-20,86	-21,20	-21,37	-21,37	-21,13	-20,86	-20,57	-20,23	-19,76	-19,28	-18,77	-18,25	-17,87	-17,50	-17,21	-16,92	-16,80	-16,69	-19,05
19/11/2019 15:10:00	-19,00	-19,70	-20,39	-20,94	-21,24	-21,24	-21,03	-20,71	-20,44	-20,20	-19,95	-19,57	-19,19	-18,76	-18,32	-17,99	-17,65	-17,40	-17,15	-17,06	-16,97	-18,98
19/11/2019 15:15:00	-19,05	-19,76	-20,42	-20,99	-21,29	-21,27	-21,02	-20,68	-20,38	-20,13	-19,85	-19,45	-19,04	-18,58	-18,13	-17,78	-17,43	-17,17	-16,92	-16,82	-16,73	-19,10
19/11/2019 15:20:00	-19,16	-19,81	-20,41	-20,95	-21,21	-21,16	-20,91	-20,54	-20,28	-20,06	-19,84	-19,48	-19,11	-18,69	-18,26	-17,93	-17,59	-17,34	-17,09	-17,00	-16,91	-19,08
19/11/2019 15:25:00	-19,14	-19,74	-20,34	-20,86	-21,21	-21,34	-21,24	-21,01	-20,74	-20,45	-20,12	-19,65	-19,18	-18,66	-18,15	-17,78	-17,40	-17,12	-16,83	-16,72	-16,61	-19,18
19/11/2019 15:30:00	-19,06	-19,73	-20,37	-20,90	-21,18	-21,13	-20,85	-20,53	-20,28	-20,08	-19,89	-19,55	-19,22	-18,82	-18,42	-18,10	-17,78	-17,54	-17,30	-17,22	-17,14	-19,11
19/11/2019 15:35:00	-19,08	-19,63	-20,28	-20,86	-21,24	-21,40	-21,35	-21,11	-20,84	-20,55	-20,22	-19,75	-19,27	-18,76	-18,24	-17,86	-17,48	-17,19	-16,90	-16,79	-16,68	-19,49
19/11/2019 15:40:00	-19,05	-19,83	-20,47	-20,93	-21,23	-21,30	-21,18	-20,95	-20,74	-20,53	-20,31	-19,95	-19,59	-19,17	-18,74	-18,40	-18,06	-17,81	-17,55	-17,45	-17,36	-19,69
19/11/2019 15:45:00	-19,15	-19,80	-20,40	-20,97	-21,30	-21,35	-21,21	-20,91	-20,73	-20,58	-20,42	-20,08	-19,75	-19,33	-18,91	-18,56	-18,21	-17,94	-17,68	-17,58	-17,48	-19,63
19/11/2019 15:50:00	-19,32	-19,94	-20,59	-21,16	-21,52	-21,63	-21,56	-21,26	-21,04	-20,84	-20,62	-20,23	-19,84	-19,38	-18,92	-18,56	-18,19	-17,91	-17,63	-17,53	-17,42	-20,03
19/11/2019 15:55:00	-19,48	-20,05	-20,75	-21,31	-21,67	-21,78	-21,66	-21,43	-21,20	-20,97	-20,72	-20,34	-19,96	-19,51	-19,07	-18,73	-18,38	-18,12	-17,87	-17,77	-17,67	-20,13
19/11/2019 16:00:00	-19,85	-20,41	-21,08	-21,63	-22,03	-22,11	-21,91	-21,75	-21,52	-21,29	-21,04	-20,67	-20,29	-19,85	-19,42	-19,08	-18,74	-18,49	-18,24	-18,14	-18,05	-20,11
19/11/2019 16:05:00	-20,17	-20,87	-21,49	-22,11	-22,43	-22,41	-22,18	-21,88	-21,65	-21,45	-21,23	-20,85	-20,48	-20,04	-19,60	-19,24	-18,88	-18,61	-18,34	-18,24	-18,14	-20,17
19/11/2019 16:10:00	-20,32	-20,88	-21,48	-22,03	-22,37	-22,41	-22,23	-22,06	-21,83	-21,58	-21,32	-20,93	-20,54	-20,09	-19,64	-19,30	-18,96	-18,70	-18,44	-18,34	-18,23	-20,24
19/11/2019 16:15:00	-20,34	-20,94	-21,54	-22,09	-22,32	-22,31	-22,22	-22,07	-21,83	-21,58	-21,32	-20,97	-20,62	-20,22	-19,82	-19,52	-19,22	-18,99	-18,77	-18,68	-18,59	-20,25
19/11/2019 16:20:00	-20,41	-21,01	-21,61	-22,19	-22,53	-22,70	-22,74	-22,58	-22,31	-21,99	-21,63	-21,14	-20,65	-20,12	-19,59	-19,21	-18,83	-18,54	-18,24	-18,12	-18,00	-20,09
19/11/2019 16:25:00	-20,46	-21,06	-21,66	-22,21	-22,57	-22,62	-22,43	-22,24	-22,02	-21,79	-21,54	-21,15	-20,75	-20,29	-19,83	-19,47	-19,11	-18,84	-18,56	-18,45	-18,35	-20,52
19/11/2019 16:30:00	-20,56	-21,00	-21,67	-22,27	-22,70	-22,86	-22,78	-22,57	-22,30	-22,00	-21,67	-21,20	-20,73	-20,22	-19,70	-19,32	-18,94	-18,64	-18,35	-18,23	-18,11	-20,88
19/11/2019 16:35:00	-20,95	-21,48	-22,09	-22,73	-23,11	-23,19	-23,04	-22,75	-22,42	-22,07	-21,68	-21,15	-20,61	-20,05	-19,48	-19,06	-18,65	-18,33	-18,01	-17,88	-17,76	-21,04
19/11/2019 16:40:00	-21,13	-21,73	-22,31	-22,85	-23,11	-23,09	-22,88	-22,43	-22,18	-21,98	-21,76	-21,38	-20,99	-20,53	-20,06	-19,68	-19,30	-19,01	-18,71	-18,60	-18,48	-21,17
19/11/2019 16:45:00	-21,29	-21,84	-22,40	-22,91	-23,19	-23,19	-23,02	-22,85	-22,57	-22,27	-21,95	-21,53	-21,10	-20,64	-20,17	-19,83	-19,48	-19,22	-18,96	-18,85	-18,75	-21,27
19/11/2019 16:50:00	-21,39	-21,87	-22,49	-23,14	-23,52	-23,61	-23,49	-23,21	-22,89	-22,56	-22,19	-21,68	-21,17	-20,62	-20,06	-19,65	-19,24	-18,93	-18,61	-18,48	-18,35	-21,39
19/11/2019 16:55:00	-21,39	-21,88	-22,44	-23,02	-23,42	-23,58	-23,53	-23,30	-23,08	-22,83	-22,54	-22,08	-21,61	-21,08	-20,55	-20,14	-19,72	-19,40	-19,08	-18,94	-18,81	-21,36
19/11/2019 17:00:00	-21,49	-22,03	-22,70	-23,34	-23,70	-23,73	-23,55	-23,23	-22,90	-22,58	-22,23	-21,75	-21,26	-20,73	-20,21	-19,81	-19,41	-19,11	-18,81	-18,68	-18,56	-21,46
19/11/2019 17:05:00	-21,48	-22,11	-22,62	-23,09	-23,33	-23,36	-23,24	-23,01	-22,79	-22,57	-22,33	-21,94	-21,56	-21,10	-20,64	-20,28	-19,92	-19,64	-19,36	-19,24	-19,12	-21,52
19/11/2019 17:10:00	-21,62	-22,23	-22,80	-23,23	-23,52	-23,54	-23,30	-22,93	-22,71	-22,51	-22,29	-21,90	-21,51	-21,03	-20,56	-20,16	-19,77	-19,47	-19,16	-19,04	-18,91	-21,69
19/11/2019 17:15:00	-21,83	-22,30	-22,82	-23,40	-23,71	-23,72	-23,54	-23,29	-23,04	-22,80	-22,53	-22,11	-21,69	-21,20	-20,72	-20,34	-19,96	-19,67	-19,38	-19,26	-19,14	-21,82
19/11/2019 17:20:00	-21,87	-22,40	-23,01	-23,41	-23,71	-23,76	-23,60	-23,39	-23,12	-22,85	-22,56	-22,15	-21,74	-21,27	-20,81	-20,46	-20,10	-19,83	-19,56	-19,44	-19,33	-21,78
19/11/2019 17:25:00	-21,86	-22,40	-22,99	-23,54	-23,88	-23,93	-23,73	-23,45	-23,19	-22,94	-22,66	-22,22	-21,79	-21,28	-20,78	-20,39	-19,99	-19,69	-19,39	-19,26	-19,13	-21,91
19/11/2019 17:30:00	-22,07	-22,54	-23,08	-23,50	-23,76	-23,76	-23,54	-23,18	-23,01	-22,87	-22,73	-22,42	-22,10	-21,69	-21,28	-20,92	-20,56	-20,28	-20,01	-19,89	-19,78	-21,97
19/11/2019 17:35:00	-22,08	-22,62	-23,10	-23,51	-23,74	-23,75	-23,59	-23,30	-23,07	-22,85	-22,60	-22,21	-21,81	-21,34	-20,87	-20,50	-20,13	-19,84	-19,54	-19,42	-19,30	-22,15
19/11/2019 17:40:00	-22,14	-22,67	-23,14	-23,59	-23,88	-23,95	-23,85	-23,68	-23,42	-23,12	-22,78	-22,31	-21,84	-21,32	-20,80	-20,41	-20,02	-19,72	-19,41	-19,28	-19,15	-22,08
19/11/2019 17:45:00	-22,20	-22,68	-23,14	-23,56	-23,79	-23,86	-23,79	-23,54	-23,29	-23,02	-22,72	-22,28	-21,83	-21,33	-20,83	-20,44	-20,06	-19,75	-19,45	-19,32	-19,19	-22,19
19/11/2019 17:50:00	-22,27	-22,85	-23,24	-23,60	-23,80	-23,84	-23,75	-23,51	-23,31	-23,09	-22,84	-22,44	-22,04	-21,56	-21,07	-20,69	-20,31	-20,01	-19,70	-19,57	-19,44	-22,24
19/11/2019 17:55:00	-22,36	-22,83	-23,30	-23,71	-23,95	-23,91	-23,67	-23,35	-23,11	-22,90	-22,67	-22,28	-21,90	-21,43	-20,97	-20,59	-20,22	-19,93	-19,63	-19,51	-19,39	-22,27
19/11/2019 18:00:00	-22,40	-22,92	-23,40	-23,85	-24,06	-24,02	-23,82	-23,50	-23,22	-22,94	-22,65	-22,22	-21,79	-21,30	-20,82	-20,44	-20,06	-19,77	-19,48	-19,36	-19,23	-22,40
19/11/2019 18:05:00	-22,42	-22,97	-23,52	-23,93	-24,13	-24,11	-23,89	-23,50	-23,20	-22,92	-22,62	-22,19	-21,75	-21,26	-20,76	-20,38	-20,00	-19,70	-19,40	-19,28	-19,15	-22,51
19/11/2019 18:10:00	-22,49	-23,08	-23,56	-23,94	-24,12	-24,05	-23,79	-23,46	-23,23	-23,02	-22,80	-22,44	-22,07	-21,63	-21,18	-20,82	-20,46	-20,17	-19,89	-19,77	-19,65	-22,50
19/11/2019 18:15:00	-22,56	-23,23	-23,71	-24,07	-24,18	-24,07	-23,85	-23,64	-23,35	-23,07	-22,79	-22,41	-22,02	-21,59	-21,15	-20,82	-20,48	-20,23	-19,97	-19,86	-19,75	-22,66
19/11/2019 18:20:00	-22,70	-23,18	-23,71	-24,11	-24,29	-24,28	-24,11	-23,79	-23,47	-23,15	-22,81	-22,36	-21,90	-21,41	-20,92	-20,55	-20,18	-19,90	-19,61	-19,49	-19,37	-22,68
19/11/2019 18:25:00	-22,75	-23,16	-23,80	-24,33	-24,61	-24,55	-24,26	-23,82	-23,46	-23,14	-22,81	-22,34	-21,87	-21,36	-20,85	-20,46	-20,07	-19,77	-19,47	-19,35	-19,23	-22,76
19/11/2019 18:30:00	-22,84	-23,38	-23,88	-24,24	-24,47	-24,51	-24,37	-24,12	-23,84	-23,56	-23,24	-22,79	-22,35	-21,84	-21,34	-20,96	-20,57	-20,27	-19,96	-19,83	-19,70	-22,88
19/11/2019 18:35:00	-22,90	-23,35	-23,85	-24,34	-24,58	-24,62	-24,50	-24,21	-23,90	-23,59	-23,25	-22,76	-22,28	-21,75	-21,22	-20,82	-20,42	-20,11	-19,79	-19,66	-19,53	-23,15
19/11/2019 18:40:00	-22,88	-23,34	-23,90	-24,41	-24,69	-24,71	-24,52	-24,21	-23,92	-23,64	-23,34	-22,89	-22,43	-21,92	-21,41	-21,01	-20,61	-20,30	-19,99	-19,86	-19,73	-22,97
19/11/2019 18:45:00	-23,01	-23,48	-24,01	-24,52	-24,79	-24,82	-24,70	-24,45	-24,18	-23,90	-23,60	-23,16	-22,72	-22,22	-21,72	-21,34	-20,95	-20,65	-20,34	-20,21	-20,08	-23,04
19/11/2019 18:50:00	-23,15	-23,50	-23,96	-24,60	-24,93	-24,98	-24,88	-24,66	-24,36	-24,03	-23,66	-23,14	-22,62	-22,06	-21,49	-21,07	-20,65	-20,32	-20,00	-19,86	-19,72	-23,17
19/11/2019 18:55:00	-23,09	-23,62	-24,26	-24,73	-25,01	-25,02	-24,82	-24,50	-24,20	-23,92	-23,61	-23,17	-22,73	-22,23	-21,74	-21,35	-20,96	-20,66	-20,36	-20,23	-20,10	-23,22
19/11/2019 19:00:00	-23,27	-23,65	-24,17	-24,76	-25,15	-25,28	-25,17	-24,88	-24,60	-24,29	-23,93	-23,39	-22,86	-22,27	-21,68	-21,22	-20,77	-20,41	-20,05	-19,90	-19,74	-23,14
19/11/2019 19:05:00	-23,15	-23,57	-24,07	-24,62	-24,95	-25,04	-24,91	-24,57	-24,32	-24,07	-23,78	-23,30	-22,82	-22,27	-21,72	-21,28	-20,84	-20,50	-20,15	-20,00	-19,85	-23,06
19/11/2019 19:10:00	-23,19	-23,56	-24,20	-24,74	-25,05	-25,03	-24,81	-24,53	-24,18	-23,85	-23,50	-23,04	-22,59	-22,09	-21,60	-21,22	-20,85	-20,56	-20,28	-20,16	-20,04	-23,09
19/11/2019 19:15:00	-23,27	-23,58	-24,21	-24,73	-25,08	-25,14	-24,97	-24,64	-24,33	-24,03	-23,71	-23,24	-22,78	-22,26	-21,74	-21,34	-20,94	-20,63	-20,32	-20,18	-20,05	-23,01
19/11/2019 19:20:00	-23,09	-23,47	-23,97	-24,46	-24,76	-24,80	-24,66	-24,36	-24,12	-23,88	-23,61	-23,18	-22,75	-22,26	-21,76	-21,36	-20,97	-20,66	-20,35	-20,22	-20,09	-23,05
19/11/2019 19:25:00	-23,17	-23,54	-23,96	-24,51	-24,83	-24,84	-24,65	-24,43	-24,18	-23,92	-23,62	-23,16	-22,70	-22,17	-21,65	-21,24	-20,82	-20,50	-20,18	-20,05	-19,91	-23,12
19/11/2019 19:30:00	-23,21	-23,59	-24,13	-24,70	-25,07	-25,15	-24,99	-24,65	-24,36	-24,07	-23,73	-23,21	-22,70	-22,13	-21,56	-21,12	-20,68	-20,33	-19,99	-19,84	-19,69	-23,15
19/11/2019 19:35:00	-23,27	-23,64	-24,22	-24,78	-25,00	-24,97	-24,80	-24,51	-24,19	-23,89	-23,57	-23,14	-22,70	-22,23	-21,75	-21,38	-21,01	-20,73	-20,45	-20,33	-20,21	-23,25
19/11/2019 19:40:00	-23,22	-23,62	-24,23	-24,80	-25,14	-25,23	-25,12	-24,82	-24,49	-24,15	-23,77	-23,25	-22,73	-22,17	-21,61	-21,19	-20,77	-20,44	-20,11	-19,97	-19,83	-23,32
19/11/2019 19:45:00	-23,26	-23,71	-24,29	-24,77	-25,09	-25,17	-25,04	-24,77	-24,43	-24,07	-23,68	-23,17	-22,65	-22,09	-21,54	-21,13	-20,72	-20,40	-20,08	-19,94	-19,80	-23,26
19/11/2019 19:50:00	-23,28	-23,67	-24,39	-25,14	-25,51	-25,52	-25,28	-24,83	-24,45	-24,10	-23,72	-23,18	-22,64	-22,07	-21,50	-21,06	-20,62	-20,29	-19,95	-19,81	-19,67	-23,32
19/11/2019 19:55:00	-23,31	-23,81	-24,33	-24,84	-25,20	-25,35	-25,30	-25,10	-24,84	-24,55	-24,20	-23,70	-23,20	-22,63	-22,06	-21,63	-21,20	-20,85	-20,51	-20,35	-20,20	-23,36
19/11/2019 20:00:00	-23,33	-23,75	-24,50	-25,13	-25,56	-25,67	-25,50	-25,12	-24,77	-24,41	-24,02	-23,47	-22,92	-22,33	-21,74	-21,30	-20,85	-20,50	-20,16	-20,01	-19,85	-23,37
19/11/2019 20:05:00	-23,38	-23,79	-24,45	-25,07	-25,49	-25,62	-25,48	-25,09	-24,79	-24,48	-24,13	-23,60	-23,07	-22,49	-21,90	-21,45	-20,99	-20,63	-20,28	-20,12	-19,97	-23,42
19/11/2019 20:10:00	-23,35	-23,96	-24,63	-25,11	-25,40	-25,41	-25,23	-25,04	-24,72	-24,40	-24,07	-23,63	-23,20	-22,71	-22,23	-21,86	-21,50	-21,21	-20,93	-20,80	-20,68	-23,36
19/11/2019 20:15:00	-23,39	-23,84	-24,53	-25,10	-25,49	-25,61	-25,48	-25,16	-24,83	-24,50	-24,12	-23,60	-23,08	-22,51	-21,94	-21,50	-21,07	-20,73	-20,39	-20,25	-20,10	-23,47
19/11/2019 20:20:00	-23,27	-23,87	-24,44	-24,99	-25,31	-25,43	-25,35	-25,04	-24,80	-24,55	-24,26	-23,80	-23,33	-22,79	-22,25	-21,82	-21,39	-21,05	-20,71	-20,56	-20,41	-23,29
19/11/2019 20:25:00	-23,21	-23,78	-24,45	-25,04	-25,42	-25,53	-25,42	-25,18	-24,89	-24,58	-24,24	-23,75	-23,26	-22,72	-22,17	-21,76	-21,34	-21,01	-20,68	-20,54	-20,39	-23,14
19/11/2019 20:30:00	-23,15	-23,66	-24,34	-25,00	-25,32	-25,31	-25,07	-24,67	-24,40	-24,17	-23,93	-23,53	-23,13	-22,66	-22,18	-21,78	-21,39	-21,09	-20,78	-20,65	-20,52	-23,05
19/11/2019 20:35:00	-22,97	-23,59	-24,22	-24,81	-25,16	-25,30	-25,24	-24,99	-24,73	-24,46	-24,15	-23,67	-23,20	-22,66	-22,12	-21,69	-21,27	-20,93	-20,60	-20,45	-20,30	-23,03
19/11/2019 20:40:00	-23,12	-23,56	-24,19	-24,83	-25,21	-25,40	-25,43	-25,23	-24,92	-24,58	-24,19	-23,65	-23,12	-22,54	-21,96	-21,54	-21,11	-20,77	-20,44	-20,29	-20,14	-23,00
19/11/2019 20:45:00	-23,03	-23,56	-24,28	-25,00	-25,40	-25,51	-25,41	-25,09	-24,80	-24,51	-24,19	-23,70	-23,22	-22,67	-22,12	-21,70	-21,27	-20,93	-20,60	-20,45	-20,31	-22,98
19/11/2019 20:50:00	-22,97	-23,70	-24,30	-24,85	-25,27	-25,48	-25,50	-25,33	-25,07	-24,75	-24,36	-23,81	-23,27	-22,66	-22,05	-21,60	-21,14	-20,77	-20,41	-20,24	-20,07	-23,00
19/11/2019 20:55:00	-22,96	-23,66	-24,22	-24,89	-25,31	-25,42	-25,28	-25,00	-24,79	-24,56	-24,29	-23,81	-23,32	-22,75	-22,18	-21,72	-21,26	-20,89	-20,53	-20,36	-20,20	-22,94
19/11/2019 21:00:00	-23,06	-23,74	-24,41	-25,01	-25,31	-25,41	-25,37	-25,14	-24,79	-24,42	-24,01	-23,48	-22,95	-22,39	-21,83	-21,42	-21,01	-20,68	-20,36	-20,22	-20,07	-23,05
19/11/2019 21:05:00	-23,00	-23,67	-24,35	-25,02	-25,43	-25,57	-25,46	-25,08	-24,85	-24,60	-24,31	-23,83	-23,35	-22,78	-22,21	-21,75	-21,29	-20,93	-20,56	-20,40	-20,24	-23,00
19/11/2019 21:10:00	-23,12	-23,66	-24,30	-24,95	-25,46	-25,67	-25,58	-25,27	-25,05	-24,80	-24,49	-23,96	-23,44	-22,84	-22,24	-21,75	-21,27	-20,89	-20,51	-20,34	-20,16	-23,08
19/11/2019 21:15:00	-23,02	-23,70	-24,38	-25,03	-25,37	-25,42	-25,27	-24,98	-24,69	-24,39	-24,07	-23,59	-23,11	-22,58	-22,04	-21,62	-21,20	-20,87	-20,55	-20,40	-20,26	-23,03
19/11/2019 21:20:00	-23,15	-23,62	-24,27	-25,03	-25,53	-25,72	-25,64	-25,32	-25,08	-24,82	-24,51	-23,99	-23,47	-22,87	-22,28	-21,80	-21,33	-20,95	-20,58	-20,42	-20,25	-23,04
19/11/2019 21:25:00	-23,08	-23,69	-24,37	-25,02	-25,42	-25,57	-25,55	-25,34	-25,06	-24,74	-24,39	-23,89	-23,38	-22,82	-22,27	-21,84	-21,41	-21,08	-20,74	-20,59	-20,45	-23,11
19/11/2019 21:30:00	-23,11	-23,67	-24,34	-25,05	-25,56	-25,80	-25,81	-25,68	-25,35	-24,97	-24,53	-23,94	-23,34	-22,71	-22,08	-21,62	-21,16	-20,79	-20,43	-20,26	-20,10	-23,13
19/11/2019 21:35:00	-23,12	-23,77	-24,42	-25,09	-25,52	-25,75	-25,77	-25,48	-25,25	-24,98	-24,66	-24,14	-23,62	-23,03	-22,43	-21,96	-21,48	-21,11	-20,73	-20,56	-20,39	-23,15
19/11/2019 21:40:00	-23,21	-23,87	-24,44	-25,08	-25,52	-25,70	-25,67	-25,45	-25,23	-24,98	-24,68	-24,18	-23,68	-23,10	-22,53	-22,07	-21,61	-21,24	-20,88	-20,71	-20,55	-23,19
19/11/2019 21:45:00	-23,18	-23,79	-24,43	-25,05	-25,44	-25,62	-25,62	-25,42	-25,14	-24,82	-24,46	-23,94	-23,43	-22,85	-22,28	-21,84	-21,40	-21,06	-20,71	-20,56	-20,40	-23,21
19/11/2019 21:50:00	-23,20	-23,79	-24,44	-25,07	-25,53	-25,75	-25,75	-25,57	-25,32	-25,04	-24,70	-24,19	-23,68	-23,10	-22,52	-22,08	-21,63	-21,27	-20,92	-20,76	-20,60	-23,22
19/11/2019 21:55:00	-23,09	-23,90	-24,52	-25,04	-25,45	-25,62	-25,57	-25,39	-25,16	-24,88	-24,55	-24,05	-23,55	-22,97	-22,40	-21,95	-21,51	-21,15	-20,79	-20,62	-20,46	-23,18
19/11/2019 22:00:00	-23,26	-23,79	-24,47	-25,15	-25,58	-25,77	-25,73	-25,46	-25,17	-24,85	-24,49	-23,95	-23,42	-22,83	-22,23	-21,78	-21,33	-20,97	-20,61	-20,45	-20,29	-23,20
19/11/2019 22:05:00	-23,23	-23,83	-24,49	-25,10	-25,55	-25,72	-25,64	-25,41	-25,12	-24,80	-24,43	-23,89	-23,36	-22,77	-22,17	-21,72	-21,27	-20,92	-20,56	-20,40	-20,24	-23,22
19/11/2019 22:10:00	-23,22	-23,94	-24,67	-25,28	-25,62	-25,69	-25,53	-25,17	-24,89	-24,61	-24,31	-23,84	-23,37	-22,83	-22,29	-21,86	-21,44	-21,10	-20,76	-20,61	-20,46	-23,27
19/11/2019 22:15:00	-23,23	-23,84	-24,61	-25,32	-25,73	-25,85	-25,71	-25,25	-24,91	-24,57	-24,19	-23,63	-23,07	-22,46	-21,85	-21,38	-20,91	-20,54	-20,17	-20,01	-19,85	-23,23
19/11/2019 22:20:00	-23,40	-23,94	-24,55	-25,09	-25,46	-25,58	-25,48	-25,23	-24,98	-24,71	-24,41	-23,95	-23,49	-22,95	-22,42	-22,00	-21,58	-21,25	-20,92	-20,77	-20,63	-23,31
19/11/2019 22:25:00	-23,28	-23,95	-24,51	-25,10	-25,52	-25,71	-25,68	-25,40	-25,14	-24,84	-24,47	-23,91	-23,35	-22,72	-22,09	-21,61	-21,13	-20,74	-20,35	-20,18	-20,00	-23,31
19/11/2019 22:30:00	-23,24	-23,87	-24,50	-25,21	-25,62	-25,72	-25,58	-25,29	-25,00	-24,68	-24,32	-23,79	-23,25	-22,66	-22,07	-21,61	-21,15	-20,80	-20,44	-20,28	-20,12	-23,28
19/11/2019 22:35:00	-23,23	-23,88	-24,52	-25,14	-25,51	-25,61	-25,48	-25,16	-24,85	-24,52	-24,15	-23,62	-23,08	-22,49	-21,90	-21,45	-21,00	-20,64	-20,29	-20,13	-19,97	-23,27
19/11/2019 22:40:00	-23,42	-23,93	-24,63	-25,29	-25,65	-25,73	-25,61	-25,31	-24,96	-24,59	-24,20	-23,67	-23,14	-22,57	-22,01	-21,58	-21,15	-20,82	-20,49	-20,35	-20,20	-23,34
19/11/2019 22:45:00	-23,28	-23,97	-24,74	-25,29	-25,64	-25,62	-25,34	-25,00	-24,64	-24,29	-23,92	-23,43	-22,94	-22,41	-21,87	-21,47	-21,06	-20,74	-20,43	-20,29	-20,15	-23,32
19/11/2019 22:50:00	-23,38	-24,00	-24,69	-25,20	-25,61	-25,71	-25,51	-25,15	-24,85	-24,54	-24,19	-23,68	-23,16	-22,58	-22,00	-21,55	-21,09	-20,74	-20,38	-20,22	-20,06	-23,33
19/11/2019 22:55:00	-23,27	-23,91	-24,61	-25,18	-25,55	-25,60	-25,43	-25,23	-24,85	-24,45	-24,02	-23,48	-22,94	-22,37	-21,80	-21,39	-20,98	-20,66	-20,34	-20,20	-20,06	-23,32
19/11/2019 23:00:00	-23,20	-23,85	-24,56	-25,12	-25,53	-25,65	-25,50	-25,15	-24,84	-24,51	-24,14	-23,60	-23,06	-22,47	-21,88	-21,42	-20,97	-20,61	-20,24	-20,08	-19,92	-23,29
19/11/2019 23:05:00	-23,24	-23,87	-24,64	-25,27	-25,64	-25,69	-25,52	-25,20	-24,81	-24,43	-24,02	-23,49	-22,95	-22,38	-21,82	-21,40	-20,97	-20,65	-20,32	-20,18	-20,03	-23,26
19/11/2019 23:10:00	-23,31	-23,88	-24,53	-25,16	-25,56	-25,66	-25,52	-25,23	-24,93	-24,61	-24,26	-23,74	-23,22	-22,65	-22,07	-21,63	-21,18	-20,83	-20,49	-20,33	-20,18	-23,29
19/11/2019 23:15:00	-23,30	-23,86	-24,45	-25,11	-25,52	-25,65	-25,56	-25,33	-25,01	-24,66	-24,25	-23,69	-23,12	-22,52	-21,91	-21,45	-21,00	-20,64	-20,28	-20,12	-19,96	-23,28
19/11/2019 23:20:00	-23,23	-23,93	-24,62	-25,18	-25,59	-25,68	-25,49	-25,17	-24,86	-24,52	-24,15	-23,61	-23,07	-22,48	-21,89	-21,44	-20,98	-20,63	-20,27	-20,11	-19,95	-23,34
19/11/2019 23:25:00	-23,29	-23,97	-24,62	-25,19	-25,46	-25,55	-25,47	-25,13	-24,83	-24,52	-24,17	-23,68	-23,19	-22,64	-22,09	-21,67	-21,25	-20,91	-20,58	-20,43	-20,28	-23,31
19/11/2019 23:30:00	-23,40	-23,96	-24,70	-25,40	-25,82	-25,94	-25,81	-25,48	-25,12	-24,75	-24,34	-23,78	-23,22	-22,63	-22,03	-21,59	-21,14	-20,79	-20,44	-20,29	-20,13	-23,46
19/11/2019 23:35:00	-23,43	-24,16	-24,86	-25,49	-25,86	-25,92	-25,76	-25,43	-25,14	-24,84	-24,50	-24,01	-23,51	-22,96	-22,40	-21,96	-21,52	-21,17	-20,83	-20,67	-20,52	-23,37
19/11/2019 23:40:00	-23,45	-24,11	-24,72	-25,32	-25,65	-25,68	-25,49	-25,17	-24,90	-24,63	-24,34	-23,88	-23,42	-22,89	-22,36	-21,94	-21,51	-21,18	-20,85	-20,70	-20,55	-23,37
19/11/2019 23:45:00	-23,38	-24,10	-24,82	-25,44	-25,79	-25,87	-25,72	-25,35	-25,00	-24,65	-24,26	-23,72	-23,18	-22,59	-22,00	-21,55	-21,11	-20,75	-20,40	-20,24	-20,09	-23,35
19/11/2019 23:50:00	-23,31	-23,78	-24,50	-25,26	-25,85	-26,01	-25,81	-25,47	-25,15	-24,80	-24,40	-23,79	-23,19	-22,54	-21,88	-21,38	-20,87	-20,48	-20,09	-19,92	-19,74	-23,31
19/11/2019 23:55:00	-23,31	-23,92	-24,61	-25,27	-25,62	-25,68	-25,51	-25,15	-24,80	-24,46	-24,08	-23,54	-23,01	-22,43	-21,86	-21,42	-20,97	-20,63	-20,29	-20,14	-19,98	-23,32
