FileFormat:0002.2 file with temperature of atmosphere
SN105HE102
local	GMT or Local
0	GMT-Local=[hours]
0	Height[m]
0	0	0	Longitude                [grd]               [min]               [sec]
0	0	0	Latitude                [grd]               [min]               [sec]
N	NS
56,45	Freq[GHz]
0,00	dTemostat[K]
0,150	MessErr[K]
0,248	//[grad/step]
version 14.4.20120406
MTP5HE102F5645K-38.60I70D219217+A1.1
Commentary:
SN105HE102
парабола ДНА = 2,5 град
НЕ102 - ПУ - ХВБ с ЦСД " S "
АЦП - 202 - 09 с контр.U пит.и М
оптопара серии - 2
Т out № 178 пл
БП LPS - 112
End Of Commentary

SYSTEM\alaska.dat
data time	0	50	100	150	200	250	300	350	400	450	500	550	600	650	700	750	800	850	900	950	1000	OutsideTemperature
08/11/2019 00:00:00	1,18	1,07	0,89	0,63	0,33	0,02	-0,28	-0,55	-0,79	-0,88	-0,89	-0,84	-0,79	-0,70	-0,60	-0,60	-0,59	-0,65	-0,70	-0,82	-0,93	1,03
08/11/2019 00:05:00	1,26	1,22	0,98	0,64	0,26	-0,05	-0,34	-0,56	-0,70	-0,80	-0,87	-0,82	-0,78	-0,68	-0,58	-0,56	-0,53	-0,57	-0,60	-0,72	-0,83	1,06
08/11/2019 00:10:00	1,28	1,20	1,02	0,75	0,45	0,16	-0,13	-0,39	-0,61	-0,75	-0,84	-0,85	-0,86	-0,81	-0,77	-0,78	-0,79	-0,86	-0,93	-1,06	-1,18	1,23
08/11/2019 00:15:00	1,34	1,33	1,12	0,80	0,42	0,01	-0,40	-0,71	-0,90	-1,02	-1,07	-1,01	-0,94	-0,82	-0,70	-0,66	-0,61	-0,63	-0,65	-0,75	-0,85	1,12
08/11/2019 00:20:00	1,18	1,16	0,93	0,56	0,12	-0,33	-0,71	-1,01	-1,22	-1,31	-1,33	-1,24	-1,14	-0,99	-0,84	-0,78	-0,72	-0,72	-0,73	-0,82	-0,92	1,16
08/11/2019 00:25:00	1,18	1,22	0,96	0,52	0,07	-0,16	-0,52	-0,81	-0,99	-1,11	-1,18	-1,16	-1,15	-1,08	-1,01	-1,00	-1,00	-1,06	-1,12	-1,24	-1,36	1,23
08/11/2019 00:30:00	1,22	1,18	0,86	0,38	-0,07	-0,47	-0,74	-0,94	-1,10	-1,20	-1,24	-1,18	-1,12	-1,01	-0,90	-0,86	-0,82	-0,86	-0,89	-1,00	-1,11	1,18
08/11/2019 00:35:00	1,25	1,16	0,88	0,53	0,16	-0,32	-0,66	-0,91	-1,07	-1,19	-1,27	-1,22	-1,17	-1,06	-0,95	-0,90	-0,86	-0,88	-0,90	-1,00	-1,10	1,20
08/11/2019 00:40:00	1,25	1,24	0,95	0,48	-0,01	-0,31	-0,62	-0,87	-1,06	-1,19	-1,28	-1,27	-1,25	-1,18	-1,11	-1,09	-1,07	-1,13	-1,18	-1,30	-1,42	1,30
08/11/2019 00:45:00	1,27	1,12	0,89	0,54	0,08	-0,42	-0,86	-1,20	-1,40	-1,52	-1,57	-1,47	-1,37	-1,19	-1,02	-0,94	-0,85	-0,83	-0,81	-0,89	-0,97	1,19
08/11/2019 00:50:00	1,42	1,22	0,89	0,50	0,09	-0,33	-0,64	-0,89	-1,10	-1,26	-1,38	-1,38	-1,38	-1,31	-1,24	-1,22	-1,20	-1,24	-1,28	-1,40	-1,51	1,34
08/11/2019 00:55:00	1,40	1,32	1,09	0,72	0,21	-0,36	-0,85	-1,22	-1,41	-1,61	-1,77	-1,73	-1,70	-1,56	-1,42	-1,33	-1,24	-1,22	-1,20	-1,27	-1,35	1,44
08/11/2019 01:00:00	1,38	1,38	1,00	0,46	-0,09	-0,55	-0,99	-1,31	-1,48	-1,58	-1,63	-1,55	-1,47	-1,34	-1,20	-1,15	-1,09	-1,11	-1,12	-1,22	-1,32	1,40
08/11/2019 01:05:00	1,37	1,16	0,88	0,54	0,18	-0,16	-0,51	-0,82	-1,06	-1,25	-1,41	-1,48	-1,54	-1,53	-1,51	-1,52	-1,54	-1,61	-1,68	-1,80	-1,93	1,34
08/11/2019 01:10:00	1,28	1,22	0,94	0,50	0,05	-0,35	-0,72	-1,01	-1,23	-1,31	-1,33	-1,24	-1,16	-1,03	-0,90	-0,86	-0,82	-0,84	-0,87	-0,97	-1,08	1,28
08/11/2019 01:15:00	1,27	1,11	0,81	0,41	-0,01	-0,41	-0,67	-0,85	-1,01	-1,13	-1,20	-1,14	-1,09	-0,97	-0,86	-0,81	-0,77	-0,79	-0,81	-0,92	-1,02	1,26
08/11/2019 01:20:00	1,34	1,23	0,97	0,50	0,01	-0,26	-0,59	-0,86	-1,04	-1,13	-1,17	-1,11	-1,05	-0,93	-0,82	-0,79	-0,75	-0,79	-0,82	-0,93	-1,04	1,37
08/11/2019 01:25:00	1,37	1,39	1,11	0,68	0,26	-0,09	-0,38	-0,58	-0,70	-0,86	-1,00	-1,01	-1,02	-0,96	-0,90	-0,89	-0,87	-0,92	-0,97	-1,09	-1,21	1,36
08/11/2019 01:30:00	1,34	1,27	0,94	0,49	0,08	-0,24	-0,54	-0,79	-1,00	-1,11	-1,18	-1,16	-1,14	-1,08	-1,02	-1,03	-1,03	-1,10	-1,16	-1,29	-1,42	1,35
08/11/2019 01:35:00	1,39	1,30	0,93	0,40	-0,12	-0,46	-0,79	-1,00	-1,13	-1,22	-1,28	-1,22	-1,15	-1,04	-0,92	-0,87	-0,82	-0,85	-0,88	-0,99	-1,09	1,51
08/11/2019 01:40:00	1,46	1,48	1,17	0,68	0,14	-0,32	-0,68	-0,92	-1,05	-1,19	-1,29	-1,23	-1,18	-1,05	-0,92	-0,85	-0,78	-0,78	-0,79	-0,89	-0,98	1,46
08/11/2019 01:45:00	1,56	1,41	1,10	0,72	0,32	-0,11	-0,43	-0,70	-0,95	-1,07	-1,13	-1,09	-1,06	-0,98	-0,89	-0,88	-0,86	-0,91	-0,96	-1,07	-1,19	1,53
08/11/2019 01:50:00	1,61	1,58	1,19	0,68	0,22	-0,26	-0,55	-0,75	-0,95	-1,06	-1,12	-1,08	-1,04	-0,95	-0,86	-0,83	-0,81	-0,85	-0,90	-1,02	-1,13	1,69
08/11/2019 01:55:00	1,72	1,71	1,40	0,96	0,47	-0,04	-0,46	-0,78	-1,03	-1,19	-1,28	-1,25	-1,22	-1,12	-1,02	-0,98	-0,95	-0,98	-1,01	-1,11	-1,22	1,57
08/11/2019 02:00:00	1,77	1,66	1,40	0,99	0,49	-0,04	-0,51	-0,87	-1,10	-1,29	-1,42	-1,40	-1,37	-1,26	-1,15	-1,09	-1,04	-1,04	-1,05	-1,15	-1,24	1,84
08/11/2019 02:05:00	1,93	1,81	1,41	0,91	0,39	-0,16	-0,56	-0,84	-1,01	-1,18	-1,31	-1,30	-1,28	-1,18	-1,07	-1,02	-0,96	-0,98	-0,99	-1,09	-1,19	1,83
08/11/2019 02:10:00	1,89	1,81	1,47	1,00	0,48	-0,03	-0,45	-0,76	-0,94	-1,12	-1,25	-1,24	-1,22	-1,12	-1,02	-0,97	-0,91	-0,93	-0,95	-1,05	-1,15	1,93
08/11/2019 02:15:00	2,01	1,90	1,51	0,91	0,28	-0,18	-0,48	-0,67	-0,83	-0,99	-1,11	-1,08	-1,04	-0,92	-0,80	-0,74	-0,67	-0,69	-0,71	-0,81	-0,92	1,99
08/11/2019 02:20:00	1,95	1,89	1,47	0,84	0,20	-0,29	-0,68	-0,93	-1,08	-1,16	-1,17	-1,04	-0,91	-0,72	-0,54	-0,45	-0,36	-0,35	-0,34	-0,43	-0,52	1,99
08/11/2019 02:25:00	1,97	1,85	1,45	0,95	0,46	0,04	-0,33	-0,61	-0,82	-0,95	-1,03	-1,00	-0,98	-0,89	-0,81	-0,79	-0,77	-0,82	-0,86	-0,98	-1,10	1,90
08/11/2019 02:30:00	1,85	1,67	1,26	0,80	0,40	-0,06	-0,40	-0,64	-0,75	-0,86	-0,95	-0,92	-0,88	-0,79	-0,69	-0,65	-0,62	-0,65	-0,68	-0,79	-0,90	1,89
08/11/2019 02:35:00	1,96	1,81	1,51	1,06	0,55	0,14	-0,28	-0,61	-0,83	-1,01	-1,15	-1,15	-1,15	-1,07	-0,99	-0,97	-0,94	-0,97	-1,01	-1,12	-1,23	1,95
08/11/2019 02:40:00	1,92	1,88	1,50	0,98	0,44	-0,04	-0,39	-0,65	-0,86	-1,01	-1,11	-1,09	-1,06	-0,96	-0,87	-0,83	-0,80	-0,83	-0,87	-0,98	-1,09	2,03
08/11/2019 02:45:00	1,97	1,89	1,65	1,23	0,69	0,18	-0,25	-0,61	-0,91	-1,06	-1,12	-1,05	-0,97	-0,83	-0,69	-0,63	-0,57	-0,58	-0,59	-0,69	-0,78	1,93
08/11/2019 02:50:00	2,04	1,91	1,65	1,26	0,82	0,36	-0,01	-0,32	-0,55	-0,74	-0,88	-0,90	-0,92	-0,85	-0,78	-0,76	-0,74	-0,79	-0,83	-0,94	-1,06	2,16
08/11/2019 02:55:00	2,06	2,02	1,70	1,19	0,65	0,23	-0,08	-0,31	-0,53	-0,66	-0,73	-0,68	-0,63	-0,53	-0,42	-0,38	-0,34	-0,38	-0,42	-0,53	-0,65	2,16
08/11/2019 03:00:00	2,19	2,17	1,83	1,38	0,89	0,38	0,02	-0,26	-0,50	-0,68	-0,81	-0,81	-0,82	-0,74	-0,67	-0,65	-0,63	-0,68	-0,72	-0,84	-0,96	2,13
08/11/2019 03:05:00	2,25	2,21	1,87	1,38	0,86	0,35	-0,04	-0,30	-0,45	-0,62	-0,76	-0,74	-0,72	-0,62	-0,52	-0,46	-0,41	-0,43	-0,44	-0,55	-0,65	2,27
08/11/2019 03:10:00	2,18	2,22	1,88	1,37	0,82	0,30	-0,05	-0,31	-0,54	-0,71	-0,83	-0,81	-0,78	-0,69	-0,60	-0,56	-0,52	-0,55	-0,59	-0,70	-0,82	2,35
08/11/2019 03:15:00	2,35	2,15	1,86	1,47	1,02	0,53	0,11	-0,24	-0,50	-0,69	-0,83	-0,84	-0,85	-0,78	-0,71	-0,69	-0,67	-0,71	-0,75	-0,86	-0,97	2,34
08/11/2019 03:20:00	2,27	2,29	1,96	1,46	0,93	0,43	0,04	-0,24	-0,44	-0,63	-0,78	-0,78	-0,79	-0,72	-0,64	-0,61	-0,58	-0,62	-0,66	-0,77	-0,89	2,39
08/11/2019 03:25:00	2,43	2,34	2,05	1,62	1,10	0,54	0,11	-0,24	-0,51	-0,68	-0,78	-0,74	-0,71	-0,59	-0,47	-0,42	-0,37	-0,39	-0,41	-0,51	-0,61	2,42
08/11/2019 03:30:00	2,51	2,33	2,05	1,66	1,20	0,77	0,31	-0,08	-0,34	-0,50	-0,59	-0,57	-0,55	-0,46	-0,37	-0,35	-0,33	-0,37	-0,41	-0,53	-0,64	2,47
08/11/2019 03:35:00	2,48	2,25	1,99	1,64	1,22	0,78	0,33	-0,06	-0,38	-0,56	-0,66	-0,67	-0,68	-0,62	-0,55	-0,55	-0,55	-0,60	-0,66	-0,77	-0,89	2,50
08/11/2019 03:40:00	2,61	2,40	2,07	1,67	1,22	0,69	0,30	-0,05	-0,41	-0,59	-0,68	-0,68	-0,67	-0,61	-0,54	-0,53	-0,53	-0,59	-0,65	-0,77	-0,89	2,56
08/11/2019 03:45:00	2,54	2,48	2,12	1,61	1,03	0,45	0,00	-0,33	-0,54	-0,70	-0,79	-0,73	-0,67	-0,54	-0,40	-0,33	-0,27	-0,27	-0,28	-0,38	-0,47	2,50
08/11/2019 03:50:00	2,54	2,52	2,20	1,67	1,08	0,53	0,03	-0,38	-0,68	-0,80	-0,82	-0,72	-0,62	-0,47	-0,32	-0,27	-0,22	-0,24	-0,25	-0,35	-0,46	2,63
08/11/2019 03:55:00	2,60	2,47	2,12	1,67	1,20	0,70	0,30	-0,02	-0,26	-0,48	-0,67	-0,74	-0,81	-0,78	-0,75	-0,75	-0,75	-0,82	-0,88	-1,00	-1,13	2,58
08/11/2019 04:00:00	2,64	2,50	2,12	1,66	1,19	0,64	0,19	-0,17	-0,47	-0,65	-0,76	-0,76	-0,77	-0,70	-0,64	-0,63	-0,62	-0,67	-0,73	-0,85	-0,96	2,60
08/11/2019 04:05:00	2,59	2,53	2,22	1,77	1,26	0,69	0,19	-0,21	-0,46	-0,65	-0,79	-0,79	-0,79	-0,70	-0,61	-0,57	-0,54	-0,56	-0,59	-0,70	-0,80	2,66
08/11/2019 04:10:00	2,68	2,52	2,09	1,58	1,07	0,55	0,17	-0,12	-0,38	-0,55	-0,67	-0,68	-0,69	-0,63	-0,57	-0,55	-0,54	-0,60	-0,65	-0,77	-0,89	2,76
08/11/2019 04:15:00	2,81	2,59	2,26	1,86	1,44	0,95	0,50	0,13	-0,08	-0,32	-0,54	-0,63	-0,72	-0,70	-0,69	-0,69	-0,69	-0,75	-0,81	-0,94	-1,06	2,69
08/11/2019 04:20:00	2,72	2,52	2,18	1,74	1,28	0,82	0,43	0,12	-0,10	-0,29	-0,43	-0,46	-0,48	-0,43	-0,37	-0,36	-0,35	-0,41	-0,46	-0,58	-0,70	2,78
08/11/2019 04:25:00	2,65	2,43	2,09	1,64	1,16	0,69	0,37	0,16	0,01	-0,12	-0,20	-0,14	-0,09	0,04	0,16	0,22	0,27	0,26	0,24	0,14	0,03	2,57
08/11/2019 04:30:00	2,56	2,52	2,19	1,71	1,18	0,62	0,26	0,00	-0,23	-0,37	-0,44	-0,37	-0,31	-0,18	-0,05	0,01	0,06	0,04	0,02	-0,08	-0,19	2,51
08/11/2019 04:35:00	2,52	2,45	2,13	1,70	1,20	0,67	0,23	-0,08	-0,21	-0,36	-0,46	-0,41	-0,36	-0,22	-0,08	-0,01	0,06	0,06	0,06	-0,03	-0,13	2,51
08/11/2019 04:40:00	2,52	2,37	1,98	1,43	0,90	0,50	0,24	0,09	-0,02	-0,16	-0,29	-0,27	-0,26	-0,17	-0,09	-0,05	-0,01	-0,05	-0,09	-0,21	-0,33	2,61
08/11/2019 04:45:00	2,47	2,34	1,97	1,50	1,04	0,57	0,21	-0,04	-0,22	-0,32	-0,37	-0,31	-0,25	-0,14	-0,02	0,01	0,05	0,02	-0,01	-0,13	-0,24	2,46
08/11/2019 04:50:00	2,46	2,28	2,01	1,59	1,09	0,64	0,24	-0,10	-0,35	-0,52	-0,62	-0,60	-0,57	-0,48	-0,38	-0,35	-0,31	-0,34	-0,37	-0,48	-0,59	2,54
08/11/2019 04:55:00	2,34	2,20	1,92	1,53	1,08	0,62	0,26	-0,01	-0,18	-0,30	-0,37	-0,30	-0,24	-0,11	0,02	0,08	0,13	0,11	0,10	0,00	-0,10	2,33
08/11/2019 05:00:00	2,17	2,03	1,74	1,40	1,05	0,69	0,47	0,33	0,18	0,12	0,13	0,23	0,33	0,45	0,58	0,61	0,65	0,61	0,57	0,46	0,34	2,16
08/11/2019 05:05:00	2,10	1,99	1,79	1,51	1,20	0,84	0,58	0,41	0,32	0,21	0,12	0,16	0,20	0,30	0,41	0,44	0,48	0,45	0,43	0,32	0,21	2,10
08/11/2019 05:10:00	2,05	2,01	1,76	1,41	1,07	0,80	0,57	0,41	0,28	0,20	0,17	0,22	0,28	0,36	0,45	0,46	0,46	0,41	0,35	0,22	0,09	2,08
08/11/2019 05:15:00	2,09	2,04	1,74	1,32	0,95	0,78	0,72	0,71	0,62	0,48	0,34	0,29	0,24	0,25	0,25	0,22	0,19	0,09	-0,01	-0,16	-0,31	1,97
08/11/2019 05:20:00	2,19	2,00	1,77	1,44	1,05	0,68	0,29	-0,03	-0,26	-0,38	-0,44	-0,40	-0,35	-0,25	-0,15	-0,13	-0,10	-0,14	-0,18	-0,29	-0,40	2,13
08/11/2019 05:25:00	1,95	2,02	1,74	1,31	0,87	0,61	0,37	0,21	0,12	0,04	-0,02	0,03	0,08	0,17	0,27	0,29	0,31	0,26	0,21	0,08	-0,04	1,91
08/11/2019 05:30:00	1,93	1,93	1,67	1,27	0,89	0,57	0,30	0,11	-0,02	-0,05	-0,01	0,11	0,24	0,38	0,52	0,55	0,59	0,55	0,51	0,40	0,28	2,00
08/11/2019 05:35:00	1,99	1,81	1,64	1,38	1,02	0,62	0,30	0,05	-0,10	-0,18	-0,18	-0,06	0,06	0,23	0,40	0,48	0,55	0,56	0,56	0,47	0,38	1,93
08/11/2019 05:40:00	1,89	1,72	1,55	1,29	0,98	0,70	0,47	0,30	0,19	0,06	-0,04	-0,03	-0,02	0,06	0,14	0,16	0,18	0,14	0,10	-0,02	-0,13	1,88
08/11/2019 05:45:00	1,88	1,83	1,64	1,30	0,89	0,52	0,27	0,10	-0,07	-0,13	-0,12	0,01	0,13	0,30	0,46	0,52	0,58	0,57	0,56	0,45	0,35	1,95
08/11/2019 05:50:00	1,91	1,83	1,58	1,25	0,92	0,59	0,35	0,19	0,10	0,03	0,00	0,09	0,17	0,29	0,41	0,45	0,49	0,46	0,43	0,32	0,21	1,96
08/11/2019 05:55:00	1,85	1,82	1,52	1,14	0,80	0,49	0,29	0,19	0,13	0,10	0,10	0,20	0,30	0,43	0,56	0,60	0,64	0,61	0,57	0,46	0,34	1,79
08/11/2019 06:00:00	1,86	1,75	1,56	1,31	1,02	0,67	0,38	0,15	-0,02	-0,11	-0,13	-0,06	0,01	0,12	0,24	0,26	0,29	0,26	0,22	0,11	0,00	1,81
08/11/2019 06:05:00	1,83	1,84	1,59	1,27	0,96	0,63	0,38	0,21	0,11	0,03	-0,01	0,04	0,10	0,19	0,29	0,31	0,33	0,28	0,23	0,11	-0,01	1,77
08/11/2019 06:10:00	1,85	1,78	1,62	1,34	1,01	0,71	0,47	0,30	0,17	0,05	-0,02	0,02	0,05	0,15	0,24	0,27	0,30	0,26	0,22	0,10	-0,01	1,85
08/11/2019 06:15:00	1,81	1,78	1,63	1,41	1,14	0,87	0,55	0,28	0,12	-0,01	-0,11	-0,11	-0,12	-0,06	-0,01	-0,01	-0,01	-0,07	-0,14	-0,26	-0,38	1,90
08/11/2019 06:20:00	1,92	1,80	1,59	1,34	1,05	0,68	0,35	0,11	-0,01	-0,11	-0,17	-0,12	-0,07	0,04	0,16	0,19	0,23	0,20	0,18	0,07	-0,04	1,90
08/11/2019 06:25:00	1,93	1,84	1,62	1,26	0,88	0,54	0,32	0,14	-0,06	-0,15	-0,18	-0,11	-0,05	0,06	0,17	0,19	0,21	0,17	0,12	0,00	-0,11	1,93
08/11/2019 06:30:00	1,97	1,98	1,72	1,32	0,86	0,46	0,16	-0,03	-0,15	-0,23	-0,25	-0,14	-0,03	0,13	0,29	0,36	0,43	0,42	0,42	0,32	0,22	1,92
08/11/2019 06:35:00	2,00	1,92	1,73	1,42	1,05	0,61	0,32	0,12	-0,04	-0,20	-0,31	-0,29	-0,27	-0,18	-0,08	-0,04	0,00	-0,03	-0,06	-0,16	-0,27	2,08
08/11/2019 06:40:00	2,16	1,96	1,72	1,39	1,02	0,70	0,38	0,14	0,01	-0,13	-0,24	-0,23	-0,23	-0,15	-0,07	-0,05	-0,02	-0,06	-0,10	-0,22	-0,33	2,12
08/11/2019 06:45:00	2,13	2,10	1,79	1,38	1,03	0,74	0,44	0,23	0,14	0,02	-0,10	-0,11	-0,13	-0,08	-0,04	-0,05	-0,05	-0,13	-0,20	-0,33	-0,46	2,15
08/11/2019 06:50:00	2,26	2,24	1,93	1,54	1,14	0,70	0,33	0,05	-0,13	-0,29	-0,40	-0,40	-0,41	-0,34	-0,27	-0,26	-0,25	-0,31	-0,36	-0,48	-0,60	2,18
08/11/2019 06:55:00	2,30	2,24	1,96	1,59	1,21	0,80	0,45	0,15	-0,12	-0,29	-0,41	-0,45	-0,48	-0,45	-0,43	-0,45	-0,47	-0,55	-0,63	-0,76	-0,89	2,30
08/11/2019 07:00:00	2,34	2,14	1,85	1,52	1,16	0,76	0,45	0,20	-0,05	-0,20	-0,30	-0,31	-0,32	-0,27	-0,22	-0,22	-0,22	-0,29	-0,35	-0,48	-0,60	2,24
08/11/2019 07:05:00	2,48	2,25	2,02	1,66	1,20	0,79	0,41	0,09	-0,16	-0,35	-0,48	-0,49	-0,49	-0,41	-0,32	-0,30	-0,27	-0,30	-0,34	-0,45	-0,56	2,31
08/11/2019 07:10:00	2,25	2,28	2,00	1,60	1,16	0,73	0,35	0,04	-0,21	-0,40	-0,55	-0,59	-0,63	-0,59	-0,56	-0,56	-0,57	-0,64	-0,71	-0,84	-0,96	2,26
08/11/2019 07:15:00	2,26	2,07	1,81	1,40	0,94	0,56	0,22	-0,06	-0,30	-0,45	-0,55	-0,54	-0,53	-0,45	-0,37	-0,35	-0,33	-0,38	-0,42	-0,54	-0,65	2,30
08/11/2019 07:20:00	2,20	2,10	1,89	1,54	1,09	0,64	0,28	-0,03	-0,31	-0,52	-0,67	-0,69	-0,71	-0,65	-0,60	-0,58	-0,57	-0,62	-0,67	-0,78	-0,90	2,21
08/11/2019 07:25:00	2,25	2,17	1,91	1,53	1,09	0,69	0,28	-0,07	-0,35	-0,52	-0,63	-0,64	-0,64	-0,58	-0,52	-0,52	-0,51	-0,57	-0,63	-0,75	-0,87	2,22
08/11/2019 07:30:00	2,32	2,32	1,94	1,47	1,01	0,49	0,12	-0,14	-0,34	-0,49	-0,60	-0,59	-0,58	-0,50	-0,43	-0,41	-0,39	-0,44	-0,49	-0,61	-0,73	2,29
08/11/2019 07:35:00	2,30	2,23	2,03	1,64	1,09	0,50	0,00	-0,41	-0,73	-0,91	-0,99	-0,92	-0,85	-0,70	-0,55	-0,47	-0,40	-0,39	-0,38	-0,47	-0,56	2,30
08/11/2019 07:40:00	2,35	2,14	1,90	1,57	1,18	0,78	0,32	-0,10	-0,37	-0,61	-0,82	-0,91	-1,00	-0,99	-0,99	-1,01	-1,02	-1,09	-1,17	-1,29	-1,41	2,28
08/11/2019 07:45:00	2,40	2,22	1,93	1,50	0,99	0,46	0,04	-0,33	-0,65	-0,83	-0,92	-0,89	-0,86	-0,76	-0,65	-0,62	-0,59	-0,62	-0,65	-0,76	-0,86	2,40
08/11/2019 07:50:00	2,31	2,30	1,93	1,42	0,88	0,31	-0,09	-0,38	-0,65	-0,79	-0,87	-0,82	-0,77	-0,66	-0,55	-0,51	-0,47	-0,50	-0,54	-0,65	-0,76	2,39
08/11/2019 07:55:00	2,39	2,23	1,86	1,33	0,80	0,31	-0,06	-0,29	-0,41	-0,56	-0,68	-0,64	-0,60	-0,48	-0,36	-0,30	-0,23	-0,24	-0,25	-0,35	-0,45	2,40
08/11/2019 08:00:00	2,36	2,18	1,87	1,46	1,01	0,53	0,13	-0,21	-0,49	-0,66	-0,77	-0,78	-0,78	-0,71	-0,64	-0,62	-0,61	-0,66	-0,70	-0,82	-0,94	2,41
08/11/2019 08:05:00	2,43	2,31	1,99	1,52	0,99	0,52	0,07	-0,29	-0,55	-0,75	-0,90	-0,93	-0,95	-0,89	-0,82	-0,80	-0,79	-0,83	-0,88	-0,99	-1,11	2,36
08/11/2019 08:10:00	2,40	2,36	1,96	1,42	0,87	0,29	-0,12	-0,43	-0,70	-0,86	-0,95	-0,92	-0,89	-0,79	-0,70	-0,66	-0,63	-0,67	-0,70	-0,82	-0,93	2,50
08/11/2019 08:15:00	2,43	2,40	2,06	1,52	0,90	0,33	-0,19	-0,57	-0,79	-1,00	-1,15	-1,13	-1,11	-1,00	-0,88	-0,82	-0,75	-0,76	-0,77	-0,86	-0,96	2,45
08/11/2019 08:20:00	2,47	2,28	1,98	1,55	1,05	0,51	0,02	-0,37	-0,60	-0,82	-1,01	-1,04	-1,07	-1,00	-0,93	-0,89	-0,85	-0,88	-0,90	-1,01	-1,11	2,48
08/11/2019 08:25:00	2,42	2,32	1,95	1,43	0,88	0,26	-0,21	-0,55	-0,80	-0,99	-1,13	-1,12	-1,11	-1,01	-0,90	-0,86	-0,81	-0,83	-0,85	-0,95	-1,05	2,49
08/11/2019 08:30:00	2,47	2,21	1,85	1,39	0,87	0,37	-0,08	-0,45	-0,72	-0,89	-0,99	-0,96	-0,94	-0,84	-0,74	-0,71	-0,67	-0,70	-0,73	-0,84	-0,94	2,39
08/11/2019 08:35:00	2,49	2,29	1,97	1,53	1,00	0,40	-0,15	-0,58	-0,82	-1,01	-1,15	-1,12	-1,09	-0,96	-0,83	-0,76	-0,69	-0,69	-0,68	-0,77	-0,86	2,53
08/11/2019 08:40:00	2,48	2,21	1,89	1,45	0,94	0,40	-0,10	-0,52	-0,82	-1,03	-1,18	-1,20	-1,21	-1,13	-1,05	-1,02	-0,98	-1,01	-1,04	-1,14	-1,24	2,50
08/11/2019 08:45:00	2,55	2,25	1,96	1,63	1,24	0,70	0,19	-0,30	-0,71	-1,01	-1,25	-1,40	-1,55	-1,58	-1,61	-1,66	-1,70	-1,79	-1,88	-2,01	-2,14	2,50
08/11/2019 08:50:00	2,58	2,33	1,96	1,50	1,02	0,54	0,11	-0,27	-0,59	-0,86	-1,10	-1,22	-1,34	-1,36	-1,37	-1,40	-1,42	-1,51	-1,59	-1,72	-1,85	2,54
08/11/2019 08:55:00	2,48	2,37	2,10	1,73	1,25	0,59	-0,01	-0,53	-0,89	-1,18	-1,42	-1,52	-1,61	-1,58	-1,55	-1,54	-1,53	-1,57	-1,61	-1,72	-1,83	2,47
08/11/2019 09:00:00	2,54	2,39	2,00	1,48	0,90	0,25	-0,30	-0,75	-1,09	-1,34	-1,53	-1,58	-1,62	-1,56	-1,50	-1,47	-1,45	-1,48	-1,52	-1,63	-1,73	2,58
08/11/2019 09:05:00	2,64	2,50	2,15	1,67	1,10	0,45	-0,19	-0,70	-0,98	-1,23	-1,44	-1,48	-1,52	-1,44	-1,35	-1,31	-1,26	-1,27	-1,29	-1,38	-1,48	2,57
08/11/2019 09:10:00	2,59	2,50	2,03	1,41	0,78	0,15	-0,36	-0,73	-0,99	-1,16	-1,27	-1,24	-1,20	-1,08	-0,97	-0,92	-0,86	-0,88	-0,90	-1,00	-1,10	2,60
08/11/2019 09:15:00	2,52	2,36	2,03	1,56	0,98	0,36	-0,26	-0,77	-1,11	-1,30	-1,41	-1,38	-1,35	-1,22	-1,10	-1,05	-0,99	-1,00	-1,01	-1,10	-1,19	2,50
08/11/2019 09:20:00	2,47	2,31	1,88	1,33	0,78	0,24	-0,26	-0,67	-0,95	-1,19	-1,39	-1,46	-1,54	-1,51	-1,48	-1,48	-1,48	-1,55	-1,61	-1,73	-1,85	2,41
08/11/2019 09:25:00	2,38	2,20	1,81	1,24	0,64	0,05	-0,39	-0,74	-1,02	-1,24	-1,40	-1,42	-1,44	-1,37	-1,29	-1,25	-1,22	-1,25	-1,28	-1,38	-1,49	2,42
08/11/2019 09:30:00	2,39	2,26	1,81	1,22	0,63	0,04	-0,43	-0,79	-1,05	-1,23	-1,37	-1,36	-1,36	-1,27	-1,18	-1,15	-1,11	-1,15	-1,18	-1,29	-1,40	2,42
08/11/2019 09:35:00	2,31	2,17	1,82	1,30	0,71	0,21	-0,33	-0,79	-1,12	-1,31	-1,42	-1,41	-1,40	-1,31	-1,22	-1,19	-1,17	-1,20	-1,24	-1,35	-1,45	2,41
08/11/2019 09:40:00	2,41	2,17	1,82	1,32	0,73	0,21	-0,29	-0,70	-1,00	-1,21	-1,36	-1,36	-1,36	-1,27	-1,18	-1,14	-1,10	-1,13	-1,15	-1,26	-1,36	2,35
08/11/2019 09:45:00	2,29	2,15	1,76	1,20	0,63	0,15	-0,28	-0,62	-0,84	-1,06	-1,26	-1,32	-1,37	-1,34	-1,30	-1,28	-1,27	-1,32	-1,37	-1,49	-1,61	2,34
08/11/2019 09:50:00	2,29	2,04	1,71	1,22	0,66	0,10	-0,31	-0,63	-0,91	-1,11	-1,24	-1,23	-1,21	-1,11	-1,01	-0,96	-0,91	-0,93	-0,95	-1,05	-1,15	2,26
08/11/2019 09:55:00	2,14	1,92	1,56	1,12	0,69	0,31	0,02	-0,24	-0,54	-0,64	-0,67	-0,64	-0,60	-0,53	-0,45	-0,46	-0,47	-0,54	-0,61	-0,74	-0,86	2,21
08/11/2019 10:00:00	2,09	1,96	1,57	1,04	0,51	0,10	-0,16	-0,32	-0,47	-0,56	-0,59	-0,50	-0,41	-0,27	-0,13	-0,07	-0,02	-0,04	-0,06	-0,17	-0,28	1,98
08/11/2019 10:05:00	2,01	1,81	1,49	1,09	0,66	0,18	-0,27	-0,61	-0,77	-0,89	-0,96	-0,90	-0,84	-0,71	-0,57	-0,51	-0,45	-0,46	-0,47	-0,56	-0,65	1,96
08/11/2019 10:10:00	1,82	1,64	1,29	0,82	0,33	-0,06	-0,36	-0,57	-0,72	-0,88	-1,00	-0,99	-0,98	-0,90	-0,81	-0,77	-0,74	-0,77	-0,80	-0,91	-1,02	1,83
08/11/2019 10:15:00	1,59	1,43	1,12	0,71	0,25	-0,16	-0,50	-0,72	-0,84	-0,93	-0,95	-0,84	-0,74	-0,57	-0,41	-0,33	-0,26	-0,25	-0,25	-0,34	-0,43	1,59
08/11/2019 10:20:00	1,40	1,36	1,06	0,66	0,26	-0,05	-0,44	-0,73	-0,91	-1,04	-1,13	-1,12	-1,12	-1,06	-0,99	-0,99	-0,98	-1,04	-1,09	-1,21	-1,33	1,33
08/11/2019 10:25:00	1,42	1,30	0,96	0,53	0,12	-0,28	-0,56	-0,74	-0,87	-0,98	-1,05	-1,01	-0,97	-0,87	-0,77	-0,73	-0,70	-0,73	-0,76	-0,87	-0,98	1,31
08/11/2019 10:30:00	1,30	0,97	0,71	0,44	0,19	-0,02	-0,24	-0,41	-0,54	-0,60	-0,62	-0,56	-0,51	-0,42	-0,33	-0,32	-0,31	-0,36	-0,41	-0,53	-0,64	1,14
08/11/2019 10:35:00	1,12	1,01	0,80	0,53	0,26	0,02	-0,22	-0,40	-0,52	-0,57	-0,58	-0,51	-0,44	-0,34	-0,23	-0,22	-0,20	-0,25	-0,30	-0,41	-0,53	0,91
08/11/2019 10:40:00	0,90	0,87	0,71	0,44	0,09	-0,25	-0,57	-0,81	-0,92	-1,03	-1,09	-1,03	-0,97	-0,84	-0,71	-0,66	-0,60	-0,61	-0,62	-0,71	-0,81	0,96
08/11/2019 10:45:00	0,97	0,90	0,71	0,40	0,04	-0,33	-0,60	-0,83	-1,04	-1,13	-1,16	-1,08	-1,01	-0,89	-0,77	-0,73	-0,69	-0,72	-0,74	-0,85	-0,96	0,94
08/11/2019 10:50:00	0,81	0,78	0,59	0,30	0,02	-0,15	-0,35	-0,48	-0,55	-0,57	-0,54	-0,44	-0,34	-0,23	-0,11	-0,08	-0,05	-0,10	-0,14	-0,25	-0,37	0,93
08/11/2019 10:55:00	0,75	0,71	0,49	0,15	-0,15	-0,34	-0,44	-0,43	-0,38	-0,38	-0,34	-0,19	-0,05	0,12	0,29	0,36	0,42	0,41	0,40	0,30	0,20	0,74
08/11/2019 11:00:00	0,79	0,69	0,49	0,23	-0,02	-0,28	-0,40	-0,47	-0,54	-0,55	-0,53	-0,42	-0,30	-0,16	-0,03	0,02	0,06	0,03	0,01	-0,10	-0,21	0,74
08/11/2019 11:05:00	0,77	0,78	0,61	0,34	0,05	-0,19	-0,34	-0,43	-0,48	-0,49	-0,47	-0,34	-0,21	-0,06	0,09	0,14	0,20	0,18	0,16	0,05	-0,05	0,80
08/11/2019 11:10:00	0,67	0,62	0,41	0,13	-0,13	-0,35	-0,41	-0,41	-0,43	-0,47	-0,48	-0,39	-0,30	-0,19	-0,07	-0,03	0,01	-0,02	-0,05	-0,17	-0,28	0,73
08/11/2019 11:15:00	0,74	0,67	0,50	0,23	-0,05	-0,20	-0,35	-0,40	-0,38	-0,40	-0,40	-0,28	-0,16	-0,02	0,13	0,18	0,24	0,22	0,21	0,10	0,00	0,68
08/11/2019 11:20:00	0,81	0,74	0,58	0,35	0,06	-0,27	-0,49	-0,65	-0,76	-0,84	-0,88	-0,81	-0,73	-0,60	-0,47	-0,42	-0,36	-0,38	-0,39	-0,49	-0,59	0,78
08/11/2019 11:25:00	0,67	0,66	0,42	0,14	-0,13	-0,46	-0,66	-0,75	-0,77	-0,78	-0,74	-0,60	-0,46	-0,29	-0,12	-0,04	0,03	0,02	0,02	-0,07	-0,17	0,71
08/11/2019 11:30:00	0,59	0,48	0,36	0,19	0,03	-0,10	-0,24	-0,33	-0,38	-0,39	-0,36	-0,26	-0,17	-0,05	0,07	0,09	0,11	0,07	0,03	-0,09	-0,20	0,55
08/11/2019 11:35:00	0,53	0,52	0,46	0,36	0,23	0,07	-0,02	-0,08	-0,13	-0,17	-0,16	-0,07	0,01	0,12	0,24	0,26	0,29	0,25	0,21	0,10	-0,02	0,44
08/11/2019 11:40:00	0,45	0,45	0,28	0,04	-0,14	-0,21	-0,22	-0,17	-0,12	-0,10	-0,07	0,04	0,15	0,27	0,39	0,42	0,44	0,40	0,35	0,23	0,11	0,42
08/11/2019 11:45:00	0,36	0,32	0,22	0,07	-0,10	-0,27	-0,36	-0,38	-0,39	-0,36	-0,28	-0,12	0,04	0,21	0,39	0,44	0,50	0,49	0,48	0,38	0,28	0,35
08/11/2019 11:50:00	0,28	0,29	0,24	0,15	0,02	-0,08	-0,20	-0,26	-0,24	-0,28	-0,30	-0,22	-0,15	-0,04	0,07	0,10	0,13	0,10	0,07	-0,04	-0,15	0,31
08/11/2019 11:55:00	0,23	0,16	0,14	0,05	-0,09	-0,23	-0,39	-0,52	-0,59	-0,59	-0,54	-0,41	-0,28	-0,13	0,02	0,06	0,10	0,07	0,05	-0,05	-0,15	0,29
08/11/2019 12:00:00	0,37	0,32	0,34	0,29	0,14	-0,06	-0,25	-0,41	-0,52	-0,55	-0,53	-0,41	-0,30	-0,15	-0,01	0,04	0,09	0,07	0,06	-0,04	-0,14	0,38
08/11/2019 12:05:00	0,51	0,44	0,31	0,14	-0,04	-0,26	-0,33	-0,35	-0,33	-0,37	-0,39	-0,30	-0,20	-0,08	0,05	0,10	0,15	0,13	0,11	0,01	-0,10	0,48
08/11/2019 12:10:00	0,59	0,50	0,35	0,19	0,02	-0,17	-0,34	-0,45	-0,51	-0,55	-0,57	-0,50	-0,43	-0,33	-0,22	-0,20	-0,18	-0,22	-0,26	-0,37	-0,49	0,48
08/11/2019 12:15:00	0,61	0,60	0,42	0,15	-0,12	-0,32	-0,47	-0,56	-0,62	-0,71	-0,77	-0,73	-0,70	-0,62	-0,54	-0,52	-0,50	-0,54	-0,59	-0,71	-0,83	0,66
08/11/2019 12:20:00	0,65	0,68	0,42	0,06	-0,25	-0,47	-0,61	-0,66	-0,69	-0,71	-0,70	-0,59	-0,49	-0,37	-0,25	-0,21	-0,18	-0,21	-0,25	-0,37	-0,48	0,63
08/11/2019 12:25:00	0,73	0,62	0,51	0,25	-0,12	-0,48	-0,77	-0,97	-1,09	-1,15	-1,13	-0,98	-0,83	-0,63	-0,43	-0,33	-0,24	-0,21	-0,18	-0,26	-0,34	0,68
08/11/2019 12:30:00	0,70	0,83	0,57	0,08	-0,44	-0,78	-1,04	-1,15	-1,16	-1,21	-1,20	-1,04	-0,89	-0,68	-0,48	-0,38	-0,27	-0,25	-0,23	-0,31	-0,40	0,73
08/11/2019 12:35:00	0,71	0,63	0,43	0,14	-0,20	-0,52	-0,80	-1,02	-1,19	-1,24	-1,22	-1,11	-1,01	-0,86	-0,72	-0,67	-0,63	-0,64	-0,66	-0,77	-0,87	0,73
08/11/2019 12:40:00	0,73	0,69	0,45	0,08	-0,34	-0,71	-1,04	-1,26	-1,34	-1,44	-1,49	-1,41	-1,33	-1,18	-1,03	-0,96	-0,88	-0,88	-0,87	-0,96	-1,06	0,78
08/11/2019 12:45:00	0,81	0,80	0,46	-0,03	-0,50	-0,87	-1,18	-1,38	-1,52	-1,54	-1,49	-1,34	-1,19	-1,02	-0,85	-0,79	-0,72	-0,73	-0,74	-0,84	-0,94	0,81
08/11/2019 12:50:00	0,72	0,73	0,46	0,06	-0,37	-0,82	-1,12	-1,35	-1,57	-1,62	-1,59	-1,46	-1,33	-1,16	-1,00	-0,94	-0,88	-0,89	-0,90	-1,00	-1,10	0,79
08/11/2019 12:55:00	0,73	0,82	0,54	0,08	-0,41	-0,83	-1,25	-1,54	-1,68	-1,71	-1,68	-1,53	-1,37	-1,18	-0,98	-0,89	-0,81	-0,79	-0,78	-0,87	-0,95	0,76
08/11/2019 13:00:00	0,76	0,73	0,46	0,06	-0,36	-0,78	-1,09	-1,29	-1,40	-1,52	-1,59	-1,52	-1,45	-1,32	-1,18	-1,12	-1,05	-1,05	-1,06	-1,15	-1,25	0,68
08/11/2019 13:05:00	0,76	0,72	0,37	-0,11	-0,54	-0,84	-1,03	-1,14	-1,25	-1,30	-1,31	-1,23	-1,14	-1,03	-0,91	-0,87	-0,83	-0,87	-0,90	-1,02	-1,13	0,86
08/11/2019 13:10:00	0,51	0,55	0,35	0,06	-0,23	-0,47	-0,69	-0,85	-0,97	-0,93	-0,84	-0,68	-0,52	-0,36	-0,19	-0,15	-0,11	-0,14	-0,16	-0,27	-0,38	0,63
08/11/2019 13:15:00	0,43	0,27	0,23	0,20	0,13	-0,06	-0,18	-0,29	-0,43	-0,50	-0,54	-0,51	-0,48	-0,40	-0,33	-0,33	-0,33	-0,38	-0,43	-0,55	-0,67	0,37
08/11/2019 13:20:00	0,28	0,42	0,23	0,03	-0,14	-0,37	-0,45	-0,42	-0,34	-0,35	-0,36	-0,26	-0,15	-0,02	0,11	0,15	0,20	0,18	0,15	0,04	-0,07	0,24
08/11/2019 13:25:00	0,19	0,19	0,15	0,01	-0,18	-0,35	-0,41	-0,42	-0,42	-0,43	-0,39	-0,24	-0,09	0,08	0,24	0,31	0,38	0,38	0,37	0,28	0,18	0,16
08/11/2019 13:30:00	0,14	0,19	0,14	-0,02	-0,22	-0,40	-0,56	-0,64	-0,67	-0,59	-0,44	-0,20	0,03	0,26	0,49	0,58	0,67	0,68	0,70	0,61	0,52	0,06
08/11/2019 13:35:00	0,00	0,09	-0,02	-0,13	-0,22	-0,41	-0,45	-0,45	-0,44	-0,43	-0,40	-0,30	-0,19	-0,07	0,05	0,08	0,11	0,08	0,04	-0,07	-0,18	-0,01
08/11/2019 13:40:00	0,00	0,17	0,00	-0,24	-0,44	-0,55	-0,59	-0,59	-0,61	-0,55	-0,46	-0,32	-0,17	-0,04	0,09	0,11	0,13	0,08	0,03	-0,09	-0,22	0,04
08/11/2019 13:45:00	0,05	0,08	0,01	-0,18	-0,37	-0,44	-0,49	-0,49	-0,48	-0,46	-0,40	-0,27	-0,13	0,01	0,16	0,21	0,25	0,23	0,20	0,09	-0,02	-0,01
08/11/2019 13:50:00	-0,11	0,02	0,02	-0,07	-0,23	-0,41	-0,53	-0,63	-0,72	-0,70	-0,62	-0,46	-0,30	-0,13	0,03	0,08	0,13	0,11	0,10	-0,01	-0,11	-0,11
08/11/2019 13:55:00	-0,14	-0,08	-0,05	-0,17	-0,38	-0,55	-0,72	-0,86	-0,98	-0,93	-0,81	-0,62	-0,42	-0,22	-0,02	0,05	0,12	0,12	0,13	0,03	-0,06	-0,05
08/11/2019 14:00:00	-0,08	-0,06	-0,13	-0,30	-0,48	-0,56	-0,65	-0,67	-0,63	-0,67	-0,68	-0,60	-0,52	-0,40	-0,28	-0,24	-0,19	-0,22	-0,24	-0,35	-0,46	-0,09
08/11/2019 14:05:00	-0,07	-0,01	-0,12	-0,29	-0,44	-0,60	-0,70	-0,73	-0,73	-0,69	-0,59	-0,43	-0,27	-0,10	0,06	0,11	0,16	0,14	0,12	0,02	-0,09	-0,11
08/11/2019 14:10:00	-0,12	-0,13	-0,14	-0,24	-0,42	-0,57	-0,75	-0,90	-1,01	-1,00	-0,94	-0,79	-0,65	-0,49	-0,32	-0,28	-0,23	-0,24	-0,25	-0,35	-0,45	-0,14
08/11/2019 14:15:00	-0,04	-0,22	-0,24	-0,27	-0,35	-0,51	-0,62	-0,72	-0,80	-0,85	-0,86	-0,80	-0,73	-0,62	-0,51	-0,48	-0,46	-0,49	-0,52	-0,62	-0,73	-0,15
08/11/2019 14:20:00	-0,21	-0,16	-0,26	-0,43	-0,60	-0,76	-0,86	-0,91	-0,96	-0,90	-0,79	-0,61	-0,44	-0,27	-0,10	-0,05	0,00	-0,02	-0,04	-0,15	-0,25	-0,17
08/11/2019 14:25:00	-0,22	-0,15	-0,27	-0,42	-0,54	-0,60	-0,67	-0,72	-0,78	-0,76	-0,72	-0,64	-0,56	-0,48	-0,40	-0,40	-0,41	-0,48	-0,55	-0,68	-0,81	-0,19
08/11/2019 14:30:00	-0,11	-0,11	-0,23	-0,41	-0,59	-0,76	-0,91	-0,99	-1,02	-1,01	-0,97	-0,85	-0,73	-0,59	-0,45	-0,40	-0,36	-0,38	-0,40	-0,51	-0,61	-0,19
08/11/2019 14:35:00	-0,19	-0,21	-0,29	-0,40	-0,53	-0,65	-0,77	-0,84	-0,89	-0,96	-1,02	-0,99	-0,97	-0,90	-0,82	-0,81	-0,80	-0,85	-0,90	-1,02	-1,14	-0,17
08/11/2019 14:40:00	-0,14	-0,11	-0,22	-0,42	-0,63	-0,82	-0,92	-0,98	-1,02	-1,06	-1,06	-0,97	-0,88	-0,76	-0,64	-0,60	-0,56	-0,59	-0,62	-0,73	-0,83	-0,19
08/11/2019 14:45:00	-0,17	-0,13	-0,26	-0,45	-0,64	-0,81	-0,96	-1,05	-1,10	-1,14	-1,16	-1,10	-1,04	-0,94	-0,85	-0,83	-0,81	-0,85	-0,89	-1,00	-1,12	-0,18
08/11/2019 14:50:00	-0,13	-0,06	-0,25	-0,49	-0,71	-0,89	-1,04	-1,15	-1,27	-1,27	-1,23	-1,14	-1,04	-0,94	-0,84	-0,83	-0,82	-0,88	-0,93	-1,05	-1,17	-0,16
08/11/2019 14:55:00	-0,20	-0,22	-0,21	-0,28	-0,45	-0,68	-0,82	-0,96	-1,12	-1,28	-1,43	-1,46	-1,49	-1,45	-1,41	-1,40	-1,39	-1,44	-1,49	-1,60	-1,72	-0,15
08/11/2019 15:00:00	-0,21	-0,18	-0,26	-0,37	-0,54	-0,72	-0,88	-1,00	-1,08	-1,24	-1,39	-1,43	-1,47	-1,44	-1,41	-1,41	-1,41	-1,47	-1,52	-1,65	-1,77	-0,16
08/11/2019 15:05:00	-0,19	-0,16	-0,32	-0,51	-0,69	-0,85	-0,94	-1,04	-1,17	-1,31	-1,44	-1,51	-1,57	-1,58	-1,58	-1,62	-1,66	-1,75	-1,84	-1,98	-2,12	-0,19
08/11/2019 15:10:00	-0,22	-0,25	-0,37	-0,53	-0,71	-0,88	-1,09	-1,28	-1,46	-1,54	-1,60	-1,60	-1,60	-1,56	-1,52	-1,54	-1,56	-1,63	-1,70	-1,83	-1,95	-0,22
08/11/2019 15:15:00	-0,25	-0,31	-0,41	-0,60	-0,85	-1,06	-1,24	-1,41	-1,60	-1,73	-1,82	-1,82	-1,82	-1,76	-1,71	-1,70	-1,69	-1,75	-1,80	-1,92	-2,04	-0,27
08/11/2019 15:20:00	-0,34	-0,25	-0,39	-0,61	-0,87	-1,21	-1,44	-1,65	-1,89	-1,99	-2,06	-2,04	-2,03	-1,96	-1,89	-1,89	-1,89	-1,94	-1,99	-2,11	-2,23	-0,32
08/11/2019 15:25:00	-0,32	-0,32	-0,44	-0,60	-0,83	-1,08	-1,39	-1,68	-1,92	-2,05	-2,14	-2,16	-2,18	-2,14	-2,09	-2,10	-2,12	-2,18	-2,24	-2,36	-2,48	-0,32
08/11/2019 15:30:00	-0,35	-0,45	-0,59	-0,77	-1,00	-1,33	-1,53	-1,73	-1,94	-2,05	-2,12	-2,09	-2,07	-1,99	-1,91	-1,89	-1,87	-1,91	-1,95	-2,06	-2,17	-0,34
08/11/2019 15:35:00	-0,35	-0,45	-0,62	-0,85	-1,10	-1,30	-1,54	-1,76	-1,94	-2,08	-2,20	-2,23	-2,26	-2,23	-2,20	-2,21	-2,22	-2,28	-2,35	-2,46	-2,58	-0,34
08/11/2019 15:40:00	-0,32	-0,42	-0,53	-0,73	-1,02	-1,30	-1,60	-1,90	-2,15	-2,31	-2,42	-2,44	-2,46	-2,40	-2,35	-2,34	-2,33	-2,38	-2,43	-2,54	-2,64	-0,34
08/11/2019 15:45:00	-0,25	-0,45	-0,60	-0,74	-0,94	-1,23	-1,49	-1,74	-1,96	-2,15	-2,33	-2,40	-2,48	-2,47	-2,45	-2,46	-2,48	-2,54	-2,60	-2,71	-2,83	-0,35
08/11/2019 15:50:00	-0,38	-0,39	-0,54	-0,77	-1,01	-1,24	-1,49	-1,74	-1,96	-2,17	-2,37	-2,49	-2,61	-2,64	-2,67	-2,72	-2,76	-2,85	-2,95	-3,08	-3,21	-0,34
08/11/2019 15:55:00	-0,32	-0,46	-0,60	-0,71	-0,86	-1,11	-1,45	-1,75	-1,94	-2,17	-2,38	-2,51	-2,63	-2,66	-2,68	-2,71	-2,75	-2,83	-2,90	-3,02	-3,15	-0,32
08/11/2019 16:00:00	-0,31	-0,47	-0,59	-0,74	-0,96	-1,20	-1,55	-1,92	-2,25	-2,40	-2,52	-2,57	-2,63	-2,62	-2,61	-2,64	-2,67	-2,75	-2,83	-2,95	-3,07	-0,33
08/11/2019 16:05:00	-0,35	-0,29	-0,42	-0,65	-0,96	-1,36	-1,67	-1,98	-2,29	-2,50	-2,67	-2,74	-2,81	-2,79	-2,77	-2,78	-2,78	-2,84	-2,90	-3,02	-3,13	-0,31
08/11/2019 16:10:00	-0,34	-0,51	-0,69	-0,86	-1,02	-1,17	-1,31	-1,51	-1,78	-2,02	-2,27	-2,46	-2,66	-2,76	-2,87	-2,96	-3,05	-3,19	-3,32	-3,48	-3,63	-0,31
08/11/2019 16:15:00	-0,19	-0,46	-0,62	-0,83	-1,09	-1,31	-1,58	-1,86	-2,10	-2,32	-2,52	-2,62	-2,73	-2,74	-2,75	-2,77	-2,80	-2,87	-2,94	-3,06	-3,19	-0,31
08/11/2019 16:20:00	-0,35	-0,43	-0,62	-0,87	-1,16	-1,45	-1,74	-1,98	-2,15	-2,40	-2,64	-2,76	-2,88	-2,89	-2,90	-2,91	-2,92	-2,99	-3,05	-3,17	-3,29	-0,29
08/11/2019 16:25:00	-0,33	-0,29	-0,47	-0,76	-1,09	-1,38	-1,68	-1,96	-2,24	-2,45	-2,63	-2,72	-2,82	-2,83	-2,84	-2,87	-2,90	-2,98	-3,07	-3,20	-3,33	-0,30
08/11/2019 16:30:00	-0,37	-0,24	-0,45	-0,75	-1,08	-1,50	-1,80	-2,09	-2,39	-2,58	-2,74	-2,81	-2,87	-2,86	-2,85	-2,87	-2,88	-2,96	-3,03	-3,15	-3,28	-0,29
08/11/2019 16:35:00	-0,34	-0,32	-0,51	-0,75	-1,03	-1,37	-1,73	-2,04	-2,28	-2,49	-2,67	-2,76	-2,85	-2,85	-2,85	-2,87	-2,89	-2,96	-3,03	-3,15	-3,27	-0,31
08/11/2019 16:40:00	-0,27	-0,40	-0,68	-0,93	-1,13	-1,31	-1,56	-1,77	-1,92	-2,10	-2,30	-2,42	-2,55	-2,60	-2,64	-2,70	-2,76	-2,86	-2,97	-3,11	-3,24	-0,27
08/11/2019 16:45:00	-0,26	-0,34	-0,57	-0,85	-1,10	-1,28	-1,56	-1,84	-2,12	-2,31	-2,50	-2,65	-2,79	-2,85	-2,92	-2,99	-3,07	-3,19	-3,31	-3,46	-3,60	-0,26
08/11/2019 16:50:00	-0,29	-0,33	-0,45	-0,69	-1,00	-1,30	-1,65	-2,00	-2,30	-2,54	-2,76	-2,88	-3,00	-3,02	-3,04	-3,07	-3,09	-3,17	-3,25	-3,37	-3,50	-0,26
08/11/2019 16:55:00	-0,23	-0,38	-0,67	-0,91	-1,06	-1,26	-1,42	-1,58	-1,76	-1,98	-2,24	-2,42	-2,61	-2,72	-2,82	-2,90	-2,98	-3,11	-3,24	-3,40	-3,55	-0,26
08/11/2019 17:00:00	-0,26	-0,28	-0,51	-0,80	-1,11	-1,49	-1,76	-2,00	-2,23	-2,41	-2,57	-2,63	-2,69	-2,67	-2,65	-2,66	-2,66	-2,73	-2,79	-2,91	-3,03	-0,23
08/11/2019 17:05:00	-0,30	-0,26	-0,44	-0,72	-1,06	-1,45	-1,76	-2,02	-2,23	-2,45	-2,65	-2,72	-2,79	-2,76	-2,73	-2,72	-2,71	-2,75	-2,80	-2,91	-3,02	-0,22
08/11/2019 17:10:00	-0,21	-0,25	-0,50	-0,80	-1,07	-1,29	-1,53	-1,77	-2,00	-2,21	-2,42	-2,55	-2,69	-2,74	-2,80	-2,86	-2,92	-3,03	-3,14	-3,28	-3,43	-0,18
08/11/2019 17:15:00	-0,18	-0,22	-0,35	-0,53	-0,78	-1,14	-1,53	-1,93	-2,29	-2,48	-2,63	-2,72	-2,80	-2,81	-2,81	-2,85	-2,89	-2,98	-3,06	-3,18	-3,31	-0,19
08/11/2019 17:20:00	-0,19	-0,23	-0,40	-0,63	-0,87	-1,12	-1,45	-1,76	-2,00	-2,23	-2,46	-2,60	-2,74	-2,79	-2,83	-2,88	-2,93	-3,02	-3,12	-3,25	-3,38	-0,17
08/11/2019 17:25:00	-0,16	-0,36	-0,53	-0,67	-0,80	-0,98	-1,24	-1,55	-1,88	-2,09	-2,31	-2,49	-2,67	-2,77	-2,87	-2,97	-3,07	-3,21	-3,35	-3,50	-3,65	-0,19
08/11/2019 17:30:00	-0,23	-0,25	-0,39	-0,59	-0,82	-1,04	-1,36	-1,72	-2,07	-2,26	-2,43	-2,55	-2,68	-2,73	-2,78	-2,86	-2,94	-3,06	-3,18	-3,32	-3,47	-0,19
08/11/2019 17:35:00	-0,28	-0,27	-0,50	-0,78	-1,02	-1,24	-1,50	-1,75	-1,99	-2,17	-2,34	-2,46	-2,58	-2,63	-2,68	-2,74	-2,81	-2,92	-3,04	-3,18	-3,32	-0,21
08/11/2019 17:40:00	-0,24	-0,29	-0,45	-0,68	-0,98	-1,29	-1,63	-1,97	-2,28	-2,48	-2,64	-2,72	-2,80	-2,79	-2,79	-2,82	-2,85	-2,92	-3,00	-3,13	-3,25	-0,21
08/11/2019 17:45:00	-0,31	-0,29	-0,46	-0,67	-0,93	-1,27	-1,58	-1,87	-2,12	-2,31	-2,47	-2,54	-2,62	-2,61	-2,60	-2,62	-2,64	-2,71	-2,78	-2,90	-3,02	-0,23
08/11/2019 17:50:00	-0,21	-0,31	-0,48	-0,69	-0,96	-1,21	-1,53	-1,84	-2,11	-2,32	-2,50	-2,60	-2,70	-2,72	-2,74	-2,77	-2,81	-2,90	-2,98	-3,11	-3,23	-0,28
08/11/2019 17:55:00	-0,28	-0,35	-0,50	-0,71	-0,95	-1,21	-1,49	-1,78	-2,03	-2,19	-2,33	-2,39	-2,46	-2,45	-2,44	-2,47	-2,50	-2,57	-2,65	-2,77	-2,90	-0,30
08/11/2019 18:00:00	-0,18	-0,32	-0,59	-0,85	-1,02	-1,18	-1,34	-1,47	-1,58	-1,81	-2,06	-2,24	-2,41	-2,50	-2,58	-2,65	-2,72	-2,84	-2,96	-3,11	-3,26	-0,26
08/11/2019 18:05:00	-0,24	-0,22	-0,44	-0,76	-1,08	-1,36	-1,59	-1,78	-1,98	-2,14	-2,29	-2,34	-2,39	-2,37	-2,34	-2,35	-2,36	-2,43	-2,50	-2,63	-2,75	-0,26
08/11/2019 18:10:00	-0,17	-0,36	-0,49	-0,63	-0,82	-1,03	-1,24	-1,47	-1,75	-1,96	-2,16	-2,29	-2,42	-2,46	-2,50	-2,56	-2,61	-2,71	-2,81	-2,94	-3,08	-0,26
08/11/2019 18:15:00	-0,30	-0,52	-0,61	-0,73	-0,89	-1,00	-1,27	-1,58	-1,86	-2,06	-2,25	-2,38	-2,52	-2,57	-2,62	-2,69	-2,76	-2,87	-2,98	-3,12	-3,26	-0,26
08/11/2019 18:20:00	-0,28	-0,32	-0,63	-0,93	-1,15	-1,38	-1,58	-1,75	-1,91	-2,04	-2,17	-2,24	-2,32	-2,34	-2,36	-2,40	-2,45	-2,55	-2,66	-2,80	-2,93	-0,26
08/11/2019 18:25:00	-0,25	-0,35	-0,46	-0,62	-0,88	-1,19	-1,52	-1,82	-2,07	-2,29	-2,48	-2,56	-2,64	-2,62	-2,61	-2,61	-2,62	-2,68	-2,73	-2,85	-2,96	-0,24
08/11/2019 18:30:00	-0,22	-0,29	-0,53	-0,82	-1,07	-1,30	-1,48	-1,65	-1,86	-2,01	-2,15	-2,22	-2,29	-2,30	-2,31	-2,35	-2,39	-2,48	-2,57	-2,71	-2,85	-0,22
08/11/2019 18:35:00	-0,17	-0,24	-0,42	-0,65	-0,90	-1,17	-1,45	-1,74	-2,03	-2,19	-2,32	-2,38	-2,45	-2,45	-2,45	-2,49	-2,54	-2,62	-2,71	-2,84	-2,98	-0,17
08/11/2019 18:40:00	-0,25	-0,24	-0,49	-0,87	-1,31	-1,73	-2,09	-2,42	-2,72	-2,96	-3,16	-3,25	-3,33	-3,32	-3,30	-3,30	-3,30	-3,36	-3,42	-3,53	-3,65	-0,14
08/11/2019 18:45:00	-0,10	-0,32	-0,56	-0,78	-1,01	-1,25	-1,60	-1,93	-2,19	-2,48	-2,79	-3,01	-3,24	-3,34	-3,45	-3,52	-3,60	-3,72	-3,83	-3,97	-4,11	-0,12
08/11/2019 18:50:00	-0,15	-0,27	-0,48	-0,79	-1,15	-1,44	-1,85	-2,22	-2,52	-2,75	-2,96	-3,08	-3,19	-3,21	-3,22	-3,25	-3,28	-3,36	-3,44	-3,56	-3,68	-0,07
08/11/2019 18:55:00	0,00	-0,21	-0,53	-0,85	-1,13	-1,38	-1,60	-1,81	-2,00	-2,26	-2,55	-2,73	-2,92	-3,01	-3,09	-3,15	-3,21	-3,32	-3,43	-3,57	-3,71	-0,05
08/11/2019 19:00:00	0,01	-0,14	-0,34	-0,58	-0,86	-1,20	-1,61	-1,98	-2,24	-2,55	-2,86	-3,05	-3,25	-3,31	-3,37	-3,41	-3,45	-3,54	-3,63	-3,75	-3,88	0,01
08/11/2019 19:05:00	0,01	-0,17	-0,41	-0,67	-0,93	-1,23	-1,52	-1,80	-2,03	-2,30	-2,58	-2,76	-2,95	-3,02	-3,09	-3,14	-3,19	-3,29	-3,39	-3,53	-3,66	0,01
08/11/2019 19:10:00	-0,05	-0,19	-0,43	-0,74	-1,06	-1,37	-1,60	-1,79	-1,99	-2,18	-2,35	-2,42	-2,49	-2,47	-2,45	-2,46	-2,46	-2,53	-2,59	-2,71	-2,83	-0,09
08/11/2019 19:15:00	-0,12	-0,29	-0,47	-0,71	-0,98	-1,17	-1,40	-1,66	-1,96	-2,16	-2,35	-2,47	-2,59	-2,63	-2,67	-2,72	-2,77	-2,88	-2,98	-3,12	-3,25	-0,13
08/11/2019 19:20:00	-0,14	-0,33	-0,56	-0,76	-0,94	-1,18	-1,39	-1,60	-1,78	-2,02	-2,28	-2,45	-2,61	-2,68	-2,75	-2,80	-2,85	-2,96	-3,06	-3,19	-3,33	-0,18
08/11/2019 19:25:00	-0,19	-0,28	-0,51	-0,77	-0,99	-1,10	-1,33	-1,55	-1,73	-1,90	-2,07	-2,19	-2,31	-2,36	-2,41	-2,48	-2,54	-2,66	-2,78	-2,92	-3,07	-0,14
08/11/2019 19:30:00	-0,16	-0,27	-0,41	-0,62	-0,89	-1,22	-1,53	-1,81	-2,02	-2,21	-2,37	-2,42	-2,47	-2,43	-2,39	-2,39	-2,38	-2,43	-2,47	-2,58	-2,69	-0,16
08/11/2019 19:35:00	-0,13	-0,29	-0,51	-0,75	-0,98	-1,16	-1,41	-1,63	-1,82	-1,98	-2,12	-2,20	-2,27	-2,27	-2,28	-2,31	-2,34	-2,42	-2,50	-2,63	-2,76	-0,13
08/11/2019 19:40:00	-0,10	-0,18	-0,38	-0,68	-0,98	-1,21	-1,31	-1,42	-1,60	-1,72	-1,82	-1,83	-1,84	-1,80	-1,76	-1,77	-1,77	-1,84	-1,91	-2,03	-2,16	-0,09
08/11/2019 19:45:00	-0,11	-0,07	-0,32	-0,58	-0,81	-1,13	-1,35	-1,53	-1,71	-1,83	-1,94	-1,96	-1,99	-1,96	-1,94	-1,95	-1,97	-2,04	-2,11	-2,24	-2,36	-0,11
08/11/2019 19:50:00	-0,10	-0,15	-0,36	-0,63	-0,85	-0,99	-1,09	-1,20	-1,36	-1,48	-1,59	-1,65	-1,70	-1,71	-1,72	-1,77	-1,82	-1,92	-2,02	-2,17	-2,31	-0,10
08/11/2019 19:55:00	-0,06	-0,17	-0,32	-0,44	-0,58	-0,91	-1,13	-1,35	-1,57	-1,72	-1,85	-1,91	-1,96	-1,94	-1,93	-1,95	-1,98	-2,05	-2,12	-2,24	-2,36	-0,08
08/11/2019 20:00:00	-0,07	-0,04	-0,26	-0,55	-0,79	-1,04	-1,24	-1,37	-1,45	-1,55	-1,63	-1,63	-1,63	-1,57	-1,51	-1,51	-1,51	-1,57	-1,62	-1,74	-1,86	-0,05
08/11/2019 20:05:00	-0,11	-0,26	-0,42	-0,61	-0,75	-0,78	-0,80	-0,84	-0,93	-1,05	-1,18	-1,25	-1,32	-1,34	-1,36	-1,41	-1,45	-1,56	-1,66	-1,81	-1,96	-0,11
08/11/2019 20:10:00	-0,10	-0,27	-0,40	-0,57	-0,72	-0,84	-0,95	-1,06	-1,15	-1,25	-1,34	-1,36	-1,38	-1,34	-1,31	-1,32	-1,33	-1,40	-1,47	-1,59	-1,72	-0,08
08/11/2019 20:15:00	-0,05	-0,07	-0,19	-0,36	-0,55	-0,78	-0,92	-1,03	-1,17	-1,30	-1,41	-1,43	-1,46	-1,42	-1,38	-1,39	-1,40	-1,46	-1,52	-1,65	-1,77	-0,06
08/11/2019 20:20:00	0,00	-0,06	-0,19	-0,37	-0,56	-0,69	-0,86	-1,01	-1,17	-1,28	-1,38	-1,40	-1,43	-1,41	-1,39	-1,41	-1,44	-1,52	-1,60	-1,73	-1,86	-0,05
08/11/2019 20:25:00	0,03	-0,04	-0,15	-0,26	-0,43	-0,72	-1,01	-1,25	-1,38	-1,49	-1,55	-1,52	-1,49	-1,41	-1,32	-1,30	-1,27	-1,31	-1,34	-1,44	-1,54	-0,05
08/11/2019 20:30:00	-0,04	-0,13	-0,25	-0,43	-0,61	-0,74	-0,87	-0,98	-1,10	-1,18	-1,25	-1,24	-1,23	-1,18	-1,12	-1,13	-1,13	-1,20	-1,26	-1,38	-1,51	-0,01
08/11/2019 20:35:00	-0,08	-0,08	-0,19	-0,32	-0,48	-0,78	-0,97	-1,12	-1,25	-1,35	-1,41	-1,39	-1,36	-1,28	-1,20	-1,19	-1,18	-1,22	-1,26	-1,37	-1,48	-0,02
08/11/2019 20:40:00	0,02	-0,01	-0,26	-0,49	-0,67	-0,90	-1,06	-1,17	-1,25	-1,34	-1,42	-1,42	-1,43	-1,39	-1,35	-1,37	-1,38	-1,45	-1,52	-1,65	-1,77	-0,02
08/11/2019 20:45:00	0,08	0,00	-0,14	-0,30	-0,52	-0,86	-1,05	-1,22	-1,39	-1,54	-1,66	-1,67	-1,68	-1,63	-1,57	-1,56	-1,54	-1,59	-1,63	-1,75	-1,86	-0,01
08/11/2019 20:50:00	0,03	-0,05	-0,18	-0,34	-0,55	-0,92	-1,24	-1,53	-1,74	-1,85	-1,91	-1,88	-1,85	-1,75	-1,66	-1,64	-1,62	-1,65	-1,68	-1,78	-1,88	0,03
08/11/2019 20:55:00	0,07	-0,07	-0,21	-0,38	-0,61	-0,77	-1,04	-1,32	-1,56	-1,71	-1,83	-1,88	-1,93	-1,93	-1,92	-1,95	-1,99	-2,07	-2,16	-2,29	-2,42	0,03
08/11/2019 21:00:00	-0,05	-0,06	-0,31	-0,63	-0,87	-1,04	-1,19	-1,29	-1,38	-1,56	-1,77	-1,88	-2,00	-2,04	-2,08	-2,12	-2,17	-2,27	-2,37	-2,51	-2,65	0,06
08/11/2019 21:05:00	0,08	-0,02	-0,18	-0,38	-0,67	-1,05	-1,43	-1,76	-1,99	-2,16	-2,28	-2,29	-2,31	-2,24	-2,17	-2,15	-2,13	-2,16	-2,20	-2,30	-2,40	0,06
08/11/2019 21:10:00	0,09	-0,04	-0,23	-0,43	-0,65	-0,93	-1,25	-1,55	-1,78	-1,99	-2,18	-2,28	-2,39	-2,41	-2,42	-2,46	-2,49	-2,58	-2,66	-2,79	-2,91	0,06
08/11/2019 21:15:00	0,01	-0,11	-0,36	-0,62	-0,84	-1,04	-1,18	-1,34	-1,55	-1,76	-1,99	-2,14	-2,30	-2,38	-2,45	-2,52	-2,59	-2,72	-2,84	-2,99	-3,14	0,08
08/11/2019 21:20:00	0,07	0,08	-0,24	-0,57	-0,85	-1,17	-1,44	-1,67	-1,88	-2,04	-2,19	-2,27	-2,35	-2,36	-2,37	-2,41	-2,45	-2,54	-2,64	-2,77	-2,91	0,09
08/11/2019 21:25:00	0,07	-0,01	-0,26	-0,56	-0,85	-1,10	-1,34	-1,52	-1,65	-1,85	-2,04	-2,13	-2,23	-2,23	-2,23	-2,25	-2,27	-2,34	-2,42	-2,54	-2,67	0,09
08/11/2019 21:30:00	0,11	0,06	-0,17	-0,46	-0,76	-1,08	-1,38	-1,66	-1,93	-2,16	-2,38	-2,51	-2,64	-2,68	-2,72	-2,76	-2,81	-2,90	-3,00	-3,13	-3,26	0,09
08/11/2019 21:35:00	0,07	-0,05	-0,21	-0,45	-0,73	-0,95	-1,26	-1,58	-1,90	-2,12	-2,31	-2,44	-2,57	-2,61	-2,65	-2,71	-2,77	-2,87	-2,98	-3,12	-3,25	0,13
08/11/2019 21:40:00	0,11	0,01	-0,22	-0,47	-0,72	-1,00	-1,28	-1,53	-1,75	-1,93	-2,11	-2,20	-2,30	-2,31	-2,32	-2,36	-2,39	-2,48	-2,56	-2,69	-2,82	0,14
08/11/2019 21:45:00	0,09	0,17	-0,11	-0,41	-0,72	-1,10	-1,43	-1,71	-1,94	-2,08	-2,18	-2,20	-2,22	-2,18	-2,15	-2,16	-2,17	-2,24	-2,31	-2,43	-2,55	0,14
08/11/2019 21:50:00	0,23	0,06	-0,13	-0,40	-0,72	-0,99	-1,24	-1,47	-1,73	-1,89	-2,01	-2,04	-2,07	-2,03	-1,99	-2,00	-2,01	-2,07	-2,13	-2,25	-2,37	0,14
08/11/2019 21:55:00	0,15	0,00	-0,22	-0,47	-0,72	-0,96	-1,18	-1,39	-1,60	-1,76	-1,89	-1,95	-2,01	-2,01	-2,00	-2,03	-2,06	-2,15	-2,23	-2,36	-2,49	0,08
08/11/2019 22:00:00	0,04	-0,05	-0,22	-0,43	-0,67	-0,96	-1,30	-1,60	-1,79	-1,96	-2,10	-2,14	-2,19	-2,15	-2,12	-2,13	-2,13	-2,19	-2,25	-2,36	-2,47	0,03
08/11/2019 22:05:00	0,00	-0,05	-0,25	-0,57	-0,90	-1,05	-1,23	-1,40	-1,58	-1,69	-1,78	-1,79	-1,80	-1,76	-1,72	-1,73	-1,74	-1,82	-1,89	-2,02	-2,14	0,05
08/11/2019 22:10:00	0,02	-0,19	-0,28	-0,36	-0,48	-0,63	-0,83	-1,05	-1,27	-1,47	-1,66	-1,78	-1,91	-1,95	-1,99	-2,04	-2,10	-2,20	-2,30	-2,43	-2,57	0,03
08/11/2019 22:15:00	0,02	-0,15	-0,31	-0,45	-0,55	-0,65	-0,80	-0,97	-1,18	-1,29	-1,40	-1,47	-1,54	-1,57	-1,60	-1,68	-1,75	-1,86	-1,98	-2,13	-2,27	-0,01
08/11/2019 22:20:00	-0,01	-0,06	-0,22	-0,40	-0,58	-0,77	-0,97	-1,11	-1,17	-1,30	-1,42	-1,45	-1,47	-1,43	-1,39	-1,39	-1,39	-1,45	-1,50	-1,62	-1,74	0,01
08/11/2019 22:25:00	-0,05	-0,03	-0,20	-0,40	-0,59	-0,80	-1,02	-1,15	-1,17	-1,30	-1,42	-1,44	-1,46	-1,41	-1,36	-1,35	-1,34	-1,38	-1,43	-1,55	-1,66	-0,06
08/11/2019 22:30:00	-0,14	-0,06	-0,18	-0,44	-0,72	-0,92	-1,09	-1,24	-1,41	-1,44	-1,41	-1,33	-1,24	-1,13	-1,02	-1,00	-0,99	-1,04	-1,08	-1,20	-1,32	-0,06
08/11/2019 22:35:00	-0,07	-0,18	-0,24	-0,30	-0,42	-0,65	-0,88	-1,07	-1,18	-1,26	-1,31	-1,27	-1,23	-1,14	-1,05	-1,03	-1,01	-1,04	-1,07	-1,18	-1,28	-0,12
08/11/2019 22:40:00	-0,15	-0,14	-0,22	-0,35	-0,54	-0,81	-0,94	-1,04	-1,14	-1,24	-1,30	-1,26	-1,22	-1,13	-1,03	-1,00	-0,97	-1,00	-1,03	-1,13	-1,24	-0,14
08/11/2019 22:45:00	-0,22	-0,14	-0,19	-0,39	-0,63	-0,81	-0,98	-1,11	-1,20	-1,26	-1,29	-1,21	-1,14	-1,03	-0,92	-0,88	-0,85	-0,88	-0,91	-1,02	-1,13	-0,14
08/11/2019 22:50:00	-0,16	-0,22	-0,30	-0,41	-0,53	-0,66	-0,79	-0,92	-1,05	-1,12	-1,16	-1,15	-1,13	-1,08	-1,03	-1,05	-1,06	-1,13	-1,20	-1,32	-1,45	-0,14
08/11/2019 22:55:00	-0,15	-0,18	-0,30	-0,45	-0,57	-0,66	-0,74	-0,79	-0,85	-0,94	-1,03	-1,04	-1,06	-1,04	-1,01	-1,03	-1,05	-1,13	-1,21	-1,34	-1,48	-0,11
08/11/2019 23:00:00	-0,17	-0,19	-0,29	-0,45	-0,63	-0,78	-0,84	-0,89	-0,99	-1,05	-1,07	-1,02	-0,98	-0,90	-0,82	-0,81	-0,81	-0,86	-0,92	-1,04	-1,16	-0,11
08/11/2019 23:05:00	-0,08	-0,16	-0,29	-0,43	-0,55	-0,65	-0,71	-0,77	-0,88	-0,96	-1,02	-1,03	-1,03	-1,01	-0,98	-1,00	-1,03	-1,11	-1,20	-1,33	-1,47	-0,09
08/11/2019 23:10:00	-0,11	-0,13	-0,23	-0,37	-0,53	-0,72	-0,87	-1,00	-1,14	-1,23	-1,29	-1,28	-1,27	-1,22	-1,16	-1,17	-1,17	-1,24	-1,30	-1,42	-1,55	-0,07
08/11/2019 23:15:00	-0,03	-0,04	-0,24	-0,47	-0,66	-0,76	-0,82	-0,86	-0,96	-1,04	-1,11	-1,12	-1,13	-1,11	-1,09	-1,12	-1,15	-1,24	-1,33	-1,47	-1,61	-0,04
08/11/2019 23:20:00	0,00	-0,13	-0,30	-0,44	-0,56	-0,74	-0,82	-0,90	-1,03	-1,16	-1,28	-1,33	-1,39	-1,39	-1,39	-1,42	-1,46	-1,55	-1,64	-1,77	-1,91	-0,02
08/11/2019 23:25:00	-0,01	-0,10	-0,16	-0,28	-0,47	-0,70	-0,85	-1,04	-1,28	-1,44	-1,57	-1,62	-1,66	-1,65	-1,63	-1,65	-1,67	-1,74	-1,82	-1,94	-2,07	0,01
08/11/2019 23:30:00	-0,02	0,03	-0,17	-0,40	-0,60	-0,80	-0,99	-1,16	-1,32	-1,42	-1,49	-1,51	-1,53	-1,51	-1,49	-1,52	-1,55	-1,63	-1,72	-1,86	-1,99	0,01
08/11/2019 23:35:00	-0,03	-0,06	-0,23	-0,46	-0,65	-0,72	-0,86	-0,97	-1,06	-1,23	-1,40	-1,50	-1,59	-1,63	-1,66	-1,70	-1,75	-1,85	-1,96	-2,10	-2,25	0,02
08/11/2019 23:40:00	0,06	-0,13	-0,20	-0,33	-0,54	-0,78	-0,99	-1,21	-1,45	-1,62	-1,75	-1,79	-1,83	-1,80	-1,76	-1,77	-1,78	-1,83	-1,89	-2,01	-2,13	0,00
08/11/2019 23:45:00	-0,02	-0,09	-0,25	-0,39	-0,52	-0,73	-0,90	-1,07	-1,24	-1,38	-1,51	-1,57	-1,64	-1,65	-1,65	-1,70	-1,74	-1,83	-1,92	-2,06	-2,19	-0,01
08/11/2019 23:50:00	0,05	-0,15	-0,23	-0,37	-0,55	-0,63	-0,83	-1,00	-1,10	-1,30	-1,50	-1,60	-1,70	-1,71	-1,72	-1,74	-1,77	-1,84	-1,92	-2,04	-2,17	-0,03
08/11/2019 23:55:00	-0,03	-0,03	-0,23	-0,43	-0,60	-0,81	-0,99	-1,15	-1,29	-1,43	-1,56	-1,62	-1,69	-1,69	-1,70	-1,74	-1,77	-1,86	-1,96	-2,09	-2,23	-0,05
