FileFormat:0002.2 file with temperature of atmosphere
SN105HE102
local	GMT or Local
0	GMT-Local=[hours]
0	Height[m]
0	0	0	Longitude                [grd]               [min]               [sec]
0	0	0	Latitude                [grd]               [min]               [sec]
N	NS
56,45	Freq[GHz]
0,00	dTemostat[K]
0,150	MessErr[K]
0,248	//[grad/step]
version 14.4.20120406
MTP5HE102F5645K-38.60I70D219217+A1.1
Commentary:
SN105HE102
парабола ДНА = 2,5 град
НЕ102 - ПУ - ХВБ с ЦСД " S "
АЦП - 202 - 09 с контр.U пит.и М
оптопара серии - 2
Т out № 178 пл
БП LPS - 112
End Of Commentary

SYSTEM\alaska.dat
data time	0	50	100	150	200	250	300	350	400	450	500	550	600	650	700	750	800	850	900	950	1000	OutsideTemperature
21/02/2019 00:00:00	1,10	1,27	1,22	1,07	0,84	0,51	0,18	-0,21	-0,63	-1,05	-1,48	-1,83	-2,17	-2,37	-2,58	-2,71	-2,85	-3,03	-3,20	-3,38	-3,55	1,25
21/02/2019 00:05:00	1,21	1,29	1,28	1,25	1,11	0,81	0,39	-0,07	-0,48	-0,90	-1,33	-1,68	-2,02	-2,23	-2,43	-2,58	-2,72	-2,89	-3,06	-3,23	-3,40	1,01
21/02/2019 00:10:00	1,12	1,21	1,19	1,15	0,99	0,68	0,30	-0,12	-0,53	-0,90	-1,28	-1,57	-1,86	-2,02	-2,18	-2,31	-2,43	-2,58	-2,74	-2,90	-3,06	1,11
21/02/2019 00:15:00	1,15	1,31	1,29	1,20	0,98	0,65	0,21	-0,27	-0,75	-1,15	-1,56	-1,88	-2,19	-2,38	-2,56	-2,70	-2,84	-3,00	-3,17	-3,34	-3,51	1,11
21/02/2019 00:20:00	1,15	1,13	1,21	1,19	1,01	0,73	0,27	-0,26	-0,73	-1,16	-1,59	-1,93	-2,28	-2,46	-2,65	-2,78	-2,92	-3,07	-3,23	-3,39	-3,55	1,01
21/02/2019 00:25:00	1,07	1,04	1,12	1,22	1,20	1,01	0,59	0,05	-0,47	-0,93	-1,40	-1,84	-2,27	-2,55	-2,83	-3,04	-3,24	-3,46	-3,68	-3,87	-4,06	1,23
21/02/2019 00:30:00	1,17	1,29	1,07	0,85	0,63	0,38	0,09	-0,22	-0,53	-0,95	-1,44	-1,84	-2,24	-2,50	-2,76	-2,92	-3,09	-3,29	-3,50	-3,69	-3,88	1,16
21/02/2019 00:35:00	1,18	1,18	1,10	0,94	0,71	0,51	0,09	-0,34	-0,67	-1,09	-1,54	-1,89	-2,25	-2,45	-2,66	-2,79	-2,93	-3,10	-3,26	-3,44	-3,61	1,15
21/02/2019 00:40:00	1,08	1,35	1,21	0,96	0,62	0,17	-0,34	-0,84	-1,28	-1,67	-2,06	-2,35	-2,64	-2,80	-2,95	-3,06	-3,16	-3,31	-3,46	-3,61	-3,77	1,12
21/02/2019 00:45:00	1,19	1,25	1,12	0,89	0,58	0,20	-0,18	-0,59	-1,00	-1,46	-1,93	-2,30	-2,66	-2,87	-3,08	-3,21	-3,33	-3,50	-3,67	-3,84	-4,01	1,12
21/02/2019 00:50:00	1,16	1,29	1,10	0,80	0,43	-0,04	-0,54	-1,02	-1,42	-1,83	-2,24	-2,54	-2,83	-2,98	-3,12	-3,22	-3,31	-3,45	-3,58	-3,74	-3,89	1,14
21/02/2019 00:55:00	1,22	1,24	1,07	0,82	0,50	0,07	-0,38	-0,86	-1,33	-1,77	-2,21	-2,56	-2,91	-3,10	-3,29	-3,42	-3,55	-3,71	-3,87	-4,03	-4,20	1,17
21/02/2019 01:00:00	1,28	1,27	1,13	0,90	0,57	0,12	-0,42	-0,96	-1,41	-1,86	-2,31	-2,64	-2,98	-3,15	-3,32	-3,43	-3,53	-3,67	-3,81	-3,97	-4,12	1,21
21/02/2019 01:05:00	1,22	1,37	1,23	0,94	0,51	0,03	-0,57	-1,17	-1,67	-2,09	-2,48	-2,76	-3,04	-3,17	-3,31	-3,40	-3,49	-3,61	-3,74	-3,89	-4,04	1,23
21/02/2019 01:10:00	1,27	1,24	1,07	0,91	0,69	0,30	-0,17	-0,70	-1,18	-1,66	-2,17	-2,60	-3,03	-3,30	-3,56	-3,74	-3,91	-4,11	-4,31	-4,49	-4,67	1,34
21/02/2019 01:15:00	1,18	1,31	1,14	0,84	0,43	-0,05	-0,62	-1,17	-1,61	-2,06	-2,51	-2,84	-3,16	-3,32	-3,47	-3,56	-3,65	-3,79	-3,92	-4,07	-4,22	1,21
21/02/2019 01:20:00	1,27	1,27	1,09	0,83	0,46	0,06	-0,43	-0,97	-1,52	-2,00	-2,49	-2,88	-3,27	-3,50	-3,73	-3,88	-4,03	-4,22	-4,40	-4,57	-4,75	1,13
21/02/2019 01:25:00	1,41	1,51	1,22	0,81	0,31	-0,21	-0,77	-1,29	-1,72	-2,15	-2,58	-2,88	-3,19	-3,33	-3,47	-3,56	-3,64	-3,77	-3,91	-4,06	-4,21	1,30
21/02/2019 01:30:00	1,15	1,33	1,12	0,74	0,29	-0,10	-0,64	-1,18	-1,67	-2,10	-2,54	-2,87	-3,21	-3,40	-3,59	-3,72	-3,85	-4,02	-4,18	-4,35	-4,52	1,20
21/02/2019 01:35:00	1,16	1,25	1,06	0,81	0,50	0,04	-0,47	-0,99	-1,46	-1,95	-2,48	-2,89	-3,31	-3,55	-3,79	-3,93	-4,08	-4,25	-4,43	-4,60	-4,77	1,13
21/02/2019 01:40:00	1,14	1,08	0,96	0,79	0,45	-0,10	-0,66	-1,25	-1,82	-2,32	-2,81	-3,17	-3,54	-3,73	-3,91	-4,03	-4,14	-4,28	-4,43	-4,58	-4,73	1,14
21/02/2019 01:45:00	1,11	1,16	0,97	0,64	0,20	-0,32	-0,89	-1,49	-2,05	-2,49	-2,91	-3,23	-3,55	-3,72	-3,88	-3,99	-4,10	-4,25	-4,39	-4,55	-4,70	1,16
21/02/2019 01:50:00	1,01	1,15	1,04	0,76	0,33	-0,21	-0,90	-1,57	-2,09	-2,58	-3,05	-3,39	-3,73	-3,89	-4,05	-4,14	-4,23	-4,36	-4,49	-4,63	-4,77	1,09
21/02/2019 01:55:00	1,12	1,24	1,09	0,77	0,29	-0,28	-0,87	-1,47	-2,08	-2,52	-2,92	-3,21	-3,49	-3,63	-3,76	-3,86	-3,95	-4,08	-4,21	-4,36	-4,51	1,04
21/02/2019 02:00:00	1,10	1,09	1,01	0,79	0,35	-0,24	-0,86	-1,50	-2,06	-2,50	-2,90	-3,15	-3,41	-3,50	-3,59	-3,64	-3,70	-3,79	-3,88	-4,01	-4,13	1,02
21/02/2019 02:05:00	1,06	0,96	0,69	0,38	0,02	-0,36	-0,88	-1,44	-1,97	-2,39	-2,80	-3,15	-3,49	-3,70	-3,90	-4,05	-4,20	-4,38	-4,55	-4,72	-4,89	0,94
21/02/2019 02:10:00	0,93	0,92	0,85	0,64	0,28	-0,11	-0,73	-1,34	-1,77	-2,29	-2,83	-3,22	-3,62	-3,82	-4,01	-4,12	-4,22	-4,36	-4,49	-4,64	-4,79	0,96
21/02/2019 02:15:00	1,08	1,06	0,88	0,62	0,20	-0,39	-1,01	-1,62	-2,14	-2,59	-3,02	-3,31	-3,60	-3,73	-3,85	-3,92	-3,99	-4,10	-4,21	-4,34	-4,47	0,97
21/02/2019 02:20:00	1,03	1,11	0,87	0,56	0,16	-0,34	-0,92	-1,51	-2,05	-2,49	-2,90	-3,23	-3,56	-3,74	-3,92	-4,05	-4,17	-4,33	-4,49	-4,65	-4,81	0,89
21/02/2019 02:25:00	0,90	0,91	0,72	0,39	-0,05	-0,54	-1,09	-1,66	-2,19	-2,62	-3,02	-3,32	-3,61	-3,76	-3,90	-3,99	-4,09	-4,22	-4,35	-4,50	-4,65	0,97
21/02/2019 02:30:00	0,99	1,00	0,79	0,45	-0,04	-0,64	-1,27	-1,86	-2,32	-2,73	-3,11	-3,34	-3,57	-3,64	-3,71	-3,75	-3,78	-3,86	-3,95	-4,07	-4,19	0,92
21/02/2019 02:35:00	0,93	0,91	0,74	0,51	0,16	-0,32	-0,90	-1,46	-1,88	-2,39	-2,93	-3,33	-3,72	-3,92	-4,12	-4,22	-4,32	-4,46	-4,59	-4,74	-4,88	0,87
21/02/2019 02:40:00	0,93	0,89	0,65	0,35	-0,02	-0,56	-1,10	-1,61	-2,02	-2,45	-2,88	-3,19	-3,49	-3,63	-3,76	-3,84	-3,91	-4,03	-4,15	-4,28	-4,42	0,88
21/02/2019 02:45:00	0,93	0,98	0,77	0,39	-0,12	-0,75	-1,31	-1,84	-2,31	-2,72	-3,10	-3,34	-3,57	-3,64	-3,71	-3,74	-3,78	-3,86	-3,94	-4,07	-4,19	0,78
21/02/2019 02:50:00	0,82	0,68	0,53	0,30	-0,07	-0,56	-1,07	-1,60	-2,11	-2,57	-3,02	-3,35	-3,68	-3,84	-3,99	-4,08	-4,17	-4,30	-4,42	-4,57	-4,71	0,73
21/02/2019 02:55:00	0,84	0,77	0,60	0,39	0,07	-0,46	-1,04	-1,61	-2,09	-2,58	-3,08	-3,44	-3,81	-4,00	-4,18	-4,29	-4,39	-4,52	-4,66	-4,80	-4,95	0,71
21/02/2019 03:00:00	0,85	0,83	0,58	0,27	-0,13	-0,67	-1,25	-1,84	-2,36	-2,78	-3,17	-3,47	-3,77	-3,91	-4,06	-4,15	-4,25	-4,39	-4,52	-4,67	-4,81	0,81
21/02/2019 03:05:00	0,85	0,73	0,47	0,17	-0,18	-0,65	-1,11	-1,63	-2,16	-2,61	-3,05	-3,41	-3,77	-3,97	-4,18	-4,31	-4,44	-4,61	-4,77	-4,94	-5,10	0,78
21/02/2019 03:10:00	0,79	0,71	0,50	0,15	-0,31	-0,71	-1,24	-1,81	-2,33	-2,81	-3,29	-3,67	-4,04	-4,24	-4,45	-4,57	-4,69	-4,84	-5,00	-5,16	-5,32	0,71
21/02/2019 03:15:00	0,62	0,61	0,35	-0,03	-0,45	-0,81	-1,36	-1,88	-2,27	-2,72	-3,19	-3,56	-3,92	-4,11	-4,30	-4,41	-4,53	-4,68	-4,83	-4,98	-5,14	0,66
21/02/2019 03:20:00	0,67	0,66	0,43	0,12	-0,29	-0,82	-1,45	-2,06	-2,54	-3,01	-3,47	-3,81	-4,15	-4,31	-4,47	-4,57	-4,66	-4,79	-4,92	-5,06	-5,21	0,66
21/02/2019 03:25:00	0,54	0,70	0,45	0,09	-0,36	-0,92	-1,53	-2,13	-2,68	-3,12	-3,53	-3,84	-4,16	-4,31	-4,47	-4,58	-4,69	-4,83	-4,97	-5,12	-5,27	0,68
21/02/2019 03:30:00	0,65	0,58	0,32	-0,10	-0,62	-1,05	-1,61	-2,16	-2,62	-3,12	-3,63	-3,99	-4,36	-4,54	-4,72	-4,81	-4,90	-5,03	-5,16	-5,31	-5,46	0,60
21/02/2019 03:35:00	0,68	0,64	0,33	-0,09	-0,59	-1,16	-1,74	-2,30	-2,79	-3,21	-3,62	-3,90	-4,17	-4,29	-4,41	-4,47	-4,54	-4,65	-4,76	-4,89	-5,03	0,70
21/02/2019 03:40:00	0,67	0,56	0,32	-0,01	-0,44	-0,95	-1,52	-2,08	-2,55	-3,03	-3,52	-3,87	-4,22	-4,39	-4,55	-4,64	-4,73	-4,85	-4,98	-5,12	-5,26	0,66
21/02/2019 03:45:00	0,62	0,61	0,35	0,03	-0,42	-1,00	-1,61	-2,23	-2,80	-3,24	-3,66	-3,96	-4,27	-4,41	-4,56	-4,65	-4,74	-4,87	-5,00	-5,15	-5,29	0,54
21/02/2019 03:50:00	0,56	0,47	0,35	0,07	-0,39	-0,94	-1,64	-2,34	-2,94	-3,41	-3,84	-4,15	-4,45	-4,58	-4,70	-4,77	-4,85	-4,95	-5,06	-5,18	-5,31	0,50
21/02/2019 03:55:00	0,46	0,47	0,32	0,01	-0,49	-1,14	-1,87	-2,58	-3,14	-3,59	-3,98	-4,23	-4,48	-4,55	-4,62	-4,66	-4,70	-4,77	-4,85	-4,96	-5,07	0,43
21/02/2019 04:00:00	0,41	0,43	0,27	0,00	-0,43	-1,00	-1,66	-2,30	-2,81	-3,32	-3,82	-4,17	-4,53	-4,69	-4,85	-4,93	-5,01	-5,12	-5,23	-5,37	-5,50	0,44
21/02/2019 04:05:00	0,37	0,55	0,26	-0,15	-0,62	-1,21	-1,86	-2,46	-2,92	-3,38	-3,83	-4,16	-4,48	-4,64	-4,79	-4,88	-4,96	-5,09	-5,21	-5,35	-5,50	0,42
21/02/2019 04:10:00	0,29	0,29	0,03	-0,35	-0,81	-1,27	-1,84	-2,37	-2,79	-3,23	-3,67	-3,97	-4,28	-4,41	-4,55	-4,62	-4,69	-4,81	-4,92	-5,06	-5,20	0,36
21/02/2019 04:15:00	0,32	0,49	0,28	-0,10	-0,59	-1,10	-1,72	-2,35	-2,90	-3,36	-3,81	-4,14	-4,48	-4,64	-4,81	-4,91	-5,02	-5,16	-5,30	-5,45	-5,60	0,33
21/02/2019 04:20:00	0,39	0,35	0,09	-0,22	-0,62	-1,16	-1,71	-2,27	-2,80	-3,30	-3,82	-4,21	-4,61	-4,81	-5,02	-5,13	-5,25	-5,39	-5,54	-5,69	-5,84	0,22
21/02/2019 04:25:00	0,18	0,38	0,26	-0,04	-0,55	-1,20	-1,97	-2,72	-3,33	-3,80	-4,23	-4,52	-4,81	-4,92	-5,03	-5,09	-5,15	-5,25	-5,35	-5,47	-5,59	0,15
21/02/2019 04:30:00	0,31	0,12	-0,12	-0,43	-0,84	-1,31	-1,88	-2,44	-2,89	-3,38	-3,87	-4,24	-4,60	-4,77	-4,94	-5,03	-5,12	-5,24	-5,36	-5,50	-5,64	0,24
21/02/2019 04:35:00	0,19	0,04	-0,12	-0,32	-0,66	-1,15	-1,70	-2,31	-2,91	-3,42	-3,93	-4,34	-4,74	-4,96	-5,17	-5,30	-5,43	-5,58	-5,74	-5,89	-6,04	0,28
21/02/2019 04:40:00	0,16	0,08	-0,17	-0,48	-0,84	-1,30	-1,78	-2,32	-2,88	-3,39	-3,93	-4,37	-4,81	-5,07	-5,33	-5,48	-5,64	-5,82	-6,00	-6,17	-6,34	0,23
21/02/2019 04:45:00	0,22	0,20	-0,01	-0,31	-0,78	-1,44	-2,08	-2,72	-3,29	-3,77	-4,21	-4,52	-4,82	-4,94	-5,07	-5,13	-5,19	-5,29	-5,39	-5,52	-5,64	0,13
21/02/2019 04:50:00	0,19	0,03	-0,22	-0,51	-0,88	-1,39	-1,95	-2,52	-3,01	-3,55	-4,12	-4,56	-4,99	-5,23	-5,46	-5,58	-5,70	-5,85	-6,00	-6,15	-6,30	0,13
21/02/2019 04:55:00	0,20	0,06	-0,09	-0,35	-0,76	-1,24	-1,92	-2,63	-3,24	-3,80	-4,35	-4,79	-5,22	-5,45	-5,67	-5,80	-5,92	-6,07	-6,23	-6,37	-6,52	0,19
21/02/2019 05:00:00	0,03	-0,06	-0,29	-0,58	-0,98	-1,59	-2,17	-2,82	-3,48	-3,93	-4,36	-4,69	-5,02	-5,19	-5,35	-5,46	-5,57	-5,71	-5,85	-6,00	-6,14	0,12
21/02/2019 05:05:00	0,03	0,18	-0,09	-0,52	-1,08	-1,69	-2,42	-3,10	-3,66	-4,10	-4,50	-4,77	-5,05	-5,15	-5,26	-5,32	-5,38	-5,48	-5,58	-5,71	-5,83	-0,07
21/02/2019 05:10:00	0,15	0,08	-0,21	-0,51	-0,88	-1,41	-2,04	-2,69	-3,30	-3,76	-4,21	-4,58	-4,95	-5,16	-5,37	-5,51	-5,65	-5,81	-5,98	-6,13	-6,29	0,03
21/02/2019 05:15:00	0,21	-0,03	-0,31	-0,66	-1,08	-1,58	-2,14	-2,71	-3,21	-3,72	-4,25	-4,64	-5,04	-5,24	-5,43	-5,54	-5,64	-5,78	-5,91	-6,06	-6,20	0,16
21/02/2019 05:20:00	0,16	-0,06	-0,31	-0,65	-1,12	-1,66	-2,31	-2,96	-3,52	-4,01	-4,49	-4,83	-5,18	-5,34	-5,50	-5,58	-5,66	-5,78	-5,89	-6,02	-6,15	0,06
21/02/2019 05:25:00	0,05	-0,05	-0,34	-0,74	-1,26	-1,86	-2,51	-3,12	-3,63	-4,08	-4,51	-4,79	-5,08	-5,18	-5,29	-5,34	-5,39	-5,48	-5,57	-5,69	-5,81	0,06
21/02/2019 05:30:00	0,02	-0,17	-0,50	-0,85	-1,24	-1,71	-2,27	-2,84	-3,35	-3,84	-4,34	-4,74	-5,13	-5,35	-5,57	-5,69	-5,82	-5,97	-6,13	-6,28	-6,43	-0,01
21/02/2019 05:35:00	0,12	-0,14	-0,41	-0,79	-1,27	-1,79	-2,38	-2,98	-3,53	-4,05	-4,58	-4,98	-5,38	-5,58	-5,77	-5,87	-5,97	-6,10	-6,24	-6,38	-6,52	-0,02
21/02/2019 05:40:00	-0,03	-0,18	-0,48	-0,83	-1,24	-1,74	-2,30	-2,87	-3,36	-3,88	-4,41	-4,82	-5,23	-5,45	-5,67	-5,78	-5,90	-6,04	-6,19	-6,34	-6,49	-0,11
21/02/2019 05:45:00	-0,06	-0,19	-0,53	-0,95	-1,41	-1,86	-2,37	-2,92	-3,46	-3,95	-4,45	-4,86	-5,27	-5,50	-5,73	-5,87	-6,00	-6,17	-6,33	-6,49	-6,65	-0,04
21/02/2019 05:50:00	-0,08	-0,18	-0,52	-0,93	-1,41	-1,97	-2,60	-3,22	-3,78	-4,24	-4,69	-5,04	-5,38	-5,55	-5,72	-5,82	-5,92	-6,05	-6,18	-6,32	-6,46	0,02
21/02/2019 05:55:00	-0,07	-0,10	-0,51	-1,03	-1,59	-2,14	-2,77	-3,32	-3,71	-4,21	-4,72	-5,07	-5,42	-5,58	-5,74	-5,80	-5,87	-5,98	-6,09	-6,22	-6,36	-0,07
21/02/2019 06:00:00	0,01	-0,22	-0,60	-1,12	-1,72	-2,31	-2,87	-3,44	-4,02	-4,45	-4,86	-5,14	-5,42	-5,53	-5,65	-5,71	-5,77	-5,88	-5,99	-6,11	-6,24	0,04
21/02/2019 06:05:00	0,04	-0,26	-0,58	-0,97	-1,46	-1,93	-2,56	-3,21	-3,78	-4,26	-4,74	-5,10	-5,46	-5,64	-5,82	-5,93	-6,03	-6,17	-6,30	-6,44	-6,58	0,00
21/02/2019 06:10:00	0,01	-0,17	-0,58	-1,05	-1,56	-2,14	-2,68	-3,22	-3,74	-4,22	-4,72	-5,08	-5,44	-5,62	-5,80	-5,89	-5,98	-6,11	-6,25	-6,39	-6,53	-0,01
21/02/2019 06:15:00	0,05	-0,15	-0,54	-1,00	-1,47	-1,98	-2,52	-3,08	-3,63	-4,11	-4,60	-4,99	-5,39	-5,60	-5,82	-5,95	-6,08	-6,24	-6,40	-6,56	-6,71	-0,01
21/02/2019 06:20:00	-0,01	-0,36	-0,71	-1,12	-1,62	-2,15	-2,76	-3,38	-3,94	-4,43	-4,91	-5,27	-5,62	-5,79	-5,96	-6,04	-6,13	-6,25	-6,37	-6,50	-6,64	-0,07
21/02/2019 06:25:00	-0,03	-0,32	-0,71	-1,11	-1,55	-2,06	-2,63	-3,19	-3,68	-4,23	-4,81	-5,26	-5,71	-5,96	-6,20	-6,32	-6,44	-6,59	-6,74	-6,89	-7,04	-0,09
21/02/2019 06:30:00	-0,11	-0,43	-0,70	-0,96	-1,35	-1,99	-2,66	-3,36	-3,97	-4,50	-5,01	-5,40	-5,79	-5,97	-6,15	-6,24	-6,34	-6,45	-6,57	-6,70	-6,83	-0,21
21/02/2019 06:35:00	-0,26	-0,28	-0,69	-1,28	-1,90	-2,46	-3,06	-3,64	-4,18	-4,60	-5,01	-5,31	-5,60	-5,73	-5,86	-5,94	-6,01	-6,13	-6,25	-6,39	-6,52	-0,04
21/02/2019 06:40:00	-0,23	-0,40	-0,78	-1,23	-1,73	-2,29	-2,83	-3,39	-3,92	-4,39	-4,87	-5,23	-5,59	-5,77	-5,95	-6,05	-6,15	-6,28	-6,42	-6,56	-6,70	-0,19
21/02/2019 06:45:00	-0,22	-0,38	-0,75	-1,20	-1,71	-2,27	-2,86	-3,44	-3,95	-4,50	-5,06	-5,48	-5,90	-6,11	-6,32	-6,42	-6,52	-6,65	-6,79	-6,93	-7,07	-0,18
21/02/2019 06:50:00	-0,16	-0,42	-0,77	-1,20	-1,68	-2,12	-2,71	-3,31	-3,82	-4,35	-4,91	-5,34	-5,78	-6,01	-6,25	-6,37	-6,49	-6,65	-6,80	-6,95	-7,10	-0,19
21/02/2019 06:55:00	-0,22	-0,48	-0,78	-1,18	-1,72	-2,29	-2,97	-3,65	-4,25	-4,76	-5,27	-5,63	-5,99	-6,15	-6,31	-6,39	-6,46	-6,57	-6,68	-6,81	-6,93	-0,30
21/02/2019 07:00:00	-0,38	-0,44	-0,79	-1,26	-1,81	-2,40	-3,04	-3,66	-4,20	-4,74	-5,29	-5,70	-6,11	-6,31	-6,51	-6,60	-6,69	-6,83	-6,96	-7,09	-7,23	-0,30
21/02/2019 07:05:00	-0,37	-0,62	-0,91	-1,31	-1,81	-2,25	-2,93	-3,63	-4,25	-4,75	-5,25	-5,65	-6,04	-6,25	-6,45	-6,57	-6,69	-6,83	-6,98	-7,12	-7,26	-0,30
21/02/2019 07:10:00	-0,32	-0,53	-0,96	-1,38	-1,80	-2,32	-2,89	-3,49	-4,06	-4,56	-5,07	-5,50	-5,93	-6,18	-6,43	-6,58	-6,72	-6,90	-7,08	-7,23	-7,39	-0,27
21/02/2019 07:15:00	-0,33	-0,59	-0,94	-1,37	-1,85	-2,28	-2,78	-3,31	-3,82	-4,39	-5,00	-5,48	-5,96	-6,22	-6,49	-6,62	-6,75	-6,91	-7,07	-7,23	-7,38	-0,35
21/02/2019 07:20:00	-0,37	-0,61	-0,89	-1,27	-1,76	-2,38	-3,08	-3,77	-4,33	-4,87	-5,40	-5,78	-6,16	-6,33	-6,50	-6,58	-6,65	-6,76	-6,87	-6,99	-7,11	-0,36
21/02/2019 07:25:00	-0,40	-0,65	-1,05	-1,51	-2,03	-2,69	-3,35	-3,97	-4,47	-4,94	-5,41	-5,73	-6,05	-6,18	-6,30	-6,36	-6,41	-6,50	-6,59	-6,71	-6,82	-0,37
21/02/2019 07:30:00	-0,50	-0,72	-1,05	-1,43	-1,90	-2,48	-3,19	-3,89	-4,46	-4,96	-5,46	-5,83	-6,21	-6,38	-6,56	-6,65	-6,74	-6,86	-6,98	-7,11	-7,24	-0,53
21/02/2019 07:35:00	-0,64	-0,84	-1,12	-1,45	-1,88	-2,44	-3,06	-3,75	-4,44	-4,94	-5,43	-5,84	-6,24	-6,45	-6,66	-6,79	-6,92	-7,08	-7,23	-7,37	-7,52	-0,59
21/02/2019 07:40:00	-0,64	-0,80	-1,18	-1,63	-2,10	-2,63	-3,17	-3,73	-4,25	-4,81	-5,40	-5,85	-6,31	-6,56	-6,80	-6,93	-7,05	-7,21	-7,36	-7,51	-7,66	-0,65
21/02/2019 07:45:00	-0,78	-0,96	-1,33	-1,77	-2,27	-2,83	-3,44	-4,04	-4,56	-5,03	-5,51	-5,86	-6,21	-6,38	-6,54	-6,62	-6,70	-6,82	-6,94	-7,07	-7,20	-0,77
21/02/2019 07:50:00	-0,81	-1,03	-1,33	-1,61	-1,96	-2,52	-3,20	-3,91	-4,53	-5,05	-5,57	-6,00	-6,43	-6,67	-6,90	-7,03	-7,17	-7,32	-7,47	-7,62	-7,76	-0,87
21/02/2019 07:55:00	-0,99	-1,05	-1,42	-1,92	-2,46	-3,00	-3,53	-4,07	-4,60	-5,08	-5,56	-5,93	-6,29	-6,47	-6,65	-6,75	-6,84	-6,97	-7,11	-7,25	-7,39	-0,95
21/02/2019 08:00:00	-1,10	-1,23	-1,50	-1,89	-2,33	-2,79	-3,35	-3,93	-4,43	-5,01	-5,62	-6,09	-6,56	-6,81	-7,06	-7,18	-7,29	-7,44	-7,59	-7,74	-7,88	-1,15
21/02/2019 08:05:00	-1,13	-1,23	-1,51	-1,92	-2,45	-3,07	-3,76	-4,48	-5,12	-5,58	-6,00	-6,31	-6,62	-6,74	-6,87	-6,94	-7,01	-7,11	-7,22	-7,34	-7,46	-1,20
21/02/2019 08:10:00	-1,28	-1,20	-1,51	-1,99	-2,56	-3,15	-3,73	-4,31	-4,89	-5,39	-5,88	-6,24	-6,60	-6,76	-6,93	-7,01	-7,10	-7,22	-7,34	-7,47	-7,61	-1,24
21/02/2019 08:15:00	-1,31	-1,30	-1,52	-1,87	-2,36	-2,94	-3,59	-4,27	-4,91	-5,47	-6,03	-6,46	-6,88	-7,09	-7,31	-7,41	-7,51	-7,65	-7,78	-7,92	-8,05	-1,42
21/02/2019 08:20:00	-1,37	-1,34	-1,62	-1,98	-2,42	-3,03	-3,62	-4,23	-4,81	-5,36	-5,93	-6,36	-6,79	-7,02	-7,24	-7,35	-7,47	-7,61	-7,75	-7,89	-8,03	-1,51
21/02/2019 08:25:00	-1,58	-1,56	-1,74	-2,10	-2,61	-3,11	-3,80	-4,50	-5,11	-5,64	-6,15	-6,54	-6,92	-7,10	-7,28	-7,37	-7,45	-7,57	-7,69	-7,82	-7,95	-1,54
21/02/2019 08:30:00	-1,55	-1,55	-1,86	-2,28	-2,75	-3,26	-3,91	-4,52	-4,99	-5,55	-6,13	-6,56	-7,00	-7,22	-7,44	-7,54	-7,64	-7,77	-7,90	-8,04	-8,17	-1,61
21/02/2019 08:35:00	-1,66	-1,65	-1,97	-2,38	-2,84	-3,35	-3,92	-4,54	-5,16	-5,61	-6,07	-6,45	-6,82	-7,03	-7,23	-7,35	-7,47	-7,63	-7,78	-7,93	-8,07	-1,62
21/02/2019 08:40:00	-1,56	-1,54	-1,82	-2,22	-2,73	-3,37	-4,02	-4,70	-5,32	-5,84	-6,34	-6,71	-7,09	-7,26	-7,44	-7,52	-7,61	-7,73	-7,84	-7,97	-8,10	-1,66
21/02/2019 08:45:00	-1,57	-1,40	-1,65	-2,08	-2,60	-3,15	-3,77	-4,38	-4,92	-5,52	-6,13	-6,59	-7,05	-7,28	-7,52	-7,62	-7,72	-7,87	-8,01	-8,15	-8,29	-1,59
21/02/2019 08:50:00	-1,59	-1,51	-1,71	-2,07	-2,60	-3,29	-3,98	-4,68	-5,31	-5,87	-6,40	-6,78	-7,15	-7,31	-7,47	-7,54	-7,60	-7,70	-7,80	-7,91	-8,03	-1,62
21/02/2019 08:55:00	-1,47	-1,50	-1,71	-2,04	-2,52	-3,13	-3,81	-4,49	-5,10	-5,63	-6,16	-6,54	-6,93	-7,10	-7,27	-7,35	-7,43	-7,54	-7,65	-7,77	-7,90	-1,50
21/02/2019 09:00:00	-1,49	-1,65	-1,98	-2,28	-2,57	-2,96	-3,41	-3,95	-4,52	-5,02	-5,57	-6,05	-6,53	-6,83	-7,13	-7,31	-7,49	-7,69	-7,89	-8,06	-8,23	-1,44
21/02/2019 09:05:00	-1,38	-1,49	-1,72	-2,06	-2,52	-3,10	-3,76	-4,47	-5,14	-5,61	-6,06	-6,40	-6,75	-6,91	-7,07	-7,16	-7,26	-7,38	-7,50	-7,63	-7,75	-1,49
21/02/2019 09:10:00	-1,30	-1,38	-1,61	-2,04	-2,59	-3,11	-3,76	-4,43	-5,05	-5,55	-6,03	-6,38	-6,74	-6,89	-7,05	-7,13	-7,21	-7,32	-7,44	-7,57	-7,69	-1,39
21/02/2019 09:15:00	-1,24	-1,45	-1,80	-2,10	-2,48	-3,06	-3,68	-4,33	-4,94	-5,46	-5,98	-6,40	-6,81	-7,04	-7,26	-7,38	-7,50	-7,64	-7,79	-7,93	-8,07	-1,30
21/02/2019 09:20:00	-1,40	-1,53	-1,82	-2,24	-2,74	-3,21	-3,82	-4,43	-4,97	-5,53	-6,10	-6,53	-6,96	-7,18	-7,40	-7,50	-7,60	-7,73	-7,87	-8,00	-8,14	-1,29
21/02/2019 09:25:00	-1,20	-1,38	-1,62	-1,92	-2,33	-2,83	-3,55	-4,27	-4,87	-5,42	-5,98	-6,42	-6,86	-7,09	-7,31	-7,43	-7,55	-7,69	-7,83	-7,97	-8,10	-1,24
21/02/2019 09:30:00	-1,16	-1,32	-1,69	-2,11	-2,59	-3,16	-3,83	-4,48	-5,04	-5,53	-6,02	-6,39	-6,76	-6,93	-7,11	-7,20	-7,29	-7,41	-7,53	-7,66	-7,79	-1,29
21/02/2019 09:35:00	-1,31	-1,35	-1,65	-2,05	-2,59	-3,25	-3,96	-4,68	-5,31	-5,82	-6,32	-6,68	-7,04	-7,19	-7,35	-7,43	-7,50	-7,61	-7,72	-7,84	-7,96	-1,29
21/02/2019 09:40:00	-1,20	-1,35	-1,66	-1,97	-2,38	-2,98	-3,63	-4,30	-4,88	-5,41	-5,95	-6,37	-6,79	-7,00	-7,20	-7,31	-7,41	-7,54	-7,68	-7,81	-7,94	-1,16
21/02/2019 09:45:00	-1,11	-1,26	-1,57	-2,05	-2,64	-3,16	-3,87	-4,53	-5,07	-5,56	-6,05	-6,39	-6,72	-6,86	-7,00	-7,06	-7,11	-7,21	-7,31	-7,42	-7,54	-1,14
21/02/2019 09:50:00	-1,12	-1,27	-1,58	-2,00	-2,48	-2,98	-3,47	-4,03	-4,64	-5,16	-5,70	-6,13	-6,55	-6,79	-7,02	-7,15	-7,27	-7,43	-7,59	-7,74	-7,89	-1,09
21/02/2019 09:55:00	-1,07	-1,26	-1,70	-2,12	-2,52	-2,97	-3,49	-4,05	-4,61	-5,09	-5,61	-6,05	-6,50	-6,76	-7,02	-7,18	-7,34	-7,52	-7,71	-7,87	-8,03	-1,10
21/02/2019 10:00:00	-1,01	-1,24	-1,62	-2,00	-2,36	-2,76	-3,30	-3,88	-4,44	-4,98	-5,55	-6,05	-6,54	-6,84	-7,14	-7,31	-7,48	-7,67	-7,87	-8,03	-8,20	-1,03
21/02/2019 10:05:00	-0,96	-1,19	-1,47	-1,75	-2,10	-2,60	-3,21	-3,86	-4,45	-5,03	-5,64	-6,13	-6,62	-6,90	-7,17	-7,31	-7,46	-7,63	-7,79	-7,94	-8,09	-1,00
21/02/2019 10:10:00	-0,88	-1,21	-1,50	-1,81	-2,18	-2,61	-3,19	-3,80	-4,36	-4,95	-5,59	-6,10	-6,61	-6,90	-7,19	-7,34	-7,49	-7,66	-7,83	-7,99	-8,14	-0,91
21/02/2019 10:15:00	-0,82	-1,08	-1,48	-1,93	-2,42	-2,91	-3,47	-4,04	-4,58	-5,09	-5,63	-6,05	-6,46	-6,69	-6,91	-7,02	-7,14	-7,29	-7,44	-7,58	-7,73	-0,83
21/02/2019 10:20:00	-0,72	-1,04	-1,40	-1,78	-2,21	-2,64	-3,27	-3,89	-4,39	-4,98	-5,59	-6,08	-6,56	-6,83	-7,10	-7,23	-7,36	-7,52	-7,68	-7,82	-7,97	-0,76
21/02/2019 10:25:00	-0,72	-1,00	-1,35	-1,72	-2,16	-2,73	-3,34	-3,98	-4,57	-5,15	-5,75	-6,22	-6,69	-6,94	-7,19	-7,31	-7,44	-7,59	-7,74	-7,88	-8,02	-0,76
21/02/2019 10:30:00	-0,76	-1,10	-1,39	-1,68	-2,06	-2,57	-3,17	-3,85	-4,52	-5,10	-5,71	-6,22	-6,72	-7,01	-7,30	-7,45	-7,61	-7,79	-7,96	-8,12	-8,27	-0,72
21/02/2019 10:35:00	-0,72	-1,03	-1,41	-1,84	-2,31	-2,76	-3,33	-3,94	-4,52	-5,07	-5,64	-6,11	-6,58	-6,84	-7,11	-7,25	-7,39	-7,56	-7,73	-7,89	-8,04	-0,81
21/02/2019 10:40:00	-0,83	-1,11	-1,52	-1,93	-2,35	-2,84	-3,41	-4,03	-4,64	-5,16	-5,70	-6,16	-6,62	-6,89	-7,16	-7,31	-7,47	-7,65	-7,83	-7,99	-8,15	-0,79
21/02/2019 10:45:00	-0,72	-1,19	-1,48	-1,77	-2,17	-2,65	-3,27	-3,97	-4,65	-5,20	-5,75	-6,21	-6,67	-6,92	-7,18	-7,32	-7,46	-7,62	-7,78	-7,92	-8,07	-0,79
21/02/2019 10:50:00	-0,90	-1,17	-1,56	-1,97	-2,40	-2,87	-3,33	-3,86	-4,41	-4,99	-5,61	-6,12	-6,63	-6,92	-7,21	-7,37	-7,52	-7,70	-7,88	-8,05	-8,21	-0,87
21/02/2019 10:55:00	-0,94	-1,23	-1,59	-1,99	-2,37	-2,66	-3,10	-3,62	-4,16	-4,78	-5,47	-6,06	-6,66	-7,03	-7,41	-7,61	-7,81	-8,04	-8,26	-8,45	-8,63	-0,89
21/02/2019 11:00:00	-0,89	-1,18	-1,61	-1,99	-2,34	-2,73	-3,21	-3,75	-4,29	-4,87	-5,52	-6,08	-6,64	-6,99	-7,34	-7,54	-7,73	-7,95	-8,16	-8,34	-8,52	-0,89
21/02/2019 11:05:00	-0,90	-1,27	-1,56	-1,85	-2,21	-2,63	-3,21	-3,88	-4,56	-5,11	-5,69	-6,18	-6,68	-6,97	-7,26	-7,44	-7,61	-7,80	-7,99	-8,15	-8,32	-0,95
21/02/2019 11:10:00	-0,93	-1,25	-1,47	-1,74	-2,16	-2,73	-3,39	-4,11	-4,80	-5,41	-6,02	-6,51	-7,00	-7,25	-7,51	-7,64	-7,77	-7,92	-8,07	-8,21	-8,35	-0,96
21/02/2019 11:15:00	-1,01	-1,23	-1,56	-1,94	-2,38	-2,93	-3,54	-4,16	-4,72	-5,29	-5,87	-6,32	-6,77	-7,00	-7,24	-7,35	-7,47	-7,61	-7,75	-7,89	-8,03	-0,92
21/02/2019 11:20:00	-0,85	-1,13	-1,51	-1,89	-2,31	-2,72	-3,31	-3,92	-4,46	-5,02	-5,62	-6,11	-6,61	-6,89	-7,17	-7,32	-7,47	-7,64	-7,82	-7,98	-8,13	-0,84
21/02/2019 11:25:00	-0,88	-1,15	-1,44	-1,76	-2,17	-2,70	-3,33	-4,01	-4,63	-5,20	-5,77	-6,23	-6,69	-6,94	-7,18	-7,31	-7,44	-7,60	-7,75	-7,89	-8,03	-0,83
21/02/2019 11:30:00	-0,79	-1,19	-1,60	-1,97	-2,33	-2,72	-3,17	-3,66	-4,16	-4,75	-5,41	-5,95	-6,49	-6,82	-7,14	-7,31	-7,47	-7,67	-7,86	-8,02	-8,19	-0,92
21/02/2019 11:35:00	-0,90	-1,27	-1,64	-1,97	-2,32	-2,68	-3,27	-3,93	-4,56	-5,07	-5,60	-6,08	-6,55	-6,84	-7,13	-7,31	-7,49	-7,68	-7,88	-8,05	-8,21	-0,96
21/02/2019 11:40:00	-0,93	-1,18	-1,53	-1,91	-2,35	-2,88	-3,54	-4,19	-4,72	-5,24	-5,78	-6,18	-6,59	-6,80	-7,00	-7,10	-7,20	-7,33	-7,46	-7,59	-7,72	-0,84
21/02/2019 11:45:00	-0,75	-1,03	-1,43	-1,87	-2,37	-2,91	-3,47	-4,09	-4,71	-5,20	-5,69	-6,08	-6,47	-6,67	-6,88	-7,00	-7,11	-7,26	-7,40	-7,55	-7,69	-0,76
21/02/2019 11:50:00	-0,64	-1,04	-1,44	-1,83	-2,22	-2,60	-3,15	-3,73	-4,27	-4,80	-5,36	-5,83	-6,31	-6,58	-6,85	-7,00	-7,15	-7,33	-7,51	-7,67	-7,83	-0,69
21/02/2019 11:55:00	-0,68	-1,05	-1,46	-1,87	-2,31	-2,79	-3,35	-3,93	-4,46	-4,97	-5,49	-5,90	-6,32	-6,54	-6,76	-6,88	-7,00	-7,15	-7,30	-7,44	-7,59	-0,67
21/02/2019 12:00:00	-0,77	-1,12	-1,57	-1,95	-2,28	-2,65	-3,13	-3,66	-4,19	-4,68	-5,21	-5,69	-6,16	-6,45	-6,75	-6,92	-7,10	-7,30	-7,50	-7,67	-7,84	-0,71
21/02/2019 12:05:00	-0,68	-1,13	-1,45	-1,76	-2,14	-2,57	-3,10	-3,72	-4,37	-4,92	-5,50	-5,98	-6,47	-6,75	-7,03	-7,18	-7,34	-7,52	-7,70	-7,86	-8,02	-0,73
21/02/2019 12:10:00	-0,75	-1,20	-1,58	-1,92	-2,27	-2,68	-3,15	-3,70	-4,27	-4,81	-5,39	-5,88	-6,37	-6,66	-6,96	-7,12	-7,28	-7,47	-7,65	-7,82	-7,98	-0,77
21/02/2019 12:15:00	-0,77	-1,17	-1,60	-2,02	-2,42	-2,88	-3,37	-3,89	-4,36	-4,86	-5,38	-5,80	-6,22	-6,44	-6,67	-6,79	-6,91	-7,06	-7,21	-7,35	-7,50	-0,73
21/02/2019 12:20:00	-0,81	-1,17	-1,46	-1,74	-2,10	-2,59	-3,15	-3,79	-4,43	-4,97	-5,53	-6,00	-6,46	-6,72	-6,98	-7,13	-7,27	-7,44	-7,61	-7,76	-7,91	-0,76
21/02/2019 12:25:00	-0,76	-1,07	-1,42	-1,75	-2,14	-2,65	-3,36	-4,08	-4,67	-5,19	-5,72	-6,15	-6,58	-6,81	-7,03	-7,16	-7,29	-7,44	-7,59	-7,73	-7,87	-0,76
21/02/2019 12:30:00	-0,72	-1,01	-1,36	-1,70	-2,12	-2,68	-3,20	-3,76	-4,31	-4,92	-5,56	-6,06	-6,56	-6,83	-7,10	-7,23	-7,36	-7,52	-7,67	-7,82	-7,97	-0,72
21/02/2019 12:35:00	-0,66	-0,93	-1,22	-1,56	-2,00	-2,56	-3,17	-3,82	-4,40	-4,98	-5,56	-6,02	-6,47	-6,70	-6,94	-7,05	-7,16	-7,30	-7,44	-7,58	-7,72	-0,56
21/02/2019 12:40:00	-0,46	-1,00	-1,30	-1,53	-1,83	-2,27	-2,92	-3,65	-4,35	-4,90	-5,47	-5,97	-6,47	-6,76	-7,05	-7,23	-7,41	-7,60	-7,79	-7,95	-8,10	-0,17
21/02/2019 12:45:00	-0,43	-0,83	-1,17	-1,44	-1,79	-2,32	-2,97	-3,67	-4,31	-4,87	-5,45	-5,94	-6,43	-6,70	-6,97	-7,13	-7,28	-7,45	-7,62	-7,78	-7,93	-0,26
21/02/2019 12:50:00	-0,46	-0,74	-1,04	-1,41	-1,90	-2,44	-3,04	-3,72	-4,41	-4,97	-5,53	-5,98	-6,43	-6,68	-6,93	-7,06	-7,20	-7,36	-7,52	-7,67	-7,82	-0,46
21/02/2019 12:55:00	-0,52	-0,82	-1,21	-1,55	-1,96	-2,48	-3,17	-3,88	-4,53	-5,08	-5,64	-6,12	-6,59	-6,86	-7,13	-7,28	-7,44	-7,61	-7,79	-7,94	-8,10	-0,56
21/02/2019 13:00:00	-0,54	-0,85	-1,29	-1,75	-2,23	-2,73	-3,25	-3,80	-4,34	-4,92	-5,55	-6,05	-6,55	-6,83	-7,11	-7,25	-7,39	-7,56	-7,74	-7,89	-8,05	-0,56
21/02/2019 13:05:00	-0,46	-0,75	-1,10	-1,52	-2,02	-2,53	-3,16	-3,81	-4,40	-5,00	-5,62	-6,10	-6,59	-6,86	-7,12	-7,25	-7,38	-7,53	-7,69	-7,84	-7,99	-0,43
21/02/2019 13:10:00	-0,36	-0,72	-1,08	-1,47	-1,96	-2,48	-3,05	-3,68	-4,30	-4,92	-5,57	-6,09	-6,61	-6,89	-7,18	-7,32	-7,46	-7,63	-7,79	-7,95	-8,10	-0,42
21/02/2019 13:15:00	-0,40	-0,79	-1,26	-1,67	-2,04	-2,45	-2,96	-3,53	-4,10	-4,66	-5,27	-5,81	-6,35	-6,69	-7,02	-7,22	-7,41	-7,63	-7,85	-8,03	-8,20	-0,37
21/02/2019 13:20:00	-0,36	-0,75	-1,08	-1,47	-1,95	-2,47	-3,10	-3,81	-4,53	-5,06	-5,59	-6,03	-6,47	-6,71	-6,96	-7,10	-7,25	-7,42	-7,58	-7,73	-7,89	-0,44
21/02/2019 13:25:00	-0,38	-0,72	-1,19	-1,67	-2,12	-2,54	-3,09	-3,69	-4,29	-4,82	-5,39	-5,88	-6,37	-6,66	-6,96	-7,13	-7,31	-7,51	-7,71	-7,88	-8,05	-0,46
21/02/2019 13:30:00	-0,63	-0,85	-1,24	-1,73	-2,29	-2,88	-3,52	-4,20	-4,87	-5,40	-5,93	-6,35	-6,77	-6,99	-7,22	-7,34	-7,46	-7,61	-7,76	-7,91	-8,05	-0,52
21/02/2019 13:35:00	-0,50	-0,69	-1,14	-1,61	-2,07	-2,62	-3,19	-3,80	-4,41	-4,97	-5,55	-6,05	-6,54	-6,82	-7,11	-7,27	-7,43	-7,62	-7,81	-7,97	-8,14	-0,44
21/02/2019 13:40:00	-0,45	-0,86	-1,28	-1,66	-2,06	-2,56	-3,13	-3,75	-4,35	-4,91	-5,50	-6,00	-6,50	-6,79	-7,08	-7,23	-7,39	-7,57	-7,75	-7,91	-8,07	-0,45
21/02/2019 13:45:00	-0,42	-0,79	-1,20	-1,65	-2,13	-2,62	-3,21	-3,81	-4,33	-4,93	-5,57	-6,07	-6,57	-6,84	-7,11	-7,24	-7,37	-7,53	-7,69	-7,84	-7,99	-0,33
21/02/2019 13:50:00	-0,36	-0,87	-1,33	-1,72	-2,09	-2,47	-3,08	-3,70	-4,22	-4,80	-5,43	-5,97	-6,50	-6,82	-7,15	-7,32	-7,50	-7,69	-7,89	-8,05	-8,22	-0,30
21/02/2019 13:55:00	-0,45	-0,84	-1,29	-1,73	-2,18	-2,63	-3,19	-3,77	-4,33	-4,89	-5,49	-5,98	-6,48	-6,76	-7,05	-7,20	-7,35	-7,53	-7,70	-7,86	-8,02	-0,36
21/02/2019 14:00:00	-0,38	-0,60	-1,08	-1,64	-2,15	-2,55	-3,11	-3,65	-4,13	-4,71	-5,35	-5,86	-6,38	-6,69	-6,99	-7,15	-7,30	-7,49	-7,68	-7,85	-8,02	-0,41
21/02/2019 14:05:00	-0,34	-0,75	-1,13	-1,48	-1,90	-2,48	-3,10	-3,75	-4,35	-4,96	-5,60	-6,10	-6,61	-6,89	-7,16	-7,30	-7,43	-7,59	-7,75	-7,89	-8,04	-0,32
21/02/2019 14:10:00	-0,33	-0,72	-1,16	-1,53	-1,91	-2,44	-3,04	-3,69	-4,30	-4,85	-5,43	-5,92	-6,41	-6,69	-6,97	-7,14	-7,30	-7,48	-7,67	-7,82	-7,98	-0,25
21/02/2019 14:15:00	-0,28	-0,71	-1,03	-1,34	-1,74	-2,27	-2,90	-3,58	-4,22	-4,83	-5,47	-5,99	-6,50	-6,79	-7,08	-7,23	-7,38	-7,55	-7,72	-7,87	-8,02	-0,32
21/02/2019 14:20:00	-0,38	-0,68	-1,14	-1,65	-2,16	-2,65	-3,29	-3,91	-4,44	-5,01	-5,60	-6,08	-6,55	-6,81	-7,07	-7,20	-7,33	-7,50	-7,66	-7,81	-7,96	-0,38
21/02/2019 14:25:00	-0,43	-0,80	-1,22	-1,61	-2,03	-2,53	-3,16	-3,82	-4,42	-4,99	-5,60	-6,10	-6,60	-6,89	-7,17	-7,33	-7,49	-7,67	-7,84	-8,00	-8,16	-0,41
21/02/2019 14:30:00	-0,33	-0,84	-1,24	-1,60	-1,99	-2,44	-3,00	-3,61	-4,19	-4,76	-5,38	-5,89	-6,40	-6,69	-6,98	-7,13	-7,29	-7,47	-7,64	-7,80	-7,96	-0,27
21/02/2019 14:35:00	-0,28	-0,67	-1,06	-1,51	-2,00	-2,44	-3,04	-3,69	-4,29	-4,87	-5,47	-5,96	-6,45	-6,73	-7,01	-7,15	-7,30	-7,48	-7,65	-7,81	-7,97	-0,07
21/02/2019 14:40:00	-0,24	-0,65	-1,03	-1,35	-1,68	-2,09	-2,75	-3,48	-4,15	-4,75	-5,37	-5,94	-6,51	-6,86	-7,21	-7,43	-7,64	-7,86	-8,08	-8,26	-8,44	0,12
21/02/2019 14:45:00	0,06	-0,42	-0,81	-1,18	-1,63	-2,18	-2,84	-3,54	-4,16	-4,72	-5,28	-5,73	-6,19	-6,43	-6,67	-6,80	-6,93	-7,09	-7,24	-7,39	-7,53	0,11
21/02/2019 14:50:00	0,06	-0,36	-0,78	-1,15	-1,54	-2,03	-2,63	-3,29	-3,91	-4,48	-5,07	-5,58	-6,09	-6,39	-6,70	-6,87	-7,05	-7,24	-7,44	-7,60	-7,77	0,06
21/02/2019 14:55:00	0,07	-0,37	-0,80	-1,17	-1,53	-1,92	-2,45	-3,08	-3,73	-4,36	-5,06	-5,68	-6,29	-6,69	-7,09	-7,32	-7,54	-7,79	-8,03	-8,22	-8,42	-0,26
21/02/2019 15:00:00	-0,29	-0,64	-1,07	-1,44	-1,81	-2,32	-2,91	-3,56	-4,18	-4,81	-5,48	-6,06	-6,64	-6,99	-7,34	-7,54	-7,73	-7,95	-8,16	-8,33	-8,50	-0,49
21/02/2019 15:05:00	-0,46	-0,75	-1,10	-1,50	-2,02	-2,67	-3,38	-4,14	-4,83	-5,41	-5,97	-6,42	-6,87	-7,10	-7,32	-7,44	-7,56	-7,70	-7,85	-7,98	-8,12	-0,40
21/02/2019 15:10:00	-0,29	-0,81	-1,18	-1,54	-1,97	-2,46	-3,04	-3,71	-4,39	-4,97	-5,58	-6,09	-6,59	-6,88	-7,17	-7,33	-7,49	-7,67	-7,85	-8,01	-8,17	-0,36
21/02/2019 15:15:00	-0,47	-0,81	-1,22	-1,61	-2,01	-2,51	-3,10	-3,77	-4,43	-5,02	-5,65	-6,19	-6,74	-7,07	-7,40	-7,59	-7,78	-7,99	-8,19	-8,36	-8,53	-0,52
21/02/2019 15:20:00	-0,52	-0,84	-1,23	-1,62	-2,01	-2,44	-2,94	-3,52	-4,12	-4,77	-5,47	-6,08	-6,68	-7,05	-7,42	-7,62	-7,82	-8,04	-8,26	-8,44	-8,62	-0,69
21/02/2019 15:25:00	-0,52	-0,87	-1,25	-1,63	-2,05	-2,55	-3,18	-3,85	-4,45	-5,04	-5,66	-6,17	-6,68	-6,96	-7,25	-7,41	-7,56	-7,73	-7,91	-8,06	-8,22	-0,49
21/02/2019 15:30:00	-0,63	-0,99	-1,38	-1,79	-2,22	-2,64	-3,23	-3,85	-4,39	-5,00	-5,66	-6,20	-6,74	-7,05	-7,36	-7,52	-7,68	-7,87	-8,05	-8,21	-8,37	-0,57
21/02/2019 15:35:00	-0,75	-1,08	-1,37	-1,73	-2,17	-2,67	-3,33	-4,02	-4,62	-5,19	-5,76	-6,22	-6,67	-6,91	-7,15	-7,27	-7,39	-7,54	-7,68	-7,82	-7,96	-0,34
21/02/2019 15:40:00	-0,50	-0,94	-1,37	-1,73	-2,07	-2,46	-3,00	-3,62	-4,23	-4,79	-5,40	-5,94	-6,48	-6,82	-7,15	-7,35	-7,55	-7,77	-7,99	-8,17	-8,34	-0,52
21/02/2019 15:45:00	-0,55	-0,94	-1,26	-1,59	-2,03	-2,59	-3,22	-3,90	-4,55	-5,12	-5,71	-6,17	-6,64	-6,88	-7,12	-7,25	-7,38	-7,53	-7,68	-7,82	-7,96	-0,34
21/02/2019 15:50:00	-0,50	-0,86	-1,19	-1,61	-2,12	-2,58	-3,19	-3,85	-4,48	-5,05	-5,63	-6,09	-6,56	-6,80	-7,05	-7,18	-7,31	-7,46	-7,62	-7,77	-7,91	-0,32
21/02/2019 15:55:00	-0,40	-0,80	-1,14	-1,50	-1,92	-2,47	-3,03	-3,65	-4,28	-4,90	-5,56	-6,09	-6,62	-6,93	-7,23	-7,39	-7,54	-7,72	-7,90	-8,05	-8,21	-0,46
21/02/2019 16:00:00	-0,70	-1,13	-1,52	-1,91	-2,33	-2,82	-3,39	-4,03	-4,67	-5,23	-5,83	-6,32	-6,82	-7,11	-7,40	-7,55	-7,71	-7,89	-8,07	-8,23	-8,39	-0,63
21/02/2019 16:05:00	-0,65	-1,08	-1,45	-1,79	-2,19	-2,72	-3,33	-4,00	-4,63	-5,20	-5,80	-6,28	-6,77	-7,03	-7,30	-7,45	-7,59	-7,75	-7,92	-8,07	-8,21	-0,71
21/02/2019 16:10:00	-0,66	-1,05	-1,36	-1,69	-2,12	-2,61	-3,26	-3,95	-4,58	-5,20	-5,85	-6,37	-6,90	-7,18	-7,47	-7,62	-7,76	-7,93	-8,09	-8,24	-8,39	-0,67
21/02/2019 16:15:00	-0,71	-0,91	-1,18	-1,54	-2,04	-2,62	-3,31	-4,05	-4,71	-5,31	-5,92	-6,38	-6,85	-7,09	-7,33	-7,45	-7,57	-7,72	-7,86	-8,00	-8,14	-0,83
21/02/2019 16:20:00	-0,92	-1,24	-1,58	-1,92	-2,33	-2,91	-3,49	-4,14	-4,78	-5,38	-5,99	-6,49	-6,98	-7,26	-7,53	-7,67	-7,81	-7,97	-8,14	-8,29	-8,43	-0,93
21/02/2019 16:25:00	-0,97	-1,19	-1,56	-1,95	-2,42	-3,00	-3,59	-4,23	-4,86	-5,45	-6,07	-6,56	-7,05	-7,32	-7,59	-7,73	-7,86	-8,02	-8,18	-8,33	-8,48	-0,96
21/02/2019 16:30:00	-0,95	-1,31	-1,71	-2,12	-2,52	-2,87	-3,41	-4,00	-4,55	-5,14	-5,77	-6,32	-6,86	-7,20	-7,53	-7,71	-7,89	-8,09	-8,30	-8,47	-8,64	-0,94
21/02/2019 16:35:00	-0,89	-1,18	-1,52	-1,87	-2,28	-2,81	-3,48	-4,20	-4,86	-5,38	-5,91	-6,35	-6,80	-7,04	-7,29	-7,43	-7,57	-7,73	-7,89	-8,04	-8,19	-0,83
21/02/2019 16:40:00	-0,78	-1,18	-1,45	-1,77	-2,23	-2,75	-3,41	-4,13	-4,78	-5,37	-5,97	-6,44	-6,91	-7,15	-7,39	-7,51	-7,64	-7,78	-7,93	-8,06	-8,20	-0,77
21/02/2019 16:45:00	-0,75	-1,16	-1,45	-1,76	-2,17	-2,65	-3,19	-3,83	-4,50	-5,07	-5,64	-6,12	-6,60	-6,87	-7,14	-7,29	-7,44	-7,61	-7,78	-7,93	-8,09	-0,80
21/02/2019 16:50:00	-0,90	-1,28	-1,67	-2,01	-2,34	-2,76	-3,28	-3,82	-4,31	-4,95	-5,65	-6,23	-6,81	-7,16	-7,50	-7,68	-7,85	-8,04	-8,24	-8,40	-8,57	-0,94
21/02/2019 16:55:00	-0,99	-1,31	-1,70	-2,02	-2,34	-2,78	-3,36	-3,97	-4,53	-5,10	-5,72	-6,25	-6,78	-7,10	-7,41	-7,59	-7,77	-7,97	-8,16	-8,33	-8,49	-0,98
21/02/2019 17:00:00	-0,90	-1,17	-1,55	-1,92	-2,34	-2,85	-3,44	-4,10	-4,78	-5,33	-5,90	-6,38	-6,87	-7,16	-7,44	-7,61	-7,78	-7,96	-8,15	-8,31	-8,47	-0,95
21/02/2019 17:05:00	-0,95	-1,22	-1,58	-1,99	-2,43	-2,89	-3,47	-4,14	-4,82	-5,34	-5,87	-6,34	-6,80	-7,07	-7,34	-7,51	-7,67	-7,86	-8,05	-8,21	-8,37	-0,93
21/02/2019 17:10:00	-0,91	-1,20	-1,55	-1,89	-2,30	-2,85	-3,46	-4,10	-4,69	-5,28	-5,89	-6,38	-6,87	-7,13	-7,40	-7,53	-7,66	-7,81	-7,97	-8,11	-8,25	-0,92
21/02/2019 17:15:00	-0,83	-1,23	-1,65	-2,01	-2,37	-2,82	-3,35	-3,97	-4,58	-5,14	-5,74	-6,26	-6,79	-7,10	-7,42	-7,60	-7,79	-7,99	-8,19	-8,36	-8,53	-0,86
21/02/2019 17:20:00	-0,89	-1,00	-1,44	-1,97	-2,54	-3,14	-3,72	-4,32	-4,89	-5,41	-5,94	-6,35	-6,75	-6,96	-7,17	-7,27	-7,37	-7,51	-7,65	-7,79	-7,94	-0,89
21/02/2019 17:25:00	-0,89	-1,15	-1,54	-1,95	-2,38	-2,84	-3,35	-3,91	-4,46	-5,06	-5,71	-6,24	-6,78	-7,09	-7,40	-7,56	-7,72	-7,90	-8,09	-8,25	-8,41	-0,90
21/02/2019 17:30:00	-0,90	-1,10	-1,51	-1,97	-2,45	-2,94	-3,59	-4,21	-4,73	-5,29	-5,88	-6,35	-6,82	-7,07	-7,32	-7,44	-7,56	-7,72	-7,87	-8,01	-8,16	-0,89
21/02/2019 17:35:00	-0,89	-1,23	-1,54	-1,88	-2,32	-2,87	-3,52	-4,20	-4,81	-5,42	-6,05	-6,54	-7,03	-7,29	-7,54	-7,66	-7,78	-7,93	-8,07	-8,21	-8,35	-0,89
21/02/2019 17:40:00	-0,90	-1,19	-1,54	-1,91	-2,37	-2,91	-3,56	-4,25	-4,91	-5,49	-6,07	-6,55	-7,02	-7,28	-7,55	-7,69	-7,83	-7,99	-8,16	-8,30	-8,45	-0,90
21/02/2019 17:45:00	-0,93	-1,23	-1,62	-2,01	-2,40	-2,90	-3,44	-4,08	-4,75	-5,31	-5,89	-6,39	-6,90	-7,21	-7,51	-7,69	-7,87	-8,07	-8,27	-8,44	-8,61	-0,93
21/02/2019 17:50:00	-1,04	-1,36	-1,77	-2,18	-2,59	-3,04	-3,56	-4,15	-4,75	-5,29	-5,85	-6,33	-6,81	-7,09	-7,37	-7,53	-7,69	-7,87	-8,06	-8,22	-8,38	-0,99
21/02/2019 17:55:00	-1,24	-1,51	-1,91	-2,31	-2,73	-3,20	-3,76	-4,38	-5,02	-5,55	-6,11	-6,60	-7,08	-7,37	-7,65	-7,82	-7,98	-8,17	-8,36	-8,52	-8,68	-1,14
21/02/2019 18:00:00	-1,21	-1,43	-1,80	-2,24	-2,72	-3,20	-3,81	-4,44	-5,02	-5,62	-6,25	-6,76	-7,27	-7,55	-7,84	-7,98	-8,12	-8,29	-8,46	-8,62	-8,77	-1,19
21/02/2019 18:05:00	-1,31	-1,46	-1,82	-2,25	-2,71	-3,25	-3,83	-4,46	-5,09	-5,70	-6,34	-6,88	-7,41	-7,72	-8,02	-8,18	-8,34	-8,52	-8,71	-8,86	-9,02	-1,24
21/02/2019 18:10:00	-1,37	-1,62	-2,05	-2,47	-2,88	-3,39	-3,92	-4,48	-5,02	-5,58	-6,17	-6,66	-7,15	-7,42	-7,70	-7,84	-7,99	-8,16	-8,33	-8,48	-8,64	-1,31
21/02/2019 18:15:00	-1,47	-1,88	-2,30	-2,63	-2,93	-3,32	-3,83	-4,39	-4,92	-5,50	-6,13	-6,67	-7,22	-7,55	-7,88	-8,06	-8,23	-8,43	-8,63	-8,79	-8,96	-1,46
21/02/2019 18:20:00	-1,75	-2,05	-2,44	-2,81	-3,15	-3,52	-4,00	-4,53	-5,06	-5,59	-6,16	-6,66	-7,15	-7,45	-7,75	-7,91	-8,08	-8,27	-8,46	-8,62	-8,78	-1,72
21/02/2019 18:25:00	-1,94	-2,20	-2,51	-2,78	-3,07	-3,46	-4,01	-4,61	-5,18	-5,77	-6,40	-6,95	-7,49	-7,82	-8,15	-8,32	-8,50	-8,69	-8,89	-9,05	-9,21	-1,91
21/02/2019 18:30:00	-2,05	-2,39	-2,56	-2,78	-3,10	-3,47	-4,04	-4,69	-5,31	-5,90	-6,51	-7,01	-7,52	-7,80	-8,08	-8,22	-8,37	-8,53	-8,69	-8,83	-8,98	-2,05
21/02/2019 18:35:00	-2,18	-2,38	-2,69	-2,99	-3,31	-3,70	-4,24	-4,82	-5,36	-5,88	-6,43	-6,90	-7,36	-7,63	-7,90	-8,05	-8,20	-8,37	-8,54	-8,69	-8,84	-2,18
21/02/2019 18:40:00	-2,22	-2,60	-2,88	-3,17	-3,48	-3,77	-4,25	-4,77	-5,26	-5,80	-6,38	-6,86	-7,34	-7,61	-7,88	-8,01	-8,15	-8,31	-8,47	-8,62	-8,76	-2,23
21/02/2019 18:45:00	-2,28	-2,66	-2,92	-3,16	-3,42	-3,67	-4,10	-4,56	-4,97	-5,64	-6,35	-6,94	-7,52	-7,86	-8,20	-8,36	-8,52	-8,69	-8,87	-9,03	-9,18	-2,32
21/02/2019 18:50:00	-2,32	-2,62	-2,87	-3,10	-3,34	-3,65	-4,04	-4,53	-5,07	-5,64	-6,26	-6,79	-7,33	-7,65	-7,98	-8,16	-8,33	-8,53	-8,72	-8,89	-9,05	-2,36
21/02/2019 18:55:00	-2,40	-2,63	-2,93	-3,21	-3,49	-3,82	-4,18	-4,60	-5,05	-5,66	-6,32	-6,87	-7,42	-7,75	-8,08	-8,24	-8,40	-8,59	-8,78	-8,94	-9,10	-2,39
21/02/2019 19:00:00	-2,44	-2,59	-2,76	-3,04	-3,45	-3,90	-4,47	-5,06	-5,59	-6,12	-6,66	-7,06	-7,45	-7,64	-7,83	-7,91	-7,99	-8,10	-8,21	-8,33	-8,45	-2,42
21/02/2019 19:05:00	-2,41	-2,77	-2,97	-3,08	-3,25	-3,60	-4,06	-4,60	-5,14	-5,77	-6,44	-7,01	-7,59	-7,93	-8,27	-8,45	-8,62	-8,81	-9,00	-9,16	-9,31	-2,46
21/02/2019 19:10:00	-2,47	-2,76	-2,98	-3,21	-3,49	-3,84	-4,31	-4,86	-5,40	-5,94	-6,52	-6,99	-7,46	-7,72	-7,98	-8,12	-8,26	-8,41	-8,57	-8,72	-8,86	-2,52
21/02/2019 19:15:00	-2,56	-2,78	-3,10	-3,37	-3,60	-3,83	-4,26	-4,75	-5,22	-5,74	-6,32	-6,84	-7,35	-7,67	-8,00	-8,18	-8,36	-8,57	-8,77	-8,94	-9,11	-2,54
21/02/2019 19:20:00	-2,49	-2,85	-3,08	-3,27	-3,51	-3,90	-4,32	-4,87	-5,46	-5,98	-6,54	-7,02	-7,49	-7,76	-8,04	-8,19	-8,34	-8,51	-8,68	-8,83	-8,98	-2,54
21/02/2019 19:25:00	-2,48	-2,80	-3,10	-3,33	-3,60	-3,94	-4,38	-4,91	-5,47	-5,93	-6,42	-6,85	-7,28	-7,52	-7,77	-7,92	-8,06	-8,23	-8,39	-8,54	-8,69	-2,47
21/02/2019 19:30:00	-2,45	-2,66	-2,98	-3,32	-3,62	-3,79	-4,17	-4,67	-5,22	-5,67	-6,18	-6,65	-7,12	-7,42	-7,73	-7,92	-8,10	-8,32	-8,53	-8,71	-8,88	-2,46
21/02/2019 19:35:00	-2,43	-2,71	-2,96	-3,17	-3,43	-3,77	-4,27	-4,80	-5,27	-5,81	-6,38	-6,84	-7,30	-7,56	-7,81	-7,94	-8,07	-8,22	-8,37	-8,51	-8,65	-2,45
21/02/2019 19:40:00	-2,51	-2,65	-2,95	-3,25	-3,54	-3,85	-4,20	-4,61	-5,02	-5,59	-6,20	-6,71	-7,21	-7,51	-7,81	-7,96	-8,11	-8,29	-8,46	-8,62	-8,78	-2,50
21/02/2019 19:45:00	-2,47	-2,68	-2,90	-3,14	-3,43	-3,73	-4,17	-4,70	-5,27	-5,77	-6,32	-6,78	-7,24	-7,52	-7,79	-7,95	-8,10	-8,28	-8,46	-8,62	-8,77	-2,47
21/02/2019 19:50:00	-2,48	-2,72	-2,90	-3,02	-3,26	-3,76	-4,28	-4,86	-5,38	-5,95	-6,53	-6,99	-7,44	-7,67	-7,91	-8,02	-8,13	-8,26	-8,39	-8,52	-8,65	-2,47
21/02/2019 19:55:00	-2,51	-2,71	-2,89	-3,04	-3,26	-3,59	-4,07	-4,64	-5,23	-5,80	-6,41	-6,94	-7,46	-7,78	-8,09	-8,26	-8,43	-8,62	-8,81	-8,97	-9,13	-2,49
21/02/2019 20:00:00	-2,49	-2,73	-2,93	-3,05	-3,23	-3,57	-4,02	-4,56	-5,10	-5,69	-6,33	-6,87	-7,41	-7,73	-8,06	-8,23	-8,41	-8,59	-8,78	-8,94	-9,10	-2,46
21/02/2019 20:05:00	-2,42	-2,73	-2,93	-3,07	-3,25	-3,54	-3,98	-4,53	-5,10	-5,61	-6,16	-6,65	-7,15	-7,45	-7,75	-7,93	-8,11	-8,30	-8,50	-8,66	-8,82	-2,46
21/02/2019 20:10:00	-2,44	-2,68	-2,79	-2,94	-3,22	-3,64	-4,20	-4,83	-5,41	-5,96	-6,51	-6,94	-7,38	-7,60	-7,83	-7,94	-8,06	-8,19	-8,32	-8,45	-8,58	-2,48
21/02/2019 20:15:00	-2,50	-2,66	-2,84	-3,00	-3,21	-3,50	-4,00	-4,58	-5,13	-5,69	-6,30	-6,83	-7,36	-7,68	-8,00	-8,18	-8,36	-8,56	-8,75	-8,91	-9,07	-2,52
21/02/2019 20:20:00	-2,51	-2,72	-2,82	-2,90	-3,13	-3,54	-4,04	-4,63	-5,19	-5,80	-6,42	-6,92	-7,43	-7,70	-7,98	-8,11	-8,25	-8,40	-8,55	-8,69	-8,84	-2,49
21/02/2019 20:25:00	-2,52	-2,70	-2,82	-2,97	-3,26	-3,70	-4,23	-4,85	-5,47	-5,97	-6,49	-6,90	-7,31	-7,53	-7,74	-7,86	-7,98	-8,12	-8,25	-8,39	-8,52	-2,52
21/02/2019 20:30:00	-2,48	-2,80	-2,98	-3,10	-3,31	-3,68	-4,12	-4,60	-5,03	-5,65	-6,30	-6,82	-7,33	-7,60	-7,88	-8,00	-8,12	-8,27	-8,41	-8,55	-8,69	-2,50
21/02/2019 20:35:00	-2,56	-2,74	-2,92	-3,07	-3,26	-3,47	-4,03	-4,62	-5,15	-5,70	-6,30	-6,82	-7,35	-7,67	-8,00	-8,18	-8,37	-8,57	-8,77	-8,94	-9,10	-2,57
21/02/2019 20:40:00	-2,55	-2,77	-2,94	-3,08	-3,28	-3,56	-4,13	-4,69	-5,16	-5,73	-6,33	-6,83	-7,33	-7,61	-7,90	-8,04	-8,19	-8,35	-8,51	-8,66	-8,80	-2,54
21/02/2019 20:45:00	-2,60	-2,69	-2,91	-3,12	-3,36	-3,67	-4,13	-4,72	-5,35	-5,82	-6,34	-6,81	-7,28	-7,58	-7,88	-8,07	-8,26	-8,46	-8,66	-8,83	-9,00	-2,55
21/02/2019 20:50:00	-2,55	-2,78	-2,96	-3,05	-3,14	-3,26	-3,66	-4,16	-4,68	-5,30	-6,00	-6,64	-7,29	-7,71	-8,14	-8,39	-8,63	-8,88	-9,13	-9,32	-9,51	-2,57
21/02/2019 20:55:00	-2,65	-2,65	-2,79	-2,95	-3,20	-3,60	-4,07	-4,61	-5,15	-5,78	-6,44	-6,99	-7,53	-7,85	-8,16	-8,32	-8,48	-8,66	-8,83	-8,99	-9,15	-2,59
21/02/2019 21:00:00	-2,52	-2,67	-2,77	-2,86	-3,05	-3,36	-3,91	-4,55	-5,15	-5,74	-6,38	-6,92	-7,46	-7,79	-8,11	-8,29	-8,47	-8,66	-8,85	-9,01	-9,17	-2,51
21/02/2019 21:05:00	-2,53	-2,71	-2,91	-3,08	-3,25	-3,49	-3,85	-4,34	-4,90	-5,45	-6,06	-6,61	-7,15	-7,51	-7,86	-8,06	-8,27	-8,49	-8,71	-8,88	-9,06	-2,47
21/02/2019 21:10:00	-2,51	-2,60	-2,80	-3,04	-3,30	-3,55	-3,98	-4,46	-4,95	-5,52	-6,14	-6,67	-7,19	-7,51	-7,83	-7,99	-8,16	-8,35	-8,55	-8,71	-8,88	-2,47
21/02/2019 21:15:00	-2,49	-2,75	-2,90	-3,02	-3,21	-3,48	-3,88	-4,35	-4,83	-5,43	-6,08	-6,62	-7,16	-7,48	-7,79	-7,95	-8,11	-8,29	-8,47	-8,62	-8,78	-2,49
21/02/2019 21:20:00	-2,46	-2,47	-2,70	-3,02	-3,43	-3,97	-4,60	-5,24	-5,78	-6,37	-6,97	-7,44	-7,90	-8,13	-8,37	-8,47	-8,58	-8,71	-8,84	-8,97	-9,10	-2,52
21/02/2019 21:25:00	-2,56	-2,78	-2,97	-3,12	-3,37	-3,81	-4,35	-4,97	-5,58	-6,19	-6,83	-7,37	-7,91	-8,22	-8,53	-8,70	-8,86	-9,03	-9,20	-9,35	-9,50	-2,57
21/02/2019 21:30:00	-2,57	-2,74	-3,03	-3,28	-3,53	-3,88	-4,31	-4,81	-5,29	-5,91	-6,58	-7,15	-7,73	-8,07	-8,42	-8,60	-8,78	-8,98	-9,18	-9,34	-9,50	-2,55
21/02/2019 21:35:00	-2,52	-2,84	-3,03	-3,22	-3,47	-3,79	-4,25	-4,84	-5,45	-6,05	-6,69	-7,25	-7,80	-8,13	-8,46	-8,64	-8,82	-9,01	-9,20	-9,36	-9,52	-2,50
21/02/2019 21:40:00	-2,49	-2,73	-2,95	-3,13	-3,42	-3,89	-4,46	-5,13	-5,78	-6,38	-7,00	-7,53	-8,05	-8,35	-8,65	-8,81	-8,96	-9,13	-9,30	-9,45	-9,60	-2,48
21/02/2019 21:45:00	-2,53	-2,77	-3,02	-3,27	-3,61	-4,02	-4,56	-5,16	-5,73	-6,33	-6,97	-7,48	-8,00	-8,28	-8,57	-8,71	-8,85	-9,01	-9,17	-9,32	-9,46	-2,49
21/02/2019 21:50:00	-2,54	-2,86	-3,18	-3,47	-3,78	-4,13	-4,53	-5,02	-5,54	-6,14	-6,78	-7,31	-7,85	-8,16	-8,48	-8,63	-8,79	-8,97	-9,15	-9,31	-9,47	-2,54
21/02/2019 21:55:00	-2,63	-2,85	-3,15	-3,50	-3,86	-4,19	-4,63	-5,15	-5,70	-6,29	-6,93	-7,47	-8,01	-8,32	-8,64	-8,80	-8,97	-9,15	-9,34	-9,50	-9,66	-2,57
21/02/2019 22:00:00	-2,64	-2,86	-3,21	-3,61	-4,04	-4,49	-5,02	-5,57	-6,08	-6,64	-7,23	-7,69	-8,14	-8,38	-8,62	-8,73	-8,84	-8,98	-9,11	-9,25	-9,38	-2,61
21/02/2019 22:05:00	-2,71	-3,01	-3,26	-3,55	-3,93	-4,33	-4,92	-5,55	-6,13	-6,78	-7,45	-7,99	-8,53	-8,83	-9,12	-9,26	-9,40	-9,55	-9,71	-9,85	-9,99	-2,67
21/02/2019 22:10:00	-2,65	-3,02	-3,31	-3,68	-4,12	-4,56	-5,15	-5,73	-6,23	-6,79	-7,36	-7,79	-8,21	-8,41	-8,61	-8,68	-8,76	-8,87	-8,97	-9,09	-9,21	-2,74
21/02/2019 22:15:00	-2,86	-3,09	-3,41	-3,77	-4,17	-4,61	-5,25	-5,87	-6,40	-6,93	-7,49	-7,92	-8,36	-8,58	-8,80	-8,91	-9,01	-9,14	-9,27	-9,40	-9,52	-2,74
21/02/2019 22:20:00	-2,87	-3,20	-3,55	-3,92	-4,34	-4,84	-5,40	-6,00	-6,56	-7,12	-7,71	-8,16	-8,62	-8,84	-9,07	-9,17	-9,27	-9,40	-9,53	-9,65	-9,78	-2,79
21/02/2019 22:25:00	-3,16	-3,60	-4,07	-4,46	-4,83	-5,24	-5,69	-6,23	-6,80	-7,35	-7,94	-8,45	-8,95	-9,24	-9,53	-9,68	-9,82	-9,99	-10,16	-10,31	-10,46	-3,00
21/02/2019 22:30:00	-3,21	-3,62	-4,01	-4,35	-4,76	-5,39	-6,00	-6,64	-7,22	-7,73	-8,25	-8,63	-9,02	-9,19	-9,36	-9,42	-9,49	-9,58	-9,68	-9,78	-9,89	-3,20
21/02/2019 22:35:00	-3,61	-3,96	-4,32	-4,73	-5,16	-5,56	-6,07	-6,59	-7,06	-7,67	-8,30	-8,78	-9,26	-9,50	-9,75	-9,84	-9,93	-10,05	-10,18	-10,30	-10,42	-3,49
21/02/2019 22:40:00	-3,67	-4,00	-4,46	-4,84	-5,16	-5,49	-5,89	-6,35	-6,84	-7,45	-8,12	-8,69	-9,27	-9,62	-9,97	-10,14	-10,31	-10,50	-10,69	-10,85	-11,00	-3,63
21/02/2019 22:45:00	-3,66	-4,11	-4,54	-4,94	-5,33	-5,74	-6,14	-6,61	-7,11	-7,66	-8,24	-8,70	-9,16	-9,41	-9,66	-9,76	-9,87	-10,00	-10,14	-10,27	-10,40	-3,72
21/02/2019 22:50:00	-3,78	-4,19	-4,56	-4,94	-5,32	-5,65	-6,14	-6,66	-7,17	-7,73	-8,31	-8,79	-9,27	-9,52	-9,78	-9,90	-10,01	-10,15	-10,30	-10,43	-10,56	-3,83
21/02/2019 22:55:00	-3,84	-4,22	-4,63	-4,92	-5,19	-5,54	-6,02	-6,59	-7,19	-7,71	-8,30	-8,83	-9,35	-9,67	-9,99	-10,17	-10,35	-10,54	-10,73	-10,88	-11,03	-3,86
21/02/2019 23:00:00	-3,94	-4,18	-4,53	-4,91	-5,32	-5,80	-6,34	-6,94	-7,52	-8,08	-8,66	-9,13	-9,59	-9,83	-10,07	-10,18	-10,29	-10,42	-10,55	-10,68	-10,80	-3,92
21/02/2019 23:05:00	-3,91	-4,29	-4,65	-5,02	-5,42	-5,88	-6,46	-7,10	-7,72	-8,22	-8,75	-9,17	-9,60	-9,82	-10,03	-10,14	-10,25	-10,37	-10,50	-10,62	-10,74	-3,92
21/02/2019 23:10:00	-3,97	-4,28	-4,65	-5,03	-5,44	-5,88	-6,43	-7,02	-7,58	-8,14	-8,73	-9,21	-9,68	-9,93	-10,17	-10,28	-10,39	-10,52	-10,66	-10,78	-10,91	-3,95
21/02/2019 23:15:00	-3,93	-4,38	-4,66	-4,92	-5,26	-5,70	-6,40	-7,13	-7,77	-8,35	-8,94	-9,43	-9,91	-10,16	-10,41	-10,52	-10,64	-10,77	-10,90	-11,01	-11,13	-3,99
21/02/2019 23:20:00	-4,01	-4,29	-4,64	-5,05	-5,53	-6,02	-6,62	-7,17	-7,64	-8,26	-8,88	-9,33	-9,78	-9,98	-10,17	-10,23	-10,28	-10,36	-10,45	-10,55	-10,65	-3,96
21/02/2019 23:25:00	-3,96	-4,37	-4,73	-5,04	-5,44	-5,97	-6,59	-7,28	-7,94	-8,44	-8,95	-9,36	-9,77	-9,97	-10,17	-10,26	-10,35	-10,47	-10,58	-10,69	-10,81	-4,03
21/02/2019 23:30:00	-4,06	-4,34	-4,77	-5,18	-5,61	-6,12	-6,62	-7,17	-7,73	-8,28	-8,86	-9,32	-9,78	-10,01	-10,24	-10,34	-10,44	-10,56	-10,69	-10,81	-10,94	-4,03
21/02/2019 23:35:00	-4,01	-4,45	-4,79	-5,09	-5,46	-5,98	-6,55	-7,17	-7,75	-8,28	-8,83	-9,26	-9,68	-9,89	-10,09	-10,17	-10,25	-10,36	-10,46	-10,57	-10,68	-4,03
21/02/2019 23:40:00	-4,00	-4,42	-4,76	-5,10	-5,51	-6,00	-6,64	-7,32	-7,94	-8,53	-9,13	-9,60	-10,08	-10,31	-10,54	-10,64	-10,74	-10,85	-10,97	-11,09	-11,20	-4,06
21/02/2019 23:45:00	-4,14	-4,50	-4,91	-5,29	-5,70	-6,19	-6,72	-7,30	-7,85	-8,38	-8,93	-9,37	-9,81	-10,03	-10,25	-10,35	-10,44	-10,56	-10,68	-10,80	-10,92	-4,12
21/02/2019 23:50:00	-4,21	-4,48	-4,87	-5,33	-5,85	-6,42	-7,04	-7,64	-8,17	-8,74	-9,32	-9,73	-10,15	-10,32	-10,50	-10,55	-10,60	-10,68	-10,76	-10,86	-10,96	-4,23
21/02/2019 23:55:00	-4,29	-4,65	-5,00	-5,34	-5,74	-6,26	-6,91	-7,61	-8,27	-8,78	-9,31	-9,74	-10,16	-10,37	-10,58	-10,68	-10,78	-10,89	-11,01	-11,12	-11,23	-4,28
