FileFormat:0002.2 file with temperature of atmosphere
SN105HE102 RTK
local	GMT or Local
0	GMT-Local=[hours]
20	Height[m]
0	0	0	Longitude                [grd]               [min]               [sec]
0	0	0	Latitude                [grd]               [min]               [sec]
N	NS
56,45	Freq[GHz]
0,00	dTemostat[K]
0,150	MessErr[K]
0,248	//[grad/step]
version 14.4.20120406
MTP5HE102F5645K-38.60I70D222917+A1.1
Commentary:
SN105HE102
парабола ДНА = 2,5 град
НЕ102 - ПУ - ХВБ с ЦСД " S "
АЦП - 202 - 09 с контр.U пит.и М
оптопара серии - 2
Т out № 178 пл
БП LPS - 112
End Of Commentary

SYSTEM\alaska.dat
data time	0	50	100	150	200	250	300	350	400	450	500	550	600	650	700	750	800	850	900	950	1000	OutsideTemperature
11/04/2022 00:00:00	-4,08	-4,43	-4,70	-4,97	-5,29	-5,64	-6,08	-6,49	-6,82	-7,19	-7,54	-7,77	-8,00	-8,07	-8,13	-8,14	-8,15	-8,20	-8,25	-8,33	-8,42	-4,09
11/04/2022 00:05:00	-4,15	-4,46	-4,57	-4,64	-4,88	-5,36	-5,91	-6,48	-6,94	-7,33	-7,69	-7,93	-8,16	-8,22	-8,28	-8,29	-8,30	-8,34	-8,38	-8,46	-8,54	-4,19
11/04/2022 00:10:00	-4,22	-4,42	-4,66	-4,84	-5,08	-5,55	-5,87	-6,24	-6,61	-7,08	-7,56	-7,90	-8,24	-8,39	-8,54	-8,59	-8,63	-8,72	-8,80	-8,90	-9,01	-4,23
11/04/2022 00:15:00	-4,38	-4,60	-4,85	-5,07	-5,33	-5,78	-6,15	-6,53	-6,88	-7,27	-7,67	-7,94	-8,22	-8,31	-8,41	-8,44	-8,46	-8,53	-8,59	-8,69	-8,78	-4,26
11/04/2022 00:20:00	-4,27	-4,62	-4,81	-4,91	-5,00	-5,16	-5,47	-5,91	-6,38	-6,83	-7,34	-7,80	-8,26	-8,54	-8,82	-8,99	-9,15	-9,32	-9,50	-9,65	-9,80	-4,32
11/04/2022 00:25:00	-4,24	-4,38	-4,65	-4,93	-5,24	-5,66	-6,04	-6,46	-6,88	-7,22	-7,56	-7,81	-8,06	-8,16	-8,25	-8,29	-8,34	-8,42	-8,50	-8,61	-8,71	-4,26
11/04/2022 00:30:00	-4,38	-4,53	-4,85	-5,13	-5,37	-5,61	-6,03	-6,42	-6,76	-7,16	-7,59	-7,93	-8,28	-8,45	-8,63	-8,72	-8,81	-8,93	-9,05	-9,18	-9,30	-4,28
11/04/2022 00:35:00	-4,29	-4,62	-4,82	-5,02	-5,31	-5,76	-6,09	-6,46	-6,80	-7,25	-7,69	-7,98	-8,27	-8,36	-8,45	-8,46	-8,46	-8,51	-8,56	-8,64	-8,73	-4,33
11/04/2022 00:40:00	-4,32	-4,55	-4,91	-5,25	-5,58	-5,93	-6,26	-6,59	-6,91	-7,32	-7,74	-8,05	-8,36	-8,49	-8,62	-8,67	-8,71	-8,80	-8,89	-8,99	-9,10	-4,31
11/04/2022 00:45:00	-4,31	-4,75	-5,02	-5,19	-5,41	-5,75	-6,12	-6,55	-6,96	-7,36	-7,77	-8,09	-8,40	-8,54	-8,68	-8,74	-8,80	-8,89	-8,98	-9,09	-9,20	-4,33
11/04/2022 00:50:00	-4,43	-4,72	-5,00	-5,29	-5,61	-5,96	-6,28	-6,70	-7,17	-7,50	-7,84	-8,11	-8,37	-8,48	-8,59	-8,65	-8,70	-8,80	-8,89	-9,00	-9,11	-4,36
11/04/2022 00:55:00	-4,47	-4,72	-5,08	-5,55	-5,99	-6,24	-6,57	-6,83	-7,06	-7,42	-7,79	-8,01	-8,24	-8,30	-8,36	-8,36	-8,36	-8,41	-8,46	-8,55	-8,64	-4,43
11/04/2022 01:00:00	-4,43	-4,72	-5,05	-5,37	-5,68	-6,00	-6,33	-6,68	-7,03	-7,36	-7,71	-7,95	-8,19	-8,28	-8,37	-8,40	-8,44	-8,51	-8,58	-8,69	-8,79	-4,40
11/04/2022 01:05:00	-4,46	-4,67	-5,02	-5,36	-5,72	-6,14	-6,58	-6,98	-7,33	-7,61	-7,87	-8,04	-8,20	-8,22	-8,24	-8,25	-8,25	-8,29	-8,34	-8,42	-8,51	-4,46
11/04/2022 01:10:00	-4,54	-4,72	-5,08	-5,48	-5,83	-6,06	-6,46	-6,89	-7,30	-7,52	-7,75	-7,93	-8,11	-8,18	-8,25	-8,31	-8,37	-8,46	-8,56	-8,67	-8,79	-4,48
11/04/2022 01:15:00	-4,47	-4,90	-5,19	-5,34	-5,50	-5,82	-6,11	-6,48	-6,86	-7,20	-7,58	-7,87	-8,16	-8,30	-8,43	-8,50	-8,57	-8,67	-8,76	-8,87	-8,98	-4,48
11/04/2022 01:20:00	-4,49	-4,91	-5,23	-5,54	-5,82	-6,10	-6,31	-6,59	-6,89	-7,22	-7,56	-7,80	-8,03	-8,12	-8,20	-8,23	-8,26	-8,33	-8,40	-8,50	-8,60	-4,53
11/04/2022 01:25:00	-4,60	-4,89	-5,07	-5,23	-5,49	-5,91	-6,29	-6,78	-7,28	-7,55	-7,81	-7,98	-8,16	-8,19	-8,23	-8,25	-8,28	-8,33	-8,39	-8,47	-8,56	-4,53
11/04/2022 01:30:00	-4,59	-4,98	-5,22	-5,42	-5,58	-5,71	-6,05	-6,37	-6,65	-7,04	-7,46	-7,79	-8,12	-8,28	-8,43	-8,51	-8,58	-8,68	-8,78	-8,90	-9,01	-4,56
11/04/2022 01:35:00	-4,67	-4,94	-5,18	-5,42	-5,64	-5,78	-6,16	-6,51	-6,81	-7,18	-7,57	-7,87	-8,17	-8,31	-8,46	-8,52	-8,59	-8,70	-8,80	-8,91	-9,03	-4,65
11/04/2022 01:40:00	-4,77	-5,05	-5,18	-5,24	-5,36	-5,61	-5,91	-6,30	-6,72	-7,12	-7,55	-7,89	-8,23	-8,40	-8,57	-8,66	-8,75	-8,86	-8,97	-9,09	-9,21	-4,68
11/04/2022 01:45:00	-4,71	-5,08	-5,27	-5,41	-5,59	-5,79	-6,14	-6,56	-6,97	-7,27	-7,57	-7,82	-8,06	-8,16	-8,27	-8,33	-8,39	-8,49	-8,58	-8,69	-8,80	-4,74
11/04/2022 01:50:00	-4,79	-5,02	-5,19	-5,38	-5,60	-5,84	-6,20	-6,59	-6,97	-7,30	-7,65	-7,91	-8,17	-8,27	-8,38	-8,43	-8,48	-8,56	-8,64	-8,75	-8,85	-4,77
11/04/2022 01:55:00	-4,83	-5,18	-5,48	-5,63	-5,75	-5,93	-6,24	-6,58	-6,90	-7,21	-7,56	-7,85	-8,14	-8,29	-8,44	-8,53	-8,62	-8,74	-8,86	-8,98	-9,10	-4,79
11/04/2022 02:00:00	-4,80	-5,20	-5,40	-5,54	-5,71	-5,95	-6,25	-6,64	-7,03	-7,41	-7,82	-8,14	-8,46	-8,61	-8,77	-8,84	-8,91	-9,01	-9,11	-9,23	-9,34	-4,88
11/04/2022 02:05:00	-4,89	-5,30	-5,36	-5,36	-5,48	-5,81	-6,09	-6,50	-6,92	-7,32	-7,73	-8,03	-8,33	-8,45	-8,57	-8,61	-8,66	-8,73	-8,80	-8,90	-9,00	-4,90
11/04/2022 02:10:00	-5,01	-5,19	-5,24	-5,40	-5,65	-5,84	-6,17	-6,60	-7,04	-7,39	-7,75	-8,01	-8,27	-8,38	-8,48	-8,53	-8,59	-8,67	-8,75	-8,86	-8,97	-4,96
11/04/2022 02:15:00	-4,97	-5,18	-5,22	-5,29	-5,50	-5,89	-6,37	-6,86	-7,26	-7,63	-7,97	-8,18	-8,40	-8,44	-8,48	-8,48	-8,48	-8,51	-8,54	-8,62	-8,69	-5,01
11/04/2022 02:20:00	-5,01	-5,28	-5,36	-5,43	-5,60	-5,88	-6,17	-6,47	-6,75	-7,21	-7,66	-7,97	-8,27	-8,37	-8,48	-8,49	-8,51	-8,56	-8,61	-8,70	-8,79	-5,05
11/04/2022 02:25:00	-5,07	-5,39	-5,51	-5,50	-5,54	-5,76	-6,05	-6,42	-6,79	-7,16	-7,55	-7,87	-8,19	-8,35	-8,51	-8,59	-8,68	-8,79	-8,89	-9,01	-9,12	-5,10
11/04/2022 02:30:00	-5,11	-5,48	-5,47	-5,44	-5,47	-5,50	-5,91	-6,35	-6,74	-7,18	-7,65	-8,04	-8,43	-8,63	-8,84	-8,95	-9,06	-9,18	-9,30	-9,42	-9,55	-5,12
11/04/2022 02:35:00	-5,07	-5,23	-5,30	-5,33	-5,52	-5,96	-6,43	-6,93	-7,37	-7,75	-8,12	-8,36	-8,60	-8,67	-8,74	-8,76	-8,77	-8,82	-8,86	-8,95	-9,03	-5,13
11/04/2022 02:40:00	-5,22	-5,33	-5,42	-5,60	-5,86	-6,10	-6,57	-7,00	-7,37	-7,72	-8,08	-8,31	-8,54	-8,61	-8,69	-8,71	-8,73	-8,78	-8,84	-8,93	-9,02	-5,15
11/04/2022 02:45:00	-5,15	-5,24	-5,32	-5,43	-5,64	-6,00	-6,36	-6,78	-7,19	-7,61	-8,02	-8,31	-8,60	-8,71	-8,83	-8,86	-8,90	-8,97	-9,04	-9,14	-9,23	-5,22
11/04/2022 02:50:00	-5,19	-5,28	-5,22	-5,29	-5,55	-5,90	-6,38	-6,93	-7,44	-7,86	-8,26	-8,52	-8,79	-8,87	-8,95	-8,97	-8,99	-9,04	-9,10	-9,18	-9,27	-5,25
11/04/2022 02:55:00	-5,31	-5,31	-5,29	-5,42	-5,74	-6,20	-6,56	-7,00	-7,43	-7,85	-8,24	-8,46	-8,68	-8,72	-8,75	-8,73	-8,71	-8,73	-8,74	-8,82	-8,89	-5,29
11/04/2022 03:00:00	-5,30	-5,45	-5,41	-5,41	-5,60	-5,91	-6,35	-6,91	-7,45	-7,83	-8,21	-8,49	-8,77	-8,88	-8,99	-9,04	-9,09	-9,17	-9,25	-9,35	-9,45	-5,32
11/04/2022 03:05:00	-5,41	-5,31	-5,39	-5,57	-5,87	-6,26	-6,64	-7,06	-7,47	-7,84	-8,21	-8,45	-8,69	-8,76	-8,83	-8,85	-8,86	-8,92	-8,97	-9,06	-9,16	-5,37
11/04/2022 03:10:00	-5,40	-5,50	-5,50	-5,59	-5,83	-6,23	-6,67	-7,12	-7,50	-7,88	-8,24	-8,44	-8,65	-8,68	-8,71	-8,70	-8,69	-8,71	-8,73	-8,80	-8,87	-5,38
11/04/2022 03:15:00	-5,56	-5,64	-5,58	-5,56	-5,73	-6,09	-6,43	-6,86	-7,29	-7,70	-8,10	-8,36	-8,62	-8,70	-8,77	-8,79	-8,81	-8,85	-8,90	-8,99	-9,07	-5,43
11/04/2022 03:20:00	-5,65	-5,59	-5,57	-5,64	-5,80	-6,04	-6,39	-6,77	-7,14	-7,55	-7,97	-8,26	-8,56	-8,68	-8,80	-8,85	-8,90	-8,97	-9,05	-9,16	-9,26	-5,63
11/04/2022 03:25:00	-5,70	-5,68	-5,61	-5,65	-5,82	-6,02	-6,45	-6,88	-7,26	-7,67	-8,09	-8,37	-8,65	-8,76	-8,86	-8,89	-8,92	-8,98	-9,04	-9,14	-9,23	-5,76
11/04/2022 03:30:00	-5,82	-5,79	-5,60	-5,50	-5,62	-5,93	-6,35	-6,83	-7,27	-7,69	-8,09	-8,35	-8,62	-8,70	-8,78	-8,80	-8,82	-8,87	-8,91	-9,00	-9,08	-5,97
11/04/2022 03:35:00	-6,10	-5,75	-5,67	-5,74	-5,93	-6,20	-6,69	-7,15	-7,54	-7,88	-8,22	-8,44	-8,67	-8,74	-8,81	-8,84	-8,87	-8,93	-9,00	-9,09	-9,19	-6,11
11/04/2022 03:40:00	-6,11	-5,86	-5,64	-5,52	-5,61	-5,93	-6,33	-6,84	-7,33	-7,74	-8,14	-8,44	-8,73	-8,85	-8,97	-9,02	-9,08	-9,16	-9,23	-9,33	-9,43	-6,11
11/04/2022 03:45:00	-5,98	-6,10	-5,90	-5,71	-5,67	-5,81	-6,09	-6,52	-6,98	-7,43	-7,91	-8,29	-8,68	-8,88	-9,08	-9,18	-9,28	-9,39	-9,50	-9,62	-9,74	-6,17
11/04/2022 03:50:00	-6,11	-5,99	-5,81	-5,61	-5,61	-5,90	-6,37	-6,84	-7,23	-7,65	-8,06	-8,36	-8,66	-8,77	-8,89	-8,93	-8,98	-9,04	-9,11	-9,20	-9,29	-6,21
11/04/2022 03:55:00	-6,16	-6,08	-6,01	-5,87	-5,85	-6,08	-6,41	-6,77	-7,09	-7,43	-7,77	-8,02	-8,28	-8,38	-8,49	-8,54	-8,60	-8,67	-8,75	-8,85	-8,95	-6,21
11/04/2022 04:00:00	-6,28	-6,15	-5,70	-5,41	-5,40	-5,57	-6,02	-6,59	-7,11	-7,59	-8,06	-8,41	-8,75	-8,90	-9,05	-9,11	-9,18	-9,25	-9,33	-9,43	-9,52	-6,30
11/04/2022 04:05:00	-6,31	-6,18	-5,81	-5,48	-5,38	-5,56	-5,97	-6,51	-7,01	-7,45	-7,89	-8,24	-8,59	-8,76	-8,93	-9,02	-9,12	-9,22	-9,32	-9,42	-9,53	-6,30
11/04/2022 04:10:00	-6,40	-6,10	-5,79	-5,59	-5,64	-5,94	-6,29	-6,76	-7,21	-7,61	-7,99	-8,25	-8,51	-8,60	-8,68	-8,71	-8,74	-8,80	-8,85	-8,94	-9,03	-6,31
11/04/2022 04:15:00	-6,40	-5,97	-5,67	-5,43	-5,38	-5,52	-5,84	-6,32	-6,81	-7,16	-7,53	-7,84	-8,15	-8,32	-8,49	-8,60	-8,71	-8,84	-8,97	-9,10	-9,23	-6,33
11/04/2022 04:20:00	-6,25	-5,95	-5,80	-5,67	-5,61	-5,66	-5,83	-6,09	-6,38	-6,75	-7,16	-7,49	-7,82	-8,00	-8,18	-8,28	-8,38	-8,50	-8,62	-8,75	-8,88	-6,33
11/04/2022 04:25:00	-6,39	-6,01	-5,71	-5,45	-5,44	-5,70	-6,16	-6,60	-6,97	-7,39	-7,79	-8,07	-8,35	-8,45	-8,55	-8,59	-8,62	-8,68	-8,74	-8,83	-8,92	-6,33
11/04/2022 04:30:00	-6,32	-6,06	-5,81	-5,60	-5,54	-5,62	-6,05	-6,45	-6,79	-7,16	-7,53	-7,83	-8,12	-8,26	-8,39	-8,47	-8,54	-8,63	-8,73	-8,83	-8,94	-6,39
11/04/2022 04:35:00	-6,43	-6,10	-5,78	-5,50	-5,46	-5,68	-5,99	-6,40	-6,80	-7,17	-7,53	-7,79	-8,05	-8,16	-8,26	-8,32	-8,37	-8,45	-8,52	-8,62	-8,72	-6,42
11/04/2022 04:40:00	-6,55	-6,23	-5,84	-5,55	-5,55	-5,86	-6,23	-6,68	-7,11	-7,52	-7,91	-8,16	-8,40	-8,47	-8,54	-8,56	-8,57	-8,61	-8,65	-8,73	-8,81	-6,46
11/04/2022 04:45:00	-6,61	-6,45	-5,98	-5,50	-5,30	-5,39	-5,79	-6,26	-6,69	-7,18	-7,69	-8,08	-8,48	-8,67	-8,86	-8,96	-9,05	-9,15	-9,24	-9,35	-9,46	-6,55
11/04/2022 04:50:00	-6,61	-6,35	-6,00	-5,66	-5,51	-5,55	-5,85	-6,30	-6,74	-7,08	-7,44	-7,76	-8,07	-8,24	-8,41	-8,52	-8,63	-8,76	-8,88	-9,01	-9,13	-6,60
11/04/2022 04:55:00	-6,69	-6,69	-6,27	-5,83	-5,62	-5,64	-5,85	-6,17	-6,51	-6,92	-7,33	-7,64	-7,94	-8,08	-8,22	-8,28	-8,34	-8,42	-8,50	-8,60	-8,70	-6,66
11/04/2022 05:00:00	-6,79	-6,80	-6,34	-5,73	-5,36	-5,34	-5,56	-6,00	-6,45	-6,85	-7,29	-7,68	-8,08	-8,31	-8,54	-8,69	-8,84	-8,98	-9,12	-9,25	-9,38	-6,75
11/04/2022 05:05:00	-6,86	-6,63	-6,05	-5,42	-5,11	-5,19	-5,57	-6,07	-6,52	-6,99	-7,47	-7,86	-8,25	-8,45	-8,65	-8,76	-8,87	-8,98	-9,09	-9,20	-9,31	-6,82
11/04/2022 05:10:00	-7,00	-6,75	-6,16	-5,43	-5,07	-5,24	-5,62	-6,19	-6,73	-7,21	-7,69	-8,11	-8,52	-8,75	-8,97	-9,10	-9,24	-9,36	-9,48	-9,59	-9,71	-6,91
11/04/2022 05:15:00	-7,09	-6,82	-6,05	-5,38	-5,13	-5,31	-5,76	-6,39	-6,96	-7,40	-7,81	-8,12	-8,43	-8,55	-8,67	-8,74	-8,80	-8,86	-8,93	-9,02	-9,10	-7,01
11/04/2022 05:20:00	-7,05	-6,72	-5,94	-5,17	-4,84	-5,02	-5,39	-6,00	-6,60	-7,17	-7,73	-8,19	-8,65	-8,89	-9,12	-9,24	-9,36	-9,47	-9,58	-9,69	-9,80	-7,06
11/04/2022 05:25:00	-7,01	-6,92	-6,25	-5,50	-5,09	-5,13	-5,49	-6,01	-6,52	-7,01	-7,52	-7,95	-8,37	-8,60	-8,83	-8,96	-9,09	-9,20	-9,32	-9,43	-9,55	-7,14
11/04/2022 05:30:00	-7,26	-6,86	-6,18	-5,52	-5,27	-5,51	-5,86	-6,43	-6,99	-7,42	-7,83	-8,15	-8,47	-8,61	-8,75	-8,83	-8,91	-8,98	-9,06	-9,16	-9,26	-7,20
11/04/2022 05:35:00	-7,25	-6,98	-6,09	-5,24	-4,84	-4,93	-5,39	-6,10	-6,76	-7,25	-7,73	-8,15	-8,56	-8,78	-8,99	-9,13	-9,26	-9,38	-9,49	-9,61	-9,72	-7,24
11/04/2022 05:40:00	-7,33	-7,04	-6,16	-5,28	-4,83	-4,84	-5,15	-5,69	-6,25	-6,86	-7,49	-8,00	-8,52	-8,80	-9,08	-9,22	-9,36	-9,49	-9,62	-9,74	-9,86	-7,34
11/04/2022 05:45:00	-7,38	-6,92	-5,91	-5,02	-4,69	-4,97	-5,44	-6,19	-6,90	-7,38	-7,81	-8,14	-8,47	-8,60	-8,73	-8,80	-8,88	-8,94	-9,00	-9,09	-9,17	-7,34
11/04/2022 05:50:00	-7,37	-7,24	-6,05	-4,83	-4,26	-4,47	-4,98	-5,85	-6,65	-7,18	-7,67	-8,09	-8,51	-8,71	-8,91	-9,03	-9,16	-9,25	-9,34	-9,43	-9,52	-7,30
11/04/2022 05:55:00	-7,42	-7,29	-6,28	-5,24	-4,65	-4,61	-4,99	-5,57	-6,12	-6,64	-7,16	-7,60	-8,04	-8,26	-8,49	-8,63	-8,76	-8,87	-8,97	-9,08	-9,19	-7,33
11/04/2022 06:00:00	-7,47	-7,38	-6,48	-5,60	-5,15	-5,18	-5,51	-6,04	-6,53	-6,96	-7,37	-7,69	-8,00	-8,12	-8,25	-8,32	-8,38	-8,44	-8,50	-8,59	-8,67	-7,41
11/04/2022 06:05:00	-7,41	-7,55	-6,75	-5,73	-5,03	-4,79	-5,08	-5,56	-6,02	-6,46	-6,93	-7,39	-7,85	-8,14	-8,42	-8,61	-8,79	-8,95	-9,11	-9,24	-9,37	-7,38
11/04/2022 06:10:00	-7,48	-7,65	-6,96	-5,99	-5,27	-4,99	-5,13	-5,53	-5,94	-6,27	-6,66	-7,07	-7,47	-7,74	-8,02	-8,21	-8,41	-8,59	-8,76	-8,90	-9,05	-7,49
11/04/2022 06:15:00	-7,68	-7,63	-6,94	-6,11	-5,52	-5,33	-5,49	-5,81	-6,13	-6,49	-6,88	-7,24	-7,60	-7,81	-8,02	-8,15	-8,29	-8,41	-8,54	-8,66	-8,78	-7,56
11/04/2022 06:20:00	-7,65	-7,72	-6,95	-5,92	-5,16	-4,86	-5,00	-5,32	-5,66	-6,06	-6,52	-6,96	-7,41	-7,70	-7,99	-8,18	-8,37	-8,54	-8,70	-8,84	-8,98	-7,62
11/04/2022 06:25:00	-7,65	-7,76	-6,87	-5,88	-5,18	-4,84	-4,86	-5,21	-5,65	-6,14	-6,67	-7,18	-7,69	-8,01	-8,33	-8,53	-8,72	-8,90	-9,08	-9,22	-9,37	-7,73
11/04/2022 06:30:00	-7,73	-7,80	-7,04	-6,05	-5,36	-5,13	-5,18	-5,47	-5,81	-6,19	-6,61	-7,01	-7,40	-7,64	-7,88	-8,03	-8,18	-8,32	-8,46	-8,59	-8,72	-7,69
11/04/2022 06:35:00	-7,73	-7,90	-6,95	-5,78	-5,00	-4,77	-4,90	-5,35	-5,83	-6,30	-6,80	-7,28	-7,75	-8,04	-8,33	-8,52	-8,70	-8,86	-9,01	-9,14	-9,27	-7,72
11/04/2022 06:40:00	-7,54	-7,65	-6,78	-5,73	-5,04	-4,85	-5,06	-5,51	-5,96	-6,32	-6,70	-7,05	-7,41	-7,61	-7,82	-7,96	-8,10	-8,23	-8,35	-8,46	-8,58	-7,53
11/04/2022 06:45:00	-7,53	-7,36	-6,55	-5,66	-5,13	-5,00	-5,13	-5,48	-5,84	-6,20	-6,56	-6,85	-7,15	-7,30	-7,44	-7,54	-7,63	-7,72	-7,82	-7,92	-8,03	-7,49
11/04/2022 06:50:00	-7,48	-7,37	-6,56	-5,72	-5,17	-4,91	-5,03	-5,38	-5,77	-6,15	-6,56	-6,93	-7,30	-7,51	-7,72	-7,86	-7,99	-8,12	-8,25	-8,38	-8,51	-7,46
11/04/2022 06:55:00	-7,48	-7,39	-6,62	-5,82	-5,33	-5,22	-5,36	-5,76	-6,16	-6,40	-6,65	-6,86	-7,07	-7,16	-7,26	-7,34	-7,43	-7,51	-7,59	-7,70	-7,80	-7,38
11/04/2022 07:00:00	-7,42	-7,38	-6,56	-5,67	-5,12	-5,00	-5,15	-5,54	-5,94	-6,30	-6,68	-6,99	-7,31	-7,47	-7,63	-7,73	-7,83	-7,93	-8,03	-8,13	-8,24	-7,24
11/04/2022 07:05:00	-7,30	-7,28	-6,34	-5,35	-4,73	-4,51	-4,74	-5,15	-5,56	-6,02	-6,49	-6,89	-7,29	-7,50	-7,72	-7,84	-7,97	-8,08	-8,19	-8,31	-8,42	-6,81
11/04/2022 07:10:00	-7,33	-7,10	-6,09	-5,14	-4,67	-4,68	-5,06	-5,60	-6,07	-6,52	-6,93	-7,24	-7,55	-7,67	-7,78	-7,84	-7,90	-7,96	-8,01	-8,09	-8,18	-7,16
11/04/2022 07:15:00	-7,28	-7,43	-6,81	-6,04	-5,55	-5,47	-5,63	-5,95	-6,26	-6,55	-6,85	-7,08	-7,32	-7,42	-7,51	-7,58	-7,64	-7,71	-7,78	-7,87	-7,96	-6,94
11/04/2022 07:20:00	-7,16	-7,33	-6,59	-5,80	-5,38	-5,34	-5,63	-6,07	-6,45	-6,76	-7,03	-7,23	-7,42	-7,47	-7,51	-7,55	-7,58	-7,61	-7,64	-7,71	-7,79	-6,63
11/04/2022 07:25:00	-7,16	-7,13	-6,49	-5,80	-5,40	-5,34	-5,40	-5,67	-6,01	-6,39	-6,78	-7,09	-7,39	-7,54	-7,68	-7,76	-7,83	-7,92	-8,00	-8,10	-8,21	-6,14
11/04/2022 07:30:00	-7,11	-7,33	-6,76	-5,96	-5,34	-5,05	-4,95	-5,13	-5,41	-5,78	-6,22	-6,63	-7,04	-7,30	-7,56	-7,72	-7,89	-8,05	-8,20	-8,35	-8,49	-6,68
11/04/2022 07:35:00	-7,13	-7,20	-6,75	-6,12	-5,67	-5,60	-5,63	-5,84	-6,08	-6,31	-6,56	-6,78	-7,00	-7,11	-7,22	-7,30	-7,38	-7,47	-7,56	-7,66	-7,77	-6,57
11/04/2022 07:40:00	-7,10	-7,20	-6,70	-6,08	-5,66	-5,59	-5,70	-5,99	-6,30	-6,53	-6,77	-6,98	-7,19	-7,29	-7,39	-7,47	-7,55	-7,64	-7,72	-7,82	-7,93	-6,38
11/04/2022 07:45:00	-6,97	-7,22	-6,67	-5,98	-5,55	-5,50	-5,65	-6,00	-6,35	-6,57	-6,79	-6,98	-7,17	-7,24	-7,31	-7,38	-7,45	-7,51	-7,58	-7,67	-7,77	-6,61
11/04/2022 07:50:00	-6,98	-7,17	-6,86	-6,27	-5,69	-5,30	-5,30	-5,35	-5,43	-5,71	-6,05	-6,39	-6,73	-6,96	-7,19	-7,34	-7,49	-7,65	-7,80	-7,94	-8,09	-6,29
11/04/2022 07:55:00	-6,79	-7,06	-6,57	-5,94	-5,54	-5,46	-5,56	-5,86	-6,20	-6,50	-6,83	-7,09	-7,36	-7,49	-7,62	-7,70	-7,79	-7,87	-7,96	-8,07	-8,17	-5,63
11/04/2022 08:00:00	-6,72	-7,04	-6,39	-5,60	-5,13	-5,07	-5,27	-5,66	-6,05	-6,43	-6,80	-7,11	-7,42	-7,57	-7,71	-7,80	-7,88	-7,96	-8,04	-8,14	-8,24	-5,60
11/04/2022 08:05:00	-6,70	-6,83	-6,57	-6,11	-5,72	-5,49	-5,40	-5,57	-5,85	-6,07	-6,35	-6,65	-6,94	-7,14	-7,35	-7,50	-7,65	-7,82	-7,98	-8,13	-8,28	-5,66
11/04/2022 08:10:00	-6,46	-6,82	-6,47	-5,97	-5,63	-5,54	-5,66	-5,92	-6,18	-6,44	-6,70	-6,92	-7,13	-7,22	-7,30	-7,36	-7,42	-7,49	-7,57	-7,66	-7,76	-4,49
11/04/2022 08:15:00	-6,54	-6,57	-6,16	-5,68	-5,43	-5,50	-5,70	-6,04	-6,38	-6,69	-7,01	-7,25	-7,49	-7,59	-7,69	-7,74	-7,80	-7,87	-7,94	-8,04	-8,14	-5,32
11/04/2022 08:20:00	-6,41	-6,68	-6,43	-6,03	-5,73	-5,63	-5,85	-6,13	-6,39	-6,59	-6,81	-7,00	-7,19	-7,28	-7,36	-7,44	-7,51	-7,59	-7,68	-7,78	-7,88	-5,48
11/04/2022 08:25:00	-6,29	-6,50	-6,31	-6,02	-5,84	-5,81	-5,97	-6,26	-6,55	-6,70	-6,86	-7,00	-7,13	-7,18	-7,22	-7,28	-7,33	-7,41	-7,48	-7,58	-7,69	-4,85
11/04/2022 08:30:00	-6,17	-6,36	-6,22	-5,98	-5,86	-5,95	-6,03	-6,11	-6,19	-6,47	-6,75	-6,91	-7,06	-7,07	-7,08	-7,06	-7,03	-7,05	-7,06	-7,13	-7,21	-4,33
11/04/2022 08:35:00	-6,06	-6,33	-6,32	-6,17	-5,99	-5,84	-5,92	-5,97	-6,02	-6,20	-6,41	-6,57	-6,74	-6,80	-6,86	-6,90	-6,94	-7,01	-7,09	-7,19	-7,30	-4,76
11/04/2022 08:40:00	-5,89	-5,90	-5,77	-5,72	-5,77	-5,89	-6,06	-6,29	-6,52	-6,75	-6,98	-7,09	-7,21	-7,21	-7,21	-7,20	-7,20	-7,23	-7,26	-7,34	-7,43	-4,44
11/04/2022 08:45:00	-5,55	-5,96	-5,83	-5,56	-5,46	-5,66	-5,98	-6,36	-6,67	-6,90	-7,10	-7,23	-7,35	-7,35	-7,35	-7,35	-7,35	-7,37	-7,39	-7,46	-7,54	-4,18
11/04/2022 08:50:00	-5,41	-5,74	-5,71	-5,64	-5,61	-5,61	-5,72	-5,91	-6,13	-6,40	-6,70	-6,92	-7,13	-7,22	-7,31	-7,35	-7,40	-7,47	-7,55	-7,65	-7,76	-3,86
11/04/2022 08:55:00	-5,36	-5,51	-5,63	-5,64	-5,66	-5,76	-5,93	-6,11	-6,29	-6,46	-6,64	-6,76	-6,88	-6,90	-6,92	-6,95	-6,97	-7,03	-7,09	-7,19	-7,29	-3,69
11/04/2022 09:00:00	-5,12	-5,40	-5,39	-5,35	-5,42	-5,56	-5,80	-6,08	-6,34	-6,57	-6,80	-6,93	-7,06	-7,07	-7,07	-7,07	-7,07	-7,11	-7,15	-7,23	-7,31	-4,09
11/04/2022 09:05:00	-4,96	-5,32	-5,34	-5,31	-5,36	-5,51	-5,87	-6,24	-6,52	-6,62	-6,69	-6,71	-6,72	-6,66	-6,60	-6,58	-6,57	-6,59	-6,61	-6,68	-6,75	-3,95
11/04/2022 09:10:00	-4,72	-4,95	-5,01	-5,17	-5,46	-5,83	-6,12	-6,43	-6,70	-6,88	-7,02	-7,02	-7,02	-6,90	-6,78	-6,70	-6,61	-6,58	-6,55	-6,60	-6,65	-3,59
11/04/2022 09:15:00	-4,53	-4,95	-4,97	-5,01	-5,18	-5,48	-5,81	-6,23	-6,61	-6,77	-6,90	-6,94	-6,98	-6,92	-6,86	-6,83	-6,80	-6,81	-6,82	-6,89	-6,96	-3,65
11/04/2022 09:20:00	-4,36	-4,70	-4,84	-5,05	-5,33	-5,57	-5,94	-6,25	-6,47	-6,70	-6,91	-6,98	-7,05	-6,99	-6,93	-6,88	-6,83	-6,82	-6,82	-6,88	-6,95	-3,39
11/04/2022 09:25:00	-4,20	-4,56	-4,76	-4,84	-4,96	-5,22	-5,56	-5,85	-6,05	-6,37	-6,69	-6,89	-7,10	-7,15	-7,20	-7,22	-7,23	-7,28	-7,32	-7,41	-7,50	-2,97
11/04/2022 09:30:00	-4,03	-4,28	-4,65	-5,01	-5,32	-5,58	-5,86	-6,08	-6,25	-6,45	-6,64	-6,73	-6,83	-6,81	-6,79	-6,77	-6,75	-6,79	-6,82	-6,91	-7,00	-3,08
11/04/2022 09:35:00	-4,00	-4,34	-4,53	-4,60	-4,70	-4,99	-5,37	-5,82	-6,23	-6,49	-6,75	-6,97	-7,19	-7,28	-7,37	-7,44	-7,51	-7,61	-7,70	-7,81	-7,92	-2,36
11/04/2022 09:40:00	-3,75	-4,11	-4,28	-4,39	-4,58	-4,88	-5,32	-5,73	-6,03	-6,38	-6,71	-6,93	-7,15	-7,21	-7,27	-7,29	-7,30	-7,36	-7,41	-7,50	-7,59	-2,42
11/04/2022 09:45:00	-3,57	-3,87	-4,16	-4,47	-4,83	-5,24	-5,60	-5,95	-6,25	-6,47	-6,66	-6,73	-6,81	-6,76	-6,72	-6,68	-6,65	-6,67	-6,68	-6,76	-6,84	-1,61
11/04/2022 09:50:00	-3,34	-3,60	-3,95	-4,31	-4,73	-5,23	-5,63	-6,01	-6,36	-6,63	-6,88	-7,00	-7,11	-7,09	-7,07	-7,05	-7,02	-7,04	-7,06	-7,14	-7,22	-2,18
11/04/2022 09:55:00	-3,29	-3,52	-3,86	-4,21	-4,62	-5,13	-5,50	-5,86	-6,19	-6,49	-6,77	-6,92	-7,06	-7,06	-7,06	-7,04	-7,02	-7,05	-7,08	-7,16	-7,25	-2,67
11/04/2022 10:00:00	-3,13	-3,56	-3,82	-4,15	-4,58	-5,04	-5,50	-5,95	-6,33	-6,57	-6,78	-6,84	-6,91	-6,85	-6,79	-6,74	-6,69	-6,69	-6,69	-6,76	-6,82	-1,82
11/04/2022 10:05:00	-2,83	-3,11	-3,63	-4,16	-4,69	-5,28	-5,63	-5,94	-6,22	-6,50	-6,75	-6,85	-6,96	-6,93	-6,90	-6,86	-6,82	-6,83	-6,85	-6,93	-7,01	-2,00
11/04/2022 10:10:00	-2,60	-2,95	-3,39	-3,90	-4,39	-4,88	-5,27	-5,63	-5,96	-6,26	-6,55	-6,71	-6,86	-6,87	-6,88	-6,87	-6,85	-6,89	-6,93	-7,02	-7,11	-2,37
11/04/2022 10:15:00	-2,49	-2,77	-3,16	-3,60	-4,10	-4,65	-5,16	-5,66	-6,09	-6,37	-6,63	-6,75	-6,88	-6,87	-6,86	-6,85	-6,84	-6,87	-6,91	-6,99	-7,08	-1,10
11/04/2022 10:20:00	-2,47	-2,68	-3,09	-3,60	-4,14	-4,69	-5,18	-5,60	-5,93	-6,26	-6,58	-6,74	-6,89	-6,89	-6,89	-6,87	-6,84	-6,86	-6,89	-6,97	-7,06	-1,77
11/04/2022 10:25:00	-2,21	-2,61	-3,05	-3,53	-4,08	-4,70	-5,27	-5,75	-6,13	-6,41	-6,65	-6,74	-6,82	-6,76	-6,71	-6,65	-6,60	-6,60	-6,59	-6,66	-6,73	-2,04
11/04/2022 10:30:00	-2,14	-2,31	-2,67	-3,22	-3,84	-4,40	-5,05	-5,59	-5,95	-6,30	-6,62	-6,77	-6,91	-6,89	-6,86	-6,82	-6,77	-6,78	-6,79	-6,86	-6,94	-1,03
11/04/2022 10:35:00	-1,97	-2,18	-2,68	-3,29	-3,92	-4,43	-5,08	-5,68	-6,21	-6,41	-6,58	-6,66	-6,74	-6,72	-6,70	-6,70	-6,71	-6,76	-6,82	-6,91	-7,01	-1,11
11/04/2022 10:40:00	-1,75	-2,29	-2,77	-3,29	-3,86	-4,46	-5,06	-5,61	-6,06	-6,36	-6,62	-6,75	-6,87	-6,85	-6,83	-6,80	-6,77	-6,79	-6,81	-6,89	-6,97	-1,18
11/04/2022 10:45:00	-1,66	-1,98	-2,53	-3,17	-3,83	-4,47	-4,96	-5,42	-5,84	-6,21	-6,56	-6,76	-6,96	-6,99	-7,02	-7,01	-7,00	-7,05	-7,09	-7,19	-7,28	-1,19
11/04/2022 10:50:00	-1,55	-1,94	-2,42	-3,00	-3,62	-4,29	-4,92	-5,54	-6,13	-6,38	-6,57	-6,66	-6,76	-6,73	-6,70	-6,69	-6,69	-6,73	-6,77	-6,85	-6,94	-1,06
11/04/2022 10:55:00	-1,23	-1,91	-2,54	-3,17	-3,77	-4,32	-4,84	-5,33	-5,77	-6,09	-6,38	-6,56	-6,73	-6,76	-6,79	-6,79	-6,79	-6,85	-6,90	-7,00	-7,09	-0,52
11/04/2022 11:00:00	-1,21	-1,63	-2,29	-3,02	-3,71	-4,36	-4,83	-5,22	-5,55	-5,88	-6,19	-6,34	-6,49	-6,49	-6,49	-6,45	-6,42	-6,45	-6,48	-6,57	-6,66	-0,72
11/04/2022 11:05:00	-1,12	-1,47	-2,01	-2,62	-3,28	-4,05	-4,66	-5,24	-5,77	-6,12	-6,42	-6,58	-6,73	-6,73	-6,73	-6,72	-6,70	-6,73	-6,77	-6,85	-6,94	-0,41
11/04/2022 11:10:00	-0,87	-1,34	-1,89	-2,49	-3,12	-3,88	-4,57	-5,22	-5,77	-6,11	-6,40	-6,56	-6,72	-6,72	-6,73	-6,72	-6,71	-6,75	-6,79	-6,87	-6,96	-0,52
11/04/2022 11:15:00	-0,75	-1,33	-1,90	-2,52	-3,18	-3,90	-4,64	-5,32	-5,88	-6,19	-6,43	-6,55	-6,67	-6,64	-6,62	-6,60	-6,58	-6,61	-6,64	-6,72	-6,80	-0,22
11/04/2022 11:20:00	-0,56	-0,88	-1,32	-1,95	-2,75	-3,75	-4,67	-5,50	-6,11	-6,49	-6,77	-6,86	-6,94	-6,85	-6,75	-6,67	-6,58	-6,55	-6,52	-6,57	-6,61	0,13
11/04/2022 11:25:00	-0,55	-1,07	-1,56	-2,13	-2,83	-3,63	-4,44	-5,14	-5,64	-5,99	-6,26	-6,36	-6,45	-6,38	-6,30	-6,24	-6,17	-6,15	-6,13	-6,19	-6,24	0,72
11/04/2022 11:30:00	-0,43	-0,93	-1,60	-2,34	-3,01	-3,63	-4,05	-4,39	-4,71	-5,13	-5,56	-5,82	-6,08	-6,16	-6,24	-6,25	-6,26	-6,32	-6,39	-6,50	-6,61	-0,04
11/04/2022 11:35:00	-0,42	-0,93	-1,39	-1,96	-2,60	-3,17	-3,80	-4,40	-4,92	-5,40	-5,87	-6,18	-6,49	-6,60	-6,71	-6,75	-6,79	-6,87	-6,95	-7,06	-7,17	0,00
11/04/2022 11:40:00	-0,23	-0,45	-1,08	-1,85	-2,69	-3,60	-4,45	-5,19	-5,76	-6,14	-6,45	-6,60	-6,74	-6,72	-6,69	-6,65	-6,62	-6,63	-6,65	-6,73	-6,81	-0,46
11/04/2022 11:45:00	-0,40	-1,04	-1,61	-2,32	-3,05	-3,72	-4,27	-4,78	-5,25	-5,60	-5,90	-6,05	-6,19	-6,18	-6,16	-6,13	-6,10	-6,12	-6,15	-6,24	-6,32	-0,27
11/04/2022 11:50:00	-0,51	-0,92	-1,44	-2,05	-2,73	-3,54	-4,23	-4,81	-5,23	-5,60	-5,91	-6,04	-6,17	-6,13	-6,08	-6,02	-5,96	-5,96	-5,95	-6,02	-6,09	-0,22
11/04/2022 11:55:00	-0,29	-0,73	-1,26	-1,93	-2,70	-3,50	-4,23	-4,88	-5,39	-5,68	-5,89	-5,94	-5,99	-5,89	-5,79	-5,72	-5,65	-5,63	-5,62	-5,68	-5,75	-0,27
11/04/2022 12:00:00	-0,13	-0,50	-1,17	-1,90	-2,54	-3,14	-3,66	-4,14	-4,60	-5,03	-5,47	-5,79	-6,11	-6,26	-6,42	-6,50	-6,57	-6,70	-6,83	-6,96	-7,10	-0,01
11/04/2022 12:05:00	-0,04	-0,30	-0,72	-1,30	-2,04	-2,82	-3,66	-4,47	-5,14	-5,52	-5,81	-5,97	-6,12	-6,12	-6,11	-6,11	-6,10	-6,14	-6,18	-6,27	-6,36	0,39
11/04/2022 12:10:00	0,15	-0,49	-1,08	-1,77	-2,52	-3,26	-3,93	-4,51	-4,96	-5,30	-5,59	-5,70	-5,80	-5,75	-5,70	-5,64	-5,58	-5,58	-5,58	-5,65	-5,72	0,70
11/04/2022 12:15:00	0,32	-0,23	-0,80	-1,46	-2,17	-2,87	-3,58	-4,20	-4,67	-5,09	-5,48	-5,69	-5,91	-5,94	-5,98	-5,97	-5,96	-6,00	-6,04	-6,14	-6,23	0,10
11/04/2022 12:20:00	0,43	-0,11	-0,67	-1,29	-1,93	-2,51	-3,05	-3,57	-4,11	-4,54	-4,96	-5,25	-5,54	-5,66	-5,78	-5,84	-5,90	-6,00	-6,11	-6,24	-6,37	0,94
11/04/2022 12:25:00	0,79	0,40	-0,16	-0,88	-1,73	-2,69	-3,57	-4,33	-4,87	-5,34	-5,74	-5,93	-6,12	-6,11	-6,09	-6,04	-5,98	-5,98	-5,99	-6,06	-6,13	1,19
11/04/2022 12:30:00	0,61	-0,04	-0,64	-1,29	-1,96	-2,56	-3,28	-3,89	-4,26	-4,66	-5,04	-5,25	-5,46	-5,49	-5,52	-5,51	-5,50	-5,54	-5,58	-5,67	-5,76	0,33
11/04/2022 12:35:00	0,66	0,19	-0,27	-0,83	-1,48	-2,16	-2,88	-3,56	-4,13	-4,54	-4,90	-5,12	-5,34	-5,39	-5,44	-5,46	-5,48	-5,55	-5,61	-5,72	-5,82	1,96
11/04/2022 12:40:00	0,74	0,25	-0,28	-0,86	-1,48	-2,17	-2,83	-3,42	-3,89	-4,32	-4,74	-4,99	-5,25	-5,32	-5,39	-5,41	-5,43	-5,50	-5,57	-5,68	-5,78	0,49
11/04/2022 12:45:00	1,12	0,63	0,15	-0,41	-1,09	-1,84	-2,60	-3,30	-3,85	-4,34	-4,80	-5,08	-5,37	-5,45	-5,53	-5,55	-5,56	-5,63	-5,69	-5,79	-5,90	1,90
11/04/2022 12:50:00	0,97	0,76	0,13	-0,64	-1,41	-2,13	-2,80	-3,37	-3,81	-4,16	-4,48	-4,65	-4,82	-4,84	-4,86	-4,86	-4,86	-4,92	-4,98	-5,09	-5,20	0,52
11/04/2022 12:55:00	1,24	0,97	0,42	-0,26	-1,04	-1,87	-2,64	-3,30	-3,80	-4,23	-4,62	-4,83	-5,03	-5,06	-5,08	-5,07	-5,06	-5,10	-5,14	-5,24	-5,34	1,37
11/04/2022 13:00:00	1,29	0,94	0,27	-0,49	-1,17	-1,86	-2,55	-3,14	-3,59	-4,00	-4,39	-4,66	-4,93	-5,04	-5,15	-5,20	-5,25	-5,36	-5,46	-5,59	-5,72	0,97
11/04/2022 13:05:00	1,63	1,09	0,72	0,33	-0,25	-0,98	-1,97	-2,97	-3,73	-4,23	-4,66	-4,97	-5,28	-5,41	-5,53	-5,61	-5,69	-5,79	-5,89	-6,00	-6,12	1,72
11/04/2022 13:10:00	1,72	1,01	0,48	-0,14	-0,83	-1,49	-2,14	-2,78	-3,38	-3,82	-4,21	-4,47	-4,73	-4,81	-4,90	-4,94	-4,98	-5,07	-5,16	-5,28	-5,39	1,63
11/04/2022 13:15:00	1,82	1,38	0,98	0,54	-0,09	-0,91	-1,83	-2,72	-3,43	-3,93	-4,35	-4,62	-4,90	-4,98	-5,06	-5,10	-5,14	-5,22	-5,29	-5,40	-5,50	1,39
11/04/2022 13:20:00	2,25	1,63	0,94	0,06	-0,95	-1,95	-2,87	-3,65	-4,21	-4,56	-4,80	-4,84	-4,87	-4,74	-4,61	-4,50	-4,40	-4,36	-4,33	-4,38	-4,44	2,80
11/04/2022 13:25:00	1,65	1,43	0,88	0,15	-0,64	-1,33	-1,96	-2,49	-2,93	-3,35	-3,76	-3,99	-4,21	-4,27	-4,33	-4,34	-4,34	-4,41	-4,48	-4,60	-4,72	1,79
11/04/2022 13:30:00	1,82	1,34	0,76	0,11	-0,57	-1,24	-1,79	-2,27	-2,72	-3,17	-3,62	-3,91	-4,20	-4,30	-4,41	-4,45	-4,49	-4,58	-4,67	-4,80	-4,93	1,96
11/04/2022 13:35:00	1,98	1,78	1,14	0,36	-0,40	-1,08	-1,72	-2,30	-2,83	-3,32	-3,81	-4,17	-4,52	-4,70	-4,88	-4,97	-5,07	-5,21	-5,36	-5,51	-5,66	1,92
11/04/2022 13:40:00	2,34	1,82	1,32	0,75	0,00	-0,97	-1,97	-2,90	-3,62	-4,10	-4,47	-4,68	-4,89	-4,90	-4,92	-4,92	-4,92	-4,96	-5,00	-5,08	-5,17	2,93
11/04/2022 13:45:00	2,11	1,46	0,84	0,21	-0,41	-1,10	-1,80	-2,49	-3,14	-3,44	-3,63	-3,75	-3,88	-3,90	-3,92	-3,97	-4,03	-4,12	-4,21	-4,33	-4,46	2,00
11/04/2022 13:50:00	2,56	1,65	1,12	0,65	0,07	-0,78	-1,63	-2,46	-3,16	-3,63	-4,00	-4,25	-4,50	-4,56	-4,63	-4,67	-4,71	-4,78	-4,85	-4,95	-5,06	2,11
11/04/2022 13:55:00	2,36	1,75	1,19	0,63	-0,04	-0,86	-1,67	-2,42	-3,02	-3,39	-3,65	-3,78	-3,92	-3,90	-3,89	-3,88	-3,88	-3,93	-3,97	-4,07	-4,16	2,53
11/04/2022 14:00:00	2,16	1,97	1,49	0,77	-0,03	-0,66	-1,36	-2,02	-2,56	-3,07	-3,56	-3,89	-4,23	-4,38	-4,52	-4,59	-4,67	-4,79	-4,91	-5,05	-5,19	2,05
11/04/2022 14:05:00	2,47	2,12	1,45	0,67	-0,04	-0,60	-1,25	-1,88	-2,44	-2,91	-3,37	-3,75	-4,12	-4,33	-4,55	-4,69	-4,83	-5,01	-5,19	-5,36	-5,53	2,71
11/04/2022 14:10:00	2,51	2,24	1,60	0,68	-0,36	-1,26	-2,06	-2,68	-3,09	-3,47	-3,80	-3,89	-3,98	-3,90	-3,82	-3,73	-3,64	-3,63	-3,61	-3,69	-3,77	1,85
11/04/2022 14:15:00	2,68	2,13	1,56	0,96	0,27	-0,60	-1,42	-2,13	-2,61	-3,15	-3,72	-4,08	-4,43	-4,55	-4,66	-4,69	-4,71	-4,78	-4,84	-4,95	-5,06	2,56
11/04/2022 14:20:00	2,49	2,09	1,49	0,84	0,23	-0,23	-0,84	-1,49	-2,14	-2,60	-3,02	-3,40	-3,78	-4,02	-4,25	-4,43	-4,60	-4,81	-5,02	-5,21	-5,39	2,70
11/04/2022 14:25:00	2,59	2,24	1,66	0,98	0,26	-0,52	-1,28	-2,00	-2,63	-3,10	-3,52	-3,81	-4,10	-4,22	-4,34	-4,41	-4,48	-4,60	-4,72	-4,85	-4,99	3,68
11/04/2022 14:30:00	2,75	2,44	1,89	1,29	0,64	-0,09	-0,92	-1,75	-2,49	-3,01	-3,46	-3,83	-4,20	-4,39	-4,59	-4,73	-4,87	-5,04	-5,21	-5,36	-5,52	2,71
11/04/2022 14:35:00	3,05	2,58	1,82	0,96	0,11	-0,71	-1,43	-2,02	-2,45	-2,87	-3,28	-3,51	-3,74	-3,79	-3,84	-3,85	-3,86	-3,93	-4,00	-4,11	-4,23	4,39
11/04/2022 14:40:00	3,15	2,56	1,86	1,05	0,23	-0,57	-1,37	-2,05	-2,50	-2,92	-3,33	-3,56	-3,79	-3,83	-3,87	-3,88	-3,88	-3,94	-3,99	-4,10	-4,21	3,03
11/04/2022 14:45:00	3,32	2,85	2,33	1,61	0,71	-0,05	-0,89	-1,66	-2,22	-2,71	-3,18	-3,43	-3,69	-3,75	-3,81	-3,82	-3,82	-3,88	-3,94	-4,05	-4,16	3,21
11/04/2022 14:50:00	3,05	2,44	1,89	1,21	0,40	-0,39	-1,21	-1,96	-2,54	-2,95	-3,26	-3,42	-3,57	-3,56	-3,55	-3,54	-3,53	-3,57	-3,62	-3,72	-3,81	2,21
11/04/2022 14:55:00	2,98	2,57	2,11	1,55	0,88	0,15	-0,59	-1,22	-1,55	-2,02	-2,52	-2,81	-3,09	-3,15	-3,22	-3,21	-3,21	-3,25	-3,30	-3,41	-3,51	4,31
11/04/2022 15:00:00	3,36	2,84	2,25	1,53	0,71	-0,05	-0,77	-1,45	-2,09	-2,54	-2,92	-3,15	-3,39	-3,46	-3,54	-3,58	-3,63	-3,72	-3,82	-3,95	-4,08	4,16
11/04/2022 15:05:00	3,35	2,84	2,34	1,75	1,06	0,33	-0,50	-1,29	-1,90	-2,38	-2,79	-3,08	-3,36	-3,46	-3,56	-3,62	-3,69	-3,79	-3,89	-4,02	-4,14	3,61
11/04/2022 15:10:00	3,39	2,84	2,19	1,54	0,91	0,19	-0,51	-1,17	-1,76	-2,19	-2,57	-2,85	-3,13	-3,26	-3,39	-3,49	-3,58	-3,72	-3,85	-4,00	-4,14	4,10
11/04/2022 15:15:00	3,14	2,81	2,19	1,47	0,79	0,18	-0,51	-1,18	-1,75	-2,11	-2,39	-2,60	-2,82	-2,92	-3,02	-3,11	-3,21	-3,35	-3,49	-3,64	-3,79	3,05
11/04/2022 15:20:00	3,52	3,28	2,85	2,24	1,45	0,53	-0,43	-1,30	-1,91	-2,48	-3,02	-3,35	-3,69	-3,80	-3,90	-3,93	-3,97	-4,04	-4,12	-4,23	-4,35	3,61
11/04/2022 15:25:00	3,36	2,97	2,46	1,81	1,05	0,16	-0,59	-1,25	-1,85	-2,33	-2,75	-3,00	-3,25	-3,31	-3,37	-3,39	-3,41	-3,49	-3,56	-3,68	-3,79	3,26
11/04/2022 15:30:00	3,60	3,14	2,56	1,94	1,23	0,37	-0,47	-1,26	-1,96	-2,43	-2,82	-3,08	-3,34	-3,43	-3,53	-3,59	-3,66	-3,77	-3,87	-4,00	-4,14	2,94
11/04/2022 15:35:00	3,73	3,11	2,54	1,93	1,25	0,52	-0,19	-0,84	-1,36	-1,80	-2,23	-2,49	-2,76	-2,85	-2,95	-2,99	-3,04	-3,13	-3,23	-3,35	-3,48	4,06
11/04/2022 15:40:00	3,69	3,26	2,75	2,11	1,35	0,61	-0,23	-1,03	-1,66	-2,10	-2,46	-2,69	-2,91	-2,98	-3,04	-3,09	-3,14	-3,23	-3,32	-3,45	-3,57	3,88
11/04/2022 15:45:00	3,82	3,33	2,83	2,42	1,99	1,38	0,68	-0,07	-0,74	-1,33	-1,94	-2,47	-2,99	-3,32	-3,65	-3,87	-4,08	-4,31	-4,54	-4,73	-4,92	3,88
11/04/2022 15:50:00	3,86	3,33	2,88	2,35	1,69	1,09	0,34	-0,40	-0,98	-1,53	-2,09	-2,50	-2,90	-3,11	-3,31	-3,42	-3,53	-3,68	-3,83	-3,98	-4,14	4,18
11/04/2022 15:55:00	3,85	3,42	2,89	2,28	1,62	0,88	0,16	-0,51	-1,10	-1,63	-2,14	-2,52	-2,89	-3,07	-3,25	-3,35	-3,46	-3,60	-3,74	-3,90	-4,05	3,78
11/04/2022 16:00:00	3,98	3,37	2,91	2,43	1,87	1,18	0,42	-0,36	-1,09	-1,57	-1,96	-2,27	-2,58	-2,73	-2,89	-3,01	-3,12	-3,27	-3,42	-3,57	-3,73	4,20
11/04/2022 16:05:00	3,99	3,51	2,88	2,27	1,68	1,07	0,41	-0,23	-0,78	-1,27	-1,77	-2,16	-2,55	-2,78	-3,00	-3,14	-3,29	-3,47	-3,65	-3,82	-4,00	4,80
11/04/2022 16:10:00	3,91	3,66	3,05	2,40	1,75	0,90	0,08	-0,67	-1,25	-1,73	-2,16	-2,47	-2,77	-2,91	-3,05	-3,14	-3,23	-3,36	-3,49	-3,63	-3,78	4,32
11/04/2022 16:15:00	3,91	3,60	3,04	2,32	1,47	0,58	-0,23	-0,93	-1,46	-1,87	-2,22	-2,38	-2,53	-2,53	-2,52	-2,51	-2,49	-2,54	-2,59	-2,69	-2,80	4,02
11/04/2022 16:20:00	4,12	3,93	3,44	2,80	2,06	1,16	0,18	-0,71	-1,28	-1,79	-2,28	-2,59	-2,90	-3,00	-3,11	-3,16	-3,21	-3,30	-3,39	-3,51	-3,64	4,55
11/04/2022 16:25:00	4,18	3,82	3,41	2,93	2,30	1,47	0,57	-0,29	-0,93	-1,47	-1,98	-2,33	-2,68	-2,82	-2,97	-3,05	-3,14	-3,25	-3,37	-3,50	-3,64	4,35
11/04/2022 16:30:00	4,24	3,74	3,15	2,59	2,03	1,25	0,60	0,00	-0,62	-1,15	-1,65	-2,05	-2,44	-2,65	-2,86	-2,99	-3,13	-3,29	-3,46	-3,63	-3,80	4,08
11/04/2022 16:35:00	4,18	3,78	3,24	2,52	1,71	0,92	0,13	-0,61	-1,19	-1,67	-2,09	-2,36	-2,63	-2,72	-2,81	-2,86	-2,91	-3,01	-3,11	-3,24	-3,37	4,60
11/04/2022 16:40:00	4,26	3,80	3,28	2,67	1,91	1,07	0,28	-0,44	-1,09	-1,58	-2,00	-2,25	-2,50	-2,58	-2,66	-2,70	-2,75	-2,84	-2,93	-3,06	-3,19	4,15
11/04/2022 16:45:00	4,24	3,75	3,32	2,91	2,43	1,74	0,92	0,10	-0,48	-1,08	-1,72	-2,23	-2,73	-3,00	-3,28	-3,43	-3,58	-3,76	-3,93	-4,10	-4,26	5,73
11/04/2022 16:50:00	4,26	3,86	3,39	2,79	2,06	1,39	0,56	-0,25	-0,85	-1,36	-1,84	-2,18	-2,52	-2,67	-2,82	-2,91	-3,01	-3,14	-3,27	-3,42	-3,56	4,48
11/04/2022 16:55:00	4,38	3,97	3,46	2,89	2,25	1,60	0,85	0,10	-0,56	-1,10	-1,60	-2,00	-2,39	-2,62	-2,84	-2,99	-3,14	-3,32	-3,50	-3,68	-3,85	4,27
11/04/2022 17:00:00	4,33	3,77	3,26	2,72	2,10	1,34	0,56	-0,19	-0,81	-1,30	-1,75	-2,07	-2,40	-2,54	-2,68	-2,77	-2,87	-3,00	-3,12	-3,27	-3,41	4,73
11/04/2022 17:05:00	4,30	3,85	3,34	2,68	1,88	1,10	0,34	-0,34	-0,89	-1,36	-1,78	-2,03	-2,28	-2,34	-2,41	-2,43	-2,46	-2,54	-2,62	-2,74	-2,87	4,76
11/04/2022 17:10:00	4,51	3,80	3,17	2,51	1,85	1,22	0,51	-0,18	-0,76	-1,24	-1,68	-2,02	-2,37	-2,54	-2,72	-2,83	-2,95	-3,11	-3,26	-3,42	-3,58	4,70
11/04/2022 17:15:00	4,37	4,17	3,52	2,84	2,25	1,53	0,90	0,35	-0,08	-0,62	-1,23	-1,71	-2,19	-2,46	-2,74	-2,89	-3,04	-3,24	-3,43	-3,62	-3,80	4,12
11/04/2022 17:20:00	4,45	3,93	3,50	3,00	2,37	1,59	0,74	-0,08	-0,69	-1,22	-1,73	-2,08	-2,43	-2,57	-2,72	-2,80	-2,88	-3,00	-3,11	-3,25	-3,39	4,63
11/04/2022 17:25:00	4,31	3,98	3,38	2,67	1,95	1,31	0,61	-0,05	-0,61	-1,09	-1,55	-1,90	-2,25	-2,43	-2,61	-2,73	-2,86	-3,02	-3,19	-3,36	-3,52	4,90
11/04/2022 17:30:00	4,60	4,28	3,84	3,30	2,64	1,87	1,07	0,28	-0,38	-1,01	-1,67	-2,17	-2,67	-2,94	-3,20	-3,35	-3,49	-3,67	-3,84	-4,01	-4,18	4,57
11/04/2022 17:35:00	4,44	4,02	3,62	3,21	2,67	1,91	1,11	0,30	-0,46	-1,08	-1,67	-2,14	-2,60	-2,87	-3,13	-3,29	-3,45	-3,64	-3,82	-4,00	-4,17	4,40
11/04/2022 17:40:00	4,33	3,88	3,40	2,89	2,33	1,75	1,08	0,40	-0,16	-0,69	-1,24	-1,67	-2,10	-2,34	-2,58	-2,73	-2,88	-3,06	-3,25	-3,42	-3,60	3,86
11/04/2022 17:45:00	4,57	4,04	3,53	2,98	2,34	1,57	0,82	0,08	-0,67	-1,20	-1,63	-1,96	-2,29	-2,46	-2,63	-2,76	-2,89	-3,04	-3,20	-3,37	-3,53	4,06
11/04/2022 17:50:00	4,65	4,12	3,51	2,86	2,20	1,58	0,96	0,36	-0,25	-0,80	-1,36	-1,81	-2,26	-2,53	-2,79	-2,96	-3,12	-3,32	-3,52	-3,71	-3,90	4,77
11/04/2022 17:55:00	4,54	4,07	3,66	3,21	2,62	1,92	1,08	0,25	-0,31	-0,92	-1,59	-2,08	-2,57	-2,81	-3,06	-3,18	-3,31	-3,46	-3,61	-3,77	-3,92	4,93
11/04/2022 18:00:00	4,33	4,05	3,46	2,78	2,08	1,38	0,70	0,07	-0,56	-1,06	-1,53	-1,89	-2,25	-2,45	-2,65	-2,79	-2,92	-3,10	-3,27	-3,45	-3,63	3,89
11/04/2022 18:05:00	4,40	4,04	3,52	2,91	2,19	1,42	0,62	-0,12	-0,69	-1,20	-1,68	-2,00	-2,32	-2,45	-2,59	-2,66	-2,73	-2,85	-2,97	-3,11	-3,25	4,63
11/04/2022 18:10:00	4,42	4,12	3,60	2,90	2,10	1,47	0,72	0,00	-0,59	-1,09	-1,56	-1,89	-2,22	-2,38	-2,54	-2,64	-2,74	-2,89	-3,04	-3,20	-3,36	3,73
11/04/2022 18:15:00	4,39	3,87	3,45	2,97	2,32	1,60	0,77	-0,06	-0,74	-1,26	-1,71	-2,03	-2,35	-2,48	-2,62	-2,71	-2,80	-2,92	-3,04	-3,18	-3,32	4,11
11/04/2022 18:20:00	4,34	3,99	3,50	3,00	2,40	1,59	0,80	0,07	-0,56	-1,10	-1,62	-2,00	-2,37	-2,55	-2,74	-2,84	-2,95	-3,09	-3,23	-3,38	-3,54	3,68
11/04/2022 18:25:00	4,21	3,65	3,21	2,74	2,16	1,57	0,88	0,17	-0,44	-0,99	-1,53	-1,95	-2,37	-2,59	-2,82	-2,96	-3,10	-3,27	-3,44	-3,60	-3,77	3,60
11/04/2022 18:30:00	4,04	3,69	3,19	2,61	1,97	1,33	0,66	-0,01	-0,67	-1,15	-1,57	-1,90	-2,22	-2,40	-2,58	-2,71	-2,84	-3,01	-3,18	-3,35	-3,52	3,42
11/04/2022 18:35:00	3,73	3,30	2,90	2,40	1,74	1,06	0,24	-0,58	-1,28	-1,78	-2,20	-2,50	-2,80	-2,94	-3,07	-3,16	-3,26	-3,39	-3,52	-3,66	-3,80	3,33
11/04/2022 18:40:00	3,65	3,18	2,82	2,47	1,97	1,21	0,44	-0,34	-1,06	-1,62	-2,13	-2,52	-2,90	-3,09	-3,28	-3,41	-3,53	-3,67	-3,82	-3,97	-4,12	3,19
11/04/2022 18:45:00	3,34	2,93	2,42	1,87	1,28	0,70	-0,06	-0,81	-1,37	-1,84	-2,29	-2,63	-2,98	-3,15	-3,33	-3,45	-3,57	-3,72	-3,88	-4,03	-4,19	3,23
11/04/2022 18:50:00	3,24	2,84	2,42	1,88	1,20	0,52	-0,24	-0,99	-1,60	-2,07	-2,48	-2,76	-3,03	-3,13	-3,23	-3,30	-3,36	-3,47	-3,57	-3,71	-3,84	3,05
11/04/2022 18:55:00	2,84	2,50	2,03	1,51	0,95	0,27	-0,42	-1,10	-1,69	-2,21	-2,71	-3,09	-3,48	-3,68	-3,87	-3,99	-4,11	-4,26	-4,41	-4,57	-4,72	2,86
11/04/2022 19:00:00	2,70	2,35	1,89	1,34	0,70	0,06	-0,63	-1,28	-1,82	-2,29	-2,74	-3,05	-3,36	-3,49	-3,63	-3,70	-3,78	-3,89	-4,01	-4,15	-4,29	2,71
11/04/2022 19:05:00	2,52	2,15	1,69	1,17	0,59	-0,15	-0,85	-1,49	-1,99	-2,41	-2,81	-3,06	-3,31	-3,39	-3,47	-3,51	-3,55	-3,64	-3,73	-3,85	-3,97	2,56
11/04/2022 19:10:00	2,40	2,11	1,59	1,04	0,49	-0,12	-0,74	-1,33	-1,80	-2,21	-2,60	-2,88	-3,16	-3,30	-3,43	-3,52	-3,60	-3,74	-3,87	-4,01	-4,16	2,46
11/04/2022 19:15:00	2,31	1,94	1,51	1,03	0,54	0,01	-0,60	-1,21	-1,72	-2,15	-2,57	-2,89	-3,22	-3,38	-3,54	-3,65	-3,76	-3,90	-4,05	-4,20	-4,35	2,36
11/04/2022 19:20:00	2,29	1,92	1,41	0,87	0,35	-0,20	-0,75	-1,28	-1,76	-2,15	-2,53	-2,80	-3,08	-3,21	-3,35	-3,45	-3,54	-3,68	-3,82	-3,97	-4,12	2,25
11/04/2022 19:25:00	2,14	1,89	1,32	0,69	0,11	-0,49	-0,99	-1,42	-1,80	-2,17	-2,54	-2,78	-3,03	-3,14	-3,24	-3,30	-3,37	-3,49	-3,61	-3,75	-3,89	2,20
11/04/2022 19:30:00	2,15	1,77	1,30	0,87	0,43	-0,17	-0,73	-1,23	-1,66	-2,07	-2,49	-2,79	-3,08	-3,21	-3,34	-3,42	-3,49	-3,61	-3,73	-3,87	-4,01	2,07
11/04/2022 19:35:00	1,92	1,60	1,20	0,72	0,14	-0,46	-1,12	-1,74	-2,26	-2,62	-2,91	-3,09	-3,27	-3,32	-3,37	-3,41	-3,45	-3,54	-3,62	-3,75	-3,87	2,00
11/04/2022 19:40:00	1,90	1,71	1,33	0,89	0,36	-0,24	-0,87	-1,49	-2,03	-2,45	-2,83	-3,11	-3,38	-3,50	-3,62	-3,70	-3,79	-3,91	-4,03	-4,18	-4,32	1,95
11/04/2022 19:45:00	1,87	1,63	1,21	0,72	0,19	-0,34	-0,81	-1,25	-1,67	-2,10	-2,54	-2,84	-3,15	-3,29	-3,43	-3,51	-3,59	-3,72	-3,85	-4,00	-4,15	1,90
11/04/2022 19:50:00	1,84	1,58	1,30	0,88	0,32	-0,25	-0,87	-1,47	-1,97	-2,36	-2,71	-2,92	-3,12	-3,18	-3,23	-3,26	-3,30	-3,38	-3,45	-3,58	-3,70	1,80
11/04/2022 19:55:00	1,73	1,47	1,17	0,80	0,33	-0,11	-0,76	-1,40	-1,85	-2,29	-2,74	-3,07	-3,40	-3,55	-3,71	-3,80	-3,89	-4,02	-4,14	-4,29	-4,43	1,74
11/04/2022 20:00:00	1,70	1,41	1,11	0,79	0,32	-0,34	-1,04	-1,74	-2,37	-2,72	-2,99	-3,15	-3,32	-3,36	-3,40	-3,45	-3,50	-3,59	-3,67	-3,79	-3,91	1,73
11/04/2022 20:05:00	1,66	1,32	0,98	0,61	0,18	-0,25	-0,79	-1,30	-1,67	-2,11	-2,58	-2,92	-3,25	-3,41	-3,57	-3,66	-3,74	-3,87	-3,99	-4,14	-4,28	1,66
11/04/2022 20:10:00	1,69	1,61	1,21	0,74	0,22	-0,40	-0,98	-1,54	-2,05	-2,42	-2,76	-2,99	-3,22	-3,32	-3,42	-3,49	-3,57	-3,69	-3,81	-3,95	-4,09	1,65
11/04/2022 20:15:00	1,62	1,22	0,93	0,65	0,26	-0,26	-0,85	-1,46	-2,01	-2,41	-2,77	-3,04	-3,31	-3,42	-3,54	-3,63	-3,71	-3,83	-3,95	-4,09	-4,22	1,54
11/04/2022 20:20:00	1,62	1,23	0,98	0,65	0,19	-0,39	-0,95	-1,51	-2,00	-2,46	-2,89	-3,18	-3,47	-3,58	-3,69	-3,74	-3,79	-3,89	-3,98	-4,11	-4,23	1,56
11/04/2022 20:25:00	1,48	1,48	1,16	0,63	0,01	-0,50	-1,14	-1,71	-2,11	-2,54	-2,96	-3,22	-3,49	-3,58	-3,68	-3,73	-3,78	-3,87	-3,97	-4,11	-4,24	1,50
11/04/2022 20:30:00	1,43	1,30	1,02	0,55	-0,03	-0,59	-1,15	-1,69	-2,17	-2,58	-2,97	-3,21	-3,44	-3,53	-3,61	-3,65	-3,69	-3,78	-3,88	-4,01	-4,13	1,48
11/04/2022 20:35:00	1,51	1,40	1,09	0,66	0,15	-0,34	-0,97	-1,57	-2,06	-2,44	-2,78	-3,02	-3,26	-3,36	-3,46	-3,53	-3,60	-3,72	-3,83	-3,97	-4,11	1,44
11/04/2022 20:40:00	1,35	1,25	0,84	0,36	-0,10	-0,63	-1,07	-1,46	-1,83	-2,21	-2,60	-2,87	-3,14	-3,26	-3,39	-3,46	-3,54	-3,66	-3,79	-3,93	-4,08	1,43
11/04/2022 20:45:00	1,38	1,25	0,91	0,47	-0,01	-0,53	-1,12	-1,67	-2,07	-2,42	-2,76	-2,98	-3,19	-3,27	-3,35	-3,40	-3,45	-3,55	-3,65	-3,78	-3,91	1,33
11/04/2022 20:50:00	1,36	1,33	1,10	0,63	0,00	-0,60	-1,21	-1,79	-2,31	-2,69	-3,00	-3,16	-3,32	-3,34	-3,36	-3,38	-3,39	-3,46	-3,53	-3,64	-3,76	1,36
11/04/2022 20:55:00	1,28	1,20	0,89	0,47	-0,04	-0,65	-1,23	-1,77	-2,25	-2,61	-2,93	-3,12	-3,31	-3,37	-3,42	-3,47	-3,51	-3,60	-3,69	-3,81	-3,94	1,33
11/04/2022 21:00:00	1,29	1,29	0,94	0,48	-0,02	-0,52	-0,98	-1,44	-1,93	-2,29	-2,63	-2,87	-3,12	-3,24	-3,36	-3,45	-3,54	-3,67	-3,81	-3,97	-4,12	1,29
11/04/2022 21:05:00	1,32	1,20	1,03	0,69	0,18	-0,39	-0,94	-1,49	-2,00	-2,39	-2,73	-2,92	-3,12	-3,17	-3,22	-3,25	-3,28	-3,36	-3,44	-3,56	-3,68	1,28
11/04/2022 21:10:00	1,23	1,38	1,03	0,52	-0,03	-0,64	-1,25	-1,75	-2,10	-2,41	-2,70	-2,85	-2,99	-3,01	-3,03	-3,04	-3,06	-3,12	-3,19	-3,31	-3,43	1,28
11/04/2022 21:15:00	1,25	1,24	0,87	0,36	-0,10	-0,46	-0,83	-1,18	-1,51	-1,87	-2,25	-2,53	-2,81	-2,96	-3,11	-3,22	-3,32	-3,47	-3,63	-3,79	-3,95	1,29
11/04/2022 21:20:00	1,16	1,24	0,92	0,47	-0,01	-0,59	-1,14	-1,65	-2,09	-2,41	-2,68	-2,85	-3,03	-3,08	-3,14	-3,19	-3,24	-3,35	-3,45	-3,58	-3,72	1,26
11/04/2022 21:25:00	1,29	1,36	1,05	0,60	0,09	-0,41	-0,91	-1,38	-1,81	-2,18	-2,53	-2,77	-3,00	-3,10	-3,21	-3,28	-3,35	-3,47	-3,59	-3,73	-3,88	1,23
11/04/2022 21:30:00	1,28	1,11	0,81	0,48	0,07	-0,42	-0,90	-1,36	-1,77	-2,16	-2,55	-2,82	-3,08	-3,20	-3,32	-3,38	-3,45	-3,57	-3,68	-3,82	-3,96	1,26
11/04/2022 21:35:00	1,15	1,19	0,86	0,40	-0,11	-0,63	-1,13	-1,59	-1,99	-2,36	-2,73	-2,96	-3,20	-3,29	-3,39	-3,45	-3,51	-3,62	-3,73	-3,87	-4,01	1,13
11/04/2022 21:40:00	1,10	1,08	0,72	0,27	-0,19	-0,61	-1,00	-1,38	-1,78	-2,14	-2,51	-2,78	-3,05	-3,19	-3,33	-3,43	-3,53	-3,67	-3,82	-3,98	-4,14	1,08
11/04/2022 21:45:00	0,95	0,82	0,62	0,39	0,06	-0,35	-0,82	-1,30	-1,72	-2,09	-2,44	-2,69	-2,94	-3,05	-3,17	-3,25	-3,33	-3,45	-3,57	-3,71	-3,86	1,00
11/04/2022 21:50:00	0,89	0,77	0,65	0,52	0,25	-0,21	-0,77	-1,33	-1,79	-2,19	-2,57	-2,84	-3,11	-3,23	-3,35	-3,43	-3,51	-3,62	-3,74	-3,87	-4,01	0,94
11/04/2022 21:55:00	0,84	1,09	0,91	0,57	0,11	-0,45	-0,99	-1,46	-1,82	-2,19	-2,54	-2,75	-2,95	-3,00	-3,06	-3,09	-3,11	-3,19	-3,27	-3,40	-3,53	0,91
11/04/2022 22:00:00	1,02	1,01	0,69	0,32	-0,04	-0,44	-0,85	-1,23	-1,56	-1,88	-2,20	-2,44	-2,67	-2,78	-2,90	-2,98	-3,07	-3,20	-3,33	-3,48	-3,63	0,99
11/04/2022 22:05:00	0,97	1,00	0,80	0,52	0,18	-0,23	-0,70	-1,15	-1,49	-1,88	-2,29	-2,57	-2,85	-2,99	-3,12	-3,20	-3,28	-3,41	-3,53	-3,68	-3,82	1,03
11/04/2022 22:10:00	1,04	0,87	0,64	0,39	0,10	-0,32	-0,69	-1,10	-1,53	-1,93	-2,33	-2,64	-2,95	-3,12	-3,29	-3,41	-3,52	-3,67	-3,82	-3,98	-4,13	0,97
11/04/2022 22:15:00	1,00	0,84	0,54	0,21	-0,14	-0,45	-0,80	-1,17	-1,57	-1,92	-2,26	-2,53	-2,80	-2,96	-3,11	-3,22	-3,33	-3,49	-3,64	-3,81	-3,97	0,99
11/04/2022 22:20:00	0,91	0,71	0,61	0,45	0,14	-0,37	-0,90	-1,40	-1,78	-2,17	-2,56	-2,79	-3,03	-3,10	-3,16	-3,20	-3,23	-3,30	-3,37	-3,49	-3,61	0,92
11/04/2022 22:25:00	0,87	0,57	0,40	0,24	-0,03	-0,42	-0,86	-1,37	-1,87	-2,19	-2,46	-2,66	-2,86	-2,95	-3,04	-3,13	-3,22	-3,34	-3,46	-3,60	-3,74	0,78
11/04/2022 22:30:00	0,75	0,76	0,49	0,16	-0,20	-0,61	-1,05	-1,48	-1,89	-2,18	-2,44	-2,64	-2,83	-2,91	-3,00	-3,09	-3,17	-3,30	-3,42	-3,57	-3,72	0,69
11/04/2022 22:35:00	0,65	0,61	0,46	0,16	-0,29	-0,79	-1,30	-1,75	-2,09	-2,45	-2,79	-2,97	-3,14	-3,17	-3,19	-3,19	-3,20	-3,25	-3,30	-3,42	-3,53	0,65
11/04/2022 22:40:00	0,62	0,68	0,48	0,18	-0,21	-0,68	-1,15	-1,59	-1,97	-2,31	-2,64	-2,85	-3,06	-3,13	-3,20	-3,25	-3,30	-3,40	-3,50	-3,63	-3,76	0,63
11/04/2022 22:45:00	0,66	0,59	0,41	0,16	-0,17	-0,57	-1,08	-1,59	-2,03	-2,30	-2,52	-2,67	-2,82	-2,87	-2,91	-2,98	-3,04	-3,14	-3,25	-3,38	-3,51	0,61
11/04/2022 22:50:00	0,57	0,57	0,39	0,11	-0,29	-0,75	-1,27	-1,74	-2,08	-2,36	-2,59	-2,71	-2,82	-2,81	-2,81	-2,82	-2,83	-2,89	-2,95	-3,06	-3,17	0,56
11/04/2022 22:55:00	0,52	0,45	0,33	0,12	-0,21	-0,57	-1,09	-1,57	-1,87	-2,22	-2,56	-2,76	-2,97	-3,03	-3,09	-3,13	-3,16	-3,24	-3,32	-3,44	-3,56	0,45
11/04/2022 23:00:00	0,14	0,45	0,30	-0,02	-0,41	-0,80	-1,28	-1,72	-2,08	-2,36	-2,62	-2,79	-2,95	-3,00	-3,06	-3,12	-3,17	-3,28	-3,38	-3,52	-3,66	0,29
11/04/2022 23:05:00	-0,01	0,41	0,39	0,11	-0,31	-0,69	-1,25	-1,76	-2,14	-2,43	-2,66	-2,79	-2,91	-2,93	-2,95	-2,98	-3,01	-3,09	-3,17	-3,30	-3,43	-0,13
11/04/2022 23:10:00	-0,24	0,27	0,28	0,03	-0,33	-0,71	-1,10	-1,51	-1,92	-2,21	-2,47	-2,63	-2,80	-2,86	-2,93	-3,00	-3,06	-3,18	-3,29	-3,44	-3,58	-0,29
11/04/2022 23:15:00	-0,15	0,43	0,38	0,06	-0,40	-0,93	-1,32	-1,70	-2,11	-2,41	-2,65	-2,78	-2,90	-2,92	-2,93	-2,95	-2,98	-3,06	-3,14	-3,27	-3,40	0,23
11/04/2022 23:20:00	0,08	0,50	0,31	-0,01	-0,39	-0,81	-1,23	-1,55	-1,74	-2,08	-2,44	-2,65	-2,86	-2,93	-3,00	-3,04	-3,07	-3,16	-3,25	-3,39	-3,52	-0,08
11/04/2022 23:25:00	-0,09	0,38	0,28	-0,12	-0,59	-0,92	-1,30	-1,64	-1,94	-2,24	-2,52	-2,68	-2,84	-2,89	-2,94	-2,98	-3,01	-3,11	-3,21	-3,35	-3,49	-0,15
11/04/2022 23:30:00	-0,21	0,20	0,18	-0,05	-0,43	-0,86	-1,22	-1,53	-1,81	-2,19	-2,55	-2,75	-2,95	-3,00	-3,06	-3,08	-3,10	-3,17	-3,25	-3,38	-3,50	-0,34
11/04/2022 23:35:00	-0,39	0,26	0,31	0,12	-0,23	-0,64	-1,13	-1,53	-1,78	-2,08	-2,36	-2,49	-2,62	-2,63	-2,64	-2,65	-2,66	-2,72	-2,78	-2,90	-3,02	-0,41
11/04/2022 23:40:00	-0,65	0,25	0,33	0,16	-0,18	-0,64	-1,01	-1,38	-1,79	-2,08	-2,32	-2,46	-2,59	-2,64	-2,68	-2,73	-2,78	-2,88	-2,98	-3,12	-3,27	-0,67
11/04/2022 23:45:00	-0,75	0,10	0,38	0,36	0,03	-0,47	-1,04	-1,55	-1,92	-2,31	-2,65	-2,81	-2,97	-2,98	-2,99	-2,99	-2,99	-3,03	-3,08	-3,19	-3,30	-0,82
11/04/2022 23:50:00	-0,81	0,04	0,24	0,07	-0,31	-0,73	-1,17	-1,54	-1,80	-2,12	-2,40	-2,51	-2,61	-2,60	-2,58	-2,57	-2,56	-2,60	-2,65	-2,76	-2,88	-0,76
11/04/2022 23:55:00	-0,74	0,19	0,33	0,16	-0,21	-0,63	-1,13	-1,56	-1,90	-2,16	-2,37	-2,45	-2,53	-2,52	-2,51	-2,52	-2,54	-2,61	-2,68	-2,80	-2,93	-0,84
