FileFormat:0002.2 file with temperature of atmosphere
SN105HE102
local	GMT or Local
0	GMT-Local=[hours]
0	Height[m]
0	0	0	Longitude                [grd]               [min]               [sec]
0	0	0	Latitude                [grd]               [min]               [sec]
N	NS
56,45	Freq[GHz]
0,00	dTemostat[K]
0,150	MessErr[K]
0,248	//[grad/step]
version 14.4.20120406
MTP5HE102F5645K-38.60I70D219217+A1.1
Commentary:
SN105HE102
парабола ДНА = 2,5 град
НЕ102 - ПУ - ХВБ с ЦСД " S "
АЦП - 202 - 09 с контр.U пит.и М
оптопара серии - 2
Т out № 178 пл
БП LPS - 112
End Of Commentary

SYSTEM\alaska.dat
data time	0	50	100	150	200	250	300	350	400	450	500	550	600	650	700	750	800	850	900	950	1000	OutsideTemperature
14/02/2020 00:00:00	-8,93	-8,87	-9,12	-9,33	-9,26	-8,86	-8,11	-7,25	-6,50	-5,88	-5,23	-4,55	-3,87	-3,33	-2,80	-2,53	-2,26	-2,10	-1,94	-1,96	-1,97	-8,94
14/02/2020 00:05:00	-8,90	-8,65	-8,90	-9,11	-9,01	-8,58	-7,90	-7,10	-6,38	-5,76	-5,14	-4,51	-3,88	-3,40	-2,93	-2,71	-2,49	-2,37	-2,26	-2,30	-2,33	-8,88
14/02/2020 00:10:00	-8,88	-8,77	-8,91	-8,97	-8,77	-8,29	-7,64	-6,93	-6,30	-5,74	-5,18	-4,62	-4,06	-3,64	-3,22	-3,03	-2,84	-2,75	-2,66	-2,70	-2,75	-9,08
14/02/2020 00:15:00	-9,05	-8,84	-9,03	-9,13	-8,93	-8,42	-7,68	-6,84	-6,14	-5,62	-5,10	-4,58	-4,06	-3,67	-3,27	-3,09	-2,90	-2,82	-2,74	-2,79	-2,84	-9,21
14/02/2020 00:20:00	-9,17	-9,03	-9,20	-9,25	-9,01	-8,44	-7,49	-6,60	-5,89	-5,29	-4,71	-4,15	-3,58	-3,17	-2,76	-2,58	-2,40	-2,32	-2,24	-2,30	-2,35	-9,27
14/02/2020 00:25:00	-9,16	-8,89	-8,89	-8,87	-8,60	-8,01	-7,26	-6,46	-5,78	-5,22	-4,66	-4,10	-3,53	-3,12	-2,70	-2,51	-2,32	-2,24	-2,15	-2,20	-2,25	-10,02
14/02/2020 00:30:00	-9,33	-9,10	-8,97	-8,78	-8,31	-7,55	-6,66	-5,80	-5,11	-4,58	-4,07	-3,59	-3,12	-2,79	-2,46	-2,33	-2,20	-2,16	-2,13	-2,20	-2,28	-9,37
14/02/2020 00:35:00	-9,52	-9,42	-9,14	-8,68	-8,03	-7,23	-6,26	-5,46	-4,83	-4,27	-3,75	-3,30	-2,84	-2,54	-2,23	-2,14	-2,04	-2,02	-2,00	-2,08	-2,17	-9,71
14/02/2020 00:40:00	-9,81	-9,31	-9,04	-8,60	-8,00	-7,26	-6,37	-5,45	-4,72	-4,22	-3,75	-3,28	-2,81	-2,48	-2,15	-2,01	-1,88	-1,82	-1,77	-1,84	-1,91	-9,92
14/02/2020 00:45:00	-9,90	-9,30	-8,94	-8,46	-7,78	-6,90	-5,95	-5,00	-4,26	-3,76	-3,30	-2,88	-2,46	-2,19	-1,91	-1,82	-1,72	-1,71	-1,70	-1,79	-1,88	-9,88
14/02/2020 00:50:00	-9,83	-9,17	-8,68	-8,23	-7,68	-6,97	-6,16	-5,32	-4,62	-4,09	-3,55	-3,00	-2,45	-2,04	-1,63	-1,44	-1,26	-1,16	-1,07	-1,12	-1,17	-9,88
14/02/2020 00:55:00	-9,86	-9,31	-8,81	-8,24	-7,57	-6,80	-5,97	-5,15	-4,47	-3,98	-3,50	-3,03	-2,57	-2,23	-1,90	-1,77	-1,64	-1,59	-1,54	-1,61	-1,68	-9,72
14/02/2020 01:00:00	-10,13	-9,54	-9,01	-8,35	-7,63	-6,86	-5,96	-5,14	-4,48	-3,95	-3,43	-2,95	-2,46	-2,13	-1,80	-1,68	-1,56	-1,51	-1,47	-1,54	-1,62	-9,84
14/02/2020 01:05:00	-10,15	-9,52	-9,00	-8,35	-7,61	-6,80	-5,91	-4,97	-4,26	-3,89	-3,54	-3,18	-2,83	-2,56	-2,30	-2,19	-2,08	-2,05	-2,01	-2,09	-2,17	-10,07
14/02/2020 01:10:00	-10,17	-9,54	-8,97	-8,31	-7,55	-6,72	-5,87	-5,06	-4,39	-3,89	-3,41	-2,97	-2,53	-2,23	-1,93	-1,83	-1,73	-1,70	-1,68	-1,76	-1,84	-10,74
14/02/2020 01:15:00	-10,14	-9,53	-9,02	-8,45	-7,84	-7,20	-6,44	-5,73	-5,12	-4,58	-4,03	-3,52	-3,00	-2,63	-2,25	-2,11	-1,97	-1,90	-1,83	-1,89	-1,95	-10,03
14/02/2020 01:20:00	-10,45	-9,50	-8,98	-8,50	-7,98	-7,38	-6,62	-5,82	-5,17	-4,71	-4,24	-3,74	-3,25	-2,87	-2,49	-2,32	-2,15	-2,06	-1,97	-2,03	-2,08	-9,95
14/02/2020 01:25:00	-10,31	-9,45	-8,84	-8,20	-7,51	-6,78	-6,00	-5,25	-4,64	-4,17	-3,71	-3,27	-2,84	-2,54	-2,24	-2,13	-2,03	-2,00	-1,96	-2,04	-2,12	-9,90
14/02/2020 01:30:00	-9,93	-9,24	-8,74	-8,14	-7,39	-6,53	-5,71	-4,91	-4,27	-3,84	-3,45	-3,11	-2,77	-2,55	-2,33	-2,28	-2,23	-2,24	-2,26	-2,36	-2,46	-9,95
14/02/2020 01:35:00	-9,77	-9,39	-8,74	-7,99	-7,12	-6,16	-5,24	-4,48	-3,91	-3,48	-3,10	-2,78	-2,47	-2,28	-2,09	-2,06	-2,03	-2,05	-2,08	-2,19	-2,29	-9,65
14/02/2020 01:40:00	-9,85	-9,27	-8,53	-7,69	-6,86	-6,06	-5,30	-4,61	-4,06	-3,67	-3,30	-2,95	-2,60	-2,35	-2,11	-2,03	-1,96	-1,94	-1,92	-2,00	-2,09	-9,64
14/02/2020 01:45:00	-9,92	-9,35	-8,50	-7,48	-6,40	-5,31	-4,27	-3,41	-2,81	-2,48	-2,21	-2,00	-1,79	-1,69	-1,58	-1,60	-1,61	-1,67	-1,74	-1,87	-1,99	-10,00
14/02/2020 01:50:00	-10,07	-9,33	-8,01	-6,67	-5,53	-4,60	-3,86	-3,31	-2,90	-2,65	-2,41	-2,19	-1,96	-1,81	-1,65	-1,63	-1,61	-1,62	-1,63	-1,73	-1,82	-10,23
14/02/2020 01:55:00	-10,24	-9,22	-7,60	-5,91	-4,51	-3,49	-2,73	-2,29	-2,04	-1,97	-1,94	-1,97	-2,01	-2,07	-2,12	-2,24	-2,35	-2,47	-2,60	-2,74	-2,89	-10,88
14/02/2020 02:00:00	-10,27	-9,17	-7,46	-5,71	-4,31	-3,34	-2,62	-2,20	-1,97	-1,94	-1,93	-1,96	-1,98	-2,01	-2,04	-2,13	-2,22	-2,32	-2,41	-2,54	-2,68	-10,76
14/02/2020 02:05:00	-10,44	-9,47	-7,95	-6,32	-4,96	-3,97	-3,17	-2,75	-2,51	-2,38	-2,30	-2,29	-2,29	-2,33	-2,37	-2,48	-2,60	-2,72	-2,84	-2,99	-3,13	-10,21
14/02/2020 02:10:00	-10,66	-9,62	-8,20	-6,73	-5,44	-4,40	-3,54	-2,90	-2,49	-2,31	-2,18	-2,08	-1,98	-1,94	-1,90	-1,94	-1,99	-2,06	-2,14	-2,26	-2,39	-10,41
14/02/2020 02:15:00	-10,66	-9,79	-8,45	-7,16	-6,00	-5,00	-4,17	-3,57	-3,13	-2,83	-2,55	-2,32	-2,08	-1,94	-1,79	-1,78	-1,77	-1,80	-1,83	-1,94	-2,04	-10,56
14/02/2020 02:20:00	-10,52	-9,61	-8,02	-6,44	-5,18	-4,25	-3,40	-2,86	-2,49	-2,27	-2,05	-1,84	-1,63	-1,48	-1,33	-1,31	-1,30	-1,31	-1,31	-1,41	-1,50	-10,62
14/02/2020 02:25:00	-10,46	-9,48	-7,70	-5,80	-4,29	-3,28	-2,49	-2,13	-1,96	-1,96	-1,99	-2,09	-2,18	-2,27	-2,37	-2,50	-2,64	-2,76	-2,89	-3,04	-3,18	-10,99
14/02/2020 02:30:00	-10,36	-9,43	-7,62	-5,63	-4,03	-2,95	-2,27	-1,90	-1,71	-1,69	-1,72	-1,81	-1,90	-2,01	-2,11	-2,25	-2,40	-2,53	-2,67	-2,82	-2,97	-10,81
14/02/2020 02:35:00	-10,42	-9,52	-7,68	-5,70	-4,07	-2,90	-2,08	-1,70	-1,51	-1,46	-1,47	-1,57	-1,67	-1,80	-1,92	-2,08	-2,25	-2,40	-2,56	-2,72	-2,88	-10,20
14/02/2020 02:40:00	-10,24	-9,41	-7,64	-5,78	-4,16	-2,87	-1,91	-1,42	-1,20	-1,16	-1,20	-1,33	-1,46	-1,61	-1,77	-1,95	-2,14	-2,31	-2,49	-2,67	-2,84	-10,25
14/02/2020 02:45:00	-10,24	-9,05	-7,19	-5,42	-4,07	-3,11	-2,33	-1,94	-1,76	-1,73	-1,70	-1,67	-1,64	-1,63	-1,61	-1,66	-1,71	-1,77	-1,84	-1,96	-2,08	-10,51
14/02/2020 02:50:00	-10,30	-9,29	-7,36	-5,47	-4,02	-3,01	-2,32	-2,03	-1,92	-1,95	-1,99	-2,05	-2,11	-2,16	-2,21	-2,30	-2,40	-2,49	-2,58	-2,71	-2,84	-10,66
14/02/2020 02:55:00	-10,40	-8,89	-7,03	-5,41	-4,32	-3,68	-3,30	-3,14	-3,05	-3,03	-2,96	-2,83	-2,71	-2,57	-2,44	-2,41	-2,38	-2,37	-2,36	-2,45	-2,53	-10,86
14/02/2020 03:00:00	-10,39	-9,09	-7,22	-5,52	-4,33	-3,66	-3,32	-3,15	-3,06	-3,09	-3,08	-3,02	-2,96	-2,88	-2,80	-2,81	-2,81	-2,82	-2,83	-2,91	-3,00	-11,00
14/02/2020 03:05:00	-10,55	-9,89	-8,13	-6,23	-4,78	-3,89	-3,25	-2,95	-2,77	-2,68	-2,59	-2,52	-2,46	-2,41	-2,36	-2,40	-2,45	-2,49	-2,53	-2,63	-2,73	-10,86
14/02/2020 03:10:00	-10,98	-10,33	-8,55	-6,73	-5,33	-4,42	-3,82	-3,54	-3,36	-3,22	-3,07	-2,96	-2,84	-2,74	-2,65	-2,67	-2,69	-2,71	-2,73	-2,82	-2,90	-11,04
14/02/2020 03:15:00	-11,01	-10,54	-8,77	-6,93	-5,47	-4,47	-3,76	-3,43	-3,25	-3,13	-3,03	-2,96	-2,89	-2,83	-2,78	-2,82	-2,86	-2,90	-2,94	-3,04	-3,14	-11,03
14/02/2020 03:20:00	-11,20	-10,72	-9,06	-7,30	-5,82	-4,70	-3,82	-3,32	-3,03	-2,90	-2,80	-2,76	-2,71	-2,69	-2,67	-2,73	-2,79	-2,85	-2,91	-3,03	-3,14	-11,19
14/02/2020 03:25:00	-11,31	-10,83	-9,21	-7,49	-6,05	-4,94	-4,06	-3,58	-3,28	-3,12	-2,99	-2,91	-2,84	-2,80	-2,75	-2,80	-2,85	-2,91	-2,97	-3,08	-3,19	-11,33
14/02/2020 03:30:00	-11,23	-10,67	-8,92	-7,13	-5,69	-4,67	-3,94	-3,57	-3,39	-3,34	-3,31	-3,30	-3,29	-3,28	-3,27	-3,33	-3,39	-3,44	-3,50	-3,60	-3,71	-11,16
14/02/2020 03:35:00	-10,98	-9,44	-7,40	-5,54	-4,28	-3,63	-3,33	-3,18	-3,17	-3,37	-3,54	-3,63	-3,72	-3,73	-3,74	-3,76	-3,79	-3,82	-3,84	-3,94	-4,03	-11,15
14/02/2020 03:40:00	-11,42	-10,87	-9,36	-7,87	-6,69	-5,87	-5,25	-4,87	-4,61	-4,45	-4,27	-4,10	-3,92	-3,76	-3,60	-3,56	-3,52	-3,50	-3,48	-3,55	-3,62	-10,98
14/02/2020 03:45:00	-11,63	-10,99	-9,59	-8,03	-6,71	-5,71	-5,00	-4,51	-4,14	-3,87	-3,61	-3,42	-3,24	-3,12	-3,01	-3,03	-3,05	-3,08	-3,12	-3,21	-3,31	-11,23
14/02/2020 03:50:00	-11,30	-10,65	-9,32	-7,85	-6,59	-5,63	-4,84	-4,25	-3,86	-3,67	-3,51	-3,38	-3,25	-3,16	-3,07	-3,08	-3,08	-3,11	-3,14	-3,24	-3,34	-11,21
14/02/2020 03:55:00	-11,13	-10,05	-8,26	-6,43	-5,12	-4,38	-3,85	-3,66	-3,55	-3,45	-3,34	-3,25	-3,16	-3,08	-3,00	-3,03	-3,06	-3,09	-3,12	-3,21	-3,30	-11,15
14/02/2020 04:00:00	-11,23	-10,59	-9,10	-7,48	-6,20	-5,33	-4,61	-4,24	-3,99	-3,81	-3,63	-3,50	-3,36	-3,27	-3,18	-3,20	-3,22	-3,25	-3,28	-3,38	-3,47	-11,15
14/02/2020 04:05:00	-11,57	-10,94	-9,67	-8,28	-7,02	-5,97	-5,17	-4,53	-4,07	-3,81	-3,59	-3,41	-3,23	-3,12	-3,01	-3,01	-3,02	-3,05	-3,09	-3,19	-3,29	-11,35
14/02/2020 04:10:00	-11,68	-10,92	-9,71	-8,44	-7,31	-6,39	-5,65	-5,01	-4,53	-4,20	-3,87	-3,58	-3,28	-3,07	-2,86	-2,81	-2,76	-2,74	-2,73	-2,81	-2,88	-12,24
14/02/2020 04:15:00	-11,16	-9,85	-8,26	-6,72	-5,58	-4,89	-4,39	-4,15	-3,96	-3,75	-3,52	-3,33	-3,14	-3,00	-2,86	-2,86	-2,86	-2,88	-2,91	-3,00	-3,09	-11,58
14/02/2020 04:20:00	-10,72	-8,48	-6,20	-4,33	-3,22	-2,83	-2,84	-3,04	-3,26	-3,53	-3,74	-3,87	-3,99	-4,02	-4,04	-4,09	-4,14	-4,18	-4,22	-4,32	-4,42	-11,26
14/02/2020 04:25:00	-11,15	-9,40	-7,17	-5,29	-4,13	-3,70	-3,71	-4,00	-4,28	-4,54	-4,74	-4,88	-5,01	-5,05	-5,08	-5,14	-5,20	-5,24	-5,29	-5,38	-5,47	-11,30
14/02/2020 04:30:00	-11,68	-10,40	-8,73	-7,13	-5,94	-5,19	-4,64	-4,39	-4,26	-4,20	-4,15	-4,09	-4,03	-3,98	-3,93	-3,96	-3,99	-4,03	-4,07	-4,17	-4,27	-11,73
14/02/2020 04:35:00	-11,66	-10,73	-9,16	-7,55	-6,28	-5,42	-4,77	-4,35	-4,05	-3,87	-3,69	-3,53	-3,38	-3,26	-3,15	-3,15	-3,15	-3,17	-3,18	-3,27	-3,36	-11,66
14/02/2020 04:40:00	-11,54	-10,50	-8,84	-7,19	-5,90	-5,02	-4,38	-3,97	-3,69	-3,49	-3,28	-3,08	-2,89	-2,74	-2,60	-2,58	-2,57	-2,58	-2,58	-2,67	-2,75	-11,62
14/02/2020 04:45:00	-11,33	-9,84	-8,06	-6,49	-5,36	-4,66	-4,24	-4,09	-3,99	-3,89	-3,77	-3,65	-3,53	-3,43	-3,33	-3,34	-3,36	-3,38	-3,41	-3,51	-3,60	-11,66
14/02/2020 04:50:00	-11,30	-9,93	-8,40	-6,95	-5,87	-5,18	-4,63	-4,32	-4,11	-3,95	-3,78	-3,61	-3,45	-3,32	-3,18	-3,17	-3,16	-3,18	-3,19	-3,28	-3,37	-11,77
14/02/2020 04:55:00	-11,53	-10,06	-8,31	-6,77	-5,65	-4,93	-4,38	-4,16	-4,00	-3,85	-3,68	-3,50	-3,32	-3,18	-3,04	-3,03	-3,02	-3,02	-3,03	-3,12	-3,21	-11,86
14/02/2020 05:00:00	-11,42	-9,80	-8,09	-6,52	-5,38	-4,66	-4,09	-3,75	-3,57	-3,55	-3,53	-3,48	-3,43	-3,37	-3,32	-3,34	-3,36	-3,39	-3,43	-3,54	-3,64	-11,71
14/02/2020 05:05:00	-11,45	-9,62	-7,73	-6,14	-5,09	-4,54	-4,30	-4,29	-4,35	-4,44	-4,51	-4,54	-4,58	-4,57	-4,56	-4,60	-4,64	-4,69	-4,73	-4,84	-4,94	-11,68
14/02/2020 05:10:00	-11,79	-10,50	-8,97	-7,60	-6,67	-6,15	-5,67	-5,38	-5,16	-4,97	-4,74	-4,45	-4,16	-3,90	-3,64	-3,53	-3,42	-3,35	-3,28	-3,33	-3,37	-11,51
14/02/2020 05:15:00	-12,10	-10,81	-9,15	-7,68	-6,58	-5,83	-5,26	-5,00	-4,79	-4,57	-4,34	-4,11	-3,88	-3,70	-3,53	-3,49	-3,46	-3,45	-3,44	-3,52	-3,60	-11,55
14/02/2020 05:20:00	-12,05	-10,74	-9,15	-7,62	-6,42	-5,60	-5,01	-4,57	-4,28	-4,12	-3,96	-3,80	-3,64	-3,52	-3,40	-3,39	-3,38	-3,40	-3,41	-3,50	-3,59	-11,43
14/02/2020 05:25:00	-11,52	-9,83	-8,11	-6,68	-5,64	-4,96	-4,56	-4,34	-4,17	-4,01	-3,82	-3,62	-3,43	-3,28	-3,12	-3,10	-3,08	-3,09	-3,09	-3,18	-3,27	-10,80
14/02/2020 05:30:00	-11,32	-9,47	-7,73	-6,38	-5,45	-4,87	-4,53	-4,36	-4,28	-4,30	-4,29	-4,21	-4,14	-4,05	-3,95	-3,93	-3,92	-3,93	-3,94	-4,03	-4,12	-11,06
14/02/2020 05:35:00	-11,78	-10,64	-9,21	-7,81	-6,73	-6,00	-5,44	-5,09	-4,87	-4,77	-4,66	-4,56	-4,45	-4,36	-4,27	-4,27	-4,28	-4,30	-4,32	-4,42	-4,51	-11,20
14/02/2020 05:40:00	-12,41	-11,09	-9,63	-8,04	-6,75	-5,82	-5,05	-4,57	-4,24	-4,02	-3,83	-3,72	-3,60	-3,55	-3,51	-3,57	-3,63	-3,70	-3,78	-3,90	-4,02	-12,48
14/02/2020 05:45:00	-12,14	-10,83	-9,25	-7,70	-6,48	-5,61	-4,97	-4,62	-4,40	-4,27	-4,17	-4,09	-4,02	-3,98	-3,95	-3,99	-4,04	-4,10	-4,17	-4,28	-4,40	-11,94
14/02/2020 05:50:00	-11,98	-10,92	-9,46	-7,97	-6,69	-5,70	-4,93	-4,41	-4,07	-3,89	-3,74	-3,65	-3,55	-3,50	-3,46	-3,51	-3,55	-3,62	-3,69	-3,81	-3,92	-11,60
14/02/2020 05:55:00	-11,53	-10,67	-9,75	-8,76	-7,78	-6,81	-5,91	-5,16	-4,59	-4,21	-3,86	-3,56	-3,26	-3,07	-2,88	-2,84	-2,80	-2,82	-2,83	-2,93	-3,03	-11,56
14/02/2020 06:00:00	-12,29	-11,29	-10,29	-9,34	-8,43	-7,57	-6,74	-6,08	-5,54	-5,10	-4,66	-4,27	-3,88	-3,62	-3,35	-3,27	-3,20	-3,17	-3,15	-3,23	-3,31	-11,77
14/02/2020 06:05:00	-12,97	-10,97	-9,75	-8,88	-8,17	-7,52	-6,78	-6,10	-5,58	-5,21	-4,82	-4,39	-3,96	-3,63	-3,30	-3,15	-3,01	-2,94	-2,87	-2,93	-2,99	-13,93
14/02/2020 06:10:00	-10,77	-9,97	-9,18	-8,43	-7,71	-7,00	-6,34	-5,76	-5,31	-5,00	-4,70	-4,41	-4,11	-3,88	-3,65	-3,58	-3,50	-3,47	-3,45	-3,53	-3,61	-12,65
14/02/2020 06:15:00	-10,66	-10,03	-9,34	-8,59	-7,89	-7,26	-6,69	-6,15	-5,69	-5,30	-4,89	-4,51	-4,13	-3,84	-3,55	-3,45	-3,34	-3,30	-3,25	-3,31	-3,37	-10,20
14/02/2020 06:20:00	-10,76	-10,45	-9,75	-8,92	-8,14	-7,45	-6,63	-6,04	-5,58	-5,20	-4,83	-4,48	-4,13	-3,87	-3,61	-3,51	-3,42	-3,38	-3,35	-3,41	-3,48	-10,09
14/02/2020 06:25:00	-10,89	-10,38	-9,36	-8,22	-7,24	-6,46	-5,81	-5,36	-5,02	-4,76	-4,51	-4,30	-4,08	-3,93	-3,77	-3,75	-3,72	-3,73	-3,74	-3,83	-3,91	-10,13
14/02/2020 06:30:00	-11,23	-10,37	-9,45	-8,45	-7,51	-6,69	-5,98	-5,37	-4,91	-4,61	-4,33	-4,08	-3,83	-3,67	-3,50	-3,47	-3,43	-3,45	-3,46	-3,55	-3,65	-10,63
14/02/2020 06:35:00	-11,21	-10,50	-9,62	-8,68	-7,85	-7,13	-6,41	-5,77	-5,30	-5,02	-4,74	-4,44	-4,13	-3,90	-3,66	-3,56	-3,47	-3,42	-3,38	-3,45	-3,51	-10,75
14/02/2020 06:40:00	-11,26	-10,59	-9,75	-8,85	-7,97	-7,16	-6,45	-5,86	-5,38	-5,01	-4,64	-4,33	-4,01	-3,80	-3,58	-3,52	-3,47	-3,47	-3,46	-3,54	-3,63	-11,00
14/02/2020 06:45:00	-10,74	-9,93	-9,10	-8,22	-7,37	-6,56	-5,86	-5,24	-4,76	-4,43	-4,12	-3,84	-3,56	-3,36	-3,17	-3,12	-3,07	-3,07	-3,08	-3,17	-3,26	-10,86
14/02/2020 06:50:00	-10,74	-9,99	-9,29	-8,67	-8,05	-7,40	-6,73	-6,05	-5,50	-5,15	-4,78	-4,38	-3,97	-3,65	-3,33	-3,18	-3,03	-2,95	-2,87	-2,92	-2,97	-10,49
14/02/2020 06:55:00	-10,68	-9,95	-9,12	-8,35	-7,67	-7,09	-6,54	-6,08	-5,71	-5,41	-5,08	-4,75	-4,42	-4,16	-3,90	-3,80	-3,70	-3,65	-3,61	-3,67	-3,73	-10,56
14/02/2020 07:00:00	-10,75	-10,02	-9,27	-8,54	-7,85	-7,18	-6,50	-5,94	-5,47	-5,07	-4,67	-4,28	-3,89	-3,60	-3,31	-3,21	-3,11	-3,07	-3,03	-3,10	-3,16	-10,66
14/02/2020 07:05:00	-10,66	-9,59	-8,82	-8,26	-7,76	-7,23	-6,64	-6,10	-5,67	-5,36	-5,01	-4,63	-4,24	-3,93	-3,61	-3,47	-3,33	-3,26	-3,19	-3,24	-3,30	-10,66
14/02/2020 07:10:00	-10,32	-9,42	-8,81	-8,25	-7,73	-7,25	-6,65	-6,06	-5,54	-5,10	-4,64	-4,15	-3,66	-3,28	-2,91	-2,74	-2,58	-2,49	-2,40	-2,45	-2,49	-10,17
14/02/2020 07:15:00	-10,16	-9,19	-8,39	-7,73	-7,17	-6,67	-6,14	-5,70	-5,36	-5,09	-4,82	-4,51	-4,20	-3,95	-3,71	-3,61	-3,51	-3,47	-3,43	-3,50	-3,57	-9,65
14/02/2020 07:20:00	-10,27	-9,39	-8,78	-8,38	-8,02	-7,61	-7,10	-6,57	-6,10	-5,72	-5,29	-4,80	-4,30	-3,89	-3,48	-3,28	-3,07	-2,95	-2,83	-2,86	-2,89	-10,04
14/02/2020 07:25:00	-10,52	-9,61	-9,03	-8,63	-8,27	-7,86	-7,36	-6,89	-6,46	-6,03	-5,56	-5,06	-4,55	-4,15	-3,75	-3,57	-3,39	-3,28	-3,18	-3,22	-3,25	-9,90
14/02/2020 07:30:00	-10,76	-9,78	-9,13	-8,64	-8,18	-7,70	-7,14	-6,64	-6,22	-5,89	-5,54	-5,16	-4,78	-4,47	-4,16	-4,02	-3,88	-3,81	-3,75	-3,80	-3,86	-10,51
14/02/2020 07:35:00	-10,75	-9,86	-9,30	-8,86	-8,37	-7,77	-7,18	-6,62	-6,16	-5,77	-5,39	-5,01	-4,63	-4,35	-4,06	-3,95	-3,84	-3,81	-3,77	-3,84	-3,91	-10,96
14/02/2020 07:40:00	-10,73	-9,97	-9,23	-8,74	-8,37	-8,03	-7,61	-7,14	-6,71	-6,34	-5,89	-5,36	-4,83	-4,36	-3,90	-3,65	-3,40	-3,24	-3,07	-3,07	-3,08	-10,79
14/02/2020 07:45:00	-10,59	-9,84	-9,29	-8,75	-8,22	-7,68	-6,99	-6,44	-5,99	-5,60	-5,21	-4,82	-4,44	-4,15	-3,86	-3,74	-3,63	-3,59	-3,54	-3,61	-3,68	-10,80
14/02/2020 07:50:00	-10,50	-10,04	-9,56	-9,13	-8,68	-8,16	-7,60	-7,01	-6,52	-6,16	-5,77	-5,34	-4,91	-4,55	-4,20	-4,02	-3,85	-3,75	-3,65	-3,69	-3,72	-10,48
14/02/2020 07:55:00	-10,26	-9,93	-9,43	-9,01	-8,63	-8,22	-7,68	-7,10	-6,63	-6,37	-6,06	-5,66	-5,26	-4,89	-4,52	-4,30	-4,09	-3,96	-3,82	-3,84	-3,85	-10,45
14/02/2020 08:00:00	-10,20	-9,65	-9,36	-9,15	-8,93	-8,60	-8,09	-7,60	-7,15	-6,72	-6,25	-5,74	-5,22	-4,80	-4,38	-4,17	-3,96	-3,84	-3,72	-3,75	-3,77	-9,97
14/02/2020 08:05:00	-10,12	-9,47	-9,02	-8,62	-8,21	-7,77	-7,20	-6,71	-6,31	-5,98	-5,64	-5,28	-4,92	-4,64	-4,35	-4,23	-4,11	-4,06	-4,01	-4,07	-4,13	-9,80
14/02/2020 08:10:00	-10,23	-9,43	-8,81	-8,30	-7,81	-7,29	-6,78	-6,30	-5,91	-5,60	-5,29	-4,96	-4,63	-4,36	-4,09	-3,98	-3,87	-3,83	-3,79	-3,85	-3,91	-9,90
14/02/2020 08:15:00	-10,19	-9,39	-8,54	-7,80	-7,23	-6,83	-6,47	-6,14	-5,86	-5,65	-5,40	-5,11	-4,82	-4,56	-4,30	-4,18	-4,07	-4,01	-3,94	-3,99	-4,04	-9,79
14/02/2020 08:20:00	-10,30	-9,37	-8,82	-8,42	-8,06	-7,67	-7,12	-6,58	-6,12	-5,76	-5,36	-4,90	-4,44	-4,07	-3,70	-3,51	-3,33	-3,23	-3,13	-3,17	-3,21	-9,58
14/02/2020 08:25:00	-10,21	-9,48	-8,88	-8,30	-7,76	-7,23	-6,62	-6,08	-5,66	-5,35	-5,03	-4,70	-4,36	-4,09	-3,82	-3,71	-3,60	-3,55	-3,50	-3,57	-3,63	-9,86
14/02/2020 08:30:00	-10,19	-9,70	-9,16	-8,68	-8,18	-7,60	-7,03	-6,50	-6,06	-5,74	-5,40	-5,04	-4,68	-4,38	-4,09	-3,95	-3,82	-3,76	-3,69	-3,75	-3,80	-9,68
14/02/2020 08:35:00	-10,29	-9,61	-9,16	-8,76	-8,29	-7,71	-7,02	-6,38	-5,86	-5,43	-4,99	-4,56	-4,12	-3,80	-3,47	-3,34	-3,21	-3,15	-3,09	-3,16	-3,22	-9,64
14/02/2020 08:40:00	-10,31	-9,73	-9,22	-8,77	-8,31	-7,78	-7,22	-6,63	-6,15	-5,85	-5,54	-5,18	-4,82	-4,51	-4,21	-4,06	-3,91	-3,84	-3,76	-3,81	-3,86	-9,68
14/02/2020 08:45:00	-10,29	-9,75	-9,17	-8,68	-8,21	-7,69	-7,17	-6,69	-6,31	-6,04	-5,76	-5,43	-5,11	-4,83	-4,56	-4,42	-4,29	-4,23	-4,16	-4,21	-4,27	-9,58
14/02/2020 08:50:00	-10,29	-9,69	-9,11	-8,54	-7,99	-7,43	-6,82	-6,33	-5,96	-5,70	-5,44	-5,17	-4,90	-4,68	-4,46	-4,37	-4,28	-4,26	-4,23	-4,30	-4,37	-9,71
14/02/2020 08:55:00	-10,25	-9,67	-9,34	-8,97	-8,55	-8,08	-7,58	-7,09	-6,69	-6,38	-6,07	-5,76	-5,46	-5,22	-4,98	-4,89	-4,79	-4,77	-4,74	-4,81	-4,88	-9,68
14/02/2020 09:00:00	-10,37	-10,08	-9,71	-9,32	-8,95	-8,56	-7,94	-7,43	-7,03	-6,72	-6,38	-6,01	-5,63	-5,31	-4,99	-4,83	-4,67	-4,58	-4,50	-4,54	-4,57	-9,76
14/02/2020 09:05:00	-10,50	-10,20	-9,82	-9,44	-9,02	-8,56	-8,10	-7,61	-7,19	-6,87	-6,52	-6,15	-5,78	-5,47	-5,16	-5,01	-4,86	-4,78	-4,71	-4,74	-4,78	-9,83
14/02/2020 09:10:00	-10,25	-10,06	-9,62	-9,23	-8,79	-8,29	-7,78	-7,38	-7,03	-6,70	-6,35	-6,00	-5,65	-5,36	-5,07	-4,95	-4,82	-4,77	-4,71	-4,76	-4,81	-9,80
14/02/2020 09:15:00	-10,18	-10,12	-9,82	-9,40	-8,90	-8,33	-7,74	-7,21	-6,81	-6,52	-6,24	-5,96	-5,68	-5,45	-5,22	-5,12	-5,03	-4,99	-4,95	-5,01	-5,08	-9,90
14/02/2020 09:20:00	-10,13	-10,04	-9,86	-9,59	-9,21	-8,70	-8,04	-7,42	-6,90	-6,50	-6,10	-5,68	-5,26	-4,92	-4,58	-4,42	-4,26	-4,18	-4,10	-4,14	-4,18	-9,78
14/02/2020 09:25:00	-10,20	-10,05	-9,76	-9,35	-8,83	-8,24	-7,59	-7,00	-6,55	-6,26	-6,00	-5,73	-5,46	-5,24	-5,02	-4,93	-4,84	-4,81	-4,78	-4,85	-4,91	-9,73
14/02/2020 09:30:00	-10,03	-10,06	-9,78	-9,32	-8,74	-8,09	-7,49	-6,98	-6,62	-6,40	-6,22	-6,06	-5,89	-5,77	-5,64	-5,61	-5,57	-5,59	-5,61	-5,69	-5,78	-9,61
14/02/2020 09:35:00	-10,03	-9,80	-9,65	-9,47	-9,23	-8,92	-8,49	-7,99	-7,56	-7,21	-6,83	-6,40	-5,96	-5,59	-5,22	-5,03	-4,84	-4,72	-4,61	-4,63	-4,66	-9,44
14/02/2020 09:40:00	-9,87	-9,71	-9,47	-9,10	-8,63	-8,06	-7,50	-6,92	-6,47	-6,17	-5,89	-5,60	-5,31	-5,08	-4,85	-4,75	-4,65	-4,61	-4,58	-4,65	-4,71	-9,41
14/02/2020 09:45:00	-9,84	-9,57	-9,18	-8,75	-8,37	-8,02	-7,51	-7,07	-6,74	-6,57	-6,39	-6,13	-5,87	-5,63	-5,38	-5,24	-5,11	-5,04	-4,97	-5,01	-5,05	-9,22
14/02/2020 09:50:00	-10,15	-10,19	-9,84	-9,44	-9,09	-8,79	-8,43	-8,10	-7,80	-7,51	-7,19	-6,83	-6,46	-6,12	-5,78	-5,61	-5,44	-5,33	-5,21	-5,23	-5,25	-9,58
14/02/2020 09:55:00	-10,23	-10,40	-10,35	-10,12	-9,73	-9,22	-8,50	-7,84	-7,30	-6,87	-6,43	-5,99	-5,55	-5,19	-4,84	-4,67	-4,50	-4,41	-4,32	-4,36	-4,40	-9,66
14/02/2020 10:00:00	-10,36	-10,74	-10,84	-10,65	-10,19	-9,54	-8,76	-7,94	-7,26	-6,78	-6,32	-5,87	-5,41	-5,07	-4,73	-4,57	-4,41	-4,33	-4,25	-4,29	-4,33	-9,95
14/02/2020 10:05:00	-10,38	-10,65	-10,44	-10,06	-9,55	-8,95	-8,36	-7,81	-7,36	-7,05	-6,76	-6,46	-6,16	-5,91	-5,66	-5,54	-5,43	-5,37	-5,32	-5,37	-5,42	-10,00
14/02/2020 10:10:00	-10,33	-10,55	-10,50	-10,00	-9,27	-8,44	-7,51	-6,74	-6,16	-5,76	-5,44	-5,20	-4,96	-4,82	-4,68	-4,67	-4,66	-4,70	-4,74	-4,85	-4,95	-9,87
14/02/2020 10:15:00	-10,23	-10,37	-10,19	-9,85	-9,36	-8,76	-8,20	-7,63	-7,17	-6,83	-6,51	-6,19	-5,86	-5,59	-5,33	-5,21	-5,10	-5,04	-4,99	-5,04	-5,09	-9,73
14/02/2020 10:20:00	-10,19	-10,47	-10,31	-9,98	-9,54	-9,01	-8,44	-7,93	-7,48	-7,05	-6,61	-6,18	-5,75	-5,41	-5,07	-4,92	-4,77	-4,69	-4,61	-4,64	-4,68	-9,91
14/02/2020 10:25:00	-9,95	-10,37	-10,22	-9,71	-9,08	-8,41	-7,64	-7,02	-6,55	-6,23	-5,95	-5,70	-5,44	-5,25	-5,06	-4,99	-4,93	-4,91	-4,90	-4,97	-5,04	-9,91
14/02/2020 10:30:00	-9,89	-10,16	-10,09	-9,92	-9,53	-8,91	-8,28	-7,63	-7,10	-6,69	-6,29	-5,89	-5,48	-5,16	-4,83	-4,68	-4,53	-4,45	-4,38	-4,42	-4,46	-9,88
14/02/2020 10:35:00	-9,89	-10,27	-10,29	-10,07	-9,64	-9,02	-8,33	-7,69	-7,20	-6,84	-6,51	-6,19	-5,88	-5,63	-5,39	-5,28	-5,17	-5,14	-5,10	-5,16	-5,22	-9,87
14/02/2020 10:40:00	-9,86	-10,34	-10,42	-10,28	-9,90	-9,29	-8,69	-8,04	-7,50	-7,11	-6,73	-6,36	-5,99	-5,69	-5,39	-5,25	-5,11	-5,04	-4,97	-5,01	-5,06	-9,84
14/02/2020 10:45:00	-9,86	-10,19	-10,24	-10,05	-9,68	-9,17	-8,49	-7,87	-7,38	-7,04	-6,71	-6,38	-6,04	-5,76	-5,49	-5,36	-5,23	-5,17	-5,11	-5,16	-5,21	-9,83
14/02/2020 10:50:00	-9,93	-10,37	-10,23	-9,83	-9,24	-8,53	-7,90	-7,35	-6,94	-6,70	-6,51	-6,34	-6,17	-6,04	-5,91	-5,86	-5,82	-5,83	-5,84	-5,92	-6,00	-9,98
14/02/2020 10:55:00	-10,06	-10,42	-10,30	-10,00	-9,51	-8,87	-8,26	-7,73	-7,31	-7,00	-6,71	-6,44	-6,18	-5,96	-5,75	-5,67	-5,58	-5,56	-5,54	-5,60	-5,67	-10,09
14/02/2020 11:00:00	-10,09	-10,38	-10,09	-9,67	-9,18	-8,62	-8,08	-7,62	-7,28	-7,06	-6,86	-6,63	-6,40	-6,19	-5,99	-5,89	-5,79	-5,74	-5,70	-5,75	-5,81	-10,15
14/02/2020 11:05:00	-10,26	-10,49	-10,38	-10,02	-9,54	-9,01	-8,39	-7,83	-7,37	-7,03	-6,71	-6,38	-6,05	-5,78	-5,51	-5,39	-5,27	-5,21	-5,16	-5,21	-5,25	-10,34
14/02/2020 11:10:00	-10,35	-10,54	-10,38	-9,96	-9,48	-9,02	-8,45	-8,02	-7,64	-7,27	-6,90	-6,56	-6,22	-5,95	-5,68	-5,57	-5,46	-5,42	-5,37	-5,42	-5,47	-10,40
14/02/2020 11:15:00	-10,28	-10,41	-10,18	-9,78	-9,33	-8,85	-8,33	-7,91	-7,58	-7,31	-7,06	-6,80	-6,54	-6,32	-6,09	-6,00	-5,90	-5,86	-5,82	-5,88	-5,93	-10,26
14/02/2020 11:20:00	-10,25	-10,35	-10,14	-9,73	-9,23	-8,70	-8,11	-7,60	-7,21	-6,96	-6,72	-6,48	-6,24	-6,03	-5,82	-5,73	-5,64	-5,61	-5,57	-5,63	-5,69	-10,20
14/02/2020 11:25:00	-10,03	-9,70	-9,31	-8,86	-8,51	-8,28	-8,07	-7,85	-7,64	-7,48	-7,29	-7,05	-6,81	-6,57	-6,33	-6,21	-6,09	-6,03	-5,96	-6,00	-6,04	-10,08
14/02/2020 11:30:00	-9,81	-9,89	-9,65	-9,20	-8,69	-8,14	-7,54	-7,14	-6,88	-6,69	-6,55	-6,41	-6,28	-6,17	-6,06	-6,03	-6,00	-6,03	-6,05	-6,14	-6,22	-9,41
14/02/2020 11:35:00	-9,80	-9,81	-9,40	-8,94	-8,57	-8,29	-8,00	-7,69	-7,44	-7,33	-7,18	-6,95	-6,71	-6,46	-6,20	-6,05	-5,90	-5,81	-5,72	-5,75	-5,77	-9,34
14/02/2020 11:40:00	-9,50	-9,58	-9,45	-9,28	-9,04	-8,69	-8,21	-7,80	-7,48	-7,27	-7,04	-6,76	-6,48	-6,22	-5,96	-5,82	-5,68	-5,61	-5,55	-5,59	-5,63	-8,98
14/02/2020 11:45:00	-9,42	-9,54	-9,35	-9,09	-8,81	-8,49	-8,10	-7,75	-7,46	-7,24	-7,00	-6,70	-6,41	-6,13	-5,86	-5,71	-5,57	-5,49	-5,42	-5,45	-5,49	-8,98
14/02/2020 11:50:00	-9,30	-9,62	-9,47	-9,29	-9,04	-8,64	-8,16	-7,74	-7,43	-7,23	-7,02	-6,74	-6,46	-6,19	-5,92	-5,76	-5,60	-5,52	-5,43	-5,47	-5,50	-8,77
14/02/2020 11:55:00	-9,17	-9,35	-9,17	-8,78	-8,29	-7,78	-7,31	-6,91	-6,65	-6,56	-6,51	-6,45	-6,39	-6,33	-6,26	-6,25	-6,24	-6,27	-6,30	-6,39	-6,48	-8,99
14/02/2020 12:00:00	-9,06	-9,06	-9,05	-8,87	-8,54	-8,12	-7,82	-7,46	-7,17	-6,97	-6,80	-6,62	-6,44	-6,29	-6,14	-6,09	-6,04	-6,04	-6,05	-6,12	-6,20	-8,71
14/02/2020 12:05:00	-8,87	-8,62	-8,57	-8,56	-8,53	-8,40	-8,16	-7,91	-7,69	-7,48	-7,25	-6,94	-6,64	-6,35	-6,06	-5,90	-5,74	-5,67	-5,59	-5,62	-5,66	-8,31
14/02/2020 12:10:00	-8,42	-8,41	-8,32	-8,23	-8,14	-8,02	-7,83	-7,58	-7,37	-7,22	-7,03	-6,76	-6,49	-6,22	-5,94	-5,79	-5,63	-5,54	-5,46	-5,49	-5,52	-8,43
14/02/2020 12:15:00	-8,42	-8,56	-8,38	-8,19	-8,07	-7,98	-7,82	-7,65	-7,49	-7,36	-7,19	-6,93	-6,66	-6,38	-6,09	-5,93	-5,77	-5,67	-5,57	-5,59	-5,61	-8,40
14/02/2020 12:20:00	-8,21	-8,32	-8,13	-7,94	-7,80	-7,70	-7,58	-7,55	-7,52	-7,39	-7,22	-7,01	-6,79	-6,57	-6,35	-6,24	-6,14	-6,09	-6,03	-6,08	-6,13	-8,14
14/02/2020 12:25:00	-8,05	-8,17	-8,09	-8,01	-7,96	-7,94	-7,79	-7,68	-7,57	-7,43	-7,25	-6,99	-6,73	-6,45	-6,18	-6,03	-5,88	-5,79	-5,71	-5,74	-5,77	-7,72
14/02/2020 12:30:00	-7,89	-7,89	-7,89	-7,96	-8,02	-8,02	-7,95	-7,85	-7,73	-7,57	-7,37	-7,08	-6,79	-6,50	-6,21	-6,05	-5,89	-5,81	-5,72	-5,75	-5,78	-7,62
14/02/2020 12:35:00	-7,83	-8,19	-8,21	-8,15	-8,03	-7,83	-7,61	-7,40	-7,21	-7,05	-6,88	-6,66	-6,44	-6,21	-5,98	-5,87	-5,75	-5,70	-5,65	-5,70	-5,74	-7,46
14/02/2020 12:40:00	-7,69	-7,98	-8,03	-7,99	-7,87	-7,66	-7,49	-7,28	-7,11	-7,03	-6,95	-6,81	-6,67	-6,50	-6,34	-6,25	-6,16	-6,14	-6,11	-6,17	-6,23	-7,37
14/02/2020 12:45:00	-7,57	-7,98	-8,12	-8,23	-8,26	-8,16	-7,99	-7,79	-7,61	-7,49	-7,34	-7,10	-6,86	-6,60	-6,35	-6,20	-6,05	-5,97	-5,89	-5,93	-5,96	-7,23
14/02/2020 12:50:00	-7,50	-7,95	-8,29	-8,56	-8,65	-8,57	-8,49	-8,24	-7,95	-7,71	-7,45	-7,11	-6,78	-6,46	-6,14	-5,96	-5,78	-5,68	-5,58	-5,61	-5,63	-7,09
14/02/2020 12:55:00	-7,50	-7,99	-8,37	-8,69	-8,82	-8,76	-8,52	-8,19	-7,89	-7,65	-7,40	-7,07	-6,74	-6,42	-6,11	-5,92	-5,74	-5,64	-5,54	-5,57	-5,59	-7,03
14/02/2020 13:00:00	-7,43	-7,90	-8,17	-8,45	-8,63	-8,65	-8,56	-8,35	-8,11	-7,89	-7,62	-7,24	-6,86	-6,48	-6,11	-5,89	-5,66	-5,52	-5,39	-5,39	-5,40	-6,86
14/02/2020 13:05:00	-7,33	-7,88	-8,19	-8,44	-8,57	-8,54	-8,39	-8,18	-7,97	-7,75	-7,51	-7,19	-6,86	-6,54	-6,22	-6,04	-5,86	-5,76	-5,65	-5,67	-5,69	-6,71
14/02/2020 13:10:00	-7,34	-7,83	-8,27	-8,67	-8,87	-8,84	-8,61	-8,33	-8,08	-7,91	-7,73	-7,46	-7,19	-6,92	-6,64	-6,48	-6,31	-6,23	-6,15	-6,18	-6,22	-6,75
14/02/2020 13:15:00	-7,00	-7,51	-7,87	-8,16	-8,33	-8,37	-8,18	-8,01	-7,87	-7,67	-7,45	-7,16	-6,88	-6,59	-6,31	-6,15	-6,00	-5,92	-5,84	-5,88	-5,91	-6,71
14/02/2020 13:20:00	-7,06	-7,47	-7,83	-8,11	-8,26	-8,29	-8,15	-7,92	-7,71	-7,58	-7,43	-7,18	-6,94	-6,67	-6,41	-6,25	-6,10	-6,01	-5,93	-5,97	-6,00	-6,86
14/02/2020 13:25:00	-6,98	-7,39	-7,75	-7,97	-8,06	-8,09	-7,97	-7,78	-7,57	-7,31	-7,01	-6,67	-6,33	-6,01	-5,69	-5,53	-5,37	-5,28	-5,20	-5,23	-5,26	-6,65
14/02/2020 13:30:00	-6,92	-7,37	-7,61	-7,78	-7,82	-7,70	-7,52	-7,29	-7,09	-6,97	-6,84	-6,64	-6,44	-6,23	-6,01	-5,89	-5,77	-5,72	-5,67	-5,72	-5,77	-6,71
14/02/2020 13:35:00	-6,87	-7,20	-7,41	-7,61	-7,70	-7,61	-7,34	-7,08	-6,89	-6,76	-6,62	-6,40	-6,18	-5,95	-5,72	-5,59	-5,46	-5,40	-5,35	-5,40	-5,45	-6,47
14/02/2020 13:40:00	-6,75	-7,12	-7,23	-7,34	-7,40	-7,35	-7,25	-7,11	-6,99	-6,91	-6,80	-6,61	-6,41	-6,19	-5,96	-5,83	-5,70	-5,64	-5,58	-5,62	-5,67	-6,39
14/02/2020 13:45:00	-6,58	-7,15	-7,26	-7,18	-7,07	-7,02	-6,88	-6,76	-6,66	-6,60	-6,53	-6,40	-6,27	-6,11	-5,94	-5,85	-5,77	-5,73	-5,70	-5,75	-5,80	-6,28
14/02/2020 13:50:00	-6,58	-6,92	-7,03	-7,14	-7,15	-7,02	-6,92	-6,84	-6,80	-6,77	-6,75	-6,67	-6,58	-6,46	-6,34	-6,28	-6,22	-6,22	-6,22	-6,29	-6,36	-6,29
14/02/2020 13:55:00	-6,35	-6,92	-7,13	-7,25	-7,31	-7,38	-7,33	-7,22	-7,08	-6,96	-6,80	-6,56	-6,31	-6,05	-5,78	-5,62	-5,47	-5,38	-5,30	-5,32	-5,35	-6,09
14/02/2020 14:00:00	-6,28	-6,84	-7,04	-7,18	-7,29	-7,38	-7,37	-7,33	-7,26	-7,17	-7,04	-6,81	-6,59	-6,33	-6,07	-5,92	-5,77	-5,69	-5,60	-5,63	-5,66	-6,04
14/02/2020 14:05:00	-6,26	-6,69	-7,01	-7,28	-7,42	-7,45	-7,44	-7,32	-7,18	-7,06	-6,92	-6,70	-6,48	-6,24	-6,01	-5,87	-5,74	-5,68	-5,61	-5,66	-5,70	-5,80
14/02/2020 14:10:00	-6,18	-6,57	-6,94	-7,28	-7,51	-7,66	-7,60	-7,42	-7,23	-7,11	-6,96	-6,70	-6,43	-6,15	-5,86	-5,68	-5,50	-5,40	-5,30	-5,33	-5,36	-5,78
14/02/2020 14:15:00	-6,03	-6,53	-6,85	-7,14	-7,36	-7,51	-7,41	-7,23	-7,06	-6,99	-6,89	-6,66	-6,43	-6,15	-5,87	-5,69	-5,51	-5,41	-5,30	-5,33	-5,35	-5,68
14/02/2020 14:20:00	-5,71	-6,18	-6,47	-6,72	-6,89	-6,97	-6,98	-6,86	-6,71	-6,71	-6,68	-6,52	-6,36	-6,14	-5,92	-5,78	-5,63	-5,55	-5,48	-5,52	-5,55	-5,61
14/02/2020 14:25:00	-5,70	-6,14	-6,33	-6,63	-6,91	-7,09	-7,16	-7,16	-7,11	-7,05	-6,94	-6,70	-6,46	-6,16	-5,87	-5,69	-5,51	-5,40	-5,29	-5,31	-5,33	-5,56
14/02/2020 14:30:00	-5,62	-6,04	-6,30	-6,54	-6,74	-6,87	-6,95	-6,95	-6,92	-6,87	-6,79	-6,61	-6,43	-6,21	-5,98	-5,85	-5,72	-5,66	-5,60	-5,64	-5,68	-5,56
14/02/2020 14:35:00	-5,64	-5,97	-6,35	-6,75	-7,02	-7,14	-7,16	-7,04	-6,88	-6,83	-6,75	-6,56	-6,37	-6,14	-5,90	-5,76	-5,61	-5,54	-5,48	-5,52	-5,56	-5,43
14/02/2020 14:40:00	-5,51	-5,95	-6,35	-6,69	-6,91	-7,01	-6,96	-6,86	-6,77	-6,72	-6,65	-6,49	-6,34	-6,14	-5,95	-5,84	-5,73	-5,69	-5,65	-5,70	-5,76	-5,57
14/02/2020 14:45:00	-5,49	-5,96	-6,18	-6,40	-6,62	-6,81	-6,88	-6,97	-7,04	-7,00	-6,93	-6,77	-6,60	-6,39	-6,17	-6,05	-5,93	-5,87	-5,82	-5,86	-5,90	-5,42
14/02/2020 14:50:00	-5,50	-5,90	-6,31	-6,70	-6,96	-7,06	-6,97	-6,81	-6,68	-6,70	-6,71	-6,59	-6,48	-6,32	-6,15	-6,03	-5,91	-5,87	-5,83	-5,89	-5,95	-5,46
14/02/2020 14:55:00	-5,41	-5,86	-6,24	-6,56	-6,77	-6,87	-6,86	-6,80	-6,73	-6,70	-6,65	-6,52	-6,38	-6,20	-6,03	-5,92	-5,82	-5,78	-5,75	-5,81	-5,86	-5,54
14/02/2020 15:00:00	-5,55	-5,84	-6,30	-6,73	-7,06	-7,29	-7,36	-7,30	-7,20	-7,17	-7,12	-6,95	-6,78	-6,56	-6,34	-6,20	-6,06	-6,00	-5,94	-5,98	-6,02	-5,56
14/02/2020 15:05:00	-5,47	-5,89	-6,24	-6,61	-6,96	-7,26	-7,37	-7,43	-7,45	-7,39	-7,27	-7,04	-6,80	-6,53	-6,25	-6,09	-5,92	-5,83	-5,74	-5,76	-5,79	-5,54
14/02/2020 15:10:00	-5,43	-5,96	-6,39	-6,76	-7,03	-7,20	-7,16	-7,12	-7,11	-7,04	-6,96	-6,79	-6,62	-6,42	-6,22	-6,10	-5,99	-5,95	-5,90	-5,96	-6,01	-5,49
14/02/2020 15:15:00	-5,43	-5,80	-6,25	-6,63	-6,86	-7,00	-7,00	-6,90	-6,78	-6,75	-6,72	-6,58	-6,45	-6,27	-6,10	-5,99	-5,88	-5,84	-5,81	-5,87	-5,92	-5,43
14/02/2020 15:20:00	-5,39	-5,82	-6,32	-6,77	-7,05	-7,20	-7,14	-7,00	-6,87	-6,82	-6,77	-6,61	-6,45	-6,26	-6,06	-5,94	-5,82	-5,78	-5,74	-5,79	-5,84	-5,46
14/02/2020 15:25:00	-5,38	-5,77	-6,28	-6,77	-7,11	-7,30	-7,37	-7,34	-7,30	-7,17	-7,01	-6,79	-6,56	-6,32	-6,08	-5,95	-5,83	-5,77	-5,72	-5,77	-5,82	-5,35
14/02/2020 15:30:00	-5,40	-5,78	-6,23	-6,66	-6,93	-6,98	-6,99	-6,91	-6,82	-6,81	-6,80	-6,70	-6,60	-6,46	-6,31	-6,23	-6,14	-6,13	-6,11	-6,18	-6,25	-5,42
14/02/2020 15:35:00	-5,48	-5,94	-6,39	-6,76	-7,00	-7,13	-7,12	-7,08	-7,06	-6,98	-6,90	-6,75	-6,60	-6,42	-6,24	-6,15	-6,06	-6,04	-6,01	-6,07	-6,14	-5,44
14/02/2020 15:40:00	-5,46	-5,91	-6,23	-6,57	-6,86	-7,05	-7,23	-7,30	-7,30	-7,32	-7,31	-7,19	-7,06	-6,87	-6,67	-6,55	-6,42	-6,36	-6,30	-6,34	-6,38	-5,43
14/02/2020 15:45:00	-5,40	-5,78	-6,19	-6,62	-6,93	-7,09	-7,25	-7,31	-7,32	-7,30	-7,26	-7,13	-7,01	-6,83	-6,65	-6,55	-6,45	-6,41	-6,38	-6,43	-6,49	-5,34
14/02/2020 15:50:00	-5,33	-5,84	-6,27	-6,64	-6,91	-7,10	-7,14	-7,14	-7,15	-7,16	-7,15	-7,04	-6,94	-6,77	-6,61	-6,51	-6,41	-6,38	-6,35	-6,40	-6,46	-5,27
14/02/2020 15:55:00	-5,31	-5,66	-6,00	-6,32	-6,61	-6,93	-7,04	-7,11	-7,19	-7,36	-7,51	-7,52	-7,54	-7,44	-7,34	-7,25	-7,16	-7,13	-7,11	-7,16	-7,22	-5,32
14/02/2020 16:00:00	-5,29	-5,57	-5,96	-6,40	-6,82	-7,22	-7,43	-7,54	-7,58	-7,63	-7,62	-7,47	-7,31	-7,08	-6,85	-6,69	-6,54	-6,45	-6,37	-6,40	-6,43	-5,23
14/02/2020 16:05:00	-5,25	-5,56	-5,93	-6,35	-6,77	-7,16	-7,41	-7,54	-7,61	-7,66	-7,65	-7,50	-7,35	-7,12	-6,89	-6,74	-6,58	-6,50	-6,42	-6,45	-6,47	-5,25
14/02/2020 16:10:00	-5,38	-5,55	-6,01	-6,50	-6,89	-7,25	-7,52	-7,63	-7,64	-7,63	-7,58	-7,42	-7,25	-7,03	-6,81	-6,68	-6,55	-6,49	-6,43	-6,47	-6,51	-5,37
14/02/2020 16:15:00	-5,37	-5,75	-6,17	-6,60	-6,95	-7,22	-7,46	-7,53	-7,50	-7,51	-7,48	-7,33	-7,18	-6,96	-6,74	-6,59	-6,45	-6,38	-6,30	-6,34	-6,37	-5,44
14/02/2020 16:20:00	-5,50	-5,69	-6,14	-6,66	-7,08	-7,40	-7,52	-7,57	-7,60	-7,53	-7,43	-7,23	-7,03	-6,79	-6,56	-6,42	-6,28	-6,22	-6,16	-6,20	-6,25	-5,42
14/02/2020 16:25:00	-5,43	-5,76	-6,07	-6,40	-6,78	-7,22	-7,54	-7,75	-7,84	-7,84	-7,77	-7,57	-7,37	-7,10	-6,83	-6,66	-6,49	-6,39	-6,29	-6,30	-6,32	-5,41
14/02/2020 16:30:00	-5,34	-5,71	-6,06	-6,47	-6,89	-7,25	-7,49	-7,62	-7,68	-7,74	-7,74	-7,60	-7,46	-7,23	-7,01	-6,85	-6,69	-6,61	-6,52	-6,55	-6,58	-5,44
14/02/2020 16:35:00	-5,43	-5,74	-6,07	-6,52	-6,95	-7,24	-7,56	-7,73	-7,78	-7,79	-7,73	-7,55	-7,36	-7,11	-6,86	-6,69	-6,53	-6,45	-6,36	-6,39	-6,41	-5,39
14/02/2020 16:40:00	-5,36	-5,58	-5,94	-6,37	-6,81	-7,22	-7,57	-7,76	-7,83	-7,86	-7,83	-7,65	-7,47	-7,22	-6,96	-6,80	-6,63	-6,53	-6,44	-6,46	-6,48	-5,42
14/02/2020 16:45:00	-5,41	-5,69	-6,10	-6,60	-7,05	-7,42	-7,60	-7,70	-7,75	-7,74	-7,68	-7,49	-7,30	-7,05	-6,80	-6,64	-6,48	-6,40	-6,32	-6,35	-6,38	-5,42
14/02/2020 16:50:00	-5,47	-5,63	-6,04	-6,55	-7,02	-7,39	-7,65	-7,78	-7,84	-7,82	-7,75	-7,55	-7,35	-7,09	-6,84	-6,68	-6,52	-6,43	-6,35	-6,38	-6,41	-5,47
14/02/2020 16:55:00	-5,45	-5,70	-6,07	-6,49	-6,88	-7,23	-7,40	-7,53	-7,63	-7,66	-7,65	-7,53	-7,40	-7,21	-7,02	-6,89	-6,77	-6,71	-6,66	-6,70	-6,75	-5,48
14/02/2020 17:00:00	-5,59	-5,75	-6,13	-6,60	-6,99	-7,25	-7,52	-7,65	-7,69	-7,67	-7,61	-7,45	-7,29	-7,08	-6,87	-6,74	-6,62	-6,56	-6,51	-6,55	-6,60	-5,56
14/02/2020 17:05:00	-5,45	-5,72	-6,02	-6,42	-6,81	-7,15	-7,46	-7,60	-7,64	-7,68	-7,66	-7,50	-7,33	-7,09	-6,85	-6,68	-6,52	-6,43	-6,34	-6,36	-6,39	-5,53
14/02/2020 17:10:00	-5,59	-5,80	-6,07	-6,44	-6,82	-7,18	-7,45	-7,64	-7,75	-7,72	-7,63	-7,43	-7,23	-6,97	-6,71	-6,56	-6,41	-6,33	-6,24	-6,27	-6,30	-5,51
14/02/2020 17:15:00	-5,49	-5,77	-6,13	-6,51	-6,84	-7,11	-7,33	-7,45	-7,50	-7,51	-7,48	-7,35	-7,22	-7,02	-6,83	-6,71	-6,59	-6,54	-6,49	-6,53	-6,58	-5,51
14/02/2020 17:20:00	-5,53	-5,78	-6,07	-6,44	-6,76	-7,02	-7,25	-7,36	-7,40	-7,45	-7,46	-7,35	-7,24	-7,05	-6,86	-6,74	-6,62	-6,56	-6,50	-6,55	-6,59	-5,54
14/02/2020 17:25:00	-5,42	-5,66	-6,04	-6,45	-6,83	-7,18	-7,39	-7,53	-7,62	-7,62	-7,57	-7,41	-7,25	-7,03	-6,81	-6,68	-6,55	-6,48	-6,42	-6,46	-6,50	-5,54
14/02/2020 17:30:00	-5,63	-5,74	-6,01	-6,40	-6,77	-7,03	-7,22	-7,32	-7,40	-7,49	-7,54	-7,47	-7,40	-7,24	-7,09	-6,98	-6,87	-6,83	-6,79	-6,84	-6,89	-5,61
14/02/2020 17:35:00	-5,54	-5,68	-5,90	-6,29	-6,74	-7,15	-7,46	-7,70	-7,84	-7,83	-7,75	-7,52	-7,30	-7,02	-6,74	-6,57	-6,39	-6,29	-6,19	-6,21	-6,23	-5,59
14/02/2020 17:40:00	-5,57	-5,65	-6,02	-6,44	-6,79	-7,05	-7,25	-7,33	-7,37	-7,41	-7,44	-7,35	-7,26	-7,10	-6,94	-6,84	-6,74	-6,71	-6,68	-6,74	-6,79	-5,58
14/02/2020 17:45:00	-5,56	-5,71	-5,92	-6,27	-6,64	-6,96	-7,25	-7,47	-7,61	-7,65	-7,64	-7,51	-7,38	-7,18	-6,97	-6,85	-6,72	-6,66	-6,60	-6,64	-6,68	-5,55
14/02/2020 17:50:00	-5,55	-5,81	-6,14	-6,52	-6,84	-7,05	-7,25	-7,37	-7,43	-7,45	-7,45	-7,34	-7,24	-7,07	-6,90	-6,79	-6,69	-6,66	-6,62	-6,67	-6,72	-5,58
14/02/2020 17:55:00	-5,56	-5,65	-6,06	-6,52	-6,89	-7,13	-7,29	-7,37	-7,42	-7,39	-7,35	-7,21	-7,08	-6,90	-6,72	-6,62	-6,52	-6,49	-6,47	-6,53	-6,59	-5,56
14/02/2020 18:00:00	-5,66	-5,81	-6,04	-6,38	-6,73	-7,03	-7,26	-7,41	-7,50	-7,54	-7,54	-7,41	-7,28	-7,07	-6,87	-6,75	-6,62	-6,56	-6,50	-6,54	-6,58	-5,67
14/02/2020 18:05:00	-5,62	-5,73	-5,99	-6,37	-6,77	-7,14	-7,30	-7,39	-7,44	-7,50	-7,51	-7,36	-7,21	-6,99	-6,76	-6,60	-6,44	-6,36	-6,28	-6,31	-6,34	-5,59
14/02/2020 18:10:00	-5,59	-5,56	-5,82	-6,22	-6,66	-7,11	-7,43	-7,60	-7,67	-7,71	-7,68	-7,49	-7,31	-7,04	-6,78	-6,61	-6,43	-6,34	-6,24	-6,26	-6,28	-5,60
14/02/2020 18:15:00	-5,58	-5,68	-5,97	-6,33	-6,67	-6,95	-7,16	-7,32	-7,43	-7,41	-7,36	-7,21	-7,07	-6,87	-6,68	-6,57	-6,46	-6,42	-6,38	-6,43	-6,48	-5,56
14/02/2020 18:20:00	-5,61	-5,72	-5,93	-6,28	-6,63	-6,91	-7,10	-7,26	-7,37	-7,40	-7,38	-7,25	-7,12	-6,92	-6,73	-6,61	-6,49	-6,44	-6,38	-6,43	-6,48	-5,54
14/02/2020 18:25:00	-5,61	-5,74	-5,89	-6,17	-6,51	-6,85	-7,12	-7,32	-7,46	-7,56	-7,61	-7,53	-7,44	-7,26	-7,07	-6,95	-6,83	-6,77	-6,71	-6,74	-6,78	-5,51
14/02/2020 18:30:00	-5,49	-5,48	-5,80	-6,23	-6,62	-6,89	-7,18	-7,34	-7,40	-7,39	-7,33	-7,18	-7,03	-6,82	-6,62	-6,50	-6,39	-6,34	-6,29	-6,34	-6,39	-5,41
14/02/2020 18:35:00	-5,49	-5,59	-5,76	-6,05	-6,44	-6,93	-7,36	-7,67	-7,85	-7,88	-7,83	-7,64	-7,45	-7,18	-6,91	-6,75	-6,58	-6,48	-6,38	-6,39	-6,41	-5,47
14/02/2020 18:40:00	-5,44	-5,58	-5,77	-6,06	-6,38	-6,68	-6,96	-7,21	-7,41	-7,50	-7,55	-7,49	-7,44	-7,30	-7,16	-7,08	-6,99	-6,97	-6,94	-6,99	-7,05	-5,45
14/02/2020 18:45:00	-5,46	-5,44	-5,67	-6,07	-6,50	-6,87	-7,06	-7,20	-7,32	-7,41	-7,45	-7,35	-7,26	-7,07	-6,89	-6,76	-6,64	-6,58	-6,53	-6,57	-6,62	-5,42
14/02/2020 18:50:00	-5,46	-5,45	-5,66	-6,00	-6,42	-6,90	-7,27	-7,52	-7,66	-7,76	-7,80	-7,68	-7,56	-7,35	-7,13	-6,98	-6,83	-6,74	-6,66	-6,69	-6,72	-5,44
14/02/2020 18:55:00	-5,45	-5,56	-5,65	-5,93	-6,31	-6,69	-6,98	-7,29	-7,55	-7,64	-7,67	-7,57	-7,47	-7,29	-7,10	-6,99	-6,87	-6,82	-6,76	-6,80	-6,85	-5,47
14/02/2020 19:00:00	-5,51	-5,61	-5,73	-5,97	-6,28	-6,57	-6,95	-7,21	-7,36	-7,53	-7,66	-7,65	-7,63	-7,50	-7,37	-7,27	-7,17	-7,13	-7,09	-7,14	-7,18	-5,51
14/02/2020 19:05:00	-5,54	-5,66	-5,81	-6,08	-6,39	-6,69	-6,94	-7,15	-7,31	-7,47	-7,60	-7,59	-7,58	-7,47	-7,36	-7,27	-7,19	-7,16	-7,13	-7,19	-7,24	-5,45
14/02/2020 19:10:00	-5,43	-5,53	-5,60	-5,78	-6,09	-6,51	-6,93	-7,34	-7,64	-7,72	-7,74	-7,65	-7,56	-7,39	-7,21	-7,11	-7,01	-6,96	-6,91	-6,95	-6,99	-5,49
14/02/2020 19:15:00	-5,50	-5,60	-5,75	-5,94	-6,22	-6,57	-6,99	-7,37	-7,65	-7,72	-7,74	-7,68	-7,62	-7,48	-7,35	-7,28	-7,20	-7,18	-7,16	-7,21	-7,27	-5,46
14/02/2020 19:20:00	-5,47	-5,35	-5,52	-5,88	-6,31	-6,71	-7,15	-7,45	-7,61	-7,73	-7,80	-7,71	-7,62	-7,44	-7,25	-7,13	-7,00	-6,94	-6,88	-6,92	-6,96	-5,41
14/02/2020 19:25:00	-5,45	-5,38	-5,62	-5,98	-6,37	-6,77	-7,12	-7,37	-7,53	-7,61	-7,65	-7,55	-7,46	-7,29	-7,11	-7,00	-6,88	-6,83	-6,79	-6,83	-6,88	-5,51
14/02/2020 19:30:00	-5,41	-5,49	-5,65	-5,99	-6,39	-6,77	-7,06	-7,30	-7,50	-7,66	-7,77	-7,73	-7,70	-7,55	-7,41	-7,30	-7,19	-7,15	-7,10	-7,15	-7,20	-5,50
14/02/2020 19:35:00	-5,54	-5,55	-5,66	-5,95	-6,37	-6,85	-7,27	-7,63	-7,89	-7,98	-8,00	-7,87	-7,74	-7,52	-7,30	-7,16	-7,02	-6,94	-6,86	-6,89	-6,92	-5,46
14/02/2020 19:40:00	-5,60	-5,55	-5,67	-5,98	-6,40	-6,81	-7,18	-7,44	-7,61	-7,74	-7,81	-7,71	-7,62	-7,42	-7,22	-7,07	-6,93	-6,85	-6,78	-6,81	-6,84	-5,50
14/02/2020 19:45:00	-5,57	-5,45	-5,62	-6,00	-6,45	-6,86	-7,26	-7,57	-7,77	-7,85	-7,88	-7,76	-7,65	-7,45	-7,26	-7,13	-7,01	-6,94	-6,88	-6,92	-6,96	-5,59
14/02/2020 19:50:00	-5,60	-5,73	-5,84	-6,07	-6,38	-6,68	-6,98	-7,29	-7,55	-7,63	-7,68	-7,62	-7,56	-7,41	-7,27	-7,19	-7,11	-7,08	-7,05	-7,11	-7,16	-5,77
14/02/2020 19:55:00	-5,72	-5,55	-5,75	-6,10	-6,50	-6,93	-7,28	-7,58	-7,81	-7,92	-7,99	-7,94	-7,89	-7,74	-7,60	-7,51	-7,43	-7,40	-7,37	-7,42	-7,48	-5,72
14/02/2020 20:00:00	-5,66	-5,70	-5,85	-6,09	-6,43	-6,87	-7,28	-7,59	-7,79	-7,93	-8,00	-7,94	-7,88	-7,71	-7,54	-7,42	-7,30	-7,24	-7,17	-7,21	-7,25	-5,61
14/02/2020 20:05:00	-5,76	-5,66	-5,85	-6,23	-6,67	-7,08	-7,37	-7,61	-7,82	-7,95	-8,05	-7,99	-7,94	-7,79	-7,63	-7,52	-7,41	-7,36	-7,32	-7,37	-7,42	-5,69
14/02/2020 20:10:00	-5,79	-5,75	-5,86	-6,21	-6,68	-7,15	-7,49	-7,77	-7,97	-8,10	-8,17	-8,06	-7,95	-7,73	-7,51	-7,35	-7,20	-7,11	-7,02	-7,04	-7,07	-5,78
14/02/2020 20:15:00	-5,64	-5,80	-5,99	-6,23	-6,59	-7,08	-7,50	-7,80	-7,98	-8,14	-8,23	-8,16	-8,10	-7,91	-7,73	-7,59	-7,45	-7,37	-7,29	-7,32	-7,35	-5,66
14/02/2020 20:20:00	-5,81	-5,72	-5,88	-6,16	-6,54	-7,00	-7,37	-7,66	-7,86	-8,01	-8,11	-8,06	-8,01	-7,86	-7,70	-7,58	-7,47	-7,42	-7,36	-7,40	-7,44	-5,71
14/02/2020 20:25:00	-5,78	-5,72	-5,94	-6,33	-6,77	-7,14	-7,51	-7,78	-7,97	-8,08	-8,14	-8,07	-7,99	-7,82	-7,66	-7,54	-7,42	-7,37	-7,32	-7,37	-7,41	-5,78
14/02/2020 20:30:00	-5,79	-5,82	-6,01	-6,31	-6,69	-7,11	-7,48	-7,78	-8,01	-8,15	-8,24	-8,19	-8,14	-7,99	-7,84	-7,74	-7,63	-7,58	-7,54	-7,58	-7,62	-5,79
14/02/2020 20:35:00	-5,78	-5,81	-5,95	-6,29	-6,71	-7,10	-7,38	-7,64	-7,88	-8,01	-8,10	-8,04	-7,98	-7,82	-7,65	-7,53	-7,42	-7,36	-7,31	-7,35	-7,39	-5,81
14/02/2020 20:40:00	-5,80	-5,67	-5,84	-6,19	-6,68	-7,21	-7,63	-8,00	-8,27	-8,36	-8,38	-8,25	-8,12	-7,90	-7,68	-7,54	-7,39	-7,32	-7,24	-7,27	-7,30	-5,86
14/02/2020 20:45:00	-5,91	-5,82	-5,91	-6,20	-6,63	-7,14	-7,65	-8,08	-8,36	-8,44	-8,44	-8,29	-8,15	-7,92	-7,69	-7,54	-7,40	-7,31	-7,23	-7,25	-7,27	-5,91
14/02/2020 20:50:00	-5,91	-5,94	-6,12	-6,38	-6,73	-7,14	-7,41	-7,67	-7,88	-8,03	-8,13	-8,09	-8,05	-7,90	-7,76	-7,66	-7,55	-7,51	-7,46	-7,51	-7,56	-5,77
14/02/2020 20:55:00	-5,97	-5,74	-5,96	-6,39	-6,90	-7,41	-7,88	-8,19	-8,36	-8,41	-8,38	-8,21	-8,03	-7,78	-7,52	-7,36	-7,19	-7,10	-7,01	-7,03	-7,05	-5,96
14/02/2020 21:00:00	-5,96	-5,91	-6,05	-6,38	-6,82	-7,29	-7,75	-8,08	-8,28	-8,44	-8,52	-8,45	-8,37	-8,18	-7,99	-7,85	-7,71	-7,63	-7,55	-7,58	-7,60	-5,98
14/02/2020 21:05:00	-5,96	-5,73	-5,88	-6,26	-6,76	-7,33	-7,73	-8,05	-8,28	-8,42	-8,49	-8,38	-8,28	-8,07	-7,85	-7,70	-7,55	-7,46	-7,38	-7,40	-7,43	-6,08
14/02/2020 21:10:00	-5,91	-5,75	-5,89	-6,24	-6,68	-7,15	-7,59	-7,95	-8,20	-8,29	-8,31	-8,20	-8,09	-7,89	-7,69	-7,56	-7,43	-7,37	-7,31	-7,34	-7,38	-6,01
14/02/2020 21:15:00	-5,87	-5,62	-5,78	-6,14	-6,63	-7,21	-7,67	-8,02	-8,26	-8,41	-8,49	-8,40	-8,31	-8,11	-7,91	-7,77	-7,63	-7,55	-7,47	-7,50	-7,53	-5,78
14/02/2020 21:20:00	-5,89	-5,70	-5,82	-6,21	-6,76	-7,36	-7,84	-8,18	-8,40	-8,56	-8,65	-8,52	-8,40	-8,15	-7,91	-7,72	-7,54	-7,42	-7,31	-7,32	-7,33	-5,78
14/02/2020 21:25:00	-5,99	-5,74	-5,95	-6,41	-6,99	-7,61	-8,08	-8,38	-8,55	-8,64	-8,63	-8,44	-8,25	-7,96	-7,67	-7,47	-7,27	-7,15	-7,02	-7,03	-7,04	-6,01
14/02/2020 21:30:00	-5,96	-5,64	-5,84	-6,27	-6,83	-7,48	-8,00	-8,40	-8,66	-8,75	-8,76	-8,60	-8,44	-8,19	-7,94	-7,77	-7,60	-7,50	-7,40	-7,42	-7,44	-5,94
14/02/2020 21:35:00	-5,88	-5,76	-6,01	-6,46	-6,98	-7,48	-7,92	-8,21	-8,38	-8,53	-8,61	-8,52	-8,43	-8,23	-8,02	-7,87	-7,72	-7,64	-7,55	-7,58	-7,61	-5,79
14/02/2020 21:40:00	-5,93	-5,86	-6,08	-6,50	-7,03	-7,58	-7,98	-8,29	-8,49	-8,59	-8,61	-8,45	-8,30	-8,05	-7,81	-7,63	-7,46	-7,36	-7,26	-7,28	-7,29	-5,99
14/02/2020 21:45:00	-6,13	-6,01	-6,25	-6,68	-7,15	-7,58	-7,89	-8,13	-8,31	-8,44	-8,53	-8,46	-8,40	-8,24	-8,07	-7,95	-7,83	-7,77	-7,72	-7,76	-7,80	-6,00
14/02/2020 21:50:00	-6,01	-5,87	-6,11	-6,54	-7,05	-7,56	-8,04	-8,34	-8,50	-8,61	-8,66	-8,54	-8,41	-8,19	-7,96	-7,80	-7,64	-7,55	-7,46	-7,48	-7,51	-6,03
14/02/2020 21:55:00	-5,96	-5,75	-6,08	-6,66	-7,26	-7,79	-8,16	-8,36	-8,44	-8,46	-8,41	-8,18	-7,96	-7,67	-7,37	-7,17	-6,97	-6,86	-6,74	-6,76	-6,77	-6,01
14/02/2020 22:00:00	-6,06	-5,96	-6,26	-6,74	-7,24	-7,73	-8,10	-8,32	-8,44	-8,52	-8,54	-8,39	-8,25	-8,02	-7,79	-7,63	-7,46	-7,38	-7,29	-7,31	-7,34	-5,98
14/02/2020 22:05:00	-6,13	-6,24	-6,40	-6,68	-7,04	-7,43	-7,72	-8,00	-8,23	-8,33	-8,38	-8,30	-8,22	-8,05	-7,89	-7,77	-7,66	-7,61	-7,56	-7,60	-7,64	-6,18
14/02/2020 22:10:00	-6,22	-5,99	-6,20	-6,70	-7,32	-7,92	-8,36	-8,64	-8,81	-8,92	-8,95	-8,77	-8,59	-8,31	-8,02	-7,80	-7,59	-7,46	-7,32	-7,32	-7,33	-6,26
14/02/2020 22:15:00	-6,19	-6,19	-6,47	-6,92	-7,38	-7,73	-8,05	-8,27	-8,41	-8,51	-8,57	-8,48	-8,40	-8,22	-8,05	-7,92	-7,80	-7,74	-7,68	-7,72	-7,76	-6,19
14/02/2020 22:20:00	-6,19	-6,27	-6,47	-6,84	-7,29	-7,72	-8,09	-8,38	-8,58	-8,64	-8,63	-8,47	-8,31	-8,07	-7,83	-7,68	-7,52	-7,43	-7,34	-7,36	-7,38	-6,19
14/02/2020 22:25:00	-6,22	-6,12	-6,41	-6,81	-7,24	-7,70	-8,08	-8,32	-8,46	-8,57	-8,63	-8,54	-8,46	-8,28	-8,09	-7,96	-7,83	-7,77	-7,71	-7,74	-7,78	-6,10
14/02/2020 22:30:00	-6,28	-6,31	-6,54	-6,89	-7,32	-7,78	-8,12	-8,37	-8,55	-8,68	-8,76	-8,68	-8,60	-8,40	-8,21	-8,06	-7,92	-7,84	-7,76	-7,79	-7,81	-6,22
14/02/2020 22:35:00	-6,29	-6,41	-6,67	-6,99	-7,34	-7,71	-7,99	-8,20	-8,35	-8,49	-8,60	-8,57	-8,54	-8,41	-8,27	-8,17	-8,06	-8,02	-7,97	-8,02	-8,06	-6,29
14/02/2020 22:40:00	-6,36	-6,41	-6,67	-7,08	-7,50	-7,85	-8,10	-8,29	-8,42	-8,48	-8,51	-8,39	-8,27	-8,07	-7,87	-7,74	-7,60	-7,53	-7,46	-7,50	-7,54	-6,33
14/02/2020 22:45:00	-6,32	-6,39	-6,76	-7,22	-7,63	-7,95	-8,24	-8,38	-8,42	-8,48	-8,51	-8,40	-8,28	-8,09	-7,90	-7,77	-7,64	-7,57	-7,51	-7,55	-7,59	-6,36
14/02/2020 22:50:00	-6,33	-6,44	-6,75	-7,17	-7,58	-7,92	-8,18	-8,33	-8,42	-8,53	-8,61	-8,53	-8,46	-8,29	-8,12	-7,99	-7,86	-7,80	-7,74	-7,78	-7,82	-6,41
14/02/2020 22:55:00	-6,38	-6,37	-6,65	-7,09	-7,56	-7,97	-8,35	-8,58	-8,71	-8,80	-8,84	-8,72	-8,60	-8,39	-8,17	-8,02	-7,87	-7,79	-7,71	-7,74	-7,76	-6,27
14/02/2020 23:00:00	-6,33	-6,40	-6,78	-7,30	-7,78	-8,17	-8,44	-8,59	-8,65	-8,64	-8,58	-8,38	-8,19	-7,93	-7,67	-7,50	-7,33	-7,24	-7,15	-7,17	-7,20	-6,31
14/02/2020 23:05:00	-6,33	-6,38	-6,70	-7,21	-7,74	-8,20	-8,56	-8,77	-8,87	-8,88	-8,82	-8,60	-8,39	-8,10	-7,81	-7,62	-7,43	-7,32	-7,20	-7,21	-7,22	-6,40
14/02/2020 23:10:00	-6,37	-6,42	-6,77	-7,23	-7,69	-8,13	-8,33	-8,45	-8,53	-8,56	-8,55	-8,38	-8,22	-7,98	-7,74	-7,58	-7,41	-7,32	-7,24	-7,26	-7,29	-6,49
14/02/2020 23:15:00	-6,42	-6,29	-6,75	-7,34	-7,84	-8,18	-8,34	-8,40	-8,43	-8,40	-8,34	-8,16	-7,97	-7,75	-7,52	-7,37	-7,23	-7,17	-7,11	-7,15	-7,19	-6,47
14/02/2020 23:20:00	-6,48	-6,51	-6,84	-7,32	-7,79	-8,18	-8,35	-8,45	-8,52	-8,53	-8,50	-8,32	-8,14	-7,89	-7,64	-7,47	-7,31	-7,22	-7,13	-7,16	-7,18	-6,39
14/02/2020 23:25:00	-6,40	-6,42	-6,86	-7,39	-7,86	-8,24	-8,42	-8,52	-8,59	-8,57	-8,52	-8,35	-8,18	-7,95	-7,73	-7,58	-7,44	-7,37	-7,30	-7,34	-7,38	-6,46
14/02/2020 23:30:00	-6,40	-6,45	-6,82	-7,27	-7,69	-8,06	-8,36	-8,55	-8,65	-8,66	-8,63	-8,49	-8,34	-8,14	-7,93	-7,80	-7,67	-7,61	-7,55	-7,59	-7,63	-6,46
14/02/2020 23:35:00	-6,46	-6,36	-6,68	-7,21	-7,77	-8,24	-8,52	-8,68	-8,78	-8,80	-8,76	-8,55	-8,34	-8,06	-7,78	-7,59	-7,40	-7,28	-7,17	-7,19	-7,21	-6,48
14/02/2020 23:40:00	-6,55	-6,42	-6,74	-7,26	-7,72	-8,01	-8,18	-8,29	-8,38	-8,41	-8,41	-8,28	-8,15	-7,96	-7,78	-7,65	-7,53	-7,48	-7,44	-7,49	-7,54	-6,63
14/02/2020 23:45:00	-6,71	-6,70	-6,97	-7,37	-7,77	-8,10	-8,30	-8,43	-8,53	-8,61	-8,65	-8,56	-8,47	-8,29	-8,11	-7,98	-7,86	-7,80	-7,74	-7,78	-7,82	-6,68
14/02/2020 23:50:00	-6,66	-6,55	-6,92	-7,43	-7,90	-8,28	-8,44	-8,47	-8,47	-8,49	-8,46	-8,28	-8,11	-7,86	-7,62	-7,45	-7,28	-7,20	-7,11	-7,14	-7,17	-6,74
14/02/2020 23:55:00	-6,61	-6,52	-6,77	-7,27	-7,75	-8,07	-8,31	-8,49	-8,64	-8,65	-8,61	-8,45	-8,29	-8,06	-7,84	-7,70	-7,56	-7,49	-7,43	-7,47	-7,51	-6,63
