FileFormat:0002.2 file with temperature of atmosphere
SN105HE102 RTK
local	GMT or Local
0	GMT-Local=[hours]
20	Height[m]
0	0	0	Longitude                [grd]               [min]               [sec]
0	0	0	Latitude                [grd]               [min]               [sec]
N	NS
56,45	Freq[GHz]
0,00	dTemostat[K]
0,150	MessErr[K]
0,248	//[grad/step]
version 14.4.20120406
MTP5HE102F5645K-38.60I70D222917+A1.1
Commentary:
SN105HE102
парабола ДНА = 2,5 град
НЕ102 - ПУ - ХВБ с ЦСД " S "
АЦП - 202 - 09 с контр.U пит.и М
оптопара серии - 2
Т out № 178 пл
БП LPS - 112
End Of Commentary

SYSTEM\summer.dat
data time	0	50	100	150	200	250	300	350	400	450	500	550	600	650	700	750	800	850	900	950	1000	OutsideTemperature
13/08/2021 10:15:00	10,10	9,50	8,95	8,44	7,99	7,58	7,26	7,02	6,84	6,69	6,58	6,48	6,38	6,24	6,10	5,91	5,72	5,55	5,38	5,21	5,04	11,07
13/08/2021 10:20:00	10,34	9,78	9,22	8,75	8,41	8,08	7,79	7,53	7,44	7,36	7,24	7,13	7,03	6,89	6,75	6,57	6,39	6,21	6,04	5,86	5,68	10,98
13/08/2021 10:25:00	10,26	9,74	9,24	8,82	8,50	8,17	7,87	7,61	7,47	7,35	7,22	7,09	6,96	6,79	6,63	6,43	6,22	6,03	5,83	5,63	5,43	10,80
13/08/2021 10:30:00	10,60	10,24	9,74	9,28	8,89	8,53	8,19	7,88	7,68	7,49	7,30	7,12	6,94	6,74	6,54	6,32	6,09	5,88	5,66	5,45	5,24	10,84
13/08/2021 10:35:00	10,73	10,15	9,69	9,22	8,73	8,34	8,03	7,79	7,61	7,43	7,21	7,03	6,85	6,66	6,47	6,26	6,06	5,87	5,67	5,48	5,29	11,03
13/08/2021 10:40:00	11,00	10,54	10,03	9,53	9,05	8,69	8,35	8,04	7,85	7,68	7,52	7,37	7,22	7,05	6,88	6,66	6,45	6,25	6,05	5,85	5,65	11,02
13/08/2021 10:45:00	11,11	10,52	10,07	9,59	9,07	8,68	8,34	8,05	7,84	7,66	7,52	7,37	7,23	7,06	6,89	6,67	6,46	6,26	6,06	5,87	5,68	11,22
13/08/2021 10:50:00	11,03	10,64	10,12	9,58	9,03	8,66	8,34	8,07	7,80	7,60	7,48	7,37	7,25	7,10	6,94	6,73	6,52	6,32	6,12	5,93	5,73	11,13
13/08/2021 10:55:00	11,18	10,68	10,21	9,73	9,24	8,92	8,59	8,25	7,94	7,70	7,59	7,45	7,32	7,13	6,95	6,70	6,45	6,22	5,98	5,75	5,52	11,13
13/08/2021 11:00:00	11,14	10,69	10,12	9,57	9,07	8,65	8,34	8,11	7,88	7,74	7,75	7,73	7,72	7,63	7,54	7,36	7,17	6,99	6,82	6,64	6,47	11,19
13/08/2021 11:05:00	11,14	10,72	10,26	9,79	9,32	9,00	8,72	8,45	8,17	7,98	7,95	7,89	7,83	7,70	7,57	7,34	7,12	6,91	6,69	6,48	6,27	11,16
13/08/2021 11:10:00	11,25	10,72	10,25	9,83	9,48	9,14	8,86	8,64	8,40	8,20	8,06	7,91	7,76	7,58	7,39	7,16	6,93	6,70	6,47	6,24	6,01	11,13
13/08/2021 11:15:00	11,21	10,75	10,16	9,67	9,33	8,95	8,61	8,33	8,17	8,07	8,06	8,02	7,98	7,87	7,76	7,56	7,37	7,17	6,98	6,78	6,59	11,21
13/08/2021 11:20:00	11,30	10,78	10,31	9,89	9,55	9,20	8,91	8,68	8,42	8,22	8,10	7,97	7,84	7,66	7,48	7,24	7,00	6,77	6,54	6,31	6,07	11,15
13/08/2021 11:25:00	11,31	10,96	10,56	10,13	9,67	9,28	8,94	8,63	8,36	8,13	7,97	7,81	7,65	7,45	7,25	7,00	6,76	6,53	6,30	6,08	5,85	11,17
13/08/2021 11:30:00	11,39	10,91	10,36	9,88	9,54	9,05	8,68	8,42	8,22	8,07	7,98	7,88	7,78	7,63	7,48	7,27	7,06	6,85	6,65	6,45	6,25	11,33
13/08/2021 11:35:00	11,09	10,72	10,30	9,89	9,51	9,20	8,90	8,62	8,46	8,33	8,20	8,08	7,95	7,79	7,62	7,41	7,19	6,99	6,78	6,57	6,36	10,90
13/08/2021 11:40:00	10,93	10,52	10,10	9,68	9,27	8,89	8,60	8,38	8,24	8,11	7,97	7,84	7,71	7,56	7,41	7,21	7,01	6,82	6,63	6,44	6,24	10,98
13/08/2021 11:45:00	10,85	10,40	9,96	9,58	9,28	8,93	8,67	8,49	8,26	8,08	8,00	7,89	7,79	7,63	7,47	7,25	7,02	6,80	6,58	6,36	6,14	10,85
13/08/2021 11:50:00	10,91	10,41	9,94	9,52	9,18	8,83	8,59	8,44	8,28	8,13	8,02	7,90	7,79	7,64	7,49	7,30	7,10	6,90	6,70	6,50	6,29	10,86
13/08/2021 11:55:00	10,79	10,43	9,97	9,59	9,34	9,10	8,87	8,63	8,42	8,26	8,19	8,09	7,99	7,83	7,67	7,44	7,21	6,98	6,75	6,51	6,27	10,91
13/08/2021 12:00:00	10,98	10,56	10,13	9,72	9,34	9,11	8,84	8,53	8,38	8,28	8,22	8,14	8,06	7,93	7,79	7,58	7,37	7,16	6,95	6,74	6,53	10,99
13/08/2021 12:05:00	10,99	10,55	10,04	9,60	9,29	9,10	8,91	8,74	8,57	8,48	8,47	8,45	8,42	8,32	8,22	8,03	7,84	7,63	7,43	7,22	7,01	11,13
13/08/2021 12:10:00	11,15	10,62	10,14	9,71	9,36	9,05	8,80	8,60	8,41	8,28	8,26	8,22	8,17	8,05	7,93	7,73	7,53	7,33	7,12	6,92	6,71	11,16
13/08/2021 12:15:00	11,25	10,69	10,15	9,67	9,31	9,02	8,81	8,66	8,49	8,35	8,28	8,21	8,13	8,01	7,88	7,69	7,50	7,31	7,11	6,91	6,70	11,30
13/08/2021 12:20:00	11,15	10,72	10,29	9,87	9,46	9,14	8,87	8,64	8,47	8,34	8,27	8,19	8,11	7,98	7,84	7,64	7,44	7,24	7,04	6,84	6,64	11,27
13/08/2021 12:25:00	10,92	10,57	10,21	9,81	9,39	9,03	8,75	8,54	8,34	8,19	8,13	8,05	7,97	7,84	7,71	7,50	7,29	7,10	6,90	6,70	6,51	10,97
13/08/2021 12:30:00	10,95	10,61	10,15	9,72	9,36	9,10	8,84	8,58	8,37	8,24	8,23	8,19	8,14	8,02	7,90	7,69	7,47	7,26	7,05	6,84	6,62	10,77
13/08/2021 12:35:00	10,96	10,44	9,98	9,53	9,13	8,83	8,60	8,43	8,30	8,22	8,20	8,16	8,13	8,04	7,95	7,77	7,60	7,42	7,25	7,06	6,88	10,93
13/08/2021 12:40:00	11,11	10,64	10,22	9,81	9,41	9,12	8,83	8,54	8,36	8,23	8,17	8,08	8,00	7,86	7,71	7,50	7,28	7,07	6,86	6,65	6,44	11,19
13/08/2021 12:45:00	11,21	10,73	10,30	9,92	9,59	9,17	8,87	8,69	8,44	8,25	8,19	8,10	8,01	7,85	7,70	7,47	7,24	7,02	6,80	6,58	6,36	11,67
13/08/2021 12:50:00	11,15	10,70	10,28	9,83	9,34	9,11	8,87	8,63	8,45	8,32	8,26	8,19	8,12	8,00	7,88	7,68	7,48	7,29	7,09	6,89	6,69	11,14
13/08/2021 12:55:00	11,27	10,68	10,19	9,73	9,33	9,08	8,85	8,63	8,42	8,27	8,25	8,20	8,16	8,04	7,92	7,71	7,51	7,30	7,09	6,88	6,67	11,04
13/08/2021 13:00:00	11,12	10,70	10,22	9,79	9,42	9,07	8,77	8,51	8,29	8,12	8,03	7,92	7,81	7,65	7,50	7,27	7,05	6,83	6,61	6,40	6,18	11,07
13/08/2021 13:05:00	11,15	10,74	10,29	9,81	9,29	8,98	8,67	8,34	8,18	8,08	8,05	8,00	7,95	7,84	7,73	7,54	7,34	7,16	6,97	6,79	6,61	11,24
13/08/2021 13:10:00	11,29	10,76	10,29	9,86	9,50	9,11	8,83	8,65	8,50	8,37	8,25	8,13	8,01	7,86	7,71	7,52	7,32	7,12	6,93	6,73	6,53	11,50
13/08/2021 13:15:00	11,33	11,00	10,41	9,86	9,42	9,06	8,73	8,43	8,25	8,13	8,04	7,96	7,88	7,75	7,62	7,43	7,24	7,04	6,85	6,66	6,47	11,40
13/08/2021 13:20:00	11,41	10,94	10,43	9,94	9,50	9,15	8,83	8,56	8,36	8,21	8,11	8,00	7,90	7,75	7,60	7,40	7,19	6,98	6,78	6,58	6,37	11,47
13/08/2021 13:25:00	11,41	10,98	10,51	10,01	9,49	9,09	8,75	8,47	8,25	8,09	7,98	7,88	7,77	7,62	7,48	7,27	7,06	6,86	6,67	6,47	6,28	11,50
13/08/2021 13:30:00	11,57	11,09	10,56	10,05	9,59	9,14	8,79	8,54	8,30	8,10	7,98	7,86	7,74	7,58	7,42	7,20	6,98	6,78	6,57	6,37	6,17	11,80
13/08/2021 13:35:00	11,64	11,21	10,64	10,13	9,72	9,27	8,92	8,68	8,45	8,26	8,11	7,97	7,83	7,65	7,48	7,26	7,05	6,84	6,62	6,41	6,20	11,74
13/08/2021 13:40:00	11,69	11,35	10,80	10,28	9,85	9,37	8,98	8,67	8,46	8,27	8,08	7,92	7,75	7,56	7,38	7,15	6,93	6,72	6,50	6,30	6,09	11,88
13/08/2021 13:45:00	11,99	11,52	10,89	10,26	9,67	9,24	8,88	8,59	8,34	8,17	8,12	8,08	8,03	7,92	7,81	7,61	7,42	7,23	7,05	6,87	6,69	11,80
13/08/2021 13:50:00	11,80	11,29	10,70	10,14	9,64	9,19	8,81	8,50	8,33	8,21	8,08	7,97	7,86	7,71	7,57	7,38	7,18	7,00	6,81	6,63	6,45	11,64
13/08/2021 13:55:00	11,53	11,24	10,72	10,13	9,50	9,14	8,82	8,53	8,21	7,98	7,94	7,89	7,83	7,70	7,58	7,37	7,15	6,95	6,75	6,56	6,36	11,53
13/08/2021 14:00:00	11,53	11,06	10,55	10,05	9,60	9,18	8,87	8,65	8,38	8,19	8,14	8,06	7,99	7,85	7,72	7,50	7,29	7,08	6,88	6,68	6,47	11,55
13/08/2021 14:05:00	11,73	11,30	10,79	10,28	9,77	9,37	9,02	8,74	8,52	8,38	8,30	8,22	8,14	8,01	7,87	7,67	7,47	7,27	7,07	6,88	6,69	11,89
13/08/2021 14:10:00	11,80	11,35	10,78	10,21	9,66	9,36	9,09	8,82	8,62	8,45	8,31	8,19	8,07	7,92	7,76	7,57	7,37	7,17	6,97	6,77	6,57	12,01
13/08/2021 14:15:00	11,74	11,27	10,61	10,00	9,51	9,11	8,77	8,47	8,37	8,31	8,22	8,16	8,10	8,00	7,89	7,73	7,57	7,40	7,24	7,08	6,91	11,90
13/08/2021 14:20:00	11,77	11,20	10,72	10,25	9,81	9,48	9,19	8,92	8,73	8,55	8,36	8,18	8,00	7,81	7,62	7,39	7,17	6,95	6,73	6,51	6,29	11,45
13/08/2021 14:25:00	11,90	11,33	10,83	10,35	9,92	9,53	9,17	8,82	8,63	8,48	8,32	8,16	8,01	7,82	7,64	7,41	7,19	6,97	6,75	6,53	6,32	11,55
13/08/2021 14:30:00	11,81	11,38	10,81	10,28	9,85	9,42	9,11	8,93	8,75	8,59	8,40	8,24	8,09	7,92	7,76	7,56	7,37	7,17	6,97	6,77	6,57	11,77
13/08/2021 14:35:00	11,68	11,17	10,59	10,03	9,53	9,13	8,81	8,56	8,39	8,28	8,21	8,14	8,08	7,96	7,85	7,67	7,49	7,31	7,13	6,95	6,77	11,35
13/08/2021 14:40:00	11,70	11,13	10,53	10,00	9,57	9,18	8,85	8,57	8,42	8,32	8,22	8,13	8,04	7,91	7,78	7,59	7,40	7,22	7,03	6,84	6,65	11,44
13/08/2021 14:45:00	11,43	10,95	10,44	9,94	9,51	9,15	8,81	8,50	8,28	8,14	8,10	8,04	7,98	7,85	7,72	7,51	7,29	7,09	6,88	6,68	6,47	11,40
13/08/2021 14:50:00	11,54	11,07	10,58	10,03	9,43	9,08	8,73	8,36	8,21	8,10	7,96	7,84	7,72	7,58	7,43	7,24	7,05	6,87	6,69	6,51	6,34	11,65
13/08/2021 14:55:00	11,68	11,11	10,54	9,97	9,44	8,98	8,64	8,42	8,29	8,19	8,05	7,95	7,84	7,72	7,59	7,42	7,25	7,09	6,93	6,76	6,60	12,21
13/08/2021 15:00:00	11,64	11,11	10,55	10,00	9,50	9,15	8,83	8,54	8,36	8,23	8,11	8,00	7,89	7,75	7,61	7,41	7,22	7,02	6,83	6,64	6,44	11,52
13/08/2021 15:05:00	11,45	10,97	10,44	9,91	9,38	8,99	8,70	8,52	8,20	7,98	7,95	7,90	7,84	7,72	7,60	7,39	7,18	6,98	6,77	6,57	6,37	11,42
13/08/2021 15:10:00	11,44	11,03	10,50	9,97	9,46	9,02	8,67	8,39	8,15	7,95	7,82	7,70	7,58	7,42	7,26	7,04	6,83	6,63	6,42	6,23	6,03	11,58
13/08/2021 15:15:00	11,58	11,03	10,47	9,93	9,45	9,02	8,73	8,57	8,28	8,06	7,99	7,90	7,82	7,68	7,54	7,33	7,13	6,93	6,72	6,52	6,32	11,65
13/08/2021 15:20:00	11,54	11,11	10,47	9,83	9,26	8,72	8,33	8,06	7,81	7,64	7,57	7,50	7,44	7,32	7,21	7,02	6,84	6,67	6,49	6,33	6,17	11,59
13/08/2021 15:25:00	11,40	10,87	10,34	9,78	9,21	8,82	8,49	8,22	8,01	7,87	7,80	7,74	7,67	7,55	7,44	7,25	7,06	6,89	6,71	6,54	6,36	11,52
13/08/2021 15:30:00	11,35	10,84	10,23	9,67	9,21	8,87	8,51	8,14	7,91	7,76	7,72	7,66	7,59	7,46	7,33	7,12	6,90	6,70	6,49	6,29	6,08	11,70
13/08/2021 15:35:00	11,34	10,81	10,30	9,81	9,35	8,94	8,58	8,28	8,09	7,93	7,81	7,68	7,56	7,40	7,24	7,03	6,82	6,62	6,42	6,22	6,03	11,55
13/08/2021 15:40:00	11,52	10,95	10,36	9,81	9,34	9,02	8,75	8,52	8,37	8,23	8,08	7,95	7,82	7,68	7,53	7,34	7,16	6,97	6,78	6,58	6,39	11,82
13/08/2021 15:45:00	11,55	10,96	10,28	9,65	9,15	8,80	8,49	8,20	7,96	7,78	7,73	7,66	7,59	7,47	7,34	7,15	6,95	6,75	6,56	6,36	6,17	11,88
13/08/2021 15:50:00	11,42	10,83	10,21	9,62	9,10	8,66	8,30	8,01	7,79	7,66	7,64	7,61	7,58	7,47	7,37	7,19	7,00	6,82	6,64	6,47	6,30	11,40
13/08/2021 15:55:00	11,33	10,83	10,24	9,67	9,16	8,76	8,39	8,06	7,86	7,74	7,70	7,65	7,61	7,49	7,38	7,19	7,00	6,81	6,63	6,46	6,28	11,40
13/08/2021 16:00:00	11,30	10,90	10,36	9,83	9,36	8,96	8,60	8,29	8,01	7,81	7,71	7,61	7,50	7,34	7,19	6,96	6,73	6,52	6,30	6,10	5,89	11,47
13/08/2021 16:05:00	11,38	10,85	10,23	9,65	9,14	8,72	8,38	8,10	7,88	7,74	7,72	7,68	7,65	7,55	7,44	7,26	7,07	6,89	6,71	6,53	6,35	11,50
13/08/2021 16:10:00	11,33	10,93	10,33	9,72	9,10	8,61	8,24	7,97	7,74	7,60	7,56	7,53	7,50	7,41	7,31	7,14	6,96	6,80	6,64	6,48	6,33	11,56
13/08/2021 16:15:00	11,26	10,56	10,01	9,53	9,13	8,78	8,48	8,22	8,05	7,94	7,91	7,85	7,79	7,67	7,56	7,36	7,17	6,98	6,78	6,59	6,40	11,43
13/08/2021 16:20:00	11,23	10,71	10,11	9,56	9,10	8,81	8,50	8,18	8,03	7,91	7,77	7,64	7,51	7,36	7,21	7,01	6,82	6,62	6,43	6,23	6,03	11,44
13/08/2021 16:25:00	11,19	10,71	10,14	9,58	9,07	8,53	8,15	7,92	7,76	7,65	7,60	7,55	7,51	7,41	7,31	7,14	6,98	6,82	6,66	6,52	6,37	11,28
13/08/2021 16:30:00	11,21	10,69	10,13	9,60	9,12	8,81	8,55	8,33	8,09	7,93	7,91	7,87	7,82	7,71	7,60	7,41	7,21	7,02	6,83	6,63	6,44	11,36
13/08/2021 16:35:00	11,32	10,81	10,34	9,82	9,21	8,80	8,46	8,17	7,97	7,85	7,85	7,83	7,80	7,71	7,62	7,44	7,25	7,08	6,91	6,75	6,59	11,35
13/08/2021 16:40:00	11,38	10,84	10,23	9,61	9,03	8,62	8,31	8,08	7,90	7,77	7,69	7,62	7,56	7,45	7,35	7,18	7,02	6,86	6,69	6,53	6,37	11,50
13/08/2021 16:45:00	11,39	10,84	10,24	9,67	9,16	8,76	8,39	8,05	7,88	7,78	7,70	7,63	7,56	7,44	7,32	7,13	6,94	6,77	6,59	6,41	6,24	11,44
13/08/2021 16:50:00	11,36	10,79	10,17	9,57	9,03	8,63	8,29	8,00	7,85	7,73	7,61	7,52	7,43	7,30	7,17	7,00	6,82	6,65	6,48	6,31	6,15	11,25
13/08/2021 16:55:00	11,36	10,72	10,18	9,59	8,95	8,63	8,38	8,18	7,96	7,83	7,83	7,83	7,82	7,75	7,67	7,51	7,34	7,18	7,01	6,85	6,69	11,32
13/08/2021 17:00:00	11,23	10,68	10,11	9,53	8,97	8,63	8,35	8,10	8,00	7,95	7,92	7,91	7,89	7,82	7,75	7,60	7,46	7,31	7,16	7,01	6,87	11,25
13/08/2021 17:05:00	11,28	10,73	10,13	9,57	9,11	8,78	8,46	8,17	8,07	8,04	8,08	8,09	8,11	8,06	8,00	7,84	7,68	7,52	7,36	7,20	7,04	11,21
13/08/2021 17:10:00	11,41	10,75	10,09	9,49	9,01	8,64	8,32	8,06	7,98	7,96	7,96	7,96	7,96	7,90	7,84	7,70	7,56	7,41	7,26	7,11	6,96	11,40
13/08/2021 17:15:00	11,24	10,66	10,08	9,53	9,03	8,65	8,36	8,14	7,97	7,89	7,93	7,95	7,97	7,91	7,85	7,69	7,52	7,36	7,20	7,04	6,88	11,28
13/08/2021 17:20:00	11,41	10,88	10,27	9,72	9,26	8,85	8,54	8,30	8,10	7,97	7,93	7,89	7,84	7,74	7,63	7,45	7,26	7,07	6,89	6,71	6,52	11,23
13/08/2021 17:25:00	11,36	10,89	10,25	9,67	9,23	8,78	8,42	8,15	8,00	7,90	7,83	7,78	7,72	7,61	7,50	7,33	7,15	6,97	6,80	6,63	6,46	11,43
13/08/2021 17:30:00	11,48	10,83	10,30	9,79	9,29	8,86	8,49	8,18	8,01	7,89	7,83	7,76	7,69	7,57	7,44	7,25	7,05	6,87	6,69	6,51	6,34	11,46
13/08/2021 17:35:00	11,04	10,50	9,97	9,49	9,12	8,69	8,36	8,11	7,96	7,86	7,81	7,75	7,68	7,57	7,45	7,26	7,07	6,89	6,71	6,53	6,35	11,00
13/08/2021 17:40:00	11,05	10,52	9,93	9,41	9,00	8,70	8,41	8,12	7,96	7,86	7,85	7,82	7,79	7,69	7,59	7,40	7,21	7,02	6,83	6,64	6,45	11,01
13/08/2021 17:45:00	11,11	10,57	10,03	9,52	9,06	8,69	8,38	8,11	7,95	7,84	7,82	7,78	7,74	7,64	7,54	7,35	7,17	6,99	6,81	6,63	6,45	11,08
13/08/2021 17:50:00	11,22	10,66	10,14	9,68	9,28	8,86	8,49	8,17	8,00	7,84	7,67	7,50	7,34	7,15	6,97	6,75	6,53	6,32	6,11	5,91	5,70	11,18
13/08/2021 17:55:00	11,15	10,51	10,03	9,61	9,27	8,96	8,63	8,30	8,07	7,91	7,86	7,77	7,68	7,52	7,36	7,12	6,88	6,65	6,42	6,19	5,96	11,40
13/08/2021 18:00:00	11,17	10,54	9,87	9,26	8,74	8,41	8,10	7,79	7,62	7,53	7,54	7,54	7,53	7,45	7,37	7,20	7,03	6,87	6,70	6,53	6,36	11,25
13/08/2021 18:05:00	11,08	10,70	10,15	9,58	9,01	8,62	8,27	7,94	7,77	7,67	7,65	7,62	7,59	7,50	7,41	7,23	7,06	6,89	6,73	6,57	6,41	11,07
13/08/2021 18:10:00	11,11	10,72	10,18	9,61	9,04	8,69	8,28	7,82	7,60	7,47	7,44	7,39	7,34	7,22	7,10	6,88	6,67	6,48	6,29	6,10	5,92	11,09
13/08/2021 18:15:00	11,10	10,63	9,95	9,35	8,91	8,57	8,25	7,95	7,78	7,65	7,56	7,48	7,40	7,27	7,15	6,96	6,77	6,59	6,40	6,22	6,04	11,12
13/08/2021 18:20:00	10,87	10,28	9,71	9,19	8,76	8,36	8,04	7,77	7,62	7,54	7,55	7,53	7,52	7,43	7,34	7,17	6,99	6,82	6,65	6,49	6,32	10,88
13/08/2021 18:25:00	10,93	10,51	9,98	9,47	9,00	8,61	8,30	8,07	7,91	7,79	7,67	7,57	7,47	7,34	7,20	7,02	6,84	6,66	6,49	6,31	6,14	10,88
13/08/2021 18:30:00	11,15	10,57	10,04	9,55	9,12	8,67	8,31	8,04	7,85	7,71	7,62	7,53	7,44	7,30	7,16	6,96	6,75	6,56	6,37	6,18	6,00	11,08
13/08/2021 18:35:00	11,09	10,48	9,89	9,34	8,86	8,43	8,10	7,85	7,67	7,55	7,50	7,44	7,38	7,27	7,16	6,98	6,79	6,62	6,45	6,28	6,11	11,11
13/08/2021 18:40:00	10,90	10,36	9,78	9,25	8,82	8,44	8,11	7,83	7,65	7,58	7,65	7,67	7,70	7,63	7,57	7,39	7,21	7,04	6,86	6,70	6,53	10,96
13/08/2021 18:45:00	10,95	10,62	10,08	9,54	9,06	8,56	8,22	8,01	7,75	7,58	7,54	7,48	7,43	7,32	7,20	7,01	6,82	6,64	6,46	6,28	6,11	11,07
13/08/2021 18:50:00	10,88	10,27	9,72	9,19	8,69	8,33	8,02	7,77	7,54	7,39	7,35	7,29	7,24	7,12	7,01	6,81	6,62	6,43	6,25	6,06	5,88	10,93
13/08/2021 18:55:00	10,92	10,29	9,75	9,25	8,82	8,42	8,15	7,99	7,78	7,62	7,53	7,44	7,35	7,22	7,09	6,90	6,71	6,52	6,33	6,15	5,96	10,84
13/08/2021 19:00:00	10,79	10,23	9,68	9,12	8,55	8,15	7,83	7,59	7,46	7,39	7,35	7,32	7,30	7,22	7,13	6,98	6,83	6,68	6,54	6,40	6,26	10,87
13/08/2021 19:05:00	10,61	10,22	9,70	9,15	8,58	8,18	7,86	7,60	7,36	7,20	7,14	7,09	7,03	6,91	6,80	6,61	6,42	6,24	6,07	5,90	5,74	10,75
13/08/2021 19:10:00	10,81	10,24	9,73	9,17	8,55	8,10	7,75	7,48	7,28	7,15	7,13	7,10	7,07	6,98	6,89	6,71	6,54	6,38	6,23	6,08	5,94	10,77
13/08/2021 19:15:00	10,79	10,34	9,82	9,26	8,69	8,25	7,87	7,53	7,33	7,20	7,16	7,11	7,06	6,95	6,83	6,65	6,46	6,29	6,12	5,96	5,80	10,73
13/08/2021 19:20:00	10,63	10,13	9,55	8,99	8,49	8,17	7,84	7,50	7,36	7,28	7,26	7,24	7,21	7,12	7,03	6,85	6,67	6,50	6,34	6,17	6,01	10,63
13/08/2021 19:25:00	10,59	10,11	9,52	8,97	8,53	8,10	7,75	7,47	7,26	7,16	7,21	7,22	7,23	7,15	7,08	6,89	6,71	6,54	6,37	6,20	6,04	10,67
13/08/2021 19:30:00	10,60	10,17	9,66	9,17	8,72	8,34	7,99	7,66	7,40	7,23	7,21	7,14	7,08	6,95	6,81	6,59	6,37	6,17	5,97	5,77	5,57	10,83
13/08/2021 19:35:00	10,80	10,27	9,75	9,24	8,74	8,37	8,04	7,75	7,59	7,47	7,35	7,25	7,15	7,01	6,87	6,68	6,49	6,31	6,13	5,96	5,78	10,69
13/08/2021 19:40:00	10,78	10,30	9,74	9,16	8,59	8,17	7,83	7,55	7,37	7,25	7,22	7,18	7,15	7,05	6,96	6,79	6,62	6,46	6,30	6,15	6,00	10,70
13/08/2021 19:45:00	10,82	10,28	9,71	9,16	8,65	8,18	7,85	7,66	7,51	7,41	7,33	7,27	7,20	7,10	7,00	6,84	6,68	6,53	6,38	6,23	6,08	10,73
13/08/2021 19:50:00	10,68	10,19	9,68	9,19	8,72	8,36	8,01	7,67	7,52	7,43	7,41	7,37	7,33	7,23	7,12	6,93	6,74	6,56	6,39	6,22	6,05	10,74
13/08/2021 19:55:00	10,75	10,19	9,58	9,07	8,73	8,33	8,00	7,73	7,60	7,53	7,52	7,49	7,46	7,36	7,26	7,08	6,90	6,73	6,56	6,38	6,21	10,78
13/08/2021 20:00:00	10,69	10,13	9,56	9,02	8,55	8,08	7,75	7,55	7,44	7,39	7,36	7,35	7,33	7,26	7,18	7,03	6,89	6,74	6,60	6,46	6,33	10,78
13/08/2021 20:05:00	10,89	10,32	9,70	9,09	8,55	8,17	7,85	7,60	7,43	7,33	7,30	7,27	7,24	7,15	7,06	6,90	6,74	6,58	6,42	6,27	6,12	10,73
13/08/2021 20:10:00	10,89	10,29	9,79	9,22	8,58	8,20	7,88	7,62	7,40	7,26	7,22	7,17	7,13	7,03	6,93	6,75	6,57	6,41	6,25	6,09	5,93	10,78
13/08/2021 20:15:00	10,83	10,30	9,73	9,18	8,70	8,29	7,97	7,72	7,57	7,46	7,37	7,29	7,21	7,10	6,98	6,80	6,63	6,46	6,29	6,13	5,97	10,85
13/08/2021 20:20:00	10,86	10,37	9,77	9,19	8,66	8,31	8,03	7,81	7,56	7,39	7,39	7,36	7,34	7,24	7,15	6,96	6,78	6,60	6,42	6,24	6,06	10,82
13/08/2021 20:25:00	10,83	10,46	9,94	9,38	8,82	8,37	8,03	7,78	7,58	7,45	7,40	7,35	7,31	7,20	7,10	6,93	6,75	6,59	6,42	6,27	6,11	10,85
13/08/2021 20:30:00	10,94	10,41	9,84	9,28	8,75	8,44	8,11	7,75	7,60	7,51	7,51	7,49	7,47	7,38	7,29	7,11	6,93	6,75	6,58	6,42	6,25	10,85
13/08/2021 20:35:00	11,05	10,52	9,90	9,29	8,71	8,29	7,99	7,79	7,52	7,36	7,38	7,37	7,37	7,30	7,22	7,04	6,87	6,70	6,53	6,37	6,21	10,90
13/08/2021 20:40:00	10,83	10,52	9,95	9,38	8,83	8,47	8,14	7,84	7,59	7,43	7,37	7,31	7,24	7,12	7,00	6,80	6,61	6,42	6,24	6,06	5,88	10,95
13/08/2021 20:45:00	10,94	10,48	9,89	9,30	8,77	8,32	7,97	7,70	7,46	7,30	7,28	7,25	7,22	7,12	7,02	6,83	6,64	6,47	6,30	6,13	5,97	10,90
13/08/2021 20:50:00	10,92	10,28	9,74	9,25	8,83	8,47	8,13	7,82	7,67	7,56	7,47	7,37	7,27	7,13	6,99	6,79	6,59	6,40	6,21	6,02	5,84	10,90
13/08/2021 20:55:00	10,98	10,38	9,82	9,29	8,81	8,45	8,15	7,90	7,66	7,50	7,51	7,47	7,44	7,34	7,23	7,04	6,84	6,65	6,46	6,28	6,09	10,90
13/08/2021 21:00:00	10,89	10,28	9,78	9,26	8,74	8,38	8,03	7,71	7,49	7,37	7,40	7,39	7,37	7,28	7,18	6,99	6,79	6,61	6,42	6,25	6,07	10,91
13/08/2021 21:05:00	10,92	10,39	9,82	9,30	8,87	8,45	8,09	7,78	7,61	7,50	7,46	7,41	7,36	7,24	7,13	6,93	6,74	6,56	6,38	6,20	6,03	10,90
13/08/2021 21:10:00	10,89	10,42	9,90	9,38	8,88	8,56	8,28	8,02	7,78	7,62	7,59	7,54	7,50	7,38	7,27	7,07	6,87	6,68	6,48	6,29	6,10	10,92
13/08/2021 21:15:00	10,76	10,31	9,81	9,28	8,73	8,44	8,17	7,92	7,75	7,65	7,65	7,63	7,61	7,53	7,45	7,28	7,11	6,94	6,78	6,61	6,45	10,78
13/08/2021 21:20:00	10,88	10,51	9,98	9,48	9,05	8,68	8,40	8,22	8,07	7,97	7,92	7,86	7,81	7,71	7,61	7,44	7,27	7,10	6,93	6,76	6,59	10,90
13/08/2021 21:25:00	10,98	10,49	10,01	9,54	9,10	8,77	8,46	8,16	8,00	7,88	7,82	7,75	7,68	7,55	7,42	7,22	7,02	6,83	6,63	6,44	6,25	10,95
13/08/2021 21:30:00	10,94	10,48	10,02	9,48	8,84	8,60	8,32	8,02	7,91	7,86	7,84	7,83	7,82	7,75	7,68	7,52	7,37	7,22	7,06	6,92	6,77	10,92
13/08/2021 21:35:00	10,96	10,43	9,87	9,35	8,91	8,61	8,33	8,06	7,91	7,83	7,86	7,86	7,87	7,79	7,71	7,54	7,36	7,18	7,01	6,83	6,65	10,91
13/08/2021 21:40:00	10,95	10,41	9,82	9,27	8,83	8,48	8,21	8,02	7,82	7,69	7,66	7,63	7,59	7,50	7,40	7,22	7,04	6,86	6,68	6,50	6,32	10,86
13/08/2021 21:45:00	10,84	10,44	9,97	9,47	8,96	8,61	8,30	8,03	7,83	7,72	7,74	7,73	7,72	7,64	7,55	7,36	7,17	7,00	6,82	6,64	6,47	11,00
13/08/2021 21:50:00	10,90	10,43	9,89	9,38	8,91	8,57	8,27	8,02	7,86	7,77	7,75	7,71	7,68	7,59	7,49	7,31	7,13	6,96	6,79	6,62	6,45	11,01
13/08/2021 21:55:00	10,78	10,35	9,88	9,43	9,00	8,58	8,27	8,05	7,96	7,87	7,73	7,63	7,52	7,38	7,25	7,07	6,90	6,73	6,56	6,40	6,23	10,89
13/08/2021 22:00:00	11,02	10,54	10,06	9,58	9,15	8,86	8,56	8,24	8,03	7,90	7,89	7,84	7,79	7,67	7,55	7,34	7,12	6,92	6,72	6,52	6,32	10,99
13/08/2021 22:05:00	11,06	10,59	10,07	9,54	9,05	8,68	8,36	8,07	7,89	7,79	7,80	7,78	7,77	7,68	7,60	7,41	7,23	7,05	6,88	6,70	6,53	11,07
13/08/2021 22:10:00	11,13	10,67	10,19	9,69	9,20	8,83	8,52	8,26	8,08	7,96	7,92	7,86	7,81	7,69	7,58	7,39	7,20	7,02	6,84	6,66	6,48	11,05
13/08/2021 22:15:00	10,99	10,59	10,07	9,57	9,13	8,79	8,47	8,16	8,04	7,97	7,95	7,92	7,89	7,80	7,70	7,52	7,34	7,16	6,99	6,81	6,64	11,10
13/08/2021 22:20:00	11,29	10,83	10,20	9,61	9,10	8,67	8,29	7,97	7,85	7,79	7,78	7,77	7,75	7,68	7,60	7,44	7,27	7,12	6,96	6,82	6,67	11,19
13/08/2021 22:25:00	11,12	10,70	10,18	9,63	9,07	8,68	8,33	8,02	7,84	7,74	7,73	7,71	7,68	7,59	7,50	7,32	7,14	6,98	6,81	6,65	6,48	11,17
13/08/2021 22:30:00	11,28	10,66	10,15	9,65	9,16	8,79	8,48	8,22	8,05	7,95	7,93	7,89	7,85	7,75	7,65	7,46	7,28	7,10	6,92	6,75	6,57	11,18
13/08/2021 22:35:00	11,23	10,73	10,09	9,49	8,99	8,63	8,35	8,13	8,04	7,99	7,93	7,90	7,87	7,79	7,72	7,57	7,43	7,28	7,14	6,99	6,84	11,21
13/08/2021 22:40:00	11,05	10,53	9,94	9,40	8,96	8,56	8,26	8,07	7,90	7,82	7,88	7,92	7,95	7,90	7,84	7,68	7,52	7,36	7,20	7,04	6,88	11,11
13/08/2021 22:45:00	11,18	10,65	10,09	9,56	9,09	8,70	8,40	8,18	8,01	7,91	7,89	7,86	7,83	7,74	7,65	7,47	7,30	7,13	6,96	6,79	6,62	11,13
13/08/2021 22:50:00	11,10	10,64	10,08	9,58	9,21	8,81	8,51	8,29	8,08	7,95	7,97	7,96	7,94	7,85	7,76	7,56	7,37	7,18	6,99	6,80	6,61	11,11
13/08/2021 22:55:00	11,19	10,65	10,14	9,65	9,23	8,83	8,54	8,34	8,14	8,02	8,04	8,03	8,02	7,93	7,84	7,65	7,47	7,29	7,10	6,92	6,74	11,14
13/08/2021 23:00:00	11,20	10,56	10,02	9,54	9,11	8,80	8,49	8,19	8,08	8,02	8,00	7,95	7,91	7,81	7,71	7,53	7,35	7,17	6,99	6,81	6,63	11,17
13/08/2021 23:05:00	11,06	10,66	10,08	9,51	8,99	8,70	8,40	8,10	8,00	7,96	7,95	7,95	7,94	7,87	7,80	7,65	7,49	7,34	7,18	7,02	6,87	11,08
13/08/2021 23:10:00	11,17	10,57	10,01	9,51	9,11	8,75	8,44	8,18	8,09	8,06	8,07	8,06	8,05	7,97	7,90	7,73	7,57	7,40	7,24	7,07	6,91	11,13
13/08/2021 23:15:00	11,08	10,73	10,10	9,55	9,17	8,78	8,43	8,14	7,98	7,93	8,05	8,13	8,21	8,17	8,13	7,96	7,79	7,62	7,45	7,28	7,12	11,13
13/08/2021 23:20:00	11,19	10,63	10,05	9,52	9,09	8,72	8,43	8,23	8,16	8,14	8,15	8,16	8,17	8,11	8,06	7,91	7,77	7,62	7,47	7,32	7,17	11,17
13/08/2021 23:25:00	11,09	10,48	9,93	9,42	8,98	8,65	8,41	8,24	8,18	8,18	8,20	8,23	8,25	8,20	8,16	8,02	7,89	7,74	7,60	7,45	7,30	11,10
13/08/2021 23:30:00	11,17	10,63	10,05	9,51	9,07	8,79	8,56	8,39	8,21	8,12	8,19	8,23	8,27	8,21	8,16	8,00	7,83	7,66	7,49	7,31	7,13	11,05
13/08/2021 23:35:00	11,11	10,55	10,06	9,54	9,00	8,74	8,49	8,24	8,15	8,11	8,08	8,05	8,03	7,95	7,87	7,72	7,56	7,41	7,25	7,09	6,94	11,05
13/08/2021 23:40:00	11,00	10,50	10,00	9,50	9,03	8,70	8,39	8,10	7,96	7,90	7,92	7,91	7,91	7,83	7,75	7,57	7,39	7,22	7,05	6,88	6,71	11,08
13/08/2021 23:45:00	11,10	10,52	9,97	9,46	9,01	8,71	8,48	8,30	8,18	8,14	8,20	8,23	8,27	8,22	8,17	8,02	7,87	7,71	7,56	7,40	7,24	11,13
13/08/2021 23:50:00	11,15	10,59	10,03	9,51	9,08	8,83	8,62	8,43	8,38	8,37	8,34	8,32	8,30	8,23	8,16	8,02	7,87	7,72	7,56	7,40	7,24	11,14
13/08/2021 23:55:00	11,05	10,58	9,99	9,43	8,95	8,58	8,30	8,10	8,02	8,01	8,06	8,10	8,14	8,11	8,08	7,95	7,82	7,68	7,54	7,41	7,27	11,07
