FileFormat:0002.2 file with temperature of atmosphere
SN105HE102 RTK
local	GMT or Local
0	GMT-Local=[hours]
20	Height[m]
0	0	0	Longitude                [grd]               [min]               [sec]
0	0	0	Latitude                [grd]               [min]               [sec]
N	NS
56,45	Freq[GHz]
0,00	dTemostat[K]
0,150	MessErr[K]
0,248	//[grad/step]
version 14.4.20120406
MTP5HE102F5645K-38.60I70D222917+A1.1
Commentary:
SN105HE102
парабола ДНА = 2,5 град
НЕ102 - ПУ - ХВБ с ЦСД " S "
АЦП - 202 - 09 с контр.U пит.и М
оптопара серии - 2
Т out № 178 пл
БП LPS - 112
End Of Commentary

SYSTEM\alaska.dat
data time	0	50	100	150	200	250	300	350	400	450	500	550	600	650	700	750	800	850	900	950	1000	OutsideTemperature
18/03/2022 00:00:00	-7,00	-6,95	-6,82	-6,75	-6,91	-7,32	-7,96	-8,79	-9,58	-10,23	-10,89	-11,46	-12,03	-12,34	-12,65	-12,80	-12,95	-13,10	-13,25	-13,37	-13,49	-6,97
18/03/2022 00:05:00	-7,14	-7,06	-6,98	-6,89	-7,01	-7,41	-7,93	-8,61	-9,29	-9,95	-10,65	-11,23	-11,81	-12,13	-12,44	-12,58	-12,72	-12,86	-13,00	-13,12	-13,24	-7,07
18/03/2022 00:10:00	-7,06	-7,26	-7,17	-7,09	-7,16	-7,42	-7,97	-8,65	-9,31	-9,97	-10,67	-11,26	-11,85	-12,17	-12,50	-12,65	-12,79	-12,94	-13,08	-13,20	-13,32	-7,11
18/03/2022 00:15:00	-7,22	-7,43	-7,33	-7,12	-7,11	-7,44	-8,03	-8,72	-9,39	-10,07	-10,79	-11,40	-12,02	-12,35	-12,69	-12,84	-13,00	-13,14	-13,28	-13,40	-13,51	-7,16
18/03/2022 00:20:00	-7,21	-7,37	-7,32	-7,14	-7,13	-7,44	-8,03	-8,74	-9,43	-10,12	-10,87	-11,52	-12,17	-12,55	-12,93	-13,12	-13,30	-13,47	-13,64	-13,77	-13,90	-7,13
18/03/2022 00:25:00	-7,22	-7,48	-7,45	-7,40	-7,52	-7,85	-8,45	-9,20	-9,92	-10,54	-11,20	-11,75	-12,31	-12,61	-12,91	-13,05	-13,19	-13,33	-13,46	-13,58	-13,69	-7,11
18/03/2022 00:30:00	-7,23	-7,52	-7,66	-7,65	-7,70	-7,93	-8,49	-9,10	-9,68	-10,29	-10,95	-11,54	-12,13	-12,47	-12,82	-12,99	-13,15	-13,32	-13,49	-13,61	-13,74	-7,25
18/03/2022 00:35:00	-7,26	-7,41	-7,55	-7,59	-7,74	-8,15	-8,73	-9,44	-10,12	-10,71	-11,35	-11,90	-12,45	-12,76	-13,06	-13,20	-13,35	-13,49	-13,64	-13,75	-13,87	-7,26
18/03/2022 00:40:00	-7,34	-7,61	-7,73	-7,71	-7,83	-8,23	-8,63	-9,32	-10,05	-10,58	-11,16	-11,68	-12,20	-12,50	-12,80	-12,96	-13,11	-13,27	-13,43	-13,55	-13,67	-7,39
18/03/2022 00:45:00	-7,48	-7,65	-7,77	-7,95	-8,21	-8,57	-9,11	-9,75	-10,37	-10,96	-11,60	-12,11	-12,62	-12,88	-13,14	-13,25	-13,35	-13,46	-13,58	-13,68	-13,79	-7,46
18/03/2022 00:50:00	-7,62	-7,94	-8,11	-8,12	-8,23	-8,58	-9,16	-9,86	-10,52	-11,06	-11,65	-12,18	-12,70	-13,00	-13,29	-13,44	-13,58	-13,73	-13,87	-13,98	-14,10	-7,54
18/03/2022 00:55:00	-7,66	-7,85	-8,16	-8,41	-8,67	-8,97	-9,39	-9,84	-10,29	-10,81	-11,37	-11,81	-12,26	-12,48	-12,70	-12,77	-12,85	-12,95	-13,05	-13,15	-13,25	-7,53
18/03/2022 01:00:00	-7,73	-7,90	-7,98	-7,91	-8,00	-8,41	-9,01	-9,72	-10,39	-11,02	-11,69	-12,26	-12,83	-13,15	-13,46	-13,61	-13,75	-13,89	-14,03	-14,14	-14,25	-7,61
18/03/2022 01:05:00	-7,82	-8,10	-8,29	-8,42	-8,54	-8,69	-9,13	-9,69	-10,25	-10,74	-11,29	-11,79	-12,28	-12,56	-12,85	-13,00	-13,14	-13,30	-13,45	-13,57	-13,70	-7,76
18/03/2022 01:10:00	-8,01	-8,16	-8,11	-8,01	-8,03	-8,27	-8,82	-9,57	-10,30	-10,87	-11,50	-12,08	-12,66	-13,00	-13,34	-13,52	-13,70	-13,88	-14,05	-14,18	-14,31	-7,92
18/03/2022 01:15:00	-7,93	-7,99	-8,12	-8,31	-8,68	-9,23	-9,85	-10,55	-11,16	-11,57	-11,98	-12,25	-12,53	-12,60	-12,67	-12,68	-12,69	-12,72	-12,75	-12,81	-12,87	-7,99
18/03/2022 01:20:00	-7,94	-8,05	-8,17	-8,36	-8,66	-9,05	-9,66	-10,35	-10,97	-11,38	-11,81	-12,15	-12,48	-12,62	-12,76	-12,81	-12,87	-12,94	-13,02	-13,10	-13,18	-8,01
18/03/2022 01:25:00	-8,05	-8,00	-8,16	-8,31	-8,56	-8,96	-9,44	-9,97	-10,49	-11,00	-11,53	-11,94	-12,35	-12,54	-12,73	-12,79	-12,86	-12,95	-13,03	-13,13	-13,22	-7,90
18/03/2022 01:30:00	-8,16	-8,24	-8,40	-8,62	-8,87	-9,15	-9,52	-10,01	-10,51	-10,98	-11,48	-11,87	-12,27	-12,47	-12,66	-12,73	-12,81	-12,91	-13,00	-13,10	-13,20	-7,94
18/03/2022 01:35:00	-7,90	-8,13	-8,22	-8,23	-8,31	-8,53	-9,02	-9,58	-10,14	-10,67	-11,24	-11,74	-12,24	-12,51	-12,78	-12,90	-13,03	-13,16	-13,29	-13,40	-13,51	-7,81
18/03/2022 01:40:00	-7,82	-7,96	-8,04	-8,02	-8,06	-8,23	-8,74	-9,29	-9,82	-10,38	-11,00	-11,53	-12,07	-12,38	-12,68	-12,83	-12,97	-13,12	-13,27	-13,39	-13,51	-7,74
18/03/2022 01:45:00	-7,83	-7,90	-8,03	-8,12	-8,28	-8,60	-9,10	-9,70	-10,27	-10,74	-11,25	-11,68	-12,11	-12,33	-12,56	-12,66	-12,77	-12,89	-13,01	-13,12	-13,22	-7,79
18/03/2022 01:50:00	-7,85	-8,15	-8,22	-8,18	-8,23	-8,47	-8,94	-9,43	-9,89	-10,42	-10,99	-11,44	-11,90	-12,13	-12,35	-12,44	-12,53	-12,63	-12,72	-12,82	-12,91	-7,89
18/03/2022 01:55:00	-8,04	-8,15	-8,28	-8,38	-8,54	-8,78	-9,15	-9,56	-10,00	-10,55	-11,14	-11,61	-12,07	-12,31	-12,54	-12,63	-12,71	-12,81	-12,92	-13,02	-13,12	-7,94
18/03/2022 02:00:00	-8,08	-8,22	-8,23	-8,25	-8,40	-8,73	-9,34	-9,99	-10,57	-11,04	-11,51	-11,90	-12,28	-12,44	-12,61	-12,68	-12,74	-12,82	-12,90	-12,98	-13,06	-8,19
18/03/2022 02:05:00	-8,04	-8,39	-8,56	-8,52	-8,42	-8,40	-8,74	-9,17	-9,63	-10,17	-10,81	-11,41	-12,02	-12,41	-12,79	-13,00	-13,21	-13,41	-13,61	-13,76	-13,91	-8,12
18/03/2022 02:10:00	-7,99	-8,35	-8,52	-8,61	-8,78	-9,08	-9,42	-9,83	-10,26	-10,75	-11,27	-11,66	-12,04	-12,21	-12,37	-12,41	-12,45	-12,51	-12,57	-12,65	-12,73	-8,11
18/03/2022 02:15:00	-8,12	-8,43	-8,39	-8,39	-8,61	-9,11	-9,78	-10,57	-11,24	-11,65	-12,04	-12,32	-12,61	-12,68	-12,76	-12,78	-12,79	-12,82	-12,85	-12,91	-12,96	-8,06
18/03/2022 02:20:00	-8,05	-8,37	-8,55	-8,84	-9,14	-9,39	-9,81	-10,32	-10,78	-11,08	-11,38	-11,59	-11,80	-11,85	-11,90	-11,91	-11,92	-11,96	-12,00	-12,07	-12,14	-8,02
18/03/2022 02:25:00	-8,22	-8,52	-8,47	-8,31	-8,25	-8,35	-8,77	-9,37	-9,99	-10,60	-11,27	-11,87	-12,47	-12,83	-13,19	-13,36	-13,54	-13,71	-13,88	-14,01	-14,14	-7,96
18/03/2022 02:30:00	-8,37	-8,52	-8,47	-8,36	-8,44	-8,79	-9,20	-9,71	-10,22	-10,79	-11,37	-11,80	-12,24	-12,43	-12,62	-12,68	-12,73	-12,79	-12,86	-12,94	-13,02	-8,25
18/03/2022 02:35:00	-8,39	-8,49	-8,54	-8,52	-8,68	-9,09	-9,69	-10,26	-10,74	-11,16	-11,58	-11,88	-12,18	-12,27	-12,36	-12,38	-12,39	-12,42	-12,46	-12,52	-12,58	-8,41
18/03/2022 02:40:00	-8,48	-8,81	-8,67	-8,64	-8,78	-9,04	-9,50	-10,01	-10,48	-10,99	-11,50	-11,83	-12,17	-12,27	-12,37	-12,36	-12,35	-12,37	-12,38	-12,43	-12,49	-8,43
18/03/2022 02:45:00	-8,47	-8,68	-8,69	-8,55	-8,47	-8,57	-8,97	-9,51	-10,04	-10,53	-11,07	-11,57	-12,06	-12,36	-12,65	-12,80	-12,96	-13,11	-13,26	-13,38	-13,51	-8,43
18/03/2022 02:50:00	-8,61	-8,76	-8,75	-8,68	-8,73	-8,95	-9,29	-9,83	-10,38	-10,85	-11,35	-11,78	-12,21	-12,43	-12,66	-12,76	-12,87	-12,99	-13,10	-13,20	-13,31	-8,65
18/03/2022 02:55:00	-8,70	-8,99	-8,96	-8,98	-9,11	-9,37	-9,75	-10,33	-10,86	-11,21	-11,56	-11,83	-12,11	-12,21	-12,31	-12,34	-12,38	-12,44	-12,49	-12,57	-12,64	-8,63
18/03/2022 03:00:00	-8,68	-9,10	-8,85	-8,45	-8,28	-8,49	-9,09	-9,90	-10,65	-11,25	-11,89	-12,48	-13,07	-13,40	-13,73	-13,91	-14,08	-14,23	-14,38	-14,49	-14,60	-8,76
18/03/2022 03:05:00	-8,77	-9,02	-9,49	-9,84	-9,90	-9,66	-9,49	-9,44	-9,56	-9,82	-10,19	-10,54	-10,88	-11,11	-11,33	-11,45	-11,56	-11,72	-11,87	-12,01	-12,15	-8,69
18/03/2022 03:10:00	-8,75	-9,02	-9,06	-9,06	-9,16	-9,44	-9,98	-10,55	-11,06	-11,48	-11,91	-12,25	-12,60	-12,74	-12,87	-12,93	-12,98	-13,04	-13,10	-13,18	-13,25	-8,69
18/03/2022 03:15:00	-8,78	-9,20	-9,45	-9,63	-9,71	-9,66	-9,75	-10,02	-10,36	-10,70	-11,10	-11,45	-11,80	-11,99	-12,18	-12,27	-12,37	-12,48	-12,60	-12,71	-12,83	-8,76
18/03/2022 03:20:00	-8,91	-8,92	-9,16	-9,35	-9,62	-10,01	-10,50	-10,95	-11,32	-11,63	-11,93	-12,12	-12,32	-12,35	-12,38	-12,37	-12,35	-12,37	-12,39	-12,44	-12,50	-8,83
18/03/2022 03:25:00	-8,66	-8,89	-8,50	-7,95	-7,64	-7,73	-8,22	-8,94	-9,66	-10,37	-11,14	-11,85	-12,56	-13,00	-13,43	-13,66	-13,88	-14,07	-14,27	-14,40	-14,54	-8,78
18/03/2022 03:30:00	-8,81	-8,86	-8,80	-8,70	-8,79	-9,17	-9,69	-10,21	-10,62	-10,94	-11,25	-11,45	-11,65	-11,67	-11,69	-11,68	-11,67	-11,67	-11,68	-11,73	-11,77	-9,00
18/03/2022 03:35:00	-8,98	-9,10	-9,04	-9,04	-9,06	-9,08	-9,32	-9,65	-10,03	-10,49	-11,00	-11,40	-11,80	-12,00	-12,20	-12,27	-12,35	-12,44	-12,53	-12,63	-12,73	-8,95
18/03/2022 03:40:00	-9,17	-9,40	-9,44	-9,17	-8,85	-8,66	-8,80	-9,20	-9,69	-10,21	-10,85	-11,53	-12,20	-12,67	-13,14	-13,42	-13,70	-13,96	-14,22	-14,40	-14,57	-9,18
18/03/2022 03:45:00	-9,24	-9,42	-9,24	-9,07	-9,14	-9,49	-9,94	-10,55	-11,11	-11,55	-11,99	-12,31	-12,63	-12,74	-12,84	-12,86	-12,89	-12,92	-12,95	-13,01	-13,07	-9,31
18/03/2022 03:50:00	-9,19	-9,48	-9,34	-9,05	-8,94	-9,11	-9,67	-10,39	-10,99	-11,35	-11,73	-12,09	-12,45	-12,63	-12,81	-12,92	-13,03	-13,13	-13,23	-13,32	-13,41	-9,34
18/03/2022 03:55:00	-9,31	-9,55	-9,34	-9,21	-9,31	-9,60	-9,82	-10,17	-10,56	-11,06	-11,55	-11,84	-12,14	-12,19	-12,25	-12,21	-12,16	-12,15	-12,13	-12,17	-12,21	-9,28
18/03/2022 04:00:00	-9,33	-9,60	-9,28	-8,95	-8,85	-9,05	-9,62	-10,28	-10,86	-11,34	-11,83	-12,22	-12,61	-12,78	-12,94	-13,00	-13,07	-13,12	-13,18	-13,25	-13,32	-9,32
18/03/2022 04:05:00	-9,33	-9,61	-9,43	-9,14	-9,04	-9,23	-9,59	-10,00	-10,40	-10,87	-11,36	-11,72	-12,08	-12,22	-12,36	-12,39	-12,42	-12,46	-12,50	-12,56	-12,63	-9,38
18/03/2022 04:10:00	-9,38	-9,78	-9,48	-9,08	-8,86	-8,90	-9,34	-9,94	-10,52	-11,04	-11,60	-12,09	-12,58	-12,84	-13,10	-13,23	-13,35	-13,47	-13,58	-13,68	-13,77	-9,43
18/03/2022 04:15:00	-9,37	-9,76	-9,57	-9,13	-8,85	-8,95	-9,48	-10,17	-10,75	-11,12	-11,54	-11,96	-12,38	-12,62	-12,85	-13,00	-13,15	-13,28	-13,41	-13,51	-13,61	-9,31
18/03/2022 04:20:00	-9,54	-9,77	-9,80	-9,62	-9,45	-9,43	-9,59	-9,92	-10,33	-10,79	-11,33	-11,83	-12,32	-12,62	-12,92	-13,06	-13,21	-13,36	-13,51	-13,63	-13,76	-9,63
18/03/2022 04:25:00	-9,86	-9,88	-9,86	-9,84	-9,88	-10,05	-10,28	-10,61	-10,97	-11,34	-11,73	-12,03	-12,32	-12,44	-12,55	-12,58	-12,62	-12,67	-12,72	-12,80	-12,88	-9,75
18/03/2022 04:30:00	-10,10	-10,15	-10,10	-9,77	-9,53	-9,56	-9,73	-10,08	-10,48	-10,89	-11,39	-11,85	-12,32	-12,60	-12,88	-13,03	-13,18	-13,32	-13,47	-13,59	-13,71	-9,95
18/03/2022 04:35:00	-10,20	-10,15	-9,97	-9,78	-9,68	-9,72	-10,01	-10,32	-10,64	-11,05	-11,49	-11,83	-12,17	-12,31	-12,46	-12,51	-12,56	-12,62	-12,68	-12,76	-12,84	-10,28
18/03/2022 04:40:00	-10,35	-10,03	-9,81	-9,64	-9,58	-9,68	-9,96	-10,29	-10,66	-11,09	-11,55	-11,90	-12,25	-12,41	-12,57	-12,62	-12,67	-12,74	-12,80	-12,89	-12,98	-10,46
18/03/2022 04:45:00	-10,33	-10,25	-9,94	-9,51	-9,27	-9,34	-9,65	-10,20	-10,72	-11,11	-11,55	-11,95	-12,36	-12,59	-12,82	-12,95	-13,08	-13,20	-13,33	-13,43	-13,54	-10,61
18/03/2022 04:50:00	-10,63	-10,41	-10,09	-9,68	-9,48	-9,62	-10,05	-10,57	-11,08	-11,59	-12,14	-12,62	-13,09	-13,34	-13,59	-13,71	-13,82	-13,93	-14,04	-14,14	-14,23	-10,66
18/03/2022 04:55:00	-10,74	-10,58	-10,28	-9,84	-9,54	-9,47	-9,63	-10,04	-10,50	-10,96	-11,49	-11,98	-12,48	-12,78	-13,08	-13,24	-13,40	-13,55	-13,71	-13,83	-13,96	-10,58
18/03/2022 05:00:00	-10,64	-10,34	-10,10	-9,87	-9,74	-9,72	-9,92	-10,31	-10,74	-11,15	-11,61	-12,01	-12,42	-12,64	-12,86	-12,97	-13,08	-13,20	-13,33	-13,44	-13,55	-10,76
18/03/2022 05:05:00	-10,50	-10,48	-10,07	-9,56	-9,20	-9,12	-9,40	-9,78	-10,24	-10,88	-11,58	-12,19	-12,79	-13,14	-13,50	-13,65	-13,81	-13,95	-14,09	-14,21	-14,32	-10,53
18/03/2022 05:10:00	-10,48	-10,28	-9,95	-9,49	-9,18	-9,15	-9,40	-9,87	-10,36	-10,81	-11,32	-11,81	-12,31	-12,61	-12,92	-13,09	-13,27	-13,43	-13,59	-13,72	-13,85	-10,46
18/03/2022 05:15:00	-10,34	-10,12	-9,78	-9,49	-9,34	-9,40	-9,84	-10,33	-10,80	-11,30	-11,82	-12,26	-12,69	-12,91	-13,13	-13,22	-13,31	-13,41	-13,51	-13,60	-13,69	-10,13
18/03/2022 05:20:00	-10,29	-10,36	-9,97	-9,50	-9,24	-9,27	-9,61	-10,20	-10,77	-11,23	-11,74	-12,20	-12,67	-12,92	-13,18	-13,32	-13,45	-13,58	-13,71	-13,81	-13,91	-10,19
18/03/2022 05:25:00	-10,79	-10,71	-10,30	-9,78	-9,45	-9,41	-9,58	-9,94	-10,39	-10,95	-11,57	-12,10	-12,63	-12,93	-13,22	-13,35	-13,49	-13,61	-13,74	-13,84	-13,95	-10,90
18/03/2022 05:30:00	-11,10	-10,81	-10,28	-9,74	-9,43	-9,38	-9,50	-9,92	-10,44	-11,00	-11,62	-12,17	-12,71	-13,03	-13,34	-13,49	-13,63	-13,77	-13,91	-14,03	-14,14	-11,23
18/03/2022 05:35:00	-11,38	-10,86	-10,39	-9,87	-9,51	-9,42	-9,56	-9,97	-10,40	-10,79	-11,25	-11,70	-12,14	-12,42	-12,70	-12,86	-13,03	-13,19	-13,34	-13,47	-13,60	-11,46
18/03/2022 05:40:00	-11,45	-10,99	-10,34	-9,77	-9,55	-9,72	-10,02	-10,49	-10,96	-11,42	-11,87	-12,20	-12,53	-12,65	-12,77	-12,80	-12,83	-12,86	-12,89	-12,95	-13,02	-11,54
18/03/2022 05:45:00	-11,47	-10,98	-10,49	-10,10	-9,87	-9,82	-10,00	-10,39	-10,81	-11,20	-11,64	-12,01	-12,39	-12,59	-12,79	-12,89	-12,98	-13,09	-13,20	-13,30	-13,40	-11,48
18/03/2022 05:50:00	-11,46	-11,11	-10,66	-10,03	-9,56	-9,39	-9,50	-9,86	-10,32	-10,87	-11,51	-12,13	-12,74	-13,14	-13,54	-13,76	-13,97	-14,17	-14,37	-14,51	-14,66	-11,21
18/03/2022 05:55:00	-11,36	-10,82	-10,39	-9,96	-9,60	-9,38	-9,39	-9,64	-10,00	-10,45	-10,99	-11,49	-11,99	-12,31	-12,63	-12,80	-12,97	-13,14	-13,31	-13,45	-13,59	-11,21
18/03/2022 06:00:00	-11,25	-10,77	-10,18	-9,56	-9,19	-9,13	-9,27	-9,65	-10,13	-10,70	-11,33	-11,88	-12,43	-12,76	-13,08	-13,23	-13,38	-13,52	-13,66	-13,78	-13,90	-11,27
18/03/2022 06:05:00	-11,31	-11,03	-10,35	-9,66	-9,25	-9,23	-9,59	-10,09	-10,57	-11,03	-11,52	-11,94	-12,36	-12,58	-12,80	-12,90	-13,01	-13,11	-13,20	-13,30	-13,39	-11,46
18/03/2022 06:10:00	-11,44	-10,80	-10,22	-9,66	-9,26	-9,13	-9,37	-9,73	-10,15	-10,63	-11,16	-11,65	-12,15	-12,44	-12,73	-12,89	-13,04	-13,19	-13,34	-13,46	-13,58	-11,55
18/03/2022 06:15:00	-11,48	-10,93	-10,35	-9,70	-9,27	-9,20	-9,34	-9,74	-10,18	-10,60	-11,08	-11,53	-11,99	-12,27	-12,55	-12,71	-12,86	-13,01	-13,16	-13,28	-13,40	-11,60
18/03/2022 06:20:00	-11,54	-10,94	-10,29	-9,61	-9,19	-9,12	-9,35	-9,77	-10,20	-10,64	-11,11	-11,55	-11,98	-12,23	-12,47	-12,61	-12,74	-12,87	-13,00	-13,11	-13,22	-11,85
18/03/2022 06:25:00	-11,66	-11,08	-10,27	-9,47	-9,04	-9,09	-9,38	-9,92	-10,44	-10,89	-11,36	-11,77	-12,18	-12,39	-12,60	-12,71	-12,82	-12,91	-13,01	-13,10	-13,19	-11,83
18/03/2022 06:30:00	-11,91	-11,46	-10,77	-9,97	-9,34	-9,03	-9,12	-9,42	-9,85	-10,44	-11,11	-11,76	-12,41	-12,83	-13,25	-13,48	-13,70	-13,90	-14,11	-14,25	-14,40	-12,01
18/03/2022 06:35:00	-12,10	-11,36	-10,68	-10,03	-9,60	-9,48	-9,70	-10,06	-10,49	-10,97	-11,51	-11,99	-12,47	-12,75	-13,04	-13,18	-13,32	-13,46	-13,59	-13,71	-13,82	-12,08
18/03/2022 06:40:00	-12,36	-11,80	-10,85	-9,87	-9,21	-9,08	-9,49	-10,05	-10,58	-11,07	-11,61	-12,13	-12,65	-12,95	-13,26	-13,44	-13,62	-13,76	-13,91	-14,02	-14,13	-12,38
18/03/2022 06:45:00	-12,54	-11,92	-11,01	-10,13	-9,54	-9,29	-9,35	-9,78	-10,26	-10,74	-11,28	-11,79	-12,29	-12,61	-12,92	-13,10	-13,28	-13,43	-13,59	-13,72	-13,84	-12,46
18/03/2022 06:50:00	-12,62	-11,89	-10,93	-9,97	-9,31	-9,08	-9,30	-9,79	-10,32	-10,85	-11,46	-12,04	-12,62	-12,99	-13,36	-13,58	-13,79	-13,97	-14,15	-14,29	-14,42	-12,50
18/03/2022 06:55:00	-12,46	-11,61	-10,69	-9,93	-9,48	-9,37	-9,55	-9,93	-10,35	-10,78	-11,24	-11,62	-12,00	-12,19	-12,38	-12,47	-12,56	-12,65	-12,73	-12,83	-12,92	-12,59
18/03/2022 07:00:00	-12,61	-11,73	-10,79	-9,93	-9,37	-9,18	-9,35	-9,80	-10,30	-10,84	-11,43	-11,98	-12,52	-12,85	-13,19	-13,37	-13,54	-13,70	-13,87	-13,99	-14,12	-12,66
18/03/2022 07:05:00	-12,70	-11,79	-10,76	-9,80	-9,20	-9,04	-9,22	-9,76	-10,33	-10,87	-11,46	-12,02	-12,58	-12,93	-13,28	-13,47	-13,67	-13,84	-14,01	-14,14	-14,27	-12,83
18/03/2022 07:10:00	-12,86	-12,07	-11,06	-9,96	-9,28	-9,15	-9,42	-9,99	-10,57	-11,15	-11,79	-12,40	-13,01	-13,40	-13,78	-14,00	-14,22	-14,40	-14,58	-14,71	-14,84	-12,89
18/03/2022 07:15:00	-12,88	-12,24	-11,29	-10,24	-9,48	-9,19	-9,36	-9,75	-10,25	-10,84	-11,51	-12,16	-12,81	-13,22	-13,64	-13,87	-14,09	-14,29	-14,48	-14,62	-14,76	-12,81
18/03/2022 07:20:00	-12,83	-12,09	-11,17	-10,29	-9,72	-9,53	-9,67	-10,14	-10,63	-11,08	-11,58	-12,05	-12,52	-12,80	-13,08	-13,24	-13,40	-13,55	-13,69	-13,81	-13,92	-12,74
18/03/2022 07:25:00	-13,02	-12,31	-11,32	-10,38	-9,72	-9,44	-9,59	-9,92	-10,34	-10,84	-11,39	-11,88	-12,38	-12,66	-12,95	-13,10	-13,25	-13,38	-13,51	-13,62	-13,74	-12,86
18/03/2022 07:30:00	-12,99	-12,21	-11,10	-10,06	-9,36	-9,10	-9,32	-9,79	-10,29	-10,79	-11,33	-11,84	-12,34	-12,65	-12,95	-13,12	-13,29	-13,43	-13,57	-13,69	-13,81	-13,00
18/03/2022 07:35:00	-13,17	-12,14	-11,22	-10,35	-9,72	-9,39	-9,34	-9,63	-10,03	-10,50	-11,05	-11,57	-12,10	-12,45	-12,79	-12,99	-13,18	-13,36	-13,54	-13,68	-13,83	-13,17
18/03/2022 07:40:00	-13,23	-12,14	-10,94	-9,91	-9,24	-9,03	-9,39	-9,79	-10,28	-10,87	-11,50	-12,05	-12,60	-12,91	-13,23	-13,38	-13,53	-13,66	-13,79	-13,90	-14,01	-13,30
18/03/2022 07:45:00	-13,18	-12,21	-11,13	-10,16	-9,52	-9,29	-9,40	-9,82	-10,29	-10,78	-11,33	-11,84	-12,35	-12,66	-12,96	-13,13	-13,30	-13,45	-13,61	-13,73	-13,85	-13,07
18/03/2022 07:50:00	-12,95	-11,88	-11,18	-10,51	-9,98	-9,69	-9,77	-9,97	-10,28	-10,71	-11,22	-11,70	-12,18	-12,49	-12,79	-12,96	-13,13	-13,30	-13,46	-13,60	-13,73	-12,89
18/03/2022 07:55:00	-12,79	-11,80	-10,87	-9,99	-9,38	-9,15	-9,35	-9,78	-10,24	-10,69	-11,20	-11,70	-12,19	-12,51	-12,83	-13,03	-13,22	-13,39	-13,57	-13,70	-13,84	-12,91
18/03/2022 08:00:00	-12,56	-11,56	-10,60	-9,74	-9,17	-9,01	-9,30	-9,78	-10,27	-10,76	-11,29	-11,79	-12,28	-12,59	-12,89	-13,06	-13,23	-13,38	-13,54	-13,66	-13,78	-12,70
18/03/2022 08:05:00	-12,51	-11,39	-10,43	-9,56	-9,08	-9,05	-9,32	-9,79	-10,31	-10,85	-11,43	-11,92	-12,42	-12,70	-12,98	-13,11	-13,25	-13,38	-13,50	-13,61	-13,72	-12,66
18/03/2022 08:10:00	-12,36	-11,66	-10,76	-9,85	-9,26	-9,09	-9,27	-9,73	-10,23	-10,72	-11,26	-11,78	-12,30	-12,61	-12,93	-13,11	-13,29	-13,45	-13,61	-13,73	-13,86	-12,21
18/03/2022 08:15:00	-12,04	-11,33	-10,58	-9,82	-9,35	-9,25	-9,38	-9,83	-10,30	-10,73	-11,22	-11,67	-12,13	-12,40	-12,67	-12,82	-12,97	-13,12	-13,26	-13,38	-13,49	-12,19
18/03/2022 08:20:00	-11,98	-11,23	-10,41	-9,69	-9,29	-9,27	-9,54	-9,98	-10,43	-10,88	-11,34	-11,72	-12,09	-12,28	-12,46	-12,55	-12,63	-12,72	-12,80	-12,89	-12,98	-11,93
18/03/2022 08:25:00	-11,99	-11,21	-10,35	-9,51	-8,98	-8,84	-9,03	-9,54	-10,05	-10,50	-11,00	-11,48	-11,96	-12,25	-12,55	-12,73	-12,90	-13,06	-13,22	-13,35	-13,48	-11,87
18/03/2022 08:30:00	-12,01	-11,27	-10,30	-9,37	-8,75	-8,56	-8,79	-9,30	-9,86	-10,42	-11,05	-11,64	-12,23	-12,60	-12,98	-13,18	-13,39	-13,57	-13,76	-13,89	-14,03	-11,65
18/03/2022 08:35:00	-11,99	-11,09	-10,17	-9,31	-8,84	-8,81	-9,05	-9,57	-10,14	-10,72	-11,34	-11,89	-12,43	-12,75	-13,07	-13,23	-13,38	-13,53	-13,67	-13,79	-13,91	-11,20
18/03/2022 08:40:00	-11,71	-10,88	-9,78	-8,86	-8,40	-8,41	-8,70	-9,31	-9,92	-10,46	-11,02	-11,48	-11,94	-12,18	-12,42	-12,54	-12,66	-12,77	-12,87	-12,97	-13,07	-11,44
18/03/2022 08:45:00	-11,50	-10,67	-9,55	-8,61	-8,11	-8,08	-8,40	-9,01	-9,62	-10,18	-10,76	-11,25	-11,74	-12,00	-12,27	-12,40	-12,54	-12,65	-12,77	-12,87	-12,98	-11,48
18/03/2022 08:50:00	-11,39	-10,41	-9,37	-8,50	-8,09	-8,16	-8,52	-9,08	-9,66	-10,22	-10,79	-11,24	-11,70	-11,93	-12,16	-12,26	-12,37	-12,46	-12,55	-12,65	-12,74	-11,27
18/03/2022 08:55:00	-11,31	-10,27	-9,05	-8,09	-7,64	-7,71	-8,24	-8,96	-9,62	-10,21	-10,79	-11,26	-11,74	-11,98	-12,21	-12,33	-12,45	-12,54	-12,64	-12,73	-12,83	-11,20
18/03/2022 09:00:00	-11,27	-10,46	-9,35	-8,25	-7,60	-7,52	-7,87	-8,57	-9,22	-9,76	-10,33	-10,88	-11,43	-11,78	-12,12	-12,34	-12,55	-12,73	-12,90	-13,04	-13,17	-11,44
18/03/2022 09:05:00	-11,58	-10,85	-9,68	-8,60	-7,96	-7,87	-8,23	-8,82	-9,46	-10,12	-10,81	-11,43	-12,05	-12,41	-12,76	-12,95	-13,13	-13,28	-13,43	-13,55	-13,67	-11,55
18/03/2022 09:10:00	-11,68	-11,15	-9,90	-8,51	-7,70	-7,65	-7,93	-8,66	-9,37	-9,98	-10,62	-11,23	-11,84	-12,22	-12,59	-12,80	-13,02	-13,19	-13,36	-13,48	-13,60	-11,79
18/03/2022 09:15:00	-12,02	-11,07	-9,82	-8,66	-8,01	-7,96	-8,33	-9,05	-9,69	-10,16	-10,65	-11,10	-11,55	-11,81	-12,07	-12,23	-12,40	-12,53	-12,66	-12,77	-12,88	-12,43
18/03/2022 09:20:00	-12,51	-11,38	-9,94	-8,68	-7,92	-7,76	-8,05	-8,64	-9,26	-9,87	-10,50	-11,08	-11,65	-11,99	-12,33	-12,52	-12,71	-12,86	-13,01	-13,13	-13,25	-12,91
18/03/2022 09:25:00	-12,26	-11,30	-9,97	-8,70	-7,89	-7,67	-8,00	-8,62	-9,24	-9,81	-10,42	-11,01	-11,60	-11,97	-12,34	-12,55	-12,77	-12,95	-13,13	-13,27	-13,40	-11,80
18/03/2022 09:30:00	-11,94	-11,07	-9,97	-8,95	-8,29	-8,08	-8,37	-8,91	-9,46	-10,00	-10,58	-11,13	-11,67	-12,02	-12,36	-12,56	-12,75	-12,92	-13,10	-13,23	-13,36	-11,84
18/03/2022 09:35:00	-11,89	-11,05	-9,92	-8,93	-8,33	-8,20	-8,47	-9,01	-9,57	-10,12	-10,69	-11,20	-11,70	-11,99	-12,28	-12,44	-12,59	-12,73	-12,86	-12,97	-13,09	-10,90
18/03/2022 09:40:00	-12,00	-11,34	-10,14	-8,94	-8,20	-8,05	-8,31	-8,83	-9,37	-9,91	-10,49	-11,00	-11,52	-11,81	-12,11	-12,27	-12,43	-12,55	-12,68	-12,79	-12,90	-11,44
18/03/2022 09:45:00	-11,99	-11,27	-10,23	-9,17	-8,45	-8,20	-8,38	-8,80	-9,27	-9,77	-10,33	-10,86	-11,38	-11,71	-12,04	-12,23	-12,42	-12,58	-12,75	-12,87	-13,00	-12,00
18/03/2022 09:50:00	-11,85	-10,84	-9,74	-8,81	-8,30	-8,23	-8,40	-8,85	-9,39	-10,00	-10,63	-11,17	-11,70	-11,99	-12,29	-12,43	-12,56	-12,69	-12,81	-12,92	-13,04	-11,15
18/03/2022 09:55:00	-11,67	-10,84	-9,83	-8,81	-8,18	-8,06	-8,30	-8,83	-9,38	-9,93	-10,53	-11,09	-11,66	-12,01	-12,36	-12,56	-12,76	-12,93	-13,10	-13,23	-13,37	-11,62
18/03/2022 10:00:00	-11,44	-10,77	-9,77	-8,92	-8,41	-8,28	-8,53	-9,09	-9,63	-10,08	-10,57	-11,00	-11,44	-11,69	-11,94	-12,08	-12,22	-12,35	-12,48	-12,59	-12,70	-10,81
18/03/2022 10:05:00	-11,24	-10,52	-9,61	-8,81	-8,39	-8,38	-8,60	-9,12	-9,65	-10,12	-10,61	-11,03	-11,44	-11,66	-11,88	-11,99	-12,10	-12,21	-12,31	-12,41	-12,51	-10,40
18/03/2022 10:10:00	-11,08	-10,66	-9,74	-8,79	-8,23	-8,15	-8,41	-8,97	-9,50	-9,94	-10,40	-10,83	-11,26	-11,50	-11,73	-11,88	-12,02	-12,14	-12,26	-12,36	-12,47	-10,24
18/03/2022 10:15:00	-10,87	-10,54	-9,63	-8,73	-8,24	-8,24	-8,56	-9,12	-9,65	-10,08	-10,51	-10,87	-11,23	-11,41	-11,58	-11,67	-11,76	-11,84	-11,92	-12,00	-12,09	-10,32
18/03/2022 10:20:00	-10,83	-10,58	-9,68	-8,72	-8,13	-8,04	-8,33	-9,03	-9,69	-10,12	-10,59	-11,07	-11,54	-11,84	-12,13	-12,32	-12,51	-12,68	-12,84	-12,96	-13,08	-10,63
18/03/2022 10:25:00	-10,82	-10,37	-9,65	-8,90	-8,50	-8,57	-8,92	-9,48	-9,98	-10,34	-10,72	-11,05	-11,38	-11,54	-11,70	-11,80	-11,90	-11,98	-12,07	-12,16	-12,25	-9,93
18/03/2022 10:30:00	-10,73	-10,31	-9,57	-8,80	-8,35	-8,29	-8,49	-9,01	-9,54	-9,97	-10,43	-10,86	-11,29	-11,54	-11,78	-11,93	-12,07	-12,21	-12,34	-12,45	-12,56	-10,10
18/03/2022 10:35:00	-10,56	-10,03	-9,32	-8,50	-7,96	-7,82	-7,98	-8,46	-9,00	-9,54	-10,15	-10,74	-11,32	-11,70	-12,09	-12,31	-12,53	-12,72	-12,92	-13,07	-13,22	-9,02
18/03/2022 10:40:00	-10,41	-9,91	-8,94	-8,02	-7,51	-7,47	-7,83	-8,50	-9,16	-9,73	-10,33	-10,87	-11,42	-11,74	-12,06	-12,24	-12,42	-12,57	-12,72	-12,84	-12,96	-8,46
18/03/2022 10:45:00	-10,14	-9,63	-8,72	-7,92	-7,50	-7,51	-8,03	-8,66	-9,25	-9,82	-10,40	-10,89	-11,37	-11,63	-11,88	-12,01	-12,13	-12,24	-12,35	-12,45	-12,55	-9,26
18/03/2022 10:50:00	-10,16	-9,47	-8,65	-7,87	-7,44	-7,43	-7,82	-8,40	-9,01	-9,64	-10,31	-10,91	-11,51	-11,86	-12,22	-12,40	-12,58	-12,75	-12,91	-13,04	-13,17	-10,20
18/03/2022 10:55:00	-10,04	-9,17	-8,25	-7,57	-7,33	-7,56	-8,03	-8,78	-9,50	-10,07	-10,65	-11,12	-11,59	-11,83	-12,07	-12,19	-12,31	-12,41	-12,52	-12,62	-12,72	-10,09
18/03/2022 11:00:00	-9,86	-8,74	-7,89	-7,33	-7,19	-7,45	-8,03	-8,72	-9,38	-10,02	-10,67	-11,17	-11,68	-11,93	-12,19	-12,30	-12,40	-12,51	-12,61	-12,72	-12,82	-9,80
18/03/2022 11:05:00	-9,83	-8,57	-7,68	-7,23	-7,16	-7,40	-7,96	-8,69	-9,39	-10,01	-10,63	-11,12	-11,61	-11,86	-12,10	-12,21	-12,32	-12,43	-12,55	-12,65	-12,76	-10,03
18/03/2022 11:10:00	-9,71	-8,52	-7,78	-7,37	-7,36	-7,71	-8,37	-9,14	-9,84	-10,46	-11,07	-11,54	-12,01	-12,23	-12,46	-12,55	-12,64	-12,74	-12,83	-12,93	-13,03	-10,03
18/03/2022 11:15:00	-9,39	-8,03	-7,37	-7,13	-7,30	-7,83	-8,66	-9,47	-10,15	-10,74	-11,28	-11,66	-12,05	-12,19	-12,33	-12,37	-12,41	-12,47	-12,52	-12,60	-12,68	-8,98
18/03/2022 11:20:00	-8,98	-7,83	-7,36	-7,19	-7,33	-7,77	-8,50	-9,24	-9,89	-10,47	-11,04	-11,48	-11,92	-12,13	-12,34	-12,43	-12,52	-12,62	-12,72	-12,82	-12,92	-8,21
18/03/2022 11:25:00	-8,60	-7,54	-7,11	-6,99	-7,22	-7,79	-8,51	-9,33	-10,07	-10,67	-11,25	-11,69	-12,12	-12,32	-12,51	-12,58	-12,66	-12,74	-12,83	-12,92	-13,02	-7,20
18/03/2022 11:30:00	-8,63	-7,62	-7,16	-7,04	-7,17	-7,48	-8,07	-8,76	-9,43	-10,07	-10,72	-11,25	-11,77	-12,05	-12,33	-12,45	-12,57	-12,70	-12,84	-12,96	-13,08	-7,73
18/03/2022 11:35:00	-8,61	-7,37	-6,91	-6,85	-7,11	-7,61	-8,29	-9,03	-9,71	-10,27	-10,81	-11,21	-11,61	-11,78	-11,96	-12,03	-12,10	-12,18	-12,27	-12,37	-12,47	-8,33
18/03/2022 11:40:00	-8,40	-7,45	-7,09	-6,90	-6,97	-7,33	-7,93	-8,58	-9,21	-9,87	-10,55	-11,11	-11,67	-11,97	-12,28	-12,42	-12,55	-12,70	-12,84	-12,96	-13,09	-8,45
18/03/2022 11:45:00	-8,20	-7,52	-7,09	-6,81	-6,89	-7,41	-8,09	-8,88	-9,61	-10,24	-10,87	-11,37	-11,86	-12,10	-12,34	-12,44	-12,54	-12,64	-12,75	-12,84	-12,94	-8,18
18/03/2022 11:50:00	-8,13	-7,23	-6,55	-6,30	-6,48	-6,98	-8,01	-9,02	-9,86	-10,54	-11,18	-11,65	-12,12	-12,32	-12,52	-12,59	-12,67	-12,74	-12,81	-12,89	-12,97	-7,81
18/03/2022 11:55:00	-7,90	-7,03	-6,38	-6,08	-6,28	-6,95	-7,89	-8,93	-9,85	-10,60	-11,31	-11,83	-12,35	-12,57	-12,80	-12,87	-12,95	-13,02	-13,09	-13,17	-13,25	-7,24
18/03/2022 12:00:00	-7,49	-6,40	-5,99	-6,00	-6,44	-7,22	-8,29	-9,25	-10,04	-10,77	-11,45	-11,91	-12,36	-12,51	-12,67	-12,68	-12,70	-12,74	-12,77	-12,84	-12,90	-7,04
18/03/2022 12:05:00	-6,97	-6,08	-6,07	-6,42	-6,98	-7,68	-8,47	-9,24	-9,93	-10,53	-11,13	-11,54	-11,96	-12,13	-12,30	-12,34	-12,39	-12,46	-12,54	-12,63	-12,73	-6,05
18/03/2022 12:10:00	-6,23	-5,80	-6,10	-6,58	-7,17	-7,89	-8,62	-9,37	-10,06	-10,56	-11,06	-11,43	-11,80	-11,95	-12,11	-12,16	-12,22	-12,31	-12,39	-12,49	-12,59	-5,57
18/03/2022 12:15:00	-5,89	-5,95	-6,33	-6,75	-7,25	-7,91	-8,62	-9,31	-9,91	-10,42	-10,94	-11,32	-11,70	-11,86	-12,01	-12,06	-12,10	-12,17	-12,25	-12,33	-12,42	-5,61
18/03/2022 12:20:00	-5,50	-5,67	-6,06	-6,57	-7,15	-7,76	-8,38	-9,11	-9,83	-10,33	-10,85	-11,24	-11,63	-11,81	-11,98	-12,05	-12,11	-12,21	-12,31	-12,41	-12,51	-5,14
18/03/2022 12:25:00	-5,35	-5,63	-5,95	-6,41	-7,03	-7,72	-8,54	-9,32	-9,96	-10,58	-11,17	-11,57	-11,97	-12,10	-12,23	-12,24	-12,24	-12,28	-12,31	-12,38	-12,45	-4,99
18/03/2022 12:30:00	-5,18	-5,36	-5,90	-6,58	-7,30	-8,00	-8,78	-9,49	-10,08	-10,56	-11,03	-11,35	-11,66	-11,75	-11,85	-11,85	-11,86	-11,90	-11,94	-12,02	-12,09	-5,05
18/03/2022 12:35:00	-4,93	-5,25	-5,73	-6,29	-6,95	-7,73	-8,63	-9,41	-9,99	-10,54	-11,05	-11,38	-11,70	-11,78	-11,86	-11,84	-11,82	-11,84	-11,86	-11,91	-11,97	-4,56
18/03/2022 12:40:00	-4,71	-4,98	-5,45	-6,14	-6,94	-7,67	-8,47	-9,23	-9,89	-10,46	-11,02	-11,37	-11,73	-11,83	-11,94	-11,93	-11,92	-11,95	-11,98	-12,05	-12,12	-4,19
18/03/2022 12:45:00	-4,66	-4,91	-5,33	-5,74	-6,27	-7,05	-7,81	-8,59	-9,29	-9,92	-10,55	-11,02	-11,49	-11,69	-11,90	-11,96	-12,03	-12,12	-12,20	-12,30	-12,39	-3,44
18/03/2022 12:50:00	-4,58	-4,79	-5,15	-5,72	-6,41	-7,13	-7,85	-8,64	-9,38	-9,99	-10,60	-11,03	-11,47	-11,65	-11,83	-11,87	-11,92	-12,00	-12,08	-12,17	-12,26	-3,07
18/03/2022 12:55:00	-4,25	-4,89	-5,33	-5,74	-6,21	-6,72	-7,48	-8,33	-9,13	-9,74	-10,39	-10,94	-11,49	-11,79	-12,09	-12,23	-12,37	-12,53	-12,68	-12,80	-12,93	-2,32
18/03/2022 13:00:00	-4,39	-4,58	-5,09	-5,73	-6,42	-7,15	-7,96	-8,74	-9,42	-10,06	-10,71	-11,20	-11,68	-11,90	-12,11	-12,18	-12,25	-12,34	-12,44	-12,54	-12,64	-4,01
18/03/2022 13:05:00	-4,06	-4,66	-5,30	-5,86	-6,50	-7,41	-8,11	-8,90	-9,65	-10,25	-10,84	-11,28	-11,72	-11,90	-12,09	-12,14	-12,19	-12,27	-12,35	-12,44	-12,52	-4,06
18/03/2022 13:10:00	-4,16	-4,67	-5,34	-5,90	-6,49	-7,26	-8,10	-8,85	-9,47	-10,06	-10,66	-11,11	-11,56	-11,75	-11,94	-11,99	-12,05	-12,13	-12,21	-12,30	-12,39	-4,41
18/03/2022 13:15:00	-4,10	-4,51	-5,00	-5,51	-6,11	-6,84	-7,66	-8,57	-9,43	-10,06	-10,70	-11,23	-11,75	-12,01	-12,28	-12,40	-12,52	-12,65	-12,78	-12,89	-13,01	-4,13
18/03/2022 13:20:00	-4,15	-4,51	-4,97	-5,52	-6,19	-6,93	-7,81	-8,71	-9,52	-10,16	-10,80	-11,29	-11,77	-11,99	-12,21	-12,28	-12,36	-12,46	-12,56	-12,66	-12,75	-3,34
18/03/2022 13:25:00	-4,07	-4,71	-5,14	-5,58	-6,07	-6,58	-7,36	-8,20	-8,97	-9,68	-10,42	-11,04	-11,66	-11,99	-12,33	-12,47	-12,62	-12,77	-12,93	-13,05	-13,18	-3,02
18/03/2022 13:30:00	-4,11	-4,63	-5,35	-6,09	-6,79	-7,51	-8,18	-8,76	-9,23	-9,85	-10,47	-10,90	-11,33	-11,49	-11,65	-11,67	-11,69	-11,74	-11,80	-11,88	-11,97	-4,61
18/03/2022 13:35:00	-3,99	-4,60	-5,20	-5,75	-6,32	-7,01	-7,73	-8,48	-9,19	-9,80	-10,43	-10,93	-11,43	-11,67	-11,91	-12,00	-12,09	-12,21	-12,32	-12,42	-12,53	-3,43
18/03/2022 13:40:00	-3,85	-4,11	-4,63	-5,18	-5,78	-6,42	-7,36	-8,31	-9,15	-9,87	-10,63	-11,27	-11,92	-12,28	-12,64	-12,81	-12,98	-13,16	-13,34	-13,48	-13,62	-3,03
18/03/2022 13:45:00	-4,16	-4,60	-5,17	-5,78	-6,43	-7,12	-7,94	-8,77	-9,48	-10,08	-10,68	-11,16	-11,63	-11,84	-12,06	-12,14	-12,23	-12,33	-12,44	-12,54	-12,64	-4,46
18/03/2022 13:50:00	-3,98	-4,34	-4,95	-5,71	-6,55	-7,45	-8,25	-8,99	-9,62	-10,26	-10,88	-11,28	-11,67	-11,79	-11,91	-11,90	-11,88	-11,91	-11,94	-12,01	-12,07	-4,56
18/03/2022 13:55:00	-3,94	-4,52	-5,09	-5,62	-6,13	-6,62	-7,30	-8,02	-8,72	-9,45	-10,23	-10,89	-11,56	-11,94	-12,32	-12,49	-12,66	-12,84	-13,03	-13,17	-13,31	-4,34
18/03/2022 14:00:00	-4,05	-4,42	-4,98	-5,60	-6,31	-7,14	-7,99	-8,83	-9,57	-10,12	-10,65	-11,02	-11,39	-11,53	-11,66	-11,69	-11,72	-11,79	-11,85	-11,93	-12,01	-4,73
18/03/2022 14:05:00	-4,01	-4,44	-4,85	-5,35	-5,98	-6,66	-7,56	-8,46	-9,25	-9,92	-10,58	-11,09	-11,60	-11,83	-12,07	-12,15	-12,23	-12,33	-12,43	-12,52	-12,62	-4,53
18/03/2022 14:10:00	-4,19	-4,61	-5,11	-5,73	-6,47	-7,31	-8,12	-8,89	-9,53	-10,18	-10,82	-11,23	-11,65	-11,79	-11,92	-11,92	-11,92	-11,95	-11,99	-12,05	-12,12	-4,56
18/03/2022 14:15:00	-4,26	-4,81	-5,20	-5,57	-6,07	-6,77	-7,56	-8,44	-9,26	-9,97	-10,70	-11,28	-11,87	-12,16	-12,46	-12,58	-12,69	-12,82	-12,95	-13,06	-13,17	-4,44
18/03/2022 14:20:00	-4,23	-4,67	-5,09	-5,58	-6,20	-6,94	-7,86	-8,76	-9,54	-10,20	-10,85	-11,34	-11,83	-12,04	-12,25	-12,31	-12,37	-12,46	-12,54	-12,63	-12,72	-4,79
18/03/2022 14:25:00	-4,16	-4,71	-5,15	-5,54	-6,03	-6,76	-7,59	-8,50	-9,33	-10,02	-10,74	-11,32	-11,90	-12,20	-12,50	-12,62	-12,75	-12,88	-13,01	-13,12	-13,23	-3,72
18/03/2022 14:30:00	-3,91	-4,40	-5,02	-5,55	-6,04	-6,56	-7,41	-8,23	-8,94	-9,58	-10,26	-10,86	-11,45	-11,79	-12,13	-12,29	-12,46	-12,64	-12,81	-12,95	-13,08	-3,56
18/03/2022 14:35:00	-4,18	-4,60	-5,06	-5,60	-6,19	-6,77	-7,66	-8,50	-9,21	-9,91	-10,62	-11,19	-11,75	-12,03	-12,31	-12,41	-12,52	-12,64	-12,76	-12,87	-12,98	-3,86
18/03/2022 14:40:00	-4,06	-4,51	-4,90	-5,42	-6,08	-6,85	-7,77	-8,70	-9,51	-10,13	-10,74	-11,19	-11,63	-11,81	-11,99	-12,04	-12,09	-12,16	-12,24	-12,32	-12,40	-4,18
18/03/2022 14:45:00	-3,77	-4,18	-4,74	-5,33	-6,00	-6,71	-7,56	-8,43	-9,23	-9,87	-10,52	-11,03	-11,55	-11,80	-12,06	-12,16	-12,27	-12,39	-12,52	-12,63	-12,74	-3,81
18/03/2022 14:50:00	-3,81	-4,23	-4,79	-5,42	-6,19	-7,09	-8,05	-9,02	-9,88	-10,45	-11,01	-11,41	-11,82	-11,96	-12,11	-12,15	-12,19	-12,26	-12,33	-12,41	-12,49	-3,09
18/03/2022 14:55:00	-3,97	-4,44	-4,82	-5,21	-5,78	-6,62	-7,57	-8,57	-9,44	-10,20	-10,96	-11,55	-12,15	-12,43	-12,71	-12,81	-12,91	-13,02	-13,12	-13,22	-13,32	-4,29
18/03/2022 15:00:00	-4,02	-4,58	-4,96	-5,45	-6,09	-6,84	-7,78	-8,70	-9,46	-10,14	-10,80	-11,27	-11,74	-11,93	-12,11	-12,15	-12,19	-12,25	-12,31	-12,39	-12,47	-3,91
18/03/2022 15:05:00	-3,86	-4,40	-5,01	-5,65	-6,36	-7,21	-8,03	-8,89	-9,69	-10,24	-10,78	-11,19	-11,59	-11,75	-11,91	-11,96	-12,01	-12,09	-12,17	-12,26	-12,34	-4,22
18/03/2022 15:10:00	-3,95	-4,52	-5,06	-5,57	-6,17	-6,93	-7,77	-8,61	-9,34	-9,99	-10,64	-11,13	-11,62	-11,84	-12,05	-12,12	-12,19	-12,28	-12,37	-12,46	-12,55	-4,34
18/03/2022 15:15:00	-3,91	-4,42	-5,02	-5,63	-6,28	-6,99	-7,65	-8,35	-9,01	-9,73	-10,47	-11,04	-11,61	-11,89	-12,17	-12,26	-12,36	-12,47	-12,59	-12,70	-12,81	-4,21
18/03/2022 15:20:00	-4,01	-4,54	-5,02	-5,52	-6,13	-6,87	-7,76	-8,66	-9,43	-10,08	-10,73	-11,23	-11,73	-11,95	-12,18	-12,26	-12,34	-12,43	-12,53	-12,63	-12,72	-4,25
18/03/2022 15:25:00	-4,06	-4,47	-4,98	-5,50	-6,19	-7,12	-8,02	-8,94	-9,75	-10,43	-11,09	-11,57	-12,04	-12,24	-12,43	-12,48	-12,52	-12,59	-12,66	-12,75	-12,83	-3,99
18/03/2022 15:30:00	-4,11	-4,51	-4,97	-5,50	-6,15	-6,95	-7,87	-8,79	-9,60	-10,25	-10,90	-11,39	-11,88	-12,09	-12,31	-12,38	-12,45	-12,54	-12,63	-12,72	-12,81	-4,49
18/03/2022 15:35:00	-4,04	-4,39	-4,92	-5,51	-6,13	-6,79	-7,61	-8,43	-9,17	-9,85	-10,56	-11,13	-11,70	-12,00	-12,29	-12,41	-12,53	-12,67	-12,81	-12,93	-13,05	-3,85
18/03/2022 15:40:00	-4,02	-4,40	-4,93	-5,54	-6,23	-7,01	-7,92	-8,84	-9,63	-10,23	-10,83	-11,28	-11,72	-11,92	-12,11	-12,18	-12,25	-12,34	-12,44	-12,53	-12,63	-3,95
18/03/2022 15:45:00	-4,03	-4,47	-4,97	-5,47	-6,09	-6,88	-7,77	-8,65	-9,41	-10,06	-10,72	-11,21	-11,70	-11,92	-12,13	-12,20	-12,27	-12,36	-12,45	-12,55	-12,64	-4,37
18/03/2022 15:50:00	-3,96	-4,52	-5,04	-5,55	-6,09	-6,73	-7,47	-8,26	-8,99	-9,75	-10,54	-11,19	-11,83	-12,18	-12,52	-12,66	-12,80	-12,95	-13,11	-13,23	-13,35	-4,33
18/03/2022 15:55:00	-4,10	-4,58	-5,13	-5,65	-6,16	-6,78	-7,39	-8,07	-8,73	-9,48	-10,28	-10,93	-11,57	-11,93	-12,28	-12,43	-12,57	-12,73	-12,89	-13,02	-13,15	-3,76
18/03/2022 16:00:00	-4,01	-4,43	-4,82	-5,35	-6,07	-6,97	-7,89	-8,85	-9,71	-10,44	-11,15	-11,66	-12,17	-12,37	-12,57	-12,62	-12,66	-12,73	-12,80	-12,88	-12,95	-4,22
18/03/2022 16:05:00	-4,26	-4,52	-4,88	-5,40	-6,14	-7,06	-8,00	-8,93	-9,71	-10,42	-11,11	-11,57	-12,03	-12,19	-12,35	-12,36	-12,38	-12,42	-12,46	-12,52	-12,59	-4,56
18/03/2022 16:10:00	-4,08	-4,40	-4,88	-5,48	-6,21	-7,02	-7,92	-8,86	-9,73	-10,33	-10,92	-11,36	-11,81	-11,99	-12,18	-12,25	-12,31	-12,40	-12,49	-12,59	-12,68	-4,29
18/03/2022 16:15:00	-4,16	-4,64	-5,11	-5,48	-5,88	-6,41	-7,13	-7,98	-8,84	-9,49	-10,21	-10,85	-11,50	-11,89	-12,28	-12,49	-12,69	-12,90	-13,11	-13,26	-13,41	-3,72
18/03/2022 16:20:00	-4,12	-4,66	-5,18	-5,68	-6,22	-6,82	-7,59	-8,43	-9,24	-9,82	-10,43	-10,94	-11,46	-11,73	-12,00	-12,13	-12,26	-12,40	-12,54	-12,66	-12,78	-3,58
18/03/2022 16:25:00	-4,06	-4,60	-5,20	-5,81	-6,49	-7,30	-8,02	-8,82	-9,62	-10,23	-10,85	-11,33	-11,80	-12,02	-12,24	-12,32	-12,40	-12,50	-12,60	-12,70	-12,80	-3,98
18/03/2022 16:30:00	-4,13	-4,64	-5,22	-5,82	-6,47	-7,18	-8,00	-8,81	-9,50	-10,09	-10,67	-11,12	-11,56	-11,75	-11,94	-12,00	-12,06	-12,15	-12,23	-12,33	-12,42	-4,54
18/03/2022 16:35:00	-4,24	-4,63	-5,07	-5,58	-6,22	-6,99	-7,89	-8,78	-9,56	-10,21	-10,85	-11,33	-11,81	-12,02	-12,23	-12,29	-12,36	-12,44	-12,53	-12,62	-12,71	-4,69
18/03/2022 16:40:00	-4,21	-4,62	-5,12	-5,65	-6,27	-6,97	-7,86	-8,81	-9,68	-10,25	-10,83	-11,30	-11,77	-12,00	-12,23	-12,34	-12,44	-12,57	-12,69	-12,80	-12,90	-3,77
18/03/2022 16:45:00	-4,37	-4,82	-5,25	-5,61	-6,05	-6,67	-7,43	-8,34	-9,23	-9,93	-10,67	-11,33	-11,98	-12,36	-12,73	-12,92	-13,11	-13,30	-13,49	-13,62	-13,76	-4,03
18/03/2022 16:50:00	-4,46	-4,85	-5,33	-5,92	-6,55	-7,23	-7,94	-8,65	-9,30	-9,95	-10,61	-11,10	-11,59	-11,81	-12,03	-12,10	-12,16	-12,25	-12,34	-12,44	-12,53	-4,14
18/03/2022 16:55:00	-4,28	-4,75	-5,15	-5,61	-6,20	-6,87	-7,75	-8,66	-9,47	-10,06	-10,64	-11,09	-11,54	-11,73	-11,93	-12,00	-12,08	-12,17	-12,26	-12,35	-12,45	-3,52
18/03/2022 17:00:00	-4,05	-4,44	-4,95	-5,50	-6,09	-6,73	-7,52	-8,36	-9,14	-9,73	-10,33	-10,83	-11,33	-11,58	-11,84	-11,95	-12,07	-12,21	-12,34	-12,46	-12,57	-3,66
18/03/2022 17:05:00	-3,91	-4,47	-4,86	-5,26	-5,86	-6,73	-7,59	-8,54	-9,41	-10,18	-10,96	-11,54	-12,13	-12,40	-12,68	-12,76	-12,85	-12,95	-13,05	-13,14	-13,23	-4,00
18/03/2022 17:10:00	-4,10	-4,39	-4,94	-5,53	-6,17	-6,90	-7,66	-8,49	-9,30	-10,00	-10,73	-11,32	-11,92	-12,24	-12,56	-12,70	-12,84	-12,99	-13,15	-13,28	-13,40	-3,53
18/03/2022 17:15:00	-4,31	-4,91	-5,41	-5,91	-6,50	-7,23	-8,08	-8,93	-9,67	-10,26	-10,86	-11,30	-11,75	-11,93	-12,12	-12,17	-12,23	-12,31	-12,39	-12,47	-12,56	-4,46
18/03/2022 17:20:00	-4,16	-4,61	-5,04	-5,45	-6,00	-6,77	-7,55	-8,43	-9,27	-9,97	-10,68	-11,25	-11,82	-12,10	-12,38	-12,49	-12,60	-12,73	-12,85	-12,96	-13,07	-4,34
18/03/2022 17:25:00	-4,21	-4,64	-5,16	-5,79	-6,40	-6,87	-7,58	-8,36	-9,11	-9,67	-10,27	-10,77	-11,27	-11,55	-11,82	-11,95	-12,07	-12,23	-12,38	-12,51	-12,63	-4,50
18/03/2022 17:30:00	-4,18	-4,72	-5,21	-5,75	-6,36	-7,04	-7,96	-8,82	-9,51	-10,12	-10,73	-11,18	-11,64	-11,83	-12,01	-12,07	-12,13	-12,20	-12,28	-12,37	-12,45	-4,65
18/03/2022 17:35:00	-4,51	-4,87	-5,30	-5,82	-6,49	-7,27	-8,12	-8,99	-9,75	-10,34	-10,91	-11,32	-11,72	-11,88	-12,03	-12,06	-12,10	-12,16	-12,22	-12,30	-12,38	-4,90
18/03/2022 17:40:00	-4,57	-5,24	-5,69	-6,11	-6,57	-7,02	-7,75	-8,47	-9,12	-9,83	-10,57	-11,17	-11,77	-12,08	-12,39	-12,51	-12,63	-12,76	-12,89	-13,01	-13,12	-5,03
18/03/2022 17:45:00	-4,76	-5,26	-5,71	-6,20	-6,74	-7,33	-8,07	-8,80	-9,45	-10,08	-10,71	-11,20	-11,68	-11,91	-12,13	-12,20	-12,28	-12,38	-12,47	-12,57	-12,67	-5,16
18/03/2022 17:50:00	-4,70	-5,20	-5,59	-6,05	-6,60	-7,15	-7,93	-8,71	-9,38	-10,06	-10,74	-11,26	-11,79	-12,03	-12,27	-12,35	-12,43	-12,54	-12,64	-12,73	-12,83	-5,14
18/03/2022 17:55:00	-5,04	-5,53	-6,00	-6,43	-6,88	-7,45	-8,18	-8,92	-9,58	-10,26	-10,98	-11,55	-12,13	-12,43	-12,73	-12,84	-12,95	-13,08	-13,21	-13,32	-13,43	-5,14
18/03/2022 18:00:00	-5,19	-5,60	-6,06	-6,58	-7,21	-7,96	-8,83	-9,72	-10,50	-11,02	-11,53	-11,91	-12,29	-12,42	-12,56	-12,60	-12,64	-12,70	-12,76	-12,84	-12,92	-5,18
18/03/2022 18:05:00	-5,43	-5,69	-6,14	-6,69	-7,34	-8,08	-8,80	-9,58	-10,31	-10,88	-11,46	-11,88	-12,29	-12,46	-12,63	-12,67	-12,71	-12,79	-12,86	-12,94	-13,03	-5,30
18/03/2022 18:10:00	-5,23	-5,59	-6,12	-6,69	-7,27	-7,89	-8,68	-9,41	-10,03	-10,63	-11,23	-11,69	-12,15	-12,36	-12,57	-12,63	-12,70	-12,79	-12,88	-12,98	-13,07	-5,21
18/03/2022 18:15:00	-5,32	-5,72	-6,14	-6,63	-7,25	-8,01	-8,82	-9,65	-10,39	-10,98	-11,56	-11,97	-12,38	-12,53	-12,68	-12,72	-12,75	-12,80	-12,86	-12,93	-13,01	-5,30
18/03/2022 18:20:00	-5,34	-5,83	-6,33	-6,82	-7,41	-8,12	-8,89	-9,67	-10,37	-10,88	-11,38	-11,75	-12,11	-12,24	-12,37	-12,40	-12,43	-12,49	-12,54	-12,62	-12,69	-5,31
18/03/2022 18:25:00	-5,37	-5,78	-6,30	-6,83	-7,41	-8,12	-8,83	-9,59	-10,29	-10,81	-11,33	-11,72	-12,12	-12,28	-12,45	-12,50	-12,55	-12,63	-12,71	-12,80	-12,88	-5,39
18/03/2022 18:30:00	-5,36	-5,78	-6,15	-6,54	-7,08	-7,78	-8,63	-9,44	-10,12	-10,82	-11,51	-12,02	-12,52	-12,73	-12,94	-12,98	-13,03	-13,09	-13,16	-13,23	-13,31	-5,33
18/03/2022 18:35:00	-5,31	-5,70	-6,19	-6,70	-7,29	-7,98	-8,72	-9,54	-10,30	-10,82	-11,34	-11,74	-12,15	-12,32	-12,50	-12,56	-12,63	-12,72	-12,81	-12,90	-12,99	-5,29
18/03/2022 18:40:00	-5,36	-5,89	-6,33	-6,74	-7,22	-7,79	-8,44	-9,15	-9,80	-10,43	-11,09	-11,59	-12,10	-12,34	-12,58	-12,66	-12,74	-12,84	-12,94	-13,04	-13,14	-5,38
18/03/2022 18:45:00	-5,39	-5,90	-6,31	-6,78	-7,34	-7,95	-8,68	-9,41	-10,07	-10,68	-11,31	-11,76	-12,21	-12,39	-12,57	-12,61	-12,66	-12,72	-12,79	-12,87	-12,95	-5,37
18/03/2022 18:50:00	-5,42	-5,83	-6,37	-6,91	-7,48	-8,10	-8,68	-9,35	-10,01	-10,57	-11,16	-11,61	-12,06	-12,27	-12,48	-12,55	-12,62	-12,72	-12,82	-12,92	-13,02	-5,53
18/03/2022 18:55:00	-5,47	-5,89	-6,27	-6,72	-7,28	-7,91	-8,78	-9,64	-10,37	-10,87	-11,37	-11,73	-12,10	-12,23	-12,36	-12,39	-12,43	-12,49	-12,55	-12,63	-12,70	-5,43
18/03/2022 19:00:00	-5,50	-5,89	-6,33	-6,76	-7,25	-7,82	-8,64	-9,46	-10,17	-10,77	-11,38	-11,88	-12,37	-12,61	-12,85	-12,94	-13,04	-13,15	-13,26	-13,36	-13,46	-5,50
18/03/2022 19:05:00	-5,58	-5,95	-6,33	-6,67	-7,12	-7,75	-8,54	-9,36	-10,09	-10,69	-11,32	-11,81	-12,31	-12,55	-12,79	-12,89	-12,98	-13,09	-13,20	-13,29	-13,39	-5,53
18/03/2022 19:10:00	-5,60	-6,09	-6,46	-6,80	-7,19	-7,65	-8,31	-9,10	-9,85	-10,48	-11,15	-11,72	-12,30	-12,61	-12,93	-13,08	-13,23	-13,39	-13,54	-13,67	-13,79	-5,59
18/03/2022 19:15:00	-5,61	-5,92	-6,16	-6,53	-7,12	-7,87	-8,76	-9,70	-10,52	-11,16	-11,77	-12,21	-12,65	-12,81	-12,98	-13,01	-13,04	-13,10	-13,15	-13,22	-13,29	-5,52
18/03/2022 19:20:00	-5,59	-5,87	-6,26	-6,74	-7,32	-7,98	-8,81	-9,63	-10,33	-10,88	-11,43	-11,83	-12,24	-12,39	-12,55	-12,60	-12,64	-12,71	-12,78	-12,86	-12,94	-5,54
18/03/2022 19:25:00	-5,59	-6,11	-6,43	-6,73	-7,13	-7,68	-8,51	-9,35	-10,09	-10,71	-11,34	-11,85	-12,36	-12,60	-12,85	-12,94	-13,04	-13,15	-13,25	-13,35	-13,45	-5,61
18/03/2022 19:30:00	-5,48	-5,85	-6,24	-6,68	-7,24	-7,93	-8,73	-9,52	-10,21	-10,81	-11,40	-11,83	-12,25	-12,42	-12,58	-12,61	-12,64	-12,70	-12,76	-12,83	-12,91	-5,53
18/03/2022 19:35:00	-5,53	-6,04	-6,23	-6,49	-6,92	-7,49	-8,29	-9,13	-9,89	-10,64	-11,39	-11,97	-12,55	-12,82	-13,10	-13,18	-13,27	-13,36	-13,46	-13,55	-13,64	-5,49
18/03/2022 19:40:00	-5,62	-5,99	-6,29	-6,63	-7,08	-7,68	-8,44	-9,23	-9,94	-10,69	-11,45	-12,06	-12,66	-12,95	-13,25	-13,35	-13,46	-13,57	-13,68	-13,79	-13,89	-5,57
18/03/2022 19:45:00	-5,65	-5,77	-6,11	-6,60	-7,26	-8,08	-9,01	-9,89	-10,61	-11,17	-11,69	-12,04	-12,39	-12,49	-12,59	-12,60	-12,60	-12,63	-12,66	-12,72	-12,78	-5,56
18/03/2022 19:50:00	-5,64	-5,79	-6,12	-6,56	-7,16	-7,92	-8,79	-9,64	-10,38	-11,04	-11,69	-12,15	-12,62	-12,81	-13,00	-13,05	-13,10	-13,16	-13,23	-13,31	-13,39	-5,64
18/03/2022 19:55:00	-5,62	-5,94	-6,19	-6,58	-7,16	-7,89	-8,70	-9,59	-10,39	-11,01	-11,61	-12,03	-12,46	-12,62	-12,78	-12,82	-12,86	-12,91	-12,97	-13,04	-13,12	-5,64
18/03/2022 20:00:00	-5,66	-6,01	-6,35	-6,72	-7,23	-7,93	-8,71	-9,63	-10,49	-11,02	-11,55	-11,98	-12,41	-12,60	-12,80	-12,89	-12,97	-13,07	-13,17	-13,26	-13,36	-5,63
18/03/2022 20:05:00	-5,77	-6,16	-6,43	-6,75	-7,25	-8,01	-8,83	-9,69	-10,43	-11,04	-11,62	-12,04	-12,46	-12,61	-12,76	-12,78	-12,81	-12,85	-12,89	-12,96	-13,02	-5,69
18/03/2022 20:10:00	-5,72	-6,13	-6,49	-6,87	-7,37	-8,01	-8,77	-9,55	-10,23	-10,83	-11,43	-11,88	-12,33	-12,52	-12,71	-12,77	-12,82	-12,90	-12,97	-13,06	-13,14	-5,74
18/03/2022 20:15:00	-5,87	-6,14	-6,45	-6,79	-7,28	-7,96	-8,72	-9,52	-10,23	-10,88	-11,52	-12,00	-12,49	-12,70	-12,91	-12,97	-13,03	-13,11	-13,19	-13,27	-13,36	-5,76
18/03/2022 20:20:00	-5,74	-6,13	-6,46	-6,82	-7,35	-8,07	-8,96	-9,84	-10,58	-11,18	-11,76	-12,18	-12,61	-12,77	-12,93	-12,97	-13,00	-13,06	-13,11	-13,18	-13,25	-5,76
18/03/2022 20:25:00	-5,82	-6,08	-6,47	-6,89	-7,44	-8,16	-8,92	-9,79	-10,60	-11,14	-11,69	-12,12	-12,54	-12,73	-12,92	-13,00	-13,07	-13,16	-13,26	-13,35	-13,44	-5,84
18/03/2022 20:30:00	-5,97	-6,20	-6,60	-7,04	-7,56	-8,25	-9,11	-9,92	-10,57	-11,15	-11,74	-12,18	-12,63	-12,81	-13,00	-13,05	-13,10	-13,18	-13,25	-13,33	-13,41	-5,88
18/03/2022 20:35:00	-5,90	-6,37	-6,81	-7,25	-7,74	-8,30	-8,85	-9,46	-10,06	-10,63	-11,23	-11,68	-12,12	-12,32	-12,52	-12,58	-12,64	-12,72	-12,80	-12,89	-12,98	-5,88
18/03/2022 20:40:00	-5,92	-6,34	-6,62	-6,94	-7,40	-8,02	-8,70	-9,50	-10,26	-10,89	-11,54	-12,04	-12,54	-12,78	-13,01	-13,09	-13,17	-13,27	-13,37	-13,46	-13,55	-5,93
18/03/2022 20:45:00	-5,86	-6,24	-6,59	-7,05	-7,60	-8,12	-8,85	-9,57	-10,20	-10,83	-11,48	-11,95	-12,42	-12,62	-12,83	-12,88	-12,93	-13,00	-13,08	-13,16	-13,25	-5,91
18/03/2022 20:50:00	-5,93	-6,25	-6,60	-6,99	-7,49	-8,08	-8,91	-9,66	-10,29	-10,94	-11,60	-12,09	-12,57	-12,77	-12,97	-13,02	-13,07	-13,13	-13,20	-13,28	-13,36	-5,91
18/03/2022 20:55:00	-5,92	-6,30	-6,55	-6,87	-7,39	-8,12	-9,03	-9,95	-10,72	-11,35	-11,96	-12,40	-12,84	-13,00	-13,16	-13,20	-13,24	-13,29	-13,34	-13,40	-13,47	-5,90
18/03/2022 21:00:00	-5,94	-6,31	-6,57	-6,85	-7,31	-7,96	-8,80	-9,73	-10,56	-11,11	-11,67	-12,11	-12,55	-12,74	-12,93	-13,00	-13,08	-13,17	-13,25	-13,34	-13,42	-5,97
18/03/2022 21:05:00	-5,90	-6,33	-6,71	-7,09	-7,54	-8,15	-8,83	-9,54	-10,18	-10,78	-11,39	-11,86	-12,32	-12,53	-12,73	-12,79	-12,86	-12,94	-13,02	-13,11	-13,19	-5,89
18/03/2022 21:10:00	-6,00	-6,35	-6,71	-7,03	-7,50	-8,20	-8,95	-9,70	-10,36	-11,03	-11,70	-12,20	-12,70	-12,91	-13,13	-13,18	-13,23	-13,30	-13,37	-13,45	-13,53	-5,98
18/03/2022 21:15:00	-6,08	-6,34	-6,62	-6,99	-7,52	-8,23	-8,95	-9,70	-10,39	-11,08	-11,76	-12,26	-12,76	-12,96	-13,16	-13,21	-13,25	-13,31	-13,37	-13,45	-13,53	-5,96
18/03/2022 21:20:00	-6,06	-6,50	-6,71	-6,96	-7,40	-8,07	-8,85	-9,72	-10,49	-11,10	-11,71	-12,16	-12,61	-12,80	-12,98	-13,04	-13,09	-13,15	-13,22	-13,29	-13,37	-6,06
18/03/2022 21:25:00	-6,01	-6,41	-6,80	-7,18	-7,64	-8,25	-8,93	-9,67	-10,34	-10,88	-11,44	-11,87	-12,30	-12,49	-12,68	-12,74	-12,81	-12,89	-12,97	-13,06	-13,15	-6,04
18/03/2022 21:30:00	-6,14	-6,39	-6,77	-7,19	-7,69	-8,29	-8,97	-9,69	-10,36	-10,92	-11,49	-11,93	-12,38	-12,57	-12,77	-12,83	-12,90	-12,98	-13,07	-13,16	-13,26	-6,11
18/03/2022 21:35:00	-6,15	-6,43	-6,76	-7,17	-7,62	-8,07	-8,83	-9,60	-10,29	-10,89	-11,53	-12,04	-12,56	-12,83	-13,09	-13,20	-13,31	-13,43	-13,56	-13,66	-13,77	-6,11
18/03/2022 21:40:00	-6,07	-6,47	-6,81	-7,17	-7,61	-8,11	-8,81	-9,63	-10,39	-10,95	-11,54	-12,02	-12,51	-12,76	-13,01	-13,12	-13,23	-13,35	-13,47	-13,58	-13,68	-6,12
18/03/2022 21:45:00	-6,16	-6,59	-6,94	-7,35	-7,86	-8,44	-9,22	-10,01	-10,69	-11,22	-11,74	-12,13	-12,52	-12,67	-12,83	-12,87	-12,91	-12,98	-13,04	-13,12	-13,19	-6,14
18/03/2022 21:50:00	-6,23	-6,69	-7,00	-7,29	-7,70	-8,28	-8,92	-9,65	-10,33	-11,00	-11,68	-12,21	-12,74	-12,98	-13,23	-13,31	-13,39	-13,48	-13,58	-13,67	-13,76	-6,23
18/03/2022 21:55:00	-6,42	-6,77	-7,12	-7,44	-7,82	-8,29	-8,84	-9,53	-10,22	-10,82	-11,45	-11,99	-12,52	-12,81	-13,09	-13,22	-13,34	-13,48	-13,62	-13,73	-13,85	-6,29
18/03/2022 22:00:00	-6,35	-6,76	-7,13	-7,48	-7,86	-8,29	-8,96	-9,69	-10,36	-10,94	-11,56	-12,07	-12,59	-12,86	-13,13	-13,25	-13,36	-13,49	-13,62	-13,73	-13,84	-6,36
18/03/2022 22:05:00	-6,43	-6,76	-7,22	-7,55	-7,94	-8,54	-9,25	-9,93	-10,53	-11,09	-11,68	-12,14	-12,61	-12,83	-13,04	-13,12	-13,20	-13,29	-13,38	-13,47	-13,57	-6,42
18/03/2022 22:10:00	-6,47	-6,97	-7,24	-7,49	-7,83	-8,23	-8,89	-9,62	-10,30	-10,95	-11,64	-12,20	-12,76	-13,04	-13,33	-13,45	-13,56	-13,68	-13,80	-13,91	-14,01	-6,51
18/03/2022 22:15:00	-6,67	-6,98	-7,24	-7,64	-8,16	-8,71	-9,34	-10,02	-10,65	-11,25	-11,85	-12,28	-12,70	-12,87	-13,03	-13,05	-13,08	-13,13	-13,18	-13,26	-13,33	-6,58
18/03/2022 22:20:00	-6,68	-7,05	-7,30	-7,58	-8,01	-8,59	-9,27	-10,04	-10,74	-11,30	-11,85	-12,27	-12,69	-12,86	-13,03	-13,09	-13,14	-13,21	-13,27	-13,35	-13,43	-6,61
18/03/2022 22:25:00	-6,69	-7,05	-7,42	-7,79	-8,26	-8,91	-9,53	-10,18	-10,77	-11,30	-11,84	-12,21	-12,58	-12,70	-12,83	-12,84	-12,86	-12,89	-12,93	-13,00	-13,07	-6,67
18/03/2022 22:30:00	-6,71	-7,15	-7,47	-7,69	-8,03	-8,63	-9,36	-10,15	-10,84	-11,37	-11,91	-12,33	-12,76	-12,94	-13,12	-13,19	-13,26	-13,34	-13,42	-13,50	-13,58	-6,66
18/03/2022 22:35:00	-6,77	-7,12	-7,56	-7,92	-8,32	-8,83	-9,47	-10,11	-10,67	-11,19	-11,74	-12,15	-12,57	-12,76	-12,95	-13,01	-13,07	-13,15	-13,23	-13,32	-13,41	-6,79
18/03/2022 22:40:00	-6,91	-7,29	-7,62	-7,92	-8,27	-8,76	-9,46	-10,17	-10,78	-11,30	-11,85	-12,27	-12,70	-12,89	-13,07	-13,14	-13,21	-13,29	-13,37	-13,46	-13,54	-6,81
18/03/2022 22:45:00	-6,98	-7,31	-7,68	-8,05	-8,47	-8,98	-9,55	-10,24	-10,89	-11,37	-11,87	-12,26	-12,66	-12,84	-13,01	-13,08	-13,15	-13,24	-13,32	-13,41	-13,51	-6,90
18/03/2022 22:50:00	-7,01	-7,49	-7,84	-8,22	-8,60	-8,97	-9,54	-10,10	-10,61	-11,16	-11,73	-12,16	-12,59	-12,78	-12,97	-13,02	-13,06	-13,14	-13,21	-13,29	-13,37	-7,01
18/03/2022 22:55:00	-7,13	-7,62	-7,93	-8,22	-8,56	-8,99	-9,52	-10,11	-10,66	-11,16	-11,69	-12,08	-12,48	-12,64	-12,81	-12,85	-12,90	-12,96	-13,03	-13,11	-13,19	-7,07
18/03/2022 23:00:00	-7,20	-7,62	-8,01	-8,39	-8,80	-9,29	-9,82	-10,40	-10,94	-11,39	-11,86	-12,20	-12,54	-12,67	-12,80	-12,83	-12,86	-12,91	-12,97	-13,04	-13,12	-7,19
18/03/2022 23:05:00	-7,35	-7,66	-8,01	-8,34	-8,74	-9,24	-9,71	-10,33	-10,93	-11,36	-11,81	-12,16	-12,50	-12,65	-12,79	-12,84	-12,89	-12,96	-13,03	-13,12	-13,20	-7,33
18/03/2022 23:10:00	-7,50	-7,78	-8,03	-8,32	-8,69	-9,17	-9,81	-10,48	-11,07	-11,55	-12,03	-12,38	-12,74	-12,88	-13,01	-13,05	-13,09	-13,14	-13,20	-13,28	-13,35	-7,40
18/03/2022 23:15:00	-7,58	-7,95	-8,16	-8,30	-8,52	-8,96	-9,54	-10,19	-10,80	-11,36	-11,96	-12,44	-12,92	-13,15	-13,38	-13,47	-13,56	-13,66	-13,76	-13,85	-13,94	-7,51
18/03/2022 23:20:00	-7,67	-7,96	-8,28	-8,57	-8,91	-9,36	-9,97	-10,54	-11,02	-11,48	-11,94	-12,28	-12,61	-12,73	-12,85	-12,87	-12,89	-12,94	-12,98	-13,05	-13,12	-7,59
18/03/2022 23:25:00	-7,60	-8,10	-8,32	-8,44	-8,63	-9,00	-9,53	-10,15	-10,73	-11,27	-11,84	-12,31	-12,78	-13,01	-13,23	-13,32	-13,41	-13,51	-13,60	-13,69	-13,78	-7,69
18/03/2022 23:30:00	-7,87	-8,13	-8,36	-8,60	-8,90	-9,32	-9,87	-10,47	-11,01	-11,45	-11,90	-12,23	-12,57	-12,71	-12,84	-12,88	-12,91	-12,97	-13,03	-13,11	-13,19	-7,78
18/03/2022 23:35:00	-7,83	-8,19	-8,40	-8,50	-8,79	-9,39	-10,08	-10,81	-11,42	-11,84	-12,24	-12,52	-12,80	-12,87	-12,94	-12,94	-12,94	-12,96	-12,98	-13,03	-13,08	-7,85
18/03/2022 23:40:00	-7,83	-8,20	-8,38	-8,49	-8,74	-9,17	-9,57	-10,07	-10,61	-11,25	-11,92	-12,42	-12,93	-13,16	-13,39	-13,44	-13,50	-13,58	-13,65	-13,73	-13,82	-7,89
18/03/2022 23:45:00	-8,03	-8,07	-8,37	-8,68	-9,07	-9,58	-10,14	-10,67	-11,15	-11,61	-12,07	-12,39	-12,71	-12,82	-12,93	-12,94	-12,95	-12,99	-13,03	-13,10	-13,17	-7,93
18/03/2022 23:50:00	-7,98	-8,20	-8,64	-8,99	-9,23	-9,45	-9,79	-10,08	-10,39	-10,83	-11,32	-11,72	-12,11	-12,31	-12,51	-12,58	-12,64	-12,74	-12,84	-12,94	-13,04	-7,89
18/03/2022 23:55:00	-7,83	-8,02	-8,19	-8,36	-8,70	-9,30	-9,89	-10,55	-11,15	-11,63	-12,11	-12,44	-12,78	-12,89	-12,99	-13,00	-13,01	-13,05	-13,08	-13,14	-13,20	-7,84
