FileFormat:0002.2 file with temperature of atmosphere
SN105HE102 RTK
local	GMT or Local
0	GMT-Local=[hours]
20	Height[m]
0	0	0	Longitude                [grd]               [min]               [sec]
0	0	0	Latitude                [grd]               [min]               [sec]
N	NS
56,45	Freq[GHz]
0,00	dTemostat[K]
0,150	MessErr[K]
0,248	//[grad/step]
version 14.4.20120406
MTP5HE102F5645K-38.60I70D222917+A1.1
Commentary:
SN105HE102
парабола ДНА = 2,5 град
НЕ102 - ПУ - ХВБ с ЦСД " S "
АЦП - 202 - 09 с контр.U пит.и М
оптопара серии - 2
Т out № 178 пл
БП LPS - 112
End Of Commentary

SYSTEM\summer.dat
data time	0	50	100	150	200	250	300	350	400	450	500	550	600	650	700	750	800	850	900	950	1000	OutsideTemperature
16/07/2022 00:00:00	15,65	16,17	16,62	16,97	17,09	17,07	16,93	16,71	16,43	16,10	15,70	15,27	14,84	14,41	13,98	13,54	13,09	12,62	12,15	11,65	11,15	15,11
16/07/2022 00:05:00	15,71	16,28	16,77	17,16	17,31	17,32	17,21	17,01	16,71	16,34	15,86	15,36	14,87	14,39	13,92	13,45	12,99	12,49	12,00	11,47	10,94	15,34
16/07/2022 00:10:00	15,55	15,95	16,41	16,82	17,05	17,04	16,92	16,76	16,49	16,13	15,70	15,23	14,77	14,31	13,86	13,40	12,94	12,45	11,97	11,44	10,92	15,47
16/07/2022 00:15:00	15,51	16,22	16,68	17,02	17,16	17,18	17,07	16,81	16,48	16,08	15,63	15,15	14,67	14,20	13,73	13,26	12,79	12,29	11,80	11,27	10,74	15,49
16/07/2022 00:20:00	15,45	15,94	16,34	16,68	16,87	16,84	16,70	16,48	16,17	15,78	15,35	14,88	14,41	13,95	13,50	13,03	12,57	12,08	11,59	11,07	10,56	15,44
16/07/2022 00:25:00	15,22	15,59	15,96	16,25	16,36	16,36	16,26	16,06	15,84	15,58	15,18	14,76	14,35	13,94	13,53	13,12	12,71	12,27	11,83	11,35	10,88	15,30
16/07/2022 00:30:00	15,30	15,66	15,86	16,04	16,20	16,22	16,14	16,00	15,83	15,63	15,23	14,83	14,44	14,06	13,68	13,30	12,93	12,51	12,09	11,63	11,17	15,27
16/07/2022 00:35:00	15,34	15,61	16,02	16,38	16,53	16,60	16,56	16,42	16,20	15,91	15,50	15,06	14,62	14,20	13,78	13,35	12,93	12,47	12,01	11,51	11,00	15,34
16/07/2022 00:40:00	15,32	15,57	15,86	16,11	16,24	16,27	16,21	16,07	15,84	15,55	15,21	14,84	14,48	14,10	13,72	13,32	12,92	12,48	12,04	11,56	11,08	15,33
16/07/2022 00:45:00	15,26	15,48	15,84	16,16	16,35	16,43	16,42	16,32	16,14	15,89	15,44	14,98	14,53	14,11	13,68	13,28	12,87	12,42	11,98	11,48	10,99	15,34
16/07/2022 00:50:00	15,31	15,53	15,98	16,42	16,68	16,80	16,74	16,50	16,25	15,94	15,49	15,00	14,51	14,04	13,56	13,10	12,63	12,13	11,64	11,10	10,56	15,30
16/07/2022 00:55:00	15,31	15,42	15,71	16,04	16,31	16,40	16,39	16,30	16,06	15,75	15,47	15,12	14,78	14,40	14,03	13,61	13,19	12,73	12,27	11,76	11,25	15,29
16/07/2022 01:00:00	15,31	15,45	15,91	16,32	16,52	16,61	16,58	16,42	16,21	15,93	15,48	15,00	14,52	14,08	13,63	13,19	12,75	12,28	11,81	11,30	10,78	15,20
16/07/2022 01:05:00	15,19	15,58	15,97	16,28	16,44	16,42	16,32	16,17	15,94	15,66	15,36	15,01	14,65	14,28	13,91	13,50	13,10	12,66	12,22	11,75	11,28	15,25
16/07/2022 01:10:00	15,21	15,42	15,87	16,28	16,50	16,57	16,53	16,42	16,23	15,97	15,51	15,04	14,58	14,14	13,70	13,27	12,85	12,38	11,92	11,42	10,91	15,29
16/07/2022 01:15:00	15,33	15,54	16,01	16,42	16,66	16,68	16,61	16,50	16,28	15,98	15,54	15,08	14,62	14,18	13,74	13,30	12,86	12,39	11,92	11,41	10,90	15,24
16/07/2022 01:20:00	15,21	15,46	15,84	16,17	16,33	16,41	16,36	16,17	15,98	15,73	15,29	14,84	14,40	13,97	13,54	13,13	12,71	12,26	11,80	11,31	10,82	15,20
16/07/2022 01:25:00	15,12	15,18	15,58	15,97	16,22	16,37	16,37	16,22	16,07	15,87	15,46	15,03	14,60	14,19	13,78	13,37	12,96	12,51	12,05	11,55	11,05	15,42
16/07/2022 01:30:00	15,11	15,42	15,86	16,21	16,34	16,35	16,29	16,16	15,96	15,68	15,23	14,77	14,32	13,89	13,46	13,05	12,63	12,19	11,74	11,26	10,78	15,29
16/07/2022 01:35:00	15,29	15,61	16,02	16,40	16,63	16,66	16,59	16,45	16,22	15,92	15,58	15,20	14,81	14,41	14,01	13,58	13,16	12,70	12,24	11,74	11,24	15,31
16/07/2022 01:40:00	15,28	15,59	15,92	16,24	16,49	16,55	16,49	16,33	16,13	15,86	15,46	15,02	14,59	14,18	13,76	13,34	12,92	12,46	12,00	11,50	10,99	15,23
16/07/2022 01:45:00	15,18	15,33	15,72	16,09	16,33	16,41	16,37	16,24	16,00	15,69	15,36	14,96	14,57	14,17	13,76	13,34	12,91	12,44	11,97	11,47	10,96	15,17
16/07/2022 01:50:00	15,08	15,29	15,72	16,07	16,17	16,17	16,12	16,03	15,80	15,50	15,14	14,74	14,35	13,96	13,56	13,16	12,75	12,31	11,87	11,40	10,92	15,22
16/07/2022 01:55:00	15,36	15,55	16,07	16,53	16,75	16,86	16,84	16,72	16,50	16,19	15,70	15,18	14,67	14,19	13,72	13,27	12,82	12,34	11,85	11,32	10,79	15,25
16/07/2022 02:00:00	15,35	15,66	16,05	16,41	16,65	16,63	16,52	16,35	16,10	15,76	15,36	14,92	14,47	14,04	13,60	13,16	12,72	12,24	11,77	11,26	10,76	15,20
16/07/2022 02:05:00	15,30	16,00	16,54	16,94	17,11	17,05	16,90	16,72	16,40	16,00	15,50	14,99	14,47	13,98	13,50	13,03	12,55	12,06	11,57	11,05	10,53	15,28
16/07/2022 02:10:00	15,40	16,04	16,44	16,70	16,73	16,69	16,52	16,24	15,91	15,53	15,11	14,66	14,21	13,77	13,33	12,88	12,43	11,97	11,50	11,01	10,51	15,47
16/07/2022 02:15:00	15,26	15,63	16,14	16,55	16,70	16,70	16,60	16,40	16,17	15,88	15,39	14,90	14,40	13,94	13,47	13,03	12,59	12,12	11,65	11,15	10,65	15,25
16/07/2022 02:20:00	15,23	15,73	16,22	16,65	16,91	16,97	16,88	16,65	16,40	16,09	15,63	15,14	14,65	14,18	13,71	13,25	12,79	12,29	11,80	11,28	10,75	15,02
16/07/2022 02:25:00	15,29	15,74	16,18	16,54	16,68	16,68	16,55	16,28	15,98	15,64	15,23	14,79	14,34	13,89	13,45	12,99	12,53	12,06	11,58	11,07	10,56	15,24
16/07/2022 02:30:00	15,23	15,66	16,04	16,32	16,36	16,31	16,20	16,06	15,79	15,44	15,00	14,55	14,10	13,67	13,24	12,82	12,40	11,95	11,51	11,03	10,55	15,23
16/07/2022 02:35:00	15,17	15,62	16,08	16,44	16,55	16,61	16,54	16,32	15,99	15,59	15,19	14,75	14,30	13,85	13,41	12,95	12,49	12,00	11,52	11,00	10,48	15,09
16/07/2022 02:40:00	15,05	15,55	15,98	16,35	16,59	16,65	16,60	16,48	16,20	15,84	15,41	14,95	14,49	14,04	13,59	13,15	12,70	12,22	11,74	11,21	10,69	15,12
16/07/2022 02:45:00	15,00	15,56	16,04	16,43	16,64	16,63	16,54	16,42	16,17	15,83	15,38	14,90	14,43	13,98	13,53	13,09	12,65	12,18	11,71	11,20	10,70	15,25
16/07/2022 02:50:00	14,94	15,52	16,03	16,46	16,73	16,83	16,78	16,60	16,32	15,95	15,49	14,99	14,49	14,02	13,54	13,07	12,60	12,10	11,60	11,06	10,52	15,10
16/07/2022 02:55:00	14,94	15,40	15,86	16,25	16,44	16,44	16,38	16,29	16,09	15,82	15,43	15,02	14,61	14,21	13,81	13,40	12,99	12,55	12,10	11,62	11,14	14,81
16/07/2022 03:00:00	14,79	15,39	15,92	16,33	16,50	16,46	16,35	16,25	15,96	15,59	15,18	14,74	14,29	13,86	13,43	12,98	12,54	12,08	11,61	11,11	10,62	14,80
16/07/2022 03:05:00	14,86	15,36	15,85	16,27	16,52	16,60	16,54	16,38	16,16	15,87	15,41	14,94	14,46	14,01	13,55	13,11	12,67	12,20	11,73	11,22	10,71	15,10
16/07/2022 03:10:00	14,83	15,46	15,98	16,39	16,54	16,64	16,64	16,53	16,25	15,88	15,46	15,02	14,58	14,14	13,71	13,26	12,82	12,35	11,87	11,36	10,85	14,90
16/07/2022 03:15:00	14,85	15,47	16,00	16,45	16,69	16,74	16,65	16,46	16,17	15,81	15,38	14,91	14,44	13,98	13,51	13,05	12,58	12,09	11,60	11,08	10,55	14,61
16/07/2022 03:20:00	14,63	15,09	15,61	16,07	16,37	16,48	16,45	16,32	16,14	15,86	15,36	14,86	14,35	13,88	13,42	12,98	12,54	12,06	11,59	11,07	10,55	14,63
16/07/2022 03:25:00	14,60	14,97	15,47	15,89	16,10	16,20	16,15	15,96	15,77	15,54	15,15	14,73	14,31	13,90	13,49	13,07	12,65	12,20	11,75	11,26	10,77	14,56
16/07/2022 03:30:00	14,64	14,95	15,44	15,87	16,09	16,15	16,12	16,05	15,84	15,56	15,23	14,85	14,47	14,09	13,70	13,29	12,87	12,43	11,98	11,50	11,01	14,67
16/07/2022 03:35:00	14,67	15,11	15,56	15,98	16,25	16,30	16,25	16,15	15,97	15,73	15,36	14,97	14,57	14,17	13,77	13,36	12,95	12,50	12,05	11,57	11,08	14,68
16/07/2022 03:40:00	14,63	14,86	15,36	15,81	16,07	16,20	16,22	16,14	15,94	15,66	15,30	14,90	14,49	14,09	13,68	13,26	12,84	12,38	11,92	11,41	10,91	14,56
16/07/2022 03:45:00	14,63	15,18	15,72	16,21	16,57	16,64	16,58	16,44	16,13	15,75	15,43	15,02	14,62	14,19	13,75	13,28	12,81	12,31	11,81	11,28	10,74	14,69
16/07/2022 03:50:00	14,68	15,12	15,64	16,09	16,31	16,40	16,37	16,25	15,98	15,64	15,29	14,89	14,49	14,07	13,66	13,22	12,77	12,30	11,83	11,32	10,81	14,62
16/07/2022 03:55:00	14,57	14,96	15,42	15,86	16,19	16,24	16,18	16,07	15,84	15,54	15,20	14,80	14,40	13,99	13,58	13,14	12,71	12,24	11,77	11,26	10,75	14,62
16/07/2022 04:00:00	14,62	14,90	15,41	15,85	16,03	16,16	16,15	15,98	15,82	15,60	15,18	14,73	14,29	13,86	13,44	13,03	12,62	12,17	11,72	11,23	10,74	14,99
16/07/2022 04:05:00	14,70	15,07	15,51	15,90	16,15	16,16	16,08	15,93	15,69	15,39	15,01	14,60	14,18	13,76	13,34	12,91	12,48	12,02	11,56	11,06	10,56	14,57
16/07/2022 04:10:00	14,47	14,92	15,39	15,78	15,96	16,05	16,01	15,86	15,58	15,24	14,90	14,50	14,10	13,69	13,28	12,85	12,41	11,95	11,49	10,99	10,49	14,50
16/07/2022 04:15:00	14,70	15,25	15,79	16,18	16,29	16,29	16,20	16,06	15,79	15,44	14,97	14,48	14,00	13,55	13,09	12,65	12,21	11,75	11,29	10,80	10,31	14,35
16/07/2022 04:20:00	14,66	15,24	15,77	16,17	16,27	16,22	16,08	15,88	15,58	15,21	14,75	14,26	13,77	13,31	12,85	12,39	11,94	11,47	11,00	10,50	10,01	14,28
16/07/2022 04:25:00	14,63	15,34	15,84	16,21	16,32	16,30	16,20	16,01	15,73	15,37	14,90	14,42	13,94	13,49	13,03	12,59	12,15	11,68	11,22	10,73	10,23	14,44
16/07/2022 04:30:00	14,83	15,21	15,79	16,24	16,41	16,45	16,36	16,15	15,89	15,54	15,02	14,49	13,95	13,46	12,96	12,50	12,03	11,55	11,06	10,55	10,03	14,81
16/07/2022 04:35:00	14,75	15,26	15,72	16,07	16,20	16,23	16,15	15,95	15,63	15,24	14,84	14,39	13,95	13,50	13,06	12,61	12,15	11,68	11,20	10,70	10,19	14,69
16/07/2022 04:40:00	14,54	14,93	15,27	15,60	15,85	15,87	15,78	15,64	15,44	15,17	14,71	14,24	13,77	13,34	12,90	12,48	12,07	11,62	11,17	10,68	10,19	14,55
16/07/2022 04:45:00	14,63	14,76	15,10	15,44	15,69	15,76	15,72	15,61	15,40	15,11	14,73	14,32	13,90	13,49	13,09	12,67	12,25	11,80	11,35	10,85	10,36	14,59
16/07/2022 04:50:00	14,70	15,05	15,39	15,68	15,86	15,82	15,72	15,60	15,41	15,15	14,68	14,22	13,76	13,34	12,91	12,51	12,11	11,67	11,24	10,77	10,30	14,39
16/07/2022 04:55:00	14,70	15,11	15,50	15,84	16,01	16,08	16,01	15,82	15,55	15,22	14,76	14,29	13,82	13,36	12,91	12,47	12,03	11,56	11,09	10,59	10,08	14,20
16/07/2022 05:00:00	14,51	14,82	15,25	15,65	15,91	15,96	15,89	15,74	15,52	15,21	14,65	14,10	13,54	13,05	12,55	12,11	11,66	11,19	10,71	10,20	9,68	14,29
16/07/2022 05:05:00	14,22	14,50	14,89	15,23	15,39	15,41	15,31	15,13	14,93	14,66	14,17	13,68	13,19	12,74	12,29	11,88	11,46	11,02	10,58	10,11	9,63	14,19
16/07/2022 05:10:00	14,07	14,33	14,59	14,87	15,11	15,11	15,04	14,94	14,71	14,40	13,98	13,55	13,11	12,70	12,28	11,88	11,47	11,03	10,59	10,11	9,64	14,15
16/07/2022 05:15:00	13,89	14,24	14,52	14,74	14,84	14,90	14,83	14,62	14,41	14,15	13,72	13,29	12,86	12,46	12,05	11,66	11,27	10,84	10,42	9,97	9,51	14,00
16/07/2022 05:20:00	14,04	14,41	14,82	15,21	15,50	15,50	15,43	15,34	15,09	14,76	14,33	13,88	13,42	12,98	12,55	12,11	11,68	11,22	10,76	10,26	9,77	13,99
16/07/2022 05:25:00	13,98	14,33	14,61	14,87	15,06	15,06	14,95	14,77	14,52	14,21	13,81	13,38	12,95	12,53	12,12	11,70	11,29	10,84	10,40	9,93	9,46	13,96
16/07/2022 05:30:00	13,98	14,27	14,58	14,83	14,96	14,97	14,89	14,76	14,55	14,29	13,94	13,56	13,18	12,81	12,44	12,05	11,67	11,26	10,84	10,40	9,96	14,03
16/07/2022 05:35:00	14,12	14,41	14,73	15,03	15,18	15,24	15,20	15,09	14,80	14,45	14,16	13,81	13,46	13,09	12,71	12,30	11,89	11,45	11,00	10,52	10,04	14,01
16/07/2022 05:40:00	13,98	14,29	14,79	15,20	15,36	15,40	15,34	15,20	15,00	14,71	14,20	13,70	13,20	12,74	12,28	11,86	11,43	10,99	10,54	10,06	9,58	13,89
16/07/2022 05:45:00	13,87	14,22	14,67	15,05	15,23	15,30	15,25	15,11	14,90	14,61	14,17	13,71	13,24	12,81	12,38	11,96	11,54	11,10	10,66	10,18	9,70	13,70
16/07/2022 05:50:00	13,72	14,04	14,46	14,86	15,12	15,22	15,17	15,01	14,77	14,46	14,06	13,62	13,18	12,75	12,32	11,89	11,45	11,00	10,54	10,05	9,55	13,67
16/07/2022 05:55:00	13,62	14,01	14,42	14,74	14,88	14,87	14,81	14,74	14,50	14,18	13,76	13,33	12,90	12,49	12,08	11,68	11,28	10,86	10,43	9,97	9,52	13,60
16/07/2022 06:00:00	13,77	14,03	14,38	14,69	14,81	14,88	14,84	14,71	14,47	14,15	13,78	13,37	12,96	12,56	12,16	11,76	11,35	10,92	10,49	10,02	9,55	13,84
16/07/2022 06:05:00	13,87	14,15	14,43	14,68	14,82	14,85	14,77	14,59	14,33	14,02	13,66	13,27	12,88	12,49	12,09	11,69	11,28	10,85	10,42	9,95	9,49	13,76
16/07/2022 06:10:00	13,91	14,19	14,49	14,73	14,80	14,72	14,56	14,34	14,11	13,82	13,41	12,98	12,56	12,15	11,75	11,34	10,94	10,53	10,11	9,67	9,23	13,95
16/07/2022 06:15:00	14,00	14,21	14,39	14,59	14,75	14,68	14,57	14,46	14,22	13,91	13,49	13,05	12,62	12,21	11,81	11,41	11,02	10,60	10,18	9,72	9,27	13,82
16/07/2022 06:20:00	13,91	14,21	14,37	14,51	14,57	14,53	14,39	14,15	13,86	13,52	13,14	12,74	12,33	11,93	11,54	11,13	10,73	10,30	9,88	9,43	8,98	13,82
16/07/2022 06:25:00	13,68	14,02	14,18	14,27	14,25	14,22	14,09	13,86	13,62	13,35	12,97	12,58	12,20	11,83	11,46	11,09	10,71	10,32	9,93	9,51	9,09	13,70
16/07/2022 06:30:00	13,80	14,15	14,32	14,42	14,41	14,26	14,10	13,95	13,67	13,35	13,02	12,67	12,32	11,97	11,62	11,25	10,88	10,49	10,10	9,69	9,28	13,85
16/07/2022 06:35:00	13,99	14,22	14,43	14,62	14,72	14,70	14,63	14,53	14,21	13,82	13,46	13,06	12,66	12,27	11,87	11,46	11,05	10,62	10,19	9,72	9,25	13,92
16/07/2022 06:40:00	13,88	14,28	14,52	14,69	14,74	14,64	14,50	14,35	14,00	13,60	13,25	12,87	12,49	12,10	11,71	11,30	10,89	10,46	10,03	9,58	9,13	13,90
16/07/2022 06:45:00	14,01	14,32	14,36	14,40	14,41	14,37	14,26	14,08	13,83	13,55	13,28	12,98	12,68	12,36	12,04	11,68	11,33	10,94	10,55	10,14	9,72	13,88
16/07/2022 06:50:00	14,04	14,42	14,62	14,76	14,77	14,73	14,59	14,33	14,07	13,77	13,36	12,94	12,52	12,12	11,72	11,32	10,93	10,51	10,10	9,66	9,22	13,94
16/07/2022 06:55:00	13,94	14,45	14,65	14,79	14,86	14,74	14,54	14,28	14,04	13,74	13,26	12,79	12,32	11,89	11,47	11,06	10,66	10,25	9,83	9,39	8,95	14,15
16/07/2022 07:00:00	14,22	14,54	14,87	15,12	15,18	15,11	14,98	14,81	14,51	14,14	13,74	13,31	12,88	12,46	12,04	11,62	11,20	10,76	10,32	9,86	9,40	14,21
16/07/2022 07:05:00	14,12	14,46	14,66	14,80	14,83	14,82	14,71	14,52	14,24	13,93	13,58	13,20	12,83	12,46	12,08	11,69	11,30	10,89	10,47	10,03	9,59	14,34
16/07/2022 07:10:00	14,18	14,64	14,90	15,11	15,22	15,18	15,09	14,99	14,69	14,31	13,88	13,44	13,00	12,58	12,16	11,75	11,34	10,90	10,46	9,99	9,52	14,53
16/07/2022 07:15:00	14,51	14,99	15,23	15,37	15,32	15,23	15,09	14,90	14,61	14,27	13,93	13,57	13,21	12,84	12,47	12,08	11,69	11,28	10,87	10,43	10,00	14,52
16/07/2022 07:20:00	14,38	15,05	15,28	15,44	15,51	15,53	15,43	15,18	14,90	14,57	14,07	13,59	13,11	12,66	12,22	11,80	11,38	10,94	10,49	10,02	9,54	14,68
16/07/2022 07:25:00	14,38	14,81	15,00	15,11	15,10	15,04	14,93	14,77	14,48	14,12	13,71	13,30	12,89	12,50	12,10	11,71	11,31	10,90	10,48	10,03	9,59	14,69
16/07/2022 07:30:00	14,34	14,56	14,79	14,99	15,07	15,01	14,85	14,64	14,39	14,09	13,72	13,32	12,92	12,52	12,13	11,73	11,33	10,91	10,48	10,04	9,59	14,54
16/07/2022 07:35:00	14,51	14,78	14,95	15,02	14,93	14,89	14,77	14,59	14,37	14,11	13,70	13,30	12,91	12,54	12,17	11,81	11,44	11,06	10,67	10,26	9,84	14,84
16/07/2022 07:40:00	14,53	14,79	14,92	15,04	15,10	15,10	15,03	14,91	14,62	14,27	13,87	13,47	13,07	12,68	12,28	11,89	11,50	11,07	10,64	10,18	9,71	15,25
16/07/2022 07:45:00	14,91	15,34	15,53	15,64	15,60	15,57	15,42	15,12	14,79	14,42	14,03	13,62	13,21	12,81	12,40	11,98	11,56	11,12	10,68	10,21	9,75	15,24
16/07/2022 07:50:00	15,07	15,54	15,60	15,62	15,61	15,55	15,41	15,20	14,92	14,60	14,24	13,87	13,50	13,14	12,77	12,39	12,01	11,59	11,18	10,73	10,29	15,24
16/07/2022 07:55:00	15,22	15,42	15,48	15,55	15,59	15,52	15,37	15,13	14,86	14,55	14,10	13,65	13,20	12,78	12,36	11,96	11,56	11,13	10,69	10,23	9,76	14,95
16/07/2022 08:00:00	15,16	15,17	15,28	15,35	15,32	15,21	15,07	14,91	14,67	14,40	14,10	13,78	13,46	13,12	12,79	12,43	12,07	11,68	11,29	10,86	10,44	15,15
16/07/2022 08:05:00	15,16	15,46	15,62	15,71	15,67	15,53	15,33	15,11	14,76	14,35	13,95	13,53	13,11	12,70	12,29	11,87	11,45	11,02	10,58	10,12	9,66	15,50
16/07/2022 08:10:00	15,23	15,49	15,53	15,52	15,45	15,31	15,16	15,01	14,70	14,35	14,03	13,70	13,37	13,03	12,69	12,32	11,94	11,54	11,14	10,71	10,28	15,23
16/07/2022 08:15:00	15,35	15,59	15,63	15,62	15,54	15,45	15,28	15,00	14,68	14,33	13,95	13,55	13,16	12,77	12,39	11,99	11,59	11,17	10,75	10,30	9,85	15,25
16/07/2022 08:20:00	15,32	15,56	15,56	15,52	15,44	15,25	14,99	14,66	14,34	14,02	13,64	13,26	12,87	12,49	12,11	11,72	11,32	10,91	10,50	10,07	9,63	15,42
16/07/2022 08:25:00	15,30	15,35	15,45	15,50	15,42	15,34	15,18	14,91	14,59	14,21	13,75	13,29	12,83	12,40	11,97	11,56	11,14	10,71	10,28	9,81	9,35	15,60
16/07/2022 08:30:00	15,41	15,39	15,42	15,42	15,33	15,20	14,99	14,70	14,45	14,18	13,79	13,39	13,00	12,62	12,25	11,87	11,49	11,09	10,69	10,27	9,84	15,74
16/07/2022 08:35:00	15,49	15,60	15,67	15,66	15,49	15,29	15,10	14,93	14,60	14,20	13,83	13,45	13,07	12,69	12,32	11,93	11,55	11,15	10,74	10,31	9,89	15,99
16/07/2022 08:40:00	15,66	15,76	15,85	15,88	15,77	15,48	15,17	14,90	14,57	14,20	13,74	13,28	12,83	12,40	11,98	11,57	11,16	10,74	10,32	9,88	9,45	16,44
16/07/2022 08:45:00	15,82	15,89	15,90	15,85	15,67	15,42	15,15	14,87	14,57	14,24	13,74	13,27	12,80	12,37	11,95	11,56	11,17	10,77	10,36	9,93	9,51	16,86
16/07/2022 08:50:00	16,03	16,12	15,94	15,73	15,51	15,28	15,00	14,66	14,28	13,87	13,42	12,99	12,55	12,14	11,74	11,34	10,94	10,53	10,11	9,68	9,24	16,66
16/07/2022 08:55:00	15,97	16,17	15,95	15,69	15,42	15,16	14,90	14,62	14,32	14,01	13,60	13,23	12,85	12,50	12,16	11,81	11,46	11,09	10,72	10,32	9,93	16,41
16/07/2022 09:00:00	15,95	15,76	15,74	15,70	15,57	15,35	15,10	14,84	14,51	14,14	13,73	13,32	12,90	12,50	12,11	11,71	11,31	10,89	10,48	10,04	9,60	16,48
16/07/2022 09:05:00	16,33	16,00	16,08	16,14	16,03	15,79	15,52	15,27	14,85	14,34	13,98	13,57	13,15	12,73	12,31	11,86	11,42	10,97	10,51	10,04	9,56	16,55
16/07/2022 09:10:00	16,40	16,09	15,82	15,63	15,52	15,33	15,12	14,94	14,64	14,27	13,89	13,53	13,16	12,80	12,43	12,07	11,70	11,29	10,89	10,45	10,01	16,85
16/07/2022 09:15:00	16,55	16,15	16,00	15,83	15,55	15,31	15,07	14,83	14,49	14,10	13,73	13,35	12,98	12,61	12,25	11,87	11,50	11,10	10,71	10,29	9,87	17,75
16/07/2022 09:20:00	16,82	16,32	16,02	15,79	15,65	15,38	15,08	14,76	14,43	14,07	13,77	13,44	13,11	12,77	12,43	12,05	11,67	11,27	10,87	10,44	10,01	19,37
16/07/2022 09:25:00	16,88	16,50	16,38	16,24	15,93	15,54	15,16	14,83	14,46	14,07	13,70	13,32	12,94	12,56	12,19	11,80	11,41	11,01	10,61	10,20	9,79	18,04
16/07/2022 09:30:00	17,21	17,02	16,69	16,35	16,00	15,66	15,27	14,79	14,36	13,95	13,58	13,20	12,82	12,44	12,06	11,66	11,26	10,86	10,45	10,03	9,61	18,66
16/07/2022 09:35:00	17,46	16,94	16,59	16,29	16,08	15,84	15,55	15,19	14,82	14,43	14,00	13,58	13,16	12,76	12,36	11,96	11,57	11,14	10,72	10,27	9,82	18,90
16/07/2022 09:40:00	17,52	17,16	16,79	16,44	16,08	15,64	15,20	14,79	14,40	14,02	13,69	13,35	13,01	12,67	12,32	11,95	11,58	11,19	10,81	10,41	10,02	19,61
16/07/2022 09:45:00	17,56	17,33	17,00	16,64	16,25	15,84	15,41	14,97	14,56	14,17	13,75	13,35	12,95	12,56	12,18	11,79	11,41	11,01	10,61	10,20	9,79	18,97
16/07/2022 09:50:00	17,74	17,36	16,96	16,54	16,11	15,68	15,27	14,89	14,52	14,18	13,72	13,31	12,90	12,53	12,15	11,79	11,43	11,05	10,68	10,28	9,89	19,47
16/07/2022 09:55:00	17,94	17,51	17,04	16,58	16,15	15,71	15,27	14,86	14,47	14,09	13,69	13,32	12,94	12,58	12,22	11,86	11,49	11,11	10,73	10,33	9,94	18,49
16/07/2022 10:00:00	18,06	17,61	17,16	16,71	16,23	15,84	15,46	15,05	14,59	14,09	13,70	13,33	12,95	12,57	12,20	11,81	11,42	11,01	10,61	10,19	9,76	18,98
16/07/2022 10:05:00	18,06	17,83	17,35	16,84	16,34	15,85	15,39	14,97	14,56	14,15	13,77	13,41	13,05	12,70	12,36	12,00	11,64	11,26	10,88	10,50	10,11	19,02
16/07/2022 10:10:00	18,37	17,88	17,33	16,79	16,34	15,92	15,50	15,04	14,59	14,15	13,78	13,41	13,05	12,69	12,34	11,96	11,58	11,18	10,78	10,37	9,96	18,36
16/07/2022 10:15:00	18,41	18,02	17,55	17,08	16,60	16,16	15,73	15,26	14,79	14,33	13,92	13,52	13,13	12,74	12,36	11,97	11,57	11,16	10,75	10,33	9,91	18,36
16/07/2022 10:20:00	18,40	18,02	17,54	17,07	16,68	16,22	15,77	15,37	14,92	14,45	14,00	13,57	13,14	12,74	12,34	11,94	11,54	11,13	10,71	10,28	9,85	19,32
16/07/2022 10:25:00	18,56	18,12	17,65	17,18	16,72	16,29	15,84	15,32	14,86	14,43	14,00	13,58	13,17	12,77	12,37	11,98	11,58	11,17	10,76	10,33	9,91	18,86
16/07/2022 10:30:00	18,45	18,00	17,46	16,94	16,47	16,06	15,67	15,23	14,77	14,31	13,88	13,47	13,06	12,68	12,29	11,91	11,52	11,11	10,71	10,28	9,86	18,59
16/07/2022 10:35:00	18,35	18,01	17,52	17,04	16,58	16,15	15,70	15,15	14,65	14,18	13,80	13,43	13,05	12,67	12,29	11,88	11,48	11,06	10,64	10,22	9,79	18,37
16/07/2022 10:40:00	18,34	18,00	17,51	17,00	16,50	16,04	15,58	15,10	14,62	14,14	13,68	13,25	12,82	12,41	12,01	11,61	11,21	10,81	10,40	9,98	9,56	18,36
16/07/2022 10:45:00	18,39	18,05	17,59	17,14	16,71	16,16	15,60	15,08	14,62	14,19	13,69	13,22	12,75	12,32	11,89	11,48	11,07	10,66	10,24	9,83	9,41	18,97
16/07/2022 10:50:00	18,39	17,98	17,49	16,99	16,52	16,03	15,57	15,16	14,67	14,14	13,78	13,43	13,08	12,72	12,35	11,96	11,57	11,16	10,76	10,34	9,92	18,47
16/07/2022 10:55:00	18,50	17,86	17,47	17,08	16,59	16,12	15,67	15,23	14,78	14,30	13,78	13,29	12,80	12,36	11,92	11,51	11,10	10,68	10,26	9,83	9,39	18,69
16/07/2022 11:00:00	18,44	17,94	17,47	17,00	16,53	16,11	15,70	15,28	14,84	14,37	13,87	13,41	12,94	12,52	12,10	11,70	11,31	10,89	10,48	10,04	9,61	18,44
16/07/2022 11:05:00	18,48	18,18	17,68	17,17	16,69	16,17	15,65	15,18	14,69	14,19	13,68	13,20	12,73	12,30	11,87	11,46	11,05	10,63	10,21	9,78	9,36	19,24
16/07/2022 11:10:00	18,61	18,21	17,67	17,11	16,54	16,05	15,58	15,08	14,63	14,22	13,74	13,31	12,87	12,48	12,08	11,70	11,33	10,94	10,54	10,14	9,74	19,64
16/07/2022 11:15:00	18,67	18,31	17,82	17,31	16,79	16,27	15,77	15,29	14,80	14,30	13,82	13,38	12,93	12,51	12,10	11,69	11,29	10,88	10,47	10,04	9,62	19,71
16/07/2022 11:20:00	18,77	18,35	17,84	17,31	16,77	16,25	15,75	15,29	14,81	14,32	13,80	13,32	12,85	12,42	11,99	11,59	11,19	10,78	10,37	9,94	9,52	19,20
16/07/2022 11:25:00	19,01	18,47	17,91	17,37	16,89	16,37	15,87	15,44	14,97	14,48	13,98	13,52	13,06	12,64	12,22	11,82	11,42	11,00	10,59	10,16	9,73	20,04
16/07/2022 11:30:00	18,88	18,48	17,95	17,39	16,79	16,28	15,79	15,28	14,83	14,42	13,91	13,46	13,01	12,60	12,20	11,82	11,44	11,05	10,66	10,25	9,85	19,21
16/07/2022 11:35:00	18,99	18,57	18,06	17,56	17,11	16,55	16,01	15,57	15,10	14,59	14,03	13,52	13,00	12,55	12,09	11,67	11,26	10,83	10,40	9,96	9,52	19,66
16/07/2022 11:40:00	18,97	18,73	18,27	17,73	17,09	16,50	15,95	15,41	14,87	14,32	13,82	13,36	12,90	12,47	12,04	11,63	11,21	10,79	10,38	9,96	9,54	19,37
16/07/2022 11:45:00	19,17	18,73	18,15	17,57	17,03	16,49	15,95	15,41	14,94	14,50	13,97	13,49	13,01	12,58	12,15	11,75	11,35	10,94	10,53	10,12	9,70	19,59
16/07/2022 11:50:00	19,21	18,79	18,32	17,85	17,37	16,80	16,24	15,71	15,17	14,60	14,05	13,54	13,02	12,55	12,07	11,63	11,18	10,73	10,28	9,83	9,37	20,42
16/07/2022 11:55:00	19,26	18,75	18,26	17,75	17,17	16,65	16,15	15,67	15,14	14,59	13,97	13,41	12,84	12,36	11,87	11,43	11,00	10,56	10,12	9,67	9,22	19,20
16/07/2022 12:00:00	19,27	18,89	18,30	17,68	17,09	16,50	15,93	15,39	14,82	14,24	13,74	13,28	12,82	12,39	11,96	11,54	11,11	10,69	10,26	9,83	9,40	19,95
16/07/2022 12:05:00	19,25	18,72	18,20	17,67	17,12	16,59	16,10	15,65	15,11	14,51	14,01	13,53	13,06	12,62	12,19	11,76	11,33	10,90	10,46	10,01	9,56	19,28
16/07/2022 12:10:00	19,21	18,75	18,24	17,70	17,18	16,60	16,03	15,51	14,98	14,45	13,95	13,48	13,01	12,57	12,14	11,72	11,29	10,87	10,44	10,01	9,58	19,69
16/07/2022 12:15:00	19,06	18,77	18,25	17,70	17,15	16,59	16,04	15,54	15,07	14,60	14,05	13,56	13,06	12,62	12,19	11,78	11,38	10,97	10,56	10,14	9,72	19,48
16/07/2022 12:20:00	18,46	18,04	17,48	16,92	16,44	15,91	15,41	14,96	14,46	13,93	13,58	13,23	12,89	12,53	12,17	11,78	11,39	10,99	10,59	10,18	9,78	18,10
16/07/2022 12:25:00	18,24	17,84	17,46	17,08	16,66	16,26	15,84	15,36	14,86	14,33	13,82	13,33	12,83	12,38	11,92	11,49	11,05	10,61	10,16	9,70	9,24	17,97
16/07/2022 12:30:00	18,10	17,84	17,36	16,86	16,38	15,96	15,50	14,91	14,39	13,90	13,45	13,00	12,56	12,14	11,72	11,30	10,88	10,46	10,03	9,60	9,17	17,87
16/07/2022 12:35:00	17,84	17,54	17,09	16,65	16,24	15,77	15,29	14,80	14,35	13,91	13,55	13,18	12,82	12,45	12,08	11,69	11,30	10,90	10,50	10,10	9,69	17,67
16/07/2022 12:40:00	17,63	17,32	16,94	16,56	16,19	15,88	15,56	15,23	14,91	14,61	14,03	13,53	13,03	12,60	12,18	11,82	11,45	11,06	10,67	10,25	9,83	17,41
16/07/2022 12:45:00	17,24	16,81	16,55	16,34	16,15	15,98	15,81	15,69	15,58	15,49	15,31	15,14	14,97	14,76	14,56	14,29	14,02	13,70	13,37	13,01	12,65	17,39
16/07/2022 12:50:00	16,52	16,53	16,29	16,06	15,91	15,80	15,63	15,33	15,02	14,71	14,57	14,38	14,19	13,93	13,67	13,32	12,98	12,59	12,21	11,79	11,38	16,09
16/07/2022 12:55:00	16,85	16,92	16,68	16,38	16,05	15,63	15,20	14,79	14,47	14,19	13,86	13,54	13,22	12,90	12,57	12,22	11,87	11,51	11,15	10,78	10,40	16,20
16/07/2022 13:00:00	17,07	16,88	16,55	16,21	15,91	15,64	15,35	15,02	14,78	14,58	14,31	14,05	13,79	13,52	13,25	12,94	12,62	12,28	11,93	11,56	11,20	15,94
16/07/2022 13:05:00	17,37	17,23	16,90	16,56	16,24	16,01	15,77	15,46	15,14	14,83	14,46	14,12	13,77	13,44	13,10	12,76	12,41	12,02	11,64	11,23	10,82	16,56
16/07/2022 13:10:00	17,47	17,43	17,14	16,81	16,45	16,05	15,66	15,29	14,92	14,56	14,19	13,84	13,49	13,14	12,79	12,42	12,06	11,67	11,29	10,89	10,49	16,47
16/07/2022 13:15:00	17,71	17,63	17,17	16,72	16,37	15,93	15,50	15,13	14,79	14,48	14,20	13,92	13,65	13,36	13,07	12,73	12,40	12,04	11,68	11,31	10,93	17,14
16/07/2022 13:20:00	17,98	17,64	17,37	17,05	16,62	16,21	15,84	15,52	15,13	14,69	14,26	13,85	13,44	13,05	12,66	12,28	11,90	11,50	11,10	10,69	10,27	17,87
16/07/2022 13:25:00	17,99	17,80	17,43	17,00	16,51	16,08	15,65	15,19	14,76	14,35	13,97	13,60	13,23	12,86	12,50	12,13	11,75	11,36	10,97	10,57	10,17	18,12
16/07/2022 13:30:00	18,06	17,87	17,52	17,14	16,75	16,37	15,98	15,56	15,11	14,63	14,15	13,69	13,22	12,80	12,37	11,96	11,55	11,12	10,69	10,24	9,79	17,84
16/07/2022 13:35:00	18,38	18,06	17,68	17,27	16,83	16,40	15,96	15,48	15,04	14,62	14,18	13,76	13,34	12,94	12,54	12,15	11,75	11,34	10,93	10,50	10,08	18,74
16/07/2022 13:40:00	18,48	18,12	17,78	17,44	17,04	16,62	16,19	15,76	15,32	14,86	14,38	13,92	13,46	13,03	12,60	12,18	11,77	11,34	10,91	10,47	10,02	19,12
16/07/2022 13:45:00	18,54	18,15	17,80	17,44	16,99	16,55	16,13	15,70	15,26	14,82	14,36	13,92	13,48	13,07	12,66	12,26	11,86	11,44	11,02	10,59	10,16	18,50
16/07/2022 13:50:00	18,72	18,35	17,93	17,49	17,02	16,52	16,05	15,68	15,26	14,79	14,41	14,05	13,69	13,33	12,97	12,59	12,21	11,82	11,42	11,02	10,61	19,04
16/07/2022 13:55:00	18,84	18,39	18,04	17,67	17,18	16,71	16,26	15,88	15,46	15,02	14,49	14,01	13,52	13,09	12,66	12,26	11,86	11,45	11,03	10,60	10,17	18,91
16/07/2022 14:00:00	18,97	18,67	18,28	17,83	17,28	16,76	16,29	15,88	15,42	14,94	14,52	14,13	13,74	13,36	12,99	12,60	12,21	11,81	11,41	11,00	10,59	19,47
16/07/2022 14:05:00	19,18	18,79	18,29	17,79	17,30	16,80	16,33	15,92	15,49	15,05	14,62	14,22	13,83	13,45	13,07	12,69	12,31	11,91	11,50	11,09	10,67	20,83
16/07/2022 14:10:00	19,20	18,87	18,43	17,95	17,42	16,92	16,45	16,01	15,58	15,17	14,70	14,27	13,83	13,44	13,05	12,66	12,28	11,88	11,48	11,06	10,65	19,22
16/07/2022 14:15:00	19,37	18,99	18,57	18,14	17,61	17,07	16,55	16,06	15,58	15,08	14,57	14,09	13,61	13,18	12,74	12,32	11,90	11,47	11,04	10,60	10,16	19,92
16/07/2022 14:20:00	19,45	19,01	18,51	18,00	17,50	16,98	16,51	16,15	15,69	15,15	14,68	14,24	13,80	13,39	12,98	12,58	12,18	11,76	11,34	10,90	10,46	19,77
16/07/2022 14:25:00	19,59	19,26	18,84	18,35	17,76	17,23	16,73	16,24	15,73	15,20	14,70	14,23	13,76	13,33	12,90	12,48	12,06	11,63	11,21	10,77	10,33	20,19
16/07/2022 14:30:00	19,70	19,40	18,98	18,48	17,89	17,22	16,58	16,09	15,59	15,08	14,55	14,07	13,58	13,15	12,71	12,29	11,88	11,46	11,05	10,63	10,21	20,04
16/07/2022 14:35:00	19,81	19,51	19,03	18,50	17,91	17,31	16,74	16,23	15,73	15,23	14,74	14,29	13,83	13,42	13,00	12,59	12,18	11,76	11,34	10,92	10,49	21,35
16/07/2022 14:40:00	19,93	19,61	19,16	18,68	18,16	17,58	17,03	16,58	16,07	15,52	14,99	14,50	14,01	13,56	13,11	12,68	12,25	11,80	11,36	10,91	10,46	20,39
16/07/2022 14:45:00	20,12	19,81	19,35	18,82	18,20	17,58	16,98	16,45	15,93	15,42	14,90	14,42	13,93	13,50	13,06	12,64	12,22	11,79	11,37	10,94	10,51	20,19
16/07/2022 14:50:00	20,16	19,79	19,34	18,88	18,38	17,75	17,13	16,66	16,15	15,60	15,04	14,51	13,99	13,52	13,04	12,60	12,16	11,72	11,27	10,81	10,36	20,54
16/07/2022 14:55:00	20,18	19,86	19,30	18,71	18,10	17,56	17,05	16,51	15,98	15,44	14,98	14,57	14,15	13,75	13,35	12,93	12,52	12,09	11,66	11,22	10,78	20,72
16/07/2022 15:00:00	20,31	19,79	19,29	18,79	18,26	17,70	17,15	16,67	16,19	15,71	15,19	14,71	14,22	13,79	13,35	12,93	12,51	12,08	11,65	11,20	10,76	20,19
16/07/2022 15:05:00	20,21	19,85	19,37	18,88	18,35	17,77	17,18	16,65	16,15	15,66	15,09	14,56	14,04	13,57	13,10	12,66	12,23	11,79	11,34	10,89	10,44	19,89
16/07/2022 15:10:00	20,19	19,87	19,37	18,82	18,20	17,62	17,06	16,52	16,00	15,49	14,97	14,49	14,02	13,59	13,15	12,73	12,31	11,89	11,46	11,02	10,59	20,01
16/07/2022 15:15:00	20,06	19,72	19,16	18,57	18,06	17,45	16,84	16,32	15,79	15,24	14,66	14,13	13,61	13,14	12,66	12,23	11,79	11,35	10,90	10,45	10,00	19,96
16/07/2022 15:20:00	19,95	19,59	19,15	18,63	18,00	17,37	16,79	16,28	15,78	15,29	14,71	14,18	13,64	13,18	12,72	12,30	11,89	11,46	11,04	10,61	10,18	19,82
16/07/2022 15:25:00	20,00	19,56	19,10	18,62	18,07	17,56	17,06	16,57	16,07	15,55	14,95	14,40	13,85	13,37	12,89	12,45	12,02	11,57	11,12	10,65	10,19	20,67
16/07/2022 15:30:00	20,03	19,62	19,11	18,60	18,08	17,57	17,08	16,56	16,05	15,55	15,02	14,52	14,03	13,58	13,13	12,70	12,27	11,83	11,38	10,93	10,47	20,53
16/07/2022 15:35:00	20,04	19,75	19,29	18,79	18,26	17,72	17,18	16,63	16,09	15,55	14,98	14,45	13,93	13,45	12,98	12,53	12,09	11,63	11,18	10,71	10,25	20,74
16/07/2022 15:40:00	20,12	19,68	19,26	18,77	18,17	17,57	17,01	16,50	16,00	15,48	14,93	14,42	13,91	13,46	13,01	12,58	12,15	11,72	11,29	10,85	10,41	20,47
16/07/2022 15:45:00	19,97	19,75	19,28	18,75	18,15	17,62	17,11	16,59	16,08	15,59	15,08	14,61	14,14	13,71	13,28	12,87	12,45	12,02	11,60	11,16	10,72	20,14
16/07/2022 15:50:00	20,00	19,71	19,23	18,74	18,30	17,76	17,22	16,74	16,27	15,80	15,24	14,72	14,20	13,74	13,28	12,85	12,43	11,98	11,54	11,08	10,62	20,46
16/07/2022 15:55:00	20,49	20,08	19,59	19,07	18,54	17,95	17,36	16,81	16,31	15,85	15,39	14,95	14,51	14,10	13,68	13,27	12,85	12,42	12,00	11,56	11,13	20,62
16/07/2022 16:00:00	20,44	20,13	19,71	19,24	18,68	18,16	17,64	17,10	16,57	16,03	15,56	15,12	14,68	14,25	13,83	13,39	12,96	12,51	12,06	11,60	11,14	20,87
16/07/2022 16:05:00	20,57	20,17	19,69	19,20	18,75	18,26	17,77	17,28	16,77	16,25	15,73	15,23	14,74	14,28	13,83	13,39	12,95	12,48	12,02	11,54	11,06	20,69
16/07/2022 16:10:00	20,54	20,18	19,77	19,34	18,80	18,34	17,88	17,33	16,82	16,34	15,82	15,33	14,83	14,38	13,93	13,49	13,06	12,60	12,14	11,67	11,20	20,66
16/07/2022 16:15:00	20,61	20,19	19,78	19,38	18,97	18,50	18,02	17,54	17,05	16,53	15,94	15,38	14,82	14,32	13,82	13,36	12,90	12,43	11,95	11,45	10,94	20,24
16/07/2022 16:20:00	20,54	20,22	19,88	19,48	18,95	18,42	17,91	17,39	16,89	16,41	15,78	15,20	14,61	14,10	13,60	13,15	12,70	12,24	11,77	11,30	10,82	20,76
16/07/2022 16:25:00	20,50	20,17	19,73	19,28	18,84	18,30	17,75	17,23	16,69	16,14	15,61	15,10	14,59	14,12	13,65	13,19	12,74	12,27	11,80	11,31	10,83	20,09
16/07/2022 16:30:00	18,89	18,57	18,11	17,59	17,03	16,41	15,83	15,34	14,85	14,35	13,79	13,29	12,78	12,33	11,89	11,48	11,06	10,65	10,24	9,83	9,41	19,66
16/07/2022 16:35:00	18,15	17,80	17,46	17,16	16,91	16,53	16,09	15,62	15,19	14,78	14,35	13,93	13,50	13,09	12,68	12,25	11,83	11,40	10,96	10,51	10,06	17,62
16/07/2022 16:40:00	17,89	17,81	17,76	17,63	17,34	16,99	16,61	16,20	15,77	15,30	14,84	14,38	13,91	13,47	13,03	12,59	12,15	11,70	11,25	10,79	10,32	17,48
16/07/2022 16:45:00	17,67	17,43	17,28	17,15	17,01	16,77	16,48	16,15	15,79	15,39	14,96	14,52	14,09	13,67	13,26	12,84	12,42	11,97	11,52	11,05	10,57	17,35
16/07/2022 16:50:00	17,52	17,35	17,23	17,06	16,76	16,41	16,06	15,72	15,39	15,05	14,64	14,25	13,86	13,48	13,10	12,72	12,34	11,94	11,53	11,11	10,69	17,04
16/07/2022 16:55:00	17,35	17,34	17,07	16,78	16,50	16,20	15,88	15,54	15,19	14,85	14,53	14,21	13,89	13,56	13,23	12,86	12,49	12,10	11,71	11,29	10,88	17,19
16/07/2022 17:00:00	17,30	17,12	17,08	17,00	16,76	16,47	16,17	15,89	15,53	15,13	14,62	14,14	13,65	13,21	12,77	12,36	11,94	11,51	11,08	10,62	10,16	16,79
16/07/2022 17:05:00	16,82	16,81	16,62	16,39	16,11	15,82	15,52	15,22	14,89	14,54	14,19	13,84	13,50	13,15	12,81	12,44	12,08	11,69	11,30	10,89	10,48	16,59
16/07/2022 17:10:00	16,82	16,74	16,57	16,36	16,06	15,83	15,56	15,19	14,87	14,57	14,23	13,89	13,55	13,20	12,86	12,50	12,14	11,75	11,36	10,95	10,54	16,57
16/07/2022 17:15:00	16,75	16,69	16,63	16,51	16,23	15,97	15,73	15,53	15,26	14,96	14,55	14,16	13,78	13,42	13,06	12,71	12,36	11,98	11,59	11,19	10,78	16,74
16/07/2022 17:20:00	16,97	16,64	16,55	16,46	16,30	16,01	15,70	15,43	15,14	14,83	14,47	14,10	13,73	13,37	13,01	12,63	12,25	11,85	11,45	11,02	10,60	16,99
16/07/2022 17:25:00	16,99	16,64	16,48	16,37	16,30	16,11	15,90	15,74	15,49	15,20	14,91	14,60	14,30	13,98	13,66	13,30	12,95	12,55	12,15	11,72	11,28	17,29
16/07/2022 17:30:00	16,88	16,63	16,43	16,25	16,07	15,86	15,63	15,42	15,13	14,80	14,63	14,40	14,18	13,91	13,65	13,30	12,96	12,58	12,20	11,80	11,39	16,92
16/07/2022 17:35:00	16,96	16,75	16,73	16,66	16,45	16,24	15,99	15,72	15,39	15,04	14,83	14,56	14,29	13,99	13,68	13,30	12,93	12,53	12,13	11,71	11,29	16,97
16/07/2022 17:40:00	16,94	16,75	16,64	16,59	16,60	16,49	16,31	16,05	15,82	15,59	15,31	15,00	14,69	14,36	14,04	13,67	13,30	12,89	12,48	12,03	11,59	17,37
16/07/2022 17:45:00	17,22	17,16	17,19	17,21	17,15	17,06	16,89	16,63	16,41	16,20	15,89	15,56	15,23	14,89	14,55	14,18	13,81	13,40	12,99	12,54	12,09	17,24
16/07/2022 17:50:00	17,38	17,49	17,58	17,60	17,52	17,37	17,14	16,85	16,52	16,16	15,87	15,54	15,21	14,85	14,50	14,09	13,67	13,23	12,79	12,33	11,86	17,42
16/07/2022 17:55:00	17,48	17,60	17,68	17,67	17,51	17,33	17,11	16,87	16,62	16,36	15,88	15,43	14,98	14,58	14,17	13,79	13,40	12,98	12,56	12,11	11,65	17,61
16/07/2022 18:00:00	17,50	17,47	17,57	17,63	17,54	17,32	17,05	16,78	16,51	16,24	15,89	15,53	15,16	14,79	14,42	14,03	13,64	13,21	12,79	12,34	11,89	17,27
16/07/2022 18:05:00	17,55	17,70	17,85	17,95	17,89	17,73	17,52	17,34	17,02	16,62	16,20	15,77	15,35	14,93	14,51	14,09	13,66	13,20	12,74	12,24	11,75	17,98
16/07/2022 18:10:00	17,65	17,65	17,66	17,65	17,52	17,37	17,17	16,92	16,64	16,34	15,92	15,52	15,11	14,72	14,33	13,93	13,54	13,10	12,67	12,20	11,73	17,76
16/07/2022 18:15:00	17,58	17,31	17,29	17,27	17,16	17,03	16,85	16,60	16,34	16,07	15,67	15,27	14,87	14,48	14,10	13,71	13,32	12,90	12,47	12,00	11,54	17,49
16/07/2022 18:20:00	17,67	17,63	17,66	17,61	17,43	17,24	17,01	16,72	16,39	16,03	15,67	15,30	14,93	14,55	14,18	13,77	13,37	12,94	12,51	12,05	11,59	17,58
16/07/2022 18:25:00	17,74	17,41	17,34	17,31	17,25	17,07	16,83	16,57	16,28	15,96	15,53	15,09	14,66	14,25	13,83	13,43	13,02	12,57	12,13	11,65	11,17	18,30
16/07/2022 18:30:00	17,79	17,44	17,28	17,20	17,18	17,06	16,85	16,56	16,25	15,91	15,47	15,02	14,58	14,15	13,73	13,31	12,90	12,44	11,98	11,48	10,99	18,40
16/07/2022 18:35:00	18,03	17,74	17,50	17,34	17,25	17,09	16,89	16,65	16,34	15,98	15,56	15,14	14,73	14,33	13,94	13,54	13,14	12,69	12,25	11,76	11,28	19,24
16/07/2022 18:40:00	18,36	18,14	17,93	17,73	17,54	17,34	17,08	16,76	16,43	16,10	15,62	15,16	14,70	14,28	13,86	13,46	13,06	12,62	12,18	11,70	11,23	19,41
16/07/2022 18:45:00	18,81	18,54	18,27	17,99	17,68	17,36	17,02	16,65	16,28	15,90	15,55	15,19	14,83	14,47	14,11	13,72	13,33	12,91	12,49	12,04	11,60	20,54
16/07/2022 18:50:00	19,00	18,89	18,61	18,31	17,94	17,49	17,05	16,68	16,28	15,86	15,40	14,96	14,53	14,12	13,71	13,31	12,90	12,48	12,05	11,61	11,17	21,49
16/07/2022 18:55:00	19,23	19,07	18,77	18,44	18,02	17,64	17,25	16,80	16,35	15,91	15,47	15,04	14,61	14,20	13,79	13,38	12,96	12,52	12,08	11,63	11,17	21,10
16/07/2022 19:00:00	19,28	19,07	18,79	18,47	18,05	17,60	17,15	16,71	16,27	15,81	15,36	14,93	14,49	14,08	13,67	13,25	12,83	12,39	11,96	11,51	11,06	21,91
16/07/2022 19:05:00	19,39	19,15	18,78	18,37	17,90	17,42	16,96	16,50	16,07	15,67	15,25	14,85	14,46	14,08	13,69	13,30	12,91	12,50	12,09	11,67	11,24	21,56
16/07/2022 19:10:00	19,38	19,22	18,80	18,34	17,87	17,40	16,93	16,45	15,95	15,43	15,00	14,59	14,18	13,77	13,37	12,95	12,53	12,10	11,66	11,21	10,76	20,49
16/07/2022 19:15:00	19,29	19,10	18,73	18,31	17,80	17,39	16,97	16,46	16,02	15,65	15,14	14,67	14,20	13,78	13,36	12,95	12,55	12,13	11,71	11,28	10,84	20,14
16/07/2022 19:20:00	19,26	19,07	18,69	18,29	17,90	17,43	16,98	16,59	16,15	15,66	15,14	14,65	14,16	13,72	13,28	12,86	12,44	12,00	11,56	11,10	10,65	20,23
16/07/2022 19:25:00	19,30	19,07	18,70	18,31	17,90	17,45	16,98	16,53	16,05	15,54	15,05	14,58	14,11	13,68	13,24	12,81	12,37	11,93	11,48	11,01	10,55	19,61
16/07/2022 19:30:00	19,35	19,14	18,77	18,36	17,89	17,47	17,02	16,48	16,01	15,59	15,09	14,62	14,15	13,72	13,28	12,86	12,44	12,00	11,57	11,12	10,66	19,79
16/07/2022 19:35:00	19,57	19,42	19,03	18,58	18,03	17,52	17,02	16,49	15,98	15,50	14,93	14,41	13,88	13,42	12,95	12,52	12,09	11,65	11,21	10,76	10,31	19,80
16/07/2022 19:40:00	19,74	19,52	19,04	18,52	17,95	17,33	16,74	16,22	15,71	15,21	14,64	14,12	13,61	13,15	12,69	12,27	11,84	11,41	10,98	10,55	10,11	19,67
16/07/2022 19:45:00	19,72	19,34	18,83	18,34	17,88	17,40	16,91	16,44	15,92	15,36	14,85	14,37	13,89	13,45	13,00	12,56	12,13	11,67	11,22	10,75	10,28	19,62
16/07/2022 19:50:00	19,75	19,49	19,00	18,47	17,86	17,24	16,65	16,11	15,57	15,02	14,36	13,76	13,16	12,64	12,13	11,69	11,24	10,80	10,35	9,90	9,44	19,56
16/07/2022 19:55:00	19,37	18,94	18,36	17,78	17,20	16,56	15,94	15,44	14,97	14,52	14,01	13,54	13,07	12,65	12,23	11,84	11,45	11,05	10,65	10,25	9,85	19,01
16/07/2022 20:00:00	19,06	18,43	18,01	17,64	17,28	16,84	16,39	15,98	15,51	14,98	14,52	14,06	13,60	13,17	12,73	12,30	11,87	11,43	10,98	10,52	10,05	18,97
16/07/2022 20:05:00	18,56	17,99	17,68	17,34	16,86	16,43	16,02	15,65	15,20	14,70	14,34	13,97	13,60	13,23	12,86	12,46	12,06	11,65	11,24	10,82	10,39	18,42
16/07/2022 20:10:00	18,33	17,96	17,58	17,18	16,76	16,34	15,91	15,45	15,03	14,65	14,27	13,89	13,51	13,15	12,78	12,40	12,01	11,61	11,22	10,80	10,39	18,17
16/07/2022 20:15:00	18,35	17,88	17,51	17,11	16,62	16,19	15,78	15,34	14,93	14,52	14,20	13,88	13,56	13,23	12,89	12,52	12,15	11,76	11,38	10,98	10,58	17,98
16/07/2022 20:20:00	18,36	17,85	17,47	17,12	16,79	16,46	16,11	15,72	15,31	14,88	14,40	13,94	13,48	13,06	12,64	12,23	11,83	11,39	10,96	10,51	10,05	17,86
16/07/2022 20:25:00	17,98	17,46	17,11	16,79	16,45	16,12	15,76	15,37	15,01	14,66	14,22	13,81	13,39	13,00	12,61	12,23	11,85	11,44	11,04	10,61	10,19	17,93
16/07/2022 20:30:00	17,92	17,56	17,12	16,73	16,45	16,12	15,79	15,45	15,08	14,70	14,27	13,87	13,46	13,08	12,70	12,32	11,95	11,54	11,13	10,69	10,26	17,92
16/07/2022 20:35:00	17,76	17,54	17,13	16,74	16,39	16,04	15,68	15,31	14,93	14,55	14,18	13,82	13,46	13,11	12,75	12,38	12,01	11,62	11,22	10,80	10,39	17,77
16/07/2022 20:40:00	17,69	17,29	16,92	16,61	16,37	16,09	15,79	15,43	15,08	14,71	14,28	13,86	13,44	13,05	12,66	12,27	11,89	11,47	11,06	10,61	10,17	17,70
16/07/2022 20:45:00	17,59	17,24	16,95	16,62	16,23	15,87	15,51	15,11	14,71	14,31	13,92	13,54	13,15	12,78	12,41	12,03	11,64	11,24	10,85	10,43	10,02	17,61
16/07/2022 20:50:00	17,47	17,11	16,77	16,46	16,13	15,77	15,40	15,01	14,61	14,19	13,86	13,51	13,17	12,81	12,46	12,07	11,68	11,28	10,88	10,46	10,04	17,50
16/07/2022 20:55:00	17,47	16,98	16,67	16,39	16,15	15,89	15,62	15,32	14,98	14,60	14,19	13,80	13,40	13,02	12,64	12,26	11,88	11,47	11,06	10,62	10,19	17,43
16/07/2022 21:00:00	17,37	16,97	16,66	16,40	16,18	15,93	15,62	15,24	14,93	14,64	14,22	13,82	13,42	13,04	12,66	12,29	11,91	11,51	11,10	10,67	10,24	17,36
16/07/2022 21:05:00	17,24	16,81	16,58	16,39	16,23	16,00	15,74	15,48	15,16	14,82	14,45	14,07	13,70	13,33	12,96	12,59	12,21	11,79	11,38	10,94	10,50	17,19
16/07/2022 21:10:00	17,04	16,87	16,73	16,57	16,31	16,06	15,77	15,43	15,08	14,72	14,33	13,94	13,55	13,17	12,79	12,40	12,01	11,60	11,19	10,75	10,32	17,02
16/07/2022 21:15:00	16,86	16,85	16,74	16,60	16,42	16,17	15,85	15,47	15,11	14,75	14,35	13,94	13,53	13,13	12,73	12,33	11,92	11,50	11,08	10,63	10,19	16,89
16/07/2022 21:20:00	16,84	16,90	16,82	16,67	16,41	16,15	15,87	15,56	15,19	14,79	14,39	13,99	13,60	13,21	12,82	12,43	12,03	11,62	11,20	10,76	10,33	16,84
16/07/2022 21:25:00	16,80	16,80	16,84	16,81	16,62	16,43	16,20	15,92	15,54	15,09	14,62	14,16	13,69	13,25	12,82	12,39	11,96	11,51	11,06	10,58	10,11	16,70
16/07/2022 21:30:00	16,56	16,70	16,70	16,60	16,34	16,08	15,79	15,47	15,09	14,68	14,25	13,82	13,39	12,99	12,58	12,18	11,77	11,35	10,93	10,49	10,05	16,64
16/07/2022 21:35:00	16,63	16,83	16,86	16,79	16,58	16,31	15,98	15,60	15,22	14,83	14,35	13,88	13,41	12,98	12,54	12,12	11,69	11,26	10,82	10,37	9,92	16,59
16/07/2022 21:40:00	16,46	16,55	16,71	16,77	16,59	16,35	16,08	15,77	15,36	14,89	14,45	14,00	13,54	13,10	12,66	12,21	11,77	11,32	10,86	10,39	9,92	16,48
16/07/2022 21:45:00	16,39	16,47	16,60	16,67	16,59	16,36	16,10	15,88	15,51	15,07	14,62	14,16	13,70	13,27	12,83	12,40	11,96	11,51	11,07	10,59	10,12	16,43
16/07/2022 21:50:00	16,32	16,60	16,77	16,84	16,71	16,50	16,22	15,87	15,49	15,08	14,64	14,19	13,73	13,29	12,85	12,41	11,97	11,52	11,07	10,60	10,13	16,39
16/07/2022 21:55:00	16,24	16,26	16,51	16,68	16,63	16,47	16,26	16,03	15,72	15,35	14,93	14,49	14,05	13,62	13,20	12,77	12,34	11,89	11,45	10,97	10,50	16,30
16/07/2022 22:00:00	16,17	16,09	16,26	16,40	16,37	16,23	16,05	15,88	15,58	15,20	14,84	14,44	14,05	13,66	13,27	12,85	12,44	12,01	11,57	11,10	10,63	16,22
16/07/2022 22:05:00	16,11	16,18	16,39	16,57	16,61	16,52	16,33	16,06	15,77	15,44	14,98	14,52	14,05	13,61	13,16	12,73	12,29	11,83	11,38	10,89	10,40	16,07
16/07/2022 22:10:00	16,03	16,01	16,23	16,43	16,44	16,40	16,25	15,99	15,76	15,49	15,06	14,62	14,18	13,76	13,35	12,93	12,52	12,08	11,64	11,17	10,69	16,01
16/07/2022 22:15:00	15,98	16,12	16,39	16,55	16,43	16,30	16,13	15,91	15,65	15,33	14,85	14,38	13,92	13,49	13,06	12,66	12,25	11,82	11,40	10,94	10,48	15,96
16/07/2022 22:20:00	15,85	16,11	16,37	16,55	16,56	16,35	16,12	15,94	15,59	15,16	14,75	14,32	13,88	13,45	13,02	12,59	12,15	11,70	11,24	10,76	10,29	15,94
16/07/2022 22:25:00	15,84	16,06	16,22	16,35	16,36	16,21	16,01	15,78	15,45	15,09	14,79	14,44	14,09	13,72	13,35	12,94	12,52	12,09	11,65	11,18	10,72	15,85
16/07/2022 22:30:00	15,88	16,07	16,31	16,47	16,43	16,25	16,01	15,73	15,39	15,00	14,62	14,21	13,79	13,38	12,96	12,53	12,09	11,65	11,20	10,73	10,26	15,78
16/07/2022 22:35:00	15,77	15,77	16,01	16,23	16,31	16,24	16,11	15,96	15,68	15,34	14,95	14,54	14,12	13,71	13,30	12,89	12,47	12,02	11,57	11,09	10,61	15,80
16/07/2022 22:40:00	15,66	15,78	16,04	16,25	16,31	16,27	16,12	15,88	15,61	15,29	14,88	14,45	14,01	13,59	13,17	12,75	12,33	11,88	11,43	10,95	10,47	15,67
16/07/2022 22:45:00	15,68	15,99	16,32	16,52	16,42	16,26	16,04	15,80	15,49	15,13	14,71	14,27	13,83	13,41	12,99	12,56	12,14	11,71	11,27	10,82	10,36	15,67
16/07/2022 22:50:00	15,57	16,15	16,45	16,62	16,58	16,38	16,12	15,82	15,49	15,11	14,65	14,19	13,72	13,28	12,83	12,39	11,96	11,51	11,06	10,60	10,13	15,62
16/07/2022 22:55:00	15,75	16,38	16,66	16,78	16,70	16,48	16,16	15,78	15,41	15,01	14,51	14,00	13,50	13,03	12,56	12,10	11,65	11,19	10,73	10,26	9,79	15,59
16/07/2022 23:00:00	15,65	16,43	16,64	16,70	16,57	16,37	16,07	15,68	15,26	14,83	14,41	13,97	13,53	13,10	12,67	12,22	11,77	11,32	10,87	10,40	9,93	15,71
16/07/2022 23:05:00	15,72	16,58	16,74	16,71	16,50	16,17	15,78	15,34	14,90	14,46	14,07	13,66	13,26	12,84	12,43	11,99	11,55	11,12	10,69	10,25	9,81	15,64
16/07/2022 23:10:00	15,85	16,42	16,47	16,43	16,31	16,07	15,79	15,48	15,07	14,63	14,22	13,81	13,40	12,99	12,58	12,15	11,73	11,29	10,85	10,39	9,93	15,67
16/07/2022 23:15:00	15,56	16,17	16,37	16,43	16,31	16,05	15,75	15,47	15,13	14,74	14,31	13,88	13,46	13,05	12,63	12,22	11,80	11,38	10,96	10,52	10,08	15,68
16/07/2022 23:20:00	15,58	16,14	16,48	16,67	16,63	16,47	16,21	15,85	15,50	15,13	14,69	14,23	13,77	13,32	12,88	12,43	11,98	11,53	11,07	10,60	10,13	15,54
16/07/2022 23:25:00	15,37	15,81	16,11	16,36	16,49	16,40	16,21	15,97	15,68	15,34	14,97	14,56	14,16	13,74	13,33	12,90	12,46	12,01	11,55	11,07	10,58	15,40
16/07/2022 23:30:00	15,24	15,62	15,85	16,02	16,08	15,97	15,80	15,59	15,33	15,04	14,71	14,35	13,99	13,63	13,26	12,86	12,46	12,04	11,62	11,17	10,72	15,33
16/07/2022 23:35:00	15,30	15,50	15,74	15,91	15,91	15,88	15,76	15,55	15,32	15,05	14,62	14,19	13,76	13,36	12,95	12,56	12,16	11,74	11,32	10,86	10,41	15,23
16/07/2022 23:40:00	15,38	15,68	15,86	16,00	16,02	15,91	15,74	15,53	15,25	14,93	14,53	14,13	13,73	13,33	12,93	12,53	12,12	11,69	11,26	10,80	10,34	15,17
16/07/2022 23:45:00	15,36	15,93	16,11	16,16	16,02	15,86	15,64	15,35	15,03	14,70	14,32	13,93	13,55	13,17	12,79	12,39	11,99	11,58	11,16	10,73	10,30	15,35
16/07/2022 23:50:00	15,41	15,78	15,91	15,99	16,00	15,92	15,74	15,43	15,14	14,84	14,46	14,06	13,66	13,27	12,87	12,47	12,06	11,63	11,20	10,74	10,28	15,44
16/07/2022 23:55:00	15,22	15,66	15,93	16,11	16,10	16,06	15,93	15,70	15,46	15,18	14,75	14,32	13,89	13,48	13,08	12,68	12,28	11,85	11,42	10,96	10,50	15,34
